-504	2
12018	2
4544	2
13248	2
-11197	10
-9375	12
17794	7
-9012	2
456	10
-5766	2
-114	2
17641	9
-3176	2
-54	7
-3186	2
2797	10
-3842	2
-253	2
7593	7
-4381	10
-4112	12
22775	8
-4048	2
2556	2
9733	7
-13949	10
-11526	10
40711	8
-20152	11
-3997	10
-1213	7
5326	2
-7276	10
4785	7
114	10
12963	10
-4786	2
-5038	2
4859	9
-7300	10
875	9
27853	8
3342	4
4558	2
-7408	10
-5584	2
-3065	7
7794	7
2455	10
-2857	7
-2597	2
-8857	2
-3854	4
-1558	2
-5562	10
1225	2
21201	9
13413	1
13283	7
23459	7
2779	10
8417	9
2555	10
-1574	10
12951	1
5228	10
2602	10
-12882	2
-4837	6
-3748	10
-9811	2
-1601	12
-5393	10
-1027	7
585	2
-9251	10
-8075	10
7010	7
-7822	3
5403	7
3134	10
-7565	10
-19782	11
-13524	10
9630	2
39860	8
-8302	12
4026	10
-7901	2
-8993	2
-12483	2
-1878	10
-3836	7
-3735	2
6779	7
5067	2
6340	10
-648	10
-4509	2
-8543	2
6125	2
4882	7
-2040	7
-11639	10
9504	1
-4507	2
-1855	2
7167	9
-3503	10
7146	9
1110	2
-1752	9
3181	7
998	10
1913	7
-5467	9
13456	1
18361	7
9977	2
-6009	10
-16539	10
-5031	10
-2276	7
-4677	2
5972	1
-8918	10
14184	1
-7670	2
9696	3
-11102	2
2195	10
-3416	12
-11745	10
-5764	10
9422	10
20207	8
1268	10
-8529	10
-10569	10
4605	7
3305	7
-233	2
1361	7
4666	7
-10213	10
451	2
-7418	9
1897	10
13406	7
4043	12
-10947	10
7796	7
3256	9
-824	2
-13158	2
10526	7
-4716	2
8134	2
703	10
-881	2
-12027	10
-1017	9
-6132	2
-3961	3
4496	10
-61	7
-628	2
-2270	7
-9214	12
-5079	10
126	2
-3544	10
28137	8
2679	7
8092	10
1535	10
1807	9
-14300	12
15573	1
-6503	9
-12718	2
-8562	2
-10286	10
-3445	2
13379	7
9636	7
12594	9
15977	1
-2172	9
39287	8
-6529	2
22709	9
-7911	2
243	9
-326	12
-3230	10
-1309	2
-11661	2
4368	1
-9298	9
-9825	12
-2748	4
17485	7
-7866	10
6093	9
1788	2
3364	2
3648	9
-8036	10
25055	1
17027	1
16647	7
-5889	2
-14480	3
7532	2
30344	1
-8113	10
4229	10
-3836	10
17627	1
1664	10
-4309	10
-5158	9
-3188	2
-10847	10
15128	1
5027	7
6279	2
5626	9
-5389	10
10279	7
30422	8
-6443	2
4660	7
-9717	2
-4306	10
-7871	2
-11574	10
13350	7
-14132	10
18636	1
-4918	2
-958	10
19376	8
-2946	10
-10142	10
-3282	10
-2712	7
-4491	10
21584	1
11196	7
4265	10
-5751	2
21902	8
-9185	2
21166	8
-2104	5
-3117	10
-3849	10
1702	10
-10112	12
15968	10
-794	4
25141	8
-12966	3
-6286	10
-3717	10
-457	7
3248	2
14674	1
7490	2
13487	10
-2326	2
3884	7
380	2
25821	8
-5564	10
9160	2
7059	10
-8497	10
4754	7
-5934	10
-5051	2
1570	9
5601	10
-11103	2
-15796	4
-10797	10
4068	10
9559	2
16881	1
3579	9
-3314	10
-8327	2
-2887	3
-7532	5
-10879	2
3779	10
-6196	7
-16453	12
-9241	10
8432	7
-5198	2
3691	7
204	2
2475	10
-1586	10
-7458	12
3423	7
4205	7
6001	7
2631	9
-2499	10
-7632	10
3795	7
13766	10
-4965	7
10464	7
5544	2
-3760	10
-10771	12
4695	7
-3070	9
-9332	2
-5260	10
-2673	10
10490	10
-3586	10
-979	10
-4962	2
-16443	10
-1930	12
1888	2
3926	10
-2800	9
22269	7
-2314	10
-633	10
-3162	9
-3906	10
3224	7
-4929	10
9260	1
692	7
5826	7
-14247	10
-5057	9
-8381	10
-7882	10
-3376	2
10036	10
15645	10
-950	3
1171	7
-8696	2
-11828	6
-1544	10
3689	7
-526	7
405	7
-3781	2
-5079	10
-1344	7
-7118	9
-5395	10
-7268	10
9616	5
5468	9
4043	2
-7163	9
-13777	2
9276	10
30051	8
1183	7
2355	7
-1656	10
-6996	10
-8436	9
13400	1
5497	7
-5743	9
114	10
20162	8
14768	1
-10221	2
2125	10
-8243	2
-3725	12
-6754	11
-14607	10
235	7
-3638	7
-6469	2
1850	10
7796	7
-4240	2
-8196	2
-5376	6
1418	2
11058	10
-13976	10
29088	8
-13769	12
-13098	10
22249	8
7622	1
-7996	9
8730	9
620	2
-10826	10
9754	7
-5367	10
7182	10
-361	10
21631	2
-5849	2
1655	7
-4949	2
435	10
25533	1
-2342	10
-4098	9
-1951	7
1081	7
-13682	10
-7420	10
-3212	12
-5089	10
-3191	7
-466	9
-12982	10
-10252	2
6467	10
25665	8
-7172	9
-12496	12
-11627	10
7019	7
-10874	12
-9506	12
-6422	10
1115	2
-4746	10
314	9
9315	7
-8077	10
-2862	10
17746	1
6806	7
-1280	7
9760	10
-8055	10
-1244	10
-8101	9
2537	12
797	2
-18107	6
-4147	7
-8284	2
-1238	10
-1141	10
1031	9
1100	10
-7268	7
-3285	2
11181	7
-8390	2
-12113	10
8553	2
-4614	9
-9767	10
-12684	10
10503	7
4861	10
-12914	10
-11442	2
10708	7
-5085	12
-7335	2
-12744	10
4457	7
-10541	10
-10807	10
4404	10
-7379	2
-2766	7
-5885	2
-7506	10
-5652	10
7280	1
-5059	12
-5944	10
-14395	4
-5119	7
-10828	10
-10378	10
-8471	10
-12714	2
-5092	10
-11657	10
-448	7
-9726	2
-12077	3
7692	9
-11234	2
4342	7
32544	8
24778	8
-3333	10
-5856	10
1191	10
-9351	10
18145	1
675	7
17654	1
-12209	10
14006	9
-8042	10
-9206	10
-4911	5
5099	7
-3321	12
-1224	9
105	2
-6810	10
-5730	10
-10528	2
6131	10
1239	2
-10730	4
3292	7
-13198	12
-2382	9
-1959	7
3139	2
-434	2
1171	7
7428	12
-5119	10
-3086	10
-2164	7
-7169	10
-1288	9
10195	7
-8315	2
-5509	2
-9141	2
2771	3
-13409	10
-11230	2
-2544	3
7207	7
6229	2
-61	7
16009	9
1686	2
-13137	3
-15887	10
-5582	2
5241	2
-2294	7
-6616	12
-12426	2
16418	1
-1299	10
11399	7
17485	7
637	9
-9592	2
32664	8
-12047	10
-12731	4
-910	10
9512	10
25676	1
-6013	10
-6057	10
-4374	2
-13383	12
13762	1
-3682	9
-6543	2
-9355	10
3191	7
-6432	10
5069	2
-3290	2
-4175	10
10148	7
-5113	2
10787	1
-6772	2
-7290	10
-7321	12
-3065	7
-7387	10
-5895	10
-10621	2
15611	1
8489	7
-9860	10
-4068	2
-14883	10
-6051	9
39443	1
-10893	2
3512	7
19166	8
4988	7
6363	2
-9642	2
981	2
-8598	12
-6054	10
-3711	2
-6820	10
14347	7
-7507	2
6708	2
-9887	10
-1787	10
-9219	12
1076	7
17120	8
-1026	7
-2260	5
10847	7
9744	1
12679	7
8187	10
27100	8
-7827	10
2789	9
-6432	10
-11141	10
-4610	10
18271	1
-2044	7
-2711	10
9050	7
-9719	2
-10877	10
-7157	10
-423	12
-1538	3
132	10
27646	8
515	10
-7934	10
-9018	10
10132	10
-10671	11
10678	7
-11422	10
-4996	7
6023	10
-10193	4
-1474	2
6776	7
-8622	10
37787	8
-9562	10
-6072	10
-8818	9
-4424	10
9167	1
14620	2
-6931	12
-2134	2
-14740	2
-14536	4
4396	10
-4826	10
9140	1
13530	7
-3642	5
14772	7
8974	7
3482	9
16635	1
942	10
-4363	2
1496	10
4555	9
10326	7
6412	2
17194	7
-11378	10
22492	7
-6422	12
1341	7
4611	10
-4147	5
5215	7
12027	10
-8098	5
-9204	10
-2910	9
-15165	10
-9523	10
-4940	2
16030	7
2634	7
21777	8
-4355	12
-2330	7
-5619	10
29259	8
12613	1
-13789	12
-4822	3
824	7
-11169	10
166	10
7083	9
-6903	2
-8991	10
13133	12
-250	12
-2206	7
96	2
-12395	10
342	9
32386	8
-2535	10
14916	7
-3771	2
-3405	10
-6882	7
550	2
-10185	10
4835	10
-6924	10
500	7
-8414	11
12893	2
7048	7
101	10
-959	9
3801	7
7465	2
-2482	2
11351	7
-3990	2
-7311	10
-628	10
11296	1
2704	2
-11405	2
-4727	10
3441	9
-5809	10
19569	10
-12543	10
7866	1
25166	8
13835	7
-4065	10
11589	10
-1700	2
-2207	10
-9519	2
-14946	3
12008	10
-14899	2
22826	1
-238	7
13713	1
-10894	12
-15523	10
-9321	10
4185	2
-13111	10
-17033	4
5792	7
-8299	4
-9095	10
-11387	2
666	10
-1104	2
-4798	10
8186	10
-711	2
22688	12
-9239	10
7409	7
22100	1
1487	10
3559	12
431	7
1728	10
-7288	10
7862	4
-4991	10
6405	2
18441	1
-2041	10
-2353	12
3156	7
-8346	2
1725	7
13153	1
-1446	10
-3743	2
-3678	12
3757	7
16392	1
9767	7
12380	10
-13165	5
-12501	10
2198	9
-9915	10
-5742	10
5371	9
11624	2
-9869	12
-13733	10
-12160	10
-11121	10
7284	7
-3365	10
-6345	10
7636	7
-2539	2
1114	2
-15469	2
-2160	10
-7744	10
-10065	10
-3095	10
-6628	2
-3299	2
8753	2
14315	7
19332	8
-9966	10
4995	10
-4885	10
-5877	10
-5397	2
7425	2
-1207	9
256	10
742	9
2536	2
-6199	2
3447	10
-1404	2
-6176	10
-9215	10
25404	1
6377	2
3594	10
11871	9
593	7
5753	2
-8504	2
945	2
8570	10
-20081	4
-7462	10
2340	2
-7083	2
-6633	10
-7495	2
9545	1
15449	2
13919	2
-8516	10
9233	7
-7507	10
-4982	2
11872	7
-3010	7
-3313	10
-8768	9
-6589	12
1115	7
13363	1
-1130	2
-2703	9
2357	9
-1132	2
4780	7
-1643	2
-2902	4
14679	10
-1301	10
-5876	10
-6067	10
-8880	10
-856	2
-3607	7
3053	10
-19916	11
-3114	10
-8109	10
-6774	10
21738	1
-2900	2
4902	10
-1604	7
-6209	2
29851	8
-3742	10
4213	7
-752	7
3940	2
24540	1
30825	1
5007	10
6709	10
-8928	2
-2033	10
3375	10
-14080	4
-4231	10
-7871	9
17003	7
-9511	3
-7035	2
-1588	10
-13396	10
-9704	2
-13189	10
8417	7
-8734	10
19479	7
7404	2
-2368	9
-10340	10
15457	1
-6479	10
7936	7
14217	10
14182	7
-14712	10
20962	8
-10606	6
799	7
5613	7
14466	7
1413	10
-8621	10
5163	12
-5677	10
6396	7
3292	2
-3003	10
-1645	2
5875	12
3417	7
-9507	2
-8840	10
12822	7
34581	8
7442	2
7677	10
-15493	10
-10392	2
-7453	12
-4379	10
29226	1
-8031	2
-17823	4
3435	7
-1270	10
-466	10
-10153	10
4053	7
-8843	2
4027	2
28637	8
-12445	2
-3311	7
6874	9
-9307	5
7815	7
-8032	10
18	2
5622	2
4486	7
-12496	2
-14369	12
13458	10
-5669	10
-8415	10
-2338	2
-12593	10
-4909	9
4353	9
-10380	10
-5574	3
-6517	10
5796	7
-8366	12
33511	8
-10444	2
-1901	10
-1669	7
-4979	2
8876	10
75	10
13409	9
-3595	3
21633	8
-11177	10
-5752	10
8547	7
11365	2
867	2
-9794	10
-2922	7
-5096	6
5290	10
1187	2
-3951	9
-2523	10
-1562	2
-3259	10
18160	1
2071	9
-1333	7
-5840	2
32655	8
-2511	2
-11673	10
-10123	2
9217	7
-5417	10
-5283	2
-8058	10
480	7
-7348	10
-10461	2
-1664	10
10254	1
6286	10
-6800	10
-9807	10
-2101	10
-9188	10
-15764	10
5303	7
-6681	2
-4676	10
1339	7
9136	12
15006	1
6590	10
-7123	2
8347	7
1179	2
6688	2
-1130	10
-16935	3
19626	1
4202	7
-3619	2
-874	10
1780	12
205	4
9454	7
5662	7
-2774	7
-2634	10
4847	7
37192	8
6014	12
11417	1
-10030	2
6543	10
2117	7
788	7
11131	7
9790	7
6910	7
5432	10
-11875	12
1302	10
5659	10
1470	10
-4008	10
-421	7
2132	7
7900	1
-5924	12
-5082	10
-13826	4
-2410	9
-4110	2
1585	10
-852	2
-15541	10
-9019	10
-1215	10
-11637	10
-9760	3
7657	2
-12259	2
-10998	10
-9108	10
3506	7
-11358	10
-13804	5
13295	7
-15114	2
-4882	12
3358	10
-2283	2
23220	8
9928	5
-338	2
16830	10
-2331	12
-7684	10
-11424	10
24635	1
-3083	12
-6325	10
-12292	10
-1823	2
27171	8
4129	10
3605	9
6026	9
1322	7
32802	1
-11684	10
-9070	10
-1332	10
-10907	10
-606	10
3287	7
-4428	12
11368	9
4774	7
2135	10
-3792	10
-6312	2
-10931	10
-5340	2
-1574	10
11883	10
4704	10
-6326	2
-15469	2
7010	12
-1968	5
-9761	10
-6152	10
-1091	7
-4990	12
-3755	10
9720	1
-1392	2
-4760	10
-6272	10
7082	7
-3765	12
-3928	10
2973	10
-12588	2
-16508	10
5746	9
4635	9
18443	7
134	10
10814	7
-2364	7
-9741	2
5197	12
-8358	2
-6830	9
-2214	3
-2523	2
-2162	10
-1017	9
283	10
-5333	10
-9769	10
4410	2
7287	10
2375	10
6265	7
-7472	2
29460	1
-9222	9
8276	9
3428	7
-9604	12
-3853	2
-6682	2
367	7
18	7
-4627	10
-3125	7
548	2
-10584	12
-13176	4
-6708	10
-7604	9
4985	10
9809	10
9301	3
-5730	4
9502	7
-4230	10
-11021	12
5914	7
-9058	10
-11251	10
-16016	11
-7566	10
9775	10
-6338	10
-12123	10
-1278	9
2549	7
-5510	2
-5992	10
-42	10
11713	1
-7251	2
-8710	10
-8038	10
16622	7
-8845	10
5924	2
4362	2
-8782	2
-16120	4
10955	9
16248	7
-1507	2
-2337	2
-5909	2
8136	9
-17879	6
-7690	2
-6556	10
23742	1
-2151	2
-14002	10
-2747	7
11631	9
30521	1
-11083	10
35023	8
-13472	2
-5814	2
-12629	10
-7688	2
-18	9
-1777	12
432	7
-5150	10
-9453	10
16298	7
1320	7
-9106	10
-6921	10
-596	2
8208	10
-1946	2
690	5
8444	1
-226	9
1005	2
3955	9
-2066	10
-11570	5
-2995	2
-1338	9
-3701	9
-9869	10
-11953	10
-10970	3
-5986	10
8094	7
-5359	10
-1483	9
10793	7
-7648	10
8273	2
1551	7
9639	7
-2947	10
-2216	9
-2180	2
-5270	2
4616	2
20597	7
-10117	10
-6693	2
64	2
-8284	10
-976	10
1905	10
3382	7
544	12
-3280	7
5521	7
-2161	10
1331	9
37010	8
-367	4
-816	2
3052	9
-9506	10
9710	9
6222	12
8317	2
-5677	10
-2548	10
-744	10
-11047	10
-5777	10
-13423	2
12034	2
1191	9
13161	1
-8333	10
-328	2
6164	2
-14299	2
23230	8
4317	9
-2228	7
-2714	10
200	10
-6345	12
10771	1
1695	5
5607	7
-6763	9
-2259	2
4038	7
12791	7
4377	7
-6867	2
-8843	2
-3448	2
2689	12
11210	7
4945	7
20469	7
5921	9
-4051	2
-9477	10
-9886	2
-7786	10
-21792	11
-16821	10
-7340	2
-6920	5
-12762	10
9718	9
14208	1
6145	2
-8261	10
4451	9
-10733	2
-5308	2
4431	7
-12516	11
-8771	10
12120	7
-12227	10
11818	2
4274	7
26378	10
-12934	10
8788	7
3049	7
3664	12
-7295	2
-10718	10
6569	7
19619	1
-12547	10
1558	2
-10958	2
-8506	2
-1861	7
1954	9
1023	10
-6872	10
6373	7
-7295	5
27105	8
1064	10
-11180	2
-315	9
22180	8
883	10
16554	1
-15355	10
-1143	10
3235	10
-4905	2
6732	5
25269	8
9526	7
59	10
20529	1
-978	10
-765	9
5366	7
15802	7
-13819	2
-5661	10
-4536	4
19298	1
-8092	10
25872	8
556	7
8135	4
-4576	7
5033	2
5447	2
-2471	2
-5537	4
7329	4
-3609	6
-6885	10
-8011	12
-8125	10
-149	7
-2115	2
-12175	10
-15488	4
-4747	2
-10864	3
-13640	2
6814	7
-7808	10
-683	7
3952	9
-9412	2
2159	7
13966	2
-8508	2
-6156	2
10448	1
-13269	2
2195	9
2348	10
805	2
-4891	9
-4410	10
-3754	2
1887	9
4148	10
-4226	10
-18623	11
-5430	9
28883	1
5929	2
-10010	2
10504	7
-2994	10
-7659	10
-5900	2
-1128	10
10892	2
-7387	10
-4374	12
2601	12
10869	7
14709	1
-1228	10
-13659	2
-1504	2
-6471	3
-5060	3
1604	10
-1380	7
-7583	2
5305	2
15509	1
9727	7
13460	7
-381	9
4339	7
813	9
-6834	10
7382	1
2236	7
-8050	2
-6078	12
-5538	10
-9365	10
2764	10
-1487	7
5257	10
-11823	6
8761	7
-8416	2
1062	5
17052	1
19875	10
9409	2
-5100	10
-7990	2
10657	1
-13508	10
-13325	10
189	10
-5572	10
-1180	2
6382	2
-7577	9
-341	10
-3500	10
-10269	10
-8374	2
-4927	12
3453	7
-7383	10
1771	10
-11982	10
3178	10
209	10
-4507	2
-7735	10
-859	9
-5741	10
-5498	3
-1494	7
-2932	10
-419	2
-2027	10
10412	2
-3699	2
-2814	10
-10798	10
-1539	2
-4289	10
3347	7
-7506	10
-9821	10
-642	9
279	7
-1368	7
-4857	10
6949	10
-14891	4
-2285	10
-8937	10
-2742	5
-7547	10
-442	12
-242	7
-5318	10
-3704	12
16057	10
4232	10
-6235	10
3008	7
5059	7
-25587	11
5506	7
-6928	10
14143	1
2737	10
-3868	10
-6743	2
-8047	2
22356	8
2521	10
26831	8
8904	7
-8006	2
-4951	10
-13230	10
-3917	9
-11532	10
4101	7
1165	2
4180	10
-376	10
19981	8
-2466	10
-8633	7
833	7
-6462	2
-1014	12
8065	10
-5852	10
1456	7
-1832	9
-4959	2
6704	7
14251	7
4546	7
-1385	10
-10116	2
-8122	2
-6275	9
-5181	10
-7660	10
2758	2
8803	7
-3872	9
-9084	2
28094	8
-13128	10
-8179	10
-4276	10
7908	2
-2506	10
980	9
-6506	10
-412	9
-7484	10
-435	2
-10106	10
7579	2
-11699	9
-4425	10
8657	2
-13425	2
-2113	10
-6625	10
-11292	5
-449	2
9127	7
3520	7
7090	2
-6813	10
-9624	10
2409	7
-5003	12
-3036	10
7472	2
-5638	2
4126	9
-14542	10
-10420	2
1677	10
9449	7
-4576	9
14259	1
-7288	9
-7156	12
-3328	2
-506	9
-3573	5
-7257	10
-4228	10
-8857	12
9285	10
-6598	10
-1676	7
-6348	10
-5889	10
1986	9
9658	1
-291	12
-23	2
16706	7
-13192	11
-7256	10
-4332	10
-1192	2
-3899	7
-10275	2
32967	8
37266	1
6992	10
-11217	10
-7387	9
8385	7
-9800	12
-6618	2
-6229	12
2150	9
-1854	10
554	7
3678	7
1391	9
22258	9
-10670	10
-7883	12
-4184	2
-10499	12
6338	10
79	10
-2618	10
-5245	2
4759	12
-12643	9
-12881	10
9656	1
-1192	9
40208	8
-3680	7
-2102	9
2887	10
17195	1
2912	10
-10146	10
14459	10
11745	10
17216	1
10183	7
-728	2
1855	2
-5096	10
6822	2
9191	7
3243	10
7989	9
-306	10
33612	8
586	7
8266	1
-14210	12
80	7
-1014	7
7889	2
5479	7
-9938	10
-10258	10
-7541	2
4811	1
17531	1
9371	7
-7124	2
-2713	10
-7300	10
-2062	2
8231	7
1275	2
-1454	2
-1476	2
-2382	2
-14426	12
-4108	10
2643	7
5573	12
-2658	12
-1637	12
-8024	2
8286	7
372	12
-2461	10
-7237	2
-3723	2
5337	2
-7218	4
20691	1
4604	10
-18030	10
-13567	10
-4542	10
-2031	10
-9190	2
-13430	10
-12637	2
-7809	12
11632	7
-11647	10
-8017	2
-7841	2
-1551	12
-3306	12
-9525	10
-6844	10
10094	7
-1946	9
-10379	10
4368	10
4929	10
-6795	12
-3551	10
804	10
-10385	12
9689	1
-3291	10
-12778	5
15009	10
16977	1
10284	7
7835	7
-9667	10
-807	9
8723	7
2652	10
5804	7
-8223	10
12929	7
-2231	2
-5850	9
2214	7
2347	2
5697	7
14551	1
4091	7
-7689	10
1324	7
-360	9
-3358	10
8503	1
11447	10
-12815	2
22035	1
-4324	2
20869	8
-1871	2
-10976	10
4293	7
-1551	9
-4221	10
-6193	9
372	5
1712	10
-1829	2
-5528	10
-1520	2
-3673	10
30887	8
1386	7
-12090	2
1663	10
-2138	10
3717	1
-2400	2
12208	10
7947	7
11789	1
-3405	12
-13713	2
9491	7
20740	8
-7283	2
-5282	10
13889	1
-7561	10
-17065	11
-9174	12
-5643	5
-5316	2
2016	2
-9134	10
-4545	10
9126	1
-2082	9
-6448	2
15194	7
-12921	10
-6449	2
-9068	9
-11015	10
8230	7
-9795	10
1213	9
27398	8
-1996	10
-11892	2
16913	7
12511	7
-15096	4
-7178	2
-932	2
-12971	2
-2922	9
8164	2
7905	10
8719	7
3775	2
-13435	10
-3209	10
1760	9
-6681	2
10013	12
-5241	10
6332	2
-5379	10
2057	7
13625	1
-11977	12
23188	8
-3121	2
-14495	10
9459	10
-1605	7
-15259	2
2064	7
-155	7
-2768	9
-8715	5
-8869	2
1182	10
13803	7
2230	10
-6659	2
627	7
16245	7
-8191	10
2022	2
-6428	2
2682	7
-11294	2
-6871	10
4995	7
1282	7
-9297	10
18989	1
-1951	2
-4716	10
15976	7
-14168	6
-5811	10
1333	9
20771	1
-8727	2
11129	7
7038	5
-3766	7
-2679	7
26578	8
20672	1
-4400	2
2062	7
5692	9
-9963	3
-8062	10
3054	7
-1642	10
-2462	2
-10844	10
-5312	10
-11366	11
-8692	10
10723	7
-4784	10
-7071	2
36058	8
-5991	10
-20128	6
-9921	10
-3231	10
14298	2
-3337	4
-5573	2
8081	7
-5574	10
-9964	2
2935	9
-6183	12
-6506	10
-8188	10
-12990	6
-3622	10
-10408	2
8277	1
-2650	12
28134	8
14790	1
-11339	10
18944	8
6012	7
-5284	2
6047	2
-3898	12
-5530	10
-1865	2
-5404	10
-10688	12
-9296	2
-3156	7
-2245	9
-8102	2
-9386	10
18993	1
6538	1
-7278	10
5651	7
-1863	10
-6655	10
16276	1
6284	7
-15932	11
4788	9
26776	1
-2567	4
-678	10
-5698	10
-11447	12
-4040	2
-3305	9
1791	7
-4504	10
7057	7
2242	10
-9720	10
-9143	2
-6496	12
-9152	10
6901	10
6954	9
-5134	4
8488	10
631	12
-5403	12
-531	10
6644	2
-8659	2
-11565	10
-4109	10
-2989	12
-10173	2
-2170	9
37544	8
-4491	12
-5807	10
-10500	2
3441	9
1570	7
16108	1
9340	3
-4457	10
-3164	7
6974	1
270	2
9475	10
1626	10
-10744	2
-3787	9
-1746	10
3371	9
-18378	11
-6154	10
10442	7
13303	7
-9341	10
-309	9
-6635	2
-4212	10
-8431	10
6346	2
-3801	12
-3112	10
-5753	10
-4191	10
6112	10
2964	10
1399	9
-6159	10
12003	10
4619	2
-10303	10
6274	7
1208	10
6331	7
-12875	6
-1714	9
-7970	2
-662	7
-89	2
1596	2
-10294	10
-99	10
26555	8
6457	12
-11301	10
6573	2
5262	7
-5953	10
-4614	10
4272	5
-747	10
3475	2
-7652	10
-12028	10
-3929	10
-759	10
22418	1
-18	2
3035	10
4653	10
-3292	12
13550	2
3452	5
7890	7
-9437	2
12752	10
-12397	2
-1300	10
-8640	2
-6528	2
-2911	7
22183	8
-7423	10
-11021	10
-3488	12
-851	10
-9377	10
15374	9
15604	1
-3423	2
4229	7
30394	8
-4978	10
-13747	10
-9433	2
30041	8
-3769	2
31908	8
-15895	12
-5797	2
-6208	2
10083	2
-7692	10
10424	10
2381	3
4398	9
-11129	2
-6761	10
-7720	10
-10293	10
7119	1
-10633	10
-11482	12
10772	7
4375	2
41338	8
547	10
-3017	10
-4192	9
17347	9
2311	9
-3136	2
7250	7
17589	9
-4285	4
361	2
-10629	12
-9365	2
-6004	10
-7213	2
-16479	12
1149	9
1553	7
-1430	7
134	2
10323	10
798	10
-1668	7
12975	3
6876	2
12261	1
-1686	7
14049	1
-4134	12
-5395	2
-4522	2
-11978	6
10584	2
-10732	10
-289	2
-3892	10
-14256	10
2724	10
-6038	10
4641	10
4886	7
10072	3
-5953	10
11793	1
-9118	2
20239	7
9206	2
-6175	10
-2917	9
-10335	10
-10470	10
-13021	2
-11090	12
10445	7
6085	10
-3390	10
-10642	10
4972	2
295	10
4178	2
-6183	10
8193	9
29809	8
13993	7
-9875	12
13295	7
19137	1
-6088	10
-8239	2
10575	7
-9231	2
4934	7
-3777	10
-7760	10
14033	7
4679	10
-6717	2
-8122	10
10946	12
-13070	12
-2208	6
3211	9
3092	7
-3198	10
-2239	2
-4351	2
6114	7
11762	2
-8541	6
14129	1
3238	10
-5006	3
-8432	2
11626	10
-12042	10
-3048	5
9452	7
12643	12
-9741	10
-1230	10
-8098	2
-8388	10
-8053	5
-8101	10
-2216	10
30744	8
10879	7
-4827	12
7906	1
8215	7
9230	7
24285	1
21122	8
-6763	2
6542	2
-7006	10
7791	7
-2091	2
-9789	10
-13020	12
-12490	10
-4419	2
-6899	6
-8699	12
-4368	2
6431	2
-11494	10
-3654	2
-12652	4
15343	7
-4799	10
17662	1
-3140	2
-2939	12
8678	10
407	10
12958	10
-11321	10
-6498	10
13257	7
2675	10
974	7
11938	7
-11129	10
-10506	12
2091	10
-9730	10
1154	7
-4352	5
12694	1
10843	7
-15208	2
8995	1
6493	7
-13945	2
-5961	9
-4533	10
4121	2
15171	2
-2823	7
12097	1
-9277	12
-7458	10
-8543	10
-4506	9
-2811	2
-5603	12
2661	10
1122	2
5570	7
3611	12
38507	8
-6903	10
-4550	9
-3990	10
-6431	2
-5342	9
-2274	2
7889	7
-7327	10
-9933	10
-7590	2
12029	1
-6137	2
7909	7
-11623	10
6170	7
-10999	10
9350	2
-470	5
2633	2
-2035	10
6031	10
18406	7
-6005	10
-4127	12
-6959	10
11535	1
-7008	9
-3204	7
-5550	10
-9104	12
-4327	10
-8157	10
3768	10
12037	7
-4343	7
-6231	3
10950	10
5808	10
4592	2
-4161	10
1646	7
3198	9
-6280	10
12082	7
-8196	10
-9078	10
1498	10
8310	1
-7247	10
-5251	10
33081	8
2065	7
-1139	10
-5091	10
19250	1
414	2
32581	8
-173	7
-10022	2
6923	2
2231	9
843	2
-5142	3
111	10
-9292	10
-10675	4
17998	7
-3755	12
4672	9
-760	2
21131	7
-7302	10
-13630	10
-5752	2
-9421	2
1485	7
18167	1
-6540	7
1712	9
14110	2
-8757	10
1839	9
-3611	2
10841	7
1224	2
-9509	2
10709	7
-5638	2
-8307	10
6112	1
-4486	12
9685	10
-2079	2
2095	5
-4142	2
1577	9
-9788	10
-4288	12
-11481	2
-9982	3
7156	7
-4431	7
-11472	2
-81	4
7757	7
8819	10
20128	1
-4204	12
-8801	10
-7295	10
-2126	2
-11556	10
-1250	2
-11682	10
1498	7
135	2
-11127	10
-533	2
5859	10
-4679	10
-2725	2
39442	8
13129	10
-5599	10
-6997	10
28328	8
-2731	9
-12116	2
-8518	10
467	10
25552	8
-8244	2
9450	7
-4011	9
9511	7
-10929	10
21036	7
-873	7
-3913	2
5430	10
-9604	2
-7758	2
-5818	2
7858	1
-11972	10
-10840	10
-6333	10
199	7
23041	8
11456	10
-3489	10
-11896	2
8611	10
-18637	11
-4159	10
-9417	9
2938	7
1270	9
-3678	10
5454	9
21694	8
622	7
-10595	10
24408	1
18692	1
58	2
-6292	2
1456	2
-6843	12
-25549	11
7916	7
-7328	10
33	10
13959	9
-1762	9
14552	7
1693	7
-10505	10
6353	2
-5339	10
4506	2
11488	1
8908	1
13681	1
4174	2
-11846	2
17199	1
9247	7
7385	7
17785	7
-8633	2
-6553	9
11212	7
6419	3
9341	7
3978	7
-2379	10
-5709	2
5915	7
-807	10
-9017	12
-11580	10
-10193	10
-9185	10
-13965	10
-2445	7
-9482	3
8945	10
-10739	10
15904	1
-600	10
2967	10
-3253	2
11536	7
-5427	11
-3666	2
-2149	7
6680	10
-3461	2
-11217	2
-6561	2
-15880	12
-14828	5
-2006	10
3607	12
-5473	2
-5142	10
-3012	2
-3232	7
-7464	10
-339	7
-642	10
-7194	2
4622	2
6105	7
-4110	10
-7283	10
5134	7
949	10
5081	2
-12666	4
9429	2
-8456	2
12306	7
713	2
1803	2
-5554	10
14050	7
-5540	2
-4797	12
5225	10
-11169	2
5089	5
13242	1
-9023	2
3217	7
-8274	10
5069	10
85	4
3354	10
11687	7
-9781	10
6024	3
9699	9
52	10
-4221	10
4217	7
30269	8
7128	7
-12812	2
9122	7
-8643	10
22989	8
-4407	9
14606	2
16073	7
37284	8
3010	10
4374	2
25015	1
14170	2
5334	1
9569	7
-9300	10
-11618	10
-8811	10
-3234	10
-5512	10
7732	2
-4222	7
-6724	9
-3446	2
-5731	10
-2740	12
-1502	10
-8812	10
-5713	10
-8380	10
-7918	2
-4271	10
-9628	10
6892	7
-3957	10
2686	10
-7184	10
6190	2
9741	7
8257	7
28099	8
-8817	2
32448	1
20461	10
-7284	6
5368	2
-4446	7
-4481	12
-7602	10
-4330	10
-4777	4
3243	7
2534	10
-12034	10
-555	2
-2213	9
8436	2
-9600	4
3313	10
5018	1
15336	2
1133	5
-6241	10
-11078	10
-11107	2
6517	7
-12242	10
-6323	10
-2083	10
-7828	9
-7969	10
5408	10
-1170	5
-12223	2
-526	10
-8223	10
10049	3
4958	7
-10282	12
29895	8
-11463	4
16597	7
-4126	6
7472	2
1131	10
6258	7
-5947	10
4630	7
-12981	10
31703	8
-3071	2
-5695	2
2962	7
2991	9
9157	7
2424	10
7847	7
4877	2
-4640	10
9485	7
8099	10
3736	10
769	10
2644	9
8637	10
8477	1
-2332	9
-8692	10
42610	8
-228	4
11344	1
13717	1
6251	1
-16544	4
5496	5
306	2
-12333	10
6156	10
3353	9
5899	7
-6761	2
-16324	6
2302	9
8244	10
10825	9
-1544	2
-1739	9
3989	5
-7289	2
-3472	10
-11002	2
6046	1
27351	8
-4037	5
-3039	10
3766	12
-13833	2
-5291	10
4762	2
5566	10
-967	10
-10047	2
-12687	2
14262	1
-2255	10
8780	7
26764	8
4405	7
4488	7
-535	10
-10921	10
-408	7
-10390	10
-9310	2
6295	7
-11994	2
12842	9
-7684	10
-1970	5
-14332	10
17397	7
-15517	10
-396	9
19239	10
3417	7
-3489	10
3619	7
4939	10
-1658	2
9261	7
-544	10
-4351	2
5899	7
2109	7
1260	7
-4224	10
-9453	3
6350	10
4418	7
-7501	2
-1683	2
-10203	10
-9046	12
4916	1
13007	10
-6958	5
-7732	10
-6969	2
-7953	2
12370	7
-1289	12
-13018	2
8073	10
-5347	9
-4890	6
-3259	10
-11522	2
-8449	10
4051	9
-36	12
1030	2
-12078	4
2304	2
-370	4
27923	8
379	10
-3580	2
-1892	2
-6155	2
-8225	10
-948	10
-3353	10
-14820	12
4663	12
-5753	7
-1970	2
3796	7
4185	7
-16651	4
-7483	10
-13495	2
-8012	10
42847	8
-8369	10
-6167	10
-1736	10
2359	10
-1880	7
3671	10
-14522	10
-9635	12
723	7
-13042	2
-1894	10
1689	2
-500	7
-13283	10
12949	1
-1562	2
-8981	4
-9222	4
-6158	10
-1626	10
-3208	2
-3875	7
13634	10
-10502	3
-11180	10
4315	12
4440	7
8122	12
-12899	2
8934	7
-7601	2
-4536	10
10286	9
10499	2
-2042	9
-5468	2
3964	2
-4356	3
-11573	10
11710	1
-7522	10
-8742	10
-14102	2
2625	10
-13093	10
-1761	10
3002	2
-2696	2
1076	2
-9352	12
-4352	10
1529	10
9219	10
-8807	2
6930	1
-5333	10
-4797	10
-5717	4
-9427	2
9231	10
-7986	2
-22085	11
-9279	9
-6049	10
-10539	11
-11719	2
14966	10
16208	1
-8138	10
12148	2
-5528	10
27576	8
-10413	10
-7022	10
9243	7
-10687	10
-5829	2
29328	1
-2307	10
34985	8
-2071	2
-5984	10
4033	2
-6105	2
7608	7
7517	7
-2440	10
9430	1
6178	10
-760	7
-55	10
-8146	10
1710	2
-3069	12
22627	1
-5615	10
7402	7
-12450	10
12537	1
-7849	2
-989	12
-19480	6
-3121	2
-9009	10
4239	9
-11482	12
-6838	2
-4632	6
6324	7
23167	7
-11356	10
-8746	10
2441	2
-4136	10
15540	1
-11858	10
-762	10
12747	7
-5822	2
-11751	10
-3219	2
-13268	10
-12997	10
-17072	6
-8885	12
11089	7
13001	2
8555	7
2907	2
-10396	10
-2692	10
-9858	2
13081	10
-5819	3
911	2
6892	7
3022	7
-12783	2
-3784	5
2306	2
-480	4
-6650	10
-8312	10
-3232	10
8931	10
-2111	10
11119	7
17157	7
28357	1
-8097	10
-14617	10
10049	7
3260	10
-117	9
-9656	4
-514	10
10738	7
-4586	2
-7435	2
-5672	2
-13053	4
10078	10
21518	7
-8777	2
-5461	10
-8247	10
2420	9
-3461	2
2053	2
22978	7
-6290	10
-1588	10
17640	7
-140	7
3871	7
14776	9
-4813	12
15355	8
7819	7
-5569	10
-14102	2
11359	7
-9693	10
-3550	2
-5488	10
-11789	10
-8457	2
2366	2
2670	2
20194	1
-30	7
-5410	9
-10827	10
-1219	10
7428	9
-17000	10
-7614	5
-6828	2
1502	7
-9284	12
11517	1
21511	7
-506	2
-8110	2
10943	9
-4517	10
-808	7
-4766	2
-9523	4
-10908	2
21099	7
10654	1
-11983	10
-11547	5
-12615	10
-1398	7
-5505	2
-4497	2
23345	8
7426	10
2842	7
-3423	9
4161	12
-2647	2
20239	7
5305	9
-2700	9
8660	2
-20842	11
-4764	2
-6865	4
-21042	6
20323	1
883	9
-1816	2
-11083	10
-9374	10
-5873	12
-4747	10
29600	8
-7234	10
-5712	10
-2927	10
2690	12
7317	2
-8960	10
-12330	2
-1579	10
8015	7
-14153	6
-1500	9
-8197	10
896	2
-15028	12
13191	2
-3648	2
-6243	9
13981	7
-2151	10
-6429	2
23649	1
7678	9
5431	2
7289	9
3164	2
2432	7
2633	7
-12117	2
-2900	10
-9099	10
8247	7
-1946	7
-4930	2
29951	8
-8235	12
-554	3
-13995	12
-3043	9
3108	7
-1830	2
5948	7
-5215	2
-8798	12
6376	10
-4889	10
3247	10
7736	7
-5887	2
-9259	2
-9303	10
-12028	10
2003	7
-11857	10
5367	10
11215	10
6778	10
-10136	10
8254	7
-10894	10
14437	7
-2600	12
1491	7
-9538	6
15335	1
1789	2
-3995	7
-4873	2
-5783	2
4589	10
324	2
-7884	10
6765	2
2714	9
-1459	2
20208	1
-16811	10
-18168	11
28836	8
-3710	2
6018	10
-11515	10
65	7
12110	12
11226	2
-8469	10
-7418	10
-11266	10
17460	7
5328	7
-6914	12
9589	9
19989	12
-10888	4
6723	7
-6046	2
-5930	3
9633	7
-4595	10
-8177	10
-9117	9
-2188	10
-5322	2
-14801	2
7288	1
-6123	2
6669	9
-10	10
-7751	10
7622	1
15113	9
15460	7
6991	2
-5288	2
-6678	10
-10541	12
6415	7
-612	7
6893	7
4797	2
3836	2
15439	1
7769	7
9699	7
-3885	10
15913	1
-9411	6
11985	7
-8499	2
10635	2
18492	1
1417	7
11968	7
-96	12
-6425	10
-7393	10
-10974	10
-10775	10
19889	8
-13197	6
-3458	2
-2116	10
41748	8
-2912	10
-3045	10
-10201	10
5209	2
400	2
-14767	10
16044	1
-6002	2
-7606	12
-7300	6
-3229	10
-9528	2
-14067	5
-9511	9
-6177	2
2253	7
7561	7
6997	10
11709	7
-2591	2
11416	1
-2038	2
1953	7
-8111	2
2813	7
-2369	2
-2048	2
-4394	2
-8988	2
13725	1
-732	12
-2994	7
-753	10
-8641	10
9529	2
-8423	10
-3231	10
4068	7
18149	7
3643	10
-5521	2
-4363	9
18180	1
825	7
7116	10
8310	7
-7785	2
5808	2
-787	10
-6727	12
-12266	10
3919	12
5760	7
-2811	7
6853	2
7497	10
-4924	5
4697	10
25580	7
-3240	10
-4931	2
19886	8
11261	7
-12256	10
-7101	10
-2132	2
24430	7
4342	10
-10542	2
-5021	12
-7444	10
-11230	2
7178	7
-12506	4
-3302	12
28895	8
17429	1
-1045	10
-4768	12
1979	7
29835	8
4890	7
-9064	10
-4500	2
-8115	10
15986	1
-1478	2
1970	9
2121	2
6468	7
18269	8
-9049	2
1532	10
-4541	2
847	7
13413	7
-4633	12
224	11
2319	3
-9044	2
-10338	10
-2473	10
-3508	2
121	7
-3368	2
11951	2
-7265	12
-9882	10
-6966	10
704	9
10000	1
5207	7
-8567	10
5736	2
16449	7
-15816	10
5963	10
10585	2
-8171	10
5702	10
-12871	10
-2144	10
-11997	2
13839	7
-9956	10
3189	10
-2223	9
-6605	10
-813	4
-11596	10
-8721	10
11406	2
1056	2
-9167	10
-6394	10
-8558	5
822	3
1415	2
-12123	2
14699	7
11206	9
1876	7
4	10
-887	2
1435	7
72	2
-3911	2
-775	7
2583	10
2509	10
-1579	10
14589	7
922	10
-1095	12
15727	10
-3188	2
5569	7
-7966	10
-6672	10
-7405	12
-18457	4
18147	9
18462	2
7328	10
12013	10
2447	4
7759	7
12580	2
5238	10
-12977	4
9632	7
-6662	2
1813	12
-8587	2
5755	7
6246	2
34039	8
-944	10
-5724	10
-11633	12
-1043	2
26497	8
-1909	2
-16091	4
5101	2
-10494	10
-5212	10
-1329	10
-7257	10
3119	10
12653	2
609	10
-2445	10
22760	1
13184	1
9520	10
-11093	6
2214	12
23390	8
11475	10
-4621	2
-1375	2
12601	7
-739	2
-1771	12
-3775	2
-7344	10
-7237	10
36400	8
-10509	10
288	10
-2290	2
7532	1
-8503	2
-5138	2
-1342	7
261	7
-628	10
970	2
-6699	2
6086	7
29661	8
-16234	6
-2001	10
-3165	12
10129	7
-3674	4
-12912	10
-9468	2
-3180	2
22102	7
-3122	9
1001	2
-2555	10
-730	7
-8582	6
4273	10
-12464	10
512	2
-2955	2
-3203	12
-6252	12
-9970	12
4521	2
-9010	2
-2088	7
-7372	10
4288	7
14247	9
-8056	10
11828	7
-10862	2
-10905	10
207	10
6706	2
4244	2
-2039	9
-2598	7
9961	12
8930	9
-3129	9
2108	10
-5941	2
3106	9
3224	2
3682	10
-9457	10
12721	1
-1871	2
-3947	2
-3198	2
1507	9
22394	9
-9669	4
3786	2
-3463	10
5921	9
-9030	10
-7513	2
-9895	9
-1090	10
-2756	6
-13021	12
-14728	12
-2687	10
-8554	10
-3367	2
-6435	10
3341	4
-185	2
6572	7
-14519	10
13741	2
-4460	10
16436	7
-9029	10
-8610	2
6587	1
-16159	10
-5740	9
5323	7
-1429	12
4051	7
1630	7
-10248	12
-8131	2
-6701	10
16000	1
-6821	2
15849	1
7720	10
27047	8
-3856	10
3584	7
11602	1
-9192	9
-12582	10
-8287	10
-9906	2
-6992	10
-9202	10
17639	1
-2035	2
-7325	9
-1445	7
-5083	10
1230	9
-2020	10
2020	2
-1824	2
7306	10
-5542	10
-228	12
20938	8
4942	7
12676	10
-7567	10
-6713	12
-6739	10
-7184	10
-2842	2
22917	8
3533	3
-2865	2
-3860	10
4956	7
14004	7
-7831	2
2671	2
-10925	10
-5037	10
-3692	2
1693	10
-2719	10
11557	7
-11938	2
-1192	10
6086	2
14940	2
1850	10
-2691	12
-6264	2
-674	2
-1892	10
-3224	10
-1023	9
-5838	2
-9596	3
12795	2
-6149	2
-11978	2
1452	10
1707	7
2944	7
-816	12
-2601	2
33061	8
327	10
7951	2
17850	1
-6717	10
1362	12
-14935	10
-6797	9
-36	7
-3307	10
19871	7
-7359	10
9020	10
-9560	10
3494	10
-6501	10
-357	2
1641	7
-6809	9
335	6
-4504	2
4550	1
21530	7
-2706	2
578	2
-8394	10
10543	1
14289	7
3867	12
7090	2
-1937	3
-2414	2
-8297	10
-12974	10
4301	10
-9507	2
-10829	2
-5511	9
-6927	10
410	2
-1042	2
-3197	2
-11899	2
-14631	2
9953	1
-4393	2
-7515	10
7475	7
-11341	10
1546	2
-7544	10
6839	1
-1271	7
-5101	7
5838	7
-4463	10
-4903	2
3050	5
-11878	10
-3828	10
7409	10
-14538	10
19563	8
7427	10
-4840	2
-150	7
-448	9
21072	7
21189	8
-5464	2
-740	2
15189	7
2879	2
4523	2
783	10
-3023	12
-14322	10
1328	2
-5909	2
9096	2
-4839	10
-10399	2
3683	2
-1750	7
-8615	12
-10176	2
-77	9
201	7
-5054	2
-6594	10
-7482	10
-8996	10
-2911	9
-2209	7
-10870	10
-3450	2
522	7
-6359	9
-6727	12
-5029	9
-2692	10
-260	10
12547	1
11130	10
-3058	12
14092	2
-9398	2
-13356	2
1574	2
-5343	12
6821	10
-1725	10
-356	2
-5901	10
957	10
1366	5
23107	1
450	7
-11885	2
-4759	12
2025	10
7504	10
-17148	6
11105	9
-7127	10
-6816	10
13010	1
2160	9
-4737	10
-3847	10
2295	7
-4850	10
-3107	9
-6781	10
9120	7
13614	7
9312	1
1975	7
-7634	10
12303	1
-3287	10
-2667	2
4041	1
3406	2
-5367	12
8288	9
16802	12
8871	7
11354	7
-7371	10
5520	7
-4424	10
-393	2
-11869	2
4944	9
-519	12
17672	1
-4530	7
-2884	6
12978	7
1093	2
-13692	2
-2103	12
6957	1
25170	8
-6927	10
-7199	2
-12436	2
1614	2
-11652	10
-17903	11
22246	8
-10732	5
-6533	12
-6325	2
5895	2
8553	7
357	7
-9266	2
-8553	10
-10768	10
41532	8
24944	8
7958	2
-845	10
1845	2
-9466	2
4728	2
-6910	9
-2686	2
-5866	10
-6259	10
-7027	2
18705	9
-9993	12
-1140	9
-14305	6
-1587	2
2735	7
16326	7
-7223	10
3642	7
-3150	10
5769	7
579	10
-5840	2
-11018	10
-5648	10
-5075	12
28481	8
-15027	10
1471	10
-7520	2
-134	9
-4428	4
-15497	10
-12903	2
-7970	10
-3707	2
-4954	12
17013	7
-5040	5
6448	7
-14063	5
-2540	9
4652	2
-4306	2
5294	7
-277	7
6242	10
10583	7
2119	7
5295	12
-3110	2
-3896	10
204	2
-16394	10
-14215	10
-1949	12
-2806	2
-8907	10
-6627	3
-7641	4
-8030	10
12570	1
-1493	7
13351	10
16249	2
4539	2
-9000	10
8208	7
3837	10
-2453	2
-10056	9
-3183	10
-4046	9
5642	10
505	10
2254	7
3095	10
5814	2
-2483	7
-6130	5
-2409	2
22439	8
-1688	2
-4217	10
-7561	10
-9300	10
2534	2
-6950	2
-285	2
-497	12
-22194	11
10091	2
6155	7
9124	1
2634	7
419	9
-143	9
21879	8
-9139	10
-11380	10
-9583	6
-2361	10
597	7
-12239	10
-4590	10
-5512	10
4977	2
-13318	10
-5729	9
-5381	2
21173	1
-10948	10
198	9
-915	7
5531	10
-10755	10
7505	7
-7888	2
-7359	10
11010	9
-14195	10
2871	2
10723	2
51	10
-13998	2
-12462	10
4111	7
1363	7
-11634	10
210	2
-11634	10
-10769	2
-6268	9
1006	2
-1445	2
-3370	9
-4959	10
4360	7
4508	7
13357	12
-15172	10
20970	1
-5111	2
-14386	2
-8573	10
-1684	10
-1754	2
2236	2
-12168	10
17260	7
11938	7
2690	2
19443	1
-12752	10
1301	10
-6372	10
-9512	2
2358	7
-7859	12
-92	2
6259	7
-1397	10
-8526	2
-11178	10
-6934	2
1570	7
-7247	2
-5893	9
3745	7
-5855	2
-7133	10
-9105	10
27615	8
-6072	2
-16201	4
-15618	10
-437	7
-12328	10
-3447	7
2930	5
4911	7
13869	9
-12032	10
-4516	9
-9200	4
5809	7
-2538	2
-7902	10
-5855	2
4495	2
1727	2
-7071	10
-3674	7
-5080	9
-4561	2
6459	9
-9160	10
2743	10
-3500	10
-8337	2
853	10
17023	7
-4524	2
-12363	2
-700	9
-5423	10
-16590	10
-9774	2
-4837	2
2448	10
-1726	7
1453	7
6749	5
-3822	10
23864	7
10138	2
1131	2
10564	7
-16486	12
3034	7
-1814	3
1541	9
136	7
-9022	10
-11271	10
-958	10
3438	7
-7262	12
4258	2
1171	2
-16968	4
-16299	5
-8766	12
23546	8
-1540	9
-2845	9
-2679	9
6096	2
16705	7
6324	2
4041	10
-13147	10
-9003	2
-10394	10
-7535	2
-9003	2
-13252	10
-10881	10
6033	7
-8101	2
-1114	10
-13101	10
-9440	10
616	7
21485	8
14493	2
-7556	10
-8850	2
22534	1
15461	1
-2450	10
-5243	7
-11782	2
25098	8
18663	8
-4432	9
-6436	2
2656	7
328	2
-4393	10
-12534	10
32692	1
-10810	2
-3342	2
4501	9
-114	2
-1809	2
11148	1
1039	9
-4201	10
-7226	3
-19484	11
-1845	7
6071	9
-5390	12
6259	1
-6013	10
-10906	10
-8992	10
-9722	12
-12487	6
-8011	10
-9479	10
-10081	2
-10409	2
741	7
-3609	2
-2765	9
7604	2
8114	2
-12277	10
15934	1
2368	2
1379	10
1967	7
-9579	10
-8857	2
-10599	4
3430	7
1358	2
-564	12
-5424	4
-12742	12
7013	2
6756	10
10384	2
243	2
12211	7
2151	7
5380	9
-10320	12
5363	9
5488	10
14868	2
5294	7
1738	5
13907	1
5045	10
372	10
-4623	10
1989	10
24812	7
-10816	10
-13686	10
-13191	12
5099	10
-3623	9
-4340	10
2462	10
689	12
-10335	10
17093	10
-7650	10
-4241	12
-4080	2
-1107	2
-1946	10
-3975	2
-2705	10
-5323	10
1712	12
-11336	10
-14075	10
-6079	2
-13320	10
-4357	2
-7380	2
-11891	2
2539	3
-7473	10
-3693	12
-7659	10
-11546	10
34292	8
-14141	4
-4477	9
25	10
5472	7
933	7
6824	12
-6362	10
-3343	7
-15341	2
-5491	2
-1070	2
-13806	2
-355	10
2572	7
-6706	2
-223	2
-7986	12
6926	9
-5314	10
10	9
-8514	10
-13078	10
2093	7
-8763	9
-13058	10
14976	10
-8327	2
10172	7
-3417	10
-9438	10
20025	1
-15498	10
15242	7
-6541	12
4268	9
-2833	10
25102	7
8609	2
-1210	10
-4408	2
6306	9
-4046	9
-4036	10
-8101	10
-3326	10
-9847	10
-7677	10
-1251	2
-6398	5
4591	7
1761	10
5480	4
4288	2
-7288	10
205	10
-1024	10
-394	7
6506	7
13595	12
-3501	10
-936	12
-9781	10
-4795	2
1872	10
-5154	10
-3280	2
-6336	2
1146	2
10843	9
4463	10
7589	9
12415	1
-13631	5
-10048	6
11256	7
9901	9
-8514	10
-10076	10
-4056	10
8109	7
4153	7
14983	2
-10865	4
2065	9
11658	7
-15114	2
-11152	12
-12245	10
-5139	10
-16831	12
16025	7
3487	7
5805	10
-2129	2
-4681	9
-12694	12
2111	9
3388	7
24508	8
-8225	2
-5214	10
-7372	10
2610	7
-10073	10
-736	11
-6932	4
9175	7
34173	1
-4128	7
-10264	10
-5665	2
13516	7
2002	12
-6302	10
-1254	10
-1283	9
1998	9
-10558	2
4813	12
-3398	10
7556	10
-1307	7
-1729	2
14365	1
-7426	10
-14769	10
3906	7
-4217	10
1844	10
-8978	12
-5144	2
15564	1
-3853	2
-1590	10
2771	10
-10133	3
-5162	3
-4461	2
-3206	4
25326	8
-6454	4
-172	3
-14478	12
-6841	2
5151	10
7477	9
21922	7
22119	8
8482	1
10969	9
-5251	9
4418	12
-15064	6
-1798	10
8464	10
372	7
47035	8
-1118	6
42236	8
357	12
-8254	2
403	9
6323	7
-5966	4
-5072	10
7185	7
-9600	10
16520	7
1201	7
-3542	2
6802	2
6436	2
-9611	10
-2718	10
-6003	10
9019	1
2185	2
-2937	7
9067	7
-11904	10
-19751	11
-7278	9
-14493	10
755	9
9819	1
3830	2
-10800	10
13756	9
-6603	3
-8300	10
950	7
-5808	12
-3873	10
2321	7
12156	7
-4598	9
2187	2
22867	7
-12732	10
1065	10
5499	7
-14134	4
-8303	10
-11517	2
14239	7
-1140	7
1985	10
-4459	7
-11272	2
-12847	2
-12924	12
14770	7
-3767	10
11248	7
4979	9
10837	7
-3544	2
-3552	9
-1141	12
-3453	4
-3968	10
1749	10
-8913	10
-10612	2
-16929	10
-4787	2
-706	7
23665	8
3641	7
505	12
-5729	9
-5588	12
6664	7
2020	10
2013	12
-10063	10
10598	1
-235	10
934	7
12623	10
-2975	12
13997	10
-9519	2
-14895	10
-8718	10
7813	7
7636	7
6084	7
-3992	10
5855	3
-3855	10
-1697	2
-8223	12
980	7
1897	7
-5880	2
1917	2
-18676	4
6592	12
2673	9
6408	10
-445	7
-8477	10
26941	8
3195	9
-9473	12
-8653	2
-2107	10
216	7
3460	2
-2160	10
-9260	5
10743	12
83	7
-4045	9
4534	2
-6048	10
12350	7
7842	1
-3074	12
-8902	3
10317	7
11841	7
12866	10
10207	7
-6723	2
10165	7
20030	7
3960	10
-2793	10
6619	1
15454	2
-5079	10
-5579	10
-15452	5
-10468	12
10375	9
2642	2
-15508	10
-4056	2
-1846	2
19777	1
15	2
937	10
12236	2
10222	10
17261	7
553	9
-4937	12
-2085	10
1480	2
-11625	10
12423	7
-11815	10
5506	7
13884	7
-4889	2
-2015	10
-3381	2
2842	5
-5405	10
-4838	2
10119	1
-5192	10
6851	7
-5366	10
13713	7
3829	7
25087	8
1069	7
-4945	5
11489	10
7426	10
6795	7
16347	7
1609	2
-8883	12
-6448	10
10661	2
29957	1
4004	2
600	2
10723	10
-10160	10
-1420	10
-5949	10
-2021	2
-4888	7
-11643	10
-3672	10
27388	1
-2766	9
-3295	10
12953	9
3534	3
-3140	2
1870	10
-9647	2
359	10
8502	1
3248	7
-4272	10
-50	7
-3227	10
-1986	10
-4465	2
7389	2
-12397	3
12907	1
-919	10
22782	7
-1912	10
-9402	10
-7565	2
-9922	9
6741	7
1285	9
31077	8
-11172	10
-610	2
12139	9
-4613	2
-833	9
-6463	2
-7949	2
-6944	5
-9905	10
1897	7
10828	7
-2779	7
6253	2
-4597	10
-9079	2
8188	7
-6122	10
-4309	10
-8914	10
5917	7
5966	7
21682	8
9718	1
-7156	5
-1788	10
-13394	10
-1171	7
10607	7
603	4
-8484	10
30079	8
-12322	2
-2100	2
13574	7
-16223	4
-6421	2
-7428	2
892	9
-8321	9
5597	2
9361	7
-11817	10
-11320	10
-5648	9
-2589	9
759	9
-3296	10
-6502	10
-9230	2
-7465	10
-20651	11
-14915	2
-7246	2
-3880	12
-432	9
-10726	10
-3180	10
-9287	9
-7058	4
1425	7
1162	7
-623	2
-9024	10
168	2
-8877	10
30555	8
3092	7
-13675	12
-8722	10
10264	2
-9195	10
-5665	2
-3980	12
7258	10
-7004	10
-9402	10
25252	1
-9023	2
9372	1
-4864	10
-10436	10
-13518	10
-1456	9
2974	2
-1520	10
-12846	10
-11554	3
-6498	9
-15806	10
12165	9
5622	12
-15775	9
-3337	9
-2562	7
10923	7
15942	2
3508	1
-3872	10
-6394	10
2335	12
4631	7
-3030	10
-6550	10
-691	2
-1319	3
-4931	10
14310	9
20358	8
-15535	12
-5669	10
-6344	2
-12462	10
4125	10
2575	2
15179	4
1256	12
-12393	2
2463	5
5771	1
-10639	2
1423	2
25275	8
-5178	10
5407	10
13196	7
13643	1
2860	7
9740	9
-9856	10
9093	7
5013	2
-8194	10
11247	10
8545	10
-10913	10
-2429	10
401	7
1523	2
2999	10
26912	7
-9289	10
-5047	3
-3199	10
-9682	10
6511	9
20778	8
397	2
1534	10
-5005	10
7436	9
-562	10
18362	8
-3288	5
-6533	4
12063	2
8236	1
-12716	4
-8526	2
-14398	2
-424	10
9593	2
16587	2
-11234	10
-7711	2
-4434	10
13993	9
-10477	10
-5650	10
-8719	2
-2083	7
215	7
9463	10
-12574	10
504	12
-4513	9
-9085	2
-2486	9
8619	2
5761	1
7957	2
28993	1
-10826	10
-11853	10
2432	2
-5673	2
-9323	12
-12952	2
2115	10
-13808	10
-8823	4
-7924	10
11991	2
6466	7
1754	10
-5278	10
3477	10
-993	10
1907	7
-10504	10
-11626	2
-14026	2
-10677	10
839	9
2472	10
-12270	10
6517	7
1556	7
25177	8
7137	7
2204	7
8982	2
-12855	12
6542	10
-1652	2
-13524	10
7480	7
-9977	10
531	7
14504	7
13074	1
-483	9
27297	8
-5140	2
-5601	2
17361	7
-10428	12
-9984	10
18333	8
-6544	2
2425	7
1787	2
-3092	7
7918	9
2285	7
-1105	2
18853	7
-6813	10
7947	9
-1189	2
-3751	7
9201	7
-12038	12
-5591	2
-4182	12
-18799	11
6989	7
-236	2
18451	1
2619	7
1749	7
-10482	2
-7149	10
31975	8
-4892	2
-6870	10
-7175	10
-7333	9
-5635	2
1134	9
6198	3
-17419	4
-11373	2
-6114	2
-12166	10
2368	7
-6193	10
-411	7
-3062	9
-2573	10
-13423	12
14265	12
-10941	10
-11244	10
-1354	7
-3269	2
6116	12
-9593	10
-5572	2
3314	10
7288	10
4305	7
13540	1
-4834	10
-7561	2
373	7
2102	12
1149	7
-6558	9
-3154	2
-6125	9
445	10
-6440	10
5299	7
12779	12
7970	7
12196	1
-2883	2
17581	7
-19525	6
4748	2
-11274	10
-2249	2
-27286	11
398	7
4318	10
7043	7
-7303	12
-5431	2
2169	10
-2634	10
-16520	4
548	2
11770	12
3860	1
4275	2
-1870	10
-8073	10
-3158	2
-8734	2
792	10
1751	10
5054	2
4859	2
-16723	2
-4133	10
14695	7
-4160	10
-7971	10
13400	1
3893	7
5047	10
-2433	10
-4477	10
-1319	9
8504	10
12787	7
11555	7
-4190	2
-8445	10
-6469	2
-869	2
-10872	10
766	10
3573	7
5629	7
14394	1
-9207	12
-11992	4
-4824	10
23570	7
-2078	12
304	7
6332	1
10133	10
-10102	9
12023	7
5133	7
-8017	2
-457	2
-6926	10
-10081	9
-8576	10
-5500	9
-14256	12
-5768	2
-19	7
4955	1
-8735	2
-6377	12
-3876	12
-9386	5
-899	12
47	2
-10170	2
-4125	7
-8597	10
-4073	9
-7315	9
-3153	2
9655	10
-7971	10
8790	10
-16097	6
-7071	10
-9693	12
-6622	10
-1206	9
4957	5
6199	2
-7593	4
5826	2
1673	7
2476	7
17860	1
-717	12
137	5
6211	7
-1336	2
-13936	2
7652	7
1291	9
-14896	2
-2004	9
9783	7
-2016	3
1388	7
5996	10
9293	7
-8260	2
24612	8
-9390	10
-4200	2
-379	10
1781	7
21790	8
-972	2
7054	7
13	12
-14920	11
37590	1
-2306	2
-500	7
25660	1
-5211	10
-1295	12
-4228	2
9335	1
2000	10
6499	9
-449	2
-4235	2
-7418	10
5241	7
-524	9
-8391	2
5370	7
16	7
-2123	2
28172	8
2179	2
-16559	10
-1859	7
-4480	7
-7460	10
-13279	2
-7609	3
31067	8
-5161	7
-4101	10
7707	1
-773	7
10333	2
10498	7
35	7
-9999	2
-9063	9
-9742	9
1033	10
24096	1
338	12
-5269	12
1014	10
19177	7
3083	2
-6327	2
987	2
-13119	10
-2256	4
7660	1
-8522	10
1121	10
6172	7
-10105	10
-1287	7
18182	8
23243	1
11586	7
9328	10
774	7
-3424	10
-8780	4
14216	2
1807	10
-1264	2
43323	8
-7256	9
16046	1
-7901	12
-11254	12
-6483	4
-12426	12
3359	2
10733	1
-868	10
2744	7
-8253	10
8597	7
5090	5
-9257	4
5566	1
29270	8
-3754	10
21246	1
31722	8
-4798	12
-11636	10
-17030	4
12832	1
1774	2
-3007	10
-7310	10
-6367	2
-3095	10
12840	10
-16176	12
-6492	2
-5712	10
-10357	10
-13700	4
-2740	10
-7426	10
-10351	10
-8201	10
10040	10
6780	12
13728	2
375	7
-954	7
1792	7
9019	9
7206	5
-4816	10
-6484	10
7100	2
2131	9
-13049	10
-11054	9
21675	7
19574	1
9907	1
-9817	10
-2519	10
7975	1
-6351	10
-5960	10
-7857	10
2314	7
-4770	10
1198	7
-1217	10
-184	10
-4198	2
6932	7
-6314	2
5746	2
3812	1
-15721	12
2005	7
-11734	10
-2371	2
388	10
9512	2
2730	10
-10074	3
-8094	12
-5285	2
4458	10
7723	1
-9922	12
-15006	6
15631	1
1967	7
-16078	6
4195	7
23	10
-11451	10
-2106	7
-5323	6
-2698	10
-8842	9
827	2
-2068	2
12225	1
12185	5
4708	9
-4461	12
-5107	12
13744	9
-6379	10
250	5
-8096	10
1366	2
-4125	10
-2024	7
10792	7
-16624	10
-12076	10
-7831	2
-1693	7
-11006	2
34415	8
4959	10
3918	7
-3194	9
-8111	10
-127	10
9469	7
-4413	5
-4566	10
-991	2
3829	7
-11864	2
-12197	10
-6212	4
-2875	10
-9324	3
-18002	10
-13026	2
-8132	2
-9595	2
2948	7
-2748	10
-11546	10
-235	2
-9261	10
1133	10
-4965	7
9658	10
186	2
4802	2
4377	7
-9938	10
21703	1
-11735	10
4668	7
18222	1
-2533	10
-7633	9
-1692	9
61706	8
-736	2
7547	7
13572	3
1795	2
-8423	2
-14112	10
-6087	10
-10293	2
-1830	2
-11464	10
1793	9
-883	10
-9664	10
-6569	10
-15995	10
2273	9
-7895	2
3744	7
-1664	2
2710	10
6412	10
19802	8
-14999	10
22762	1
3946	2
-2085	7
599	4
1935	12
1698	7
9030	7
-5875	10
-12821	10
947	9
-6458	10
137	12
-8599	10
-26062	11
4241	10
-3989	2
1864	7
-1879	9
-971	9
17183	7
6135	7
-15600	10
-4327	2
587	10
21389	7
-2233	10
-13023	10
-11012	2
-1680	2
-7251	10
21767	1
-2779	10
4053	7
-2150	5
4953	7
-621	2
598	10
5805	2
-5855	2
-559	2
-871	12
2678	2
-10039	2
-13465	10
-11010	4
-14397	10
-11876	2
-4504	12
-1582	10
-3671	2
5737	10
-4328	2
1545	2
-863	2
-12960	2
16330	7
17878	7
-103	10
18448	1
-9791	2
-7478	10
2228	10
8400	10
-2915	2
-4501	10
-3830	7
-2236	10
-4425	10
-15532	2
8768	2
-8099	2
7168	1
-4194	2
2738	7
28577	1
-1814	12
3414	9
5012	7
-2877	2
15176	1
6169	2
-2159	10
-5403	10
515	10
-2401	9
-11753	12
-5422	10
-19758	6
-6687	12
5588	7
-396	3
12119	12
-4879	10
4255	2
12418	1
65	10
-10121	10
4180	10
1106	7
-6845	10
-182	10
3326	7
2818	10
-864	2
-7327	10
-19272	6
-15533	2
-3656	10
-8806	12
-7222	10
19793	8
991	12
-5514	2
26510	8
-639	10
17472	1
-10633	2
-9930	10
-4177	10
3158	10
7779	2
-59	2
357	10
3188	2
2954	2
-1190	10
-8672	10
-6696	10
-3075	10
3616	2
-4548	9
-7741	12
-5456	4
-8106	2
5688	2
-4794	9
-9258	2
2508	7
6834	2
25232	1
-10905	10
-8767	2
-10100	2
1493	2
-1445	7
-8087	12
13962	10
6110	9
-9525	12
1919	10
-2099	10
740	7
-10421	12
23349	1
-4811	2
10956	7
9239	7
4221	10
-10877	2
3819	2
20085	2
102	10
379	7
7815	7
26260	8
2940	10
19990	7
11268	1
-12205	10
8601	7
35204	8
8830	1
-7287	10
-9563	2
-980	10
8044	10
309	12
542	7
-7802	12
-1932	2
-30	2
-6058	9
-1542	2
-9948	10
9478	7
-2367	10
-3037	2
-506	2
926	12
-5294	9
4937	9
-2562	10
8305	1
-8570	12
-1107	7
14669	1
-17330	10
-11144	10
3323	10
17353	1
23172	1
-6374	2
8320	7
-5947	10
-10920	4
-2758	10
-5358	12
5066	10
4924	7
5884	7
-2612	9
3375	9
-5708	2
-10534	3
7465	7
-6824	12
7755	7
9755	7
-1664	2
24977	1
-1371	2
13450	2
7659	2
1302	2
5054	7
-5877	9
-9247	10
-6115	5
9287	12
-419	2
1530	12
883	7
3983	2
989	9
-12763	2
27547	8
-2081	10
-3459	12
-13257	10
8981	5
15741	7
-10949	10
-11362	10
-1625	7
8171	7
9033	7
-4765	10
6632	10
-11299	2
-14906	6
8048	7
8939	10
-6234	2
-4541	10
-7380	11
5155	10
7235	10
-9801	2
-8263	12
692	7
-15978	10
1802	2
23751	8
-7385	10
-6434	7
27354	8
-3481	2
-9291	10
8845	7
-9818	10
14214	2
-3723	10
-11431	12
6198	7
12634	7
3907	7
12402	1
495	2
-9347	10
-6460	2
2625	5
4134	10
-2274	10
-2475	9
-12320	2
-13490	10
-1853	10
-9929	2
4174	7
14255	10
-5298	2
-1335	2
-5988	10
-3701	10
-7084	12
-7003	10
2072	10
20436	8
-10608	10
3380	4
-4434	4
-9579	12
6966	7
-4428	12
-253	2
4102	9
-16582	10
-684	7
-9857	10
3054	10
12306	5
1553	7
23215	1
5649	10
5973	7
-2374	7
976	9
24506	7
-2705	7
-3391	12
-8747	10
-2463	10
1690	7
15465	7
11873	7
4497	7
29840	8
-7978	4
-8748	2
-12124	10
-3722	9
-6878	12
-5121	2
5721	9
14803	1
2493	2
-589	2
-12347	10
-2193	10
-7878	10
-16361	10
1698	10
-6966	10
-10290	2
-5549	3
20399	8
-692	10
3868	9
2965	7
18765	1
-4334	12
16998	1
-1510	2
-8149	12
-2472	2
9840	7
-11357	2
-26599	11
-1668	10
12862	7
12550	7
1333	2
-314	10
-9573	2
4806	7
-13096	10
-270	10
28010	1
-2641	9
3617	7
-10432	2
-4742	10
15236	1
913	10
-13348	5
13263	7
14061	1
-2449	2
-6644	9
-5501	4
15308	12
14872	12
-9994	10
4736	7
-4713	9
-721	7
2442	7
-6344	10
-12327	12
-6419	10
-6901	9
-3834	10
-7816	2
-8976	12
-12786	10
-7011	10
696	2
-867	5
-5302	10
8203	1
-3294	12
16294	7
2290	7
4741	12
-3670	10
-7350	2
-6218	10
1120	10
-2470	2
1196	2
5808	5
391	10
13866	2
4455	9
12042	1
2341	10
-10879	10
-3656	2
-11416	2
-4172	10
2322	7
-10013	10
3311	7
-1620	4
-9738	10
-32	2
-5772	12
1346	2
-4147	7
1581	7
-7166	2
26706	1
-5581	10
17490	7
6108	7
-8935	2
-3089	10
10821	7
-2780	9
3972	10
-5648	10
-2342	12
-10560	10
8137	9
2257	2
-8179	12
91	12
-4411	10
-549	2
-11418	9
7597	7
-8479	2
26278	7
2462	10
6347	7
2983	12
9218	10
4896	10
-2977	2
4245	10
-17842	4
3883	2
-13565	10
13564	1
-6422	10
-10107	12
1675	7
2403	7
13620	1
-8949	10
13408	9
-2152	9
8160	10
-2661	12
-8378	10
22159	1
2259	2
-3994	10
8298	7
-50	9
-572	7
7339	7
-2113	12
12029	1
5856	7
2235	2
-2704	2
-4218	2
10030	7
-11943	10
-2260	10
15249	10
3647	7
-6903	10
-2861	2
-2397	2
-4683	9
1457	10
11221	10
10337	7
25519	8
6768	10
51870	8
9919	10
14854	10
11221	7
18188	7
-16114	12
3403	2
-8167	5
16945	2
-4849	2
9936	2
-12424	2
4844	10
2394	12
733	9
-6210	2
8480	10
-12839	10
-11538	10
-10662	10
-5135	10
4445	9
2518	10
-9272	2
454	10
363	7
6439	7
-3058	10
-2110	7
5733	10
-2860	7
-7414	10
-1429	10
-5043	10
-13036	10
-6699	2
-2673	12
-481	10
-9477	10
2096	10
-6014	2
-9243	9
208	10
7205	9
-3763	10
-9954	2
-7068	10
-7492	2
-14162	10
-7178	5
-9227	10
-13440	10
9113	2
494	9
-2445	2
-6236	2
7595	10
-8654	2
8332	7
17134	10
2252	10
8229	7
-4645	2
-4910	2
-3742	10
2418	12
-6838	12
-6917	2
34306	8
2686	7
3490	10
-970	7
-1364	2
430	12
-4638	9
-10119	10
-9383	10
6000	10
-8599	10
6805	7
4974	1
-5603	10
-13354	10
7256	9
-2041	7
-6767	2
3656	7
24144	2
-2756	6
23917	8
-13633	2
5124	10
24046	8
-9641	2
-381	7
14265	1
-2037	2
6796	7
-3392	2
-14278	5
-8932	10
-2559	10
12000	7
6206	1
-6977	10
-10269	2
-11889	2
-7673	10
7989	1
1227	10
-12711	4
-569	9
-10086	2
-6088	10
-570	7
-7295	10
-5293	9
-1717	10
-3204	10
-4882	10
-5777	10
-1325	2
4064	10
-4713	10
-4640	10
-8185	2
-9597	10
-7001	10
32101	8
5214	9
3703	10
6282	2
8099	2
-6270	12
-2981	2
9562	1
17256	1
-6785	2
-7911	10
-12657	10
16124	7
-2213	2
422	12
-12796	10
-5923	2
-11836	10
-8391	2
-2279	4
-3405	2
14547	1
3146	4
5883	10
8388	7
-4125	10
-8564	2
-963	2
-4969	12
9055	9
-12333	10
-3721	2
-1965	10
-3150	2
15109	1
-8152	6
-4934	10
-8461	2
13294	1
9110	1
-8233	10
7094	7
954	12
496	7
9123	7
4625	2
-8576	10
-1771	12
-3827	10
-8631	10
7901	1
3792	7
9317	10
-2304	10
31825	1
10718	9
-24981	11
14607	1
-16188	10
-12731	10
-7949	10
4612	7
-2655	10
-8743	12
-5823	2
294	10
-3666	10
30584	8
1448	5
-8880	10
-848	10
5401	7
3694	7
-674	2
5856	3
-4084	2
269	2
-5198	10
-2158	12
51	10
9786	7
-10619	2
-6592	2
-7246	10
-13151	6
-8712	2
-14343	5
2830	5
1882	7
11206	7
5825	7
-7878	10
-12000	10
-14173	10
2310	7
-4425	5
4172	5
-809	2
-2153	10
8521	1
4529	9
-5863	9
-1492	2
-3690	10
-3902	10
2731	7
12173	2
12213	1
-9771	3
2554	2
-9295	10
-3709	2
-8429	10
24744	8
16983	1
-12642	2
-12627	10
8817	4
-10174	12
-6281	2
1466	10
30773	8
5743	7
-71	10
8350	1
4466	7
29374	8
-401	7
444	2
9596	2
15073	7
-6779	2
11248	12
4866	9
-7554	2
-6817	10
10497	7
4056	10
-3804	5
14954	2
-1735	2
-5957	10
-2107	2
-4229	10
-4796	10
9673	7
-1606	9
1896	9
-9262	2
4990	9
7455	9
-6822	10
-1061	5
2243	10
1351	7
174	12
2305	10
-563	7
-16371	12
11027	7
-6973	10
3772	7
-4932	5
-13228	2
2307	2
-6052	9
-8757	12
11831	7
-8579	10
2994	7
-2857	7
-529	12
-3799	10
-11625	10
-8247	12
5551	2
9267	7
-6791	2
-7566	2
6106	7
-10378	12
16157	1
6509	12
18045	2
1129	12
-714	7
-6418	2
-3410	10
-6038	2
17925	1
40566	8
6010	2
-6650	2
4243	2
27846	8
-7443	2
17351	9
-4886	2
9668	10
-4622	9
9989	1
-5704	2
-709	12
12770	7
1065	9
-14939	10
-2086	10
9369	1
1488	7
4039	10
5954	10
-2446	2
354	10
-2218	10
20964	1
4220	9
532	7
-4653	2
6929	9
9703	10
-7087	12
21561	7
16525	10
-14431	12
-14222	2
17065	7
-4999	10
13790	7
2189	2
8129	10
4048	7
5319	9
-16250	4
9464	1
-9532	10
-2789	4
-11974	10
-6407	2
-4798	2
-6434	9
-3474	10
-4561	2
-7491	4
944	9
-4651	2
530	7
-2193	9
-4957	4
-4815	3
3799	7
3059	10
12171	1
-11995	10
14450	7
7561	2
4388	7
2876	3
26975	8
21616	8
-10268	10
126	2
-9410	2
-3091	2
-886	2
8166	10
-1330	2
34167	8
-7759	10
12878	5
2102	2
-13091	10
-9763	10
-2464	10
8164	10
-3087	7
-12950	2
3338	7
-8040	2
-6656	2
-127	10
-2762	9
26544	1
-10365	2
-10853	10
27445	8
34	10
-2213	12
-10165	10
-1042	10
-10396	3
-6437	2
-4177	7
-5739	10
2510	7
-1230	10
-8479	10
-3233	5
-6595	10
-6684	12
8231	2
5223	7
-7746	2
-2551	10
16151	1
-15964	4
10948	7
1858	5
8260	1
-9986	2
-10113	10
17814	7
171	10
-6784	9
-10697	10
-8654	2
-7666	5
-9278	10
-7279	2
-3160	4
10963	2
-1953	2
22918	8
-3679	12
-11189	6
15208	8
-9827	10
-4711	10
-12912	12
-11135	10
-2535	4
-4244	2
-5820	10
2261	7
2435	12
3490	3
14408	7
-3664	12
9124	9
-3487	2
18912	1
3909	2
13523	7
-1375	9
-5746	10
-6910	10
-10268	10
-5729	2
-5355	10
-8502	2
6928	3
1999	2
-1555	10
13506	1
-8435	10
4335	2
26296	1
-1071	10
19545	7
-2410	2
3087	7
-5046	2
-11128	2
309	10
13456	10
14712	1
10817	2
34617	8
-3798	2
-8116	5
7273	2
-3223	10
834	10
-2513	10
6249	10
25201	7
7775	9
3439	10
5653	10
-11274	10
-782	10
-4512	2
900	10
-9637	2
-7734	3
-10484	10
-9745	2
-3435	9
3894	2
-6176	2
4537	7
-2767	9
-3064	10
-4082	9
-10439	10
209	10
5115	3
-10874	10
-16315	10
-2725	12
24438	7
8728	2
-2323	9
18564	7
10988	7
-8034	2
15947	1
-12804	10
14525	5
-3383	10
-7496	2
387	9
-7629	4
-9291	2
4281	12
-3985	2
11193	1
28612	1
6122	9
-14673	10
-9494	9
-8670	10
-4891	9
6002	7
-1927	10
-6077	2
1521	10
-3191	10
-4221	2
-4367	10
1648	10
1261	9
18431	1
-6266	2
-8664	10
-1273	7
-14901	2
-657	10
-6732	2
10032	10
-7330	2
7078	2
4742	7
3114	10
8874	7
11343	7
-12435	10
90	9
-11716	6
2005	2
-3613	2
16686	1
-9548	2
-11125	10
-3202	10
7	10
-7907	2
10190	10
-1419	10
-12406	12
1727	12
17735	9
-3794	2
23022	1
8137	7
10307	7
-3227	7
-5550	2
8976	7
21695	8
3101	2
12930	1
-14453	6
12357	10
-10483	10
-774	10
-1877	2
-6615	10
-15660	6
-12083	10
996	2
-4510	2
4311	9
-1229	2
-4171	12
6748	9
-4314	9
-7277	10
-4448	10
-5870	2
4590	1
-7373	10
-2618	10
-6048	12
-32	10
-10256	2
-5542	10
-12528	2
-1699	10
-12177	12
-3538	9
-2215	7
7965	10
3438	2
1643	7
-15034	11
3705	1
19779	9
-2560	12
2787	9
20548	8
-10483	10
7999	9
-14054	4
3309	10
9701	2
-9012	2
-10585	2
-4431	2
-6014	12
-6491	10
11108	7
-8120	10
6389	1
11572	7
9928	2
-3162	9
-13625	2
-757	2
-3674	10
14490	4
-8816	2
-1450	9
-16376	6
186	12
1480	2
7283	2
3942	2
-12045	2
5860	7
5900	7
-665	10
-4175	10
870	2
-15069	6
-10853	2
8595	10
2174	2
-6699	10
-6462	10
10737	10
-12438	5
-6830	10
7025	10
-9836	10
-9301	10
-11211	2
-7428	10
-7636	2
8528	1
1706	2
4598	2
8550	10
3120	7
8085	7
9605	1
3859	12
-100	10
-1543	7
-5431	10
6560	7
2470	10
-7002	5
-1913	4
6745	7
-6831	2
-11004	10
519	7
-7562	10
3564	7
-3982	12
18306	7
6826	12
-11701	10
2933	10
30971	8
11938	7
-2024	10
5275	7
5799	10
-9135	10
-13692	10
-6918	10
727	7
-8295	9
1138	10
10509	7
-8845	10
-10192	2
22672	1
-2976	10
874	10
996	2
-398	10
-4954	10
3548	12
3836	2
-7954	9
-84	2
8381	7
9014	9
3748	10
6524	7
-6137	10
-8498	2
5617	7
-18615	11
-1266	10
-9122	10
4114	10
-8990	12
-627	7
5331	4
-6178	2
5477	7
-12047	12
3276	9
3876	10
-10767	10
-9357	10
10930	10
7007	7
-2272	7
-6359	2
-8283	2
-751	2
-11088	10
1391	9
-12915	11
-4998	2
-3216	12
-254	9
-5014	10
-1125	10
-3464	2
-7419	2
1901	12
-5983	10
-4291	12
-9547	12
4113	1
-15008	2
-11320	2
-10128	12
-8105	2
-2610	10
12832	1
-10091	10
-8223	2
-5477	2
-4765	2
-3024	10
-12619	12
-2812	12
36051	8
692	7
-5700	9
-20906	6
4772	7
-4514	10
-226	9
12993	1
-11532	4
9084	1
-11768	2
6474	4
-983	10
-8607	10
3231	10
7947	10
-8756	10
-3559	9
6204	7
152	10
-68	2
12160	2
24677	1
-7058	10
-9125	2
-9434	12
-10172	10
-9115	10
35018	8
1774	2
-10658	2
15396	12
25972	8
-6769	10
-10353	9
7450	10
8238	2
-2611	4
8245	7
-1654	7
3292	10
-743	10
-14661	10
3620	10
6505	7
22049	7
-8182	2
6872	7
4294	10
7848	1
9799	7
7968	7
-12385	10
5922	2
-8226	10
-1449	7
-1202	10
-12685	10
-6967	5
-7565	10
11889	1
-6742	7
10208	9
282	7
-1887	2
-9917	10
-2636	10
-3480	2
1439	2
8846	2
-5675	2
-220	2
-10727	10
18779	7
-6849	2
6528	7
3437	12
-10236	9
-7118	2
-5172	10
-6204	10
-5850	2
577	10
-4042	10
202	9
-6302	12
-4471	10
7665	9
-3220	7
3945	9
-6474	2
-8457	10
-14184	10
16535	12
-634	9
-8342	2
10409	7
-6626	10
-12224	6
-1337	7
-14173	12
-4091	10
11577	9
-9380	10
-4633	7
-4380	10
8018	10
17870	2
18653	10
-3633	10
-6938	2
-3832	4
-2825	9
12724	10
-9583	10
-6687	2
-4425	2
-20476	11
-7132	10
-11115	12
17142	1
-522	10
-5236	9
-7212	2
5412	7
-13558	10
19273	10
-996	2
5852	7
-10225	2
-1425	10
17494	1
-4825	7
-4413	2
-14019	2
-1146	9
16050	7
34516	8
-89	7
8881	7
-2659	9
-24322	11
-12919	6
-2064	10
15559	1
-6493	10
31610	8
7415	7
1837	2
-3337	2
5323	7
37279	8
-819	10
3339	4
6291	2
5330	12
2037	10
-13029	10
-4865	2
-11584	10
-7838	10
30612	8
-8435	10
-13104	6
-9980	10
15443	1
-7582	10
-12844	10
-130	2
-6927	2
5166	7
-2984	2
2806	2
2008	10
-7916	3
-9921	10
-9921	2
-2925	2
6568	7
-17029	4
-3355	10
22212	7
11144	7
2767	7
20700	8
-12989	2
3280	7
-14453	10
30091	1
-5099	2
27840	8
-8569	2
-5295	2
467	2
1172	12
-6349	9
-14196	12
-7393	10
-7907	9
-830	2
-5041	2
-4549	2
-3769	10
-5444	2
-9255	10
-8977	10
-11782	10
-13767	10
-4731	2
-13080	2
2328	7
6626	7
1912	2
1807	9
955	10
-9159	10
-11693	10
13457	7
-15335	2
-4083	2
-2143	2
1713	10
20061	1
12369	9
-7863	2
-9884	10
7214	10
2617	10
-5558	10
-5365	2
-13380	12
-10318	10
-5096	10
-1510	7
-6313	10
-2234	2
3268	7
-6568	3
37927	8
1236	12
4701	10
-5920	2
-13743	10
-19796	11
4733	7
18898	7
-4092	10
-17432	10
-4865	9
-11840	10
-10836	2
-10635	10
-13914	6
-5570	9
14326	10
-4503	2
-58	2
19291	7
1394	9
-5238	10
18212	2
-3197	7
15852	1
111	7
25675	1
-10960	10
1150	10
-13583	10
-7929	2
16115	7
3924	10
-3681	10
2868	10
-8500	2
-10995	10
-1974	2
-6658	10
-8910	10
-1936	10
11996	9
-1008	2
-17369	6
-1804	2
-3737	2
-6400	9
-5134	10
-3604	2
-5101	10
2928	12
-4245	10
1313	10
-5599	10
-7667	3
12209	7
-4106	7
10585	7
-9036	10
-1178	12
2756	10
23789	1
4145	7
-1103	9
9172	10
-11551	10
-3459	9
-6652	10
-12713	5
-3272	10
5831	7
6963	1
-9293	10
-12309	10
-2029	2
-735	2
-10472	10
-12210	5
-12925	10
29654	2
-4088	12
-5182	2
-7414	10
-5920	9
-10332	3
12471	10
277	10
14202	7
-19963	11
689	12
2713	7
-8027	10
6236	10
-6481	10
-4024	2
-1880	10
3636	10
3924	2
19599	7
9970	10
-2828	10
2655	10
1213	10
44	9
1613	7
2575	12
-10993	10
14404	7
-2285	10
-5370	10
-9435	10
9538	7
-14592	2
7979	7
-1001	2
4445	2
-9528	9
-3789	10
9332	7
9333	7
-2624	10
3856	10
20694	1
-10091	2
1634	9
1923	9
6624	7
-9613	10
-6715	2
-11419	10
6619	10
-3048	2
3698	2
7609	7
-12730	11
467	10
-9003	10
-5286	2
-8720	2
50151	8
10656	7
5789	2
-4273	10
-2964	10
-8370	2
15938	7
-8504	10
-11927	10
-4641	10
-7734	5
2791	7
-9686	2
16206	1
-5125	10
-3162	3
5203	7
-3657	2
-5869	2
-11580	10
-4706	10
2433	2
-2081	4
8471	2
-16844	11
-6724	10
-8073	10
6300	10
-11943	10
-11010	2
7450	9
5956	10
1882	2
31299	8
-11092	2
10189	7
-4983	10
4455	2
-4965	12
-10363	2
10734	2
-3443	3
4810	12
553	7
-6978	10
-2956	7
-13478	10
-4956	12
-2290	7
6136	1
-1862	9
-4493	12
-6210	2
-1181	7
-9451	12
7221	7
-8414	10
-7059	10
5334	7
14817	7
-9519	10
-4455	2
-5082	2
-11556	12
-13380	12
276	10
-7590	9
-4102	10
-10578	10
1781	2
5359	7
3715	10
-4665	3
-5509	2
-13231	10
13784	1
-2154	2
-671	2
3424	7
2214	7
-917	10
7864	12
9243	10
-768	2
-6076	2
-12218	2
-14982	11
-388	10
13822	7
-11800	10
-6289	10
2531	2
-1902	10
-8673	9
2887	12
-9285	11
-4285	10
-15973	4
-3024	2
-6424	12
470	10
2459	10
7593	2
-5443	9
38707	8
-2959	9
-7408	10
25224	7
-7044	2
32178	8
7300	9
-11368	10
-7912	2
-5292	2
27219	8
11938	9
-4946	2
-17821	4
435	7
-13031	12
2768	7
-14922	10
30609	8
-13700	5
25484	1
18405	1
2227	9
-9430	9
-14280	4
341	7
-6713	10
10574	9
-4341	12
5562	7
-6000	10
-6896	10
15949	2
-7587	10
-6529	2
101	10
-4955	2
-1077	2
-3808	2
2751	3
2315	9
22384	1
-7693	2
-1679	9
-15080	10
-12804	10
-7376	12
-13452	10
587	10
-307	2
6856	9
-4245	9
-11553	10
2883	12
-10944	10
-363	7
27281	1
8959	10
6010	9
2543	9
9610	7
-14952	12
416	2
-12827	10
-8012	10
-9343	9
23122	8
-14560	10
-18246	6
11119	1
2345	7
18996	1
-7949	12
-5125	7
-2630	2
-515	5
2812	10
-885	7
-1398	9
-4545	10
25857	8
-7389	10
-7053	2
2982	7
5698	2
8722	7
-2868	2
-9376	10
-19024	6
-6467	2
6710	9
1905	10
21385	7
12273	10
9438	7
27380	8
-4049	12
6444	10
2505	10
-816	9
-5063	2
-6458	4
-4593	9
10579	7
4185	9
-6188	10
-2916	7
-10278	10
-2507	10
-2885	10
820	10
7395	2
-12721	10
-1778	2
-9363	12
-4292	7
11896	1
26141	7
-9643	12
-5061	10
7424	7
19922	8
10441	5
-8229	2
-11389	10
6642	10
-5697	9
-2729	3
-2169	7
1380	12
-6708	2
-11797	10
4216	7
-140	7
2049	7
17343	1
-3220	2
39173	8
2267	10
8250	1
34277	8
-1475	10
-4386	2
-81	12
6188	7
-8712	10
1584	12
-5688	10
-9446	2
-8308	9
23704	7
130	10
-10533	9
3480	7
-4530	2
31378	8
-4492	2
3736	9
22202	1
-10319	12
-6166	12
2598	2
244	2
-5716	7
-10863	10
3833	2
13047	1
27001	8
-6494	2
4807	2
3716	10
-10026	2
-2992	12
11690	1
20207	7
27328	8
-4206	10
-13203	4
-9488	10
-3156	10
8311	1
-2855	2
122	10
5947	10
4191	12
6397	10
-97	9
9029	9
4990	7
-5434	9
2855	10
-8534	10
248	2
-1541	2
-5614	2
-433	10
-2685	10
-12008	10
-468	7
8744	7
209	10
13272	1
-3282	10
-4781	2
-739	7
4710	7
1324	9
19436	2
23432	1
-6633	2
-9006	9
-3259	10
-6881	10
1374	10
-2498	10
16753	10
-10836	2
-2883	7
33343	8
-9666	10
2448	2
4855	10
10865	10
3365	2
-1564	7
5153	2
2083	9
7827	7
-5067	2
28323	8
-193	10
-6975	10
-8624	2
3804	1
-2435	10
-581	10
5401	2
-4330	2
14524	10
-8596	3
-74	10
-8621	12
3530	10
-12800	2
5492	9
-6053	2
-3466	10
4644	7
3612	10
-21346	6
611	12
16593	1
1594	2
-8023	10
16397	1
-12390	2
8310	1
1696	7
-1126	10
-1818	10
2025	9
1111	9
-10739	10
4078	4
-7500	10
1530	10
-524	2
-4627	2
3168	10
-4323	2
13299	7
15178	2
-7594	10
-6165	9
3485	7
2274	10
12008	10
-9335	10
-4381	2
-14304	2
-3716	10
10321	2
11916	1
-3079	10
2026	2
-10106	10
-5905	2
-12006	2
-7131	10
-4029	10
-9018	12
146	10
10613	10
3050	2
-8693	2
408	10
-6471	9
2827	7
5218	1
15134	1
-14645	2
14849	9
-8607	10
-404	12
-4358	10
-3773	2
-3767	7
-14567	10
-8349	10
-8478	10
4326	1
5372	7
-7554	2
10379	1
-2305	10
7049	2
-12145	10
5781	2
-1854	7
-7584	10
3855	9
-2150	12
-10323	10
-16318	11
13854	1
-9053	2
9358	9
-9768	2
-2237	2
-1737	12
26899	8
-2580	2
-7951	10
6635	2
-10122	10
180	9
2304	7
-6391	2
-4568	2
5032	7
-11732	3
2793	2
10339	1
17249	7
-7012	2
3125	7
-5373	3
3204	7
-998	2
5087	7
-2152	7
-13501	10
-2457	2
-3812	7
-9923	10
8331	1
-6734	2
-2470	10
-1010	10
-5104	10
-3083	10
8470	1
24475	1
-12718	2
14101	7
-11086	10
-351	2
1297	10
-6067	2
-10735	10
8472	7
-9016	12
-11637	10
-4912	2
-4001	9
-7410	10
-3965	10
8828	7
-9400	10
3943	7
-14126	10
12903	7
-6713	12
-11811	10
1039	2
6607	12
-777	10
15522	9
-12050	10
14464	2
-87	10
5362	12
-4480	2
2788	10
-7687	12
10179	1
6335	7
1302	9
-9283	4
-11849	10
111	10
3298	7
6502	7
-2494	10
-7899	5
16304	1
-16316	2
18555	8
-8450	9
-9498	2
20189	1
-2568	4
5472	7
6180	2
-6823	10
15397	7
12064	9
-5061	10
-8211	2
1178	7
969	10
-669	12
-3594	10
27015	8
-8717	2
-1792	10
24815	7
-22424	11
-8925	10
8436	2
-1900	9
-1217	10
18911	10
-1521	7
-955	10
-2645	9
8021	2
276	10
-2977	2
1015	10
-4710	3
-7244	2
-2011	2
21851	1
-2907	9
-4487	12
3	2
10815	7
-6779	2
-1971	2
-5026	7
875	7
-3848	2
-10497	2
2377	10
6032	9
8968	7
22213	7
-4054	7
6793	1
6917	10
-1628	7
-377	10
1303	3
-8944	10
-4717	10
-9272	10
1490	12
-8339	10
-317	2
-4161	9
-2572	4
-15915	10
251	10
6050	7
6861	2
-6260	10
5917	7
-8250	10
16748	8
-3554	2
-1726	7
14575	1
-6011	10
-7408	10
3940	10
-5237	5
-347	10
5832	2
-7481	2
-7952	2
-10366	2
-6299	10
2513	10
-9493	10
-9271	2
-3784	10
-2228	10
-8923	10
-8634	4
-9617	10
-5037	10
15264	7
-2778	3
15939	1
-1094	2
-6936	2
-2640	2
-7503	3
1992	10
-1342	10
-10794	2
-12559	10
-4921	2
-9727	12
12613	7
6351	7
3164	4
-8769	12
-8987	10
7136	9
-3261	2
5199	7
-6268	2
8213	2
-3631	9
-2138	7
-15229	4
-5865	10
5750	7
14054	1
-9271	9
5483	4
22221	1
-5214	7
1794	7
-8213	10
20470	8
2066	2
-2904	9
1711	2
11178	2
-11514	2
-8492	2
-9006	10
-10407	4
-1043	10
7250	2
-2602	10
-2512	3
-507	2
-6133	2
-1524	10
-1787	9
-2246	2
21530	8
-11328	10
-6052	2
2215	2
-7397	10
17263	7
-1752	2
-7000	9
1414	2
-1705	10
-4432	9
-4354	10
14613	7
-14745	10
-5175	10
-12189	10
-6595	10
-9683	12
-1363	2
36028	8
8504	12
-9522	2
79	2
-21278	6
-1997	2
-6103	12
10139	2
-10287	10
-11483	12
-12776	2
12700	10
-6399	10
889	2
12229	1
-9662	10
5388	7
-7890	10
12972	2
-1546	2
-11790	6
-8764	10
8876	1
23612	8
5674	2
-7026	3
-14163	10
11746	7
-3327	2
-2168	10
-14929	10
-4969	3
7735	7
25759	1
75	7
-8166	10
-7614	5
-3884	2
3000	10
-10081	10
-3236	2
-4795	10
-10466	2
-7249	10
-7194	10
232	4
-1944	10
1992	9
-5697	3
3825	2
13939	12
-10360	10
-10983	10
9438	9
-9533	10
-3641	10
1739	7
-6958	9
4180	10
-6723	10
2312	7
6703	10
126	7
-5811	10
-8089	10
-3998	10
-3295	2
-7596	10
20279	1
9535	1
4520	9
1252	10
-3940	9
-11526	4
-7422	2
5446	10
-4496	2
18649	7
-6314	10
-6410	12
-4162	2
-5693	10
-6620	10
-2251	10
-11713	2
-5284	10
15627	1
2207	2
-3843	2
3920	10
-8650	2
7164	2
-8060	12
-6128	12
-4639	10
3218	7
8252	1
2544	10
-14508	12
-12109	2
-479	10
14723	1
9228	7
27050	8
-838	2
-3570	9
-4275	10
9981	7
3145	10
-9391	10
-10077	2
-11913	10
3952	7
11402	10
-2545	7
-5210	2
-3071	9
-9639	2
-3454	2
1684	9
-9468	10
-2811	2
-7685	10
-4214	2
-1935	12
-4294	2
-1482	7
12768	7
-4595	10
392	2
-2209	2
-11937	4
1341	2
-4117	2
-8437	2
-7328	10
-3025	10
-14725	10
164	10
-6964	12
-9793	10
7160	10
-10628	5
18574	7
9245	1
-12312	2
-8893	2
8243	7
-3824	5
-16353	4
303	9
-11452	2
-5046	4
-6972	10
-12863	10
19185	1
12748	2
6232	1
-12688	12
667	10
-2446	10
-243	9
11656	7
-3753	10
-13278	10
-530	2
9600	7
10406	1
8864	12
-891	10
6853	7
6062	7
14991	7
25485	8
5424	9
-11969	12
-9684	12
