9790	-5581
-9820	-11782
9790	-11809
-29431	-10902
24498	-20470
14693	10777
9790	-1062
19596	-18393
-15	-3076
-15	3645
9790	-7042
4888	-3118
-15	3896
-15	-13997
19596	-23154
-19625	-10761
-14723	8551
14693	-2653
4888	1893
-4917	11042
-4917	-1183
9790	3619
4888	-5988
-14723	-1011
9790	5773
-15	-13916
14693	7124
-9820	2622
9790	22204
-15	5945
-9820	-13519
9790	-8820
-15	-20407
4888	1276
4888	697
4888	-16493
-4917	-14558
-4917	-9024
-15	-2731
-9820	11965
4888	24307
4888	9535
-9820	6146
-9820	-20871
-9820	-1421
-9820	9186
4888	1492
-4917	699
-4917	-6684
-9820	8698
9790	10011
-14723	-27229
-15	7022
-9820	-20928
-9820	8730
4888	6710
-4917	1861
4888	-15721
-9820	-6367
-15	7956
9790	7177
-15	14072
-4917	1395
-15	-13124
-15	-2168
-9820	-5795
4888	-15908
14693	17262
14693	-538
-19625	3173
-15	16596
9790	-2534
4888	8886
-15	2986
4888	2367
-4917	-2200
-9820	-18381
9790	-7581
4888	-2456
-19625	1190
19596	2113
-9820	8013
-4917	-5368
-9820	15177
-15	7147
9790	909
-19625	-6693
-15	1489
-15	-2729
-4917	-17000
-9820	13606
-24528	10795
-14723	-16708
-9820	13743
-14723	-14646
-19625	2798
-15	-67
14693	-14443
-19625	8645
-15	5564
14693	9067
-19625	2657
-4917	-397
4888	-4669
-4917	-4754
-15	2937
-14723	8070
-15	13115
-15	7724
-4917	180
24498	-13303
-15	4351
-15	9115
4888	-8875
4888	4146
-15	-5032
9790	8021
-14723	-16653
-9820	5555
-4917	11028
14693	-1150
-15	-5185
-4917	-793
-9820	-4746
14693	-4261
-4917	-20135
-15	8147
-15	-5749
14693	7403
-9820	-17671
9790	17837
9790	-17717
-14723	-23762
9790	4423
-15	-5809
4888	3949
-4917	13327
9790	13429
-15	-2499
-15	-1180
-4917	9583
29401	-25336
9790	9122
9790	14656
-14723	1708
-9820	129
-4917	-19635
-15	-6131
-15	-8703
-9820	-4655
-14723	9644
-4917	-1301
14693	-16675
-19625	2194
9790	-2861
-19625	-7940
-14723	-1384
4888	7634
-14723	11
4888	12051
-4917	14647
-4917	5573
4888	-19812
-9820	9671
-9820	4735
24498	10372
-29431	-902
9790	-8668
9790	-9810
-4917	2833
-9820	22679
-9820	-4150
-9820	-4266
4888	-3756
14693	7652
-14723	-4482
9790	-5393
4888	14002
-15	-6594
19596	-8677
24498	-20634
14693	-2004
-15	5336
9790	9599
-4917	-2552
9790	-8833
-4917	8325
4888	-13939
-9820	-4915
-4917	23166
4888	-9759
-9820	17565
-15	2425
19596	-9450
14693	689
9790	-1003
-4917	-5197
14693	-1017
4888	7190
-9820	2284
-4917	-9189
14693	4138
-4917	-4502
-4917	-334
-9820	-536
-15	-8349
9790	-8887
-15	1084
-15	-4032
-15	-1787
-15	7703
-19625	-17692
-15	8986
-9820	-12356
4888	-3899
19596	-10190
-4917	-9531
19596	9130
-15	14831
4888	-2480
-4917	1436
-15	4442
4888	5311
-4917	-3961
-29431	-2519
4888	-11700
-15	-1358
4888	-13755
-15	-9903
4888	-18695
4888	-14434
9790	12496
4888	-6018
-15	-12860
-15	4922
-4917	1308
9790	3885
-14723	259
-15	14852
-14723	14247
-14723	-23512
-19625	5797
-15	-11980
-9820	9736
-4917	11273
-4917	-3427
-4917	2636
-9820	-16
14693	453
24498	10489
4888	-5856
-4917	9805
-4917	-4123
-15	10580
-4917	1759
-19625	-5079
-4917	-6125
-15	-4659
-9820	-2631
24498	-1671
4888	10346
-15	1320
-9820	-10911
-19625	12389
-9820	-9280
9790	1441
-15	3301
-9820	1133
-9820	2157
-4917	-1257
-9820	13720
-15	-4427
-14723	-13484
9790	972
-15	4050
-24528	4764
-15	-18441
4888	4109
-9820	-131
-14723	-16370
4888	-3127
19596	-8868
9790	-14482
-19625	22366
-9820	-607
-9820	10050
-15	-10336
4888	-1201
14693	-7712
-15	6232
4888	20737
-19625	3200
-15	9477
-14723	-11534
-4917	8266
-15	-8460
-15	508
-14723	14806
4888	-3032
-4917	9677
-29431	-10753
9790	-8589
-4917	7442
-4917	-1361
-4917	15220
-4917	-10440
-9820	9208
4888	-1139
-15	-12064
-4917	-13048
4888	-17315
-4917	-10656
-4917	22693
-14723	4907
-15	-5148
-4917	5157
14693	8836
19596	-8250
4888	1900
-4917	5868
-15	9652
-15	9407
4888	-1293
4888	139
-14723	11468
-14723	13202
29401	-5092
-9820	11729
4888	-3561
-9820	-10368
9790	3051
-14723	1077
-4917	-6401
-4917	-6258
-15	1266
4888	-14176
4888	13520
4888	-897
14693	825
-15	-3902
-14723	-15643
4888	-1886
9790	19734
14693	12760
14693	-5037
-15	5700
9790	3811
4888	-24
-4917	22821
4888	966
-19625	10825
-15	11226
9790	-19542
-9820	8204
29401	9887
-4917	-6564
-4917	-316
9790	13061
4888	-17286
4888	911
-4917	-10385
-4917	5826
-14723	3943
-15	10258
4888	-21762
-9820	-9970
-15	1470
4888	-9110
-9820	1161
-9820	786
-15	-7457
-19625	7388
-4917	8331
-4917	234
-4917	-10183
-4917	2978
9790	-6024
4888	11893
-15	-16352
14693	-1792
-15	12533
4888	1404
-15	-22127
4888	6059
-4917	-8310
39206	17413
-9820	2580
19596	-6850
9790	2829
-19625	3494
4888	-7227
-9820	-1675
-15	-672
-4917	-9421
4888	-6065
9790	8665
-9820	4854
-15	9231
-4917	8469
-15	1694
4888	6906
4888	-588
-15	4334
-4917	-5218
14693	-18276
4888	-9238
-9820	-490
14693	6883
-4917	1309
14693	13610
-9820	2816
4888	11997
9790	-924
14693	10867
-4917	3165
-15	-1336
-15	3952
4888	-3031
9790	2527
9790	-1313
-4917	-2801
-15	9899
-15	12260
-19625	-17994
-15	-10883
-9820	-9237
14693	2198
-9820	-19034
-19625	-8077
-15	-12010
-15	8635
19596	11839
9790	8673
9790	-417
-15	-8007
9790	3511
9790	11996
-14723	-5470
-14723	1504
-9820	-16391
14693	10383
-4917	-1141
9790	-6230
-4917	-5310
14693	10445
-4917	3473
4888	9703
-9820	14337
-15	-3199
4888	5483
4888	2175
9790	9657
-14723	-8391
-19625	-3563
-4917	-14791
-15	703
4888	-9078
-9820	-5736
4888	-11521
-9820	-1042
9790	4588
-14723	-7986
14693	-6281
4888	-10665
-14723	5951
-15	8511
14693	5872
9790	-13626
-15	5982
9790	-9105
9790	-9665
-24528	10507
9790	4293
-15	-1910
-9820	-2472
9790	6859
-4917	-10204
-4917	-12092
-9820	-4008
-4917	6030
-4917	6990
-15	-13316
-15	7606
-15	-8458
9790	-1223
4888	-22922
-24528	1372
14693	7302
4888	-5693
9790	-11804
-9820	1103
-15	11302
-9820	4510
9790	16336
9790	-383
14693	4828
4888	-2889
14693	7217
4888	-11804
-9820	-2814
-15	-9561
9790	7603
9790	4561
9790	9495
-14723	-15693
14693	-15354
9790	7305
-4917	20868
-9820	10799
-14723	173
-24528	-13048
14693	-7882
4888	787
-15	-14948
4888	8385
4888	-11628
4888	5421
4888	6979
-19625	5941
-4917	17040
4888	-3059
4888	6828
-19625	1847
-9820	17688
-19625	-10059
-9820	17861
19596	9851
-4917	553
4888	-17483
-15	-1536
9790	11704
4888	635
-15	14388
4888	19223
-9820	-12808
-4917	13008
14693	945
-4917	-865
-15	-10007
9790	11111
-15	19591
-14723	-9603
4888	-8108
-15	-8684
4888	4021
-4917	-1609
-15	-5249
-19625	-5515
-4917	-9525
-15	5225
-15	2657
-4917	-4203
-15	4322
-15	8901
-9820	20848
14693	3714
19596	-1991
9790	-4420
-4917	-25354
-15	5914
4888	-8268
-4917	10136
4888	62
-9820	7940
9790	-8208
4888	17560
4888	12709
-9820	7484
-24528	5816
-4917	1791
-15	-2574
-4917	19818
-15	14035
-4917	9778
9790	-6201
9790	-8595
-4917	-8424
-14723	16951
-9820	-6065
9790	-6821
-4917	11061
-4917	-2130
4888	5065
-15	-11016
4888	4092
-4917	-8879
-15	11680
4888	518
4888	-1298
4888	12648
-4917	-6117
4888	9123
4888	5008
-4917	17743
14693	4960
-14723	3953
9790	12706
-9820	-8245
4888	6477
-4917	-1084
9790	-14756
-4917	2347
4888	-4051
4888	264
4888	-889
14693	1817
-19625	8678
-9820	-8947
-15	-14975
14693	11062
-15	17185
-4917	10690
-15	-2704
-15	-18562
-15	-2796
14693	-4255
-4917	-2704
-9820	-21424
-9820	24739
4888	10103
9790	-9270
-4917	3145
14693	6045
-15	-8558
-15	2389
-4917	5424
-15	-5314
9790	-19578
14693	-1649
4888	-6256
-4917	-2621
-15	-19637
9790	-11902
-15	-5348
4888	-5404
9790	6559
14693	-5800
-4917	-13833
9790	13194
-4917	-16882
-14723	5082
-9820	2265
-14723	-13727
-15	-17957
9790	-1518
-15	16680
4888	6802
14693	-4781
-4917	1123
-4917	3693
-15	-160
-14723	-11729
-14723	11120
-4917	-3297
9790	-15559
-15	-16864
-4917	3513
-15	5678
-4917	-10483
4888	507
-4917	2403
-15	5290
4888	4890
19596	-3300
-4917	-984
-9820	13092
-4917	1145
-4917	3610
-14723	-9699
14693	-10183
-14723	8452
-4917	7194
-9820	8226
-4917	-667
-4917	7467
-15	-2239
-14723	-6155
-4917	-12760
9790	2532
-4917	-16742
-9820	-14499
4888	-12852
9790	-8499
-15	-1843
4888	344
-9820	-9436
9790	-7941
14693	3158
-24528	9972
-14723	-18053
4888	6143
-4917	-14008
-15	-1241
-15	729
-14723	9861
-14723	-23276
4888	-13923
9790	10860
-4917	-8097
9790	-20381
-4917	7661
4888	6532
19596	-1141
-15	-4432
-14723	4486
-4917	14803
19596	-6158
-15	152
4888	-14715
-15	-4324
-15	7030
-4917	-14400
-9820	1301
9790	-19374
14693	-3849
-4917	-7520
-4917	3398
4888	-1222
-19625	1365
9790	9075
19596	9504
4888	5250
-4917	867
-19625	4462
9790	-14639
9790	-1837
14693	9717
4888	6434
-15	19406
-4917	-1734
-9820	895
-15	-334
34304	-22423
-15	16612
9790	-6129
-15	-10901
-9820	17239
4888	5292
4888	-2740
-4917	-11721
9790	-17326
-4917	-9607
-9820	5665
-4917	17118
4888	8628
-9820	-12103
-4917	-8578
4888	-10377
9790	-7621
-15	8023
9790	10969
14693	438
-15	2839
9790	-1311
4888	23375
-9820	3514
19596	-11527
4888	-9187
4888	-13330
4888	14308
-14723	5419
-9820	-5181
-15	-7582
-4917	-9602
-15	5137
4888	-16488
-4917	12106
-4917	-1246
-9820	2531
4888	-6660
-15	2439
14693	491
-24528	-10671
4888	14432
-4917	8367
-4917	-3451
9790	1987
9790	11144
-4917	-12630
-15	-10125
4888	11798
9790	3970
4888	-2282
-15	-6893
-15	-1938
-14723	3682
9790	5223
-15	8541
9790	14080
4888	-7665
9790	1409
-24528	6551
-15	5250
-4917	2317
-4917	-2550
4888	14780
-15	-3023
-9820	-20239
-15	-644
-15	-7299
9790	12740
4888	-7397
9790	5307
-15	-2155
-4917	-8043
-9820	-3946
-9820	-6796
4888	5339
-15	8129
-14723	-12318
-9820	-607
-4917	9442
-15	8128
-4917	-4136
9790	6424
4888	-16314
9790	4118
-9820	-18791
-4917	2577
-15	-8980
-4917	20829
-14723	-7076
-9820	-4403
4888	-6745
-15	1770
24498	7502
14693	5151
-15	-730
-15	13626
-19625	13874
-29431	3050
9790	15641
-4917	-3489
-9820	127
4888	27221
14693	1859
-19625	-15764
-9820	-365
-15	3062
-9820	4248
14693	1721
4888	-3352
-9820	-8711
-4917	9491
-9820	10691
4888	-3292
-15	6367
-4917	1976
-4917	4265
-15	19257
-14723	-7166
-9820	-2789
-9820	-9599
-15	4695
9790	1490
4888	-9911
9790	14917
9790	9933
-4917	24682
-14723	-4197
24498	17963
4888	13294
4888	12087
4888	-21030
14693	1671
4888	6067
4888	-19590
14693	7611
-15	-19700
-9820	17823
14693	-6199
9790	7287
14693	-2745
9790	1621
-4917	2865
-9820	9300
-4917	10523
-4917	14108
14693	7077
-4917	1504
-4917	3525
-9820	-14666
9790	25548
-4917	10966
14693	129
-15	-9934
-4917	2532
-4917	12653
19596	-2537
9790	15974
9790	11711
-9820	1963
9790	6526
19596	-14263
-4917	14525
-4917	-9994
-4917	3310
-4917	-7387
4888	3401
14693	9102
-9820	2486
-9820	-487
4888	-8436
-15	15044
-4917	-5970
4888	-16867
-9820	637
-9820	-2528
29401	7796
-14723	-5761
9790	-2919
-4917	-10015
9790	-4244
9790	-16229
9790	5295
9790	-11132
4888	-5
-4917	681
-15	-2576
-14723	-2589
4888	-2289
-4917	-1310
-15	-4791
4888	9594
-29431	-8273
-4917	16448
-14723	-6362
9790	7866
-15	-3118
4888	-2548
14693	2869
-15	3369
-14723	-4533
4888	-12343
-15	-6031
14693	-21366
-14723	-2439
4888	10078
4888	2870
-15	-1587
4888	10104
4888	1258
-9820	192
-14723	-15562
-15	-14457
-4917	3601
-4917	-8477
-14723	-552
19596	-17216
-4917	-2334
-4917	6641
-15	-8520
14693	-6035
-4917	7664
-4917	-5825
-15	-15192
9790	9950
4888	11639
29401	4462
-19625	-8404
-15	12206
-14723	7903
-14723	6469
19596	-5360
14693	-3398
9790	-12683
9790	-1812
4888	-770
-4917	16870
-15	-2969
-15	-20087
-4917	12384
-19625	11581
4888	-21674
14693	-5767
9790	-6378
14693	-10048
-4917	-5705
-4917	-4646
-4917	-3064
-4917	-2462
-9820	10276
-4917	-5927
-15	-6705
9790	2094
-15	2054
24498	460
4888	8731
-14723	8008
9790	-23422
-4917	10421
-9820	-9838
-4917	-9798
-4917	-16213
4888	9905
-4917	-1958
-4917	14019
4888	5771
-9820	-333
14693	-4117
-15	14123
-15	9914
-29431	-820
-4917	7504
-4917	-5343
-15	-12641
4888	7777
-15	4996
-15	11176
-4917	4584
-15	9739
4888	-5041
-4917	763
9790	10596
-14723	19295
-14723	-24295
-4917	14309
-9820	5736
9790	26480
-9820	1908
-14723	-16239
-15	2547
-24528	12528
-4917	-12189
-14723	19873
-9820	-4354
-14723	1851
4888	5903
4888	679
-15	442
-15	-9042
4888	-2759
9790	-6710
-24528	325
-15	-4925
-4917	-3231
4888	-7844
-15	-764
-4917	9437
-14723	16079
-4917	-747
-4917	-3201
-24528	-12209
-4917	3782
14693	4211
-9820	368
4888	210
4888	1713
9790	7182
-14723	15648
-9820	20316
4888	12630
4888	5234
-19625	1510
9790	-6726
4888	-3311
4888	5729
-15	-6984
4888	-12341
9790	7545
-14723	-8234
-9820	-8822
24498	-11280
4888	10798
-14723	747
4888	2641
19596	-11768
-15	-4003
4888	5912
-15	1163
-4917	3338
9790	2760
-4917	5860
-4917	5457
-15	952
-15	24038
-4917	20883
-19625	-395
-4917	-10530
-15	10363
-9820	6133
-15	-6124
-14723	9030
-15	-602
-15	-509
-14723	-7498
4888	-14711
4888	5768
-15	-10510
4888	919
4888	2130
-9820	-8029
-15	9005
-15	-8062
-19625	16749
-4917	1335
4888	2719
4888	-1793
19596	-14737
4888	-5795
4888	9049
-4917	-3036
14693	12529
-15	-23004
9790	-12105
4888	-11085
-4917	-28291
4888	13833
-19625	4136
19596	-15116
-4917	5074
9790	14797
4888	-9401
4888	-13761
14693	-16381
19596	-1597
-9820	1614
-4917	6676
4888	-2840
4888	5241
-4917	-7766
-9820	4667
-14723	-2465
-15	806
-15	-25704
-15	-11406
-9820	16627
14693	-14485
14693	-2314
4888	3945
-9820	6573
9790	-14385
14693	-5888
4888	8822
-4917	-9168
-15	14446
-14723	13321
14693	21469
9790	-9527
-14723	-2658
-9820	665
-14723	10279
-14723	14337
9790	-4061
-4917	-2207
-4917	-4642
9790	11742
-15	13878
4888	-5903
-9820	1977
-15	-8241
-15	3752
-15	8117
-14723	18154
4888	-9136
-4917	-9344
4888	-4287
-4917	7273
-4917	5805
4888	10415
9790	7010
4888	-15297
4888	-1121
4888	1872
9790	652
4888	-1439
19596	4569
14693	3238
-19625	-10120
-19625	10868
-4917	7267
4888	-19301
4888	12822
-15	11614
9790	-14569
-9820	4287
-15	14808
-14723	-6942
-4917	2859
-9820	2039
-9820	5165
-9820	-7042
9790	4815
-4917	11176
-4917	566
-4917	1068
4888	5493
-4917	6284
14693	-6074
-15	4856
-14723	-4655
-4917	11375
-15	5283
-15	7269
-15	-8213
4888	924
-9820	-19201
4888	8436
19596	10337
-15	17058
-4917	9517
4888	5895
-15	-4418
14693	12301
-9820	16883
-4917	9783
-9820	-4655
4888	8712
-4917	-24685
-4917	17431
-15	-3905
-15	14324
-15	-4870
-15	-11604
-4917	6133
-4917	-519
-4917	-491
14693	-1470
-9820	-9167
9790	11146
-9820	17401
4888	7617
14693	14828
14693	-5224
-14723	-19627
-4917	15160
14693	13077
4888	8125
-15	-13520
9790	-6125
-14723	-8650
-15	5678
4888	878
-14723	5003
-19625	-2609
-4917	3339
14693	3418
-15	-4406
-15	-8650
-15	2855
-15	22156
-15	449
-15	-5457
-15	5165
-4917	9335
-4917	-2025
14693	248
-15	-932
-4917	-5643
9790	25135
19596	7259
29401	6612
9790	8595
-15	9799
9790	-8768
4888	2035
9790	8497
-9820	11913
-15	9194
-19625	12837
4888	-206
-9820	-5712
-15	-9454
24498	-8462
9790	-3562
-4917	14822
19596	1723
-9820	7048
-4917	17237
4888	11760
-4917	-12844
14693	-9104
-9820	6676
4888	-6039
19596	12121
-19625	-2181
-9820	16496
-9820	12438
-9820	-2886
-4917	-6143
-15	11523
-15	17824
-9820	-6234
-15	-12058
-14723	17112
-4917	-13294
-4917	7980
9790	-8893
-19625	19404
14693	14537
9790	5848
19596	-5230
-4917	14866
14693	-13494
-15	6458
14693	407
4888	1608
-4917	1012
-15	-10928
9790	11022
-15	-17153
-15	3203
19596	2783
14693	5780
-4917	-10254
9790	-5867
-4917	-154
-15	-12245
14693	-3162
-4917	-11247
24498	713
-9820	765
-15	-5188
-15	-7098
-15	-10385
-9820	2450
-15	-15114
-9820	3433
-14723	10901
-4917	-10465
9790	3024
-15	4540
-15	12042
9790	11385
-9820	18396
-4917	-22952
-4917	-15475
-19625	-7090
-4917	9491
-4917	-7470
24498	5620
4888	3430
-9820	1327
-15	1435
4888	15746
19596	17526
4888	8451
19596	17485
4888	5242
-14723	-7826
-15	4735
4888	14976
-15	6273
29401	-13979
14693	-10210
-14723	-1742
9790	15747
-15	-15389
-29431	-13924
-9820	2362
14693	3391
-15	5526
4888	-12572
9790	3011
14693	-207
-15	-9739
4888	2025
4888	20559
14693	-19680
4888	537
-9820	-9603
14693	-3466
9790	-12651
4888	-7817
-9820	9194
-15	-4178
-15	-2744
4888	11852
-15	8362
-19625	-3049
-4917	-5865
19596	-5842
-9820	-20055
-14723	-196
-4917	13365
-15	14665
-9820	16338
4888	11944
-4917	-13899
4888	-1338
-9820	-7963
-4917	17807
14693	-1396
-4917	-10539
-19625	-178
24498	10240
-15	1839
-4917	-1107
-4917	8586
-4917	-4027
-9820	-18479
4888	5400
-15	-1589
14693	7377
-15	-6007
4888	-7646
9790	-10432
9790	4910
-4917	6121
4888	-16568
9790	-14181
-9820	6930
9790	-3142
-15	7480
-4917	5943
4888	14437
9790	-8221
-4917	-19432
-15	9482
9790	5576
-4917	-1920
-15	-24571
4888	-5426
-15	5516
-14723	1268
4888	3149
14693	-15475
4888	-12987
-15	11320
-19625	5919
-15	-1443
4888	20886
-15	-5700
14693	-12746
-15	-480
4888	-12969
-9820	6688
-15	661
-9820	2372
9790	-5012
-4917	-6685
-4917	8305
9790	-16621
-14723	-2982
-9820	-8520
9790	7291
9790	11943
-15	-10088
4888	-5779
9790	16108
-19625	7455
4888	11982
9790	-942
-4917	12938
14693	11016
-4917	-6885
-15	6141
-15	2963
9790	17079
4888	12623
-4917	6882
-4917	8343
14693	-19918
-4917	-24555
-29431	9008
4888	10461
-24528	3120
-15	-9766
-15	17409
14693	-960
-24528	10973
-4917	-16194
-15	13801
-4917	-11501
-4917	-2974
-9820	-1793
-9820	-3051
-4917	-3158
-4917	-12458
-15	2188
-19625	14708
-15	1698
-14723	-4600
-9820	-4762
4888	2710
-9820	-16327
4888	-15842
19596	5957
9790	11942
-4917	9460
-14723	-1276
-14723	10026
9790	-17799
-15	-5534
-9820	-20480
-14723	-10365
-15	-9390
9790	-2915
19596	17770
-15	-862
9790	-4198
-15	8055
-15	-14193
-9820	-21724
-4917	-1634
9790	-6962
-9820	-6295
-15	-13168
19596	-52
-9820	8479
4888	8956
-9820	-8835
4888	13933
4888	-4815
4888	-10230
4888	-4042
19596	-1691
4888	17592
4888	5318
14693	-6586
-15	17465
-15	2704
-15	-2216
-9820	-18398
14693	1689
-4917	-19402
-24528	-2225
-15	-22376
4888	15735
4888	6960
-15	-6668
9790	4748
-14723	6723
-14723	8210
14693	3232
-9820	-18031
4888	3475
-4917	5962
19596	-3827
-4917	-2089
-4917	-18139
-15	4269
-4917	8148
-9820	-1429
-4917	6619
-4917	-12578
9790	16670
-15	-12729
4888	-2479
-15	2228
14693	-5465
4888	761
-4917	-57
9790	-880
4888	-2297
4888	11415
-15	5716
-14723	10302
4888	11453
-24528	1853
-19625	-2029
14693	-211
4888	-6168
-4917	6979
-19625	-5420
4888	10655
-4917	-15566
-9820	4143
9790	-1598
-4917	-12634
4888	-6155
-4917	12392
-4917	-1393
4888	16460
-15	5856
-4917	4621
4888	-1884
9790	5533
-15	-11128
9790	14406
-15	-9607
-15	-11658
4888	-16891
-19625	83
-15	-20654
4888	8606
9790	8946
-14723	4160
-15	22004
4888	-11868
-14723	-6280
-15	-6998
-15	5936
24498	15689
14693	-17830
-14723	-4892
9790	-9274
-15	3253
-4917	-13556
-9820	5709
-15	-14536
-4917	9826
-14723	-2615
9790	5352
4888	6459
14693	-8690
4888	21057
-14723	-23482
9790	1414
-4917	-13259
-9820	-4756
9790	-15481
14693	-4540
4888	2893
-14723	-3047
4888	-1361
-19625	9129
14693	-6405
-19625	10694
-15	1898
-9820	208
9790	-22852
9790	7575
-9820	-9932
-15	-12795
9790	-496
-15	-1209
-9820	-2357
4888	-6594
-15	-2094
-4917	5597
-15	-13391
-15	481
-4917	13002
-14723	8188
-15	2019
-15	-7101
9790	-11711
-19625	-13683
4888	-16842
14693	6184
-15	7696
-15	3764
-15	10664
4888	-10317
-15	1107
9790	-9740
19596	25406
-15	-14091
-14723	2290
9790	-9639
4888	-19515
-9820	1302
4888	-2174
4888	-7762
-4917	-20376
4888	2235
-15	7271
-15	4990
-4917	-5579
-4917	-2124
-15	-106
14693	17989
-4917	-8264
4888	11692
-15	10947
-14723	-14486
4888	143
-9820	-14143
-9820	753
19596	-10369
-15	4802
4888	-8008
9790	14560
9790	9199
-4917	10755
-4917	11049
-15	-12235
14693	1022
-15	-19149
-15	548
-14723	-18662
4888	12414
9790	2973
4888	-2104
4888	-4369
4888	1297
4888	2019
4888	837
-15	-8044
-9820	4718
-14723	14155
19596	-10895
-4917	2373
-4917	11204
4888	14123
9790	9516
-4917	12523
-15	2569
-4917	-11872
-4917	4423
-14723	4578
24498	-12279
-4917	11768
9790	-13251
19596	-3845
-4917	-11378
-15	2012
-9820	3117
-15	-12377
4888	13982
-4917	-2050
-9820	-6328
-4917	8450
14693	-7286
4888	-1371
4888	2847
4888	460
-9820	-5386
4888	6242
-15	-9790
-15	-3780
4888	-1797
4888	-22879
-9820	7035
4888	425
-15	-4919
9790	-10741
-15	-952
-15	8766
9790	5638
-15	-10215
-9820	-8958
4888	-2442
14693	1794
-19625	16242
-4917	12298
-4917	16857
9790	-2498
9790	12522
-4917	17796
4888	8264
-9820	-9496
-15	10682
-9820	-10433
14693	1994
-4917	7696
-9820	10165
24498	1999
4888	3035
-14723	-14349
-4917	-4347
-4917	-5292
19596	-15132
-15	9106
9790	-12405
19596	-3552
-4917	-6711
14693	5784
-4917	-18300
-15	9445
-4917	3087
9790	6296
14693	6603
14693	-10349
-15	10319
14693	-19048
9790	2808
9790	-27178
-4917	6953
-15	7647
-4917	12324
-19625	-3029
-15	-18460
-14723	-7219
4888	3850
14693	-1718
4888	2159
-15	13031
-9820	-13505
9790	546
-4917	-6282
-9820	4319
4888	-3499
9790	-16108
-9820	11059
-4917	-7872
-15	-1362
4888	11786
-14723	727
-4917	1821
4888	-13145
-15	-5901
-15	-4483
4888	-7977
-14723	15197
-4917	-574
-14723	5371
-9820	-11720
-9820	11011
4888	-6214
9790	-7753
14693	-3422
4888	2418
4888	1079
-14723	-24298
9790	1593
4888	-12483
-9820	-9294
-15	4681
-4917	8127
4888	17128
-15	-5679
-4917	18825
-14723	-13300
4888	-11067
-14723	1756
4888	-5208
-9820	-3273
4888	10223
4888	3843
9790	9101
9790	9461
4888	-3722
-15	-10971
-4917	12293
-15	-10366
-14723	-22969
-9820	16780
4888	6024
-15	-15755
-15	3261
-4917	-3210
-15	7723
9790	19149
4888	1948
-15	14871
-4917	14742
-15	-20168
-15	-3052
-9820	16947
-15	11386
4888	-6134
9790	-6552
-15	-2668
9790	-23912
9790	-13561
9790	14449
-34333	15328
4888	13110
9790	-2321
-14723	-13186
14693	-10078
-15	-25762
4888	24483
-9820	-5028
-9820	6599
-15	5267
-15	6834
9790	-210
4888	-4865
-15	23801
-14723	2412
4888	11919
-9820	7941
9790	-21436
-14723	-14187
14693	-11637
-15	9155
14693	-10104
-15	-14885
9790	23692
-4917	20333
-9820	11121
-4917	-4450
14693	10755
4888	-12588
4888	1497
-15	5929
-15	-1793
-15	14289
4888	13181
4888	5694
-9820	4553
-9820	-5776
-9820	7311
-15	-3306
4888	-9009
-9820	-660
-4917	-13389
-15	8356
4888	10320
9790	-4811
-4917	10666
-4917	-10273
-15	724
4888	3423
14693	5663
9790	9575
-14723	20274
-14723	-1731
-9820	284
4888	-8870
4888	18787
-9820	3097
4888	5830
14693	-7305
4888	-20171
-4917	16073
-15	-7971
-14723	-6154
14693	-1807
-15	1160
4888	4140
-9820	11658
-15	9213
14693	-2107
-4917	19470
4888	9434
-15	-8027
-9820	-8806
-9820	10376
4888	-11412
-15	12494
4888	-7451
-4917	10181
-9820	1235
4888	15645
9790	-7269
-14723	14089
14693	4619
-4917	354
4888	9868
4888	12145
4888	12254
9790	12592
9790	-16417
-14723	-10227
-4917	9719
-9820	-6965
4888	-7279
-14723	-417
9790	5597
-19625	13262
-19625	-2975
-15	-3127
4888	-3009
4888	1531
4888	8634
9790	16797
-15	11227
9790	6658
4888	-9698
-19625	-2512
-9820	-9023
9790	617
14693	408
-4917	-11041
-4917	16456
-4917	6876
24498	15967
14693	10968
-14723	-10546
-15	3639
-15	-19665
4888	20007
-9820	13346
4888	10555
-15	-14569
-15	-19614
-15	8147
-4917	10518
-4917	13042
14693	-14719
9790	-12668
4888	4389
9790	2304
4888	-8482
-15	-10346
-15	8175
-4917	2785
-4917	-25325
-15	-13318
-4917	7481
-9820	-4113
-15	7913
4888	18573
-9820	-6648
-15	-908
9790	4022
-19625	-5845
-15	5559
9790	-2867
-9820	10333
-9820	-2639
-4917	3679
-4917	-7401
-4917	-16155
-9820	-5217
9790	2710
-9820	-1133
-9820	1469
19596	5768
-15	4796
14693	-16591
4888	4641
19596	11248
14693	-13526
-4917	-5340
9790	8731
-9820	8686
14693	-557
-9820	-19342
4888	22547
4888	19015
-15	-5831
9790	-6859
-15	3718
-15	12328
-4917	-8910
-4917	12029
-9820	-16780
4888	-4301
9790	2890
4888	-4485
4888	14855
-15	9040
-4917	-3717
4888	-7395
-15	-905
4888	11727
-4917	-4169
-9820	9416
-15	2250
4888	-2537
-4917	-5657
-15	-4620
4888	-10226
9790	-16492
4888	-14373
-15	-2213
4888	-8700
4888	4799
4888	5275
-15	-3677
-9820	12597
9790	4394
-4917	-8932
-19625	-10060
14693	-15986
-19625	-11674
-15	8228
-4917	7959
-19625	6160
-34333	4664
9790	-2361
-4917	9844
-4917	778
-14723	-11517
-9820	-13340
-15	15512
-15	-5771
-9820	-6090
14693	-2884
-4917	560
-9820	6096
9790	-5520
9790	-2361
4888	14865
-4917	4919
-4917	16244
-19625	3711
4888	7317
-9820	-18822
-15	11127
-19625	-12493
-4917	-3887
-15	-14964
-14723	9411
-24528	-10492
24498	3980
-9820	-10786
-19625	-6461
-9820	2012
4888	8198
-19625	14948
-9820	-11146
-15	10774
-9820	2380
4888	7136
-15	9418
-4917	-2365
-15	-8389
14693	4166
19596	11996
19596	886
4888	17562
-15	-2989
-15	-21769
-4917	-7197
4888	-983
4888	10106
-9820	-11752
-15	-4013
-9820	2604
-9820	13290
-15	-21029
-14723	-9647
9790	284
-9820	-2690
-15	13089
4888	-7441
-14723	2905
-9820	7655
4888	4283
4888	-27129
9790	-12506
-9820	-9674
4888	20037
14693	-6157
9790	-359
9790	20162
-9820	-23320
-4917	5330
4888	1016
-9820	9026
-4917	-6560
4888	-1625
24498	20371
9790	-35
-4917	-2543
-14723	-6944
-19625	-13566
4888	1696
9790	-16359
19596	-11018
-24528	-7152
-9820	-2426
-9820	-3248
9790	9753
-14723	-2982
-15	-4071
14693	-19447
-15	-5721
4888	-1152
-14723	12645
4888	-12822
4888	141
-9820	1671
-15	4958
-15	-4093
4888	-8896
9790	20014
24498	-11037
-4917	-5722
19596	4666
4888	-7275
-9820	-7773
14693	3252
4888	6815
-14723	8936
4888	-10633
9790	6913
-15	9237
-9820	-4189
14693	650
-15	-14127
-4917	3522
24498	15566
14693	7515
-4917	3040
9790	-5244
4888	-13555
19596	-6848
-14723	188
-15	-17559
-9820	11906
9790	6629
4888	11895
-4917	11921
4888	11990
-15	1795
-15	-2598
-9820	2712
9790	-25786
4888	-5136
4888	-4297
-15	13012
14693	-4395
-4917	14188
-4917	-170
-9820	-15456
4888	7946
4888	-7994
-14723	1687
-15	-9672
9790	4820
4888	-907
-4917	17979
-9820	8437
-15	-14218
-9820	19917
-9820	-994
14693	-5843
-9820	-14954
9790	7452
-4917	7277
-9820	6931
-14723	2451
-4917	6097
-4917	7992
9790	-2620
19596	2944
-15	1612
-4917	-4604
-15	-386
4888	16912
4888	-5036
4888	33
-4917	11954
-9820	-602
-9820	-2013
-4917	2699
14693	5558
-14723	-4040
9790	13770
-9820	-12384
-4917	-3463
-4917	14451
9790	-18362
9790	-2433
-15	3693
4888	2077
-9820	6220
-15	9425
4888	10517
24498	-10129
-14723	-437
-4917	-10246
4888	-17840
9790	6623
-15	746
4888	8162
-24528	-7332
-9820	-3958
4888	-17280
-14723	1009
-14723	11861
-4917	12144
9790	-15608
4888	1511
-4917	14277
14693	-18031
-15	-8152
9790	8119
14693	-3486
14693	1800
-15	-8206
-14723	-9949
9790	-21011
-15	-718
-4917	-1273
9790	11686
-15	-19612
-9820	13735
-9820	-2555
24498	17058
-19625	-10643
-15	6365
9790	-3339
4888	-2635
-9820	-9935
-15	-6454
-14723	13951
4888	-16586
-4917	-9402
9790	11750
-4917	-11132
-9820	-13753
9790	12675
4888	-2157
4888	-768
-15	-1085
9790	10669
-4917	-1200
-4917	7939
4888	-5779
4888	6701
-4917	12250
-15	-17871
-4917	-6773
-4917	-9627
-9820	7298
4888	15658
-14723	12257
-4917	14014
-14723	15183
24498	11158
-4917	15589
-9820	18855
-15	-14623
-4917	-9659
4888	2227
-14723	8919
14693	13554
-15	-15713
-15	24743
9790	12513
-24528	-2199
4888	-4212
4888	-948
-4917	-2787
4888	-2840
-4917	9997
4888	3316
-15	-6194
9790	-7171
4888	-1254
9790	899
4888	-5699
19596	6955
4888	15040
-9820	10605
-15	-1553
-15	-7582
-19625	-499
-4917	-4182
29401	-3805
-24528	18944
-9820	-1763
-19625	-2474
4888	776
-4917	-4749
-4917	15393
-4917	10633
-9820	-24204
9790	5614
-14723	-12395
-9820	8030
-4917	-8837
14693	13776
-4917	-16482
-19625	12966
14693	6402
-4917	-18256
-15	-6243
9790	-11289
-15	2448
4888	8593
9790	-24015
4888	3667
-4917	6605
9790	8037
-15	-5566
9790	8807
-15	12098
-15	5229
9790	12913
9790	7093
4888	-5722
4888	12297
-4917	-1081
19596	-6054
9790	-1432
4888	3834
-9820	6896
4888	2526
9790	-9596
-4917	12405
-9820	966
-9820	7785
-9820	-7583
9790	-12510
-14723	-8071
4888	7530
-15	10286
-19625	-10391
9790	731
9790	3774
-4917	-8962
-15	-6514
14693	14164
-4917	7071
-15	-20092
-4917	-2531
-9820	5994
-9820	9718
-15	7116
-4917	-1706
14693	-7659
-15	-1967
9790	-13825
4888	1877
4888	18291
-15	19050
-9820	-9395
-15	18818
4888	11759
-9820	12387
-15	15433
-9820	-23636
9790	-19144
4888	-7594
9790	1099
14693	-13144
-15	-441
-15	14676
-9820	1096
-15	-8073
14693	-2745
-15	-11988
-9820	5963
-4917	-5729
-4917	-20462
-4917	13239
14693	-20091
-4917	7323
19596	1263
4888	7298
-15	1033
9790	8931
-9820	-23567
4888	-7815
-15	-10435
-15	-4486
-4917	-10186
-15	6951
-4917	9996
9790	-67
-4917	7870
-19625	-5293
34304	-9440
4888	-15189
-4917	15618
-9820	-10684
-15	3587
-19625	-9674
-9820	3328
4888	-3480
4888	-3821
4888	6989
-14723	-1157
4888	5046
4888	-4581
-9820	709
4888	-3455
4888	-11828
9790	21408
-9820	-11886
-4917	5803
-15	8539
-9820	1579
-15	1630
9790	-7294
29401	1924
4888	-16464
4888	-12800
-15	-1900
14693	-22496
-9820	11138
-15	-12975
-14723	1562
-4917	1901
-15	5763
9790	11364
-15	-18750
4888	7025
4888	4162
4888	-14959
-4917	5232
-15	8200
14693	2055
19596	1373
14693	-22686
-15	17160
4888	-4545
4888	-3797
-19625	-10721
-15	1345
9790	6152
-4917	3886
-4917	18122
4888	3529
-15	-4324
-24528	-12771
-9820	-10186
-9820	-14059
14693	-4762
-14723	-9238
-14723	15605
9790	-5249
-15	-3234
-15	14413
-4917	14938
-15	-16750
-4917	11241
-9820	-5684
-19625	8029
-14723	5078
4888	13686
-9820	-2745
-15	3691
4888	-19006
-9820	-2096
4888	-4563
4888	12093
-4917	-4629
-9820	12009
-14723	8576
-15	1176
-9820	3027
9790	11111
-15	9676
-4917	9648
-15	-8227
-4917	-7065
-4917	7201
-9820	3580
-14723	8445
-15	-8167
-4917	-20096
-15	-3597
14693	-15631
9790	-1358
14693	14529
-14723	-10915
-15	12982
-4917	-160
-4917	6868
4888	-6142
-4917	4284
-4917	-5750
-19625	-4930
19596	-16287
9790	10725
-4917	-3638
9790	6472
9790	-2384
4888	3476
14693	-10247
-15	-8878
-4917	11482
-15	-7350
9790	-5846
-4917	3240
-4917	-6051
-24528	5958
-15	-17991
-15	4871
-9820	-8868
-4917	-13326
9790	1292
4888	11176
9790	-9648
-9820	-4423
9790	11363
4888	5638
-9820	5205
-14723	10561
-9820	3823
9790	4793
4888	650
-15	8193
-14723	4077
24498	13770
9790	-18718
4888	8048
-19625	-5785
-4917	7006
-14723	11840
4888	10181
-14723	-11364
-4917	11019
14693	12651
-9820	3034
4888	12601
4888	-1396
-14723	675
4888	-6243
9790	-404
9790	12721
-9820	12236
4888	-15037
-9820	-4582
9790	-3794
-4917	4864
9790	755
4888	-18312
9790	-14840
4888	-7316
4888	17150
4888	4455
-14723	11799
-14723	-16853
-15	12432
4888	1389
-4917	2391
-9820	867
-15	11204
14693	-1265
24498	-4650
-4917	7038
9790	-7091
9790	-1064
29401	19306
-9820	925
-15	8667
-4917	-9487
-15	-7688
24498	13638
-14723	7699
-15	1603
4888	1082
-14723	-1034
-15	1275
-15	9800
9790	2683
-14723	1400
-9820	-2611
4888	10315
-15	-11087
-15	-15284
-15	-11059
24498	-4100
4888	3179
-14723	-6935
-15	-1727
9790	4167
-14723	-10400
-15	-16479
-15	-92
-14723	11060
-14723	2022
14693	-14446
-4917	8022
9790	4354
4888	-2904
4888	-5259
9790	7645
-15	6355
-9820	2056
9790	-818
14693	-1535
4888	20460
-4917	-11160
9790	8708
4888	-9307
-9820	-11301
4888	12712
-4917	14955
14693	-10905
9790	-12690
-9820	7664
9790	-9340
-15	-4737
-4917	-6336
4888	2245
-14723	-2005
9790	-11988
-9820	-1335
4888	-1180
-15	-3447
9790	6932
4888	10157
-15	-4167
-9820	-21144
-9820	10005
-14723	-3540
-14723	-14267
19596	8484
-14723	14496
-15	-14018
-4917	-8330
-4917	-2658
9790	4256
-4917	16958
4888	64
-15	11739
-15	18038
14693	7034
14693	5397
-14723	-12154
9790	6350
-15	7676
-9820	-3487
19596	-33130
4888	21652
9790	5376
-15	-6423
4888	1137
4888	6160
-15	9394
4888	2903
4888	-10690
14693	-5390
-14723	15250
-15	2618
4888	-7933
-15	7874
9790	-9770
14693	8578
-9820	10949
-14723	21556
-4917	15743
-4917	-29004
-15	-17118
-15	5513
-4917	10807
-4917	495
-15	6965
-9820	-1139
9790	6971
-9820	4079
4888	8124
14693	9376
14693	2730
-15	11437
-4917	-19117
-9820	-3802
-15	-6025
-4917	-21823
4888	4708
4888	14402
-19625	-13901
-15	-1794
-4917	-6104
-14723	3237
9790	291
-14723	-740
-9820	7705
-15	-14883
9790	6526
-9820	3582
-4917	8692
-15	913
4888	6878
9790	-8574
14693	-107
-4917	10195
-14723	1807
-4917	5917
4888	7991
-15	-12083
-19625	-3653
-4917	5684
-14723	-1272
4888	-3791
9790	-4396
-9820	-20741
-9820	-23831
4888	-17934
-9820	4778
14693	-10409
-15	-5743
9790	11766
4888	7485
-15	-6660
-4917	-18790
9790	-9586
-4917	-16595
-4917	-10498
-4917	-2636
-15	-11913
19596	14170
-9820	22868
14693	-2163
4888	3713
-9820	11253
-4917	-12948
-15	7540
-4917	-6635
19596	6646
-15	-3128
-15	-10747
-15	10800
-4917	-2976
-15	1974
4888	-19716
-15	-3250
14693	16731
-15	1402
-4917	3977
4888	2350
19596	10513
-9820	4907
4888	-9605
-15	6263
9790	219
-4917	-10865
9790	3558
9790	-7332
-4917	9450
-14723	-12548
-15	-15892
24498	-15879
9790	9083
-14723	1586
-4917	8081
14693	6542
9790	7115
-15	-8826
14693	6191
-4917	-11279
-15	3838
14693	4879
-4917	-854
-19625	-6760
-14723	-3996
-15	14327
-15	4178
-9820	-13663
-15	10903
14693	-6209
4888	5633
-4917	-1223
-9820	13030
-9820	4132
-9820	-8600
-4917	9874
-15	4416
-9820	-2490
-4917	10083
-9820	-14576
-15	-1295
9790	-4872
29401	-2660
-9820	-7199
-15	-1546
-4917	-1808
-4917	-14455
-9820	242
-15	527
-4917	6665
4888	9934
4888	5741
-4917	3801
4888	20216
-15	5145
-19625	9018
-4917	4019
-15	2140
-4917	-7613
9790	9540
29401	-1963
-15	13880
-15	673
-9820	-13742
9790	-4203
-4917	-17442
-4917	3547
-15	-7005
-9820	-7424
-9820	9110
9790	10570
9790	-2145
14693	6957
14693	-1625
-19625	-6278
9790	7148
-4917	1017
4888	-6059
-15	2443
4888	9699
-15	21406
19596	-14292
-9820	8266
29401	21748
-4917	-5701
-15	-15210
14693	5701
9790	3266
-24528	-9095
-15	-9805
-14723	7380
4888	-7211
-14723	-2655
-14723	-4450
-9820	-11677
-4917	-3176
-14723	-13349
-15	-6355
-15	-12021
-15	746
-15	-8526
-4917	-3791
-15	1679
-9820	6222
-9820	-4865
19596	-10624
-4917	-524
-15	-6748
14693	21810
-4917	-15503
4888	-4441
9790	2920
4888	14911
9790	-19384
4888	-368
14693	-9490
4888	-8103
4888	10769
-15	12788
-15	2981
-4917	974
-15	10336
14693	-3092
9790	9851
-4917	-2569
-9820	8847
-4917	-11126
9790	-3154
4888	-17198
-9820	-11920
-4917	12643
14693	-2296
4888	12833
4888	10661
-29431	14917
-4917	-10653
-9820	3781
-9820	-29225
9790	-11897
-15	-1348
4888	-5970
9790	-7651
9790	23821
-19625	-1868
4888	9253
4888	-13665
4888	11706
4888	4887
-4917	-18781
14693	-1307
-15	5514
-4917	13882
4888	837
-4917	-1294
4888	1866
-19625	-2687
14693	-2460
-15	-7705
-14723	2123
-15	337
-24528	-1688
4888	10
-9820	-10542
-4917	11854
4888	-28078
-14723	19054
4888	-16805
4888	1138
4888	-11530
-4917	3285
-4917	-2961
-15	6060
-15	16438
-15	-5905
19596	1044
-14723	-9710
-15	17310
9790	-4688
4888	2254
-15	-22242
-4917	3735
4888	-13039
-15	1499
-15	-9485
-15	10193
-9820	-2074
9790	4756
9790	3311
4888	9954
19596	912
14693	-18668
-4917	1393
-9820	1031
-14723	1485
4888	13761
-4917	-9873
-4917	-25480
-9820	15791
-15	2623
9790	19355
-19625	8933
-9820	17573
29401	9636
19596	4845
-15	-3630
9790	-1358
-15	-634
9790	-13366
-15	-14176
-15	-12501
-4917	3685
-15	2548
-15	10464
-14723	9347
-19625	-750
-15	11721
-15	-7062
-9820	-5852
-19625	-16733
-4917	-15402
14693	3643
4888	-17278
-4917	6166
4888	-11105
-14723	-4499
-9820	-3518
19596	2975
14693	6222
-9820	-10377
-15	-7274
9790	-10289
14693	10236
-4917	3222
-4917	7770
4888	18062
-15	9365
24498	-1441
-15	9504
-15	8001
-19625	-6155
9790	-21643
9790	-1499
-9820	-4358
-19625	1603
4888	8334
-4917	2383
4888	3420
-9820	-4707
-14723	-2536
-4917	-21224
14693	-2364
-4917	-8219
-15	-2428
-9820	-7639
-4917	9892
-15	-3849
-9820	3990
-15	-10116
9790	9242
9790	-4279
-15	15331
-4917	3978
-15	-24910
-4917	2960
4888	-8633
19596	12099
-15	-12091
14693	3018
-4917	1001
-9820	14232
-14723	-20968
-4917	-5768
-4917	354
-19625	11447
4888	5756
-14723	10255
-9820	-21407
-15	2607
9790	-6927
9790	3344
19596	6148
9790	-1288
-19625	-6738
4888	-11240
4888	12971
-9820	8291
4888	2880
9790	-6128
-9820	5498
-15	2812
-15	4043
-9820	-5622
-15	-7994
4888	-23295
9790	-8319
-15	2501
-19625	-11290
-9820	-17576
-4917	-11423
9790	9404
-4917	1811
-4917	3227
-14723	-12401
-4917	-11470
14693	6728
-14723	7927
-15	609
-15	-8500
-4917	295
-9820	-7264
-19625	17147
14693	-2830
-15	11974
-15	10554
-15	-1189
9790	1470
-14723	4916
9790	1415
-15	3567
14693	25956
-9820	3571
9790	-3933
-4917	2658
14693	-8836
14693	8944
4888	10591
4888	7136
4888	-14996
9790	-17930
-4917	-96
4888	10240
9790	9849
-9820	-865
-15	-7311
4888	17909
-14723	-6520
-9820	-15706
14693	-21669
9790	-3265
-4917	3836
-15	4100
-4917	-4047
-4917	-7195
-15	3296
9790	-17896
14693	748
4888	10473
-9820	3650
4888	4630
-4917	13250
9790	-7355
-4917	2755
9790	-7065
-9820	3375
-4917	-2835
4888	-9232
14693	9283
-14723	1376
-9820	14666
-4917	-557
-15	-8153
4888	854
-9820	-4255
4888	-6336
9790	-1117
4888	3033
-4917	5158
-14723	-2121
-4917	3948
9790	13327
-4917	8947
4888	-3499
-19625	-17398
-4917	-6916
-4917	5197
-15	-13215
-4917	-1525
9790	12767
-4917	-9483
-14723	-6952
-9820	-4174
-15	-2799
14693	2903
-4917	-12983
-15	7329
-9820	-5068
-39236	-7817
14693	10512
-4917	7502
4888	-15761
9790	8723
-14723	7581
-9820	-1998
-9820	16108
9790	-9715
-15	22424
-15	-2926
14693	3230
4888	-3123
4888	10394
4888	-9482
-14723	8506
-4917	-18458
-19625	-4126
4888	-6882
19596	-6933
-15	-10235
4888	13578
-9820	17840
-9820	-6194
9790	-1116
4888	2121
4888	7096
9790	9547
-4917	1431
-15	4455
14693	-1614
9790	-167
4888	633
9790	2942
4888	-15845
-4917	6471
-4917	-9141
4888	8431
-4917	6821
-14723	8830
4888	16424
-15	-1388
9790	4978
-4917	-9014
24498	-4900
4888	-9338
14693	12968
-4917	9978
-15	21872
14693	-15939
9790	-5174
19596	12453
14693	16854
14693	18480
-9820	-5778
-4917	-7861
14693	-21134
4888	8120
-19625	19709
-15	6760
-4917	-8690
9790	3156
-15	-15567
-9820	-7548
4888	5277
-4917	10738
24498	-7421
-4917	3186
4888	-16046
4888	11384
14693	6565
4888	11175
-4917	-17889
-15	-10636
-15	5065
-14723	17370
-19625	-11643
9790	-16718
19596	-8121
-4917	6958
9790	-2262
19596	20343
-9820	-8250
4888	-9662
-15	3210
14693	1663
-4917	-5351
-15	14085
-15	-1780
9790	2974
9790	4927
-15	-2683
4888	-9
4888	13784
-4917	-4339
-4917	2621
9790	12050
-4917	14655
-4917	1436
4888	-1550
9790	11941
-4917	-23221
-15	-10955
-9820	15744
-4917	-19868
-15	19721
9790	-1411
-24528	2098
-15	-7438
-9820	-11831
-24528	4679
14693	-2394
-15	-634
-4917	-16273
-15	-3413
-4917	-2803
19596	16717
4888	-5561
4888	5256
-14723	-11816
9790	348
4888	-6529
9790	10042
24498	-7959
-4917	-7867
4888	11589
-15	1918
-4917	-133
24498	2994
-4917	441
9790	15684
-15	-11943
-4917	-8723
4888	1005
4888	-8818
-15	3445
-24528	3036
-14723	-573
-15	-18705
9790	5768
4888	13776
-15	7652
14693	8783
-9820	6268
-9820	-15052
-14723	14980
-4917	10057
-9820	19065
14693	-6540
4888	-24695
19596	-4129
4888	10329
-15	-4715
-15	9048
4888	-3574
-15	-17178
4888	-4346
-4917	13180
14693	14161
-15	-8748
9790	-5399
14693	-2395
9790	1903
4888	7211
4888	4137
-19625	-6461
-4917	-2507
-9820	3436
4888	-3197
-15	2260
14693	1559
-9820	6360
4888	18710
4888	7160
14693	4825
14693	6971
-9820	9511
19596	-11809
-19625	-8510
14693	-9661
-14723	3444
-9820	-8732
-15	9219
-24528	-6451
-15	-5104
-9820	16751
-15	-20988
9790	-18118
-4917	16625
-4917	6862
9790	13225
-15	364
9790	-610
-14723	6492
4888	169
-15	14751
-4917	1459
-4917	-19081
-14723	13292
-9820	7254
9790	-10207
-9820	10661
4888	12101
-15	1532
-14723	8087
4888	15219
19596	1992
14693	-914
4888	3156
-14723	-9874
9790	-5650
4888	-10353
-15	5606
-15	-15779
-4917	-4275
-15	18840
4888	-2586
9790	-1127
4888	-10458
4888	-10251
-4917	-2676
4888	-11998
-15	-2967
-4917	-3171
4888	11530
-15	-6544
4888	-4379
14693	-3599
4888	-1439
-14723	3031
-15	-6361
4888	14945
-15	-4338
-24528	-7631
-4917	-18983
19596	-5178
-9820	16454
9790	-2660
-4917	13258
14693	3964
19596	16277
4888	13692
-4917	-16103
-9820	8184
-4917	-146
4888	3113
9790	5712
-15	7431
9790	-9266
4888	-5205
9790	-6977
4888	-11436
4888	4623
-9820	-29266
-15	-3410
-14723	-6027
-15	16045
-4917	-9865
-14723	8488
-4917	-1414
-9820	-8597
-9820	-15089
14693	15268
-4917	963
4888	-3535
-4917	-24240
-4917	8081
14693	987
-4917	13394
-9820	-5128
-14723	4810
4888	8913
-9820	-1971
-15	-11323
9790	3596
-4917	7497
-4917	15407
-9820	1255
4888	2552
-4917	-3943
4888	13302
-19625	-5634
-4917	4284
9790	-14716
-4917	-1506
-4917	-13838
4888	-3556
-14723	1598
4888	7958
-15	-7728
-15	2701
-14723	9977
4888	-214
-14723	-8897
-4917	-5172
-14723	13101
-4917	25998
-15	-15125
9790	-6925
9790	9819
-9820	-10380
-15	9354
-9820	13541
-15	524
-15	-5120
-4917	8923
-15	-15781
-24528	3452
4888	-5995
-4917	-426
-15	-10222
-15	7817
9790	-2600
-15	10218
24498	-5669
14693	-21830
-4917	-2036
-4917	-1562
-15	-8039
-15	5107
4888	-9483
-4917	8602
-4917	11407
-9820	4084
-9820	-4370
-9820	601
-9820	-757
4888	-5155
-9820	4426
14693	12923
-4917	16507
-14723	-3636
4888	-4569
-9820	-8858
4888	-8433
-9820	-13573
-14723	-3119
9790	13294
-15	7878
-9820	-3768
-19625	-4949
-15	7482
-4917	-4574
14693	7638
-15	1144
-9820	6385
19596	-20834
14693	5993
-19625	-4482
-4917	9000
-9820	-3663
-4917	669
-15	-10826
-15	-17643
4888	16985
9790	8850
-14723	-4389
-9820	10085
4888	-707
19596	-11477
-15	-1749
4888	-5057
-4917	5551
4888	8776
4888	-32995
14693	-3439
9790	9769
4888	1328
14693	4270
-15	2403
-15	-23241
-4917	6185
9790	-15925
19596	-5149
-15	-2220
4888	-3447
4888	-10658
-15	2807
-4917	5408
9790	10112
-15	-8834
-4917	-3958
14693	-539
4888	7333
4888	297
4888	-2781
-14723	-4270
-15	2776
-4917	11365
-4917	-7829
4888	-149
-15	-3764
4888	-3768
-15	-1913
-4917	254
-9820	11239
-15	5387
4888	-9109
-14723	961
-14723	-7700
-4917	-2197
4888	-17762
-4917	708
4888	-816
-19625	-7067
-4917	-10463
-15	-14000
9790	18720
-19625	-1399
-19625	22647
24498	-10749
-4917	-7226
4888	450
-4917	3252
14693	6874
9790	2030
-15	-11454
24498	-911
-9820	-5517
9790	9734
-15	1727
-9820	-6098
14693	10878
-15	-11530
9790	12213
9790	8419
-15	6684
-9820	6774
-15	12922
-15	3961
-4917	-4167
-4917	7287
-4917	3347
-15	-10463
-4917	-15328
14693	21020
-9820	-12571
-9820	4566
4888	-11056
4888	7733
-4917	51
9790	6192
4888	-19489
-9820	-1716
-4917	10210
4888	14954
-15	-3876
9790	-18920
-15	21071
-15	5641
-9820	-1324
-14723	-4395
-15	485
24498	12611
-15	13593
-15	-12078
-4917	-5766
14693	8490
4888	571
-4917	5248
4888	293
-15	-4380
-9820	-5023
9790	-11789
4888	7108
9790	8712
-14723	8386
-14723	8517
4888	13763
19596	18391
-14723	967
9790	12314
4888	12816
-14723	-15815
-15	6083
9790	-5921
9790	-5022
-24528	-6248
-24528	11281
-4917	-6370
9790	3431
19596	14310
4888	3911
-4917	-11143
9790	-16569
9790	-8525
9790	5904
-4917	13346
14693	9955
9790	-8684
-9820	6739
-4917	-15095
4888	-8036
-4917	-573
-9820	4086
-9820	6336
9790	6383
-15	-3026
-14723	-1267
14693	13292
-4917	-15679
-4917	6254
-9820	8374
-4917	-18811
-15	9615
-4917	-1936
-4917	10264
-14723	4218
19596	3854
-14723	10684
-9820	13786
9790	18787
-4917	13884
14693	8476
-9820	16958
14693	-1212
-15	-3766
-9820	10207
-15	-15625
14693	-9180
-15	8298
14693	12076
-4917	6480
9790	3145
-4917	-16367
-4917	-14872
4888	-12041
-9820	15
19596	-2493
4888	15026
-4917	-11564
9790	8623
-14723	15744
9790	3905
14693	-6047
-9820	-6667
-15	2918
-4917	2104
9790	2496
-4917	6614
-4917	-4012
-4917	-4696
-4917	4711
-15	-10606
-4917	4398
-15	4408
24498	-6689
-15	6313
-15	772
-9820	-16061
-15	-3760
9790	-13152
9790	-820
-9820	17803
-4917	-6021
4888	357
9790	-11595
-9820	-723
-9820	-23719
-19625	3258
-15	5530
14693	4350
14693	-35
-4917	14773
-4917	2732
-15	-4431
-4917	4360
-4917	-2319
-15	16405
-4917	4114
-4917	29685
9790	4929
9790	-1650
19596	10482
9790	6050
-14723	3023
-14723	10674
-4917	-15073
-4917	-17926
-4917	-5437
-15	-6270
4888	-4587
-4917	10251
19596	5829
-14723	-2507
-9820	7743
-9820	-310
4888	-8583
-9820	8919
-15	7155
-9820	-1680
24498	5934
-4917	-15440
-15	-12123
-9820	-593
4888	12936
-9820	-12318
-19625	14867
-14723	7875
9790	8652
-4917	20121
-19625	-4710
4888	4044
-15	-17273
-14723	-4001
4888	4796
-4917	-8072
-15	11297
-4917	-3710
19596	7070
-24528	11796
4888	18802
-4917	-2984
9790	-21641
-24528	562
4888	3808
-9820	-10909
-15	-9699
-4917	-24799
-14723	222
-9820	-6469
-4917	-2403
9790	-14700
-9820	-7622
-14723	-1836
-4917	12408
4888	8628
9790	15351
-4917	-14499
-4917	4291
-15	2252
-4917	-1555
-4917	-9787
-4917	-4655
4888	7538
4888	-12135
-15	-17767
-4917	-9120
-4917	-5969
-15	3010
-15	-2743
-24528	576
9790	-10548
-9820	-13850
14693	-9007
4888	1864
-15	-8869
4888	10422
14693	-13152
-9820	-10733
9790	-10177
-9820	-17573
4888	10022
-15	1135
4888	-14371
4888	4966
-9820	9299
-4917	-3919
-9820	3502
4888	9441
19596	18025
-9820	-3418
-14723	7093
-15	-8287
9790	9378
9790	-11401
-9820	-8825
4888	-7049
-15	963
4888	9404
-9820	13158
14693	-6089
-14723	-17191
4888	-12415
-15	-13251
-15	4262
-4917	-7361
-14723	5747
4888	-17520
-15	-1801
-15	-1439
4888	13057
9790	-8072
-4917	-12574
-9820	16392
-15	-11689
-4917	12335
-4917	-289
4888	-6159
-9820	-1636
-4917	10833
-15	-14898
4888	-20383
14693	-2757
9790	-15649
4888	-9035
-9820	1072
-14723	-14753
-24528	-13501
-9820	-4775
9790	-2312
4888	6174
9790	19532
-19625	-6754
-9820	7956
-15	-146
-14723	17313
4888	4930
9790	-21888
-4917	-215
-15	-9970
9790	-3625
-15	-5148
14693	-4320
9790	16479
-15	3317
9790	-5184
-9820	-12333
14693	1677
4888	-18297
14693	-5773
19596	8392
9790	12225
-9820	-3518
4888	7647
-14723	6161
-4917	-15894
14693	-2523
-14723	-2286
4888	-8962
9790	-9415
-15	-3376
29401	-6348
-4917	3041
4888	-8584
-14723	19149
-15	-2457
-15	-5412
9790	6391
-9820	-6011
29401	-5889
9790	-3119
4888	17964
-19625	-1023
14693	1141
-15	-3558
4888	15901
9790	3107
-15	7119
-4917	2447
9790	-27342
-15	-6910
-15	3113
-4917	5185
-4917	1068
4888	-1809
-4917	-13865
-4917	13509
4888	-13400
-24528	-7760
4888	150
19596	5434
4888	9852
-9820	6526
14693	606
9790	6854
-4917	1183
14693	-1105
4888	-2848
-19625	-15470
4888	-6085
-4917	-9074
-4917	10221
4888	-8751
-4917	3416
-4917	14491
-15	2212
-24528	-13205
-19625	-11331
-4917	-2387
-4917	-13170
-15	-1095
4888	11051
-15	3022
-15	-19474
-9820	-14175
4888	6798
9790	4641
-4917	8383
4888	3185
-4917	-17478
-4917	854
-4917	-17827
-19625	20113
-15	3116
-4917	5350
4888	-19403
-15	9807
-9820	5221
-9820	8144
14693	-12624
9790	11320
-19625	-7743
-4917	17812
-9820	5381
-9820	-2628
-15	2730
-15	-3948
-15	-17451
-15	6
-14723	3288
-15	3478
-15	-10976
9790	-8286
14693	-21107
-14723	-319
-19625	15004
-15	-2428
-14723	8145
-4917	1007
-15	-12921
-4917	-3548
9790	2770
4888	-373
24498	-16870
9790	-17386
4888	9945
-15	5875
4888	16083
-15	-9187
-4917	-8152
-14723	558
4888	-6345
-15	-6197
-9820	170
-15	8848
9790	-12687
-4917	-5788
-9820	11875
-15	5330
-4917	-2478
-9820	-8487
14693	11286
-4917	9989
-4917	-12091
4888	15581
14693	6203
-9820	6824
-9820	-3020
-4917	13727
4888	8880
-9820	-4691
-15	-927
-14723	-1023
-15	3438
9790	-8536
-4917	7547
9790	1633
14693	-14878
-29431	14011
14693	6539
-9820	-6942
-14723	-3398
9790	-8754
24498	-14847
4888	-16514
-19625	16970
4888	-4090
9790	-2810
-4917	209
4888	9185
4888	-896
9790	7958
9790	4018
-15	14094
-15	-10534
-4917	4257
-15	1136
-14723	13920
4888	-7981
-14723	-2400
-15	562
-9820	174
-15	3202
-4917	-4664
-4917	-10996
-14723	2679
-4917	-15021
4888	-6499
-4917	-7265
-4917	2775
9790	-22063
-14723	17477
-9820	12182
-15	-13698
-19625	7297
14693	-32
-15	12708
-15	2620
-4917	-11801
-15	12473
-15	3985
19596	4196
-9820	9356
-4917	3701
-14723	-3729
-14723	6613
-14723	-11183
4888	6068
-9820	-1469
-15	-2454
-14723	539
14693	-3349
-15	20198
9790	-8820
14693	-6258
9790	15785
-14723	-935
14693	3682
4888	-15922
4888	9027
4888	15557
4888	4144
-4917	13076
-19625	-17078
4888	10510
9790	3054
-9820	-5099
-14723	18041
-15	1822
9790	-5973
-4917	-9077
-4917	-9089
-4917	-3234
-4917	290
-4917	2028
-9820	-3323
4888	-17987
14693	-7058
-9820	-3116
9790	11170
4888	-13373
-15	-2988
-15	-10276
-19625	6637
-4917	-1276
-15	1809
-4917	-6101
-9820	-11876
9790	-9791
-15	-15430
-14723	-7832
4888	8293
-9820	16392
4888	-8672
-24528	10755
-4917	3868
-4917	-14647
-4917	-12881
4888	1935
14693	-5558
4888	954
-4917	453
-14723	2940
9790	7530
-15	-610
14693	535
9790	-3866
4888	13494
4888	-4585
-15	5531
-14723	-19354
9790	12802
-9820	-10200
-4917	-73
-15	-26247
4888	10863
-15	-10222
9790	-2076
14693	9569
-4917	-1738
14693	7688
-15	7021
9790	-5486
9790	7051
19596	15607
-4917	-18550
-15	3144
-9820	-21879
-9820	-18401
4888	2494
-4917	-6966
-15	4870
-4917	-11931
9790	-5327
9790	1479
-15	2444
-9820	6332
-4917	-10247
-15	13067
-4917	-3613
-9820	-8362
-9820	-8323
-9820	-4069
-14723	3370
-4917	-8557
-15	-4460
-4917	7683
-9820	-11888
-15	3878
9790	15869
-4917	2224
19596	13733
-4917	13436
4888	-9377
-9820	15614
-19625	-6797
14693	1366
19596	-15866
-19625	-1502
9790	3278
-15	-744
4888	3501
-4917	-22491
4888	-2195
4888	-4977
4888	-8389
-15	11891
-15	10337
4888	-1442
4888	3168
9790	12584
-9820	-3120
-15	7228
4888	-16709
4888	-5406
-14723	-1482
4888	13835
9790	693
19596	-18516
24498	10169
4888	16883
-14723	-11207
4888	-11793
-15	-11548
-15	-6111
-4917	-15096
4888	-2203
-4917	-5565
-15	-1789
-4917	11788
-15	1599
4888	8457
-4917	-16266
-4917	5489
-15	-3282
-15	14226
-15	3412
-19625	210
-9820	-24213
-9820	-12913
4888	11429
-4917	-1928
14693	5738
-14723	5372
4888	4076
4888	-1536
14693	6965
-15	13477
19596	9941
4888	1276
-4917	11900
14693	-3658
-14723	-335
4888	-10384
4888	9734
-4917	21325
-4917	14290
4888	4100
-15	-16813
4888	-4424
-15	13171
-9820	4810
9790	8756
-9820	15287
4888	2151
-9820	-357
-15	17790
4888	-4091
-4917	10497
4888	-9778
-4917	-8383
4888	-9478
14693	902
-4917	14541
-19625	-614
4888	-4265
19596	989
-14723	9338
4888	-13462
4888	3245
-15	2830
4888	-4813
24498	-2602
9790	-3975
-9820	7042
-15	-4218
-4917	-486
-9820	14086
-15	-2711
-15	-5479
14693	-9786
14693	-976
14693	-2303
9790	-5826
-14723	-3301
14693	30316
4888	-14253
-19625	-12361
-15	-7630
-4917	-2035
-14723	-6006
4888	6031
-4917	12813
-15	-6898
-15	12352
4888	-2927
-4917	13109
14693	-16147
-4917	-5507
4888	-10362
-15	2772
4888	512
-14723	-12076
-9820	2450
4888	10264
4888	5933
-4917	-7699
-15	14908
-4917	2147
29401	-11804
-14723	9613
9790	-11382
4888	5237
-19625	7887
-4917	-4635
-9820	6230
-4917	-5444
4888	6103
-4917	16174
14693	-4610
-4917	8079
-9820	4816
-15	1763
-4917	-22081
4888	-2867
-15	9541
-15	-12985
4888	-17917
4888	7626
-4917	849
-15	6784
-4917	-3982
9790	-2860
-4917	-11019
24498	4979
-4917	13127
14693	1953
-15	-1240
14693	-13775
4888	-5789
-4917	-4382
4888	17492
-15	12694
-14723	13343
-14723	-8361
-4917	559
-15	-16515
-15	1340
-9820	9031
-14723	-8287
-15	5839
-14723	-3018
-24528	-4656
-4917	11550
4888	8342
-4917	17765
-4917	-9571
4888	13775
14693	-2534
19596	-5222
-15	5901
9790	-16954
-4917	13354
-15	-5136
-9820	-4465
9790	-5201
-15	-5855
-15	-14915
-14723	12725
-9820	9552
9790	-12368
4888	-894
9790	3285
14693	-807
4888	-8693
-14723	-6453
4888	6133
-4917	-4805
-4917	-3455
4888	-16143
-4917	236
-4917	-1435
9790	4756
14693	-4850
-15	-13958
-24528	-20507
9790	-4467
-4917	27214
14693	-5832
-15	826
-9820	-9641
-15	-14380
-15	-8347
14693	6740
9790	752
-4917	-3941
4888	4333
-15	4935
19596	-6427
-15	10509
-14723	-6373
-9820	10005
9790	8622
4888	-17606
-9820	3848
-9820	9755
-15	-6495
-9820	-277
-9820	-16009
19596	1688
9790	-11413
-9820	7519
-14723	-13074
14693	13745
-19625	-6885
-29431	-6058
14693	10014
-9820	5599
-15	-6815
-15	14788
-9820	-13685
-15	-4168
-29431	11529
4888	-12208
-9820	-39
-15	4212
-15	-8567
-15	-465
-4917	4025
9790	13624
4888	10027
14693	5469
-14723	-2258
9790	8905
9790	-20917
-19625	4515
4888	-24189
14693	-5278
19596	2977
4888	-2837
-4917	-852
-14723	-416
4888	9972
-15	-622
9790	-6494
-4917	3378
-9820	7963
-15	13245
14693	11016
14693	770
-15	-5865
-24528	-11456
-4917	-11391
-15	10188
-14723	20464
4888	-2444
-14723	6055
-4917	13274
-9820	20121
-15	13414
-15	9838
-14723	-2255
9790	-22052
-24528	4959
-15	-3896
-4917	23692
-15	-452
4888	-6644
-4917	1047
19596	-6135
-15	-13208
24498	-16812
14693	-11354
-15	-7587
4888	-3910
9790	3202
-9820	21721
-4917	-4144
-15	8625
-4917	1960
-15	-19994
19596	1845
9790	-9422
-9820	-2869
4888	3961
-4917	-1594
4888	8034
9790	-11251
-4917	-8281
-15	1962
9790	11275
14693	6338
-9820	6733
4888	-11455
-4917	-13438
-4917	-4725
-15	-8700
-15	3061
-19625	-7492
-4917	16673
4888	-17900
-4917	4037
-9820	-9319
-9820	6753
-15	1761
-15	12991
-9820	-13480
-15	-1333
-14723	5209
-15	-19075
-9820	9890
9790	2931
-15	13445
-15	8284
-14723	2571
-9820	7039
4888	-13194
14693	-8704
-9820	5824
4888	10904
-4917	-6553
9790	16548
4888	4454
-4917	-8502
9790	2174
-19625	7324
4888	-11471
9790	-6436
-4917	16621
-15	-9789
-14723	-12306
-4917	-11827
-15	1361
24498	8340
4888	10201
4888	3413
-15	-562
4888	-69
-4917	-14281
-4917	8017
9790	14121
-4917	13154
-4917	1686
19596	-5134
4888	20816
-15	-9753
-15	-7732
-4917	6344
-9820	10995
4888	-8649
-14723	-5012
19596	4719
-4917	-14259
-9820	-11210
4888	3295
-19625	8844
-9820	17609
-4917	17372
4888	10505
4888	280
14693	8598
-4917	6881
-15	-5675
9790	-5787
-19625	13085
9790	90
-15	8432
-15	11272
14693	13488
-15	12653
-9820	6264
14693	7314
19596	-6986
-9820	2164
-9820	-13503
-4917	-6135
-4917	7399
14693	-13343
-14723	5204
-4917	-3327
-15	8933
4888	-3999
9790	-9873
14693	-11555
9790	21373
-15	-161
-9820	-13539
4888	10037
14693	-21420
-14723	-9546
9790	14587
4888	8576
-14723	-10711
4888	233
34304	2412
9790	5508
-14723	14582
-14723	-1214
4888	-17498
-4917	8945
-19625	5749
-9820	-4342
-15	-5867
4888	-6480
-14723	-13556
9790	-654
-15	-5240
14693	2505
14693	12438
-4917	18590
9790	394
4888	-7860
9790	-10021
-4917	-12527
-9820	5838
9790	-4242
9790	-681
-15	5210
9790	10919
-4917	13293
-15	-14401
9790	-4939
4888	16308
-9820	-12150
-4917	17719
9790	4666
-4917	-19767
4888	-4470
-15	6288
-14723	6723
-4917	-22100
19596	6712
4888	-1330
4888	4708
14693	5867
14693	8233
4888	-16498
4888	-173
-9820	-18482
9790	-16585
4888	-20755
4888	-21207
-15	-6857
19596	-13457
-15	-11279
14693	-6594
9790	6105
-4917	-7623
-15	-16437
-4917	6219
9790	-22955
4888	9571
-15	7533
14693	-4717
-15	-1817
-4917	7150
14693	-7448
-15	10194
-4917	-362
4888	-6295
19596	-11751
-4917	8222
-14723	-13474
-9820	2187
-4917	1701
-4917	5573
4888	-10486
-14723	2019
-15	-4373
-4917	11353
-4917	-7505
-4917	6884
-4917	-6456
-4917	14749
-4917	-10764
24498	-549
-19625	9640
-4917	180
14693	-4778
-15	9498
-15	784
9790	8902
9790	-12266
9790	5969
-4917	17676
9790	18142
4888	-9518
-14723	6118
-15	11606
-15	-11438
-4917	-10526
14693	3265
-9820	2278
-15	-8144
-4917	-845
9790	1548
-9820	7807
-9820	-7370
-4917	-564
-4917	16045
14693	9397
4888	-4499
19596	4228
-15	-340
-9820	-3507
-4917	-1349
-4917	-3043
14693	5112
14693	-2209
-14723	422
-9820	-8359
-15	2949
9790	-5122
9790	5801
4888	-9548
-4917	-17063
4888	-6280
4888	13717
-9820	10366
4888	4279
-4917	7380
-14723	5976
-9820	13686
9790	10946
4888	-12050
-4917	-4808
-19625	-4956
-14723	10399
4888	8959
24498	-5247
-15	24879
9790	-14501
-9820	830
-15	4384
4888	542
9790	6022
14693	1139
-9820	-2933
-4917	9666
-4917	7684
-4917	3836
-15	-14201
19596	6623
9790	-16804
-15	-14375
4888	10951
4888	3177
-9820	3255
-15	-11024
-15	-4744
9790	3815
4888	-6469
-4917	5828
-15	22430
-14723	2442
9790	-7212
-15	6943
4888	-740
-4917	-1555
-15	-7739
-15	7290
-4917	4823
4888	-5083
-4917	9216
9790	8815
-9820	-1764
-15	-3196
-4917	1294
4888	7399
-15	659
9790	3292
19596	5830
-15	-577
-15	9797
-15	11342
-15	-2815
14693	5640
9790	9011
-4917	2346
-9820	22527
14693	626
-14723	-10338
14693	-9525
-19625	-5240
-14723	7755
-14723	-12320
4888	-8341
-9820	-9669
19596	-2827
-4917	2796
4888	3658
4888	3236
-4917	-12604
-15	788
-14723	10270
4888	13161
4888	-1480
-15	-14230
4888	10190
-19625	3589
-15	10964
-15	-14014
-4917	13687
-4917	-2930
-4917	7018
4888	-1533
-9820	2955
-19625	-3946
-4917	-3379
-4917	7692
-9820	-14436
-14723	6413
9790	-3760
-15	10869
4888	-10458
9790	12277
9790	-11763
-9820	11499
-15	-9981
4888	12149
9790	2838
-14723	9826
-15	9881
-19625	12043
-19625	-2944
-15	-3895
4888	10419
-15	-3104
14693	-3781
-4917	1517
4888	15502
-15	-122
-14723	4709
4888	651
4888	-10929
9790	-7348
4888	6827
4888	5521
-4917	13480
9790	18433
4888	-6030
-4917	13508
-19625	5366
9790	-20814
9790	15185
-19625	15833
-4917	548
24498	2009
-4917	-4576
-15	1729
-9820	23019
4888	18732
9790	6524
-15	9640
-9820	-19660
4888	-9103
14693	713
-15	17490
-9820	3070
4888	-8980
9790	-2514
9790	-11907
4888	9935
-4917	-6365
19596	3459
-9820	2730
-15	20582
4888	4682
-9820	-9178
-9820	-12364
4888	1968
14693	-6459
4888	-11009
-15	-12683
-15	-9966
4888	-6896
9790	6348
9790	-1910
9790	1144
-15	-18269
-15	224
-9820	2429
9790	-19020
4888	11781
-9820	-7712
14693	2497
4888	-8991
-4917	10796
-9820	19156
9790	-3880
-15	-12465
-4917	2110
-9820	-16307
-15	-1659
4888	10167
-9820	2002
-15	-9026
-4917	5810
4888	-8040
-4917	-3132
9790	-4849
-14723	5036
4888	11358
9790	-5679
14693	-4666
-15	-9036
-15	12947
-4917	8807
-9820	6900
4888	9043
-15	-8894
-4917	-17638
4888	9724
-15	-10868
-4917	7081
4888	-1850
-15	-5556
-15	2090
-15	-4298
-14723	-1983
4888	-10132
4888	13506
-9820	-4172
19596	-3936
9790	-4122
4888	5016
4888	5545
4888	9226
-15	-10367
-4917	-10639
-9820	6274
9790	6759
4888	7137
9790	-10352
4888	1870
4888	3671
-14723	15240
-15	5888
-9820	-16759
4888	5158
-15	-9552
24498	5129
-15	-9441
-4917	14326
-15	-9106
9790	-4745
4888	-11433
-24528	-1396
14693	-332
-15	11154
-29431	-6127
9790	1355
-14723	5915
4888	-3763
4888	-396
-4917	4452
-9820	-10927
-15	21939
-4917	7865
-15	-5228
-14723	9342
-14723	-6015
4888	-8954
-15	5732
9790	247
-9820	-2055
-4917	9288
-19625	20945
19596	897
9790	1314
-15	4592
-4917	9423
-15	-9614
4888	6258
-9820	-2521
-4917	-10413
-24528	-13768
-15	9092
