4011	1
-18109	0
4011	0
-1094	0
4011	1
7414	0
7414	0
9115	0
5712	0
7414	0
-24916	1
-9602	0
9115	0
607	0
5712	0
2309	0
7414	0
-1094	1
-21513	0
4011	0
2309	0
-6199	0
-2796	1
2309	0
7414	0
7414	1
2309	0
7414	0
-6199	0
9115	1
9115	0
-9602	1
4011	1
9115	1
4011	1
9115	1
-14706	0
-13005	0
607	0
9115	1
-11303	1
-13005	0
2309	0
-2796	1
4011	0
4011	0
7414	1
2309	0
-19811	1
607	0
9115	0
7414	0
-1094	0
7414	1
9115	0
9115	0
4011	0
-28319	0
7414	0
2309	1
9115	0
4011	0
9115	0
7414	0
9115	0
-2796	0
2309	0
-14706	0
-48737	1
7414	1
2309	1
-14706	0
2309	1
7414	1
-11303	0
5712	1
4011	0
-4497	0
7414	1
9115	0
5712	0
5712	1
607	0
9115	0
5712	0
-2796	0
4011	1
-13005	0
9115	0
5712	0
607	0
9115	0
5712	0
9115	1
9115	0
-2796	0
-1094	1
-18109	1
-11303	0
607	0
9115	0
9115	0
7414	0
9115	1
9115	1
2309	0
7414	1
607	0
-7900	0
7414	0
607	0
7414	1
-26617	0
7414	0
2309	1
-13005	0
-6199	0
2309	1
5712	0
-9602	1
9115	0
5712	0
-16408	0
-1094	1
2309	0
4011	0
9115	1
4011	0
7414	0
2309	1
607	0
9115	0
7414	1
9115	0
9115	1
-4497	0
-4497	0
-2796	0
-16408	0
7414	1
7414	0
-23214	1
5712	0
-23214	0
-4497	1
7414	0
4011	0
-13005	0
-2796	1
-4497	1
9115	0
-6199	1
-1094	0
-2796	0
9115	0
607	0
-4497	1
-21513	0
9115	0
-2796	1
5712	0
-1094	0
-7900	0
7414	0
4011	0
9115	0
-9602	0
-21513	0
607	0
-7900	0
7414	0
-21513	0
2309	0
-11303	0
2309	1
5712	0
-7900	0
-2796	0
7414	0
9115	0
4011	0
9115	1
9115	0
7414	1
-2796	0
607	0
-4497	0
7414	0
607	0
-2796	0
4011	1
607	0
7414	0
-4497	1
607	0
-7900	0
-9602	1
-1094	1
-7900	0
607	0
-1094	0
-6199	1
4011	0
5712	1
4011	0
2309	1
-1094	1
5712	0
4011	0
-9602	0
7414	0
-4497	0
9115	0
7414	0
607	0
607	0
-1094	0
9115	0
7414	1
-1094	0
9115	1
9115	1
-16408	1
4011	0
9115	1
-2796	0
607	0
-13005	0
-9602	0
5712	0
9115	1
-28319	0
9115	1
-6199	0
-45334	0
5712	0
2309	0
9115	0
7414	1
2309	0
-2796	0
-7900	1
-7900	0
4011	0
-21513	0
9115	0
7414	0
-36826	0
7414	0
2309	0
-19811	1
607	0
4011	1
607	1
-21513	1
-19811	1
2309	0
5712	0
607	1
7414	0
7414	0
2309	0
-2796	0
5712	0
7414	0
4011	0
607	1
-14706	0
-1094	0
2309	0
-14706	0
7414	0
7414	0
607	0
-2796	0
7414	0
9115	0
607	0
-6199	0
4011	1
-7900	1
-1094	0
5712	0
-1094	1
-4497	0
-7900	1
9115	0
-2796	0
4011	0
-9602	0
9115	0
5712	0
607	0
-2796	1
4011	0
7414	0
-23214	1
7414	1
2309	0
-2796	0
5712	0
9115	0
-9602	1
-6199	0
-6199	0
4011	0
5712	0
-19811	1
2309	0
-4497	0
2309	0
4011	0
-21513	0
9115	0
-21513	0
-4497	0
9115	0
9115	1
2309	1
-4497	0
-26617	1
9115	0
9115	1
-1094	0
9115	1
9115	0
-14706	0
4011	0
7414	1
5712	0
4011	1
4011	0
9115	0
-1094	0
9115	1
9115	0
-11303	1
9115	0
-1094	0
607	1
2309	0
-28319	0
4011	1
-2796	1
-13005	1
9115	0
9115	0
9115	0
7414	0
5712	0
9115	0
-11303	0
5712	0
5712	0
7414	0
9115	0
2309	0
9115	0
-26617	0
2309	0
-7900	0
607	0
607	1
7414	0
5712	0
-13005	1
5712	0
9115	1
-2796	0
2309	0
7414	0
-18109	1
5712	1
2309	0
7414	0
2309	1
4011	1
9115	0
-4497	1
-16408	0
607	1
7414	0
9115	0
-1094	0
-7900	0
7414	0
-2796	0
9115	0
2309	0
2309	0
5712	0
-23214	0
-21513	0
9115	1
607	1
-23214	0
7414	0
9115	0
9115	1
-11303	0
9115	1
-14706	0
7414	1
-2796	1
4011	1
9115	1
7414	0
-1094	0
-4497	1
-4497	0
9115	1
-18109	1
4011	0
9115	0
7414	0
9115	0
-13005	0
5712	0
-9602	0
2309	0
607	0
-6199	0
9115	0
5712	0
9115	0
5712	1
-24916	0
4011	1
-43632	0
2309	0
9115	0
4011	0
607	0
5712	0
9115	0
9115	1
-2796	0
9115	1
7414	1
9115	0
4011	0
9115	1
-13005	1
9115	1
7414	0
-7900	0
7414	0
5712	1
7414	0
-16408	0
-6199	1
-4497	0
9115	0
-4497	0
9115	1
4011	0
9115	0
9115	0
9115	0
9115	0
7414	0
2309	0
-35125	0
4011	0
-7900	0
2309	0
9115	0
4011	0
9115	1
607	0
9115	1
-7900	0
2309	0
2309	1
-4497	1
9115	1
4011	0
7414	1
4011	1
2309	1
7414	0
9115	1
-7900	0
-1094	0
-4497	0
-13005	0
4011	1
4011	1
-13005	1
9115	0
5712	1
-4497	0
7414	1
9115	0
-4497	0
607	1
-19811	0
9115	1
-16408	1
7414	0
2309	0
9115	1
5712	0
-1094	0
2309	1
9115	0
7414	1
7414	0
-21513	0
7414	1
-28319	0
7414	1
-16408	1
-7900	0
5712	0
-11303	1
9115	0
7414	0
7414	0
9115	0
-13005	0
-6199	1
-9602	0
607	1
7414	1
7414	1
-38528	0
-6199	1
607	0
607	0
9115	0
9115	0
607	0
4011	0
-7900	0
7414	0
-26617	0
9115	0
-7900	0
2309	1
5712	0
-1094	0
9115	0
-2796	1
-4497	0
-4497	1
9115	0
9115	0
-1094	0
-16408	0
-9602	1
9115	0
-30020	0
7414	0
-2796	0
-23214	0
-6199	0
2309	0
9115	0
-1094	0
-13005	0
5712	0
-2796	0
