31561	-3807
6546	-5975
-5928	-4325
10111	3589
3474	2828
-1315	-2412
5390	-5918
-12384	-2445
-3044	-5985
-11465	-6594
1910	-6155
-9291	1575
-4515	-6042
-749	1821
-15104	-2908
-10483	-5456
-23401	-7136
9465	-5713
6127	8887
-3646	-5
-4402	959
20010	2369
17401	17985
6195	11178
1267	-5398
-872	-5866
-8750	-4752
-6514	6607
-255	-5151
8558	1470
-5733	-5965
-475	-5012
-4409	-5975
-3374	3553
-1180	-5566
-1770	-4012
1827	-6082
2962	935
4635	-7946
8294	7480
-10736	-4862
7663	11963
1668	10138
-11990	-5486
3828	-2263
8650	7487
24772	1281
-26528	-5745
7293	-4976
10294	-797
-13681	167
-18641	-5988
-9946	-2721
6186	-5252
-2435	-7238
41288	902
25270	-5914
13198	23347
2825	-6039
7192	11839
-5275	-5999
-2712	-631
-13436	-6040
-4841	-6103
-772	-166
-18768	-3710
8194	221
-6195	-4740
9731	-5845
-11648	-6040
8345	1798
-3229	-5947
13446	7833
-3672	-4014
10261	-2211
-2408	24395
-2212	14782
-9872	-4579
-11648	-5763
7421	-5832
923	-6040
7374	-1843
812	-1260
-11399	-3586
762	1901
-7470	1394
532	-4249
1832	13331
6767	5312
9306	-2422
-107	-3555
15340	-183
7761	20863
13214	-5222
-5076	5138
7452	1019
6088	-4810
-6159	-3106
-7104	-4279
-16715	-4739
19511	6756
1477	-6036
-2817	20048
4483	-5493
-14787	-5547
7517	-5310
1017	-5267
-6490	-5706
4563	-5690
-2776	8157
-1487	737
-20534	-5934
12960	-4750
2842	3808
137	-5434
265	3438
-5741	-1206
8633	-5699
-2384	-495
3111	-6032
364	-6006
2406	-4638
5054	-4674
7140	-5329
-3969	-5682
-24	-4106
-1054	-5117
13386	-5903
5737	-4197
5682	9621
2405	-6040
2559	-5643
2019	14905
13029	17590
30982	-3708
18064	2118
13944	8240
-2887	-1823
1037	-6040
1925	-1858
8608	-5897
-11761	-4700
-5962	-5957
3902	1645
5222	4367
7780	-1997
9989	32361
12607	-5954
4697	-3097
-24623	2756
-13412	-4198
-7171	-2226
-3450	-1787
21106	3305
10304	-5859
-12880	-6025
897	7713
6199	-4216
-8147	450
7315	-4905
11291	-5316
-3205	-6248
-12605	-6049
-2699	-670
-13946	-5530
4066	-1793
-3695	-5948
14459	-5847
6876	-6037
15436	12728
8510	15012
-8691	-6161
-15741	5521
346	-2106
22022	44079
-3630	-6192
6044	-1756
-16856	-3037
-1205	-6177
232	-5872
1608	13915
-1613	-6044
13062	34961
3279	1014
1290	-5964
8413	-5296
23661	-319
-27668	-6042
-3351	-4819
-12270	-6036
-4325	22798
3104	-3544
-6185	-1407
-1017	-6068
1980	-6040
5525	760
1500	-5811
-13442	-6040
439	-697
1527	-6010
4462	-4896
2688	-519
-3519	-5927
-8822	-6117
-14557	2445
-4465	-4263
5018	-5301
-2312	14595
-16875	-5887
4725	-3661
-7210	-5080
-5891	11022
-1903	-4821
12419	-5730
614	-5947
-10843	-5801
-13826	-4168
-3342	2884
17912	37884
13201	60445
14374	-2694
-6315	-6030
801	576
-11431	-6948
15681	-3523
7303	-1270
3824	-1248
19354	1231
4804	-6090
-628	939
192	3404
1265	-3414
5299	-6223
15306	-6123
-12543	-2401
2188	4900
3838	-6859
-10039	-6370
-4331	-6052
4027	-5938
3526	-5410
15424	-4800
-11780	-722
4470	2142
-1738	3807
-14482	-6040
14393	3195
6574	-6019
-1444	31655
-10794	-3080
2839	-5982
-17742	-5479
5383	-2024
16931	-4759
-1002	-782
-3326	-3966
-13437	-6036
-9803	-6034
-1064	1464
-9105	45260
9013	-6041
1749	5370
891	-5910
-2525	-5333
-389	-3919
-7669	-4302
10097	9309
5707	8187
8998	-6007
-19797	3181
13429	-6039
-7458	-4684
-16670	-4029
7610	1172
-14150	-1117
9037	-5649
4695	-10612
535	-6039
-11040	-5816
-10663	-6040
2932	-6867
-8281	19851
-10220	-4903
-9936	-1945
-11283	-6168
-2879	-3301
-4183	-5581
13401	4248
-6893	-6032
1171	-5786
4730	-5841
-25241	-3352
2970	-5276
-9835	-3566
3465	-2733
-11660	-6042
-1108	-5145
-10578	-6084
-107	-5904
-8715	-1460
-11645	-6072
8682	-6039
-7475	-6038
-6454	-1056
-22418	-5167
-12431	-5298
-8207	-4623
-6215	-6172
-15714	-6018
-16327	7568
10623	20258
19986	37424
11196	11873
-5623	-2270
11789	-505
5492	2762
21423	-3667
12212	-5681
3238	-5639
6848	-2687
153	-2377
6308	398
-4717	-2347
-7417	-6045
17768	16203
-9620	-5561
469	-523
9591	-5248
-2073	1833
11546	-4006
-14515	-4762
-548	-6034
10455	-2445
-888	-6020
17023	-6097
1295	-4113
-3763	-5794
9172	31019
-3099	-5543
1388	-3517
-17761	-5979
-1096	-6040
-19475	-2823
-10820	-3121
3680	8375
13153	-6749
-23142	-4499
-16675	-6261
-17870	2428
2035	7514
3861	-2215
1216	-6031
1528	9952
8267	-5892
-2918	1470
1977	-1965
-4766	4783
-6334	-5906
9111	33563
14334	-4188
-6171	-4761
-966	7538
-10188	1767
4344	-4172
12056	-4106
-14612	-3485
-8251	10794
-11333	-5313
-15246	-6044
15578	-799
-10742	-4394
-2902	-918
2912	-1465
5458	4645
11417	11215
3873	-4151
5926	-4706
58	-6177
11244	-6001
-2984	-3342
-4293	5990
-8638	-6039
9944	-5842
2345	-5924
-4017	-4698
-11548	-5428
998	-6044
9472	2809
19075	9629
-11991	-3009
11674	7229
-7623	-6013
-7014	-5727
1595	-5421
-5590	-459
-3922	-5666
-298	-5917
-9171	3932
-14324	1488
-1023	5077
14485	63840
-10491	-6589
-7975	-5579
-1299	-6091
-2635	4131
-7208	22
10795	8685
13329	-1800
-553	-6079
-3257	-64
-5407	-96
-22761	-3941
1384	-6054
489	2664
3462	-3827
-5143	3458
6668	-4265
-16765	-5816
-12209	-12425
3301	-5666
4505	-4315
-5330	-5888
-3854	-4063
10721	31627
18635	15106
1176	-6245
5643	-5735
-8705	-2084
-6895	-5703
-1999	-6039
7839	8547
-3778	-4018
-4942	-6087
1209	4880
12127	-6123
4128	-1632
4555	-6041
-25292	-6035
2317	-1161
-1939	-2350
-9869	-2422
16767	-6045
4871	-5622
-4322	-5971
7255	19966
-9378	1943
7370	-4572
-24574	-6104
1499	15576
-3584	-2884
-3997	-5993
-8559	-6037
14983	5927
8575	-6000
-395	-153
-21088	-5811
8804	-5801
-2431	-5867
16501	-3797
3733	-6281
-2672	16892
5232	-4772
3865	-2796
565	-5956
-3426	6541
7122	-5694
-1272	-6016
2997	-5118
9084	-5963
8319	-4798
-4739	-6041
-8336	-5959
-4494	-648
-5152	573
-7171	-5569
-2869	-5823
-8509	-312
-26450	-5188
19417	-2057
2176	-5593
-187	-4636
10899	5601
14511	-5107
-6900	4713
693	-4441
-5246	-1367
-7633	18434
-19420	-5857
827	-6030
2146	-5883
2484	-5786
-7362	-2313
148	-5784
2537	-5960
6091	-6083
3856	12684
3278	-6227
3217	-3283
-974	2092
6635	-1716
4421	5948
-14582	-4682
11848	21160
-4038	-5577
-13808	-5499
-3112	-4010
2159	-1297
7463	-6015
-14714	-1506
2836	-5145
1268	-5968
-653	37404
-3773	-290
514	2971
6943	-121
15472	-5427
3067	-286
-5238	-4559
3803	7350
9513	-5519
-11811	-3503
8112	22488
-2067	-5115
8166	-2547
5947	-3861
-9358	-6043
116	-5963
-9316	-6081
1681	3301
-17492	-5946
-8405	-4102
-16363	-5238
7657	-5009
-3944	3813
748	2760
5788	283
736	-6009
1525	-5890
13355	11412
16691	-6175
-11668	-5750
-12140	-5516
-12840	614
-941	-5480
23715	27522
-7987	-5583
-2896	-2193
2099	-6040
4547	5830
-7525	1044
5606	-6013
-989	-6037
5539	-2680
21227	-5983
-8318	-4722
-2599	3264
-2142	6981
-9812	9065
16704	-5745
-5339	4877
17867	-6142
-9584	14719
-5662	-5185
4460	-6043
3177	-6040
472	-6205
5536	3412
1622	-6012
2510	707
3676	13408
-5920	11428
-8394	-6026
-2939	-4940
10895	-5542
-2055	-6027
3097	-5906
23661	-6041
-8559	-2979
13730	-1025
-13739	11102
8300	-4134
2656	-1052
8393	-5686
-8261	-6007
-733	12277
-6687	1872
8399	14138
-2621	-4001
-6863	-6040
6094	-3577
-4560	-1352
-4217	-2415
-5339	-5996
16377	-3418
-7322	10909
536	-6036
6580	-6025
-1374	895
-373	641
7646	-5980
-1422	13145
5044	-3222
-5839	2098
-12343	-4151
-3482	5013
-2840	2742
-1829	-5397
-4577	-3521
5849	1767
-20064	21810
-18437	-5034
13672	1987
8808	1652
-24210	-3358
2890	-5691
3287	-5110
-6756	-6023
5296	20752
2396	7046
-7030	-4739
365	-244
1680	-5262
-8025	-6486
10865	-6090
-1927	-4941
23489	-4121
3043	-5298
5145	-5914
-7755	-6054
12252	-6009
2700	-7118
12641	-4350
9064	-5106
1337	26528
-8177	-4952
-1462	-6069
-2092	-5857
2048	-6130
10341	834
-14917	-6033
10632	-5260
-16	-5825
1912	-92
7111	886
-13166	-4970
2662	-5078
-1294	-5690
-2569	-1539
12241	2649
-11449	-4012
14441	91018
15510	21085
-3980	-6042
12521	-6040
-2473	-5037
14002	28362
1304	-2397
-1713	6288
-16514	-2702
-1069	35235
-2155	3046
13504	-5976
-2850	-3440
14751	-2527
8301	10516
1768	-3879
8591	5932
-21664	-5876
-571	-4331
-11509	-5752
15979	-2771
3458	-5833
6905	-5821
583	11006
-12809	-7150
2116	-5920
10382	7668
2353	2088
5341	-2285
-9996	-4880
-21429	-1354
-5212	1988
-9253	-4488
12192	16858
386	-4729
1008	-5121
1089	519
-8476	-6178
-10641	-205
3078	-7498
12777	4704
-2684	-6072
-694	13779
-9274	4839
8569	29006
883	-6040
-3968	-2290
6965	25758
1231	4881
12979	57059
-19606	-4934
15763	7731
8803	-2917
-3362	-3269
-2016	-6053
-9095	-5906
17230	-6039
16104	29512
-6693	-5453
-995	-6040
15102	-2180
10859	-5672
-12038	-5614
-4515	3724
33995	40340
-3771	-5979
-5807	-3218
3073	5103
8200	-4501
-12313	-4694
-2493	-6040
-3538	-6013
6687	-1734
18333	-5716
-3701	-2425
-390	-8298
10652	-6012
-1962	-4468
9695	-3661
-6413	2394
-4692	-4613
57	-6025
6948	13442
-10103	-4040
-10831	4616
-8670	-6072
-10847	11758
-4550	1434
18379	45217
444	-3333
3837	-5123
6883	-5454
7689	-2432
-12680	-6036
-4874	-6020
17172	-6037
-3755	-4895
526	-2420
-15329	-535
6402	15976
2909	-4606
-13789	-6016
-13729	4289
35630	-5351
-625	18464
8996	-5977
22092	21127
17654	-6042
-2485	8853
14232	-1028
-1388	-5214
-9761	-6020
-6261	-4073
18377	-5618
-8120	-5911
6310	-6020
-4964	-5139
-560	4577
-12808	-13286
-1361	27982
-3521	-691
14160	5382
2309	-4397
15226	40799
-15229	-2485
-13217	-5845
-1209	5320
-6808	-5652
2795	-5383
9701	10500
7064	-5254
10570	236
-14626	-5944
-4180	5138
15370	-4857
6038	-3382
-4244	-25027
-14261	-2530
5019	-2763
-6764	-5982
2240	1669
73	-5113
-23233	-7683
-2518	-5880
12296	-5131
-1837	-5841
6710	-6035
-1032	-1351
4010	6547
22850	28570
-9886	-6290
4933	-1672
-9765	-3594
10914	2898
-4145	-6570
5373	-6032
-1504	-6644
-3303	-4503
-19411	1656
16398	3873
11069	-3763
602	-6039
-7656	-3637
23526	-5161
-3437	-1619
-5665	919
-8497	-5965
1203	-3878
2535	-2672
3109	3696
-10735	-4626
-7286	8264
-7062	-4848
-7612	-6044
3514	-5277
-8995	7046
-3856	4189
-10595	16266
-3859	2021
12734	3180
-18503	-660
-4706	16219
-7083	-3040
-7691	1562
-1672	4786
15135	8479
-3879	-6046
-13860	-5969
16234	-3020
13247	6489
-4798	-6021
6468	-5743
35	-5741
1943	-1414
3708	-1580
-1936	-2138
15758	6762
-11047	-3679
-4807	-1918
10272	-1586
6638	-5072
14875	13706
-6856	-6026
7236	16967
-3101	267
-4954	-3754
-414	-5576
5835	1058
-235	-6111
-3697	-2652
-901	13780
4888	-6370
196	3764
-9413	-1882
2089	1259
7794	-974
-11486	6391
-6715	-5947
2701	-1305
11798	-2289
-994	10673
15995	8210
2519	-5009
14371	7419
7311	-3256
27458	-5785
-10743	-1671
8171	-6040
6326	14605
11813	27509
25530	-6040
-5827	-6040
-12630	7218
11420	-10936
5377	-5582
4995	58
-10226	-437
-14121	-5173
4678	-924
-22496	8538
-18420	8164
1095	-5354
-16426	-5781
-3387	-4870
-16014	-6135
4097	16065
8694	30505
12354	-3411
-2531	-6000
3961	3046
-4892	-3957
-7465	-6040
-11160	-6040
-3833	-5974
-19084	-5949
12629	-3699
5889	-5154
-14786	-5654
-4793	-4589
-9944	15865
5009	-7283
2136	3622
-1034	2947
-12282	-6037
-4226	-3579
-5103	-6040
484	-6253
-10849	-5948
10978	-3967
14293	2392
-4722	11334
12064	-7301
-16903	-2872
-8524	-3588
2364	-3560
2022	3056
-10549	-4503
-1928	-4617
-12554	-6040
-3612	10607
8897	-2534
8021	9955
-7342	-3920
12830	6823
-3131	-5781
-10659	-2546
-8160	-2090
-10443	-6598
-19592	-3868
3546	-4740
9848	-3986
769	-6036
20402	-376
-15665	-2822
-10913	3750
2271	44548
-11479	-6006
3527	-3472
-9396	-4844
11386	2247
-20630	-6664
4860	-6038
-4511	-5895
19133	-3757
-8902	-6060
4106	-6059
-11273	-2811
4872	18138
-2521	7993
2317	-5187
15363	26888
-17906	-7252
639	-5951
6143	4023
-12396	-1480
3461	-35
5063	-537
-10075	6128
-7842	-5989
-4518	-4078
5235	-5829
-433	-6589
-17786	-4104
4034	7750
-2478	-4550
13416	-5233
-4375	-4182
791	7503
-5911	-5786
-10076	-5659
685	-5889
-2972	-6074
2827	2739
-7871	-5937
-23	-6603
4920	-1230
17737	12066
-3371	-4891
3595	-1372
6629	-6040
-4825	-5878
-5464	4205
-14170	-3173
-407	-5443
-6270	15035
-10304	-5775
-277	-5540
-10662	11314
6064	-5426
9575	28533
-7565	-5977
22751	1211
-4967	-5663
-168	-5852
12927	6514
6377	6926
5298	-5927
12234	-5360
1623	-4445
2281	-4330
7801	13688
9360	-2054
9085	-6080
-4808	6791
4593	545
-4783	-5984
7972	-4841
-14013	-5499
8057	-2269
-1580	730
-3898	-5783
-5009	-1203
7416	-5710
-18137	-3632
-16348	614
-2918	-4699
-7659	-4929
6253	-1146
18287	10917
11094	-4198
13102	-3650
24970	-6420
5208	-4095
-8990	-3260
-9443	23494
12316	16507
9467	9046
6427	-5786
-15936	-5241
-4367	-6195
-2929	28961
2690	-4150
11125	-5876
1161	-5907
-12707	-6084
7167	-4636
-12020	-6016
14400	3219
-16187	-4472
-4517	-3682
10180	4319
-15724	-6037
-1243	9989
4027	-2683
1343	6456
-2795	1356
-12081	2745
5887	-3497
-3297	-2762
-7028	11278
-10726	-6105
-15907	4296
11735	1611
12013	16266
2109	-1613
571	-1661
-13619	-4503
-6742	-5724
-3243	-1507
22706	13343
19037	27261
7511	-5358
-19479	5106
-14337	-6041
-15812	-6817
4810	-4084
2518	-6049
-3110	911
3932	-3061
6521	1029
-14030	-5812
-12362	-5362
2811	-1279
-9634	-9693
-9262	-6015
-7461	-5966
-11533	770
-1156	18821
-20341	-2392
2499	-1750
3342	-4424
-497	-5109
14163	-3542
-15280	-3289
16427	-2145
-15271	-5526
5331	13366
10150	-5328
6626	-4397
-21615	-5586
653	-3199
8727	-5939
-14396	-5249
-10748	-6040
-12235	-5015
8108	1167
-19911	-4770
6276	5724
-7328	-481
-3476	17147
-5769	18921
22011	41413
13384	-6039
-1661	-6258
20747	-6040
3042	-5911
-5095	5125
-3765	16559
-11258	-6486
904	-1538
808	6326
-12332	-6017
941	-173
18919	-4428
14301	-5953
1088	1530
-6851	-2868
1515	-4793
-2449	9139
8320	2684
3007	-6040
191	-6011
-4029	-3396
-9904	6265
4563	-2678
5303	-6039
1130	853
-8317	-7592
11355	9956
-4338	-5435
-2494	-2447
13663	-3672
18080	14046
16960	-371
1651	-6044
-2559	7471
-15168	-4417
-4108	-4817
6745	-6590
11411	-4061
2762	-3493
-2263	-6040
-2339	1372
11688	28899
2744	-3721
-17647	4424
-4901	-1523
4536	3644
-2568	-1693
-2820	87
17415	6245
15950	-5608
-16406	-6036
-18313	-6025
-22629	-5936
-12442	-1292
1367	-6207
-7201	-5645
-13379	10305
7919	-111
5555	28354
-9596	-5864
1344	12317
-2293	12118
4063	-445
5411	10957
-3268	-345
-2497	366
-5860	-4912
-6645	-6037
3762	-6041
-13164	-1863
-7446	-2856
13194	-6013
4783	-6040
11361	-4513
12349	-4193
35	-4422
5855	-5923
-6372	7366
-9774	2319
1061	4753
14572	7465
-2458	-4812
16009	10209
-13259	-3325
97	-5741
10485	-2340
-5197	-6037
-432	-6040
26586	-929
3143	725
3571	417
5045	-6055
-8235	-1421
6951	-4493
8080	-5373
11877	20165
3652	863
10496	-6023
-10259	7343
-1041	1461
35787	20801
5475	-5268
-11174	-3924
1809	-6061
-4135	42803
-18994	-2578
6651	-178
7184	9387
1575	4469
6929	-2467
-1367	-58
13758	33943
2197	3120
4697	-5772
12280	-4874
-1068	-5157
-2124	-5481
3794	-5969
5799	-5719
-10285	-841
1049	5706
1487	4847
-9095	-4528
-1475	-4096
9961	-5977
1750	15909
12152	-3740
-4088	-5950
6240	-1211
-18372	-3777
-12093	9438
1391	-4029
15873	1798
-2256	-152
234	-5987
-18339	-1045
-5598	-2258
8886	9769
-6345	-2353
4131	15728
-27055	-6038
4409	-499
-10516	-1908
1117	9924
1305	485
-15387	7464
-17827	-5415
-15518	3025
-15377	-2802
-6967	12988
11036	-4755
4651	-4564
4080	-5091
-20841	-5496
14661	-5512
-9886	-5998
6867	5806
-3518	-14312
-4207	-5853
17217	-574
-18191	-6089
-18951	14167
2967	-5979
-2087	-1743
615	6153
18492	-5312
9910	-6086
3336	4351
-12651	13600
5070	-2942
5460	-6186
15479	20565
-1370	-5833
-19526	-6026
-15245	-5717
23001	14105
16177	-6480
-5086	-3900
-264	-5226
-11490	-6039
10107	-96
-18574	-4702
6399	2629
-6198	-5232
7698	-3863
-5188	-2801
3153	3438
-3538	-5278
-4934	-4425
-10885	7535
-11392	-6039
-13372	-5406
-6131	443
5778	3954
-637	-4963
2863	-2869
4537	-6004
10578	4139
9835	5060
6413	-5701
-16689	-5398
7024	-5330
-1422	-6328
-7698	293
1354	-5260
-5553	4675
11514	42695
-9022	-4972
7608	28237
12517	1423
16434	-3585
2124	-6040
-3544	-6045
-17316	-6040
939	-6106
-6467	7108
-6006	2148
13250	16817
-9801	-6042
-2299	-5287
-9551	4759
2489	-5525
19550	-6022
-1747	2996
-13717	275
12619	17197
-192	-4236
10026	6164
8667	-1516
-14936	-4193
-917	-6040
2231	-4834
7371	-5988
1536	21872
-19022	-5822
4136	-190
-19093	-1626
-5522	29151
6777	-2267
14719	-6038
2722	-1280
-4727	-4988
-139	-5983
-5519	3503
12760	-2854
189	-4668
8185	1334
12628	-3881
10698	3555
-9735	24963
5878	-3335
-20652	-3532
-5459	-5818
-9350	-5516
-1776	-5734
-3706	-6118
-5232	2137
17312	6269
452	-5468
15638	13
-7565	-669
-5801	-2231
9014	-6040
-3600	-4957
3145	-5241
-5388	-6045
-4400	-5756
15515	-4137
-314	-5921
-8259	6216
-3605	5904
20646	-4334
-9040	3765
-5801	-4979
7479	-2159
-4185	-4731
5279	20518
5240	-6137
-4980	-1778
-421	-5859
-1971	-6040
-29104	1430
7845	-2996
19079	81577
-11445	-4214
-10151	-891
-5399	-5891
-7823	1318
-3157	12009
-3124	-5996
1078	22022
5837	-6020
3196	17812
-4753	12330
-8727	-6151
7956	-5024
19	92
-2231	-5690
12317	-6033
7068	-6039
-11117	-3807
-10170	-6035
-6445	549
-5336	-799
-11494	-5559
1302	-2054
1260	-4465
-1457	6655
-7154	-5755
10364	5179
21138	-2595
1376	-5998
-178	-3923
4926	-6337
-8906	9952
-1653	5183
-12020	-4913
3360	19820
15736	20422
-9721	-6688
6871	-3014
-6562	-4804
-23	-1899
-2073	-5797
2198	-5828
27582	1481
2930	3291
2492	-1838
16390	4418
-3217	21670
2915	-6822
13952	2928
8226	-1196
7013	13137
-10363	-1542
23135	-5158
5537	-4422
5051	45610
-7986	23949
4409	5411
21530	-5723
9028	14312
-10021	-1481
5661	9947
1780	10093
-16168	-1070
7358	-1359
-7776	-3522
433	-2975
-9435	-6061
1340	-4328
-13148	-5457
-8743	-6913
-9842	9169
-9483	-6040
5974	22681
-3057	-5994
-5840	4457
-3471	-6010
7606	11303
-3800	4806
27480	-4696
8611	-5063
-11740	-18208
414	356
-9753	1848
8661	-4393
-8778	-2121
-13855	-5967
-11492	5179
9872	-518
1249	-5845
-1688	-4757
-21350	-5933
-1837	10108
-4437	-5403
-1572	-6058
-11692	-3909
15699	2696
-14901	-1718
11563	1679
4020	1322
-16451	-5830
5378	-858
520	-2068
-2877	-5328
-9536	35508
-2366	-3363
-9779	-52
-3448	-5789
-10948	-4457
5317	8243
-5582	-5984
21602	93643
19849	-6176
3112	5698
2202	-2851
-3246	21792
-6741	-5001
24508	2812
-1713	-5951
26786	-2793
-9048	-6736
-9484	-5266
9099	-5971
-5084	3952
17064	-4175
-9385	-3186
-546	-5959
-218	1845
1251	-2685
-3241	-5814
2370	8285
-1005	-3595
-1590	-3153
8940	2303
1472	148
-4623	-5465
4930	-3720
-2027	-6026
-22592	-2093
18017	-3919
-10247	-5383
-10168	-6108
-1604	-6093
5490	-3849
-6915	-5006
-1845	-5505
-3768	-7068
15811	-5917
6780	-1315
1503	-4890
19873	-5940
-2800	-1512
23201	11819
3041	242
17372	-5837
4008	27504
-7498	-4954
12635	1920
-3644	-5987
1054	-5127
5558	3136
-9937	-4226
2354	-6042
-10711	-4639
-15382	-5294
-3661	-4443
2248	-23
745	-5727
-4519	23708
2284	-5984
4232	10715
866	-5983
-2622	-5780
1045	-6040
-8617	-6013
-819	-4728
-3759	-6015
-8871	14726
10526	-4470
5399	-6092
2555	-5431
12147	157
-8951	-2637
3753	-6166
-1915	-4037
5475	3225
11182	22499
7387	-5474
-7805	-6020
6007	6695
-7209	-6032
3520	6112
7687	19440
3626	-899
2244	-5856
-1543	-7240
-4248	4227
12836	-4951
1800	-4073
657	4477
9098	-6030
1980	5119
7940	-1512
-3473	-5743
-9002	11392
-6280	-5604
11469	-5138
10547	-5698
10768	-2193
16026	-2937
17122	-5456
-5425	5931
1259	-4336
6196	18813
-12794	9852
7272	-3664
-3072	13153
8004	-768
-3655	-4910
-17100	-5718
-10794	-7385
16069	-5342
-13253	16394
-869	-5954
4258	9745
-1795	15397
9352	-3745
10749	-3987
-15090	-3787
1138	-3975
7636	-5725
19793	33687
-15485	-1712
-15762	-6029
8233	-4906
-913	-696
22493	-5423
11920	-4680
-10870	-504
19681	29899
-1264	18696
-6268	14424
9828	5321
-14000	13285
-3508	-3753
1116	-4674
-311	740
3030	-3558
-7966	-5077
-3979	-5677
3305	-12756
4457	-1614
-7627	-5962
-6627	-5501
18259	16653
-2626	-6089
-4086	-4604
-9913	-5189
-9602	-6099
-13687	-2419
8896	-3408
310	-6027
1211	-3152
3351	-5904
1081	-6075
9378	29070
-4370	5621
19367	3714
-8776	1979
1412	-97
-7314	-6039
6289	-4979
14770	15592
7805	16972
-10215	-3803
13498	-6040
6078	21167
-26700	-5984
-16247	-6040
4354	27667
3969	2347
-2926	-4595
7716	-4545
-11143	-4048
-6139	-4858
5373	8340
8044	-5819
-2795	-5930
-8175	10302
-2934	-6008
-7905	-3836
603	-4098
20645	18131
1997	-1089
-5957	-2197
-86	-1839
8714	-5505
-11335	-6794
4178	-5453
-26138	-1382
-17352	-5951
-10528	-6042
-11175	-4264
4853	-5056
10518	-1863
1038	30851
-903	222
23873	-5930
-8204	26073
-1950	-5524
954	-3577
-8223	-4144
-3875	-26
-12191	-5114
-3843	-6029
-9798	-5977
16111	986
2365	7634
-2491	-5700
8414	9365
6133	-5806
6782	-4669
-6513	2805
-7081	-4184
-12739	3224
2657	5004
-3202	2485
-9790	-4206
8740	-5991
1680	-5972
-6015	-1239
-6297	-6162
6100	-810
2397	-6039
-11267	-1079
-19173	-3332
11035	-3294
-1049	-5341
-9078	-6023
1151	-5620
-4638	-3572
-8087	-5900
7959	-6011
710	-5799
7908	-5682
-6473	7480
8159	-6195
11720	-6023
548	25636
-13100	-6043
17026	35098
-524	-5829
5286	6779
15	-7501
-12672	1652
10210	-3983
3963	-5822
-3243	-6023
10200	-6022
-15509	-6083
13157	12617
5140	21677
-8563	-6421
3852	7314
7207	-6027
-749	9637
2041	-6040
-3557	-6032
7599	-5738
-5524	-915
-3711	-3196
15584	-1281
-10025	-6010
-8651	-3008
-6621	-4176
-11508	-6036
-9030	-2423
2061	16200
6627	-6027
-7680	-5697
-14901	-6038
17258	-997
-4936	-5990
2662	-4825
-3166	-4513
-15319	-2508
-856	-6040
18761	-6073
-9277	-6051
18921	-5630
-3993	-5558
8601	-6068
-6033	217
4163	-4396
-3289	-6036
14214	-3686
-5602	-2425
4185	13728
-5058	-1838
1189	-5930
11404	-5875
16929	5821
-8665	-4931
-7530	-2928
-1185	-1187
4234	-3999
-6360	6999
-12005	-5793
-11100	-6026
-12266	-78
22370	12923
-4408	-5655
2022	-6042
-4168	-2729
-2212	-1818
-11663	-5828
-31282	-6040
-6916	-5689
-7210	7784
2031	10971
-8140	-6029
15325	-2182
-12934	-709
7513	-5468
-6768	-3183
3218	3011
199	-5690
4023	9847
-4835	-3502
19268	35519
-12691	-6039
-7827	-887
-9061	-5936
-3355	12875
14830	-4031
7879	-5920
-16119	-6044
-4038	-4960
19516	16780
5907	19787
9028	-5433
-5786	-1048
-13309	-4684
14275	21543
-681	-1926
5093	-8978
-11745	12076
8217	-870
-6544	-4785
-1325	-4783
-7799	-6007
5675	-6077
20857	-7007
-8272	-3479
-6853	-12392
-5646	-1977
-11451	-4502
-6021	-5899
12055	-453
-2430	-6463
-10770	3339
1317	-346
5057	-2147
-10011	-6035
-29	-6088
6395	-2186
-8706	-5606
-2986	1862
-2821	2555
-6210	-5984
-2081	-4095
-5240	-1938
-4056	24157
7818	7494
-386	3580
-10270	18138
-3674	-3981
468	-6025
3516	5562
944	16267
806	-3627
-5111	349
-5366	9946
-5513	-2785
15761	-6447
-9075	-4470
9453	-5811
-22059	-6031
-10203	-4956
-714	-4135
-5823	-4729
4808	-5461
-11769	-638
-13392	-5167
3056	-5498
-10985	-5156
3605	-5445
5623	8547
28512	2431
-6455	-6040
-5534	-3608
2260	-5698
-4682	-2668
5010	-4166
3977	-5320
-2454	-842
2979	-4659
10076	8726
18995	-322
-9688	-6027
-6917	-6081
782	-3494
-20487	12407
1900	-5402
30	-5887
-11394	669
-13201	-2233
1294	614
15209	-4602
-5442	3633
4380	-4324
2425	3533
-15922	7307
-1579	31006
-441	-6032
-14576	-3774
4461	-3585
-13205	-5793
7559	-5543
-15283	-4079
-698	-4574
2898	-5762
2704	-6004
-4632	-3714
-659	-4469
19668	29623
15184	-4059
-10494	-5164
2738	-6050
-207	-1997
25616	-6027
-1242	-4359
3830	-5687
8408	-960
1270	5867
-24680	-6019
1730	-6944
-16039	-3104
-5055	-4790
-18897	-5131
-4966	-3608
13249	8783
18097	-5950
-405	-6016
5190	-4222
-11906	-5702
-6012	8547
-14475	-4779
-2998	-5987
3904	-2015
-14273	-5890
-12859	-3792
68	-6293
6726	-4963
-15395	-5874
1719	-6297
4293	-3068
-15778	-4503
4036	-6034
1435	4103
-15861	-6505
6126	15538
6929	9403
28860	16878
5489	-5833
-12407	-5942
-6994	-2092
-5529	10305
-50	-6003
-986	-5134
-10067	7106
3425	-5958
9994	-1770
-14300	-5476
-4461	-3265
9779	-4010
-16711	4576
-5024	-6089
-2884	26127
8253	-1917
-1974	55808
6585	-4894
2979	-5866
-13880	-6041
-3776	505
-8298	575
8179	-5163
26379	68950
-12099	-5493
2661	3333
2854	-6436
14861	-2173
3538	-3969
6156	-4708
1886	5643
5339	-2090
22032	25083
-12666	247
-2715	-5931
7668	-3253
7361	-5156
-3100	2944
21915	-5954
2731	-1417
6744	-3406
-10279	-341
-13597	-3490
-2825	286
-154	8449
-15166	497
-6287	-3178
-11280	-5628
-12255	-5673
-22460	-2231
-8228	-6011
-4809	-4220
-9046	-4743
4956	-2507
-18952	-5951
5968	-1170
1637	-1211
-2168	-6095
8842	-5911
-26402	-6306
8601	11914
3067	4442
-526	-6352
-9071	-5710
-7809	-658
4869	7785
26928	1383
101	-5673
-1730	3571
-12486	10753
-2587	1980
-5147	-3645
4921	28768
-11432	5093
-5665	2225
9126	-3181
8961	-582
-5747	4127
-2616	-5925
12843	-1470
6343	20538
-23157	-4540
-971	-2553
-14907	-6010
7794	-197
-6726	-6042
8965	-3941
-10511	-5007
-5626	-3892
1387	10276
14455	3076
15822	-5332
1830	3214
-4974	-3027
2541	-4783
16803	-1237
10031	-748
-8674	-5934
7960	4915
25963	2328
-12351	-4157
10265	5629
-6201	2377
8172	-39
-2604	10588
2438	12617
1205	481
7068	5834
14205	-5894
-10037	-3659
5735	291
10950	-8485
-7857	-3522
-690	-4286
21313	247
648	10059
-926	-5833
11714	-3965
7456	12918
-23925	-5841
-5464	9111
-4945	-6037
3653	-1002
-6686	-5454
-10444	-4763
2578	-4812
-2088	-5946
-7685	5663
-2460	-4638
-4048	-5867
-12430	-3130
-935	1993
-772	1364
-2773	-5961
-486	-54
-11359	13987
-2237	-4778
-9345	-5944
-6138	-3364
217	-6039
-1702	-6840
18234	-1769
1328	6110
-2895	-5773
14820	-1070
9374	16923
-3392	-1942
-587	-5081
-6795	-2985
4469	-5261
6854	16747
-15354	-793
-22564	-6115
13029	2865
-1985	6363
10708	-1722
-15998	1882
-22077	-1573
7206	636
-4190	-4197
3112	2566
14791	-210
10416	-189
-9330	-5273
16150	-5466
-772	523
-2921	-3367
-84	-2333
4779	3486
11808	51311
2841	11532
5854	-5912
-25609	-4300
-5166	-4590
-16164	13050
-4477	-4074
19735	39965
-7169	-5341
18748	48553
-21877	-1796
368	-4777
-1213	-6036
2428	-4781
-3983	-6213
9427	-273
-11827	-4579
-9104	-6040
-4165	2173
-8472	-5257
-65	-4813
-9607	-6073
1778	31265
-3562	-5204
642	4632
-2830	14652
1364	5157
15976	4082
-500	-5498
-5262	-4694
7527	-5219
2785	-3131
5170	-6398
20642	-6037
8591	-1691
3065	-1751
442	7430
-5706	-6003
-8542	-6040
-1136	-3851
-13230	-6040
-2403	-15307
-6875	20332
-6315	236
-4243	4869
10590	-6005
-6528	-2395
-2025	-4691
-7922	-6039
16149	-2919
-3612	-6024
9968	-3271
-1231	-3654
11587	-6085
11838	-3204
3843	-5992
5473	1365
-14135	-3699
-4534	-4306
-2412	3777
7369	1951
-4749	-4566
-1553	-4540
3308	-674
-3575	-1371
956	-6047
10967	30865
11497	-5177
14348	41032
-17148	-5578
14515	10393
4617	5283
805	-5187
6874	698
-3719	-3985
8929	-5973
10430	-2758
-2084	-3727
11577	-3937
24751	21735
-6809	-5350
15470	9154
11568	-5946
-4141	-4948
1433	14287
13554	-3300
11537	25367
23493	25545
-9404	-4698
12800	-5145
13162	9984
-11576	-5981
-424	-3696
-18950	-5173
3403	-5505
5416	-719
-9946	-5905
18498	-3992
-8688	-6040
4298	-2930
6614	20070
5905	-741
-1665	23533
-2738	219
1701	-7101
2888	-6029
-12377	-5554
-7601	9998
-4753	-3487
-5826	-5785
913	4097
-17050	-2106
8276	-1533
-18062	-3411
2632	-6054
1232	-2834
4510	-201
11127	-6037
5368	7773
-10235	-3659
17621	-6041
4552	-2825
-7873	-4854
-1981	4166
3634	-13908
-13	1320
9282	-6047
5422	-2611
14253	-6106
657	20515
-13832	-2870
-4902	27173
-4664	-2271
16924	-6047
-16695	-3401
-14304	-6010
3022	-6314
15591	-5591
-766	-6011
578	-4287
-11151	-4576
-7901	5806
2685	39022
-15730	-6034
2808	-3560
-8781	-3483
-20445	-3113
1069	-4992
10718	-1119
11662	-6040
-9594	-2165
13766	-360
-9308	4742
-10235	386
3061	-4892
10960	-5292
-10827	-3660
1597	-3557
23499	-3836
9867	-5856
4118	14485
-1227	8063
-12310	-1299
6168	-1359
-4606	-3659
18800	14203
4055	2057
11669	2233
-6014	-5720
-5344	-6044
-14882	-6036
-3121	-5338
-11731	-2600
6107	21027
2363	-4342
-29851	-5700
3083	3032
4818	-6016
-10070	2401
9617	-4382
-4468	-5577
-11413	-1558
-13425	-707
-12824	-3822
2684	-4452
-7577	-6540
1624	-2748
-9224	9847
-8090	-6026
9600	-3150
-1144	-6097
-6650	-6906
-1146	11199
-8039	-313
-9256	2471
14025	-4828
7435	8424
702	41877
-6354	-2214
-3302	-6076
18897	37446
11436	-2196
-14718	-6040
8541	-6037
-1964	-6077
9324	-3096
14755	-4733
-20769	4383
-11270	-4928
15891	48093
9273	-4580
-7502	-1852
6625	-5089
113	-4463
13604	-5921
119	-6038
16214	2880
4623	438
5795	-5867
2143	-6110
675	10270
8162	20912
-10813	-5952
6975	-2086
2829	-5396
-21274	6284
-17832	213
-4726	14387
-2660	24775
7471	-7796
-9349	6745
-17042	25139
13609	51577
8202	1926
-7847	-5689
-5444	-6041
13169	-3818
11671	-4299
-5486	-5960
-2459	-6003
-3855	-5456
-34004	-8268
-22398	-5137
17736	-5078
-1503	-716
-8333	-6221
-3876	-5112
4384	2605
11621	-2231
-13426	-4847
-2109	-2323
-9314	9804
51	-5338
-6357	5073
-19462	-2482
410	6751
7647	-6045
-729	2099
12496	-4984
-104	-5032
2014	135
-11420	-4458
19147	-5672
-9696	2156
11792	16616
-13904	4944
-5622	18447
-2192	-4802
7896	40964
-10726	-6016
43568	2753
-2	-5903
9121	-3918
-7784	-5872
3793	-5765
-834	-3306
-4992	-6027
9718	23746
12120	-6040
-5983	3012
11481	9832
-2462	-5241
8571	7491
1827	-5980
-4451	-5846
-13233	-6038
-22332	-6045
285	13594
-17864	5130
-17397	-5505
1673	-5983
-16607	-4049
-6170	-6026
4552	-5862
-20917	-5989
23513	-6000
-2092	-5203
-6410	-6100
-7554	-6022
6376	20845
7205	13694
3277	-6049
4322	-4206
-10025	-5147
-3763	4297
-211	1919
-9854	-5049
-12600	-5484
-5755	-6045
23647	7965
-1343	19719
-9086	-5379
-2056	5824
-13915	-5241
-2325	13759
6200	-6040
22750	1241
21245	13522
-9647	-5956
15082	-4628
5010	-5240
-6544	-5966
-4173	-6631
952	1996
7957	-6039
9694	-1568
13850	5113
6750	-3730
-8925	-4730
-2015	-7456
-13400	-5296
-2966	-3955
-3123	-5373
-2595	26975
-4137	-3856
9571	-3740
2047	-6041
-22519	9891
4918	-5058
-19822	-4978
-9565	-4611
23421	21384
-5166	-2312
-4491	-4568
-8566	1362
-9670	-5928
-13516	7599
2994	777
27341	-4372
-2936	-5978
3031	-6039
-3012	-5913
8985	-6048
3030	11053
-3480	-5879
-11815	1806
-5394	3491
-8309	21751
4117	-5124
-875	6401
-14859	-5973
23630	34587
-10998	-5421
24622	-3374
-1771	23196
5642	-3849
-2480	-2059
-7906	-1368
-9364	-5099
3859	-4041
-2324	-5529
-3522	-267
-7285	-6040
-15818	174
20939	-5802
12339	32
-3886	-301
360	-4928
4190	-3960
-9122	-5647
8313	-5424
-10298	-6039
12044	61661
-5365	33460
-15096	-5777
9431	22933
-17929	-6032
-3340	-5562
8289	-3130
-3673	-6033
-3016	-4340
14402	-243
14055	-6081
-3297	9244
4214	-3345
-846	-5496
-3136	-5732
2289	-5666
-10857	3407
-15143	464
-3985	-6645
9460	12599
-8799	-1176
1754	-5669
14672	2132
-10838	-6028
-10657	-5945
-12333	-5480
1023	-5972
12786	-3866
5114	-5751
-4989	-5566
-1206	-5882
18669	-5538
-4102	6482
8132	-937
-977	-2553
7077	-5013
-8022	3300
1569	-1695
1637	1962
-9417	-5934
6134	15801
5543	-1231
9636	6566
-4631	-6038
11699	-4762
-8435	-5615
-6018	-5847
-10500	15317
-3270	-1266
-12902	-6034
-5825	-6040
-787	3633
-10088	-4666
7902	-5974
-10381	-5422
13026	8582
10637	3552
4213	5502
9257	24045
-8243	-5939
97	-6038
-11329	-1098
8124	-3718
-20121	-3649
10594	662
1287	252
12323	-5774
22559	65736
15021	17182
-6729	2076
-9839	-2271
-6580	-4224
16501	-2506
10249	-2397
-950	-3359
-436	-5663
-556	-6025
-5590	-6038
-1172	-5912
991	-4939
17158	2525
8063	12682
-17310	-2894
8189	16867
-869	892
30	-5912
-4439	-2620
-11614	-6119
2878	27230
22067	8040
1459	-5011
-7118	-6062
2984	3930
9870	-5969
-22540	-5827
7595	10552
19281	-6033
-3817	-5815
1964	-2061
7873	-4580
10912	2247
-11923	-4448
-12220	-4586
-1192	-5915
-9917	2446
-10847	-5791
-6010	-5481
-2858	-2339
24058	-6035
-12666	8915
-2250	-6044
-5071	-5784
2078	-5511
-10715	-4253
5058	-5419
-4497	-4479
-17227	-6056
1212	-2994
7910	45
-1915	-5103
-3785	-4378
5629	-6068
24317	18650
7856	-1838
7637	-857
-4070	-1482
-10635	703
9875	-6052
6433	-3855
474	-2060
-13152	-5350
-8251	-5941
-3910	-4279
-19244	-6039
-7318	-5364
4267	5757
4218	27008
2543	-5790
-7342	-4039
2834	-5355
981	30806
-4509	-4227
-17539	-6057
-1149	2660
5300	875
8201	-4349
3253	1470
4533	-5517
11774	-509
-68	222
3173	-4971
7280	-5942
-10439	-614
-2069	-4257
5389	22436
-4783	-6034
7936	2640
-189	-3617
-10102	-2387
9357	-5945
-6154	-6077
3703	-6037
6784	-5625
3631	-5628
7147	2295
-8334	-4106
23350	-5981
15596	37092
10329	-6032
-8294	-2258
3754	565
2834	12729
5540	-2108
-2892	-6040
12631	-5604
-16757	-5605
10981	-4738
-12508	-4744
22664	1031
11210	4539
-4649	-5640
9992	1729
-6640	-6040
12678	16050
-2903	-5854
9392	-5258
6244	-5097
11258	-5761
1604	-653
-4863	-5529
-5559	2809
-10152	3477
-2345	-2671
-7	7102
8517	-6108
-3810	-7402
5028	5133
-4675	-833
1210	-5581
-8734	-1911
-4468	-5319
-7902	-6027
3829	-6032
-1810	-3150
12836	-6019
3650	364
-5466	-5510
-6494	-4220
5696	21823
20847	-543
11045	-6030
22125	3913
2638	-6150
-5624	-5648
1988	-6963
-12246	-4867
-12866	-5558
-2375	3196
-5414	-5918
3822	-3316
-5862	-6039
-10034	2649
9276	24797
1244	-572
-6213	1904
-1597	3763
2415	-5390
-11178	8993
-2742	-3132
14878	6776
-17664	-5020
10878	-2900
10989	-2923
48	-2407
-11041	-5645
-12696	-6040
-5938	-4920
28908	3683
-16431	-6014
4716	-88
3508	-5403
7377	-6004
-20750	-5204
-8457	10684
-5555	-6036
-5468	-3850
4561	21441
1278	-3157
2347	-6384
16247	12774
-5434	-5577
-3797	-3897
3449	-4716
12455	44416
3814	-6047
10495	-4512
-8781	-2722
-14176	-2836
10583	-5895
-10530	-5849
-2375	-6793
7401	-3053
-11226	-496
19766	-3260
-5846	-2371
7752	3069
2342	-5564
23695	6784
-1617	-3265
769	-2880
7336	-474
3772	-488
-7153	-766
14577	-4700
6287	48541
17888	51182
5755	-6047
11312	-6010
-1427	-6040
-6143	-5977
-7252	-3778
3346	-1681
20708	65374
-3375	-6007
11854	-2286
5878	-5086
9599	14180
9147	14715
-3993	-5878
-2053	-3839
8162	1548
-6282	-5976
14665	-5949
6017	55596
6120	-4436
8533	58983
5566	-4163
8905	6182
15363	26251
-655	-6039
9915	-5964
5871	-5820
-11275	590
-1347	15658
12380	-5973
11360	2478
-2867	-5349
-3764	-5920
3180	-454
-2838	-5486
2870	4656
-935	-2931
8606	-885
-2074	-5946
3787	5855
16281	2457
-1800	-2610
-7355	-4768
20135	5967
3084	4251
-15553	-6652
14331	-6169
25794	-5274
-3220	-5744
7727	-5696
540	3040
-14723	-5836
26	-5245
-6869	-3811
-10471	4502
-2824	1508
-6358	-4796
-5262	-5302
-11618	5479
3117	-6033
-2372	-5586
-12964	-6036
-5171	-5706
2892	-5434
12643	-6018
-16181	-1187
1479	-2550
-12388	-5538
-14803	-5363
5006	-438
6166	-5613
-10914	5331
-13863	-6040
-3826	-4855
-8458	16053
-6346	-5193
-5551	-6011
2227	-977
5617	-5242
4478	-5871
9836	4200
6949	-311
-8462	8850
-11064	-6036
-13510	986
1845	-5998
1337	-854
-589	-4153
2084	-2606
18987	-1455
27217	-5274
-6622	2826
17059	12767
9092	-5736
-19774	-5653
1734	33401
-14273	-6071
9548	2097
-5043	-6049
14138	-1104
2238	-3175
-1195	-7583
3844	9809
2516	28189
-2381	-5088
-6530	5905
-4779	6815
-17557	-5775
7534	-6031
-9450	-2239
-8198	-6080
-2115	1787
11183	-467
-8377	-6027
559	1609
-5020	8735
-13358	-5097
4807	-6019
5999	-1811
-11030	-4662
-13785	11065
-12156	-5774
8436	-1893
-13564	-5725
21328	-6069
9533	1229
-1437	21439
-2079	-4685
-10891	-4915
-16535	-3322
-3563	235
-644	-4804
4511	-5585
11465	-6023
-3967	-3511
3523	-1675
-147	-6009
5931	820
2802	-5487
-5355	-4480
-1487	-7546
-12307	-6135
4208	-6027
-18973	-6215
5693	7461
1014	-6053
-7050	-6030
-4528	-4762
-2160	-5094
15686	60477
-4073	-6044
-8255	-2502
6803	6226
-8157	-6040
-3588	1279
2766	-4395
550	-4689
21433	29140
-10113	-5775
-2364	2828
-3438	-5909
-9964	-5496
23904	-4259
4014	-5959
-5533	-2486
7016	-5788
-8483	12716
-192	-6039
2691	-6797
-4952	-5368
-11446	347
6936	-1120
4106	-6040
24589	52025
-13924	-3314
3198	-5802
851	-6141
-8082	918
-11669	-4862
-2614	-3082
-4773	489
12079	-961
-4087	-4617
-4076	-4960
-2757	-6778
-16188	2360
13093	-6735
-8308	-5685
4323	-4708
-1577	-5408
-14818	-5975
6190	-5941
-6503	9235
-431	331
-388	-6085
1942	5594
-5596	-5731
5749	1562
-5216	1247
9142	-5988
6409	-4854
-5864	5369
4555	-6032
3402	-4323
-2727	-4173
10620	-1516
-6259	-763
-2590	-6083
1680	-5858
9162	-4591
-6976	-5128
-21734	-1705
-15587	-1456
-1850	-2554
10986	-6038
-9316	-6088
14694	-3372
9457	-6280
4890	-7883
-4288	-4550
-13765	9055
-1434	5903
-4099	-5865
5253	-7525
4212	5913
11885	1898
-14218	-3255
11318	-5863
12446	10601
-5816	-5379
-10138	-5297
27172	26797
-2003	-4238
12005	-3352
-19885	-4990
7039	828
-12608	12448
-8043	-5599
9709	17686
1434	-5587
-7956	-4646
2726	13565
8649	-4105
15238	36253
5184	36536
-8544	-1406
-8025	-723
-14783	-2536
1148	-6003
-6240	-2035
-4897	459
13795	-5667
-4543	17511
-2490	4633
-13809	-2198
-19798	-5271
-7531	-3761
-8228	2279
-12999	-758
3238	-4859
-13903	-1050
-20461	-1156
-5526	-5512
-9965	-3361
16916	2644
993	-2410
9198	-3987
-1655	-4332
5679	-2447
-8407	3270
10784	3075
6971	-4225
-1235	-5981
-15576	-6040
-5597	-4903
2603	3531
3071	21276
2454	-8128
7936	-2292
5633	-5850
3772	653
25460	-5370
390	-6210
11823	12248
-816	-6040
-7586	-5505
-4796	-5914
4004	-6001
17674	1322
14053	-6027
18477	830
-3026	-5956
13995	927
9153	14591
-7562	-5857
-9145	-1561
-9723	2407
-18408	1546
-2165	-3005
2645	-5441
6539	-181
-4576	-1479
-14298	-6038
-13048	-6040
1362	275
14037	-5338
-15977	-5384
21962	11655
-9512	-4999
4231	695
-21026	1243
12811	19261
-3788	-3692
6131	-4779
750	19545
6498	-5835
-14623	1400
-14847	-1684
-4242	-5114
-3061	-6039
-10948	-2464
-5736	3122
3133	-6248
-10527	-5518
-426	-5620
-861	-4178
-1416	-6031
1590	-6043
1810	1706
-7270	-1158
7412	-4580
-8988	-5050
-5624	-5885
-15019	13789
-4017	-4425
-12693	-4327
-2696	-6041
-25207	-1100
-7402	-2136
-14946	7021
1215	-2149
-15696	3356
10308	15173
-8691	11557
12248	-5081
9530	-5920
9531	-5224
-9057	-5122
13216	-3293
3828	-5921
-3523	-582
-8226	-4853
-9535	-4283
2489	-314
3296	-2626
-15206	-1869
15399	7322
14309	-1801
-816	-6217
5221	-4976
-7711	-4770
1037	-3774
-12295	-4207
12871	-1491
5072	-4306
20386	1691
-8858	3686
889	1933
-7429	-5156
-4160	-4990
-5854	-6042
3627	-6224
4152	-8487
-4862	-4357
12167	929
-19359	-6624
191	-6187
18160	-4769
1605	-3520
1027	-6228
11921	-1674
1995	-5411
-7989	-671
14007	15833
-9683	-2345
18815	18804
-3749	9502
8803	8424
-10364	-5185
3966	-6016
-6206	-6039
5641	-5072
6190	-5630
4619	13865
-3405	-4788
2873	3931
-8724	-2462
3420	4483
837	-5830
-4932	-4130
-4880	-6013
-14036	-5904
-5389	-4238
-10445	-235
6328	5483
7491	-571
6277	20552
-10862	-6007
-13345	-5992
-2169	10763
-8603	-6017
19636	-4642
3460	-8269
10701	-4495
-3744	-2299
5080	-1565
12507	-3535
-3418	-6449
1264	-6037
-25436	-3429
-7813	-4093
-3857	-4246
-18536	-3728
6418	-4539
-13127	-4130
11304	4550
-4191	2716
-16757	-6040
-12303	-5973
-10362	-5441
8749	-2747
5355	-4133
-14721	-6036
-2329	-6046
-2283	20312
-2602	-2272
-3991	-5382
-1722	39672
13207	137
194	14320
16742	25298
-2489	-3903
-4806	-5456
3291	-6061
6688	-1966
-7736	-2839
8624	-5308
20417	-6017
14225	3336
5285	1259
11392	-5336
4688	20602
18679	-3412
5586	-5155
8154	3185
-1153	2841
-9484	-4793
5167	-5510
-5674	-5103
-7310	4898
6650	5802
-15083	-6760
-6133	-2091
-10372	-6041
13326	-5747
-13659	-4763
-4975	-3464
11897	-5705
9805	-6099
-12214	-5985
25775	10686
16204	-6036
9176	-5995
-7494	313
-2089	3728
2146	-6039
-29023	-837
-12065	17837
-4954	-1038
-1696	-7302
-10269	-6271
-3025	-3526
7088	-5855
1516	-6038
-1722	8425
-6314	-3755
238	-3836
2559	-5694
6801	-1677
7278	21662
10371	12829
4911	31160
11890	-3024
-3443	-6023
14311	3409
-8605	-6033
-14180	4039
11339	-662
-678	10307
-9621	3775
-10114	-3472
-9624	7836
-19538	-2941
-1943	6624
5409	-1460
-9912	-1095
-3664	-7231
-17008	-6200
21976	-2719
4541	-4373
13929	18829
11007	-4795
-3825	379
-7641	2303
-17529	134
64	-6467
-6926	-5928
-8238	-5669
7929	-6038
4340	-4585
-7215	33128
-9606	2200
-3534	-4354
14339	-3344
1157	-4428
-17376	-5370
9325	-4017
-17125	6705
-5564	2430
8898	-6035
1913	-3573
-6487	813
-4303	2405
-3126	-5004
-5607	1595
-8879	456
13382	-6041
-17101	-3233
-14700	-430
-15044	10522
18030	45111
-2742	1321
6331	-6039
-14679	-1933
18113	-4977
-12062	-3559
-2197	18438
-5843	14395
-9	3777
2877	2691
14215	-5210
-3411	-4678
-252	-5236
-2183	-2530
4942	11481
-1326	-2584
-5451	-5086
-8727	-5919
16379	30819
-1492	-6560
-11425	-3946
-8433	-3148
-1980	5193
-6213	-5535
-7943	-1881
-9532	169
3233	4947
-11901	-5269
1146	-5421
-14669	-5683
8108	-2446
-11542	-6036
6456	-5425
8995	-442
4005	-6050
272	4649
-17720	-5077
12079	18
-4500	-4384
2191	-5578
11991	12679
-10475	-6045
-217	-3380
-19959	-2124
8617	6388
-8115	-3178
1541	-5724
2332	1136
-2550	-4086
-12376	-4449
12226	-5510
-4098	5861
896	-6019
4761	54867
1179	-6039
6325	15496
-8341	-2270
-1972	-3929
-1898	-5673
6421	-2803
2642	30218
-3310	710
-6898	-2720
-2536	-5300
1676	5176
-9404	-5964
6605	-5700
3563	6737
11423	-6204
-5829	-2739
10106	-1337
11914	3479
-3992	-4000
2469	-4794
-5800	-6040
-5589	-6039
-23200	-5332
-5356	-4746
-2774	-5363
-23546	-5448
-7208	-6120
-8304	-760
13503	-6102
2614	236
-13195	-2347
-16613	-3684
643	-5825
1020	-6105
3285	22471
-5297	-6045
-53	-4897
4643	-889
-1934	-5089
5799	-4260
-5596	7432
-1072	-5140
2655	1114
-340	12583
-3137	-6040
10333	-6939
-12394	7060
-7684	-2731
-493	-5998
16516	-5347
-11980	-4265
19785	65418
4674	38830
-5576	-5703
-12254	-5767
12240	17730
12126	-3286
9887	1256
-1246	-5225
-1522	-6047
5585	4940
-9440	19073
9632	16792
-2236	-5654
9675	-150
-16553	641
-855	-6036
-6313	38145
-9027	6690
12349	3376
3487	-2233
578	-5965
5402	8990
-9416	-2836
8144	-6040
-6604	17204
-3116	-5817
9598	9628
-1783	-3243
1496	16031
-3843	-6052
-4786	12794
-10545	-4016
-4550	16442
-4960	-408
-5682	7942
-4272	852
1113	-1768
24667	28162
-12283	-6036
-4886	7850
4747	34184
-5413	-6323
2231	-5991
11411	10465
-15486	-6039
2600	4344
-9948	1517
18455	-5636
5483	-5640
9645	-5965
10368	7569
772	-1346
4445	-3803
9696	-5577
-10335	-4461
11035	-5987
-20913	-6046
26539	-320
-10526	-5997
-9627	-6063
-11168	-16846
-10635	-6122
14132	5762
-16168	-5173
445	-5664
34747	864
799	-5149
-2711	-5496
-2510	3971
13266	-4874
-2285	10847
7248	127
-9551	753
5703	2336
-7927	2961
-133	4065
-6289	-6040
22749	13707
835	11381
250	-6039
-5916	-3003
-515	-6040
8032	-6031
5741	-121
-14193	-774
-15798	-4257
-3632	-6055
-1550	-6021
-2764	739
-4563	-6055
-7254	-4903
-2465	-2161
-9611	9594
-13188	1888
-11458	-6040
4207	29231
13562	2422
12021	21673
5564	-3441
25749	-415
-2827	-6146
-6090	-4396
4996	-5977
2371	-5772
-8978	2074
10167	2757
-14771	-3737
8760	-6081
13914	35600
15308	-5293
-1863	-6013
-1622	-6054
2704	13619
-9800	-6141
-65	-5694
10096	-5783
2995	-3886
-11362	-1650
-7120	-4275
-526	-6017
24433	50958
-2732	-6042
550	3466
-13878	-4594
-3484	-3268
948	-2081
-1967	3001
-1969	-4905
10269	-2971
13649	-5144
16763	-6317
-1131	-6041
8370	-3876
-12813	8844
-10723	-5704
-11740	-5840
7839	13739
793	-1111
294	2693
-14238	-5591
-4957	-27
-1728	-2815
-16733	-2168
-6553	-6018
-5154	-6037
-10504	-5404
9817	-1367
3698	-4466
7331	-5093
50	6653
-8251	-3956
15188	-4690
10012	-4162
11135	-1903
-2402	-4912
-2455	-1628
13374	30204
-14145	-3643
-4719	293
2296	-2554
-15613	-6005
2469	-278
2207	-7041
4424	11656
-10768	-5904
6407	21119
3153	-3241
13230	-6016
12259	31940
12632	-5792
-2624	3607
1640	-5959
224	-1558
-1155	-2139
3231	-5897
1394	-5871
6271	-6040
-10705	-5973
-6046	-5946
6985	2416
-11681	-5659
-12469	-6864
11635	6795
4543	-6276
12121	-7023
-10100	5272
2506	-5988
-1594	2682
14754	-324
-24064	-6075
28111	1618
5320	2497
6084	-6884
-6881	4609
12762	16660
9851	4056
-6712	-5999
-4900	-3475
-9255	-9240
-3107	-4305
5284	14659
-15595	-6253
-9111	4754
-10205	-5931
3474	1855
2365	-6039
531	-896
-9171	-4990
10478	-792
4771	9319
17688	-4816
-5705	-5879
-7742	-3063
1399	9688
-1584	-5762
-1985	1542
2182	-6040
-2574	-5273
-1519	-6023
8900	-5764
15553	-5777
8463	-2670
-8598	-6057
-5073	-5839
-920	-5683
3598	-5592
-3632	-4676
-7048	-3741
829	-3921
2578	-3174
-3020	-4339
-3113	-3678
-2647	-3890
861	2465
-6007	-3665
7640	-5190
-8444	-567
8209	2879
-1067	-451
-199	-5922
413	9177
4445	7232
34462	67542
10210	-4647
-10553	-4494
-6457	13004
7734	-5600
-11415	-5939
-9777	-3657
-3923	-1950
10631	-2642
-6482	4149
3164	-5659
5244	9955
-8757	-6021
7114	4264
-11934	-2293
865	-6039
7112	-4856
112	-4344
1175	951
-5252	-6028
-10491	2682
17044	11260
5685	-1822
6168	-2574
-17989	-5828
16265	596
-1393	14912
-17115	161
-8762	-6141
5397	-1743
8847	-929
-3167	-5709
682	-4063
7263	-5529
6990	-2995
-22016	644
-4772	-4783
-1409	-5275
-12602	-4185
145	-875
5177	-8307
-8291	-5542
2122	-6262
13617	-85
-12973	-2543
2331	-5999
8830	-6040
-13131	1904
-1713	-5496
-8354	-3710
19745	-4031
-22266	-6017
15775	5924
3477	-2410
-422	-4470
-4413	-4628
-11285	-151
-3964	7397
-10710	-4800
-4844	-4243
1931	-3953
15210	-5544
1890	-6531
-17856	4717
12861	-2878
-9722	-846
6611	-4988
-7997	-5346
-11773	-4382
5372	-4740
3673	-5916
447	-5559
5060	-1292
-1832	1654
-11241	-5664
-638	-3707
3866	15839
-4473	-5430
-2271	27341
-8088	-5262
2527	7723
-5917	-4098
-2227	248
-4515	-3885
-11858	-2579
9407	-6039
9152	-5172
12275	8643
-11458	-2681
-4895	6246
210	-5956
-4312	-4758
14454	23023
-16428	-5394
-12605	-228
-5050	-5122
11176	-400
28	-4940
-2712	4046
-8660	-1429
-4043	10479
-15403	-656
-15569	-6035
13553	6262
-1764	6509
3965	12258
-24078	-357
9352	2545
810	-6102
-2433	-630
7866	13032
12344	8787
-12489	-5082
1122	-5906
-11085	-6000
-61	-4492
2786	24790
2564	-4828
5224	-2928
-5892	-5135
-7046	-5908
-5172	-6040
7381	-5935
-11715	-933
-3038	-5798
-10597	-5959
5065	-1696
-1441	-6073
225	4009
-7310	-2969
4625	-5959
2899	630
12425	7340
-3706	-3009
-9748	-6557
1639	-6495
-3014	1038
-12376	-1281
4731	-2861
-6261	-1259
11281	-5075
-16243	8347
-16971	-5907
-5796	-844
-375	-5477
-4821	-6037
1427	-5692
21325	-3112
4475	-2489
-12520	-4912
-6285	-2299
2314	-6046
5130	-4955
22152	10645
11494	-4936
5686	-2384
-18287	-1853
-608	-6042
-7082	-5824
11199	1670
6612	-4111
-9713	-4946
1135	-5897
-7461	-5927
534	-5999
5685	-1038
-11105	-7183
13779	10925
1726	70538
-16171	-6112
11360	-5607
-2516	-5999
-8049	-5426
7809	36696
-2539	-3746
3499	-1299
-12553	-5919
-6947	5608
-7684	-6042
-1699	14860
-12996	-3757
22621	4784
-12720	-5047
2783	1097
8277	-4864
-829	-3781
5191	-5784
2889	40
14678	-787
-4611	-2838
6946	1711
10291	-5959
10172	57462
10565	2338
1045	-162
10861	-2962
-15117	3261
-14303	-5759
-8305	-5819
6999	20389
12400	-5807
618	4116
2100	-3662
-3559	1224
-10468	-5987
-1390	-241
2784	-4932
-1440	5580
-16236	3226
-11175	-3927
-4591	-6954
12355	-6066
47	13110
-15779	-5061
-2420	12584
-2415	141
13533	35253
-9369	-3041
2961	-5386
-3252	844
3459	-3937
-640	-3350
-10490	-5992
-1412	-3372
-9252	394
18243	27378
5095	-3842
5388	-3068
-5157	11951
-14892	-6063
1412	271
4178	-2229
-6991	-6059
2118	-1403
7521	20553
-470	-1516
2033	-6340
-5793	-6038
-10651	-3015
1381	-2840
-534	-2497
-11537	-5594
4929	13859
14657	11981
2790	-3657
14429	-5963
-3229	-6039
-4882	-387
269	-5787
-9114	-5102
1839	-5069
4628	-6028
5424	-9856
-5855	-5005
-2769	-5829
-11802	6862
-4551	-1165
11480	51723
8475	4597
7022	-6028
4372	5599
-585	3114
16111	3987
293	-5441
4865	-4284
15503	57485
-3833	5989
26450	-2203
-200	8720
-5203	-6897
-13385	-5775
-172	-5367
16408	-6576
-13553	4582
-3053	-2441
506	16486
5975	-6181
13063	-6040
-6860	-6026
-19368	3741
-17388	3153
4163	-374
-7653	-854
-10737	-5954
2386	-6042
-242	-6016
27533	-4022
-9914	-6039
-10228	-5639
-4783	-5990
-17804	1577
2574	-5031
-9800	-1216
5568	-6185
4499	-2093
499	-5357
6326	-2985
-12576	-6028
3879	1325
5378	-6071
12954	-5491
-10067	10643
16049	-4728
-9177	-6041
-803	2832
1627	15171
-18820	-3293
14807	14093
1911	-4536
4533	-3350
1209	5352
1424	4531
-8190	2051
4351	-5205
-7516	-5298
-12483	3672
454	2202
4847	-3810
8658	-4189
-1573	-5471
8369	-6169
-3707	8878
19078	-5468
11414	-6221
-5592	14005
-10340	-1251
-7213	-1038
18439	448
4900	-5874
19275	-2443
6868	1236
-9288	-5881
-14582	-2250
-2268	-5008
24521	53611
-2418	-6040
19683	3708
-9208	-4409
-12414	5023
4183	3076
-5360	-3962
12031	9245
-14997	-4460
1425	22758
7853	-5687
-2256	-1339
7381	4241
-13490	-6040
4308	1743
-9798	-6065
-2164	-358
-6839	-6054
-7878	7697
660	-5842
2437	-5280
-3584	-4457
9371	-5233
3988	-308
-21988	-1270
-3440	-4187
-980	18048
-4304	-6082
-5652	-5653
6096	4233
2132	-6021
13057	-5343
6814	16004
14518	8120
-13865	-5222
-3379	-4950
3529	-1822
-15254	-6159
-2274	-4546
16913	-1909
23065	-3853
-4440	-4113
3625	-138
7447	24066
5386	7460
1751	-5749
-4226	-5632
6875	-975
-6497	6856
10231	2464
2494	-6044
8055	4607
-7378	14140
4313	14261
-6661	-690
-2793	-6047
5964	3313
2557	-6072
11893	41379
-8991	-4532
-831	12433
2199	-5973
16456	-1138
-5252	-5252
-15498	-2260
8237	-5887
-122	7219
-5676	-651
14275	3011
3257	562
-1875	-2877
12944	2752
-16735	4547
4328	7704
-11926	-5635
-17608	-4399
-10466	-5813
-89	15722
-13093	-1794
2284	-238
15620	3686
-20020	-1481
2311	9212
14379	1061
-30476	-5995
-8325	-5900
-14615	-3329
14758	-2015
3776	29083
254	-6038
16006	-6039
-2201	1765
10053	18449
-10665	1260
-4477	-1212
-2154	-6820
-3834	-5766
-6990	-5932
-1600	6142
2706	38
-410	4411
5495	23756
-2825	-5548
10749	27514
-13244	-5707
11276	-6018
7186	24101
-5467	10078
-3480	-5834
-5437	-67
-7634	6917
-7685	-4881
-13994	-4567
-2932	-3808
10283	-5807
7735	-4259
-7049	-4263
1255	-5735
756	-5446
7535	770
3857	14008
11957	13077
5366	-5617
-8313	-4444
-6388	-3939
-3380	-5578
-6195	-5239
-5811	-2824
-7282	-4888
2347	-2679
-13387	-5263
535	-4629
20255	-487
-22816	-8942
2984	-6040
15861	-873
-7840	-4465
-10741	-4286
-9113	-5892
13468	5665
3438	7848
-5553	128
11065	2534
-3661	-6466
-10996	-6034
17655	-3061
-5462	-518
-8522	-5994
7586	-5972
2758	-4311
-2233	-5875
3762	-3100
10377	-5165
-8821	-3611
8799	4180
6938	-3457
6645	-5787
-9921	-4237
3419	-3441
-24157	-6342
-4019	-449
-11833	2965
8114	12924
-6807	-5950
1060	-6023
3089	-5895
16211	18275
2338	-4382
-5898	-5639
21113	-5980
20339	-4985
-3901	-17
19063	1360
-5343	-5221
245	-6088
-6096	1235
-6640	-6040
-974	-5556
9559	15102
16843	-877
7796	-3783
2060	-5987
-2049	-6105
-9047	-2104
-6125	14552
-10530	-5995
-8137	-2876
6447	-5993
-12888	-5443
12274	-5245
-9175	-33
7585	-1745
-13192	-5575
-715	-7546
-1533	-6042
9726	4803
-11367	-886
4632	11413
-7741	-6051
-4080	5634
258	26487
-5331	7942
13925	11908
-20330	-3954
401	-2934
-7197	5897
2826	-5893
7867	19533
19952	63806
-2660	3155
17452	-1113
-9274	-5014
-5512	-4605
4452	3487
1191	-5662
-5134	-5566
5073	-2670
-1433	-5913
-429	-6631
8712	56359
2097	6875
-2619	-6014
-13844	-5908
-11176	-3946
-2473	-5221
-5348	-4301
1918	-3838
-8959	-5676
-16295	-5875
-13364	-5337
8668	-592
5217	4545
-10466	18765
-4731	-4761
-5137	-4608
9848	-3859
10900	-5994
-6153	2425
8186	-6207
-10771	10920
24375	8254
5959	-6077
5043	-1358
-921	6804
1965	-5338
2408	21433
-15804	-4642
-13655	-3161
4972	11112
2777	9086
-6508	-552
4845	-6040
-2861	-3137
-10262	-4607
-7122	-5264
-18405	-4867
-8338	-5436
-10885	-5451
7352	2785
13862	-4384
-6364	-6037
-14408	8436
-7802	-2652
-4123	-5581
11826	21874
-3761	3050
-5620	-4950
321	-6038
5586	-5055
23770	-56
9853	19101
-7747	6015
10339	-774
4836	-6127
8931	40866
-14904	-2053
2033	-3463
15274	-5456
549	-6164
-4222	-4233
-9544	-6221
4194	8346
12289	-6035
872	-5681
12493	-2755
-1747	-4911
-1114	5946
6685	-1236
-714	-4189
498	-3005
-2770	-2643
-84	-5867
-272	9026
26576	2646
4020	-3270
34558	2491
32849	18371
-27542	-4757
1650	1725
-1344	-2491
-4850	9749
16412	-4809
12113	-6060
1140	3117
-472	-322
9295	-5814
32113	11493
-8886	-4142
272	-5964
23803	1194
28516	-3091
-3131	-3293
3834	703
14112	4298
-7944	-5470
17090	2682
4335	-5161
14578	897
-2774	10336
-6082	-6118
-4633	9260
-6213	-5441
20541	20773
3500	4540
19456	19205
-9737	-6039
-539	-1221
-12068	-4085
-14390	-5558
18034	2417
5324	-1143
-5334	-3982
15903	-6040
4155	-2680
7274	-3303
-948	-4304
25027	72490
-12634	-6029
3596	18197
15065	-1047
2095	-6037
-1185	9043
-9401	-5184
-23266	-6036
810	27793
-4857	-3335
6472	2692
23544	-1473
2318	-3001
5042	2322
11935	10525
-5255	-4668
-8348	-3090
24080	14589
-1565	-3438
1	3295
-12418	14727
9825	9768
-9963	2051
6137	-652
2045	-3078
10596	2725
-5307	15234
-13833	-5452
1069	-6531
19314	467
-10196	-5585
-10307	-1462
-8970	-4152
1518	-5797
743	-3622
4084	-4708
-10752	20681
30451	41722
10058	-5889
6502	3078
-2162	-1483
21155	57547
9398	-5982
-12143	-1934
7127	-5716
-899	-3501
17210	8680
-8663	6155
-7919	-4514
-1031	21870
-10096	1795
6059	-4142
5708	-6424
26333	2521
19605	2071
-3850	-3232
13632	-5892
-23681	-4010
-2654	-4087
9733	5202
-3106	-4949
-11934	-2636
5954	-6026
-2638	-2314
4883	20417
1324	16643
-3414	-4227
277	-2697
11752	-2752
-11367	-5175
-15634	2918
1896	-4453
11862	-3404
4550	-357
4338	-4875
-178	-6038
-5037	-4600
-9977	-6050
5619	1024
-12681	-1563
-5574	-1719
14022	-5560
9129	-6316
-12038	3270
135	-6030
-4897	8312
-6008	-5087
-1887	-3716
20210	26952
-335	1441
2631	-6126
6040	4353
-2186	6717
-4170	10253
-10087	-3843
-8250	-6027
4047	11188
-18386	-3493
-5701	-3493
14107	32136
-10699	-5470
880	4748
-2237	-5628
-12749	-2955
-400	-5130
-15131	-6040
559	-28
-7755	-5938
7126	1119
-6479	86
16654	74438
-10561	-6048
6679	-2295
-9593	-5997
8024	1012
11803	-5325
-12175	5561
-8528	-5875
2150	-5890
9912	-5839
-8756	-6103
-12819	-7167
-8750	-5849
-2435	5120
4774	-5859
1554	-5990
-10823	-6040
-3127	18238
-6649	-6080
2339	-987
9260	-6068
-3423	12577
-18060	-5911
10359	11893
-5097	-3184
2971	11222
3168	-5809
-3865	-2970
4937	11431
8278	3407
-1284	-6041
-7905	-6372
-12354	-5348
4764	5049
-1765	-6002
1932	3149
-10098	-3022
-1117	-1064
19500	8140
2907	5338
17402	10972
2557	2452
-7537	-6034
-15578	-4594
-16982	-4971
11698	19988
-6883	-5438
-7295	-2757
1323	-8265
-578	343
2806	2839
7735	37888
14946	-5990
12522	-3870
-302	-631
14623	39264
7072	-5499
2685	-6040
-7161	-5765
-1118	-5696
-5048	-733
-19516	-5955
-4900	-6029
-12722	-4969
1438	1285
7961	-5187
-9148	-5643
-2537	-3418
14752	-3855
-6699	-7477
-9930	-5585
-20511	-5034
17779	-3520
-19589	-5637
1815	-2650
-9538	-5992
4778	-5206
1498	-6045
-5106	-6013
-9198	-5414
-11066	-3707
12179	-1636
818	-3132
8655	-6043
813	-4765
21605	9776
-16533	-5098
18569	-3121
-16777	-6727
-484	239
9	-5542
1619	-4850
5091	1379
-23258	-6009
188	9751
-513	-4678
1723	-4348
-842	-5673
2875	1583
16942	24718
-1031	-5452
12297	-179
20195	30445
14773	-2643
-373	954
18205	23426
-4840	302
-757	6034
-6503	2787
-15147	-6038
5401	-3986
-1228	-1349
11699	-3369
-404	-5325
-4174	606
-13320	-4623
-16893	-5708
-8429	-4014
7062	3289
29088	-4594
9556	15001
-19091	1171
11055	-8064
-2283	15633
-2774	-6042
-3434	-3216
-17444	-5717
-1806	-5390
-3131	-4483
-6244	-134
817	2452
12500	3215
1610	-5792
1393	-3322
4737	-6028
-2433	14737
-5597	-6040
6590	-5619
5853	-4840
2187	39
-4349	-6095
20281	34921
-7337	3053
-1044	59
-3026	-6043
-2477	19003
-10450	-3408
11437	-918
1404	-5964
290	-3549
7650	-5113
-1140	-5053
-7742	-6040
-23675	-2897
15202	-2504
-4297	-6039
-1558	1216
4246	-6016
7025	-5905
-2014	-6039
-10208	-5589
3462	-5155
-3935	-1213
11664	4987
4547	-6040
-2106	-5839
-17310	-3287
1252	-5668
3610	-5397
8488	19215
-8674	-3421
6862	-5910
14563	7611
1093	-5988
23469	21512
8407	-3421
13404	-1215
12220	3292
-15937	-2097
3610	-1249
3392	-491
-1204	-6040
-6168	-2205
455	-189
5507	-6037
2252	52
-5778	11056
7837	-6327
-12752	-5426
11290	48423
-14187	243
1031	16390
-2147	-4323
3078	-6040
-2869	-5379
8691	-3982
-9960	-7003
-3802	-4557
-3923	-5061
6036	1040
-23327	478
-4821	7979
9095	-3634
5739	-388
59	-5440
5164	-5333
-5358	-2099
-10536	-1441
-16336	-3001
-13026	-5997
2851	-4084
-504	-4358
-9397	-5928
-17703	-5794
6046	18696
7856	-6037
-67	-5087
5375	-5966
7247	-5672
-9647	-5902
-5559	-5184
9673	4168
-15309	-5536
8628	5520
12656	14436
-10884	-6392
2774	-2616
-16119	-6124
-17260	-5601
-5770	-1633
5097	-6136
-14526	-701
-17299	-4447
-3633	3883
-1421	-4745
-763	25141
20736	-4392
-11750	-5241
-4254	27627
-13526	-6043
18631	-5050
-15096	-4429
23000	53984
-9400	-5995
-7723	5500
-923	-4036
-8723	-6040
525	-5994
-5192	4423
-15468	-5206
4102	-4449
8718	8608
-8491	-1462
-2531	-4331
5221	42
980	-5904
10218	-2757
1245	-5897
-2888	2274
8186	-3406
-1523	-223
13967	-9267
4028	-5314
15415	-278
-12289	316
3456	-5646
2802	-6039
-3679	4814
-6615	-6026
10858	-2592
3775	14021
-12098	-3836
-8162	-2716
10352	-3516
-2077	-6489
-8162	-6113
1774	787
5171	-5494
-252	-5649
9446	-377
-14199	-5991
3523	4023
6061	2248
11420	-4790
8896	-5986
-1205	-4149
2864	-974
-8899	1013
8372	-627
12131	26040
-13449	-5409
13469	1302
4040	-5638
-532	-5350
-5849	8707
-1920	-11976
-9764	-3218
16901	-5516
-3028	-2495
8007	-3749
-5203	-5731
-326	-15106
9647	11686
11229	-5959
-15117	-5701
15088	6589
10059	-2125
-21139	-5938
6031	-5900
-4375	-4873
8333	2028
-8707	-6038
-6868	-10330
4797	5240
3817	-2383
-183	-6029
34234	35626
-3054	-2785
-7575	-3561
-1444	2205
20702	13526
-3541	-5163
-6231	5988
-6087	-2515
3961	-5019
16828	-712
-834	-5158
-5299	-5096
-6470	-5330
22199	17027
-2298	-6089
-6415	-3140
-10464	-3874
22103	-5288
10697	-6038
3086	-4560
874	9263
1051	-219
7522	1190
-10760	19556
-747	-4711
156	-6046
4789	-5547
-3988	-6040
-656	16046
4629	-5617
714	-6042
14221	-3682
19113	-6040
6145	-5399
-14433	-5975
-9200	14737
-7655	-5174
-1007	-10486
1411	-6039
8684	7769
-7021	-2457
5305	-5520
-7638	-4608
-2813	23122
8002	-6188
-930	-6040
11750	13185
-1532	-5542
-833	-6034
-4301	-1448
-4440	-570
-313	-3554
-4413	-3036
3305	-6040
-6473	-9762
13707	-4836
-735	-222
7033	50598
-5660	-5817
4736	-4873
-2849	-6032
-10168	-5471
-7814	-3245
5731	-61
13706	18235
17064	3469
2862	18725
6828	-6033
-3115	1139
-11	-4763
-7041	-4355
517	5492
-5647	-5200
-53	-10820
1466	-5993
19559	6719
875	-4391
-18149	-6078
-15495	-5065
3472	-346
1127	-6020
-4252	-4113
14303	43186
-9682	793
-9712	14000
4503	19733
2329	-6389
18237	-6267
7232	-5176
18338	-6275
10600	-4415
291	-5872
-3495	-5939
-384	5149
-4419	-5398
-6690	7569
-16409	-5411
-9296	-5990
11254	-5492
5454	-4795
-7733	-5890
16505	2992
-2767	-4072
1484	-314
5253	-5469
-10970	-6039
-9657	2972
-7067	34818
26604	-5266
-8154	-5485
-4427	-5427
7522	-3546
12224	468
-18530	-2549
-4829	-3532
-9372	-6022
821	-2669
-4176	-6151
-7283	-5504
-9389	-6013
-350	-5778
-3853	9328
458	-5451
-10754	-6131
-6244	161
531	-4889
-2437	-1822
-7742	-3653
-7748	-3449
6100	-3839
14562	12660
5262	52699
16620	-1720
5944	-4980
-5268	-5995
208	-5807
1046	-5793
16494	-1619
2185	-4570
2277	-5563
5900	-4475
5863	1163
3850	-5708
14160	-860
15991	-6390
-21395	-5990
11329	-6045
13291	-2145
8093	5442
4021	-6040
-760	-6042
11253	7994
4608	-6043
-12069	7873
4138	-4714
10067	-5139
-387	-5832
-9740	275
8660	-6042
15292	19725
4326	-4180
-1083	-5864
12207	-5471
2570	10602
8270	7469
10568	18264
9113	-5938
13763	-6040
-6777	-5619
-4442	-6192
9414	1936
2821	-6024
-6639	-4234
-1731	-4238
-15457	-6021
3336	-5741
2557	-6165
3585	5215
-8631	-2644
-7672	-5988
-2821	-5516
-1215	-5896
11421	-5964
4517	-6040
26258	54326
14904	-5747
1027	3749
3154	12709
-6098	-5984
-8967	15417
6976	-3875
-1517	-3877
31131	-5674
2558	-6040
-4072	-6085
9562	-5215
-8582	-988
-5509	4736
-826	727
-4847	-5982
-12444	6650
17763	9726
-1797	-4813
3418	-3414
-5558	-4792
3024	11897
-1186	-2993
255	263
7367	1620
4532	5952
-11113	-1367
2047	-136
-6014	-5886
26424	11080
-13067	-5926
-795	-6090
-5193	-2979
12397	-4808
2549	16626
-13727	-612
8571	-5741
-9323	-6008
-5469	22512
1760	-4150
11958	-3980
2990	-5532
-11694	12499
-5317	2986
-586	4989
-10992	-6458
5615	-5694
4452	-10767
-12307	-5735
8555	8300
-5804	-6038
-10619	-2765
1166	-347
-5166	-3685
-984	2283
7406	5101
7023	-4996
-1458	-4534
11029	-5370
-11767	-4947
-2800	-5916
-5330	-1188
23862	3923
10429	726
-4970	-5837
12096	7122
-1517	-6641
26565	-4616
-6573	342
12377	3283
-5958	-5278
-21018	-6076
2840	-6007
-190	-3048
-9369	-2961
-6703	5847
2720	2592
-13122	-6957
-1520	-4169
-1410	-6015
16660	-4789
-345	4113
76	-4587
-8142	-5859
-8610	-6044
-9251	-3612
-9750	-5789
-644	-5709
-3552	-6040
-8283	-5688
-12913	-1133
2612	3127
1432	-2589
386	7464
18860	4843
24726	-2722
3701	-6040
-13363	24488
-10510	3180
6748	3698
9578	-5376
-12749	-4196
-12978	5377
1715	-7304
-2382	-1494
7362	-4926
288	-2282
-1003	-1642
-7659	6841
28086	-5940
-13664	-2973
5596	-4332
-12214	-4664
720	-5473
-8276	-2573
-750	391
-5496	-4727
12726	-5941
13919	-4072
9561	-1256
-7997	-5778
-17370	-6289
12368	-6070
-9321	-5398
-1697	-2824
7303	18812
-9828	-6023
6645	-2331
-13586	-1197
7247	-389
-15666	-3903
2125	-6065
-12881	9612
19263	1486
85	719
-2389	-5896
2040	-5845
2778	-5619
-8809	11120
-10752	-5968
-8501	-2396
-25604	-6026
-588	3578
7813	-6034
-10166	-3567
-3858	-4135
-4716	-2949
-944	-2241
8165	-6056
-4162	-5289
-7688	-5935
25371	-6063
10553	4338
-2922	-6149
-6742	-52
-11265	-4646
-9969	-4726
-5693	-6096
254	-5937
19751	-5225
-9026	-1746
1960	-6700
17790	-6032
7738	-4012
1281	-4144
-137	-1963
1349	7189
16449	-5346
18009	-2599
-9866	10320
2654	-4728
240	-5987
-6450	-3851
-2301	-6091
-10279	-5965
-13271	-6091
-10763	-5979
-4431	-4214
-3251	5135
-4191	-5733
14995	-1126
-4964	13342
810	-6041
9176	23175
5378	-3833
-2005	-3245
-1692	-5198
-11128	-5964
2610	21867
6679	6095
-9500	10299
13418	-3431
-4911	3543
421	2903
18984	-2869
7266	4345
5597	4255
-21298	-5001
20800	5728
9360	259
-13071	-4554
8196	1105
-5319	32195
3274	-6040
16178	1357
-866	-2596
-15851	-6051
841	-5864
-3892	-3652
7055	1392
-222	-2053
-18051	-1074
3656	31775
4477	-2130
-18357	-6038
515	-6232
2418	-6037
-7772	-4888
633	6876
10965	-1236
300	6429
-10800	-6679
-6496	-6033
6022	24990
6866	-5447
-4440	-5809
15348	22236
1815	4678
-358	5721
6771	-4775
4808	-3300
2746	-5408
-8267	761
-1609	-3442
908	-5844
-3366	-6065
-6978	-6193
-9061	-4854
-4445	-5127
7110	-3854
-13198	-430
-7123	6955
26128	-6039
1622	-6035
11007	-182
-15001	-3395
-4043	-5618
3060	-5134
340	-2939
-24114	-4266
-7127	-4860
-11843	-6061
4593	-5871
-7341	5496
-14875	-5905
2098	6698
12465	-6220
11704	3080
-10853	-6435
7201	5168
-5808	-4267
3927	-5820
1041	-1947
-2244	10432
-4339	30664
13352	-225
4007	-4875
-1302	1509
-12110	995
-11650	-6136
22689	3743
-18062	-6102
-2223	-5805
16282	-7654
-9102	81
-2429	-5538
-10295	817
22159	-5175
1999	-5548
-3911	-5892
4292	-5131
10365	13841
8345	-604
31916	1468
-7018	-5941
1882	-4799
4004	-3481
-9926	3576
-445	-5682
2520	-6026
4244	-2671
6901	-2164
2405	21828
444	11864
206	-6039
1618	-4501
18655	12977
-9586	-5816
-10691	-3270
10764	-6039
-4270	-4280
5399	7768
6968	-5947
7848	14772
-11313	-6040
5680	-5984
-6786	-5667
-16820	-6042
9411	-1223
6437	-5539
7447	1475
-7785	3193
7590	10059
11435	4964
-392	-6003
-20235	-6039
-12583	-3442
-5526	-6033
10773	-6028
-27019	-5703
24152	530
-1757	-5350
14945	-5968
-6586	-3993
31317	37476
4925	-4793
-9624	-3213
-6848	-428
-8138	-5094
-4147	-5089
-15484	-6186
-13617	-412
-12736	-1972
-10006	-6076
-290	31136
-6709	5302
9222	-1163
-14146	-4072
1970	-5237
3735	-4927
11099	-5973
2642	-5576
8826	-3018
5633	-4388
-7924	332
17554	6538
44	-4342
20429	-5421
738	-898
-10972	-5803
-6920	1444
-9115	-6007
-17295	-6054
14808	-1363
3659	-1599
9864	-725
5754	-5947
-10917	-6036
-4614	1476
5270	22018
-4338	33345
7313	15418
-937	-3619
-5316	3218
3276	10492
-10093	-1237
-2304	-5465
33054	19699
7224	-4983
746	776
-17233	299
11687	133
10301	-567
6078	2990
-8515	-6328
-4493	-6117
-589	-3749
9823	912
15122	-1697
36495	-2814
5049	38726
-3043	20895
-2470	-3681
-2675	-5178
-13298	-4954
-10780	-6030
-1878	-5261
9145	-5425
-5284	-5831
2063	-263
-15247	4782
6395	175
-20484	1102
-10136	-5925
1935	38907
11526	-6038
-12026	-6220
9813	-6053
-487	4336
13187	11264
6842	-2790
13070	20549
7317	961
296	-5940
2061	-5903
-10499	-6040
-28092	-6038
5075	7040
465	-5966
11914	-1103
17297	9188
-2968	3984
-12580	-6042
-3576	-13493
-8911	16281
4663	-5851
-2120	1975
938	-6578
-1411	-3905
-23970	-5939
8422	-6039
-8921	-4180
-6498	-4452
9735	9730
9530	-6109
6425	-6127
2539	-5618
-6120	-6040
-9276	-387
2346	-1823
-1128	6436
23911	48619
-2716	4388
-2669	-4421
-15117	-4360
5752	-5656
10801	3295
12067	-4739
-7717	-5364
-23193	-7300
-4398	-2532
4065	-1421
-3760	-5827
-6329	-4507
-5368	-5767
-10050	-6038
2959	-6199
-14110	-5895
13790	-4597
17076	20404
-15562	-1939
-11288	-1096
4857	-2295
8981	-4644
12485	27873
-7677	3895
6852	-6451
-10056	-4939
10851	-6044
-8728	-4046
-13514	-5405
9628	2082
7044	-4152
-13041	18279
7721	-2264
2005	-6041
4506	-5670
-2570	-6040
-18647	-5892
8591	-4547
12467	3851
-5986	-6022
-11775	20770
18735	-5167
3538	55
-5038	-249
-4180	-5717
9032	-1245
1608	-635
-2267	-4703
-4003	3956
10489	11380
-10442	-6035
-2383	23443
-24933	-5699
-19926	-2506
4351	-2520
-13491	-1784
-2415	20310
-4283	4924
-4395	9459
4232	6822
-8462	-1509
1478	10771
-2077	-4204
-8904	-4242
-2625	-5580
5401	-4563
-15214	11392
28334	-2577
6982	-6021
-10710	-7188
-245	-6035
10199	-823
-2262	-3488
-16567	-5534
-2410	-5755
6115	-6042
-10527	-4179
-8154	-6037
-14160	-1099
-2698	-5969
10791	11830
6965	5818
-1320	-3851
-9209	-6049
-1322	-5406
-2736	-5715
-13766	-2425
7517	-4118
-6378	-4929
-2402	-5967
-26719	-5798
5659	12549
2486	-4995
-2699	-17811
17530	-3039
-3011	-5612
3845	-2268
5908	30860
-1345	-3005
3713	-5935
-7223	19031
-3495	17513
4932	41253
-6332	-6024
6609	8780
9161	-5206
5813	-4715
5888	22700
1415	-2227
10596	-4188
-2204	3992
9767	-6039
17772	15522
2201	-1362
9633	-4965
21263	4355
-10514	-6897
9319	-3885
-16018	-5749
-7333	-2005
-22441	589
-8398	-4955
-800	6323
-7738	-6009
-15377	-5228
11404	-3501
-11955	-6354
-1165	-2789
5405	-6038
-64	-5336
13939	6175
11785	-5943
2101	-77
1195	-4823
-3066	-622
-181	-4412
5476	-2326
1455	-6037
-3284	-3234
-9371	-5899
-4612	-4968
-10815	-1697
6594	10058
-348	-4124
5780	-4702
-17774	-6022
3144	-6069
6137	-5857
6193	-5828
-3157	2728
4004	-3290
-14539	2067
-13673	-5985
-3243	-4276
2601	-2387
15956	300
1371	-2814
-7291	-4911
-2527	-6039
-4907	-4606
85	-3149
-14105	-6039
700	-6172
-8976	-4681
12147	-3081
64	-4198
-10655	-4436
16198	1229
-3910	-5545
-1261	-5686
15986	-2181
9970	-3902
10642	11415
15604	23631
614	16585
-796	2760
-8813	1107
5820	32008
593	-6022
11985	-5882
5977	1498
3097	-6013
11009	-4022
3788	-6233
4597	-5931
-1152	-5254
4599	-2512
3500	-5208
11723	3575
-5330	-5066
7148	625
-642	-2355
9393	33074
3658	-1112
-7792	-7374
-20009	-6040
-6919	-5763
3961	-2440
3852	-6010
-1373	6270
12170	37132
1712	1539
-11390	-2798
-12786	-6051
-1539	-6058
534	44923
12889	-5721
-206	-4723
7638	8413
2289	2352
3624	-3007
3491	-50
-13045	-5129
-5485	4495
5517	-5951
-6040	-5451
-13346	-2188
-35	-2011
15697	-7124
13081	-11462
-1956	7327
1951	11791
-282	27681
-5058	-6040
-1407	-4658
2155	7027
1818	-4142
15756	33397
8735	5878
4658	-5029
-13381	-4423
3923	-5286
-20203	-6003
118	465
-4540	37308
-12738	1273
-1922	7106
-7527	17533
9681	-4885
-5496	-6034
2953	8188
1755	-5573
-5631	-610
14132	-5965
3895	-465
13779	-717
-3137	15900
-15989	-7404
14848	-7542
13954	12821
3662	-6440
4849	7232
-4404	3174
3942	-2351
-12456	5336
-16891	-6040
-38	-4535
9088	-2002
13255	15526
12326	-6040
21295	-4103
-2612	-4439
-5399	-1345
-3893	-5220
-5501	2908
-7563	-3285
-2883	13005
-1034	-3328
10727	-3775
-10036	-3333
-13925	-4097
-12901	-5770
1860	-5865
-9508	-6515
-2832	-5872
-8002	-5674
-9464	-5659
-1396	-840
5622	-5108
-644	9453
-18898	-2850
-5824	-5939
13787	6254
3040	3176
662	-5576
6899	3107
-7842	-6034
1384	285
-4204	-892
-12389	3740
-9322	-767
-145	1322
-9363	-5351
-4548	-4180
-5556	-5437
-1440	-561
-1443	-6354
9912	-2585
12696	-3635
7054	6269
-1208	15053
10602	-6049
3262	-5944
-6451	-3377
2010	12690
5104	-6190
-10755	-6040
-12074	-5961
-3446	-7412
740	7869
-8372	28051
-11920	-6046
-7071	-9935
1334	-6039
-10172	-5072
-626	-6069
10461	-3453
4023	-4597
10660	4443
12865	20172
19237	-5479
10658	28019
3623	-5349
-534	5491
-6669	-3401
5095	-4274
142	-6024
17463	17795
-2095	-5909
6223	449
-7184	-3445
14476	-5562
24821	36045
2279	-6231
7343	-3634
-1270	-5470
-410	-3310
2162	1308
-10965	5446
-15145	-5244
-171	-5888
2664	2965
-10922	-3687
1148	-3480
-18867	121
290	6941
-671	-3507
-6896	866
-13697	7352
-12018	-5567
-8960	-2851
-1842	-1589
5132	-4283
-345	-1078
1247	14019
-5820	-1891
-14710	-1972
-14828	-1936
-8196	-5851
4422	-793
2432	-4597
-12234	-5777
-12743	-3367
-5002	-6103
18012	4491
-5632	-5298
-16901	-3414
8800	1672
-10220	7706
547	1005
20399	2730
-11531	4845
760	-5985
-8134	3797
812	-7308
-16989	-6037
-8481	10746
2275	-3525
-3730	-4132
2402	11602
-7609	-4778
-1076	17007
5967	12225
6617	582
7278	-5756
7932	-6054
9420	4671
8240	-4017
-2905	11993
-2291	-6320
-10816	-5964
11441	-5758
989	-6029
-14323	-6455
-15895	-4706
16872	-3122
-14308	-5982
-5192	1630
1683	-5233
15656	-4302
23303	-1524
4593	-6038
-7058	1972
8763	-2402
-5771	-343
-5420	-1631
-3802	8287
-21035	-1716
-3667	-2365
-952	486
-6858	23250
1849	7971
22597	-4697
-7148	-6041
2059	-996
4089	-5943
4880	-3947
7502	9704
-6063	-6041
7902	-7301
10440	6215
28913	2508
-583	5903
-1878	-4481
-4642	-4941
-9936	34409
-6018	-2844
7794	-7105
-19566	-7076
-3080	2916
-2910	-2722
-13782	-6040
-21889	-5463
242	-5513
10573	1619
-9388	11298
-13537	-7508
-20302	-5972
4248	-5616
10371	-6145
-7373	-4204
16832	-2382
-1852	-10665
-10565	541
-12618	-6167
-8815	-6295
4482	3532
16888	5306
-1732	-3771
-13044	-1624
5653	5373
3364	3005
-5355	-2265
-2197	-6040
-6319	-853
-3907	-5962
-4108	-2112
461	-6023
-4936	-5715
-10339	3594
9126	-6668
-1828	-5806
4408	-7247
4488	6306
-5844	-5815
-1284	14225
-5039	-4606
-6881	-5748
8317	-5819
1600	-5872
-16078	1982
-10880	-4588
-1548	-5946
-1398	14256
-21935	-5537
-2728	-6005
-7012	-4053
11302	159
-3508	3019
2650	3609
-1585	-3246
-14937	3959
-2047	14055
-10364	-6004
-3093	-5988
5454	-3758
-14391	-5915
10825	8127
11912	-4687
8133	-4237
-6606	12369
-3849	4473
-7574	237
5225	-4017
-3745	-2171
13763	-5331
253	-5790
16864	8041
-1399	-6032
-2209	-5574
-16109	-6045
15456	-4571
-3074	-5068
-7350	-6202
-9554	-6076
4060	-5654
-3025	-4755
-3867	-5533
-3000	-4820
2203	-5640
-14554	-237
-708	-6011
-3858	-1085
-14199	-4485
-16558	-3074
23418	-6037
15596	-5970
17475	12606
6449	1243
13954	3276
-11295	-5418
3369	57961
7117	-6040
-4623	-6040
-5907	-5684
6890	-4419
6919	-5170
9851	6481
5019	-6204
6220	11821
-9695	-6076
4453	6819
-25081	-3110
27559	6513
9452	-6048
3491	-6003
4385	-5235
10283	-3293
-202	-2920
1515	-6007
-18013	-1289
-6921	20981
4015	-5225
-17612	-5778
812	-835
13789	-2683
10558	-4891
15214	-5900
-3137	-3407
7142	-6042
3200	26
15642	-5824
7724	-5434
15645	3840
-3646	15673
-11685	-5750
5204	-4628
-7380	-4314
5496	1700
22471	14857
-6903	11894
7554	3175
-15484	-3214
-7956	-6339
-9117	-5912
20194	-877
4594	10856
-1744	3786
18979	17545
-5744	-4259
-12459	520
-5032	4440
12038	12763
7086	-3751
3185	6781
-18295	-6022
4307	-6023
-8933	-5161
3876	-374
-3032	-5692
13499	-6081
6235	-6018
13623	24978
-10497	-6010
-14186	-5084
-3681	-1953
18251	-7744
14943	-4889
7062	-5950
5709	23250
-5896	-4399
3124	-2920
253	-6041
9475	71386
14886	3766
5623	17007
-5460	-4284
-5436	-5076
-14596	962
914	-5810
-1897	-4195
3261	2588
-796	-6031
21400	-3758
-2204	-6625
-2959	-443
8318	31394
2971	-4256
4708	-4289
-10580	-6798
9475	17875
250	-6005
-4673	-3079
12450	-5793
-952	-3060
-5456	-4222
99	-3208
-17759	-5319
10034	-1143
9014	-5220
1684	-938
-1830	1334
-6006	-4506
7363	-3114
-15660	2612
-5063	-6035
5771	12597
3929	-5350
-1383	8185
-5425	-5995
375	5740
3298	-2561
-5121	3286
2125	-5267
-12655	-5037
66	-6294
-1194	12670
3074	-6007
-2818	-4427
-12647	-2518
14963	-5971
1976	-5723
-10932	-5485
3422	-6159
-14626	-5398
3716	-6038
-11259	-5180
-1004	-5548
-25726	-5799
-6321	-5899
-1741	-5946
-12904	-6483
-10231	-3619
20465	-5768
4971	-6040
15347	-5996
12659	-5629
-9412	-5982
7637	1822
9545	18543
-5314	8848
14076	-7029
6984	-5721
18788	-5584
-632	-5996
-13425	-264
1909	-5614
-2023	-5821
-179	-2657
5211	-5685
-5664	-3106
-22109	5235
11696	18450
-446	-4510
636	-5651
7838	-4630
-8713	-6035
2902	7742
13507	-6069
-14413	-5087
-4771	-2597
2416	-2298
11749	-6036
11106	-6040
-13300	-5470
-4192	-2173
2250	-5810
-880	5808
641	-6535
517	-4316
6363	-174
-133	-4706
19274	-6028
-4997	337
2195	-6042
-16712	-530
11290	10877
15004	-841
2066	1481
-10323	-2220
-8065	-3652
29824	62421
3146	-6119
-486	-12
3000	-4975
-601	-5931
7427	-4490
1848	-5932
-1779	-5981
22802	39237
-2898	-4812
-8301	13244
-10876	3165
-8876	35641
-13734	-5793
15945	-2659
23196	12681
-9954	550
10351	13806
11136	-3613
-2587	1352
-4496	-5986
-4803	5633
-3267	-5782
7086	8460
2226	50190
-8762	-6041
6104	-3530
-172	-2768
15374	-5565
4150	-6053
-4631	-5083
4446	24598
-7551	-4801
-20179	-3481
15329	4762
6288	-2415
11539	13716
-6936	10301
10043	3570
11137	3724
11263	14107
8968	-5683
-1313	4598
-10632	-5835
-10175	-4951
-1110	-5881
-4432	-5923
1667	-3097
7925	-5748
3377	23126
1579	1322
2242	-3610
4440	-4110
484	-6143
4961	-332
5814	-7119
2992	-6087
2034	-6038
-11456	12196
9234	604
1692	-5982
-1262	-4976
15950	-2876
7841	-5499
-3248	11497
-3163	-499
-885	-5637
-1957	-1846
2496	-2230
-5585	-5417
9218	-5268
2558	-1136
938	-2453
7565	2527
12329	-3130
-9521	-5059
-715	-1333
-2077	-5904
-6258	-5648
-2417	-5795
-21817	-2084
-11084	-6044
-2669	-4332
19245	276
10339	5658
2706	-16356
-6602	-5101
-25011	-5320
-9550	18719
18663	5767
-3278	-4591
9161	55778
3537	1102
195	-13552
2156	-5932
-16009	9976
-7147	-5902
17117	16626
-9977	-6010
8378	110
-10992	-3833
-16710	-533
-8805	-1462
-7082	-4923
-15755	11042
5004	-6002
7817	-6120
10855	46200
-6891	4670
874	-4043
-980	16507
26	5897
-3486	-5458
-5883	-5541
-4399	15244
-5064	-3912
-13722	-5828
-15983	-5326
-10651	-4315
-16198	-5810
12946	-5209
-474	-5943
8460	-5470
-5625	-5441
19751	59200
3106	15832
-16861	-5884
-16601	-5502
-9249	-5457
3764	2230
5230	17996
-2822	-6015
-8201	493
1202	-6046
4542	-5846
-16346	-5736
8995	-5991
-1211	3744
-861	-6012
14513	-2357
-12140	-4549
-15668	-5688
18230	-561
17378	574
-6715	-5965
-6115	-5447
3865	-500
-7764	-5486
421	874
-11417	-1860
8523	-3639
8681	-5477
-270	-6040
25952	42657
-1337	855
7387	-2267
-5121	-5901
12732	7217
933	-5326
4714	-5963
3727	-5434
3812	60506
-12204	-5637
12343	1929
-10907	-5373
47199	108463
1611	-3756
11414	-5591
-9256	-5434
-15701	-2100
-9658	-5993
2625	-4864
19087	-6040
5624	-5794
265	13964
15355	-2089
-1356	7221
9141	5374
-9452	-6019
5610	-3393
-7532	-5581
-2298	-3546
-5847	-643
-11073	-1933
-21685	-4351
11236	-2941
-4329	-1323
5308	-1837
19129	-6033
-4260	-5803
-10638	-5371
2886	36086
9702	11452
5071	-3078
4282	14891
10357	6873
14775	-3616
6744	-1374
14094	-4940
-12630	-3582
-3252	-5213
-13930	-6062
-1114	-6082
-11046	-4986
9834	1719
8979	2745
-6869	-811
-1248	-5098
-10389	-3109
-12412	-3274
-7080	-23
-2997	-6032
7891	-3673
-8901	-10162
-11277	-6023
1349	-3343
-4208	-1621
-7796	-6046
-5095	-5400
10096	9368
11925	8889
-3529	8648
21209	982
-14868	13739
-3776	-18995
3653	10628
12000	-5682
-7964	2264
15552	-3015
14004	-5498
-22878	-6532
5336	-6027
-11346	-1888
-4182	7242
-7320	-5344
2842	-6014
2055	-6042
3220	56570
-604	13745
6801	31599
-12063	-4763
-970	2178
-3123	-6051
16720	-4285
-5110	-6019
10094	-1283
4358	22531
918	-721
5167	35443
-1908	-6040
-8652	-3421
17774	-6095
-5837	-5899
9891	8206
-6582	11959
-4181	52203
18276	-5981
8050	-6040
-2594	-5954
363	-5025
3415	-4786
-8906	-6204
-8623	-6051
4184	-1401
-3592	-5486
10461	2186
-14720	-5481
-11897	-5671
354	-6029
10155	-5756
10035	-3800
-6303	-5176
-18337	10141
5749	-1684
-19006	-6040
6738	3775
-9672	-2878
23515	-3596
16697	13259
2357	-5986
1499	-3832
-6340	-3442
-7988	-4742
7672	-6040
-16123	-1319
2979	-3584
5409	-5617
-1971	7818
11781	19662
-12208	-865
-22395	-5750
-10004	-6033
-1709	19206
-6090	9852
8187	26351
6748	5172
-6273	-4040
-3252	-4572
-6489	-5431
-9538	-5899
-6754	-7791
976	-543
-5521	-1894
-15790	-3821
-2371	-6062
-9508	-4025
16128	7429
-5533	-2012
-11342	-3909
7858	-1577
6130	2847
8927	-4304
-8474	-5312
-12988	-6009
8907	-1347
-18493	-6040
3980	-4907
-5788	5839
17083	-4404
-12067	-6037
-12086	218
-5305	-5873
5828	1174
-10158	-5986
-11662	-5895
-7347	-6040
6155	7018
765	-5688
7479	12894
4938	13194
9165	2407
4802	32108
-7737	4361
-17812	-5913
12446	18843
317	-6124
-9051	-1628
4996	31692
-1331	-5671
1351	-2639
37	-4852
2684	-582
6772	5687
2225	1055
1776	-2934
5095	-5091
5201	46947
5110	11888
-8996	-1376
8120	-5709
-2884	-5266
-10670	-5912
-339	-4097
8057	-2630
15318	11584
-13493	4893
1105	2410
15505	17697
10976	8133
-18490	-6107
6464	-4690
19572	-3353
-13529	-5104
-14413	-5697
-10106	-4284
22623	38832
8430	69535
-14445	-4045
21279	-5672
4765	-5562
3279	-5803
-1856	-2222
5045	-6551
3423	9485
-5858	-5941
-16436	-2827
4619	-2157
6202	-5024
-8168	1316
-10728	-758
-4308	-2942
10477	-5090
-4	10452
-144	-4867
-4175	-4130
8302	4198
500	-5980
7580	-5569
-22676	-6014
-4942	4406
-7981	-6095
-6109	-6386
-6416	-2096
17132	-6041
-17762	-2392
-11582	-5856
9646	3317
1672	-6015
2134	-5675
-5230	-4438
11621	4579
-14559	-6025
3441	-5979
-7008	-5597
-7194	-3629
913	-4178
-13864	-4620
-9034	4441
-7338	-6042
-7023	-6223
-6526	-5311
14183	-623
-20803	-4349
6720	-3041
7728	-1395
-3607	-328
-4086	-4344
-12190	-5619
-10881	-4926
-15011	-6037
4677	-1410
-15167	-2891
16248	-1781
15106	-6001
7304	-3892
-4658	-1580
-15698	-2521
-2432	-2649
2356	-1718
11112	17620
4287	-5744
8333	13468
1831	-4395
18076	6082
10621	-3078
8044	-6022
9790	-6119
-12469	6341
-2505	-5924
-8956	-1831
-2496	4884
107	-2470
2811	-3508
-5930	-6040
-12420	-4619
-13340	-6093
2812	10223
5897	-4396
18779	6557
-3941	3056
2838	-6251
-19345	-792
22399	4570
-9669	-5882
3060	-950
-1697	-6169
1568	-3608
-4060	1443
10630	5890
1508	9313
-15542	-2650
7250	-3076
2288	21233
-12293	-2405
3375	-5610
-8657	657
-2661	-5862
-17816	-5821
30655	49541
5082	4793
-7310	-6039
4897	20827
11272	7079
4531	-3655
-5444	-6054
-10161	-5058
-3623	-2539
7064	23285
6115	-6021
-6240	-6040
-4531	-4459
11063	1391
-19596	-5825
12042	-3015
-8944	3811
-1453	-4712
17775	-1514
11214	6608
6982	-5856
309	-3433
-18990	-4115
-9790	11371
3304	19
