-6824	20778
24573	20307
-750	362
-7652	18509
-12139	-6841
9706	-10011
-5031	-2072
-8302	-93
-10372	-2684
-21134	-727
-638	-12334
24534	19992
-4355	-3080
7137	-8476
3710	-8120
2589	20855
3882	20104
-8074	-2031
-3910	2744
1037	10088
16672	-8510
-5332	20191
84	-11373
-3915	1484
3827	20670
972	-9439
-481	-7159
-17040	1665
9407	-4281
-16038	1862
3845	-8437
24334	-1814
-11784	-3529
-8586	8248
-2859	-11156
29272	-2024
-9804	-12574
-5635	2148
24702	19971
912	-9548
8389	-4286
-13579	-2105
-13661	7817
-2580	-6661
-7233	-3068
-51	-2036
9323	-8525
4435	-4857
2968	4065
9135	-10019
6921	7509
-36	-2021
-5718	15758
-17652	4597
17718	-3121
14530	-2070
2838	11384
-15157	10181
-8187	-17768
-3170	-1390
22734	16407
-870	9639
-11510	-4165
-9279	12654
-3770	7012
-2425	-6323
164	-5637
11879	20312
-3884	17638
-23760	-4464
8790	-2815
10378	9308
10038	-2051
-5582	-2582
11130	-3908
396	-7205
-25131	17436
26838	-12948
8932	-9999
8037	-1667
-3030	-9275
-4835	-11453
8640	14340
9751	-12034
3919	20629
-2559	-1368
-8508	-8920
7709	-2060
-2588	-11863
-3889	8640
-3530	-2049
-3606	-4308
2086	-3657
-3790	-4127
2469	-2728
11154	-6502
9493	11265
1562	20057
9106	-4048
13695	-12790
23073	-6458
-4989	-12884
-25417	7774
17146	-2002
18301	-2407
-910	4533
-6793	-2022
-1378	-11534
-5355	-12955
-4946	-2068
5079	-7621
27397	-11266
-5147	12858
-4824	5159
-5163	-2118
-3143	-4445
-13498	-2041
-3767	20937
24247	-12138
-9881	20197
-13178	4065
9493	-12225
2222	1213
6440	-12580
6741	-2036
-9710	10496
2414	3155
-96	-2060
4187	-6454
-3828	-92
12041	3357
-1760	769
-1688	-4616
8653	-4411
-7174	-3484
16044	-4197
11801	20859
-10955	-2033
433	-2073
18238	-8184
-2028	20640
-12183	-2074
1626	-8064
-1687	731
8098	-8641
-5429	-2939
-5130	-2034
3901	-5768
-7134	-2092
-316	20540
-11733	15419
-422	-2087
1132	-1916
-318	-5808
-7048	3857
11947	-2300
-8047	16028
15218	17956
1409	-11332
3619	19697
-14726	-12662
-1661	2017
2409	15692
-11886	-6760
-8994	-4261
13950	-8374
-11109	-4174
-3176	-2057
-727	20417
15398	-2038
-7273	-722
7076	967
-402	1837
-12292	-5054
-9800	-1374
7938	-4349
51	-11212
2640	-1735
-11524	-17109
-2942	-9285
10455	-3043
-4026	-9833
-8547	2725
145	-12877
-8392	-12549
-7533	-8585
-14028	4929
-16415	-5679
6542	-12444
16724	20076
-3041	19055
4834	7261
17985	-2058
-11381	13624
-8601	-8366
-134	-2090
-14112	-12872
-4563	-2803
-1540	-12916
15288	-4049
249	18722
-22873	3624
7770	-4297
-5199	-3232
-7416	-5425
12871	14010
16042	11139
-281	-4170
10815	-4551
1757	-1785
-7467	6076
-6200	-3737
-6157	20675
-836	-10484
-1356	-9237
-6016	-3802
14515	15604
-4649	-4340
6789	-8640
6133	-8949
-119	-6075
-10612	-2369
-8064	-8448
76	14935
-432	-11561
10472	3910
-7898	-4204
-7464	-11684
20599	14222
1487	-6211
-16738	-1305
-10788	-981
-8402	12035
-1719	-7255
-4249	-2022
-6129	12447
-1438	-7594
332	19452
-4011	-2082
6568	-11862
-12886	-2070
-2267	-2615
-11262	-2442
16860	20419
-11737	-1865
3740	12254
2032	-2031
-1591	-14578
2684	524
-3038	-8755
-1887	-4368
-93	18131
4186	14570
759	-2649
-5656	20939
1218	-4883
-10757	18527
-2074	2902
10310	19261
5615	-2428
6326	-2326
-1941	-10472
1454	-5726
12827	-11094
6613	-18003
-326	-2071
-2290	-12845
-9252	-2022
26873	10301
-2524	-2163
-3790	20842
8735	11527
-11817	-564
-5612	10675
-14945	10718
-15434	4482
7253	20679
6453	-4303
15421	-11771
-3065	-7887
16379	-2419
-11460	-1686
14236	20914
-7362	6953
-7103	-12309
-9399	11302
-4967	20484
-14151	20936
-10257	8173
-12772	-6257
-7805	-999
8625	-5388
17091	-2917
1620	-11310
-13171	-2104
6773	-10562
-6058	16148
-13646	18021
2080	-12937
-10211	-12124
-623	-2028
-7220	17155
-3191	-8140
-10559	-10619
10199	-2021
24180	-10820
-8546	14054
48	-2747
11723	-10316
-4181	12572
-1471	-233
18003	-1007
-20468	-2458
-9865	-8922
1768	-2103
-20962	5929
-10663	-6106
-13063	-5679
16097	-9776
10458	-2734
20659	16184
-4021	-12568
-20289	-2093
-9540	20852
-6971	-2047
-4876	20927
-27202	3571
3573	13916
4368	-10887
-9500	-3504
-2608	13819
10212	-1992
-14784	-1312
-13633	16906
17143	12551
-9908	20538
-8256	-2030
-17805	-1998
-1119	-2048
-380	-1941
9821	-8088
-13171	3310
9480	20542
-13521	63
-9737	-8574
6790	8536
-6301	-8691
16871	-10870
-1963	2611
2101	2750
15206	-1755
2244	20878
3591	-12954
5831	615
-14883	-14360
12181	11223
2454	-2027
734	-12891
-3860	-2083
-309	-2401
-7942	18242
20642	-5348
-3263	-6420
2432	-1926
4767	19100
-1128	-5430
847	-1715
18807	20794
4556	-4256
-22538	10191
7060	-4468
-6298	20688
5458	-2098
16644	-2039
-8401	-4495
-7778	-2070
-469	20292
-15820	2143
-5431	1593
-8046	8214
-22138	-2909
3329	18041
15628	-12942
10789	-12874
-2385	-2439
-3335	-4094
13870	-2022
-5144	-1011
-11242	-2055
-1749	-2029
947	-4385
11909	-2089
-19422	7402
-19040	6590
-4617	-11571
-5898	-2596
-12317	13210
-3045	17471
6692	-4165
-3382	2979
-13355	6023
-1076	-4465
-23475	-1817
9732	8801
-3667	-10663
-8315	18952
1277	-3153
-1931	-9448
22346	-2952
-7631	-12909
10778	-2086
6264	-12131
15343	-12586
20092	-2103
5455	-17322
22626	-12437
-584	-2246
-6352	-2250
16740	19135
4215	-2026
-7013	960
-908	1933
1919	-12955
11310	3740
18408	244
-14980	1456
2280	18733
6818	10713
-6887	7966
-4247	-4478
8178	-12521
-6631	-4197
17290	20664
1960	-6900
9315	-2444
-5364	-8797
-18016	-4231
4029	-2085
-2659	-11955
3130	-4170
11565	-4236
-6995	20933
24748	-9095
11036	-2102
17903	-10987
-20145	20559
-6619	-169
-252	10526
-13531	-2529
-7666	4542
6165	-12381
-7393	18859
-4967	13378
-2106	20289
-15049	-2042
-11975	-2323
-8724	-4318
17720	-7014
-1757	20714
4845	-12693
-10436	-4072
-8818	739
2358	-5421
21735	-12653
5694	-2024
-8965	-7276
1329	17684
-15586	182
6032	-3239
719	11038
-12544	4532
983	-2109
-10984	4255
-2648	-2308
2362	-2022
-213	-4407
7005	-3934
7779	2706
-11982	-1643
2679	-3587
-20215	1628
-647	19102
-8151	508
-9628	17044
-793	-10838
-13299	-2060
3955	-8263
5538	-2102
-2041	-3430
6730	-2150
-3703	-2059
2410	-3730
-5066	-4057
2190	19491
19516	-2420
30484	17817
18312	-2056
-14771	6790
-8457	-5629
4652	-2122
-23673	4580
599	9673
6981	-1478
8791	-1304
16913	-2098
17202	-1533
17540	-2023
-6308	1796
-3153	-5514
2268	-9385
-406	-2189
13597	-2057
-60	-7002
-3148	-2099
-6950	-1987
5184	16352
2030	8927
592	-5868
-615	-11460
-4473	3709
-426	-2027
-6174	-6229
6591	33
3883	20581
16215	-9244
-15423	-788
-150	-2094
-5784	-27
-5861	-11270
15145	-7519
17585	-2031
5506	-11235
-5419	-3885
-6488	-155
-8799	-12737
-15856	-2043
-3953	-5198
6284	-4848
-10502	17351
-2518	-3812
2885	-2022
-1738	1643
6891	-8835
-11646	-1939
-8964	-4087
-1943	4012
2140	-260
-12129	-2138
-8258	-2952
-1061	-7722
-10460	15164
-10578	-2022
-7210	20422
9315	-2076
-6698	7401
2891	20461
6646	-2197
-5535	10119
-502	15536
12941	-3096
-4467	-12412
-5137	-15581
5257	-12865
10955	-6311
7622	-4480
-3120	-1245
-6825	-12781
22549	-11709
-15726	-6235
-7329	-2101
9652	-7601
-8387	-2029
-790	19360
-7240	-10940
9472	-11236
-2810	-2785
-1109	-17870
-2382	-6885
-12993	-2022
2251	-6518
3689	-12955
-17544	15901
-2679	-12715
-270	19818
-3630	-10873
-6339	-2022
6554	13613
-13605	-2024
-6289	-2081
9849	-870
-5187	-4613
-500	-3315
-511	-11573
2215	15499
214	-4856
-6844	-5363
3491	13929
-11493	6439
824	-12421
-6490	-6013
-10182	-2033
-2422	-12012
-3840	-3600
-17001	20383
13800	-6747
-17773	-2074
-19510	20165
-2347	-2095
-10783	-3110
-7695	-1582
-13115	11863
-13135	-2049
7215	19694
-9206	-12661
9027	-2028
1783	-12953
-8681	6836
-18157	-2084
9813	-10194
-3571	-1561
-6290	485
-3582	-10660
1364	-2124
11944	-3302
5430	20863
12565	19012
2773	-7132
-4849	-1787
8218	-12943
-9880	-5613
-2641	-10432
10711	11828
-16403	2736
-6642	14950
-5235	-10718
7152	18948
-299	-4617
-4530	17484
-3569	-7502
6526	17866
-10583	9014
2240	19062
-817	-1486
-2288	-11236
-4220	13000
7788	20830
-17662	1089
-1409	14031
-8056	-2050
-7089	-345
-7397	-2612
-5367	-5053
-3891	6497
-7852	-2082
-2190	-9406
2898	-12044
-16999	-12843
-9195	-2094
4802	-11305
-3711	20743
-10958	-2038
7998	-2312
-2461	-9123
19716	-3816
-6033	-5332
3959	-7959
-4364	16312
-672	-4431
-839	-2350
-6848	-11465
21183	-4631
19473	15038
1179	-2022
-4950	-8958
-9696	-248
2343	-2181
-2441	-2414
-6020	-2230
7851	-2102
1300	-7692
11591	-8907
-8896	20938
-6271	-6202
-13008	-731
9019	-2093
-8444	20928
-12764	-1651
-3603	18857
7045	5063
23377	-12419
-2344	20532
23788	-12000
-6639	13154
5189	-10768
-9987	2906
-514	-12094
36	-1202
-2352	-1895
-9162	1028
4965	3860
13097	18800
-1505	11610
-25616	-1673
2378	310
11314	7619
10402	-2025
12110	-12438
-15096	7548
4064	-2164
21941	-12936
-299	10399
-7062	-6483
3016	-6231
-8251	1065
-1263	-2167
-5201	-12339
8413	-7153
-5521	-2105
15513	-11928
17950	-4501
-4965	20937
-13479	7919
15577	-2231
752	20376
-9389	-2073
-1769	20213
-7379	1784
-2410	-2028
6417	14004
-4976	-1977
-9031	-12455
-10516	-8095
14712	-7032
-15111	-1173
-1233	-12497
15739	18723
-4859	6729
-16594	-7040
-4442	12149
-7057	-2546
-8158	-2349
-3338	-203
1248	-11843
-9466	-2059
-14706	4014
2193	4602
-7452	-2022
853	-4917
-12409	3505
-6405	9270
-8126	-3345
-4724	1629
-3519	2664
-1517	3457
6882	-11897
-11754	-12318
10652	-2266
2091	-1553
7303	-10840
6898	7770
17863	-4186
15964	-4696
1483	3340
-5845	7735
-9856	-10852
22818	-12219
890	-4230
-10611	-3008
-6277	-10643
4232	-4258
1919	20795
-11414	-12936
-9953	-2287
-2740	-2101
-2520	-12875
16189	-2062
8652	-9601
-12356	-12954
-4533	-5804
4565	-12930
-4293	-12047
10734	-5269
-23779	-1990
13897	-1959
1191	19410
-2936	569
7891	-874
-705	-5764
-5436	-1739
5174	-6448
1642	-2105
10200	-4387
3924	-4315
22794	855
4535	15321
-16738	-2027
-8981	-5528
917	-2074
1024	-12916
-6707	-12665
6581	-12812
-16318	6021
-959	-9981
-14955	-2712
-10116	2895
-2185	-1841
1775	-4399
-1645	-4290
14541	-2032
-12628	18162
-7369	-6210
2870	8780
3108	2093
-6896	-4252
-5357	-7364
-11455	-4284
4159	-2024
-9385	1168
1755	17590
-10860	10232
11327	-3730
-75	-4198
-5504	9919
-2750	-5242
-7597	-1682
4265	-7795
9507	196
-5155	-7888
-7596	2338
-13212	-8867
-3533	-1961
-1632	18642
16034	-2374
-254	-754
68	-12529
-1402	-3732
-1220	-12841
19124	17104
-11260	4053
2537	3171
13838	20037
-6239	-11
-13345	12905
-178	-6048
7736	-12938
-5022	4992
4834	-5185
-10808	-10469
-64	-1967
-11564	-631
8579	10189
-1650	-6697
-7732	-2023
-7076	20879
-3423	-2028
-36	-4372
-5065	-12566
-14691	-6717
4566	16802
-1048	-4243
14463	-4241
8046	-2054
9886	-12786
3618	-8549
7482	-8034
-2941	-2069
-1126	-9311
15632	-8100
4654	-11508
-7423	6704
-14401	20372
-9917	-8618
3499	-2038
-2219	-4211
-7115	-4172
-10877	-11946
12969	-8646
2379	-8333
-5470	-4650
-750	2215
54	17549
-4362	-4853
-10377	-8210
-7959	-2109
7532	4281
15943	-6952
-2352	-12417
3940	-12832
-1419	-11273
1246	-11857
-3987	-7147
-9496	7337
11131	-3412
11897	-2022
-6786	-2973
-5059	-2025
2985	-12054
-6049	20844
-3331	-2037
2770	11496
21272	-2101
-11675	-12269
16513	-12458
-6032	-479
3725	-2062
-4117	-12253
5616	20901
-31364	6702
-7052	-5554
5711	-12898
-2173	386
-22363	837
21195	-9305
7590	7806
19030	-12610
12634	-3607
-12457	20280
-5087	-2330
-10349	-17788
-8100	-2053
-17393	-2699
-3442	3643
-3222	11406
16990	-2076
-6757	-7046
2944	-4274
7956	-12791
18121	-12930
3767	726
749	-8396
955	2524
-17302	4792
4123	-2070
671	-2058
-6794	19800
-10494	4030
3336	-8173
4728	17371
-1747	11415
15765	4878
-3965	-8490
-1327	-2022
-11112	-2508
14913	-2035
-16201	11123
-11744	-4170
825	-2091
159	-5525
7907	1301
13601	7633
6227	-10678
4613	-11046
1503	-2091
-2786	3855
-8314	-2022
5201	-11304
435	-9073
-11680	-1857
-197	-10765
-8739	-3058
-5420	11113
23808	-2103
-482	17309
-5359	20913
235	8361
4756	7888
9879	-2336
-8990	7893
8028	-13764
-5330	20822
-1978	-4357
-10492	7220
3565	8949
-1195	-3788
-7839	-5819
7164	-12399
7554	-1840
-237	-3948
-7457	-10303
-5924	12088
-20673	906
-2484	-4943
-4889	20830
2140	20069
8329	-9981
5457	-1186
5866	1722
17472	-5263
-1837	-12872
25197	-12950
17508	-9290
7831	-8109
-8979	1320
28761	-2104
8409	-4475
-5316	20900
3433	-10705
-3517	-11934
-7680	-2105
13077	12216
-3686	-6639
-1474	20702
9465	3504
6015	17236
-1190	-8970
1350	-2091
6711	-2103
3581	14444
-7788	-1183
-7119	-1642
-9833	-16742
-5019	-2409
-10098	19800
-6804	-4553
-517	-4204
-9824	-3685
9711	20328
7029	-5313
-2998	-10962
7570	-6988
4682	-9733
15205	-12499
-14372	-12859
1914	-12471
-10829	13895
-3883	-11934
9795	-14156
-5187	-2078
-3896	-2032
-4322	11821
-10980	-9304
-3008	-4412
5316	-12171
1402	-2198
-10447	-2226
13040	11494
-8239	-5455
-1300	-2187
-3732	8819
-12119	5167
-4961	-12950
13638	-1084
16790	-11004
-2889	17899
-1008	-3664
2903	-3118
-84	-2093
-1047	-1654
-2033	-3310
-319	-11402
-4049	20303
-6604	-2065
10770	-12935
-6685	-3269
-8341	-6312
-5943	-2039
-4124	20672
-14365	-2157
-10666	-13282
-3280	20558
7942	-520
-14510	-12006
-2481	-2103
5071	-3047
2829	-2532
-6258	3263
22263	-1922
-7122	-10807
9158	-3315
-13401	10662
-8593	-5511
6712	-2809
18287	16319
5448	-2168
3178	-17262
-10055	1001
-70	16202
-11919	-117
17767	18752
-8643	-7536
-14642	-2098
3560	-2709
10689	-1236
-4	2749
-21797	20728
-1120	-2578
5897	-2433
2700	-152
2251	-4110
-887	-4117
-14813	8824
-2700	-12851
-12648	13560
-18104	7194
-16349	20215
6473	5159
-3901	-2199
15801	-3346
-2826	-2094
27246	20926
7982	-7006
9547	-12934
31277	-7370
-7319	-12125
-14599	-3209
4587	-1638
16107	-5368
-5712	-12822
8213	3709
-15606	-2211
1866	10262
-7204	-2030
-1279	-1052
-1130	-9813
-839	-11140
-1829	-2028
5709	4272
-12502	682
-758	15780
-7001	3126
-22550	-1049
-8990	-2027
-12397	-4755
5284	-4311
-3251	-4338
-11740	7868
9540	-2067
-2886	-10958
-6502	-4369
-5611	17860
3535	-4193
-2393	20453
12869	-2223
-5855	20706
4004	-2089
-24	-7290
-10358	-2091
15765	-2064
4229	-2198
-5913	-1533
-7121	-2326
-484	-2226
-4703	-7304
-13185	1786
-1105	14918
9632	13700
7980	-12943
-5760	17324
-4613	-3713
1625	348
13838	20939
-9043	-4257
32626	-4842
3972	16844
-6187	19694
20457	-11962
5508	-8852
-17955	728
-1812	-4144
11911	-5691
-4593	-2070
13861	20487
3863	-2025
10511	-2103
14255	-1076
-5329	-8469
8186	-4180
5554	-4446
-15080	-4431
-8099	-11073
597	-1893
4113	-6577
561	-8099
8335	-2077
-3813	-10474
-3528	-2104
-7526	-2049
3290	-10957
8859	18586
10317	3376
5016	-10711
565	-2039
-682	-4180
-14376	16243
-9549	-2024
-5340	4139
-7811	3732
-10783	15825
-1264	13598
-15438	20197
-408	-2022
-2511	-12912
13726	8259
-3077	-2074
-6379	20089
-7576	-4603
20306	-4261
-6907	1863
4545	-2204
-2228	-6180
-1964	-12695
-8996	4537
14219	18259
-3040	-12690
-177	-15097
1513	-1982
25297	-9452
-7268	-12673
6593	13649
18359	-4444
-28528	-2118
-6349	-7202
-2395	-2225
-3046	-5664
7476	-251
17346	-8311
-4445	-8454
-9237	-2084
-11675	18245
-6839	-6621
-2442	-11848
11924	17982
19107	-9772
-11229	-2053
250	-5994
8246	-11414
2882	-2288
2561	-239
5290	-4439
-5828	-3875
-20287	-3062
2243	-10998
10826	16905
8150	-6015
7359	-716
-5348	-4474
289	-2086
1675	-6960
4807	-7149
-14782	20325
-20867	1589
16331	-17880
15319	-10231
-12202	8924
-5356	-1864
-9109	-7497
6183	-9195
19107	19130
25732	-12928
3116	20735
-16709	-9419
-7880	11492
-2605	-8870
-3825	-3657
-4171	13629
-7433	2124
11957	-2303
6962	-9458
-15705	17125
29730	-2719
9037	-10976
22411	-3783
2881	-8678
17232	-2074
-7048	-4194
-3054	16243
16817	12937
2083	-9877
771	2624
-6798	8494
-3866	2013
17004	-2117
-3791	-12955
14576	-8921
1743	-2019
-4290	-2054
-1833	18178
8293	-2969
-3093	-2418
-117	-2066
3367	14885
-3460	11363
5169	-1489
10364	-11535
9619	-2037
-7739	-8198
145	-1719
-4288	14693
492	-12664
11355	7123
-10892	-10325
4929	-2071
12215	-2894
3882	-10247
-986	-2022
18035	20028
-3600	6767
19372	-2023
-3755	-8667
-4933	8890
-380	17066
-7502	20939
-3417	-4641
2640	-2055
9788	-1820
-7934	-1948
2814	20874
-2067	-8503
6505	-2355
1998	-5175
3953	-11027
3678	19552
18950	-1499
-9060	-4300
-10180	-215
-14079	20728
3524	10586
-10285	14405
10320	16198
5104	-3005
19848	-11603
660	-12535
22614	-12565
-8477	-1831
4363	-2055
-11563	-2011
-10084	2296
-4166	19906
9036	-17934
-584	-12205
7855	-5953
-3372	-10018
-5254	20931
-6211	-2972
16166	-1588
1087	11950
19598	-2374
-3557	20939
-9107	-1997
-5317	-1601
-4184	-2095
17538	-2023
2176	2467
-19355	3269
17760	-2178
-14982	-1738
682	10908
29340	-7341
-7779	-6470
-2597	-10093
4326	-2028
10628	-2093
13928	952
2395	16736
12813	-12847
6559	-12015
6506	20073
2240	-10666
-16705	-11422
-2961	12943
-10298	-3350
16761	-11257
-16132	1916
-6817	13629
11733	8542
22048	20848
-9004	-8097
23798	-12482
-1551	-9260
-10656	-9935
-8935	-2026
-525	-8663
-8725	9227
-4119	-2050
9525	-1892
-4868	-9117
-17932	-1417
-1032	-2916
13126	-3614
4134	19815
-16419	10398
24185	1149
-1848	-11260
-2451	-2233
2780	12573
14527	20516
10089	-5046
-15172	20171
-8261	-3497
-14422	-1801
18839	-2610
19057	-12452
9473	11738
4545	11780
-2420	-12033
20697	-8542
-243	20741
-6574	-6721
-7480	-3585
9993	-11642
-2375	-11075
-7375	-355
-9189	-4503
-886	1205
18059	-12693
-5634	-2429
13499	2474
-190	-2030
-7153	-3141
30661	-12636
-20242	8906
-680	-7513
-15271	4962
-12165	-12025
27514	-8209
-8535	-4114
4150	19404
8740	20837
5364	-2047
-2408	-3434
-6188	-7730
22254	-6294
-19495	1172
-10593	19602
-3159	16248
-4279	-12402
-1963	-2105
-4823	15703
1042	20886
-280	1966
8684	1249
-7526	-10169
-3588	20716
-11001	-2022
7273	-10652
-7495	16183
277	-12911
-3442	-9971
8963	-2794
-6918	-11716
1416	20312
-14065	-12472
17485	-1922
-8632	19101
-7299	-12700
-377	-2105
-13290	-2066
7787	-12955
7661	-2147
-9730	20581
-7672	1261
-10480	10410
4718	-12942
3786	20382
9392	-11715
164	-2029
5982	975
-20458	-3052
-2020	14814
3345	-1264
-6701	-7212
-6287	20192
13381	-8318
10786	18018
2423	14726
-455	9347
-6653	-10656
9083	-2334
-7582	19688
-4715	-3239
-11330	-842
622	-5636
-13481	-7432
-4853	20928
-6638	-12299
169	-609
23525	-11263
13498	685
-17240	-1388
-21455	6673
7989	-11195
7821	-1835
9957	-2006
-18017	-2088
-3105	-2237
-4039	-4678
-6219	-12653
9048	16922
12503	15102
4229	7032
-2517	-2592
-11526	-2078
-9481	-4216
22389	20161
-9081	-2181
-4984	-3421
-8772	350
5901	-9279
-9451	20556
-10474	-5275
5006	17915
17921	11085
-16605	-1140
21457	-12612
3117	18072
15736	20770
8393	-2100
6041	-12955
11711	-4194
-8210	10726
11280	20040
-6748	-3343
10127	-1563
-3485	-5605
-2152	-4124
-15132	-10974
15961	1168
-10447	11703
12298	-9128
-2553	18537
6879	-2019
-17175	-8502
330	11391
-1556	-12744
5988	-12281
5983	18230
-4986	-1517
-4048	-2045
-6315	-1265
-10134	6741
24101	-6766
-9289	-1777
-11706	2839
-7625	-411
6064	-5626
12201	-12912
9575	-1040
8652	-10725
-5840	-12837
20818	16780
13580	-9965
-9200	-4361
-2134	2971
-5890	-8237
-25966	10406
-14486	-2069
-14289	289
16693	-18177
8482	-2023
-8842	3496
-21002	-1430
-10931	-2027
6682	-10244
-915	-2104
2662	-11281
16576	-6134
-11755	-6757
-21270	3282
-1545	99
-1709	-4657
-10402	-8049
-10863	14206
-8985	707
-386	-12857
10810	-4747
6036	18812
-2316	2746
3719	-12941
173	-12852
13748	-12688
-22211	56
-3187	13795
-1556	-4196
279	10467
5826	-1998
1425	19922
1507	20887
-4085	-4690
10891	-17366
89	-2221
-3045	-1377
5427	-4397
23854	-2361
17684	-9213
2867	-2032
8729	-7578
-8843	-6059
-20047	-3045
9329	-12514
-4982	-4265
-10331	-11148
-10895	-2104
-6986	1052
1012	-7301
4722	-6521
-3837	-2067
-5606	11923
4171	20677
-9072	-3325
992	-1363
32557	-4169
11847	-2046
-8848	-2100
743	-9093
9587	14543
18701	-8911
21636	-6534
-13830	13372
-5833	-2053
-12168	-5871
8861	-2079
8661	-2062
-1538	-12477
-7926	19475
6764	-15891
5951	-4779
8202	20292
908	241
565	-2916
-3427	-10147
-2471	-3354
3693	-1093
-1438	-2147
2067	-6711
3066	-1430
-5858	-3749
-11196	-7332
3364	-10389
-3290	-4463
-1004	-6023
-10936	3994
13310	-4460
18961	-5386
-6307	-5603
2976	-2104
-6268	13361
279	-791
9880	-4358
-2165	-4208
3911	-2625
-13862	-2022
8529	-6760
1708	-2024
-3744	-689
-5999	7043
-4118	-10833
19379	5140
-17051	-2077
-6090	13188
-1249	4527
11407	-1784
4144	-11487
-8167	4414
111	-1185
233	-8175
-7173	-17300
-17123	9655
2189	-9699
21341	-11608
8364	20270
-1168	20818
8768	-11312
-3954	2197
1148	16769
-6576	-2094
5698	-11964
21259	-12938
-8145	-3754
4262	-2048
14948	-2458
-4903	18001
6478	-9938
10175	16471
2256	-12420
-6232	5044
19537	-11204
3089	3435
-4830	-6985
-5050	-10117
25920	-2128
-768	7082
-2839	-5655
-6372	-2160
-585	-3492
-15036	15654
929	-12481
7424	-3
-9326	-3496
-3049	-12942
782	-4034
-16154	-5330
-8194	-8822
-5805	-6223
1353	2842
23966	-4252
-7988	-5647
16760	-6230
-674	-5529
290	16282
2778	-12522
-6647	-12947
-4699	-2028
-9433	-6234
12397	-2131
-2929	-2105
14274	-12482
-8657	-2062
-5664	-2092
12837	-2097
14134	-9906
-1426	-2753
-1520	15712
-3751	-2125
-13928	19310
-729	-2104
3822	-7934
16042	-8812
-9594	-12136
-16200	-110
-3828	3175
-5965	10898
13210	-2327
4666	-2053
-10236	19393
1936	-2038
-9266	-259
9489	-1819
15808	18859
-2788	-3551
-6845	-1782
10455	-3495
-8329	-3812
-5731	19320
-97	-11113
-6180	-3816
-5870	2043
10630	-1904
-6334	-6571
3088	-2086
-3106	20235
-5275	-7965
6690	-7203
584	-2022
6820	-6061
4426	5501
-10817	19806
442	-18180
-6572	11079
-1208	16130
-692	-2544
590	-11609
7955	12228
-5406	16557
-2691	-2036
-3332	-2093
-1851	-4471
-20363	-7603
-9109	2398
12101	16099
-6037	-12440
-4705	-8681
1922	-7873
15504	-9801
-1674	-2051
18582	-11900
777	-9227
-9494	-3812
6939	-9604
2698	-10995
6831	-6785
-3704	19692
13185	12311
-10175	-5395
4260	11602
21705	-3590
-2533	-4859
-936	3380
15994	-2487
18351	-11673
2353	18337
-8670	-2029
12746	-1700
4839	-12849
10638	17306
-8710	-4012
-6280	6275
-2649	16751
-5870	-2796
-2750	-7256
-3867	4938
-8813	13569
-10281	-4205
14788	-3803
3184	-777
-4328	7622
-20969	-2103
15406	20323
5542	-9300
-7169	-6597
16427	-2039
-8190	-2102
11556	-3148
-8037	2935
-4809	19813
12962	14071
-4207	19865
10447	-10914
-2529	14218
-3692	-2500
-12359	-7713
-5569	-12705
-8247	-7560
18405	-12439
-13015	-3582
-2184	-8088
17767	14525
-1378	-12087
1721	19548
-8218	17620
1412	-2313
-3670	-2114
4549	-11089
-5043	-2286
25185	-9148
-2744	-10144
19710	-12601
-7822	-3824
20648	6854
10513	9121
9171	15247
-7383	19323
-5169	17973
-7764	5303
7217	-2115
2406	-11119
10050	-7420
594	1705
1313	-2093
-10819	-3537
9769	-10141
1834	-10939
-2580	-2290
-2171	-1128
-9546	-1649
-5522	2394
10813	-11401
-6967	-11234
-505	19603
-8128	-12778
9454	-2020
-19072	4251
-2109	5595
-14291	-2089
1658	-6353
3660	-4272
-4175	-2342
-11222	-2040
3417	-1651
-1429	9
-15129	15161
-3716	-2898
6620	-8827
693	-12907
1166	-1358
-14012	1818
-12405	462
-9415	-12323
7338	-7555
-7822	-2389
-4036	20158
-3003	13583
-3708	-12638
-7667	6297
15589	16996
-16953	-4193
-21033	9541
118	17325
-7777	-2069
9558	-5570
-20347	-4013
-7562	-2089
22908	-2032
5806	-2119
2925	16993
3090	-12772
-9535	-4372
3682	-11759
-3808	-9640
-6459	-2025
3050	-1689
-3490	11390
-7268	-1011
2205	-12524
-1392	-6708
6589	-13152
-13163	-4452
-17161	1017
-4238	10471
-718	-3470
1799	3452
-10513	6428
-6687	1263
14969	-6874
6595	18874
10079	-10259
8115	-12736
-12859	-2046
2802	-12915
-2060	-5140
-4045	-2022
7187	-2034
19717	-8091
-6452	12748
-6017	19658
17917	19567
19772	-11186
-3536	-4406
4241	-5112
-13346	5492
24484	-4400
2519	-261
17202	20805
22344	-11299
-13822	319
-18511	-2068
-5394	-2105
-10343	17575
-5164	11590
17621	-1728
735	20218
-2925	-2093
6033	-2075
-1983	19577
18005	-3092
788	-5405
27002	-2104
-8710	116
-1529	-3674
2876	-11234
-5673	8312
8708	2545
-11905	6992
-10233	-4232
6294	-2032
-3929	-6462
6698	-3178
5741	-9221
23917	-9706
-6438	-2105
-7668	1324
-8354	-1318
5067	-8918
-18344	9750
17321	-9454
-6423	-2582
-14326	16283
-5510	-4405
18020	20700
-2634	20710
-17784	-12781
-4082	-1529
-2488	19878
2650	-11237
-12072	5152
-879	-6669
1170	-2754
10413	-12604
2772	-5155
592	-1313
5872	-4333
97	-1573
750	-4484
-8891	-5433
2022	-13912
1333	-9630
-18199	20893
14024	-3808
-2653	-10232
-23948	14294
8279	4000
-9547	11147
14641	-4428
-1921	-12947
41	-2214
545	20826
-5535	-2885
24511	-5864
26560	14529
-10387	-6047
-1500	-10272
2902	7566
7948	-4778
5145	-9749
8827	14803
-12272	-6183
-6360	-2982
7577	-10015
-4434	-10875
-8800	1695
-578	18239
18695	-12597
3488	-4197
7991	-9926
11198	-4200
5168	3571
-13842	1814
-1990	3810
22489	19272
5920	-4239
4848	1299
-11852	-12417
6973	-2103
2072	-6602
17043	20927
7233	18231
808	-3687
-7486	8988
-2431	19758
-6087	-7213
12127	13252
14150	-7654
-2248	-11728
8966	-5606
-9102	15962
3527	-12485
5939	19273
-10738	1154
7023	20024
-12989	975
728	-2139
20363	-6477
4111	-2004
18441	20131
8787	-10134
21034	-3512
-8484	20924
-2603	-1954
-878	-6842
-5172	-5194
2929	-3307
1944	-12037
-7518	-1103
-9290	-4196
-2546	20555
2420	-12909
8550	18135
23160	-3442
1803	-2076
-7162	20436
9342	-7954
14052	-5036
-1368	-295
-4576	-1834
-3700	-2029
-1517	-2025
-13583	-2267
2323	-5302
8605	18044
-5822	16359
-1965	14660
2356	7056
-771	-1096
-13303	1935
18542	13952
-7044	-8947
9758	-2048
1721	-2105
1716	17266
10061	16076
4467	-2120
18238	-2814
-2147	20915
1262	-12769
-4899	8949
254	65
16768	18479
-988	-9662
-465	-2470
-11634	-11421
5429	20495
9940	-5519
-7295	19106
-7560	17056
8387	-2307
645	-7043
-12694	-6631
-10849	15191
13142	-12400
2828	-4517
-3015	180
17964	-7718
17540	-2074
8760	-6553
6032	-11537
-4083	20186
842	-11947
16048	-1305
2714	-4349
-233	-16382
760	-7595
-3080	-4211
-4415	-4347
-9219	20597
-3003	-11912
3675	9729
-6771	-4248
22695	14463
15011	20327
10443	3493
-832	-10497
-9265	1129
14240	-2035
1199	20146
-16212	18952
-10576	-911
-3608	-4479
-1880	20229
-8173	-2065
445	5906
-1014	-9329
5498	9368
-6143	1299
17125	19428
17872	-10498
6778	20632
11017	10570
-356	16203
-8183	15418
-2326	7681
-4846	-9069
-10515	-1648
20831	-8402
-6901	-11820
-6877	-2035
-3362	-3148
-3761	18773
2860	-4486
2810	-1721
-2975	-6619
-8337	-5554
14386	20903
15426	-6879
-650	-1810
-11174	20902
5901	-2105
-2631	-12894
10395	-10437
-3677	16167
-5593	10469
11542	-2060
1057	-16418
-4851	-2441
2371	-2028
4340	20856
-1975	2597
-48	20936
1152	-8373
1963	2474
-13852	5730
-15512	2104
1938	-12643
-4685	-5834
-16407	-3261
-13092	6055
-9323	7492
-890	-9497
-15331	-4842
13769	-7242
4684	-2101
-15113	7465
1650	20652
672	-4204
18188	15390
-18966	-1229
7305	15562
-10016	-2105
-1040	-9164
19686	-5859
928	-2670
1224	-10474
-3133	-9960
-3130	-2043
-7477	-7538
-456	-2069
3154	18278
-7978	-1445
8093	-11412
-18879	-372
-12328	-4464
-2388	-15584
432	-2099
8778	17805
-1153	-3434
1031	-12251
126	-3147
1010	17500
3987	20546
367	-12888
-16648	-1274
-2425	-2076
-982	-4634
-4963	-2105
879	-2175
885	-12195
-4834	-7346
1010	-665
-1569	6305
24208	-3749
-9132	-10109
18159	-1219
-365	-3779
-3836	-151
13487	1303
1516	8508
-698	-1840
-6308	-3184
-2344	-7766
-14929	-4071
-14973	20860
-4076	-4646
11894	5345
-8976	-3335
-9988	19633
-13255	4571
3190	19449
13349	-10711
5812	-235
4095	-10774
-8475	-2083
8009	-7501
-7767	-2071
283	2461
8956	-2416
-5246	11466
-425	-5445
-9680	5026
-7195	-2066
-7675	-2090
-4253	-2688
5521	-3561
17072	-3939
927	-4352
-6208	-10528
-7825	14874
8501	19921
4582	-12180
6699	-11993
-9506	-10528
-18039	-887
-4526	-2198
-5749	6660
5790	-7964
1306	14760
17459	-1692
-5588	-970
1333	-2093
-5823	-4165
1636	-7270
-6860	18908
-8646	-11854
18355	20054
22481	19030
-10132	13707
-24053	7866
-18019	-6730
506	-11278
-6350	-2047
3914	11267
3485	20722
-545	17797
-14387	16104
-11242	4202
5898	-11683
7520	19967
-19437	-4376
-4341	-3955
2287	-12814
-2726	-10858
3532	-2097
-20001	12433
-2292	16889
-4950	19220
-4174	-17891
7566	-1933
-11402	-2041
5561	-9314
19582	8452
8884	16352
-13502	11860
425	-5797
-3026	-12677
-3993	-10485
-10287	-10471
-3685	-5362
-9027	-1201
12408	11222
1061	1563
5938	-7102
-7433	20426
11126	20695
-1029	-5478
-1782	17466
-5039	-9421
2149	-4639
-1202	-2084
889	-11038
8528	-5561
-3844	12233
6634	-5211
10080	11550
11134	-4849
-4975	-7739
149	-6193
1495	-6899
-109	-2376
-14410	-1798
7150	9952
457	-12867
10142	-11275
-5091	-4955
3341	-10548
2384	-7375
-5023	-7525
-9542	-299
8522	11226
-5230	-1425
-9006	-1983
-2723	-11803
2798	18541
-2788	15920
13560	-2026
-1332	-2100
-1176	-6198
25700	-2022
11494	-6968
-3267	-2093
-1602	20782
9873	19075
5116	-2048
1430	19059
-4705	-1405
-4891	-2093
-3924	-7196
-1928	-2414
11185	20444
-870	-2387
1971	-7610
11053	-11933
4759	12379
-6928	5807
9736	-7030
-4912	-8665
-19046	-3957
-3550	-1826
-3755	20563
11159	-12592
-5634	5301
-8661	7375
-1350	-12940
-5657	12640
-12355	-2121
16234	17971
-3746	10860
-10171	-12466
-1933	-2109
10517	-12931
-3993	-2030
-2701	5147
978	-3876
16999	-2066
22931	-10899
-2760	-8384
10491	-8843
4630	-4284
-2066	-4384
1205	-9908
8318	-8633
14085	-5627
-5533	-6021
13061	-11224
-3655	-12790
-13431	20937
6612	-7528
-11660	-2105
24945	-11811
198	1556
-4967	19670
3770	-6552
3735	-4033
23399	-3174
3426	-5493
-23613	481
-3409	-4231
-9238	5195
-2623	-1905
-3706	20938
334	-1950
-1520	-2040
-6638	10089
14370	-5893
-4745	-2238
-2668	16469
3961	11806
-10336	-959
737	-3309
-3033	-10228
-9824	-4518
4604	-4824
-4551	12589
14885	-12569
1599	12627
2219	-5401
7299	-3759
-6926	-2157
-17564	13391
7224	20903
8187	-4226
-8407	9718
10486	20404
-5048	-17978
-16744	16704
-12908	-9989
2062	-1876
10463	-8905
3126	7949
17910	-6741
-7243	19699
6828	-7196
-8693	-12895
-465	-2060
-708	-8958
-5168	-2105
-16293	-2037
1358	-5655
-1711	2198
-9313	-2122
15138	-18174
-1663	-2045
8203	-2023
-6311	1901
12620	18121
-8156	-9220
-9194	-11903
12647	20511
5871	-12210
-4309	-2222
-493	-12842
-3947	-4419
-2930	-2038
4977	-6329
-8828	19238
6560	20936
-14173	10600
-8298	-11916
3409	-6769
-4710	19001
4597	-12349
274	-12849
-17247	20925
-41	14908
22611	-11110
-5050	-3538
-3701	11159
