-13392	0
-2043	1
21732	0
-7347	1
-5585	1
10288	0
-941	1
-1169	0
-4098	0
3020	0
-123	0
-7711	1
3882	0
4816	0
3907	1
-4557	0
3422	0
568	0
-8524	1
-4426	0
-6137	1
-1663	0
-3982	0
-665	0
7256	0
3379	0
16203	1
-8350	0
-2828	0
-9846	0
4546	0
3530	0
-4955	0
-12828	1
15270	0
-1037	0
-9740	1
-11298	1
-8343	0
2250	0
2957	1
-3983	0
1429	0
30593	0
-3093	0
-6850	0
8119	0
1264	1
-6057	0
8684	0
3479	0
1927	0
-13342	1
-11036	0
-4730	0
-3437	0
-5244	0
-1542	0
4776	0
-3103	0
-9088	1
-3080	0
-3582	1
-11004	0
-5224	1
13665	1
-824	0
-137	1
-4515	1
25818	1
18558	0
-3023	1
517	0
18200	1
27561	0
-2267	1
4384	1
-1879	0
-3500	0
26581	0
16021	0
336	0
-11862	0
9336	0
-7739	0
-1187	1
4069	1
-6720	0
-3601	0
4025	0
-5268	0
13727	0
-1040	0
-3971	1
3644	0
4327	0
23960	0
2116	0
-6091	1
1602	0
15881	0
-7972	1
-7195	0
-2446	0
6751	0
-240	0
-5251	1
24122	0
4626	1
-419	0
-12036	0
15361	0
5657	1
2704	0
-6734	0
17936	0
-5578	0
-29	1
-76	0
2944	0
6833	1
-5878	0
-8606	0
9353	0
-46	0
2477	0
13149	0
30090	0
-7383	1
-1212	0
10202	0
6018	0
-4242	1
-12716	1
-3668	1
24256	1
14431	0
4694	0
-15109	0
-537	0
7374	1
28514	0
-12325	1
3180	0
-9218	0
-12391	0
5650	1
-3165	0
21912	0
2951	0
-5283	1
2055	0
-679	0
-8800	0
-1735	0
-1787	0
-14089	1
-8202	0
-10593	0
15176	0
-21961	1
9964	0
7388	0
-6526	0
-22974	1
4979	0
-12196	0
-5272	0
-7652	1
-14263	1
-4910	0
-3205	0
-12101	1
1078	0
552	0
-14653	1
-5101	0
7313	0
-2629	1
-7715	0
939	0
2090	0
-7025	1
-6848	1
20424	0
-2169	0
3029	0
16662	0
-7679	1
-4488	1
2442	0
-12875	1
30843	0
-2146	0
-7940	1
-14621	0
-4502	0
-7066	0
30294	0
-10083	1
1172	0
7540	0
-1390	1
-11171	0
-11393	0
-11070	1
-1080	1
2182	0
-6342	0
3567	0
6319	0
-951	0
-5405	0
430	0
-12046	0
-7091	1
5421	0
-11600	1
4231	0
-7203	0
-2914	0
4419	0
-5623	0
9299	0
-686	0
-7882	1
-10823	0
-2159	0
16290	0
12472	0
14477	0
-4717	1
-541	0
-3286	0
9837	0
24923	0
986	0
-6076	0
1977	0
-9833	1
218	1
-3040	0
-3270	0
-16077	0
3530	1
-3256	1
-8259	0
476	0
-5674	1
8650	0
7497	0
185	0
2918	1
-2931	1
-5629	0
-5581	0
3392	0
-2432	0
653	0
7124	0
1886	1
-10820	0
-1626	0
-3198	0
12378	0
9270	0
-6844	0
-13931	1
-3669	1
-23805	1
1421	0
-7739	0
-2928	0
-6954	0
10159	0
21102	0
1773	0
13137	1
-7709	0
-8399	1
-3696	1
-6763	1
19058	0
-6125	0
-4966	1
16785	0
-3382	0
-7070	0
3377	0
5807	0
2839	0
-4873	0
-12873	0
2790	0
1803	0
4258	0
3555	0
7496	0
13861	0
2763	0
19848	0
5381	0
-4409	0
5143	0
-3520	0
-5458	0
48	0
-1252	0
-7988	0
-1066	0
3029	0
-4431	0
-3882	0
-9204	0
26748	1
6905	0
7608	0
20550	0
-5165	0
-4762	0
-4167	1
-6359	1
-7876	0
21725	0
22168	0
-4307	0
-13462	0
848	0
-6724	1
4558	0
-4255	0
-11576	1
-6721	0
25940	0
5424	0
912	0
-2165	0
9265	1
-8833	0
12089	0
-5794	0
-4400	0
-5442	1
-5154	1
-10565	0
-8164	1
12328	1
-20871	0
8179	0
12640	0
-9633	1
-517	0
-17033	1
2098	0
-5152	0
-14664	1
-13109	1
924	0
-15284	1
-1996	0
-343	0
-22070	1
18651	0
-7945	0
7647	0
21471	1
-2050	1
15013	0
7444	0
-3572	0
-22568	1
-9498	0
-2147	1
-2194	0
-11308	1
27422	0
-1585	0
-4171	0
-4861	0
-2887	1
21908	0
-9742	0
-4751	0
-7664	0
-8934	0
-15730	1
-12138	0
-7973	0
1967	1
3582	0
-931	0
13674	0
26599	0
-1376	0
5998	0
-2502	0
-7394	0
28082	0
-12989	0
-21064	0
2741	0
4685	0
3068	0
16615	0
-12898	1
10521	1
-2715	1
-5181	0
-16865	1
-15060	1
-8383	1
-6360	0
-5547	0
-624	1
-1999	0
-13428	1
-2303	0
-6793	1
-3273	1
507	0
-7123	1
-2734	0
5258	0
-1306	0
-11155	1
-7178	0
-7175	0
-13602	1
13896	0
-740	0
24204	0
-6313	0
-14328	1
-3478	0
-10767	1
-1748	1
-16254	0
-1539	0
1114	1
-3138	0
-2681	1
10027	0
24199	0
6769	0
-14829	1
-4228	0
-11017	0
-8600	1
523	1
1685	1
-14479	0
-8236	0
-7506	1
-1881	0
-7528	1
-9628	0
-5228	0
-3859	0
-5789	0
1150	1
10614	0
-4066	0
-7783	0
-12702	0
-2370	0
19454	0
3903	0
-4729	1
-8789	0
18024	1
4761	0
-4052	1
-12109	0
2184	0
22444	0
-9794	0
24625	0
-5514	0
-367	0
20139	0
4326	0
2979	1
5050	1
-4272	1
20300	0
5384	0
-1042	0
243	0
-630	0
-2246	1
-10265	1
8094	1
7363	0
7189	0
-9868	0
-5382	1
2147	1
-16582	1
-12293	0
-15431	1
12643	0
-5030	0
28450	1
-9873	1
5891	1
-6423	0
5383	0
-5093	0
-8761	0
5919	0
22525	0
-7891	1
-6082	1
16508	0
1479	0
1183	0
-9090	0
3742	0
5119	0
-6746	0
-1828	0
-6674	0
-6730	0
-2767	0
-2858	0
-3335	1
4895	1
-1135	0
-11726	0
-5517	0
28136	0
10136	0
-13528	1
7200	0
-3283	0
1592	0
-2969	0
2003	0
-3712	1
-7049	0
7401	0
646	0
-6572	0
21458	0
17943	0
-11511	1
-4347	0
1104	1
-249	1
-6084	0
5290	0
-667	1
-9441	0
3796	0
1095	0
-13077	0
12187	0
-5887	0
17483	0
-8219	0
-10915	0
-12156	0
18778	0
-8781	1
2345	0
-547	0
-11506	1
-9740	0
-5241	0
-5027	1
-4783	0
-10696	1
-7786	1
23656	0
-14508	0
2743	0
2520	1
-13061	0
-602	0
3177	0
-11537	0
-8817	0
4144	0
-4509	1
-14089	0
-5984	1
26252	0
-5810	0
-7094	0
-4437	0
-6082	1
-600	1
-2152	0
24693	0
-9364	0
2838	0
-17467	0
1792	1
-6927	1
-3973	1
-114	0
-6885	0
-14077	1
-2707	0
-2846	1
21231	0
-19266	0
-4156	0
-3041	1
-6610	0
25739	0
-4916	0
6824	0
-2121	0
-3511	0
-2115	1
6928	0
11450	0
8798	0
4343	0
23008	0
-5373	1
-5995	0
4168	0
489	0
8693	0
2876	0
-13328	1
13622	0
5363	0
-4425	1
1505	0
3291	0
9150	0
-17137	0
-11140	1
2814	0
-4517	0
2394	0
-11073	0
691	0
5878	1
1984	0
-12418	0
4890	0
4733	0
-11279	1
-8581	1
-1075	0
-14018	0
4571	0
3969	0
-3583	0
30183	0
-3309	1
-7858	0
-2640	1
-528	0
-9970	0
-4621	1
-8400	0
8721	1
-2926	0
-2084	1
3709	0
-7176	0
-2752	0
-3380	1
24729	0
-784	1
4337	0
-2586	0
4313	0
-7947	1
-4650	0
1495	1
1238	1
4410	1
-4202	0
20924	0
471	0
24363	0
-9755	0
8224	0
-2467	1
83	0
-1862	0
9202	1
21681	0
2638	0
8209	0
26090	0
12566	0
-7570	0
-17425	0
-14436	1
-3592	0
6676	0
2661	1
3939	0
-1656	0
-2421	0
-1577	0
-13940	1
-7250	0
21307	0
-6222	1
-1283	1
-2647	0
20780	0
-10462	1
-6800	1
1474	1
-4498	1
8	1
-5109	1
6973	0
-908	0
-4782	1
14803	0
-363	0
-16848	0
-8593	0
6526	1
-4433	0
-5860	0
-868	0
-12732	0
-2351	0
6313	0
3313	0
9475	0
5169	1
-8455	0
159	0
-8258	0
-6149	0
705	0
18037	0
2209	0
-11062	1
-6846	0
-1893	0
5519	0
-2279	0
10446	0
-10106	1
22265	0
-12116	0
-1973	1
17142	0
23671	0
-10996	0
-435	0
-212	0
1546	0
-12012	1
-4577	0
12938	0
13211	0
2763	0
-1365	1
18310	0
8492	1
-4542	0
6472	0
14471	0
6246	0
-7803	0
-7321	0
-13038	0
-6528	0
-1720	0
-1610	0
1500	0
23539	0
-4877	0
-10671	0
-4369	0
5164	0
-9296	0
17264	0
-8821	1
-6046	0
1775	0
-3666	1
4276	0
-3123	0
527	0
-5446	1
-94	0
1906	0
4574	0
23441	0
4324	1
6916	0
974	0
4043	0
3006	0
-8420	0
-7563	0
-3634	0
2370	1
-408	1
25423	0
-4507	0
-7116	1
23003	0
-1391	0
-4438	1
-1719	0
-1355	0
24972	0
-3775	1
-3343	0
26925	0
-3058	1
566	1
-11076	1
25924	0
2308	0
-1686	1
-10140	1
-3737	0
14327	0
-5133	0
-8500	1
23404	0
15327	1
-10615	0
-6162	1
-37	1
-1688	0
2606	0
983	0
-6875	0
-12753	1
-1055	0
-5431	1
1280	0
2570	1
-2758	1
-2967	0
-2775	0
-8870	0
-3925	0
-6991	1
-3425	1
5341	0
-2408	0
28568	0
-6936	0
18306	0
1967	0
4931	0
4335	0
-11393	0
-5315	0
25377	0
-7088	0
1306	0
5730	1
-6715	1
16591	0
198	0
-8599	1
1683	0
-12364	0
-3614	0
-2505	0
-12726	0
6758	0
-4644	0
2530	0
1331	0
-2673	0
-4852	1
-7628	0
-6988	0
-10070	0
7014	0
-835	1
4614	0
-11308	0
-417	0
23182	0
-4122	1
4998	0
-2986	0
705	0
-5055	0
-202	0
-6173	1
242	0
-23403	1
10585	0
-3737	0
17427	0
-7318	1
-8216	0
26593	1
-5285	0
-5567	0
-9018	0
1835	0
12595	0
-5633	0
-4768	0
-5670	1
-3654	0
-2249	0
-11710	1
-7017	0
24854	0
-6701	0
-2978	0
-4112	1
3033	0
29929	0
-10789	0
6694	1
-3168	1
25352	0
-4236	1
-6026	0
-1104	0
-471	1
-7402	1
-1441	1
7766	0
-5530	0
-8211	1
-10319	1
-4177	0
-3070	0
-5055	1
2773	0
-5670	0
25370	0
18047	0
-10580	0
-13902	0
5813	0
-2769	0
-2866	0
4985	0
5484	0
17062	0
1331	0
7336	0
-2182	1
-2865	1
3226	1
-10866	0
2908	0
6379	0
-5293	0
-9479	1
2030	0
-7239	0
-12808	0
235	0
-9165	0
-9262	0
-3765	1
11950	1
-4006	0
5472	0
-12601	1
-383	0
-11234	0
28332	0
-5796	1
-8771	0
-4608	0
-2119	0
-3365	1
-2402	1
4868	1
7225	0
-3636	0
-17364	1
1379	0
-1962	1
19225	0
16307	0
14667	0
8365	1
-12485	1
-446	0
-3508	1
26194	1
1396	0
-5732	0
-12088	1
2833	0
5882	0
-14788	0
871	0
-291	1
-10013	0
-2862	0
-4853	1
24946	0
-5399	0
-2331	1
-1230	0
-823	0
-6901	1
3267	0
22852	0
333	0
12370	1
-3808	0
25533	1
-384	0
-374	0
-11865	0
-4787	0
-2409	1
-235	0
3656	0
12774	1
3638	0
-4175	0
5504	1
-9534	0
6229	1
-5407	1
415	0
585	1
-5249	0
-10451	1
5713	0
-5904	0
-10936	1
5733	0
-6107	0
-10222	0
6735	0
-6513	0
-9494	0
-1583	0
-21778	1
-4800	0
25	0
4755	1
23091	0
1232	0
2676	0
-5811	1
24695	1
-414	0
-13348	1
-5013	1
5507	0
-5033	0
17121	0
8059	0
-9250	0
7522	0
-1465	0
-2952	0
-1103	0
-4503	1
-6330	0
2685	1
-4224	0
-2829	0
9503	1
-1206	0
12276	0
1581	0
6790	0
-2482	0
6084	0
9914	1
13057	0
-7194	0
-5696	0
19300	0
2178	0
-2936	0
2189	0
-2852	1
-10164	1
-6502	0
25988	0
-9002	1
-10577	0
16520	1
13976	0
-280	0
-3673	1
-3467	0
-3378	0
-12484	0
-4387	1
-2248	1
-959	0
-7104	1
-10996	1
-2796	1
2950	0
-9091	0
13120	0
-6485	1
-1078	0
-9797	0
-2196	1
1297	0
1966	0
-5702	0
-6097	0
-4687	0
-9483	0
-9383	0
25193	0
26986	0
-198	0
5897	0
-2438	0
2439	1
4125	0
-2553	1
-15888	1
-6950	0
-839	0
1517	0
-7859	0
28559	1
3568	0
-1582	0
-3109	1
-285	1
-849	1
-80	0
-9399	0
-5027	0
-4645	0
-10447	1
-5691	0
969	0
-3467	0
-5579	0
-19206	0
4536	1
-4346	0
-9704	0
3793	0
10558	0
1814	0
-15783	1
-8797	1
-6081	0
-12699	1
4181	1
2701	0
-1265	0
-6377	0
-5796	0
-10225	0
-636	0
-12474	0
4800	0
-8347	0
9176	0
1346	0
5596	0
-3466	0
6879	0
-805	0
-7577	0
1352	1
-810	0
-256	1
3882	0
-6807	1
18690	0
-4808	0
-11362	1
4725	0
-12668	1
29338	0
10043	0
-724	0
-3248	0
-6495	0
-12649	1
8848	0
-10860	1
-11365	1
2488	0
684	0
20585	0
6260	0
-7665	1
-528	0
-4198	0
-175	0
400	0
23747	1
-13631	1
-5976	0
-9064	1
6823	1
4971	0
-3301	0
-4643	1
5451	0
1703	0
1002	0
-2252	1
19791	0
5765	0
16957	0
-6726	0
15429	0
10562	1
-2265	1
-7019	1
-2926	0
-3853	1
1237	0
-2909	0
7115	0
52	0
-10160	0
16247	0
-5519	0
-1186	1
-7169	1
-5067	1
-8690	1
-2734	1
-6999	0
-9798	0
-23	1
3332	0
3856	0
-11856	0
-5469	1
1627	0
4375	0
-1796	1
-2051	0
3690	0
-6053	1
-6464	0
3778	0
-2489	1
-6483	0
4659	0
-4121	0
7782	0
-3156	0
4890	0
-15259	1
-3964	0
-5319	1
-16677	1
-6064	0
-1860	0
17716	0
-8291	0
-5846	1
-7095	0
-3425	1
-1934	0
245	0
-5256	0
-10426	1
-17089	0
-5850	1
-9614	1
7589	0
-3165	0
-886	1
-2738	0
16470	0
-2903	0
7141	1
822	1
-11145	0
-3226	1
9300	0
5500	0
-6706	1
3181	0
2749	0
-6065	0
-13074	1
24623	0
102	0
-11504	1
18043	1
1518	0
25867	1
-1271	1
2992	0
-2137	0
13917	0
-679	1
8022	0
-18705	0
12713	0
22836	0
19554	1
25074	0
-14175	0
-2856	1
30755	0
4921	0
-9867	0
-7708	0
-2496	0
3247	0
2729	0
-7424	0
-16597	1
-7517	0
13	0
2110	0
-11418	0
2302	0
1545	0
-8178	1
4256	1
-844	0
21614	1
3168	0
1742	0
18401	1
-25574	1
-6301	0
11444	0
1009	0
1684	0
-12930	1
-27830	1
-1845	0
3641	0
-14794	1
2303	1
6860	0
-5893	1
13306	0
-1660	0
21173	0
-7978	1
13593	1
2447	1
27684	0
-154	0
-1792	0
-8821	1
5402	0
4042	0
-3505	0
-5920	0
-8917	1
-8178	1
-4318	0
6891	0
-6815	0
-6459	0
-10271	0
-1180	0
-10182	1
2516	0
3702	0
-10322	0
-3735	0
-3577	0
-2867	1
-10752	1
-1494	0
-5301	0
22616	0
1649	1
-6924	0
4035	1
3202	1
1687	0
-1621	1
1502	0
12535	0
-4449	0
358	1
-3876	0
-6	0
-504	0
-11609	1
-3899	0
-5690	1
-4762	0
-3211	1
4565	0
-1937	0
227	0
-1958	0
-741	1
-4901	1
4718	1
-1921	0
470	0
-1233	0
22576	1
15799	0
-990	1
22614	0
-4280	1
7579	0
7629	0
-8285	1
-4947	0
-4011	1
-644	0
6242	0
19070	0
8490	0
-17940	1
-1028	0
-4617	0
25160	0
-8681	1
-16145	1
8124	0
-2640	0
16328	0
-3520	0
-2654	0
-15279	0
10	0
5070	1
-1452	0
-4320	0
20685	0
-2201	0
-2306	0
5172	1
-3097	1
4354	1
3772	0
-11385	0
-15204	1
-20829	1
3463	1
12316	0
9081	0
-2349	0
177	1
-2634	0
-17254	0
-2219	1
-6902	1
-8705	0
-10889	0
-1397	0
1596	0
-964	1
-8868	0
-14911	1
-1658	0
-1612	0
22449	0
9487	0
-4452	1
-3327	0
10074	1
17293	0
-6797	0
-3921	0
-5312	0
-14060	0
-9246	0
10710	0
-4676	0
77	1
-3577	0
-3820	1
-1609	0
4802	0
-84	0
19859	0
-1628	1
-2351	0
12486	0
2115	0
-6526	0
213	0
20268	1
4534	1
-5204	0
11723	0
-2767	0
5677	0
-3673	0
9260	1
-1549	0
11283	0
-2157	0
19199	1
12507	0
-8640	0
-3254	0
-3536	0
17382	0
-2722	0
-5208	0
-3677	1
-13807	1
1417	0
-10214	0
14075	0
803	0
1822	0
-11528	0
372	1
23615	0
-14233	1
2114	0
1015	0
25164	0
-5670	1
2010	1
822	0
22773	0
4805	0
-2546	0
208	0
-861	0
-2259	0
-13295	0
27970	0
18590	0
1872	1
-4047	1
2045	0
6013	0
-2107	1
-10383	1
-5060	0
4064	0
-11661	1
1813	0
3645	0
22416	0
3161	0
23005	0
-5305	1
7369	0
-1871	0
-5047	1
-14099	1
-6776	0
5120	0
-12243	0
5221	0
-16876	1
-12980	1
6073	0
27652	0
-2575	1
-4975	0
2119	1
3033	1
-9194	1
-6364	0
-8031	1
3810	1
-5694	0
-6726	0
-9829	1
-5610	0
-8975	1
72	1
595	0
2918	0
-6416	0
-10518	0
3507	0
-1993	1
7074	0
-5929	0
-6681	0
1291	0
1873	1
1668	0
-11240	1
20195	0
-10914	1
-11250	1
1707	0
4072	0
-3150	0
-4321	1
-4731	0
-1246	0
-11383	1
-3359	1
-5868	0
25159	0
-4881	0
1945	0
16215	0
-10637	1
-5000	1
-13791	1
10032	0
-3216	0
3991	0
-3695	0
-14590	0
-9343	0
-1354	0
-4158	0
-5198	0
2496	0
-11360	1
-14584	0
-19465	0
-1822	0
-2808	0
-8546	1
-168	0
7559	0
-555	1
-4077	0
-16469	1
-528	0
-1240	0
-9731	0
-5572	0
31506	0
2864	0
-10641	0
25900	0
3529	0
5706	0
2695	0
12223	0
1046	0
-5928	0
-13141	1
3577	1
2524	0
13942	0
10331	1
-1672	0
-17134	1
26463	0
97	0
-7148	0
11367	0
8687	0
7915	0
2014	0
-4312	0
-4492	0
10628	0
-3645	0
12085	0
-1217	0
8467	1
7026	0
-8502	1
487	0
-13865	1
9999	1
-11174	0
8398	0
11576	0
1697	1
-4246	0
-13459	0
1496	1
-13419	0
-863	0
16794	0
7080	0
-4389	0
-4789	0
-5656	0
20920	0
-15361	1
-317	0
-6340	0
17946	0
-1611	0
-8494	0
-4589	0
1223	0
-4790	0
-8960	1
-8284	0
-4928	0
5785	0
552	0
15617	0
-15576	1
-3925	1
-6529	1
4102	0
1379	0
-5121	1
-45	0
5102	0
28349	0
-7716	1
-12909	1
-5090	0
1327	0
25842	0
1774	1
10502	0
-5906	0
7737	0
-6985	1
-4789	0
2877	0
24604	0
4548	0
2953	0
3457	0
-6038	0
2694	0
-3038	1
4149	0
5237	1
-7447	0
27263	0
-7793	0
-1472	0
-2131	1
6402	0
23832	0
-4077	1
-10619	0
16278	0
4960	0
-2634	0
23530	1
-2731	0
-3952	0
-668	1
286	0
-1556	0
15252	0
9787	0
3486	0
-18491	1
-13573	0
-2269	1
-3813	0
1685	1
-2163	0
-6394	0
-6305	1
-5252	0
20481	0
3242	0
-4646	0
-5658	0
6982	0
-10895	0
1446	0
2170	1
24046	1
6858	0
-5251	1
1990	1
-3395	0
-12159	0
8404	0
-10217	1
-11682	1
16745	0
-26	0
-8046	0
-19825	1
-9221	0
-10729	0
29560	0
-18525	1
-14820	0
-7706	0
-1647	0
-5096	1
4358	0
19222	0
-8312	0
-2107	0
-942	0
30458	1
-2754	1
4290	0
4199	0
2124	0
25237	0
1702	0
-1721	0
-6214	0
-2524	0
6094	1
3437	0
25926	1
2372	0
-12268	0
-13763	1
-3332	0
-3494	0
-1712	0
-8881	0
-8092	0
2965	0
-5094	1
-7931	0
-7821	1
22061	0
-316	1
-3597	0
17605	1
-1420	0
15849	0
-12286	1
-3935	0
-5458	0
-12155	1
4192	0
-15316	1
3557	0
-1028	0
-5210	0
-5916	0
-3915	1
-7724	1
-26448	1
-3590	0
360	0
23363	0
23396	0
13277	0
3432	0
2030	0
549	1
9444	0
-6481	0
-214	0
-8809	1
-9807	0
6780	0
-10133	0
-10800	0
-8044	0
4630	0
-3330	0
21965	1
-9265	1
-13349	0
-8270	0
8167	1
25405	0
3247	0
4299	1
114	0
-7874	1
329	1
-5853	0
21627	0
-5831	1
-2419	0
-5712	1
-4276	1
28043	1
-855	1
-11623	0
6536	0
-3798	0
-623	0
-15701	0
-6838	0
373	0
29302	0
-4872	0
4785	0
7058	0
10531	0
12639	0
-12810	1
-8423	1
24895	1
1011	1
20629	0
-9731	0
-4491	1
2485	0
2268	0
-4234	0
-3060	1
105	1
-12794	1
-14747	1
-59	0
-5435	0
-1858	1
4556	1
-4197	1
-2358	0
-3789	0
-8804	0
7278	0
10349	0
14645	0
-5715	0
-2145	0
-9797	1
-2883	0
-9653	1
1249	0
-5072	0
-1169	0
-8870	0
-11586	0
8169	0
-2474	0
-6122	0
7405	0
-10587	1
528	0
4703	1
-7124	0
-2176	1
21594	0
688	1
-6112	1
7098	0
3890	0
-5554	0
-12176	0
-2512	0
-1539	0
-1585	1
-3621	1
9598	0
-1809	0
-5195	0
-99	0
607	1
-6589	1
25964	0
-10903	0
-9712	0
-6052	1
-4614	1
-7867	0
-11250	0
1062	0
22105	0
2709	1
646	0
6393	0
-8898	0
3257	0
3704	0
-5928	0
4033	0
-3765	1
3601	0
-1365	0
-3171	1
-12453	1
25313	0
-6180	1
-3574	1
-3077	0
-11963	1
3996	0
1762	1
605	1
-6710	0
-6375	0
-7334	0
-5069	0
-552	0
-4209	0
-8045	1
-8665	1
5764	1
-5995	0
-7270	1
2893	0
-5321	0
-16250	1
-15405	0
4321	0
-3365	1
-1471	1
-5746	1
11959	0
-13297	0
2347	1
-3	0
-669	0
-2073	0
-8922	0
-1513	0
2310	1
10480	0
2067	1
30383	1
22848	0
-8205	1
-11861	1
-8589	0
-6081	0
-4298	1
-11142	1
-4100	0
6225	0
-409	0
-454	0
-3292	0
1980	1
-6678	0
5387	0
2166	1
-15045	1
7432	0
-8379	0
-1963	1
-16556	0
-5492	1
-1788	0
-4842	1
26270	1
-2671	0
2647	0
-8866	0
2826	0
2949	0
2950	0
4606	0
24009	0
12550	0
17968	0
-4377	0
-6218	1
390	0
6781	0
26345	0
-237	0
-3023	0
-7745	0
3557	1
4734	1
-2840	0
-10496	1
-6631	0
-11539	0
-10390	1
-1140	0
21453	0
-2593	1
-1073	0
11066	0
-9759	1
6353	0
-4687	0
-2536	0
5007	0
