21726	3
-3674	6
5292	6
-4903	1
9244	3
-4770	4
-6629	2
-11973	6
-15663	2
-5953	4
7541	6
57	1
9881	3
18900	1
-12580	4
5935	2
2535	9
-8392	9
7755	4
192	4
-11025	4
-9744	4
-7529	4
-26061	4
9918	9
-10586	8
540	4
9808	4
10463	1
3792	3
-6163	2
-19719	4
-10661	3
-10307	9
3493	4
-16028	9
-8970	9
-7680	9
-1309	2
17097	1
-10394	9
9037	4
-2251	3
-17089	10
15852	4
-35708	4
3138	8
-762	4
7460	4
-1102	6
-4718	3
-18407	9
3626	6
840	6
3031	6
2779	3
2825	4
-20252	8
9041	3
13733	3
7429	9
-3025	8
10870	3
22253	1
2747	9
6245	4
-658	4
-35303	4
6563	1
2970	3
5430	3
-4375	1
6888	1
-6355	4
6559	3
-7257	4
-34344	3
-15139	4
-3748	4
-2426	6
9668	2
-298	6
-8668	4
-3760	3
-7296	9
23913	7
2151	4
-5811	4
3852	4
-19600	3
-7965	4
9111	4
-41885	6
-6726	8
7498	4
-1756	4
3271	4
19839	1
14880	3
-2710	4
14726	3
1208	6
967	9
4437	4
5421	4
3341	3
-18950	4
-818	3
4014	4
7602	6
3563	3
1250	4
-6055	9
1229	6
-2230	8
-3690	3
-17065	6
2493	3
14260	6
-2309	9
-19750	3
5096	4
15007	3
3001	4
-1103	4
-6264	6
-3583	4
-6041	6
13459	7
6058	3
6611	4
7276	3
5804	3
5912	1
13895	3
-3846	4
6975	1
-6454	9
4050	6
-8043	4
401	4
11335	4
16433	2
8180	6
4866	4
1380	2
-15651	4
9179	4
-20315	4
6193	3
-950	3
-3795	6
8020	6
7042	3
6398	4
13873	1
2858	6
-14033	6
-4414	6
-1760	4
2843	3
3991	9
6672	3
7151	3
-15416	9
-1869	4
-16579	9
-14908	3
2046	3
-15301	4
-3683	4
8987	9
-19900	4
-2562	4
1676	1
-5406	9
-3775	3
947	4
-12757	3
-19630	2
-9371	3
6608	3
-10034	8
5907	8
-5455	2
-19078	4
4323	4
2799	4
5097	3
13359	3
1398	9
5839	4
-22655	10
5959	3
-9994	6
-22195	10
3482	2
9973	4
-932	4
-3774	6
13437	3
4401	6
7761	4
11348	4
-5454	9
10403	4
-11873	4
2437	3
2028	6
263	1
15637	3
-17470	3
-3467	6
-11177	6
8033	2
-17815	4
-2083	4
-7458	4
5887	4
4080	6
-9743	4
-2316	9
-4734	3
14760	3
11624	3
-32588	4
15348	3
11220	4
-9759	3
12432	3
-6258	4
1552	8
7051	3
7742	3
-5710	4
-28408	4
2805	3
-5801	4
661	6
1487	3
7906	4
11181	4
2006	4
171	9
2110	4
169	6
-2174	3
1336	4
22845	7
13048	3
-10873	4
1309	1
6733	6
10565	4
875	4
-7787	3
-2403	9
-13993	6
-6364	6
2172	4
-3333	3
-4714	3
-15345	3
5771	3
4851	4
-20195	6
-11217	4
-8672	3
-6824	4
5336	6
1723	4
8999	4
-1540	3
-12480	3
6588	9
-25336	4
10272	3
-5890	4
-2253	3
-8549	4
-659	9
11339	3
-3263	4
-14009	6
8232	6
1937	3
14182	6
-9333	4
-3530	6
13629	3
-3226	3
-2540	2
1635	6
8419	4
-6279	3
10609	3
10339	9
-1843	8
-13795	3
-14251	2
-15189	4
-198	4
-23589	4
6560	4
2804	2
-9213	4
2148	4
7909	4
-2783	4
4496	3
4247	4
4613	4
4119	1
-13645	8
3225	4
4138	4
-1200	6
4058	3
425	4
462	4
47	4
10328	3
-11631	4
-10231	6
-8584	4
4203	3
-9908	3
18509	1
13604	3
10297	4
-1617	6
9893	3
8966	3
2692	4
-10568	4
4758	6
9870	9
5095	4
-16366	3
-6117	4
15735	9
-21333	1
1970	4
-1461	4
-4178	6
-12775	4
-4579	6
22678	7
4492	9
-8020	3
14475	3
14691	3
-11654	6
19927	1
-7166	9
-4202	4
18416	4
-4114	4
-2605	8
-6190	3
7599	2
16784	3
4668	9
-14667	4
7528	10
-4296	3
13167	1
-25724	1
-2874	4
12650	6
-5447	6
-3859	6
3431	3
-4545	4
-1280	9
8171	4
-855	3
-1176	4
-1365	8
-16022	3
7011	9
-21851	4
19338	4
8923	6
-7818	9
-6015	4
17016	1
6753	3
3278	6
-22529	4
-2219	9
-7289	6
13303	6
8655	8
-4413	4
4474	9
7774	3
7112	2
-18725	4
-14677	3
-8848	3
9223	4
5173	3
20272	1
6140	4
15544	1
-1922	4
6614	4
4182	4
4142	4
8589	4
-5445	4
10622	3
9580	3
-4463	3
-5088	4
3225	6
-12256	9
20539	1
4967	6
24179	7
3711	6
-7346	4
15688	1
-3382	1
-4551	9
4828	1
13212	1
-909	9
16679	6
7143	6
-13174	6
-22719	6
6594	8
6578	1
-1255	4
-5107	4
8165	1
-14461	6
-7393	2
13746	3
3322	9
4815	9
-3453	4
396	9
-10909	9
3330	1
-6215	4
-9920	4
2242	2
-2232	6
7365	4
-3841	3
16877	1
1706	1
-26610	4
-8519	2
-7114	6
-1231	6
-3481	4
7909	1
1462	4
1416	3
1951	4
6685	6
-3756	2
-4656	6
7852	4
16759	3
4597	4
9350	3
-738	6
9689	4
-13000	4
2401	6
3667	1
-28720	3
-9092	6
-5090	4
-10497	8
-14523	4
-8919	4
7079	3
-576	4
-1903	9
14549	9
-16923	4
-1453	6
-22811	6
1271	3
-1620	4
585	6
7791	6
-6290	4
5067	4
2791	1
3604	6
-13164	6
-14343	4
14754	3
5223	6
-2468	3
-7498	2
9589	3
6416	8
3299	4
7144	4
-16775	4
-12659	6
24114	5
2003	8
-15299	4
-18084	3
-15779	6
7274	1
-179	4
5072	9
6632	3
5063	4
-3017	3
9472	4
8116	9
-5934	3
9925	4
-7935	6
7127	4
8878	1
-4753	6
-3126	6
-541	4
-7176	4
-9235	1
-1931	6
3433	4
11876	4
-2853	6
17300	3
13242	6
6666	4
-13915	4
-34143	9
-17	4
-42	6
9444	4
-529	6
8601	4
22216	1
-17185	3
-7902	3
11322	6
9416	3
7924	2
10887	4
6070	4
3965	2
-10749	6
7036	9
6124	1
9069	9
-7994	9
8504	3
-9463	3
324	4
1000	9
-3659	4
22319	1
1261	4
6605	4
19015	1
3040	4
-10041	2
11539	3
-8795	6
2694	4
-1596	4
12649	3
-5020	3
-659	3
10137	3
-5034	4
13778	3
-15161	3
-4586	4
627	3
-8411	4
-6044	6
9467	6
8286	4
1591	3
3981	4
12736	3
-17413	6
3112	4
1920	4
-7967	4
-11734	4
10257	3
3546	4
7273	2
13492	3
-5401	3
-25153	6
5205	4
1169	4
-3497	3
3854	6
-6256	9
2221	3
4472	4
17118	3
-2350	4
-16614	6
1901	6
-4101	3
4384	3
-11	6
-1352	3
-1425	9
1429	4
3232	3
4380	3
-6730	3
8024	3
7145	3
-6821	6
6582	3
14708	3
-5848	4
-15860	6
-1526	4
-5224	4
-31962	9
2553	1
2301	4
957	6
-29895	4
-12921	6
3646	3
2722	4
3682	2
1846	4
-2481	3
-531	9
2561	3
-10355	9
-16662	3
7968	4
108	2
16068	3
-2849	4
-12621	9
-2037	6
-2882	6
11340	6
-18226	4
-11037	8
1527	6
-8032	9
12382	4
-2703	3
5978	9
-2105	3
3878	4
-4557	3
6929	4
3456	4
5523	3
5533	6
7399	4
4026	4
-5508	9
3707	6
2358	4
1104	4
-7026	6
-7208	2
4606	3
15469	3
4385	4
-5240	4
960	3
-1028	4
-4142	9
11645	3
6248	4
15242	3
9641	4
7492	7
1004	4
6757	4
2877	4
-1292	1
10721	6
7878	6
-237	6
826	3
2050	3
4109	9
-6648	4
9570	4
9911	3
5248	9
-5512	4
-12976	4
-3274	8
-13665	2
5663	3
-1370	9
-19628	3
2440	6
3775	3
-3841	9
5352	4
3858	6
-17240	3
5377	4
-8281	3
8220	4
9269	4
-5857	6
5022	2
2983	3
-11598	8
4014	3
-15217	4
-11570	6
2969	6
-4272	3
1741	3
-2393	3
3958	2
-338	4
3945	6
11793	4
13052	3
-15647	3
5898	4
-5328	8
-7175	6
13063	4
-2498	6
12532	2
-7588	1
541	6
-7245	6
-3375	4
-14101	3
-4964	6
2234	8
-15140	9
-11776	3
8934	1
13506	3
3016	4
-2361	3
1869	3
13476	4
-16657	3
-6865	6
1966	6
8114	3
9165	1
16785	6
4794	3
-3077	6
2744	4
1345	4
268	4
-2435	4
-4042	3
-374	4
-917	4
-8720	8
-325	8
-5911	3
4845	3
-7806	4
-9016	9
1621	4
-2052	4
1216	6
9445	6
-22564	4
4788	3
-4517	9
3262	6
3737	2
11123	3
4223	3
15807	4
19562	4
-10651	4
7518	2
-5716	6
-12198	3
-4870	9
-3084	6
-3780	4
-12066	3
2278	3
-19309	6
15126	6
5246	4
4523	6
-8707	6
8087	9
-3606	6
-8099	9
4093	6
2492	4
10403	4
9224	3
13292	7
10143	3
8905	3
-527	6
4352	4
8996	3
6009	4
-12387	3
1490	4
5427	4
-1932	4
2896	2
17546	1
-1906	3
18696	1
-16750	6
-8735	4
-945	4
3163	4
-16541	4
18412	1
13863	6
11355	1
-7050	6
5484	3
-9432	2
2128	4
11967	3
-114	4
4027	6
-13732	6
-10728	6
12924	2
-7926	4
5635	3
10715	1
-6276	4
11900	3
2178	4
10420	4
-358	4
-8550	4
7488	4
15539	3
7197	4
11312	4
2559	3
398	4
-26066	3
4494	9
10455	3
2956	6
7903	4
10039	4
-6381	4
-17367	2
-12361	6
6686	3
-3917	2
-13790	8
11070	6
5256	8
1322	6
-2178	8
-1401	6
3148	4
-10876	4
-5455	4
-1103	9
-12160	3
7505	6
-8525	6
13374	3
2160	3
17369	1
-651	4
-5167	4
-19453	3
6476	4
3398	3
3032	9
-6092	4
12756	4
16517	3
7504	6
-9474	6
-13445	6
-1318	6
53	9
2853	6
14075	6
-4082	4
66	6
5564	6
2924	6
-20918	3
766	3
12501	3
-8761	4
3241	6
3702	9
9039	4
-1556	9
7315	6
-3543	2
-14736	4
5257	4
11806	6
-3929	6
5331	3
-1726	3
10608	3
-21634	6
5784	1
-4927	9
8615	3
-18463	8
-10536	6
-2086	4
-1903	4
-10691	4
3730	6
5966	9
-1900	4
9772	6
19590	3
591	4
-7062	4
1148	4
-8470	4
8247	3
-3271	1
4681	6
7810	3
-5013	6
-6040	6
2545	1
-5066	4
1153	6
-10693	1
-501	9
-23414	9
-2149	6
12378	3
-485	6
-15252	3
11720	1
-1287	4
1480	4
4852	4
11904	3
-17798	3
-6214	9
5511	3
21382	7
-19486	6
-1171	10
950	4
10677	3
22981	7
-5790	3
4840	4
-5244	4
-20083	6
10972	6
7363	4
15826	1
3141	8
-8869	3
12225	4
-11520	10
308	4
-4746	9
5061	6
5680	3
4397	9
-2399	6
4449	6
10207	4
-10715	4
1543	4
7503	3
-10050	9
-5703	4
-4159	6
-9436	6
-13019	10
10663	4
-8345	9
-6795	8
-5379	4
10295	4
-3990	4
3495	3
-4550	4
8618	6
2908	4
10311	1
-7233	4
14996	4
15204	3
-13717	4
5763	6
3790	1
8456	4
-730	6
-4481	9
8249	1
778	1
19748	3
18549	1
-753	4
-3169	4
8699	6
-7706	4
-9439	1
246	1
8868	6
9814	4
6320	6
-6891	6
7705	3
7906	1
-10745	9
-872	4
15741	1
-10301	4
-27900	4
-6735	4
-6375	8
7665	4
3926	4
1253	4
26757	7
6206	4
-11713	6
9093	4
3677	3
7868	4
8612	6
7649	6
5796	6
-10804	6
7561	6
-623	6
-34938	3
15640	3
-13959	4
4535	4
-5596	2
-14184	9
9958	1
-11384	4
-2207	4
-2882	8
-1727	4
-11228	4
-1045	3
4416	4
-8018	6
-4317	4
-7728	6
-15180	6
17496	1
-6572	6
10847	6
4196	4
5913	4
315	6
6856	4
15810	7
5116	4
22635	3
-12120	6
4853	6
-2768	3
-2484	2
-10795	6
-2183	3
9892	6
-3758	4
-92	4
5711	9
7116	3
2075	4
-28617	4
5628	9
11953	6
7236	4
6781	9
-10362	4
-11125	4
-24550	8
2691	6
17734	3
-16756	2
20294	3
4990	3
7056	9
15632	3
5432	4
-20539	2
3764	6
-5209	3
-6563	4
5274	10
-11132	4
478	3
2414	2
-5710	4
-916	4
2147	4
-1697	9
3061	3
-9826	8
-3947	3
-20714	4
-1759	9
-9353	6
1191	4
7987	6
-27728	6
9501	3
-7481	9
1434	4
-5360	6
5444	4
2759	4
12308	6
-2301	4
6773	4
-8550	6
-10633	4
-4128	4
13108	4
-29213	3
3477	3
3167	9
3358	4
11230	3
6429	7
445	3
-120	4
-258	4
1276	3
-21717	4
-9412	2
5333	6
-13490	8
-11865	6
6967	6
-25244	1
8810	6
-6146	3
-4671	9
-3022	4
-9035	6
-4665	3
-6751	6
8504	4
-7432	4
-13960	6
-9942	3
-29364	1
19088	7
-1035	6
-21728	3
-2818	8
1108	6
2957	6
-12974	6
10528	6
-1194	4
-3344	4
16772	4
641	3
-15766	4
5052	3
6046	3
-11458	4
10994	4
4497	1
-6847	6
-20141	4
-6455	2
4251	3
9207	1
5933	6
697	9
-12712	2
-1860	3
14619	6
4936	9
-1189	4
-19182	6
5048	3
-34356	10
-2844	3
-6189	3
11426	4
8760	4
-1446	3
-5758	6
-9023	4
17458	3
6623	6
-6692	4
6980	3
5241	4
-5618	3
-4227	4
-7416	3
3718	4
-11471	4
8848	4
-13479	4
14383	5
-2863	9
-4389	6
-9440	10
5089	9
6394	8
-2052	4
48	6
2471	3
889	4
-10185	6
-20689	6
7669	4
11251	1
-9466	6
-7885	3
10970	4
-5808	4
3588	4
1321	9
1818	1
-9610	9
5513	3
5281	9
-2911	4
-10262	4
2587	6
3210	3
-2832	6
10365	6
2396	4
-4670	6
-9427	3
12415	3
13175	3
-9395	4
4471	6
-9372	10
5944	3
-12524	6
3084	4
-12753	4
-10831	2
-1654	4
-8107	4
4298	3
-1296	4
2027	4
3771	4
1815	6
7105	9
-9955	9
-1457	6
-3355	9
8723	4
8909	6
5311	4
11859	4
-3912	3
-3449	6
21516	1
357	4
-1622	6
9000	4
-16277	3
-2497	4
11158	1
-6557	6
17556	3
-5852	9
9391	3
13803	3
1771	4
-38686	6
-3210	4
4272	8
-3245	6
-369	6
6666	4
7579	4
7082	3
19629	3
6891	4
18746	3
20491	1
8427	2
7393	4
3744	4
9381	3
7655	3
-1078	4
245	4
-5416	1
9017	3
12116	4
-248	4
129	4
2710	4
2157	4
-3555	9
6996	4
-1107	4
7803	6
8856	4
12188	4
6414	3
10749	3
-1473	4
10816	4
8966	9
-9714	4
1664	4
5644	4
2066	4
-935	3
4075	4
18744	7
-8584	4
-3723	4
-6575	3
-2530	4
4624	9
-11320	9
-5467	9
12380	4
-21742	4
2772	4
-4121	6
1452	4
-6433	6
-19608	3
-2728	6
3888	4
-20056	4
-5783	4
6848	9
-8026	4
9384	4
-781	9
-15043	4
-6590	9
-3036	9
13653	1
5295	3
2307	1
6078	6
8304	6
5497	4
11567	3
10061	1
1516	4
2315	6
-10377	2
-5522	6
20039	1
-4940	2
8691	3
-4431	3
-12631	4
-565	3
-4627	4
11737	6
2351	3
3747	6
-4430	3
-1232	9
1340	1
856	6
3038	3
-4136	6
9810	4
24621	7
-4536	4
-13702	6
529	4
11047	3
105	6
-8665	3
-8184	6
-6760	6
-5441	2
8599	4
2419	3
3079	6
-9275	6
-2247	3
-10248	3
-3988	4
1794	10
-5467	2
-8233	4
-18656	3
-7956	9
2743	3
-5224	4
7333	4
-5067	3
25174	7
-5111	4
-2894	6
11239	8
11570	1
-14701	4
-2612	9
-135	4
-11497	4
-7649	4
-12344	3
-5665	4
1123	3
-158	9
-3175	3
-14744	10
10657	3
1213	4
3340	2
-15815	3
8377	4
-2913	1
14158	3
20702	1
-6599	6
7132	6
7190	1
9547	3
-10020	3
-1232	9
8152	4
14291	1
-1761	6
-14635	4
7719	1
-6674	9
793	4
16500	3
-18210	4
3428	6
7210	9
592	9
-706	3
-1721	4
-6739	4
5649	4
1183	4
-6277	4
-33584	6
7211	4
66	3
-11	9
2864	3
-4670	4
-2742	4
-7412	3
13576	1
-10480	3
5377	4
-6784	4
-10600	6
-2389	4
8035	3
10209	1
-145	4
9196	4
-6429	6
13518	3
-6210	4
15978	6
2621	3
-925	4
-10474	2
-4082	6
-568	4
-35800	3
4010	3
6782	4
13941	9
4003	4
-4726	6
5361	3
15473	3
-1520	3
11350	3
-996	4
-7453	9
-6131	4
-3307	3
-8322	4
-15893	6
-890	4
-14433	9
1457	9
-4213	6
402	6
-4858	3
5304	3
-10690	4
-4740	6
14666	1
3242	4
-1475	4
5525	4
-7741	4
13412	3
5113	3
12557	6
7606	8
-5620	4
4383	4
10840	3
13951	9
604	3
-17643	3
-760	3
-4174	6
1826	3
8551	6
-2490	2
20889	1
-3663	6
-16673	8
1764	4
-4684	3
-8430	3
-2344	3
9449	4
3328	4
-8877	4
6043	3
14133	6
2539	3
5739	3
-6861	3
-3322	4
16757	6
3890	3
-8706	3
-8712	6
-2186	6
-15501	4
6527	3
1347	4
1174	3
6175	9
8029	9
-12873	4
-14403	4
23198	7
-5192	9
16679	4
1643	6
7017	4
4636	9
-1736	4
-2363	4
-12425	3
-9429	6
3077	4
-139	4
-3975	4
-758	8
4940	3
3463	4
5515	3
10903	4
756	3
-24196	6
-23820	4
-18125	4
-18049	1
6078	1
527	6
-6057	6
942	4
1868	9
2957	4
3978	3
2324	4
-1979	4
-6523	8
5956	4
-3162	1
10769	3
3367	4
-1711	3
13359	3
13916	3
-6567	6
-5687	2
10497	4
13285	2
1236	4
14566	1
-11391	4
-25176	6
8595	4
8135	1
-1376	4
-5320	4
6828	6
-3143	6
-14434	4
-43	3
-8667	9
3763	6
2553	6
6113	4
-11050	4
-6726	2
10132	3
10806	4
-10220	4
16928	2
8566	3
4961	6
3555	3
1690	4
-5541	3
-7830	4
10636	1
3785	4
10237	3
-7062	9
-4442	3
6904	4
-30529	4
-7891	3
-13973	2
3603	6
-11482	4
228	6
-8252	4
19193	1
2283	4
-5873	6
-631	3
-1194	4
7878	3
-4019	4
-17673	3
-327	4
6527	1
6939	4
1269	6
-11736	8
12286	4
13299	3
-8785	4
12855	4
-7157	6
-645	6
-5726	6
-2685	6
-519	4
3337	3
-14214	3
-1002	3
-19219	3
3898	6
-9025	4
9149	9
2427	3
-4973	4
4035	6
-1349	6
5975	3
18378	1
-7449	6
-1753	9
2643	6
-20122	6
-15892	4
-7454	6
-6072	3
-4325	2
4048	4
-13678	3
11710	3
-17676	3
-7312	1
8648	4
12752	1
14549	3
5522	1
-16614	1
5582	6
467	4
-12668	4
2464	6
10054	3
18351	1
-1416	9
-7796	6
-18166	9
1478	7
8936	1
7148	2
2346	6
4893	4
-193	4
-264	3
13155	1
4696	4
-9271	6
-5852	8
6486	4
8579	4
-1747	4
-2268	4
1539	8
-7916	4
-5414	4
4718	9
-8209	9
-2745	4
3125	6
2725	3
14437	1
4183	3
-2738	3
5695	3
13181	3
2929	4
-7132	1
4675	3
1286	3
-8839	4
3693	4
-6196	3
18211	7
-13128	9
9795	6
-7546	3
-2108	3
83	6
2788	9
11471	3
-589	4
7190	9
7506	6
4899	4
6530	3
455	4
-62354	9
2058	1
-10363	3
14197	4
7539	3
-2456	3
-11956	6
2649	8
16398	1
5316	6
-4195	3
16341	1
691	7
797	10
6383	3
4067	4
-12119	4
-134	4
-4077	3
-4011	4
-10688	4
6353	4
-402	9
-8989	4
-16750	9
-5364	4
3365	4
12728	3
7003	6
-7537	3
3484	8
4072	3
-291	4
-3233	4
4370	4
2633	4
11527	3
-5671	9
14211	2
9701	3
7320	1
1393	9
