-9571	1489
1823	1469
-5915	-1559
13186	1167
10829	1474
4809	1217
-13552	1484
6186	1461
963	1260
-639	1454
-7003	1487
-5445	1484
1154	1482
3796	1473
12327	1347
-12222	1486
-13858	1481
-12008	1490
6974	1489
-12805	1461
25452	1062
-13998	1490
-20589	1485
6288	1455
-18209	1489
-8544	1346
7347	1459
-5348	-47299
-29204	906
-796	1470
6608	1489
16542	1259
1778	1490
7679	1425
-289	1475
5223	1484
1036	1456
-19484	1485
29591	-91553
7468	1479
1329	1463
-5292	1488
11672	1459
-9133	1489
-3496	1471
-7508	1468
6327	1300
10912	1425
-30266	1490
2728	1449
-6508	1426
3855	1486
17411	1441
-5585	1469
-5131	1490
-12661	1483
-1294	1459
-2772	1490
-632	1377
-20212	1489
-13800	984
-1372	1464
-4940	1464
14238	1477
-10222	1471
-1333	1455
-3051	1471
-3992	1446
-2254	1474
-4204	1489
15591	1383
6544	1466
10727	1479
1384	1455
1089	1468
-2951	1450
6018	1473
-5095	1484
9062	1456
3479	1443
-5691	1487
4919	1438
-16330	1481
3273	1483
-19555	1487
7083	1486
20042	1481
-23482	1489
10579	1480
18376	1280
3328	1465
-289	1481
11956	1472
-16706	1477
-8778	1476
-11395	1485
5513	1480
-21945	1488
-5035	1490
7039	1379
-1158	1371
-406	1489
17671	1378
-13266	1486
19166	1482
3519	1478
-2769	983
14941	1482
16622	79
-190	1472
-12531	1488
-10444	289
2239	1467
13542	1458
5427	-83237
-15227	1490
16379	1481
1024	1488
458	1485
2180	1479
-7357	1487
-1961	1488
6577	1484
-14472	1489
12124	1483
-443	1483
-11494	1468
2358	-34502
7626	1482
-199	1419
7844	1467
16513	-8432
1113	1482
12258	-91344
19557	1203
4569	1488
2049	1467
12925	1451
12051	1487
2833	380
-4410	1480
4103	1439
-11121	1484
1538	1479
11027	1445
12113	1419
-32198	1489
4440	1438
-12089	1488
13233	1489
-8017	1489
-5637	1481
10322	1487
-10619	1488
6934	1466
-1021	1463
-4170	1484
3419	1460
1561	1489
15751	1404
-17605	1483
25640	1486
-2825	1488
995	1479
20370	804
-3146	1411
-22247	1488
7213	1473
-259	1488
7797	1470
129	1486
-8494	1475
8675	1432
-3453	1485
14544	1436
9014	1466
-17370	1483
2183	1464
-15432	1488
2531	991
13095	1363
-3546	1481
-8841	1480
-7581	1489
-17070	1488
-10024	1479
-9849	1469
-4642	1474
15976	1473
-1639	1483
-17273	1487
5710	1489
8316	1466
-6626	1490
7187	1490
5197	1480
8549	1473
-25482	1489
3598	1489
3868	1490
6374	1483
-9140	1479
8569	1447
964	1488
8775	-7269
13832	1442
953	1464
13704	1479
6551	1480
-2355	1179
-19348	1482
7707	1349
9905	1484
1459	1362
55	1487
-9866	1485
-15119	1484
-7130	1473
1857	1397
15645	1480
6121	-58440
901	1444
20	1489
-669	1476
-2410	1480
-7311	1469
-3084	1480
3792	1463
-3034	1396
11616	1485
13757	1488
6994	1242
-670	1485
1015	1353
909	1489
-3220	1486
-682	1480
6450	1487
-5577	1378
-14597	1481
11451	1390
-6784	1459
2040	1487
-4830	1466
2302	1456
10978	1489
14728	1489
-2301	1480
-3666	1488
-5585	1474
-2963	1442
-7678	1466
-6120	1407
13332	1485
12134	1452
-12147	1486
-2838	1485
2145	1489
-17584	1485
-6898	-61939
-7521	1488
-4823	1409
-12826	1469
-3699	693
3988	1490
12169	1054
-1797	1477
-11715	1482
-3046	1473
-3677	1482
4790	1488
9986	1477
4973	1454
8726	1477
-8351	1487
-10168	1488
3720	1485
303	1485
6121	1481
8574	1437
10112	1481
4052	1329
16842	1424
13446	1418
-700	1432
-3698	1485
-11711	1480
-3647	1489
5274	1266
11417	-61935
-6329	1488
-20626	1489
22039	-2790
-6295	1485
-2163	1487
-4787	1486
10767	1486
760	1486
13045	1467
9338	1463
9649	1481
-6877	1486
-1152	1371
4262	1466
-2465	1476
-15101	1485
312	1473
-4590	1482
-5472	1485
9190	1489
-12514	1489
-2424	1460
-237	1490
2245	1411
18427	1483
3522	1480
12239	1477
14902	1439
-5726	1483
12105	1395
16972	1484
7172	1485
5866	1485
6558	1484
-5334	1486
-14142	1490
-6062	1488
9104	1008
4375	1490
-2005	1323
-9370	1468
-4377	1476
-4755	1485
13123	1409
1587	1485
6069	1489
-6479	1484
1333	1487
13138	1413
-1722	1487
74	1024
4549	1480
1239	-13808
3417	1487
-5251	1489
-1913	1489
-15574	1489
11099	1490
13052	1483
16983	-91534
-4076	1485
-3403	1482
-3196	1489
2347	1487
9052	1487
4482	1421
-8330	1490
749	1485
-8892	1469
-11440	1484
9812	1485
-28077	682
-7462	1484
6515	1450
-8823	1457
-22669	1485
1536	1473
4544	1481
-13388	1487
12610	1484
8955	1488
6078	1488
-13972	1489
-9249	1485
-2584	1488
-8298	1490
14578	1451
-5630	1466
11386	-454
-11948	1456
-2930	1484
4931	1487
296	1480
227	1436
-7105	1488
-4732	1410
-7044	1489
-4359	1474
8084	1473
5331	1489
-5819	1485
-6205	1484
-3523	1463
-13689	1487
-2777	1488
7316	1466
-19025	1490
-13942	1449
4026	821
505	1284
13390	1045
5359	-88676
22782	923
-14613	1463
1008	1471
8278	1448
-7487	1484
-3920	1369
11366	1238
-7287	1450
-7406	1456
21255	1484
4158	1476
2503	1450
9111	1467
3050	1433
25086	1466
580	1461
-1167	-577
3309	1440
1830	1483
-2369	1490
12305	1461
-10054	1484
9632	1463
-174	1479
1740	1484
-10406	1484
15709	1411
2529	1479
-2537	1490
-1251	1422
-75	1459
-10885	1484
-10309	1441
1028	1487
8515	-77908
15393	1490
-7912	1443
1176	1485
12802	1396
-3954	1490
-11917	1480
690	1488
4780	1483
-2651	1490
14900	1482
595	1486
-14279	1479
17601	1441
15148	1455
2273	1490
-11166	1488
1923	1195
20875	1202
-935	1486
-4288	1480
-2114	1488
3941	1485
-3192	1460
-21804	1477
3083	1488
-22535	1490
12218	1480
-2443	1485
3342	1487
12460	1487
-5099	1486
-1909	1489
6113	1490
-13715	-1226
-3311	1485
-6604	724
11113	1486
6469	1315
11847	1488
6607	1435
4803	1489
405	1486
-12599	1488
-13409	1490
1557	1394
-1290	1439
25639	1394
3536	1489
11887	1410
7830	1477
-17230	1462
-2945	1479
-10449	1452
5727	1480
3767	1413
2236	1485
17399	1486
-718	1485
7797	1485
-4242	1478
7740	1480
-6620	1490
7523	1432
2848	1237
24203	1486
-3477	751
-7107	1469
190	1478
-6103	1482
10072	1449
-5837	1449
-11431	1490
580	1485
-7714	1483
11182	1441
6241	1455
-12075	1427
-9364	1475
-7488	1480
-864	1475
5944	1433
10464	1469
3220	1480
10942	1359
14527	1484
17948	1470
9031	1489
-7454	1425
-7474	1143
-5151	1488
1183	1424
-11783	1468
-6297	-5832
9500	1474
3741	1483
6799	1489
-4481	1484
11317	-20122
7599	1489
7992	1484
-20928	1490
13980	1478
12745	1487
-5064	1481
-11482	1471
-17238	1167
12371	1489
-11133	1483
-7638	1490
-16220	1477
-12329	1489
-4601	1482
-4537	1488
7336	1470
-13339	1486
-8177	1459
-21114	-35
10756	1478
-5152	1288
-598	1480
-3411	1470
-11943	1482
-3610	1486
-4653	1489
4261	1469
-267	1481
-6984	1466
-5679	1481
-4260	1486
863	1488
1273	1456
-8736	1487
8269	1490
-12560	1487
3040	1490
316	1470
167	1489
-21433	1488
-51	1442
13158	1488
1661	1480
9090	1484
9448	1423
9063	1384
7258	1452
10595	1460
-6330	1490
-1073	1437
5557	1487
7079	1447
-5174	1480
12858	1470
2974	1329
9305	1482
-15109	1488
6416	1486
-389	1452
-18474	1476
-1546	1464
-14321	-5206
-3047	1487
-4331	1479
6791	1475
-3967	-23724
-883	1484
11253	1418
-15336	1464
-8552	1490
-14418	1484
-6220	1483
-2119	1486
14227	1486
-5362	1490
-19233	-37279
-7430	1488
-6043	-74887
10508	1428
7561	1484
1984	1326
-597	1455
-5204	1487
3351	1482
9316	1361
-5805	1482
9939	1439
-3767	1489
-6199	1488
-1278	1442
-6666	1490
-20748	1482
753	1490
1557	1466
9780	1488
2356	1488
-5945	1479
7852	1481
26739	1484
-19281	1486
-3306	1482
-2633	1490
-5470	1490
-6265	1481
4913	1452
-22909	1485
7743	1476
7695	1480
-4231	1481
-23247	1489
6981	1428
10841	1482
2372	1480
-8553	1483
-121	1342
1390	1486
-5384	1419
8132	1438
3412	1449
-8276	1487
-5149	1490
-26485	1480
-4186	1487
31	1461
174	1490
11881	1486
-2774	1477
18644	1461
-1735	1483
-6470	1487
-1983	1489
-33728	1490
-12086	1436
3501	1488
-5715	1488
-22216	1490
-1728	1475
2619	1486
7430	1482
8135	-89636
-894	1340
8357	1480
4430	1482
2069	1481
-23399	1484
10347	1416
-18106	27
1288	1466
-899	1486
-12243	1488
-6064	1454
-1040	1481
19478	1355
-23858	1490
-1926	1484
9545	1487
4766	1375
8822	1473
-1940	1489
1017	1488
563	-10218
-654	1474
-15311	1482
4695	-992
2573	1485
6346	1488
3117	1466
2637	1467
-25337	1489
1213	1485
3905	-63653
-1663	1302
-7556	1463
-5297	1484
-8497	1488
14308	1426
5384	1475
-7122	1486
2515	1480
-18202	1490
-2305	1488
3309	1477
18781	1459
20227	1423
14326	1486
334	1465
-9530	1474
-4820	902
1381	1476
8470	1487
4481	1074
862	-84922
-26276	1488
3494	1490
-6250	1122
1243	1410
-2528	1488
10370	1467
-13799	1488
-6169	1368
-7176	1485
2331	1446
-3948	1454
-5047	1489
-1939	1489
3917	1458
16954	1489
396	1454
14518	1485
-2483	1490
-3385	1490
-2817	1466
-8046	1473
8237	1441
-3921	1355
16156	900
6986	1485
8192	1475
15654	1417
-11613	1489
-3802	1481
-2641	1471
4948	1470
-22653	1480
-1136	1476
-10325	1489
-6247	1479
-6036	1424
10358	1484
406	1480
7183	1442
-11067	1489
9557	1488
4100	1473
-9150	1482
-13780	1489
-4334	1468
-10921	1483
8733	-4040
36	1480
-5744	1489
7510	1452
-2967	1482
12969	1004
-2054	1380
3013	1464
6409	1419
798	1489
1404	1478
-25113	1471
12766	1468
4593	1476
9048	1490
11608	1489
-19490	1485
-2113	1260
-8387	1487
-1306	1481
-7365	1487
5791	1476
7689	1490
-6896	1488
-1874	1479
-24	1483
1542	1419
25349	1478
7607	1482
-1094	1475
-10936	1480
-8862	1490
-4135	1465
-13232	1434
2556	1482
559	-57021
-16308	1460
14196	1489
5700	1477
1788	1480
-21953	1483
-4316	1428
-14162	1488
3516	1482
-3098	1482
-927	1476
-18298	1483
3217	1473
-18462	1489
-11203	1488
-4046	1409
1554	1488
-7251	1490
8802	1475
3415	1488
666	1471
-2355	1487
14755	1490
-2267	1462
1221	1480
-11476	1481
1981	1408
3118	1485
3380	1488
2562	1486
8666	1390
16919	1466
1313	1480
1644	1489
-15521	1485
14995	1409
-16669	1489
1441	1488
5430	1484
4074	1472
10664	1461
18838	1358
-122	1480
5033	1489
-10250	1480
-9949	1489
3702	1476
-2932	1489
4379	1455
-6991	1487
-12279	1484
12125	1362
-4637	1486
350	1477
-162	1482
486	1250
17121	1435
-83	1487
-3809	1489
-1775	1456
-3332	1487
-4999	1490
5382	1482
-2210	1488
-10066	1489
-32754	1487
-14385	1490
-7946	1479
-4032	1489
11811	1483
9404	1472
5584	1407
18824	1480
7166	1447
8042	1476
-6897	1485
16643	1477
-4204	1405
395	1489
-11651	1490
3791	1480
10805	1404
11509	1353
-11225	1487
4785	1391
-11352	1485
6184	1486
7159	1456
-3327	1490
5732	1294
2191	1416
-8106	1490
9841	1458
776	1414
1361	1469
-8938	1489
20423	1477
7366	1279
10333	1425
-8019	1489
12262	1478
-19359	1475
4010	1475
5726	1216
21252	1482
-2383	1480
11270	1444
-1481	1489
-698	1487
-3872	1072
8434	1476
8806	1434
2663	1490
-9604	1488
-2119	1466
8676	1472
25498	1403
1207	1474
9425	988
5140	1481
-7554	1480
-802	1490
-1374	1485
-12044	1483
3475	1466
-7110	1486
7779	1480
