11716	1555
-4148	2171
-7733	-2601
-14904	-1581
2700	-633
1023	-1849
3921	5393
-439	6121
-8204	-2615
-3921	-1834
-6639	-2325
-1737	891
7798	-1719
14772	-3348
13688	-1925
835	-2363
-7143	-571
-7939	-2132
3586	-2779
-12868	-2379
-12178	-771
9582	-1335
6035	-2210
5810	-231
-11928	-2527
2372	-2228
-5369	-2023
5447	5484
-16733	-99
7732	-2565
-15322	1902
4397	-2175
10739	-1564
-291	-2862
473	-2259
1321	-1008
-7419	-707
1187	-2260
-4749	7306
9113	-2262
9754	6288
9013	-2803
-3362	3277
-7962	-2339
-2349	-2216
-4438	-1918
-7426	-1512
-4781	-1576
9049	-2542
531	-2087
-2371	-2957
11156	7149
11735	-2970
2335	8617
7184	-1217
8468	5590
1903	-2204
-1199	-1701
-2710	-1599
-8880	6433
-1801	-2645
-12281	-1100
-4062	-706
10803	-2303
5637	5514
11335	-2796
-3715	3149
12499	-2439
-18643	644
173	-1247
-2882	7152
5552	-2707
2961	-3517
-19915	3447
15590	-1802
-8802	416
6887	-1062
-8077	-2729
-4468	-1751
4129	-3547
-13012	-170
6830	-2546
-14951	2134
-5775	-1648
1236	3517
242	-2176
10406	4294
-911	-2266
8135	-2901
5045	5073
2680	5069
-5499	1539
-9726	156
10108	-2396
-1338	-2748
-7730	1967
7326	-2383
-1793	2370
7877	-2110
224	2729
-8081	-2320
-8069	354
11812	764
16344	3405
2881	846
-6710	-1130
12426	-2051
11032	-1982
10045	-2969
7727	-1004
-21156	8547
7260	-2854
-4997	3192
-21213	22578
-3378	-2639
2970	-2642
9825	-2975
-18805	2912
8071	-2135
1725	-2101
-3278	-907
-5410	-1156
11441	-2560
5511	-2734
14227	-1796
-25026	-415
-16174	-815
-13200	456
-19166	2290
2268	-2172
-2736	-2031
-5862	-1892
12077	-2341
6579	-2562
5783	-2914
3253	-2157
5825	-3031
-22210	25647
-5819	6117
-21773	-2129
-15922	1204
-3687	2380
6374	-2554
-5602	-2226
-386	467
6940	-1560
-10793	1852
1750	-2052
-3983	883
-3390	-2233
-18523	4802
-4442	-1067
4120	-1327
3979	-2336
8640	-3024
-493	-2151
-7305	-2319
5076	-2558
-7711	-1112
2051	-2562
12210	776
-12960	-2251
-13771	-2321
-1517	-2507
2072	3334
14527	3858
3037	-1910
-4867	-2549
-7418	-2087
-1555	-2392
5896	-2865
11276	-2311
10737	-1743
2907	751
5643	-2872
6938	-1317
3185	-2951
4060	-2574
7124	309
-8123	-879
-7209	-1645
-8767	-1596
940	-2827
6087	-2751
8368	-2575
-11232	-1959
8512	-2259
511	-1498
5628	-2718
-21481	2687
-3275	-2414
-9981	-1728
-5474	2453
4752	-2952
1376	-2510
-19968	5476
1244	-2311
-209	-3277
11258	-2345
-14541	79
4807	-226
4958	6478
7871	-2328
3706	-2324
-16323	54
420	2609
-3603	-2162
3498	-2631
-7222	-1673
8164	-3013
15630	-2199
8560	-2787
-2919	-3189
797	-2509
618	-1970
-3586	-2575
13603	659
-6691	5473
907	-3006
-29	570
7210	-96
-225	-2303
10203	-1738
7478	-1476
-8023	-2538
-5490	-2680
-4497	-1529
7268	-176
7683	-2580
6953	-771
2788	-257
-38	-981
-2394	-2426
-3604	2213
-9722	-2909
5639	-1702
-780	-2248
-2145	-2394
-11397	-937
10045	-2173
-6745	1355
6320	-2980
1260	-3010
1877	-2229
11627	-2535
12501	-2886
8756	-1824
-3827	-2539
3520	1991
5953	-2826
1824	-2612
4074	-3479
1390	-2946
11079	-2305
-6094	-2804
9596	391
13313	-68
-19558	14545
-798	-2235
-6	-1898
3723	-2422
5309	-3144
1681	-3179
-12089	2513
13882	-2550
8090	-3242
4578	-3311
-5035	-3386
-13156	6262
-4629	-1410
109	-2748
-3348	-357
-357	4462
-15203	-50
10520	6478
12799	-2277
7188	-1951
-11082	-1535
7833	-1760
7008	-2436
-10918	5891
-488	-2841
1419	-417
-5770	-2847
-13736	-1931
7969	-2310
-1304	-2001
5700	-1289
-3451	89
9541	-2158
10570	6301
14084	-2420
6181	-2277
5431	-2424
3182	-229
-7383	-1652
-4753	-2381
13224	5605
6859	-2164
-3558	-2282
8029	-2830
-11268	-2085
11346	7288
-9430	8492
4757	-1764
1314	-1835
4107	-3133
-21679	14023
11940	-2878
4425	-2172
-1916	-420
15174	-1374
-5187	-2254
-16575	-880
-6626	-1942
10996	-3101
2174	-1716
3643	-3063
-688	4329
8816	-493
5313	327
11001	-2185
-8550	8776
-11708	-2452
-27745	18105
-1701	-3171
978	4012
102	-1483
2307	-2183
1786	-2712
-19719	-1025
-1823	-1451
7124	-1825
9767	5703
309	-2380
18182	1162
2702	-2201
6501	-359
-295	-2296
-21536	1730
731	-2199
-8233	-1485
12507	-2598
5409	5635
14577	-15
-19967	8429
-13140	6042
4707	3580
-3931	-1915
1298	-2850
8314	-3350
2031	-1289
380	460
-6870	7
-5586	-2796
-4739	2423
2697	2810
-1083	-2896
-1775	-738
-11490	1124
-226	-2510
-3587	3632
-6203	-1593
4766	-1922
10586	-3267
7981	-2943
12080	-2996
11516	-2531
391	-3140
7081	-1920
-14532	-1525
5359	-2580
-31262	68967
-22561	-600
10713	-2881
4132	-2241
4298	-2956
11055	-2513
11105	-2556
9818	-2160
9209	-1757
-7816	975
3051	-2052
986	6201
-13939	-1446
11143	-1889
-14979	-580
3277	-2265
-2116	-2345
-4250	-2534
9370	4792
-13563	-751
-1398	2834
-4754	-2834
11731	-2826
3778	-2401
11932	-1552
-26389	3704
2791	-3312
-19228	-601
-5430	-2074
2160	1778
12927	-2160
1397	-1655
9566	-2538
-1807	-2161
-19054	-1276
-8117	-1815
4405	-2325
4195	-2803
4062	-1452
1170	-3102
-6121	-2126
-455	-1815
1347	-1937
6462	5853
5057	-2122
6326	-3419
-1435	-189
9317	-2938
7907	-2448
6886	7317
12410	-2029
13474	-2168
-10214	-282
10822	-1873
-7766	8437
-3628	-2195
3621	-2542
3975	-2377
5162	-2553
-18915	5867
4812	-1724
-6233	7076
-1190	-2466
-8172	-2197
11425	6119
3941	-2613
4462	-1905
-102	-2378
-4746	-2392
-16231	10236
-4261	-2273
-14774	-1701
6876	-2164
-4176	-2994
1155	-2340
-7550	-1980
13106	-1932
-28699	17435
9739	-3014
-15085	-1855
12287	-2904
-4477	-1977
-196	-3149
4735	-2062
6480	5553
6363	-1807
4641	-1932
-14889	5621
86	-3303
9735	-3124
12737	-655
6210	-3302
13662	-1867
4487	-2805
1477	-2711
5716	-425
-13842	-365
14421	-2172
-18850	2559
-16923	2583
5421	-1874
-10486	-2234
-2897	4976
4840	-1766
8090	5447
2265	-2691
-10691	-1818
10039	-838
11390	-2560
-9359	-1201
-5704	-3130
-2905	-1953
5288	-1847
-6911	-2790
6749	1319
2213	-1298
856	-2461
13175	-2535
-18685	353
2110	-2178
-2876	-2367
5154	-2354
-20430	7389
7432	-407
-8459	-1967
3463	-3348
11371	1886
4036	-2073
-5527	-1661
8522	1548
3333	-2689
-20465	3650
-4423	-280
-6665	-2062
-9463	-2469
4998	-3129
-7400	2289
5380	787
-9197	-2248
8136	-2233
7196	-2475
-19118	-1583
-24559	10121
-10408	5854
9391	4315
8304	-2603
2389	-2386
-10098	-1227
-7589	-2755
-9508	-1441
-1149	-1997
5659	-2807
7361	-1702
9300	-3024
11207	-1050
-7853	-2791
5852	-1766
-6347	-2762
-2617	-1977
-13490	-1993
-5073	-2567
-18164	-313
7607	-2191
-15085	-53
-6801	-1988
5625	-2990
10391	-1770
15594	-2059
6831	-1966
5485	-2543
14653	-2639
13074	-3788
-12001	7301
2716	447
-9192	-1865
1818	-3199
8940	-2531
5005	-2723
-1632	-2788
10308	-2490
-19565	-1739
-3165	1314
7329	-1978
4438	-3064
-470	7060
6867	4917
3753	-2560
9562	-1070
69358	1305
810	-2531
-2107	-1427
-16580	1336
14645	-2861
6227	-2731
-2579	2044
11513	-1820
3393	-2805
853	-1976
13767	-2677
-3068	-2309
13234	72
20485	-2103
-1493	-2811
6647	-2162
14445	-1994
13033	-3311
-6150	-2209
2847	-2099
-2567	-3001
-7869	-2491
1858	-1071
11746	-1904
-8869	-1169
586	4407
-926	-3597
10189	-3345
-9222	-1197
11958	5858
2241	5683
5119	7162
-4754	-1536
4064	-2384
-3240	-2527
10500	-899
7084	-3306
-14159	-1410
298	-2666
11101	-3184
-15647	758
4222	-2361
7219	-2872
-3360	-3061
-16041	-936
3285	-1892
5666	-3067
16294	-39
-9726	-2018
-1681	5864
5823	827
-19323	-1552
12830	-2947
11158	-3208
-7196	-2423
4039	-1877
-1122	4735
8930	-1647
6218	-2887
-18239	-929
2401	-2642
14680	-1566
13345	1744
12761	-1581
480	-2059
-16238	8584
11566	1593
633	-740
5024	-1707
15552	-2596
-7862	289
12491	-2478
6657	-3339
942	4172
539	5302
4865	-3173
-6326	-1551
-9162	-3096
-13990	4001
-9448	-1927
-8138	-2310
-11603	3707
-12713	-137
10186	-2986
-7595	-2134
-6593	-2452
-6091	6075
6444	-2285
10137	4613
14956	-2384
-14301	7137
689	1005
11248	-3057
10867	-1482
-3267	7385
6788	-2579
2414	-2705
9701	-2081
5473	-2794
4152	2960
3215	546
2018	-2283
4680	456
2308	-2793
-6862	7865
-2942	-1138
-27	-1115
3344	-1694
2414	4440
-5452	-3102
-29819	35507
-26177	12994
9754	-2522
-14874	-1672
8583	-2915
5064	-2700
13364	6365
-171	-2325
1287	-2448
-8601	-1096
12967	-2010
5328	6722
7850	3538
14870	-2810
13028	1683
5696	-2846
7526	6716
-5340	-1768
1142	-1445
8458	-2194
-10981	-1871
8293	336
3072	-2635
1543	-2724
3739	-2598
12975	-615
6883	-2000
-9471	-1917
5373	-2822
4099	-2215
-12782	-1268
15075	-3370
3381	-3250
-19899	-1690
4466	-2609
9631	-2624
4656	-2030
3507	79
-7356	16
6644	-2506
3063	-1916
13107	6677
-4486	-2739
5583	-2893
934	-1089
12141	-2576
-11307	2115
-15261	-1234
-836	-1855
-2882	-2603
-538	-2227
1896	-3060
-19330	6101
-18377	8888
5963	880
5806	7077
8545	-2790
-9512	8830
-14249	-998
4490	-2364
60	-2449
709	-2923
3101	1784
5679	-2674
-14921	-2486
4899	-2876
-2089	-215
6044	640
-1249	-2047
-7796	2976
19839	-2095
2289	-1353
9387	-2940
6458	5337
-5164	-1138
2754	-2477
8567	-2019
-4791	2974
-22303	2740
-7652	-1537
11201	-1747
5902	-3004
1468	-3163
9730	6221
-1307	-1611
208	6085
11962	-3732
8082	-2148
-28092	60841
13132	-2423
7509	-2981
9623	-2436
-8380	-1813
13256	-2931
1487	-2999
2549	-2954
-6983	-2736
498	-2652
6161	-2374
-13193	-1287
-1079	-2030
5441	-1119
-2893	1935
-3210	-3040
-11984	2032
4533	-2519
4397	-2403
2462	-34
-179	-3106
647	-1730
11248	-2033
4854	-3094
11568	-1000
-8661	-2025
1561	-2473
4621	-2194
6743	817
-15793	2026
-21739	38200
-16160	956
-2225	-2838
2705	-1957
9907	-3194
14222	-1990
-7589	-2714
23918	4903
11365	-2824
-3238	-1992
11839	-3775
-1787	-2582
11172	-42
638	-2178
-1809	-2767
7591	-2521
9941	-620
-11159	352
-15136	-1357
10396	-2176
-23057	16860
1217	1626
3865	-2534
-341	-2013
1678	-2558
11149	-3062
-7090	-2316
3630	-1902
-7203	270
4167	-762
-25516	19467
-1677	-2616
-1247	-2067
2997	2659
1647	-1223
2698	-3155
-10952	-2477
10048	-2915
-1230	-2356
1895	-3071
-2201	-2165
718	3459
13682	-1302
4300	5391
-6671	6331
2328	5057
6873	-957
4008	-892
8087	-2631
-9959	-1118
5040	-3080
-3610	-1955
2695	-2889
12746	-1474
11296	-2021
-2508	-2248
-1100	-1559
5003	-2610
-1071	-1214
-8052	2415
8086	-1790
9073	-2656
14052	-2297
-28435	11790
15739	-1051
-4890	-2062
1923	6817
9418	3343
-20968	23031
12405	-1911
171	-2760
-470	-2166
2514	-2349
4261	1057
4808	-2849
6759	-2674
3612	-1482
-2923	46
-3932	-2676
-10698	-2051
-7350	-2820
5897	2775
12870	-2707
7152	-3072
11228	-2966
-536	5306
3810	-1824
6335	5215
-10533	-429
-3212	-1634
8239	-3409
4653	-2898
2234	-1383
922	-2027
15879	7017
-7230	-1593
5222	5094
-1881	5183
10400	-2875
2463	-2272
14449	-3012
-11384	-2117
-28305	167289
-7725	-1087
-13987	-493
-12740	1062
-1524	8255
-6416	-1799
9518	-2253
-16958	-457
4265	-1987
-1588	-2739
-8160	-1390
12365	-2635
-10634	-2565
11474	-2578
3956	162
-2037	6820
-17115	-806
-307	-1419
12167	-2074
6067	-1166
-9999	-2282
13401	-2062
-21967	593
4921	-2786
-7046	-1849
5513	1095
-4841	-2106
-2287	-2340
-14567	-1708
2328	-2589
446	-3072
2450	-2831
5076	-2272
8658	-2939
5437	-875
-7840	-1113
9217	-2012
2057	-1785
-14196	-1452
8753	-2417
-18927	1225
1073	-550
-4214	-2741
2486	-2054
-35605	173013
-8465	-1494
600	6274
3757	-2250
-9947	-2002
-7784	4133
-1224	-1812
5473	997
-2666	-2991
699	-1811
14084	-3100
-6604	-2087
2238	-1593
-2370	-1477
3514	-3309
3847	-2685
4032	-2679
10917	2180
-25571	2871
-4564	-530
-2554	-1398
-2969	-2527
359	-2481
6145	-2511
-866	1443
-10722	6748
-4040	-3211
2837	-1876
6429	-2597
-10598	-586
6318	-1590
-2312	-2884
-6482	-1570
-6210	-1320
7811	-1438
8361	-2707
11072	-2980
-2518	-744
-16136	554
-1595	-2237
13332	-1558
8579	-2423
7746	-406
-8293	-2059
7587	-2416
998	-2402
2624	46
6762	-2366
4817	807
7575	-2096
-8372	-2234
6039	7467
-2000	-2105
-9745	-740
10250	-2389
5116	-2395
-4307	-1077
5245	-488
3249	-2692
10442	-2308
8213	-2875
-2674	-2515
4992	-2772
5869	-1864
-4827	584
-12320	-862
-20480	8098
-19043	10971
9562	1612
4282	-3127
-16234	-1507
4514	-2761
-5593	-1937
-10058	-2098
7577	-3571
8458	-2231
10313	-744
-16510	-279
-7506	-3307
-1032	-2835
-20224	3499
5118	-2992
-770	-263
4978	-3030
-12319	-1973
1220	-1975
11903	-1213
-5768	-1265
1068	-1954
14039	-2702
-2499	-2478
-5329	-2115
-4224	-2577
6460	-2266
6701	2062
12221	-2220
-3163	-79
3549	-2996
-4886	-2115
11175	-2330
6676	-1967
-26125	9339
12057	-2541
-1176	-2421
-13115	921
8088	-3489
-7807	-2414
265	-1839
15897	-2059
4682	-1459
-8862	-1647
18189	-1792
6815	-2414
-11837	3821
-344	-2958
4996	-1442
2071	-3894
2358	-2617
9359	-3107
-11013	3385
8513	-1162
-16729	-981
-12732	-1630
6627	-2510
9907	-2295
2005	-272
9611	-3106
8165	-1155
8770	1346
-10619	-2306
-12518	-867
6759	4595
-22097	1092
1400	-2369
-4061	-2208
6393	-2170
5898	-411
3754	-1375
3693	-3655
4809	-2724
-7774	-1724
-746	-2522
11185	8170
-11692	-2447
-5293	-244
-1060	-2268
-15357	-396
-5547	-2370
6978	-408
7903	-2243
-16447	527
4947	-2369
-4818	-1462
4101	-1956
-882	-2489
4797	-1452
-6296	-2735
4973	-2251
10950	-1443
6478	-1295
1386	-2203
-6382	-2099
12795	-189
-10539	-910
-5633	-2281
6626	-2640
7889	-2991
2303	-3076
-1208	-2377
1934	5988
10220	-2625
-3174	-2083
-10290	-2086
7612	-2068
15063	-183
-26632	7796
11677	3134
6650	-2484
9257	-1550
2191	-2201
9325	778
8044	-3080
6121	193
-14126	1889
-15411	-670
-8620	-2183
-14369	-3258
7520	-2272
-8779	-2545
3069	-2708
-1489	-2425
12620	-2690
5376	-2477
1153	-2530
-5077	-1410
-7095	-979
-10190	-688
4263	-2947
-6270	-113
2629	5913
338	-2949
-6397	-2640
7213	-2517
-10580	800
7068	615
3654	-2994
-27032	39390
5055	-1337
-1687	-3304
-15414	-154
9019	-2825
-14399	-2018
-13945	-1550
2035	-2609
3559	557
14443	-2714
11954	-984
1901	-2028
-7452	-1809
-4822	-1971
9315	963
-771	-2587
8957	-2730
-2846	-797
6180	-2095
11967	-2686
-2889	-1417
10694	-1298
1151	-3149
1923	-3405
-3645	-132
3056	-3068
9109	-2485
-10526	-2472
11874	-3097
8344	-2219
-14790	1251
3149	-3235
-5803	-1479
-23137	4806
5209	-2330
8872	-1203
-11453	-2020
1058	4460
-15154	-2199
5192	-2472
-6238	-2044
-1122	-1730
479	-2663
-29	-2182
-81	-2258
-8425	-673
-7973	-2269
-2703	-2322
-10503	-830
-26101	1892
-9270	-2557
-10973	-406
-17146	212
2622	-2797
9549	-3753
7262	-3040
9243	-1625
-1470	-2636
-2541	-2671
-12333	-2332
11909	5520
-5873	-649
15398	-3067
5188	-2446
12012	1159
-7708	-1507
-2936	4895
-13271	-638
4184	-1990
6702	-2940
7469	-1436
1246	-2401
8777	-2548
-12156	-1385
-10136	-704
3854	-2288
1688	-2304
-22	2680
3348	-2428
-10567	-299
11611	-2751
1607	4449
6036	-1896
2545	-1853
2681	-2371
-12076	-2573
-8208	-649
-9697	-1688
10790	2616
-9589	568
-6660	-3015
8869	-2771
-6896	-2569
-208	-1363
2342	-322
3499	-3374
1765	-1835
11138	-2645
-3860	-1005
-1934	-2214
11370	-2722
-17287	4084
-11251	-1311
-4986	6395
8197	-2314
7694	-2535
69622	4978
10423	-2730
-16755	1127
-12239	-2165
-284	-2619
8294	-2183
9170	-2345
-25547	9059
-149	-1941
5253	-2663
-17170	-68
-11187	-1474
8688	-2849
9571	-2599
11851	-1070
1958	-3200
6136	6758
-745	3142
-4354	-1896
2243	-2797
73	-79
-7636	131
-10500	-1087
6856	-2187
2553	-2320
-2637	1297
-4905	-1552
-29819	40649
-7676	-1363
-10289	-2223
-2515	-2860
2144	-2051
-11265	-2138
848	-2398
15950	-2583
-8059	82
4368	-1041
-666	1073
3433	-2710
5300	-2949
-4331	-2417
12399	-2902
1176	-2906
6200	-2620
-5314	-2316
-2804	-3467
-5973	-1910
-3203	-2954
-15202	104
8939	-1051
7587	-1119
-2770	-2763
8985	-3087
-13034	-2284
-2138	-1580
-22164	2885
-2937	-2911
12138	-2334
582	-1948
6596	-2376
9324	-3299
39	-2515
-16454	-1997
6517	-2576
17903	719
-1308	-1281
-7335	1095
-3753	6721
-14990	5605
-283	6998
-5763	-2332
6333	-2403
3598	-2718
-20494	3436
-4188	-2514
9647	-2751
233	-1977
-4730	-1159
-10929	211
5796	-2126
-211	-2852
-1703	7178
-5326	6743
11338	-2794
-958	-2749
-10802	1623
-3863	4276
-20178	2203
5222	-2821
-10736	-1303
12451	2095
9418	-2258
-6965	-1877
11470	-2687
-2497	-2013
5081	-2911
3343	-1497
9740	2350
1154	-2041
-846	-107
6994	-2175
5086	-2331
-6499	-2571
2433	-2635
-13410	612
-10676	-1156
2951	4977
-3770	-2696
-2710	-1633
-5337	-1894
-20868	3136
5029	7107
-18847	6263
8445	1552
7362	3035
-6755	-1258
11793	2828
3557	-3167
-1082	-3239
12047	-2874
-2581	-2820
15067	-1830
4726	-1991
8635	-2213
12559	-3172
814	-2681
6355	-2983
-8286	-2165
9379	3232
-1751	6289
-4072	6261
-14878	-888
-8049	-2234
-16120	-917
-3868	-2165
10784	-2817
10275	84
1464	-2505
2568	-2888
6206	-2970
2555	-1065
-39203	87417
7476	-3037
-11046	-2538
-1407	-2922
-268	-3013
4434	-2342
-340	-1677
10184	-1864
12921	-3710
-3169	-854
-741	-2332
2449	-3070
5843	-588
-6118	6737
7524	-2478
4758	-1789
-956	-2856
1837	-2170
5997	-2152
-2448	-2659
-2927	-2812
-4029	-892
-8176	-1511
4467	-1336
8945	-2618
-3164	-2536
-6220	-2344
1798	-2453
-2975	224
10351	-3242
-3856	-878
5636	-2673
6138	-3044
4260	1585
5684	-2596
-4499	-2286
-2982	-2660
-9672	5650
-2804	1137
419	-3175
7015	-2481
6573	-2140
11232	-1252
8720	5775
478	-1975
-14829	-1242
17043	6037
8673	-876
-2935	-3357
-21398	7260
-6416	-1855
-3927	-2288
7898	-2565
10658	-2573
6418	6082
11285	-1654
5139	-2368
-5237	-1889
-7756	-2035
-2981	-2964
-1818	-2248
-9962	-928
3081	-2437
-162	-2031
3244	5163
11707	6555
-389	-2303
-17236	-245
-15276	-782
-19908	4393
7599	349
-8144	-2323
10239	-1954
-21421	1335
4042	-2355
-17789	-522
3699	120
7822	-2356
14804	-43
1570	-1571
-9457	-2145
5973	-2850
16026	6606
-20260	2122
392	-2518
6621	-783
2756	-2989
-10929	4859
11031	-3619
13104	-1962
-762	-2159
-3720	-344
6414	-1799
-17328	-340
-10244	-1374
6155	-3167
11280	-2479
-10675	-1769
15819	-2162
-1307	-2241
-1020	3911
-5423	-801
1903	-817
11679	-2549
742	-1740
-12971	4723
-2306	-2191
6537	-2238
-14453	-1398
4445	731
3118	7501
8703	-2590
-3467	-3096
11902	-2647
-2528	6802
11092	-2608
2914	-1549
2249	-3062
9593	-3943
5574	904
-13339	5005
9360	-2082
-1230	-1771
-5942	-3363
-10854	-495
9798	-3213
-3555	-1092
9857	-2666
-12022	946
6645	-3062
6293	-2226
-8872	-366
-22462	325
2383	-2139
-12683	-2173
-7058	-1978
-3252	-2253
3406	-2268
-2929	-2512
-7918	-1588
8945	-110
527	-2461
-4656	6804
2692	-427
96	7006
-15481	-1781
-4984	-1306
9059	-2314
4870	4660
1042	-2825
7469	-2462
364	7319
-6901	-2286
-2805	-1339
8072	-2794
553	6203
10195	-1730
6456	-2288
-16582	-2198
-11741	-1031
1774	-2141
5398	-2786
-17280	-1969
-1282	-2635
-265	-2416
9451	732
5763	-2734
7698	7685
3829	-1543
-20330	9200
7429	1399
-6495	1732
1331	-3116
-2925	-2668
-1191	-1371
2431	487
19510	-2041
13469	-3339
-3207	441
6538	-2449
-2071	382
2109	-2604
6704	-3461
10701	2002
8227	-2915
-2398	-1151
-2337	-2309
4678	-3603
10854	-2446
-16212	-973
-1766	-2706
-10394	-2067
-35680	45990
4761	-2948
-2803	3644
3909	-1951
3252	904
5190	-3231
3376	-2126
8678	-1571
15645	-502
-2148	-2046
-20273	-1102
5910	-151
4643	-2825
-8602	5929
-3598	-1486
-19798	-593
8649	-1188
-2271	3083
-4626	6974
5294	-482
12556	-3400
-4041	-3026
13823	-2008
-18586	9470
5845	-3427
1274	6877
-14860	-1119
9973	-2671
10351	-2379
-6037	-1629
12031	-3305
4448	-2530
4245	-1633
-4164	2405
-2559	-2904
11155	-2550
5473	145
12588	-2861
7379	3146
3714	-2032
-10560	-1636
-6485	-1483
5065	-2031
-11	-2263
13847	-3414
5158	-2732
2801	-2532
3469	-384
6384	-2790
-10520	-1527
-2880	-1537
-5616	-771
-29199	21092
196	-1446
4068	-2907
1152	1379
1390	-2562
-2645	-2124
-27258	5120
59	-2300
11276	-2935
-6845	-1556
7136	-1542
10359	-2207
7561	5626
8823	-3194
-19472	5309
-5471	-2995
-27040	16296
-16970	6050
7317	4773
1622	880
1650	-2325
2825	-869
-16964	1999
802	1186
16677	-3299
-6916	-2303
-5513	-2212
-132	-2668
-4946	-1226
-12746	-2100
-16640	6106
10166	-2093
-3090	-2061
1297	-2958
12794	-1294
6815	4868
-7437	2189
2731	560
3722	-2752
4444	-1085
-17836	1223
-5543	-803
509	-2035
1123	-432
-17679	-1331
11697	-2603
-4820	-2122
-9435	-3046
-8632	-1745
-23702	1444
299	-2466
-7531	-2075
4639	-1819
15242	953
7963	1631
-1387	-1174
-11746	-1711
781	4998
-20525	4852
-4462	481
-15058	-1050
12175	-2725
12624	-2552
13907	-2350
-7444	-1772
-11956	-1514
7697	1330
9847	525
-2879	1809
241	-1675
-7622	-2073
-14874	-1801
458	-3122
-6219	453
2662	-1464
12808	-2854
-3568	-2275
-10694	-2906
-231	-2464
-16832	818
6808	-2093
-12724	-313
-19210	-1695
15959	-2162
-4235	-1339
8948	-2001
-7897	-2581
898	-2797
2081	-2554
-9824	-1997
-4452	-2572
-6370	3564
293	-1478
1841	-564
385	-2045
6410	842
6656	-3127
9118	-2977
11230	1587
-1473	-721
6961	-2537
2956	-336
-68	-2421
-7236	-2248
3321	6411
11359	-3099
-11131	-2600
4046	-2275
-5399	6502
-7223	-1811
-4969	-2259
5552	-861
-6846	1421
-4926	-2782
-195	243
-2309	-2026
1258	-2736
1303	-2784
5960	5279
-918	6132
-9169	-1476
6594	1070
-7598	-1888
3093	-3186
-7286	4498
-7377	6614
11091	-3022
-1420	180
-16347	5420
-3981	-3079
3704	1741
5497	-3280
-5763	-2324
3900	-2507
4603	-2799
-421	-2190
632	-2455
2861	-2495
-3341	3535
3877	-2174
14817	-2411
-7996	-2076
11238	-3213
-16432	-975
-2793	-3321
8001	-2823
-1234	-41
-4996	-1907
-592	-714
-20781	8630
-11956	-599
-3105	-2039
11565	1272
-9923	-2211
8232	-219
4119	-981
-13494	-2123
-7667	-686
6262	-2258
-3498	-3089
-22388	10674
-9496	-629
10684	-1591
8696	-3191
-23458	632
-7413	-696
7415	-929
-13113	-2029
-19239	-186
-5161	-306
-347	-2597
-18488	1887
-4573	3816
7897	-2250
2908	-2011
4731	-3355
7436	-1265
146	-2713
2801	318
-781	-2467
-15296	-2016
4808	-2132
-1343	-2916
7451	-1787
-11897	-2762
10405	-3362
-8722	-1370
15072	-2514
-5019	7037
5780	-2749
-5368	-1300
5816	-595
-19624	11260
-13715	5141
5586	-2577
6446	-3311
-9585	-2215
1408	-2523
-8000	-1462
11204	-1246
5067	-1948
10229	-2719
7819	6699
2196	-3630
-12029	-2208
4994	-2531
13005	-2681
12419	-2626
-13131	-2271
8655	-2015
8128	-2986
6227	-1862
-13269	-2250
5520	-2417
7700	7213
3992	-1563
6058	-1961
-32946	145656
-1210	-905
-21560	3536
-7904	-1778
2303	-1256
7742	5219
-510	-494
8519	-2425
10344	-2720
-3873	-2839
384	-2282
5007	-2172
-6432	2567
-13802	-1640
5072	-2143
12875	-12
6927	-2589
13511	-2520
-1654	-2418
5333	-2818
4480	-1384
4667	1538
-14799	-786
1982	548
-16	407
1506	-2651
-1677	-1766
12280	-3000
-344	-2489
3546	-2777
11691	-2140
4525	428
6758	-1988
4445	-2954
2628	345
32791	-2127
10386	-1554
-25536	2136
-4050	3138
14860	4930
7392	-2420
-9239	-2335
-1405	-2150
2218	-1888
-4138	-2240
7145	-1029
8590	-2248
9155	-3239
-20601	1940
-864	-2980
397	-1476
-4969	-2528
7318	519
12395	1401
-4145	-157
-14626	-1597
-17340	633
-4587	-2505
7746	-1127
6246	-2598
-33633	40662
-12086	-1229
9490	-2429
5743	802
-15034	-1766
10962	-2716
7483	-2093
13461	-2855
-17491	-21
7788	-2237
3218	-1046
-24243	4620
6448	3864
6470	6417
-2160	-2224
1858	-1942
-665	7021
-14621	1002
-6366	-2563
4457	920
1815	941
12418	3720
-397	-1881
2926	-3005
-20372	12354
-3420	-1803
3790	-2838
-3414	724
-3669	-1995
746	-2476
7239	-2609
-951	5627
-6534	-1229
5509	-2139
-35	-717
-10510	-1400
10280	-2742
-5251	-3192
-1456	-1008
14586	-2044
-5137	40
-1859	-2098
9892	-2265
-19228	-1521
7970	-3140
2447	-3441
11542	7416
2950	-3285
-605	2097
542	-1272
-7329	-2270
-8482	4769
1760	-416
9936	-1790
13821	-2819
9560	1314
11455	-1910
-12368	7051
13265	-2015
-9821	-1855
-2440	4334
7486	-2036
-19411	-1596
5578	-935
5018	-1949
-3021	-2700
3317	-2550
-816	-395
8253	-2529
4282	-3221
2935	-3597
1430	-2398
-2707	-2954
669	-2889
-1249	-1890
609	-1915
-183	-1131
13808	-3284
-12121	918
-4956	-2490
-6441	-2318
-5321	-1623
-8717	4438
7237	-3709
-1710	2212
-29971	76426
5231	-2760
-8963	-579
-4916	-2325
12619	-2759
4628	-2744
-6602	-2377
-4956	-1560
-15926	-39
-4584	-2517
9383	-1854
5983	-2511
-6667	-2391
-3869	-2764
7926	-2880
-5123	-2062
48499	-545
-2489	-1752
3922	5416
2143	-2112
557	-2995
7013	-1737
11357	-1190
3150	7379
6457	-2476
-13158	-1691
8867	-2461
7926	-2501
9000	-2994
12021	-1987
16625	-2457
9219	3007
3862	-1301
6939	262
-29192	179789
10550	-2501
-2913	-529
942	-2781
-24375	1768
-7743	-2654
7057	-2700
-6487	-633
-9648	3563
-1734	-2294
1379	5460
6545	-2001
10978	-2721
-7637	-1833
-7740	-1422
7762	-1869
-34111	210063
5651	-2242
2161	-3053
8815	-1674
-2955	-2358
-13462	-2130
-2718	-2077
1177	-2153
1368	-1179
2765	-2125
3844	-2617
10512	-1729
1546	-1816
-14217	-138
1389	-2216
-11207	-1359
13703	-2565
9283	-2992
14480	-555
-737	-1936
-1303	-1175
7217	-647
4392	1062
-10664	-1523
-14778	-2779
10257	-2263
6854	-2806
8214	-2830
12214	-2534
-35551	205228
8781	-1545
3095	-2492
2300	1805
33556	-197
-1498	-2784
575	-2721
-248	-2388
-3905	-3248
-3779	-64
3787	-2768
7236	-641
-9097	-1476
7299	-2986
8342	-2060
1097	-1079
13564	-2138
5789	-2515
5565	-2598
-3086	-3275
1225	-1471
-1229	-3115
-6268	-2353
-6954	-1855
-18215	-1158
-4145	-2249
-5457	-1166
-14354	-1315
295	-378
9700	-505
9004	-2248
-12335	-1779
6657	-2539
8039	-2732
6857	-2570
19782	324
12348	-1781
899	-2258
17730	-3286
11633	51
1657	-2872
163	-313
-3811	-2471
260	-1199
-9127	-2325
8384	-2622
-12181	2547
-13968	3319
14929	-2008
-26882	295
-2754	-1655
12862	-504
5912	-3184
1135	-3070
6639	232
5266	-2895
162	-2612
-2159	5771
6238	-2154
-27813	26501
-2286	-549
-18331	-158
-675	-1708
-14083	-218
8265	-1563
575	6928
633	-2664
-5392	-2927
4201	523
-3310	-1768
14354	3458
-9341	-2025
-15478	-1885
-4103	-626
-12131	6290
15169	-3093
7446	-2115
-454	-1881
9374	-2633
-8457	623
11842	-2500
5032	-702
7900	-2360
9604	-2288
-20162	-2667
-1754	-333
14067	-2572
13130	4143
2168	-2400
9590	7547
-10843	-533
11249	6853
14091	-2878
11950	-2092
2910	-2561
8357	-2341
-3893	-2009
447	-2702
-9573	-2339
3406	-2400
-11592	-832
4987	-1816
-1558	-1481
7009	70
12855	-2598
2897	-1510
-3930	-1877
3841	-2106
15602	-1242
4210	-2887
-10393	-2234
-1181	-2200
3932	-2832
-2370	1188
-1318	-1354
15104	-2441
-2359	-2569
-18330	-1452
9509	-559
-7624	814
12160	-2784
-12240	-1239
1799	51
15009	-2602
10017	-2289
6167	-2605
-14930	-1595
11494	-2234
-9541	2015
10636	-3039
-4763	-2481
6324	-1752
3025	-2117
15472	-2674
-8603	-1859
-12058	6036
4535	4861
5730	-3023
12935	-226
-10251	8603
7564	-2287
-10676	-1821
5005	6095
2478	-1410
-370	-3299
2012	-3500
3368	1469
-12835	5151
-17315	-1533
6916	-2598
3470	-2083
11893	-1371
-3947	-2383
-23613	5320
-2425	-1912
8030	6837
-19088	1960
15264	-3129
-24746	13687
-7286	-2586
-443	3870
5356	3614
-4964	557
15085	-2477
3224	-2673
-17103	883
4202	-3309
-18293	-323
7857	-1347
-17363	-1429
-1911	1477
-18591	-1633
-5543	-2186
5258	-2120
13815	-2498
11709	-2081
-10525	8761
724	-2071
12857	-1815
-14906	-2691
9703	-2610
7224	-2017
-9350	-396
3018	-2587
7194	-2106
-10817	-2393
5633	-1325
9643	7614
-1081	-755
6286	-1866
-7913	-1386
7583	394
-18176	3035
-17671	-1228
-2747	6852
-7156	-2482
-7102	-553
-14985	-1205
-4354	-2365
-14970	10593
6078	-2913
-2974	-1903
-24835	8448
-9394	-2019
5502	-1780
-5690	-2418
7024	199
-9914	-2061
-12183	-1677
8447	5813
-19744	1579
7184	-1830
3890	-1809
14012	7618
1850	-2599
-4460	-1975
-12021	-2672
9001	-2176
4535	-2265
3724	-2778
3053	-1794
-3803	-636
-10074	6230
-6303	-2048
5152	-1937
5278	645
4269	5667
-8211	-1647
-13021	-391
12579	3590
3253	-2301
-9823	-1645
2848	100
5622	-2430
-3329	-1962
13937	-1234
9887	6243
-1431	-2274
-12475	-1523
-9064	-1361
-2214	-3377
2578	-2104
-5032	-413
3590	-1331
3136	-2954
6615	-3405
2022	1006
-4111	-1686
9225	-2670
-8574	-3319
14325	-2902
6406	4126
-9265	741
-2634	-2279
-4376	-1155
-20621	-863
9630	-2656
2293	-2356
13549	-2725
12153	-3017
-14760	-1439
10171	-1136
-872	-2592
2243	-2667
-3674	-1005
4775	-3160
10743	4577
-11975	-1330
-13985	-63
-3360	-2108
6771	-2322
7275	-1391
4624	-2388
7934	-2304
-7801	-2041
10580	-1932
-6922	1508
5808	-2314
7900	-883
-12015	-308
-1586	-2941
-13982	-1370
-295	-2265
15505	-1886
-7674	-1629
7241	-614
-29349	17813
-6404	-2495
-6871	-1530
689	-2004
-9079	-191
9963	-2705
4951	-2079
8931	-2085
-10864	-2308
-4685	-2032
-1486	-2927
5424	-3714
-297	-2897
-986	4704
-1914	-2306
363	-3401
-3425	-1854
6571	-1451
9282	-2711
5935	2906
12821	-3425
6724	-2983
5445	6907
-464	-1791
4154	-2797
3362	-2706
-2290	-2799
2519	-2457
10407	-2738
13202	-2800
14461	-3043
-6957	3595
-4526	-2994
-3011	617
7535	-1879
-5778	-2577
12370	-2996
11604	-2917
6765	3143
6962	-3243
-499	-2316
10953	-2254
11119	-2246
2001	-2197
-2533	-2271
-9970	-2067
6946	-294
13353	-2177
18880	-1877
11476	-2617
2658	-2663
11062	-2523
-1143	-2023
-2921	7560
-13822	-1101
-9321	-1208
11498	2739
-5677	-1793
13185	272
4434	-2270
1514	-3275
13041	-2930
10898	7216
-7565	-1885
1469	-1252
-11151	-2799
6927	-2383
5151	-1748
3054	-2944
2536	-1298
1448	297
7210	2624
13465	-2256
7297	-3140
2266	-870
-4952	-2533
7345	6000
-1438	-2407
2580	-3417
12079	-1429
3852	-1909
4535	-2703
6022	-2971
-8460	3145
-12197	-890
1597	-1688
11643	-807
-1669	-1297
10042	-2121
2375	7517
9951	-2954
6093	-1148
4704	-1183
2311	-1476
388	3258
-9289	-858
-29141	19528
-5215	3586
861	-2517
218	-2717
834	3406
4857	-2559
-4848	-1523
8654	-2180
-7350	-2292
2051	-2338
-15843	-498
8524	-2234
3257	-1895
9922	6580
7488	357
-2756	-2435
10683	-2073
5312	-2658
-10129	-2189
2852	-703
-4379	-819
8209	3868
8217	-1744
9621	-1693
-9401	-2069
2281	1046
-8263	-760
-6711	3800
2657	-3229
-14314	-1274
11652	-2254
13190	-2897
5321	-2284
-3415	-2229
-15619	7896
9785	-3189
11619	-2525
-972	-3092
-1032	-2070
2628	-2525
-7557	-2384
-1489	4066
3607	-3085
9288	-3035
277	-2460
1570	-2076
15676	-3111
-11464	-2816
5322	-3024
2023	1702
-13581	-63
3980	226
6835	4065
-16870	3771
8370	-1564
-13842	-1853
13028	5005
-8768	-1548
-13904	-1142
-4740	-2465
5840	-2299
6582	-1942
11424	-2111
-12602	40
-11342	-2003
5359	-2311
8969	-2798
-2534	-1941
4589	-2148
-13508	-2336
-246	-1850
-6378	-2863
2504	-3512
-7873	253
-11956	1652
9506	-2694
2817	-2367
-3115	-2205
11812	-63
2499	-2414
2415	7347
12151	-3733
5426	-963
-13069	5839
8460	-2085
14431	-3015
-3521	-2740
-1886	6468
-6886	429
-6423	7906
1134	-2760
-6252	4306
9827	-2803
11471	5991
-2438	5098
-17396	7907
10774	-3047
4330	7305
13362	-2372
5843	-3126
242	-2028
3267	-2269
980	-2708
-7789	-2283
-5800	-1214
-18526	6122
2419	-69
-10146	-2701
-11236	-1320
9052	-2558
-6187	8005
-7152	-1626
15968	980
-4141	-1671
9872	-3276
-27094	1345
7508	-2203
5383	-389
1205	-2303
5194	-2330
-3058	-2341
-2945	602
-26272	10407
-8551	-3049
-12775	-1034
-8022	3838
-13548	-622
1314	-1721
-9316	-921
-9733	-1721
10789	-2846
-16359	1000
4069	-2781
-14215	-1293
3410	7022
1571	289
-8634	2897
6931	-2175
3974	3237
11858	-417
11048	-2616
888	-850
378	-1890
854	-3342
-5602	-2494
-5077	-2469
12121	-1539
-11760	-1322
-4620	-2444
2448	-2402
8811	-2167
15678	-3029
14818	-2083
-472	1809
13176	-293
3146	-2016
2511	-1794
9166	-2259
613	-2056
-854	3407
-8139	-1928
3271	-1732
-10212	-1582
7991	-1630
16186	-2437
8337	-2370
-11171	9546
13730	3294
11610	-2409
-9299	503
12648	4744
-9062	-2659
-4145	-2529
-5000	-3129
-5406	-2038
7869	-2733
-4663	-2293
8770	-2638
9171	-1826
10289	-87
17584	-2773
-6790	-1424
-28030	88510
4354	-2553
-7806	-1683
8867	-1058
5730	-1338
-11533	4267
4912	91
-6666	1438
4997	-2947
6083	-1925
-6031	-2073
-13593	373
11525	-2417
-19109	-206
-10972	-196
7360	2457
8757	-2438
12322	-2418
-22706	8581
-20578	4844
-3846	-1739
7324	-1990
-10372	-1932
-3382	-1699
-15594	2385
9661	-400
3189	3445
651	-2056
-141	-1909
-3674	5575
6818	2147
-16447	964
-30110	24832
9875	-906
8973	-3337
1711	348
5158	-2426
-4882	-537
6818	-1046
-29019	49931
-6076	-2810
7321	-2359
2281	-3384
-17039	612
-2850	-1223
-11242	-1658
3096	-2452
7136	-2550
8926	-3197
-20010	-205
-12656	-2495
6847	-1753
9388	-2634
-3885	-3452
-14724	4059
-1844	-2128
-11273	-2008
-518	-1626
-21703	1338
9587	-3316
5655	-1006
-4384	1508
-3484	-1955
-7564	7336
13583	-2756
-22467	7435
-2988	-2915
-10521	1658
559	-2805
16601	-932
-12587	712
-15847	-1975
4745	-3636
-4640	-2830
5988	-1090
-24626	4610
-7100	4003
-1107	6814
-14277	-2451
5185	-3113
-10611	-2232
-1989	-2647
2081	-2300
-5625	-2141
3607	5792
7535	-2853
-2125	-480
-2856	-1769
5304	-2031
-11013	3442
-11183	-2173
-13150	-861
572	-1972
902	-2110
9984	-1542
-7262	-2592
-20617	6253
-6700	-1543
-15629	-2617
-16390	3082
4538	254
1812	-2866
-6949	-1512
-15003	2140
11401	-1998
6190	1957
12675	951
3309	6618
11360	6978
1514	-1593
4442	-3511
91	-2257
9350	-1748
-2520	-2137
7416	-2477
-532	-2528
-40024	198678
-834	-2040
-6933	-1243
-9540	-2816
5969	-2433
-2191	6233
4592	-2198
9053	-2668
13430	-2531
15914	-1667
12676	-2305
-16281	7706
-997	6255
-62	-2531
10158	-2537
8575	960
-7870	-2041
3328	-1953
2194	-2311
-1538	-2108
4201	-1190
-5589	6603
-879	-2681
5495	-2290
-10870	-2209
4237	-3191
-5389	-2588
6960	-2358
1104	666
10325	-2702
994	-3134
-513	-1146
8534	-2732
-19473	541
14621	2154
3276	546
-11877	-2496
9199	-2335
368	-2819
4850	-3479
17140	4413
4960	-520
4082	-3976
-1772	-740
9055	-1704
3535	-2469
-3237	-1828
11851	-655
-94	-3019
-13444	-820
6883	6023
-9029	607
8920	-2962
-6445	-2601
7101	-3089
337	-2226
7744	-2476
1874	-1924
-6193	-2696
4138	-2992
8887	-2504
-7360	-2776
6823	-2578
10767	6997
9549	-2775
4754	4171
-204	-1132
-6794	-1450
-1647	-2183
6809	-1207
7588	-2050
15249	5177
-6699	3565
5999	-1917
7742	-2725
-7103	-929
70771	-2383
12436	1499
-13329	-1034
-4531	-935
588	-3199
-507	-2804
9210	-2790
1399	-2601
6794	-2625
-31659	57372
330	-41
-16974	3063
13762	-2337
-2095	-3162
-2547	-313
3901	-3178
12896	5742
-35499	138023
2131	2837
5406	-2675
13218	-2790
3123	-2401
9450	-1884
10489	6160
-20086	1308
14801	-2380
6877	-1454
-8858	-1461
5996	-2912
-21116	653
3831	-2526
7289	-2094
9676	-1886
12933	-2715
1092	-2647
3988	-2564
4959	-1758
-11855	-2213
-8648	-2175
5867	-2764
-503	-2969
-1609	-740
-10675	-1379
4003	-2467
-8378	-511
-5915	-101
11955	-1561
-22272	1467
13694	-328
-16574	-1828
5752	-2339
1260	-2296
9937	-2071
6716	-1442
8982	-3075
-17543	-601
-12490	-1037
10562	-3119
-2921	6325
-5627	-744
-10463	4775
1841	2661
-661	1374
4437	-1996
-10239	2170
-4085	-1111
11606	-1276
-7093	-2566
6355	-2442
4461	-2037
-2310	-1772
-5307	-737
-5859	-1351
-9360	-2718
10118	-2515
3723	-3330
-11501	-2077
2566	-3417
44	-2763
9126	-2515
-13697	-2149
-67	-2932
1691	-2135
6270	-3505
7128	-2452
8554	-1297
-7350	-1197
-729	6703
8905	6411
-10457	-2270
12753	5056
13954	-2892
5165	-3174
7854	-2969
3845	-2664
-8165	7833
493	-3269
-3834	-1470
10599	3176
-7205	-1896
-8136	-2153
-5031	-1068
5865	-2655
-4326	-2438
4987	-95
11761	-2633
-565	-3020
-5203	6025
1793	-2401
9408	-1749
10507	-1173
-11346	-1179
11179	-2725
5170	-2401
556	1921
5865	-2796
9575	-1945
10026	-2134
-13313	-477
-11844	1209
12583	-3200
17007	-2947
7646	199
-21046	-2057
-4638	-1925
1933	-2010
6124	-1803
-13468	-20
8558	-614
-16704	-83
1092	-243
1256	-1221
1844	-2443
-13527	-1673
5461	-2476
8761	139
76	-2225
2250	-2041
4747	-687
3423	7078
2541	7405
-1314	-2116
7314	-2439
5341	-3172
-1343	-2886
-2359	5125
-20677	2800
-16711	1482
-14242	-189
17449	-2062
-5147	-2592
-18183	-2498
-856	5795
-6557	-2742
11677	-2402
-2497	-2475
-9556	-2543
9385	-3536
-9071	8932
8093	-1412
-5655	-2439
17231	-2379
2432	-2939
-14739	1490
-7860	-1290
-21670	5050
-20683	-1102
-10099	4700
2611	-2797
7955	-1904
4096	6770
-861	-2264
-3787	-1538
7328	-1868
14100	-1768
-6598	-2253
1015	-2135
-4032	-3052
-11753	-2278
15727	-2750
8550	-3542
-15261	274
11268	2372
-22055	15273
6499	-3024
-8997	178
4786	-2440
7320	-1591
-17413	187
5241	-2226
4619	-1885
8437	3601
-13984	-741
-6487	-2248
11630	-2357
2369	-1685
14928	-1060
6533	-3319
9800	-3296
-882	474
-11493	3306
2	-2463
-15671	1010
11061	-2037
-413	-2605
-11949	-1972
-1463	-2999
-23113	4137
-1011	-2928
-6939	-1333
-5681	676
1740	-2805
-14055	-903
4693	837
13707	-2576
-24	85
2037	-2048
-6798	-477
10093	2348
6925	-2675
5010	-1078
3822	-2652
1830	-821
-9376	-1356
-1368	-861
3260	-1990
11224	-3440
1697	-2428
5130	8513
-5524	-1759
-5243	-1942
1499	-2267
10340	-1802
12429	-2620
-9319	6631
407	-2635
2621	-2400
5274	1183
-9665	-1984
13425	-1986
2285	-2655
1466	-2544
-41162	189149
-5390	8234
10680	-3101
5818	-3155
1512	-2119
-8098	-1775
7318	-1497
-1780	-2008
-15363	-1866
-3603	-2991
-11942	7283
-15868	-2424
-8714	-2262
-2050	-2068
-524	-2204
596	-2296
1760	-2422
-4718	-2044
13310	-2320
13352	-2030
11328	-2303
4020	-2421
-4107	-2814
8818	-2673
-12270	-1485
-16677	8893
3833	-2741
11923	1113
3966	-210
139	4905
-4802	-2341
-11161	246
-13916	-1587
10988	-2284
5534	-1593
-5949	-1874
715	1585
8094	-2479
5342	-284
-5727	2138
-5167	-2439
2994	-2738
2004	-2992
5898	-2101
-402	1530
3272	-2354
-16499	-2260
-10858	4067
2100	-1670
12960	1696
6459	-2477
-9868	-2368
16915	-3126
-7229	2315
-1227	-2229
9400	4583
-3266	2579
3750	-2316
-7514	-813
4035	-2230
12759	-2893
13585	-2075
-1392	-1137
-10386	787
-16606	8061
8969	1203
-4034	-2101
430	-2504
12670	-2597
-1747	-1534
-5360	-1837
-1528	-1007
7196	-788
6278	-2860
7466	4897
-4572	-3100
6353	-3066
9566	-145
10826	-3257
4585	-1952
-20502	3064
-3339	-1520
10731	-2020
-8928	-2083
-8339	-2323
-8802	-2685
8816	-2509
-24073	35896
2778	-2639
2297	-1307
4642	-151
-3021	-806
-6293	1383
10703	1882
12936	-1101
-18293	-1755
-9587	-1356
-2157	-1033
-2329	2026
3577	-2467
8369	-2629
-892	-654
-10568	13
10361	3457
11387	-2232
-3303	-2815
-13355	-809
-5973	-2118
-4230	-1781
-16612	705
5727	-2022
4013	-2907
-5171	-2625
16982	-1667
15176	-2260
14178	1283
3779	-730
-5335	6660
-9267	-695
2625	2116
7264	-1554
14041	1510
-4862	-2151
8457	4906
17267	6982
4476	-579
-4762	-1209
10648	-822
-11620	-1040
-13888	-210
-1154	-1487
13247	-2257
9203	-1937
1211	2390
-5970	-2598
-7955	-3312
-5118	1067
10322	-2543
-2182	-2869
-3517	-2947
5869	-2268
2211	-1706
-13012	-3209
6555	-1394
-581	-1062
7286	-400
-2019	-2697
-12242	-400
2024	-2230
2417	-1836
-3293	-817
-4178	-1644
-13589	-1156
-2744	-2439
6175	-865
-7661	-2019
11020	6185
-10772	-2888
6792	-2017
7143	-325
520	-1372
-14776	-1919
-8650	7116
2792	-1526
-2652	1113
-6648	-3144
-3279	453
-2638	-2143
8914	-2598
-1620	4500
8979	-1116
13027	-2716
-11520	158
4987	-1390
-5320	-2036
7610	-1879
-13388	-256
-4964	-1435
2481	-1565
-1277	6804
14731	-2458
-5989	-1728
16574	-797
6	-2620
4144	-2558
-3322	-1850
11016	-3245
-7517	5864
4692	-3162
3484	-2639
-6911	625
9200	-2623
-12958	1372
14335	-663
-5992	-2342
10083	-2528
-12882	2966
7777	1479
608	6307
1935	-1250
-17947	-216
-400	-2653
7735	-2060
-9244	-2108
4003	4536
-1260	-2193
1122	-1691
1824	-1773
-8816	-954
-11429	-1765
-8654	6207
-5329	-1953
-2564	-3007
4538	-3132
4966	-2205
5183	-653
-11186	-800
10224	-3121
-33823	29231
8929	2
8275	-1942
7235	-1493
-5392	-1131
12638	-1584
840	-1990
-1459	-2610
2708	7072
-1461	-2270
10147	-226
8929	-2489
5133	460
3221	-2003
1177	-2244
6510	-1782
5696	-227
8973	7459
-12258	-2145
14866	-2764
4840	1600
-1917	3098
-1936	-1027
-11357	-1337
-4372	5401
5220	-2881
-570	-972
7365	4263
-2933	-1604
-13602	3234
1344	-2659
-18227	-899
-3477	-2384
2647	-2598
12150	6368
13772	-2439
860	-2360
925	-2406
5230	-1735
-3694	-2304
-734	-2497
12916	933
-20747	4298
6716	-2465
-24680	2592
12457	-2794
9826	-2516
-16908	-1580
9852	3468
-573	-2742
-15301	4413
-39539	184371
-8922	-977
10657	-2273
15275	-3013
15093	-2412
-10212	-586
-5606	-2063
-10937	-1388
-9029	5794
-10176	3783
2878	-2166
-4396	-3079
-15239	860
-4513	-2716
17483	82
12939	-2438
9554	2892
-2541	329
4697	-2668
-3487	-2639
-8366	-1481
-9741	-2637
11546	-784
-593	-1682
3689	-3290
5037	-2666
12835	-1172
10080	-2580
-9049	-2683
-7379	246
-6263	-1926
6768	-2387
5247	-2616
-6220	-2491
-2447	8114
3011	-2561
4237	-3224
5883	-2503
20331	-1956
-6200	-1372
9658	-1893
5692	-3128
3837	-2277
-10956	-2846
3724	-2614
3227	-2871
-15281	-827
2583	-2670
-17198	-1043
3985	3411
-8692	-2318
-8261	-1260
-18292	-425
5241	-2435
-590	429
7249	-1597
-865	1284
-19181	4701
-16880	-114
-11480	-1817
5637	-1915
-1768	1657
-8154	-2276
-23354	4337
-1281	4931
-25565	57903
5229	-1961
9043	6795
-5863	-1510
10203	-2660
-25536	12414
834	-2179
10625	-2422
-15291	-2001
6469	-2510
6635	-1449
-5881	1144
-6388	-2946
14281	-1736
-3145	-2422
12367	-2666
-6556	-1899
-21426	9600
4886	-3127
3332	4399
11476	-998
-15421	-1913
12797	-1257
2172	-2194
-6950	-2416
-16159	5364
-14046	-1119
-2288	901
10956	-3011
516	-1336
12563	-3616
-4169	-51
13779	-862
13731	-3188
1988	-2894
-4659	-1880
-8822	-890
-8015	-1610
4364	-2503
6143	5130
-3418	-2771
6421	-2100
9412	-2217
-6906	-1478
3410	-2051
4304	-3386
6492	-1377
14649	-3461
-4763	-2859
10643	-2563
14369	-2521
-8511	-1749
5649	-2448
10510	-1125
-6889	-2570
11845	-2751
6171	-1242
-6023	-948
-10564	-1579
11179	1824
-4116	-2315
-8843	857
-8352	-317
-9930	-2387
3651	-553
3284	6418
-14990	-1757
10983	-1012
6159	-2840
12694	261
-1483	-1619
11863	-2833
11775	-2567
11171	-47
-6622	-1484
11138	-2747
6023	-2228
-13587	325
522	744
-13886	-861
5575	-2204
1066	-2733
-9622	-2193
-1602	-1741
1457	677
4378	-1942
7357	-2145
180	-2522
-13762	-2467
5373	-2478
-8669	216
-9486	8246
2746	-3289
5940	2214
2240	-2761
4045	-2761
-8089	-2826
-7891	-2608
8579	-3144
10596	-2944
2933	-3223
-8774	-1553
12262	-1834
6647	5758
2573	-2591
2112	-2094
5885	-2849
1975	-2248
8962	-3592
13340	-369
786	-1546
8125	-638
417	-2778
-2924	-2150
-22021	8651
833	-1780
-1475	-2147
-30	-650
1385	-2764
-6154	-1083
-29402	53324
6885	-257
-6312	-2516
-20357	18426
9151	-2413
-14512	-1623
-8329	-1466
9633	-2458
3395	-2186
-1070	-1352
4425	-2385
-16246	-708
-5705	-1908
10210	-3518
-5749	412
6737	5305
4851	-2106
10134	-803
14181	-3093
4173	-2521
4197	-2363
-12350	-1154
10165	1565
-11901	2039
13575	-3010
9726	-1270
4591	-1002
7844	-2540
147	-751
6069	-2682
-11025	-1199
-3711	-2857
-14882	957
-4165	464
-11309	-1646
-5719	-2470
-5902	-2856
-13329	159
-8298	-2732
16371	-2448
3271	-1680
2551	-2434
2077	-272
-15922	-1658
7424	-3336
14491	-1924
10692	5317
3817	-2528
-5407	8052
5850	-1
2988	-2736
-3025	1824
-7625	-3055
5598	2341
-2781	-742
6666	-1385
10996	-1941
11942	-2924
4924	-1681
-24869	19750
-549	6933
-6542	-2685
-85	-1047
-14629	9422
11636	-1639
-2025	-2837
13727	-2409
5794	-2646
1533	-2173
13418	6474
12515	2116
-18747	-315
-5038	726
12428	-3366
-12040	898
-12426	1740
9586	-3115
12643	123
7730	1085
9262	-19
-24373	37273
8412	-668
10118	-2721
5182	-2136
5946	-1899
1779	-2513
7192	-2629
2646	-2248
-3062	7185
7205	-2811
-22366	180
1768	-1381
9891	-2686
3915	-3063
4094	-1671
-15912	769
-225	-2002
3645	-1414
15231	-2498
4091	-2266
-10306	-1117
-12751	-1871
8429	4953
885	-2768
-1237	-1684
2167	-1316
3372	-2233
-8492	8041
2023	-2761
-1778	-2196
9502	-2819
-445	-2228
2994	-2980
9420	-3204
-847	1411
-3961	-2049
2344	-1624
2649	-3407
8980	2268
7311	5215
-2755	-1782
9820	-2502
1290	-2188
-12850	-195
-6915	-2685
-13362	-2351
-60	-1803
6451	3409
3360	-2563
-1863	-2794
7381	-2024
-2469	-2672
-17487	-1767
-25694	7710
3405	-767
-2360	5020
-6469	6945
-3226	-2902
-18521	1142
-7403	-1341
-2336	-2431
-6715	-1641
-12103	7619
7229	-3394
3976	-2556
7847	6252
-3425	-1719
-4018	-2229
10770	-2202
11394	-3139
-2625	4241
7861	-1563
10386	-347
9653	-2524
-8155	-2112
840	-2858
-19662	-865
7932	-2427
-4843	-2850
-1551	-2525
11742	-2742
2315	-2164
4129	-2781
1268	-2718
1046	-2446
12197	-1188
4514	-2622
-3630	-1087
-2344	3202
4470	5425
2309	6656
1584	-1451
8540	-137
-4556	-2516
-6819	-2684
-17534	-2231
-1526	-861
-2696	-1752
3348	-2892
11417	-1996
-11104	-1596
-7379	-1597
189	-1635
-24935	74430
10871	-3801
-1639	-2310
4715	-2529
9604	6056
873	-2215
-8260	6811
-15115	-2593
8345	6394
353	-2392
-12384	3958
-4345	-2088
-9092	-1359
568	-2783
8342	-1811
12338	-3052
-678	-2053
11499	-2736
-2837	5641
389	-1882
11087	-2482
6530	-2899
3985	-2778
-13540	3011
4191	-2774
-6627	-212
-26852	21316
1595	-2415
1470	3061
-24265	94593
1889	-2410
10646	-2355
-821	-2656
-15208	5291
5727	-2523
12885	-2158
-10388	-1817
-4379	-545
-5440	599
-4739	-2018
7166	-2045
7735	-2805
-18337	4248
3802	-2962
208	4471
8929	642
-16879	1768
5323	-3086
12510	-2473
-10214	-388
3416	2014
3405	-2018
-14286	2630
4198	-2709
2669	3892
10901	-2696
12749	-3021
-12395	-1660
1873	-1744
-16523	6520
1378	-2237
5871	-2414
9844	-3074
5327	-3107
-1077	-2115
4437	-1906
4447	-2693
10184	-3008
5178	-2713
6174	-2618
866	-3119
15502	-2510
7403	-2027
12428	7523
10859	-2420
-2936	-149
2263	-1766
3366	-1503
2948	282
14931	-2685
11927	-2433
2516	-2022
1319	-1617
-18665	-75
70	217
-5912	-2621
9544	-642
-18157	2920
-10181	-915
8424	1390
3305	1907
7424	5072
-17906	813
2126	-2535
-18447	11384
3065	-2208
4684	330
7210	-3108
-7148	-1725
-6787	-2090
10071	-233
-4213	-2583
-6893	5193
-3236	-143
-8109	-3063
10968	-2673
544	-1133
13275	-2702
-16845	-1207
-12226	5695
-4730	-3053
-6012	-2226
983	4936
-88	-3124
1311	-2207
3259	-2222
6164	-639
-9537	-2587
-13469	-1004
-3172	391
-3220	-3235
-773	-3061
-4885	-1888
-18679	3819
2117	5544
-10755	-2060
-1238	-1109
12303	-489
635	-1619
13037	-420
-3266	-2423
-13931	348
-11814	158
2594	-1541
-6354	-2279
4384	-2327
4125	-2991
-15952	4834
-16843	377
-2583	-2811
4386	-2180
6241	-2228
10726	-3071
4840	-3000
3500	774
4541	-1587
-8354	-2211
-20520	-1154
-8200	-1757
4438	-2315
-15438	-542
367	-2981
8901	-1866
-3271	-1030
2588	-853
-13289	-2112
5165	-2415
-3747	-1645
5038	-2585
13075	-879
10244	-2797
-11150	904
-8231	-3048
2395	-566
-25601	75661
-2890	2829
8971	-2231
3090	-2317
5098	4774
-11597	-2076
-12579	-1950
8630	-2625
-928	-3322
-1986	-2563
-4228	-2588
5631	-2051
15232	-2912
2241	761
11531	-2143
3413	-1385
-988	-3143
13618	-2893
-12431	-1705
5332	-2163
3350	-2573
-22023	29578
-9511	-1974
-9366	-357
-99	-2262
-11807	-1737
16107	-3050
9619	-3100
8432	-1128
4550	7104
11707	-1789
10447	-1543
2625	-3106
2979	-2768
2892	-2365
12725	-1861
6898	-3119
-5066	4199
-2877	131
-8509	-2400
9915	-2342
-450	-2977
-8179	-885
13306	-2880
-6283	-1259
7447	-2366
4892	-2503
8467	2265
14441	-2987
-6220	-2701
12855	-2665
-3488	-1684
-2428	5812
-22416	291
7740	1808
8092	3968
-4295	-1684
-3194	-2639
-9757	-2019
4937	-1290
-2225	-3212
-3941	-2529
2407	-1467
4260	-2773
337	-2684
12051	-2688
-3641	5028
12468	-1857
6137	7233
-6559	-3388
-3823	1793
9569	-2537
9363	-486
-22376	4948
-3295	-2194
-25234	-162
-26093	7946
15728	-2181
-14032	4696
8600	1213
6393	-1873
1017	-1947
-4312	1263
3246	-1889
-10669	-1828
-8589	-2588
-18899	8119
-6976	784
4844	4798
-7938	-1615
2525	-2379
-46	-2534
9392	-2415
10705	-2600
-14008	-1850
-5041	-2367
-161	-2707
-28156	103227
-14598	-1455
-17844	2887
783	-2834
-1274	-3092
-11218	-1034
11119	7122
5621	7170
-9852	-1910
2627	-2047
-4576	-2969
5978	-3256
3006	-1347
-3969	5431
-5592	-2959
7870	-2553
1650	3800
6102	-2062
6863	-1781
14599	-2014
4002	-577
3180	-2075
5164	-2459
5948	-1959
-10977	-1554
-10981	-1810
8461	-2451
-870	6096
-28668	4816
-860	-1917
-5471	-2259
-2895	-481
1518	-2500
-1090	-2176
17844	-2878
-8098	-1541
8093	-2355
3730	-1007
-40227	185277
7852	-2337
-7639	5150
-5228	-1825
8935	-2423
5410	-1176
6471	-2066
-1599	-3145
8220	1630
7110	-2754
-2484	-468
7230	-1238
-21553	5230
12601	-1530
-3844	-722
4008	5261
2745	-2046
5230	-2028
2379	-1919
13844	-2491
9917	2137
10608	-1442
8926	-1495
270	-3269
-423	6725
11205	-819
11100	-2604
1168	-2239
-1271	-1124
4746	-670
715	-2878
1948	-3177
5396	-2557
3473	-3096
336	-799
-22062	12240
-12126	-1966
3455	-2794
-7157	-1605
9796	-2183
6231	-2608
10870	-2301
5538	2421
-4139	-2642
-1184	-2214
-10075	-428
7630	-3254
-19707	9091
-12534	6452
4534	2561
6739	4274
13283	-189
5261	-2233
1149	962
784	5365
9483	-2718
-17760	-806
-5595	-1575
-4065	-2837
-15281	-1124
-16258	7060
2614	-2928
-13340	-900
8383	3327
13200	-604
4413	-739
-574	719
882	-2481
7324	-2223
-10575	-1693
3880	-2608
3560	-3197
-940	-2351
9578	-2452
-2720	-1833
-15523	-1068
-6096	-2047
5033	-2196
8241	3621
278	-2631
-5198	-2504
7389	-2625
-1136	-2143
5731	4321
4509	-2875
7920	1418
6075	4421
5758	-2527
-15033	-1516
-25007	2478
8822	-3418
1550	-1752
4800	-3106
1271	-2648
-795	591
-7684	6189
-11669	4994
4125	-2049
-4737	-1958
-19400	-881
-7437	-2320
-8222	-2574
-18112	5419
14244	3425
9219	839
259	-1300
-236	-2643
3984	-2561
-12804	-602
4647	-2033
7991	3131
-4816	1194
-13697	-372
96	3836
9902	-1244
1214	-529
-4250	-2959
-5091	-2034
-9543	-1320
-110	-2856
-7892	855
-6196	-1273
-4530	-3674
-11841	4215
11275	-1674
-9554	-1334
5638	-2230
6799	-1320
7617	-2502
-15527	785
-9724	-2020
-6811	5762
9445	4072
5501	-651
5450	-3634
-16281	-1310
3781	-2979
9008	-2325
12067	-2025
-25258	17262
8970	3162
3454	-2292
7783	-511
-2714	-2459
-7316	-3071
-19488	1209
-9061	-1320
4774	-2403
10976	-2013
2941	-2234
576	-16
3631	-3151
2960	-1853
-9845	5942
3879	-1910
4707	-2571
7674	-745
-10363	-2395
-7403	4878
-3808	-1722
-11989	-1968
3706	-2011
-3604	-760
15007	-2540
1567	-1155
-1787	-2667
15563	5578
-2429	-2638
3600	-2645
8097	-2529
-2299	7743
5360	-2462
-7195	608
11747	4908
-3060	-3128
-2254	-2942
-13378	-374
5784	-2095
-11638	-2193
-8196	-1463
5161	-2176
-4924	107
3479	-323
-9157	-2710
2606	1158
8648	-2197
-648	-2159
4727	-1691
5980	-2437
8998	475
16608	-1593
4647	-2059
-11598	5036
-12736	-2246
-154	-2446
9894	-1893
912	-2389
-1007	-1909
11237	-2306
14800	-2362
8968	2526
7141	-1289
1018	874
-18515	-49
722	-2417
-4627	4321
-2898	-2851
-1914	-2644
-18197	-1669
15979	-1992
-1148	-2132
-762	-3171
6788	-1913
2284	-2284
-738	-2424
8724	-2640
-17434	952
-12894	9187
13927	-2860
4161	200
5166	-1688
7401	1809
7555	3326
-5047	-2313
6309	6303
-1594	-2468
4648	-1828
-2473	-2489
-15090	-811
4498	1601
-15026	-862
-1553	-2298
6062	8251
13773	-3233
-4331	-1954
5016	-3036
9871	-2556
-9398	-2391
8410	-1821
-768	-2442
-3072	5536
9194	-2674
4809	-2423
6861	-2853
-6382	-1451
-3039	-1513
2407	-2623
15681	-1975
-16512	-609
5129	3877
8917	-2368
10618	-2597
-14370	-1788
1091	3430
9445	3697
-1266	-2407
-22876	-502
-4020	2314
9074	-2615
7057	-2427
11490	5512
950	-461
9998	-1587
3843	-2870
3812	-2628
6096	-2117
8836	-2907
-7174	-2278
-7891	-1051
7103	-3085
-10061	-827
-4870	-2446
6451	-1998
1907	-2865
-11570	-1134
-13622	-1063
2963	-1079
10168	-2028
2612	-2120
3760	-617
3799	-2527
-2157	1164
1341	-2728
-3018	-2059
6977	7113
6648	-2731
-17226	143
-28349	4794
7653	-2308
10173	7961
1303	-1671
-3246	-1823
-14107	63
10119	-3264
-6515	-1717
-6190	-2435
4814	4533
-15787	-654
4216	-2997
8987	-2189
8940	-1941
-20501	1532
1027	7337
16128	5031
9421	-2063
13117	-1767
8882	-2622
-3421	-2764
2625	-1509
13005	-2513
5495	-3522
-6443	-2675
-4494	-1844
1219	-1913
2939	-2632
-2114	-2003
-5102	-2340
-1965	-2457
-1065	3151
-21389	291
15537	-2110
-4412	4094
2685	-2748
-610	-2014
3441	-2810
5992	-2586
7825	-2667
-2287	3312
6480	-2489
-10985	-1993
-4901	-2251
12681	-3274
3054	-2635
-10783	-1113
-3402	-2125
-15519	-863
24492	-2499
-13412	3691
6178	-3094
-7868	-2139
167	-3050
-4681	-2087
5211	-2752
1064	-2677
12616	-1801
8786	-2472
2582	4219
-17689	4788
-6949	140
902	-3132
-28036	2628
-12828	-1687
-14760	381
-6601	-1291
2523	-2290
-4323	-1736
9998	1921
-7593	-1996
10273	-3298
-11201	-3039
-23019	18936
-4281	-2576
4728	-1658
13175	-1906
9944	4422
530	-2401
7853	-1152
3192	-2671
-6342	-2211
-972	-2827
7401	-3539
-3128	-1280
13994	-1838
8467	-59
-9317	-2562
2199	-2328
-809	-2371
7749	-114
3826	5888
3982	-2379
-191	-1105
-5076	5652
-1098	-2068
1595	7648
-5936	-1696
4734	1061
-5561	153
10631	-2412
-19441	-1843
4040	-2477
2415	-2928
-4892	-1382
7250	-3535
18640	-761
10823	-2988
5288	-2633
-3537	-2292
1269	-3059
-4856	-1560
2083	-2328
-5609	-1555
7858	-2163
-15844	919
6391	4167
-1491	-954
8061	-2434
-2071	-3021
9222	-2397
13325	4503
-9727	-490
-5894	-205
-2156	-1899
-7835	-2226
13760	967
11889	767
-5618	-1358
8539	-1001
1017	-1492
-10092	-2473
12248	-2303
2218	-872
-1515	-2271
4426	-2195
4481	-1314
-19369	9028
8464	-2252
8539	5120
-19806	1211
170	-1146
1056	6301
2503	-1655
8857	-2435
7660	-3006
7434	-2454
3967	-2128
12160	-2983
10545	-2849
1312	-2899
-5051	-1100
-4234	-380
-1405	-1692
6965	-2854
-14808	138
1853	-1274
1087	-2518
4034	-3823
4639	-2393
-5107	-2018
11956	-2458
-4011	-1707
-12701	-1855
7704	-2868
6839	2861
3935	-857
1211	-2820
10201	4815
12044	-1330
7985	-2788
11844	-2533
584	-3010
-1100	-1518
-9914	-917
14104	-1562
812	-529
5590	-682
9691	-1600
5962	-2454
-19052	-1112
11710	-2443
6314	-2455
3021	-2516
-4445	724
-1895	-2990
-12678	-1414
10502	-3100
7724	2886
-12561	-3167
-11792	551
8625	-2299
-5926	-2740
-4899	-2910
6283	2138
11250	-1350
6284	-2861
-194	-2311
-3461	-2855
7130	3887
-22827	1847
-12024	-28
6595	-2672
7540	-2423
3031	-1819
8682	38
2612	-2384
-16969	-189
-1731	-2890
10369	-2383
-1068	-2174
-3020	-3124
-2835	-953
-6125	-2634
3158	-3211
-3638	-2541
11252	-2542
-4941	-1725
935	-3204
-5400	-1360
9444	-2926
-1288	-2763
10548	-2956
-17828	-2297
3938	6689
1156	-295
3695	-2350
2116	2286
14072	5829
1138	1193
7956	-3080
4072	-2803
-785	-2669
-11203	8677
-6201	-2537
12019	-2657
10254	-459
6251	-2537
-4247	-2786
-1216	-934
11753	-2217
6115	-2128
-8182	-2398
7719	-2637
5903	-2163
7035	1851
-1585	-2630
-8986	3364
-4499	-2175
11484	5931
-24084	24321
3044	-1363
6452	-2054
-1898	5996
-8697	-1426
15609	-2803
14537	-1713
-1226	-2774
-3498	-2531
12083	-1076
-5022	5291
7986	-2322
1729	-2160
400	-2485
-3109	-2075
-3301	5848
-3355	961
-12999	-2010
6389	7264
3222	-2370
9057	-2871
3786	-1966
11450	-1558
5289	-1157
10847	-1796
12253	-2841
11068	-2515
7679	-2003
-13754	9528
7695	-2963
-7028	-3040
4540	-1883
2407	-2017
7262	-2143
11253	-3105
-3074	5101
-4935	-2501
10085	5127
4133	-3377
16816	-788
-5033	-1783
14502	-1854
2356	-2926
-13397	697
6765	-1794
-13509	3785
13473	-918
3699	-1986
11581	-2697
11476	-378
-7805	5123
2715	-1636
2101	-2132
3605	6759
7609	-2215
11423	-2017
11996	5116
3834	-2065
13899	3820
1689	-1625
-12938	-917
-9922	-1708
-24247	4439
3907	-2774
789	-1955
8146	-3256
-2323	-2583
579	-2215
9264	-2496
-1044	-2917
6249	1402
3911	-2510
-28467	56939
2689	-2838
14589	-2547
11971	-3374
4457	8522
4775	-2326
5267	1917
4007	-1374
15320	-2896
8782	-2567
-3510	-1964
10625	-2082
1948	-1782
-992	-2023
2523	-2754
3022	-2227
-6067	-2311
991	-2373
2063	2908
5720	-1809
738	-2569
272	6453
-25227	6175
-4207	8721
6345	-2268
-3861	-3166
-17170	-1397
-4613	-1627
-19860	5839
-8918	-2567
6192	-2204
9285	-1648
12152	-1055
-3832	-3076
2604	-2974
8664	-2642
1231	-2748
3256	-1510
-17194	2330
3760	-2618
3067	-13
7904	-2657
11643	-968
2150	-2121
-16568	-1240
68	660
7101	-2094
11167	-1534
9259	-2937
-18729	-252
10502	-2404
3168	-2760
-8122	399
-144	3302
1313	-2005
12355	3723
4424	-3532
3835	6241
550	6448
-9674	-2036
9576	-3469
7177	6402
9635	-3409
-2833	6951
-1315	-1701
-12365	-1834
9483	-2903
13035	-2410
8645	-1786
-4666	-2377
-596	-1431
-21336	-663
-14673	-570
1610	-417
6787	-3321
-30949	49704
8558	-2238
-9133	-2665
9171	-2194
-3858	-1789
-3231	1058
-1130	-1857
-9579	714
-10115	-2371
9869	-573
-21136	8022
1259	-3058
7591	-2755
7463	-1664
-2743	-2049
2989	-1144
5919	-2496
-19599	-861
4255	-2931
-9704	-2046
-2549	-2593
-12800	-2573
9013	-1547
856	3800
-3089	7316
-7861	-1459
-7	-3368
-14492	-1321
-3124	-2189
10633	-1827
-11877	-2048
-13944	-1283
-19598	-413
-1909	-2527
-18859	745
2251	-1869
-14448	-1252
6937	-2860
7388	-2541
-28057	80176
1414	-3118
11302	-2606
3587	-1978
15792	-2290
-14022	-216
6416	-3312
5297	4392
589	450
-19843	3327
7573	-2041
-2172	-2260
3273	-2571
6035	-2710
2309	-2187
12098	2097
-25355	4299
13086	-1046
-7488	-1635
-3368	-2029
10638	-1822
9275	-2649
-11412	-1841
298	-402
1550	-2650
9407	-3503
-5037	7321
3447	-2835
-259	-2733
4220	-2579
3586	-2673
11896	-1894
14450	-1790
-5808	-835
-594	1409
12272	-1410
5011	-3299
-5153	-2149
7795	-980
13338	-234
8712	-2029
5384	-2402
422	7877
9766	-2981
8825	-2572
-7422	-1711
3922	-2456
9910	150
-30279	68623
-13022	-1123
-17031	-814
1679	-2124
4594	-2487
-9825	3262
-12328	-1569
-9332	-151
6307	-1553
-1559	-2682
-2248	6787
-830	2121
9832	-2250
-13560	13
8703	-1826
5403	-3127
7207	-2303
2314	-1049
-1692	2514
-8575	-1913
-10252	-1804
5374	-1835
1216	-2926
-6962	-2562
5978	-2431
1471	-42
8337	5819
12974	-2462
-2400	-1889
-20878	6030
6167	-2663
10781	-1833
9389	667
-1801	-2468
12185	-3443
-3800	-177
-9598	-2776
2441	-3199
-1642	81
-7243	-2816
-389	-1361
-2074	-2063
12313	-2707
-5484	-708
12270	-2559
4157	-2466
6085	-2010
-4845	-2371
7525	5628
-923	-2947
-7958	4826
-658	-2291
8389	-1839
4087	7463
-29530	7380
12897	-2478
-2952	-368
5442	-1584
6495	-2402
148	-1199
752	-2338
-7679	5538
10112	-2250
9841	-2447
3	-1910
8879	6212
-7164	-2284
-4934	-1898
-22273	4167
4376	-1030
-2462	-1999
-5148	1712
-3743	217
9048	-3024
7883	-2456
-18175	-2009
-1873	-1631
-2016	-1573
-5937	6517
-5965	-2407
7812	-2258
5155	-1159
10157	-2550
-9797	-3156
-20851	3156
-22140	2979
-6982	-1408
1105	-3004
4798	-1708
5159	1131
6268	-2786
-9876	-2119
4547	4255
-15092	3684
-6578	-2073
-4886	-1654
3237	1332
1424	-1231
-13168	-943
6548	-2358
-19316	2227
11947	-2699
9461	-1920
-3003	-2610
-191	6670
3504	-1779
12428	5794
-12175	-1011
-13164	1525
-17946	1742
14419	-2883
2959	-885
2889	-1713
-20192	442
11963	6103
-506	-3061
10415	-1931
-4593	-2262
-2705	177
2217	-1960
5185	816
-8320	-244
6452	-2556
-8724	-598
-775	-1771
2836	-2554
-18896	-204
2859	349
-3216	-2594
6904	-866
-395	-2870
-6428	3554
-13345	-1509
-3067	-3167
1406	-3031
-16569	-1575
-5721	-2434
3686	7120
-259	-2721
9588	-2366
3766	-2358
4525	2608
-7656	-2428
-7085	-2480
635	1144
4717	7538
8388	-3321
-11789	-720
6975	5765
-718	-997
12078	4805
-20453	6531
-9578	-2251
-10467	-867
1944	-2324
-8199	-1578
16256	-2647
4133	-3012
3047	-2774
14100	385
8728	-2288
7429	-2184
3472	801
-8897	-1559
3140	5780
7514	-2761
-3339	3500
-2288	-722
3716	-1746
9331	-1221
-1705	3264
-10195	-2767
711	-2780
-29999	14644
10200	-2378
13471	-2259
454	-2716
-39	6754
-15176	-76
6186	-2227
2153	-2848
-2919	-2300
-19021	4777
5246	-1663
-26706	17970
-16652	391
10769	337
552	-2906
5568	-1873
4316	-2363
476	-2082
-15377	-1795
-18241	3627
-6938	-2962
-14435	-1065
-25435	-196
10387	-1991
3109	-2027
-8200	-915
-3953	-1427
-11780	94
-121	-833
11696	-1973
-1366	-2147
-16897	-77
3203	-2527
3746	-2474
-4813	-2368
918	-2394
-2265	-2007
-25717	16058
3205	-2463
-3912	-1661
9236	379
-15544	-236
-10849	-1197
-24847	1666
-10585	7651
698	6341
900	6979
17351	-2214
9004	-581
-6338	788
14572	-2619
9225	-1539
-4106	8905
9983	-1903
-3182	-2859
3528	-1601
-4248	-2742
11953	-2157
10028	-2183
3550	-2817
5096	4404
3606	-3038
-6537	-1818
-15682	-239
-2562	7749
10827	-1726
-14713	-628
-8867	8560
-5687	-1516
1604	-1804
1041	-1954
15919	-2445
4828	-1636
1204	-2402
-2640	-2081
-7496	-631
-180	-2336
11669	-2963
-5413	-1375
16053	-3190
10793	-1631
-15668	53
-1573	9005
-8143	6658
-110	7669
1898	-2563
8496	-2367
12084	5948
-624	-3032
320	-2814
-14116	-763
9299	-1724
-21586	347
1038	-1043
-9256	-2674
7492	-2629
-8619	-2229
12389	-486
-6098	1678
8864	-2888
-2679	-1767
5353	-3155
10847	-2063
11893	-2884
14981	-2050
-7409	-1189
5677	-2135
3484	-1995
5393	-2357
-28602	13683
-6558	-1665
-7168	-2001
-27236	1963
11294	-3414
-850	-2861
-10784	-2131
-6386	-1799
4597	-2781
881	-2743
-2974	-1762
-12361	2056
-12098	-76
701	-220
-8326	-2546
-12921	3138
4457	-3453
5334	1402
10524	-3461
-2218	-1165
14474	-2286
-833	3123
4930	-2482
7179	-729
2866	-3610
-3791	-1658
-24593	7137
2953	4376
-5339	-2464
8082	-3128
-7021	-1975
-8540	-1215
12622	-2742
7060	6236
4284	-2773
-3596	-2454
15351	-3443
-10452	-1504
6038	-2631
959	5184
-15992	2362
4442	-2732
-7347	5488
7682	-2229
-2745	-2794
3954	-2825
844	-900
-11458	90
-6791	-1604
-2368	-2753
6287	-1834
-6179	-3092
-10693	-2259
497	-2564
-3046	-2893
4457	-2112
-6665	-3625
5926	-2254
1049	-1173
10409	-2195
-14778	1854
12509	-1859
-19527	-2172
8895	2853
11612	-1235
4269	-1378
-6366	-1606
5216	-2660
7215	-618
7816	-2391
-7067	1177
-1442	-2026
10987	-1778
-17913	522
-1471	-1110
-3708	-2540
-14713	1638
11554	-2541
-7243	-2567
-7852	-2347
3568	-1319
5008	-2603
-5227	-2005
-2078	-2598
-6919	-820
11292	-1048
3095	-1828
2709	-2497
4139	-1620
-21583	11528
-14364	-2297
5212	-2079
11180	-1184
1726	-2827
7454	-2415
15132	-2350
2910	5378
9313	-3578
6466	-2002
-7859	-1027
-10359	-2047
943	6023
8675	-1905
10061	7419
-20211	-41
7935	-3128
-7182	-1748
-7517	5672
-7199	4874
2714	4072
-1636	-1899
-1045	-296
7331	-148
9684	7662
8311	-3076
13632	-2750
4167	-2340
2903	1216
-7416	-2117
9664	-960
5475	-1282
-11281	3742
-25511	3161
3989	-2739
9948	-3070
11297	-3256
13085	-1537
-11487	-2158
-11790	-87
3675	-567
-10955	-2386
1947	-2130
-13677	-507
-7755	-65
-10660	93
-1862	-2345
10306	-2230
6589	-2653
7950	-630
3854	-1017
4237	-2329
-1632	7916
-8410	-634
-8225	-2181
-10451	-2049
4542	-336
2215	-2354
772	-656
6198	-1867
15854	-1141
-8300	-2085
506	-2580
16190	-3323
-1477	-2037
4387	-2670
9794	-1935
17110	-2551
-14434	-834
888	-1975
5540	-3250
4297	-2618
-22241	5212
13402	-2008
-10099	-2007
10914	-2872
21050	-2522
-7120	-650
-8260	-157
-3623	-2114
-13918	3880
-8963	2047
-17264	6929
6546	6914
10673	-2293
-706	-2225
6313	-1156
1310	-1424
-3799	8660
-12938	7814
1115	-2509
11050	-2998
-1070	2503
-12419	1072
15962	-3064
1163	-2285
-14921	63
-4591	-1560
6644	-2851
2736	-2582
-1424	-1482
-4602	-673
15254	6250
-5227	-2603
15424	-495
-11775	-2046
6468	5686
10740	-2975
3330	-2418
-662	-2192
3685	-1747
785	-2198
-14358	-672
308	-2565
-1039	-1868
-4954	3592
-2934	-2103
6393	-1752
10243	283
9897	939
1886	-2480
12592	-2806
11347	-3103
-11271	-2000
9136	-720
-21663	137
-21475	9913
3714	6463
7101	-2665
9652	5932
-5908	8309
109	-1654
6582	-1343
-4947	2968
13149	-1084
-3834	-2076
7054	7058
-4133	-2958
8705	-1729
-539	4529
14560	-2326
2148	1922
3120	-1998
3425	1101
-16490	2833
-3475	-2159
12031	-1780
-38402	122121
13362	-1182
-19683	1005
4600	-1419
164450	-2476
5256	-1985
12031	-1932
12199	7069
-7593	-1702
6481	-2594
9565	-2231
349	-2504
-2483	-1499
5269	-949
-4462	5975
4314	-2850
4421	-2248
1304	-1974
5739	-2586
-11976	-215
-1441	-2061
-3480	-2559
-1454	5974
-17784	243
7463	-2413
-6514	-1207
-16622	-2405
11012	6154
-1111	-3220
12201	7186
8031	5473
3049	3761
-13740	-1418
-60	2406
5806	-2044
7334	-2750
4143	-2344
-1482	-2971
-3768	-2039
-7148	-2259
12212	-2195
-4870	-1547
-19586	-2043
-16420	-2406
-5756	-2279
-1982	2871
4076	-1755
2061	-1765
-3657	345
-13168	68
960	-1617
47	-2270
301	1784
-7817	-429
1839	-2638
3669	-1942
7066	-3341
13052	-2762
-2758	-1868
3514	-1273
256	-3116
2751	-2167
8240	-3080
13670	-1612
4957	4773
1276	-2874
2015	-61
-9239	-2408
8804	-2947
11031	-1015
-3890	-449
5902	-2822
-3370	4836
-18163	2219
-3671	-2642
9430	-1724
-8846	-2710
-27626	4272
-9877	-1097
-522	-2541
-6970	-435
10131	-2511
7894	-2239
4573	4814
-3280	-2349
-2641	-2596
3362	-1606
5764	-1708
2530	-2630
-2849	-3472
-448	5374
-18720	7881
9243	-2995
9288	7035
1572	2362
-6907	-1549
-12050	-1341
-6673	3775
-5702	-2075
-7613	-2442
9704	-1476
258	-2989
10132	-1324
-23970	2093
5562	-2690
10754	-2117
1678	-1492
11847	-2549
-11471	-1525
6451	-1899
4640	-364
2153	-2754
9360	-2546
-16436	2692
-7799	-1230
6817	-2995
-17996	-1082
221	901
9166	-3186
4461	1822
5134	7648
-2406	-2395
6189	-2325
4081	-2969
4176	-2554
5009	-2368
1393	-2112
-9977	-2422
3666	-129
2864	-3188
-9301	-2028
3675	-376
17307	-2187
-712	-4
4725	-1471
3560	-2636
-26485	5281
3347	6398
-18748	-1651
14234	-2217
80	-3063
-2631	-1597
11086	-2415
9639	-2675
4235	-1784
7666	-3233
-16481	497
1783	-2037
-505	-1326
869	-2269
-843	-2593
-9638	-1516
4303	2552
4088	-2929
-27619	4537
-15270	-661
4705	-3031
-1615	-2451
207	-1793
-12407	1179
4867	-3060
18	-2245
8516	-4034
9341	-2680
-2837	7578
6480	-1982
-22185	-417
-2706	-2639
-2879	-1716
432	-3402
-1401	-458
-18691	6302
10229	-2633
-8969	-2359
4590	-2737
13504	-2708
-4743	-1940
-9827	-2367
4956	-1979
4881	-2457
-10627	-2115
3832	-2785
-10676	3014
3478	276
-22475	5174
-10629	-2498
-1739	7768
7089	-2834
2042	-1401
-2585	-921
756	-2374
-446	-1763
-3073	734
-1506	-562
2931	-2340
-28351	57355
-1044	331
-2116	-2502
-2037	-1387
938	-2245
-12508	-2299
6433	-2300
14291	-2807
756	-1906
10157	-1482
4427	-2227
-16139	6510
-8608	-3038
10678	-2265
9928	-1779
723	6764
11032	-2955
2561	-2401
6627	-1542
-1297	-2216
-3558	-2206
-2063	-3389
5700	-2999
5446	3249
-17294	1668
-4823	-683
-1971	-2757
-1731	3745
2639	-2300
-16886	-839
1269	-1710
480	1216
9620	-3050
-19486	6844
8688	-2336
-15811	2090
-2770	-3259
7174	994
7634	-2932
-4782	-1303
2362	5713
5808	-2794
-18071	7452
387	-2093
-2684	-3115
13653	-1940
-4278	1474
5170	-1812
-10890	2223
16197	-595
-1420	-2239
13483	111
12097	-3659
12027	3962
-10387	6073
3979	-2738
10711	-2344
5312	-2832
7310	-2872
-14499	-2479
9310	-1581
-7219	-2022
3791	-2263
10155	6820
-23745	10961
-11415	-1352
-5787	-1518
-6732	3322
7316	-2689
6507	-2809
-5083	-755
-14968	-538
159	-367
1770	-1951
-11028	2287
4900	-2434
-7345	-1188
-4922	-2095
-6645	-1253
434	-2387
-2333	-2740
4740	-2393
-12916	-49
-19430	6599
-17866	2004
5552	-2431
-2652	-1970
1524	-3235
10923	-1574
-11316	-1077
8170	-1977
3816	-1470
4969	-2224
-12394	-960
4221	593
-6427	-2006
-21936	2412
1589	-2935
12490	-3064
-13612	-364
13255	-2527
-10634	-630
-1268	-827
1838	-2579
-4726	-2671
13966	-1152
-10998	-271
-6817	8041
4962	6503
8723	-2031
-4132	-2230
479	-2509
4356	-1717
10002	-2556
1585	1661
-18121	1188
11322	-2025
3853	-2106
7759	-940
2391	1151
8024	-2627
932	-2295
3708	-1953
-6117	-2863
-11395	-2322
-8119	-2904
12112	-1541
-5813	3636
-17774	11313
9511	-438
11212	4405
-10454	-2297
4194	-1419
9407	179
8384	-2006
15975	-1769
6509	-2244
12259	-1920
-8376	-1290
564	-2446
-1087	2625
5362	-3133
-23299	-1084
-1469	-1950
6228	701
10642	6412
3517	501
3100	-3043
547	-2452
2390	-2802
13636	-1912
5626	6521
-24932	30637
-15743	-1409
-4984	3099
-1259	5331
5365	1926
9742	-2598
6531	-2297
3829	-2363
7104	-2409
-6419	-2839
7949	-2459
-5877	-1425
-5315	7389
12160	-2370
1316	-2105
11203	-2197
10982	-1305
2037	-2493
2062	-2500
-2804	-2029
-8983	3977
113	-1975
299	-1788
10910	-3059
-526	-2642
-22398	14719
12280	-1706
-5460	3823
11990	4995
-19873	6358
1588	123
9707	-1956
635	-2850
7672	-116
596	7418
11144	-2389
3374	-2597
-14181	-510
-5782	-1942
7078	-1969
-12477	-1751
13218	-1359
3835	-2684
2537	4565
9060	-2974
7536	-2894
8963	-3146
11619	-2280
12035	-2195
-2885	-2345
-1520	-2189
4837	-1961
13661	5560
10868	-3291
12109	-2658
15085	-3534
10235	-2118
11520	-2882
866	-2587
1806	640
680	-2319
768	-2915
709	-2532
-18318	1724
-1031	-3100
-3398	-1334
6958	-255
-16678	-1123
1288	1395
5511	-3245
-5676	-2828
-112	-2095
12012	-3548
5108	-1568
-3189	-2214
14936	-3431
-2132	1570
-7959	-2554
-15386	-2099
-8219	1892
-28182	41332
4938	494
-20025	3428
-6728	-1932
4881	-1789
-7576	-2352
9170	-2958
-11323	-1311
-13246	-1713
-18088	1893
-13	-2260
5030	1849
-11407	7225
11589	-1828
899	-2078
5972	1830
3514	-2047
-7994	-1897
15347	-2743
11126	-3174
3910	-3002
67	-2489
11911	-1890
5682	-380
-8389	-2002
2669	-2404
-9031	435
-5467	1091
407	-1840
7801	-3395
9327	-2121
-3839	-1743
12447	-1512
-7497	-2783
-9495	6756
10694	-3214
4751	-2391
-7285	978
13213	-926
1610	-2728
-3118	-1921
-792	-1798
4685	6914
6686	1900
-5786	4160
-948	6983
-3615	-3298
8639	-2292
-5897	-2602
8299	-2449
7466	-3016
-8100	-166
1175	3303
10379	-2269
-11915	-2582
337	-1489
16276	-1760
-5015	-1326
12372	1845
-3458	-2722
14221	-2383
2690	-2985
-4213	-2165
99	-3311
723	-2509
7754	-2579
3540	-1662
-96	-1534
-1896	-2215
1446	1561
4368	7055
-17105	5547
2769	1886
4695	-2435
-40	516
9263	5742
2978	-2689
-3506	-1461
10726	-1341
10773	7444
-2845	-3099
6892	-2220
-12706	5302
10228	-1634
-8139	-2846
13085	-1845
8596	-2051
-8764	-3117
-4610	-2256
5693	-1101
-7723	-2253
9214	-2027
-346	-2514
-648	-2150
-12553	41
-9453	-147
-6832	-1487
-1208	-2861
11785	-2316
-8249	-1862
931	-282
-3629	-215
-5855	7690
5502	1426
10239	-1517
-16392	-1949
728	-2818
-15004	-1595
-7268	-3037
-15263	6107
-4346	-2394
3879	-2419
4367	-667
-11469	-931
-10419	-969
12914	-1871
238	2229
2023	-184
-6879	-2371
-23197	5139
10039	-1615
3981	-2042
5014	-2409
4249	-2626
-1222	1837
8992	-3221
-4104	-2812
4178	-1116
-317	-1590
5077	1372
101889	-3167
9949	-2445
-9765	-2017
13133	314
2474	-1540
2088	-1624
3299	-1968
1594	-2538
-2987	-1899
10280	-2747
11824	2702
-6406	-1958
4260	-2364
10282	-2016
5890	-2809
3367	-1508
-5669	-202
9377	-1666
-16170	1849
-3725	6072
11774	-1776
4504	-2706
19014	-2521
-11201	-1502
-23364	28014
367	-2710
3952	-1756
9370	-2194
-14449	-661
-12845	-2092
3240	-2503
-4869	-1460
-5251	-350
12667	-2343
-2675	1335
8332	-2944
-9734	-1686
18224	-2354
4332	-2281
762	-2086
-1122	-2456
454	-2092
-7352	-306
1474	-2308
-10206	2038
-20564	2768
423	-2158
-6766	1379
-4512	-2963
-13106	465
-20656	-361
8751	-1731
12548	-145
7856	1225
9341	-3261
-3804	1051
-3997	-3055
11007	-1062
13118	-2242
1274	-2569
-24465	25921
-1304	-2829
13257	3451
-27521	27168
8709	1600
3407	-1839
-1303	-1550
-8001	-1965
13468	-2773
3683	-2707
5903	-1855
-7817	-2585
-3565	-1126
10347	-959
3697	-1792
5769	-1030
-8823	-2467
560	5948
-2653	-2224
-8191	-2290
3872	-2489
-4104	83
-1992	-2784
6985	5629
8038	-2179
-11689	-1018
-2876	-2790
9169	-2768
-16529	-73
8645	-1635
-5318	1456
-6999	-2568
-2358	-2580
8912	-1726
2074	-1782
10097	-3036
4416	127
-5968	-2127
7645	-936
10105	-2719
-2322	-602
-3280	-1248
-19071	6558
6869	-2228
12180	-2655
-12959	-1668
1626	4376
15551	-2744
1905	-1555
1673	1119
13642	5852
-5616	-2045
3470	-1750
6382	-2206
2717	-2041
2272	2992
-2139	7694
6045	6962
-1230	-2292
-7878	-1352
-15542	-577
12765	-898
10126	2023
-3761	-2791
8859	-781
4400	-2883
4778	-746
378	-2504
-8138	-1556
8054	-2039
-2053	-1212
732	5838
-5555	-719
406	-2361
11077	-2486
-5493	-1364
14862	647
1473	1753
12875	-2928
-15042	-1220
-10957	-2425
-9258	-887
-815	-52
-1526	-424
-9409	-1371
2227	-2761
9829	-1959
7345	-3035
-3733	-3168
8197	-2961
14189	-2993
11401	-1925
-13022	3711
-10606	-1567
10035	-2234
-7827	-2631
-4253	-1205
-3937	-3027
-13021	-2204
8429	-3253
1579	-2598
10408	1862
-5833	-2637
11158	-2911
-7335	201
4611	-3040
95	-516
-13942	8632
7019	2898
2936	-3676
4273	7624
13282	-3406
1299	-2372
5637	-2368
-36412	152209
565	6869
798	-3121
-1992	-2718
10111	-656
2595	-1968
457	-2901
-12450	-1166
-2894	-403
7401	-2008
4603	5803
2394	-948
-230	-264
7078	-2041
1533	-3499
-11534	-2479
-7990	-2172
1484	-746
10748	-1364
5857	-2915
1314	-1731
8960	-2283
3785	-2786
52	-2333
4488	2982
8790	822
-4836	6987
14292	-1079
6809	-2234
7777	-2717
7205	608
-2377	-51
10454	-3068
-925	-2926
6775	-2247
11424	-2344
-8363	-2778
143	-2131
2300	6351
3429	-2986
-5496	-2342
7534	-2591
111	-2561
11284	-1194
9240	-1740
-11417	638
-6038	-1326
-12612	47
13671	-3281
12272	-2850
-5264	-2624
8948	-1961
9931	-2124
-2583	-2386
-137	-2338
1365	2634
4349	-2131
6535	-2650
-2564	-2123
-9299	-757
-23996	17899
7386	-3087
-5463	-454
-15749	2995
3954	-1265
5812	-3021
-25570	3912
-4459	4824
3732	5077
12930	-2854
6933	-1429
-5390	-1462
-25604	86037
-1714	-1263
-10412	-1296
3043	6066
-5794	-2243
-13080	-1632
3645	-2036
-7136	242
6509	-2654
-6044	-2538
2423	-2499
-7987	8479
-26867	4969
9369	-2814
2674	-1859
-16519	-69
9843	-1346
9292	-2841
10784	-2322
12225	-2018
1876	-2064
-6235	-2366
11568	-2794
6531	2985
-10689	-2055
14662	-2631
3036	-103
-2062	-2414
-2048	-1803
-22479	5083
-9502	-1459
3379	-2665
10992	3245
829	-2447
-13897	-2412
15015	-2383
-11751	593
-7091	-1902
11441	-2662
10027	3727
-1182	-2231
2847	53
-19158	263
-3830	-1688
-21504	-1178
10588	-1338
-2370	-2388
-27127	15356
-17899	-903
-4255	-1944
-5628	-2357
-12672	-423
3227	43
-16637	-897
-1451	3334
-13077	-1615
-9358	-595
3239	-1947
-356	-3150
-2737	-2139
-1881	-2685
2444	-2327
9120	-1780
-15316	-972
3261	-2976
4978	-2920
3058	-1878
-933	-3478
3247	-3275
-3317	-2576
5937	-3075
2833	4898
8801	-2874
-2842	-3719
-13068	1991
-330	-2467
-14821	2242
6119	-1837
2820	-2641
-5525	-1861
4060	-2965
11590	-2174
-4325	-2404
-29398	4731
3822	-2484
-13005	518
2632	-2644
-3988	537
7680	-1844
8075	154
8660	-2437
-16012	-2424
4533	-2430
5167	5257
-7246	5127
9052	-2230
-5329	-2200
7465	-2877
11897	-2727
-22329	1908
8577	-1544
-9584	-2085
6101	-3020
-6817	-34
-4448	-1655
-15007	-2054
-11545	6023
9725	-2293
3171	-2666
-8242	-1156
12614	-1173
689	-753
-16936	3624
-12043	-1250
-8384	-2390
-595	-2283
-7925	-1158
5865	-2351
10536	-2343
6785	-2329
4270	-2342
-865	-2373
3835	-2873
12272	-1825
-6632	6691
-5347	-2583
10319	-2628
-11091	-367
-5244	-2331
1152	-3040
-7246	-2899
-841	-1280
2962	-2036
4885	6390
-14872	1248
6663	-1688
-25027	39108
6773	-2064
-4129	713
-15465	409
6915	-2303
-10599	-2202
-26160	5046
3305	-2596
12279	-1852
-5164	-2338
945	-2736
4610	-2779
3960	-1276
7011	-2046
10082	-1273
-20274	8817
4950	-2402
2596	-2565
-22105	32330
8994	-2383
8663	4821
-7011	-1825
-17732	-2358
5926	-1330
5106	-2991
6600	-346
10274	-2013
-10741	6242
9917	-2183
1297	-2510
7517	-2925
-4304	-1642
2471	-2953
9836	127
-14743	-1346
-10481	-2880
-8045	-402
-13773	-2264
5274	422
17087	-1710
-42750	210968
5678	-449
3093	-2067
-20828	489
