10	12906
5	-13641
3	-17030
5	7552
1	990
10	8305
5	-11733
5	-1070
5	2284
3	-6982
5	10012
5	8416
1	1908
5	-32
5	8482
1	-3848
11	1475
1	-171
1	-6103
1	453
5	-21450
1	-334
5	1569
3	11543
1	8068
5	13564
1	2068
7	-8820
5	3774
5	2368
5	-20350
5	-3394
3	9857
5	4613
1	14597
5	-9962
11	-422
5	478
1	9037
2	11774
5	-8296
5	1287
3	4044
5	5417
1	7356
5	7134
5	1632
3	-5044
2	2380
5	9096
3	10161
3	-5854
10	-8266
5	6251
3	9486
5	61
5	-748
6	-3570
1	-1996
9	-739
5	-19233
5	-4425
1	-11786
5	-2389
2	479
1	-29672
5	-6849
5	-1900
1	4258
11	9025
5	-4643
5	6907
10	-3960
5	9272
11	-861
1	-19894
11	-13282
3	1433
1	-4177
5	2292
5	-7553
5	-18698
1	15110
5	-3118
5	-12019
3	5462
11	8039
5	5152
5	3654
5	6032
5	-26014
5	-3658
1	-3148
5	-2287
5	7955
6	-4891
5	607
5	8949
5	-2530
5	12895
5	5049
3	1944
1	-3049
1	-5841
9	-12953
5	6959
5	1816
5	9868
4	5828
2	-300
5	9794
1	2671
1	7764
11	9101
10	5669
1	-6941
6	-1544
5	-122109
5	60
1	-9583
1	3778
5	8185
5	-2649
5	711
5	434
11	6883
8	2970
10	-569
1	-11356
10	4817
5	-1413
5	-9318
1	1948
5	7916
1	6263
3	13204
1	-26505
3	-4704
1	-2223
3	14066
3	-21564
1	-6910
1	1999
1	2939
5	-11491
5	6642
11	-1006
3	2426
6	-27118
11	5061
5	-3655
3	4938
6	13739
4	10145
1	5595
1	7707
5	5846
3	9985
5	7114
10	-3547
5	-8582
10	-191
5	-2172
5	585
1	4397
5	-6061
5	2149
8	-2106
5	-165
10	3734
2	1014
9	-8480
5	-654
5	7467
1	-22734
3	1438
5	-40934
5	10633
5	2550
5	1403
10	2112
10	-550
5	4392
5	14500
1	-10136
5	351
10	208
5	-12171
5	-9624
5	5994
5	-1865
5	4467
2	8971
5	-6923
1	1134
1	3872
5	4576
3	-1608
5	10053
1	8135
1	-5948
5	-16487
5	838
5	5182
3	-5230
5	-14350
3	5142
5	6066
1	-3875
1	-8951
5	-2886
5	8550
5	-8529
2	5025
5	10524
5	6244
8	9316
2	-15673
5	11977
5	2165
5	10453
5	4794
1	4323
1	-1872
1	1606
5	-1771
5	-6279
5	-2713
3	-2902
5	-12359
5	-10390
11	11715
10	11048
1	1200
5	9065
9	-870
1	9830
5	7247
6	-9842
11	-6007
2	-1883
1	1244
3	-9609
3	-5889
11	-8356
5	7737
5	4431
11	1545
1	1629
9	1624
3	5875
10	2710
3	1737
1	15446
5	9287
3	-5737
1	4192
1	-2395
5	15863
5	-8613
1	-2960
1	-3136
5	2264
1	7397
5	-366
10	4509
3	5763
6	9498
6	-9590
5	1739
5	2653
10	11332
10	5456
1	11317
1	7133
1	-9456
1	-18963
1	9758
1	-9059
5	8206
10	-357
1	5297
3	-9361
10	-2222
5	-30868
5	14
5	-3258
5	4417
8	1835
10	-57
3	-2431
5	-2791
5	4037
5	4623
2	-5202
5	8617
3	5735
5	-1493
1	1518
10	83
5	8672
1	106
11	4570
10	-4282
5	39
3	-14847
11	-37816
1	10183
5	-747
5	14377
1	2063
1	6770
1	4478
5	6733
5	-1174
5	-1788
3	9867
5	13423
5	5882
2	-985
10	-2375
5	-295
1	17506
1	989
5	1910
5	-1971
5	255
10	-1759
1	201
1	-584
5	-4000
1	285
3	-7046
5	12875
6	1940
10	8609
3	3364
5	7437
11	-8294
3	-1221
5	-4205
5	-49
1	13579
3	5039
1	3461
5	-5275
3	6804
5	7368
5	990
11	-1307
3	-9977
5	10667
5	463
5	12484
2	6758
1	-3046
5	-5848
1	-9419
1	-5392
5	9605
5	-843
7	10166
5	-7368
1	4948
1	5935
1	8760
5	-2900
1	16958
1	-6141
4	-7239
5	-10726
5	1988
3	7952
2	7340
11	-36522
5	-186
10	-828
5	8650
5	9197
10	-12858
3	4127
3	2600
5	-6308
3	279
3	1235
5	-5391
1	12110
3	-6914
5	-8958
1	-28713
1	6816
3	-221
3	-5245
1	5202
5	6864
5	-3418
2	11289
1	-3245
6	13040
1	10550
11	4965
5	-9204
1	3486
5	-1365
10	-15293
4	512
5	1014
5	1506
1	5931
5	-2018
1	-14741
10	7641
5	269
9	2353
5	3394
3	-8287
5	3853
1	474
3	13447
3	-14437
1	-39824
3	-24453
1	-9888
1	-41287
5	2419
1	9053
5	-1576
3	4221
10	-248
1	-882
5	2521
5	5464
11	7179
5	-3248
5	3983
3	3088
5	-7234
3	-16024
11	-1436
3	-8454
5	262
5	2397
8	2695
5	9302
3	10927
5	6875
1	-8412
1	5305
5	2719
5	1663
2	7575
5	4668
4	-10777
5	2611
5	-3160
1	5711
5	-13860
5	9987
9	9039
5	-458
1	-1155
1	9172
3	2883
4	-892
5	8348
5	-1882
8	6591
1	4510
3	1335
3	-7074
11	-10453
5	13076
3	168
5	-4441
1	3813
3	-18158
5	14402
11	-1801
5	6673
5	-656
1	6417
5	-5088
5	5002
9	3912
5	-1494
5	1760
5	5216
1	-2169
1	-2131
5	-164
5	10674
1	1471
2	2703
3	-15129
5	-2844
1	2777
3	3219
10	4665
8	10071
5	-11911
1	8874
5	11915
1	-3824
9	11880
1	1385
5	6784
9	-7377
4	2832
5	-2153
10	-15913
3	855
5	3660
5	10180
11	116
5	11428
9	1215
1	-4174
8	-2712
3	5303
5	2360
11	6024
1	-5380
5	-358
5	6699
5	368
1	-15112
3	1142
1	-61
2	7457
5	7987
5	-1021
5	4640
1	-12189
2	6359
5	-545
1	11137
5	-9120
5	8740
10	2578
9	9251
5	4160
5	-9558
1	-52291
5	-16096
1	-9296
1	-6297
1	9309
1	-13353
2	10660
5	7619
5	-10325
1	9358
5	3063
5	5528
7	-4860
1	1661
5	63
2	-1001
3	4507
5	-10916
5	-5465
3	-222
5	3577
5	-13290
1	-1129
7	5638
5	96
5	11472
3	-18580
5	-2439
1	3863
5	3486
5	1589
1	2727
5	8346
5	-2339
1	-16231
5	5008
5	1380
1	-3368
5	4995
5	-24
5	2305
3	13337
5	10836
1	-6047
5	4825
2	-3850
10	-1320
8	3649
1	4299
5	9232
10	-12271
5	-6584
5	-15781
5	-4103
5	8983
1	8399
4	-13072
5	10398
4	-3138
5	-5235
1	7044
5	-2558
5	6737
3	-2088
5	-4202
5	-5887
1	3607
6	1894
5	566
5	-2526
8	2694
5	4200
1	9839
9	-5537
6	-14298
3	-10255
5	-12218
5	8353
2	1130
5	3604
3	7088
4	-5624
1	-6799
1	10827
1	4800
7	-1913
1	9393
5	8657
1	-597
1	2846
1	-5565
5	3837
3	893
1	12394
1	915
4	8893
5	-10252
5	527
5	-17856
5	-11072
11	4891
5	-4939
5	-37855
1	-2600
5	1435
5	12149
5	-4226
3	-1121
10	-1588
11	-11811
5	-6119
5	4339
1	-2460
5	-14117
5	-4759
1	-223
1	9169
1	7667
5	2107
3	-1179
5	11781
1	3925
1	5834
3	11256
10	-5047
1	-8324
5	6172
2	-332
5	412
3	46
2	10114
3	-609
5	7584
5	-1636
5	-10529
5	7807
3	2955
2	-9320
5	8504
6	2898
3	4284
2	-10203
6	6082
2	-5155
5	-9923
3	971
9	8090
5	3926
1	8521
1	-1756
3	-3115
8	-182
1	-17976
5	4520
1	6593
5	-15928
5	147
1	-2235
3	408
10	5414
5	-2190
3	1943
1	-3848
3	8890
5	2631
7	1831
5	-2471
5	-1127
5	-9954
5	-23954
8	2045
5	9585
5	6032
6	-916
1	-8845
1	2519
11	10346
3	7400
5	12984
5	-5229
3	-4699
5	2426
1	-8973
5	2804
1	8362
2	-5144
1	6469
5	7254
2	8491
3	-3893
5	299
1	10709
5	8486
1	-21234
5	8304
5	9232
5	-203
5	8923
5	3964
5	-2371
5	15253
5	11276
3	384
5	-2911
5	-23416
1	-2430
8	8228
5	15264
3	3292
5	-5424
5	-19514
5	-12679
5	8529
1	6493
3	-4551
2	-312
3	-4125
1	-13699
1	-15182
1	-6880
5	2891
5	4265
6	-1880
10	9581
5	-804
5	17672
5	3841
5	-12100
5	824
3	1132
5	-13366
5	10360
1	11330
3	7682
10	-7446
5	-387
5	3612
6	2840
1	-1106
11	9589
5	-14491
1	7311
5	2196
5	8707
4	2040
5	-1142
5	8791
1	2988
1	3261
5	5752
3	339
5	-1361
1	5839
11	5134
3	-10295
3	-1687
5	575
1	-7720
6	9542
3	1787
10	-3525
11	-2338
4	-6970
1	10886
2	-3585
2	9858
1	-3900
5	2757
1	2637
1	7647
11	3320
3	2500
5	4881
3	-3807
10	3756
1	7154
5	9528
5	-3534
5	4862
5	6457
5	-9174
11	2310
1	-10399
5	2558
1	-2749
1	3829
5	925
1	8546
2	8634
5	8969
5	4335
3	7081
5	-1154
5	1530
3	-30871
3	15115
3	8774
5	1143
1	244
3	-2591
5	-4330
1	-2423
5	6381
10	3103
5	11704
1	9130
5	-2676
5	-16036
1	2471
5	9991
5	-468
1	1356
5	-158
1	8493
1	1178
10	2911
3	16644
3	-62913
9	-19295
10	11211
5	2189
6	4679
5	7551
5	6125
5	8432
10	228
5	-26562
11	1380
1	11982
1	3546
3	6943
1	0
5	6468
5	-229
2	-11508
2	-17521
5	1863
1	6103
6	-20488
5	4859
1	-856
5	-22608
5	1483
5	229
1	-1203
5	11305
3	7653
5	915
1	-641
5	-792
3	1328
5	-33957
3	10306
