4245	23192
6821	3315
8502	-3311
4111	-6624
5278	3315
-5794	2
4460	9941
3392	2
281	-3311
10276	-3311
10454	2
-595	9941
-649	6628
-3664	2
10395	-6624
-9362	2
10272	-6624
8134	2
5868	13254
-14683	16567
2024	3315
-8169	9941
8548	-6624
8705	-9936
9852	2
-17659	-3311
-2115	6628
7158	-3311
-10330	6628
10360	-3311
-3680	3315
-8929	2
5008	-6624
3615	-3311
1571	-13249
-16770	-13249
2179	-3311
-9688	-3311
-3328	-6624
10356	-3311
-14807	2
-17755	-19875
3216	-6624
1535	6628
-26418	-26501
7545	6628
10460	-3311
-8666	2
-7592	2
8778	-13249
6526	-9936
-17684	19880
5194	-6624
966	3315
-12149	2
8246	2
2147	6628
4180	9941
-14241	16567
-27113	29818
-5452	2
-23541	2
-2616	2
6266	13254
505	2
6248	2
-8349	3315
10353	9941
-17723	16567
8802	-3311
1724	2
10434	2
-7704	3315
-4505	3315
410	6628
5504	-6624
9645	6628
9171	-9936
8940	-3311
8808	-13249
3416	-3311
-3144	3315
10379	3315
10356	6628
8812	-9936
4555	-3311
-1382	6628
3940	-3311
-770	-3311
10367	-9936
-11503	-3311
4730	-6624
363	-9936
5432	-13249
-20088	9941
-3231	9941
-16499	6628
-1722	6628
8692	-19875
-3313	3315
-3412	-3311
10450	-3311
8894	3315
3207	2
6018	-3311
2748	3315
1017	3315
-1229	13254
9700	-3311
-1944	9941
8466	-6624
5992	-9936
-9043	16567
-562	-3311
7717	2
-5298	6628
10370	13254
6050	-6624
-11564	13254
3326	-3311
-6911	-3311
7338	2
5125	2
10464	-16562
-361	16567
-3014	3315
8419	-33127
-5539	9941
8500	2
-296	2
6491	2
3076	6628
6362	-6624
-23604	16567
10148	19880
317	-3311
7358	2
2005	2
-6408	9941
7193	-3311
-33870	6628
-6959	-6624
7815	2
3714	-6624
-14752	-19875
10424	-3311
-8898	3315
10065	-19875
10430	6628
8107	6628
9961	-16562
-13274	9941
-3984	3315
9568	16567
-2025	2
-10378	6628
10345	-23188
-3378	3315
-28244	19880
-11709	2
1954	2
6408	-6624
8765	-13249
-3172	-3311
-13197	13254
9380	2
-8016	13254
5674	2
10084	-9936
-8807	3315
-3829	3315
3416	-3311
-898	3315
-1502	-3311
8115	-6624
22	-3311
1023	2
10390	2
-4214	6628
6138	-9936
-13171	2
-5119	-3311
-6854	3315
3968	-6624
2051	6628
7546	-9936
-17948	-26501
5396	9941
8791	-6624
10458	-6624
-6565	3315
9035	-3311
4719	2
-1161	13254
-1268	-3311
10201	6628
5083	-9936
-10994	13254
5769	-9936
-2332	-3311
2687	3315
1494	2
4812	3315
-35732	29818
-30160	9941
8719	6628
-17803	6628
3069	3315
6478	-6624
10091	-6624
5707	-3311
-3645	3315
10100	-19875
7811	-3311
10246	3315
8039	13254
-12870	6628
7838	-9936
6117	3315
8148	-9936
-8375	6628
8397	-23188
-26237	3315
-14261	3315
3641	3315
-14500	2
-27756	9941
9697	6628
-7781	19880
9032	-3311
9200	-9936
2937	3315
1574	3315
9871	2
3414	6628
3284	-6624
-19380	-3311
-7463	6628
9819	6628
7697	13254
8679	2
-11872	2
10209	3315
-5828	23192
10176	2
8833	-3311
6482	-9936
-27383	6628
-5066	-23188
-1770	2
6323	19880
-455	3315
-32905	56321
8361	-9936
10112	-3311
5793	-3311
8850	2
830	2
-14670	2
-8013	2
-3272	9941
4082	-3311
9473	-16562
10344	2
10445	3315
10430	6628
9478	-6624
6573	-3311
-7285	3315
-1561	2
3763	6628
5235	-6624
-20428	9941
-9059	13254
-6963	3315
10441	-3311
8551	-3311
-30507	19880
9548	-6624
5251	2
-3613	2
-4641	-3311
-4126	-3311
8346	-6624
-3457	9941
10461	-9936
6477	2
4122	-3311
9677	2
-1894	-3311
10437	-16562
2762	-19875
10458	-6624
-1501	6628
8559	3315
4405	-3311
-6329	19880
2755	13254
9373	-13249
3910	2
1325	-29814
-17754	-19875
-1826	3315
8975	2
-987	-6624
1537	2
-9013	16567
-2550	2
5647	-3311
8518	-9936
10419	-19875
6223	6628
-3773	2
10154	-19875
1803	-9936
-30129	3315
7565	2
-30908	6628
7929	-9936
3811	-9936
10131	-16562
10459	-9936
-9411	6628
325	-6624
6534	-3311
1013	3315
-29863	29818
10144	13254
-1153	3315
9457	-9936
-29613	19880
7879	3315
-11298	6628
6304	-6624
-6510	-19875
6948	-9936
-13290	9941
10354	-3311
5385	-3311
-18133	13254
6816	-6624
-3571	3315
10438	-16562
8968	-3311
-11830	-3311
3032	-9936
2332	2
-499	3315
7080	2
10107	9941
6369	-9936
9340	-3311
4730	9941
-5536	3315
2820	-9936
8532	3315
6041	-3311
10203	-3311
9408	-13249
-14594	-3311
-7315	-3311
758	-23188
2404	3315
5080	-3311
931	-3311
-20501	2
2978	-9936
10456	-29814
-15410	13254
-7194	-6624
10298	-19875
3420	13254
-2727	3315
-10745	6628
2448	-6624
-10836	3315
7671	3315
-17280	2
2659	-6624
-14251	23192
5099	-13249
-11504	2
9111	3315
-12238	6628
-29484	3315
9863	-16562
-1804	6628
-10735	3315
-3708	-9936
9907	-19875
901	-6624
10404	-6624
7299	6628
-2090	-6624
3251	3315
-3039	-6624
-19131	-23188
4000	-13249
5618	3315
3599	13254
-1382	9941
-1471	6628
-1063	-9936
7295	-6624
-9802	3315
6942	2
5073	3315
-59	2
-20921	19880
1285	-6624
3551	3315
-1289	9941
-10361	3315
2009	2
6991	-16562
-700	-9936
2909	3315
-3814	-9936
10218	-6624
-18251	13254
9604	3315
10463	16567
-7074	3315
10102	2
9160	-3311
-9955	-13249
2426	-3311
5881	-6624
10453	3315
4354	2
-29951	-3311
-22159	9941
-1381	2
7392	-6624
3666	2
9346	3315
9602	3315
-27249	13254
-3912	6628
1627	-3311
-7725	9941
7579	-9936
-27109	-9936
9791	-3311
7942	9941
4979	-13249
9428	-13249
-15277	3315
9069	-3311
9966	-19875
8862	6628
8844	-6624
10007	-9936
-852	-3311
-1292	3315
10387	2
2200	2
10197	2
-4266	9941
-3222	-3311
611	3315
-9295	3315
10464	-9936
-19031	9941
9202	16567
2111	9941
2714	-3311
-16648	19880
10094	13254
9619	-16562
3373	-6624
9124	3315
-2242	3315
9857	3315
10454	-3311
-4716	9941
6323	9941
9836	-13249
3040	-6624
6139	-9936
7137	3315
7655	-9936
-3266	2
-23300	13254
7648	9941
-3087	19880
-5446	6628
3509	-6624
59	2
7112	2
-23860	3315
4621	13254
-10221	-3311
2604	6628
5578	-16562
10437	-9936
1925	3315
-7307	3315
-5957	19880
8051	-6624
-10289	23192
-6176	-3311
2262	2
9471	2
-6619	-6624
9744	3315
-17657	-26501
-20388	23192
-17993	13254
4881	-29814
1397	-6624
4076	-3311
-4543	-3311
7771	-3311
1499	-6624
6492	-3311
5932	16567
-12233	9941
2247	-13249
10401	3315
3853	-9936
2281	-6624
2596	-9936
-27959	6628
-33995	16567
-21319	13254
-1353	13254
-10658	3315
7980	-6624
10174	6628
2684	2
-8379	-3311
-6397	2
-7152	9941
-3290	-9936
-14517	3315
-2042	2
1351	3315
10290	-3311
6255	-3311
10322	3315
2560	3315
6930	2
-4197	-3311
3086	2
-3737	2
-891	-3311
-4224	-16562
5910	6628
-25056	16567
8162	-26501
-5974	-3311
10096	-13249
-2927	-6624
8194	-6624
9279	-3311
-10007	-6624
-5149	2
-14293	-16562
-2369	9941
9927	13254
10260	-3311
5505	-3311
-16950	-6624
-29769	9941
3397	-3311
-15318	-19875
7004	-6624
8947	-6624
10186	2
9670	-3311
-6755	2
7440	-9936
-6030	3315
-10356	6628
9046	3315
-17788	2
-3009	3315
8016	3315
3942	2
7601	3315
7221	-3311
10197	-19875
7560	2
-26313	19880
8137	-16562
4744	-9936
1384	-9936
-10636	6628
8706	-6624
9214	3315
-1218	3315
9388	-3311
-3704	6628
-10515	-3311
6879	2
7801	-19875
6864	-3311
-5780	6628
-471	2
110	-3311
9514	-6624
-795	-3311
8086	6628
-16980	6628
9824	-13249
7530	3315
8237	-16562
-7386	13254
6578	-3311
-7795	2
9777	-3311
6217	-26501
9696	2
9718	23192
1945	-3311
1578	13254
-649	2
-25622	9941
9925	-13249
-7419	3315
-5335	9941
4295	-9936
6901	-6624
10361	23192
5127	-3311
473	3315
-6256	3315
8295	2
-18372	-6624
10302	-13249
-13272	6628
-9650	19880
2857	2
5538	6628
793	-3311
4572	3315
9495	-9936
7787	-16562
10252	-6624
-2444	-19875
-20882	6628
-19978	3315
9036	-6624
-7020	-6624
-8139	-6624
-5417	2
3347	2
7176	-13249
-7327	2
-13160	-3311
8532	-6624
8304	6628
5375	-3311
-9255	-3311
1238	3315
7853	-13249
-18565	2
10446	-6624
-8564	3315
-129	19880
10202	3315
-10390	6628
-7533	9941
-9518	2
-8159	-3311
-11725	-6624
-9737	3315
-26052	16567
2829	3315
-10533	-9936
-6467	-16562
1342	6628
4190	-9936
-25153	13254
-15905	13254
9811	13254
7431	-6624
4899	-3311
-397	-9936
-15621	3315
10327	-16562
-22687	6628
-3844	-6624
8380	-3311
10139	-6624
-4421	3315
-4948	-3311
-18162	-16562
5482	9941
10458	2
10227	-6624
239	-6624
-6312	13254
10213	-13249
9813	-23188
-397	9941
-7486	2
-15688	6628
9976	-19875
7356	2
-680	-9936
9454	-13249
2451	-6624
5373	-6624
9978	9941
10226	-6624
7126	-6624
283	-3311
2307	-3311
7681	2
-3718	9941
-22378	16567
-2214	-9936
-15262	23192
5173	-3311
1392	-3311
421	3315
-5286	6628
-7709	-3311
-8688	2
-2588	-3311
2385	9941
10420	9941
4267	-6624
-21868	6628
8068	-6624
9903	-16562
-14570	9941
-8046	2
8487	-16562
5159	-3311
9730	3315
-14185	3315
7092	3315
-1375	-6624
860	2
-5484	3315
509	-3311
-19380	3315
8735	16567
-6143	3315
8194	-9936
-1662	3315
1503	2
9103	2
6655	6628
-697	9941
2613	-6624
-6780	-16562
9100	-13249
7841	-6624
-2112	3315
3091	3315
10262	-23188
10135	2
7446	16567
-8728	2
6556	13254
9608	6628
-1718	9941
9484	6628
6758	9941
9654	-13249
9482	6628
5867	6628
-3526	6628
1567	-9936
-167	-3311
-11771	9941
1982	-6624
-6414	-9936
5626	-9936
-19330	-6624
4978	9941
-2486	6628
10444	-23188
-13659	3315
-16665	3315
1863	-6624
-26550	6628
-13061	13254
10238	2
-8643	3315
-16250	-9936
5052	2
2521	3315
10420	-9936
4316	2
976	2
5943	23192
10463	-3311
5068	-19875
9145	3315
-12582	3315
2586	2
-5318	6628
8087	-16562
5666	2
-12292	16567
-21023	16567
-5010	3315
5477	-6624
1507	2
10390	-3311
-2043	-3311
339	-6624
8018	-19875
10464	-3311
9358	-9936
-12765	13254
-10359	3315
9194	-23188
1616	3315
6849	-19875
9760	6628
9811	-6624
10227	-6624
-14625	13254
9338	3315
-5955	2
7930	-9936
-5836	6628
-17631	13254
-4216	3315
-6426	3315
-52	-3311
-11935	19880
-10610	6628
-12905	2
8926	23192
-11095	3315
7083	-9936
7915	-6624
-6771	3315
-2661	2
10347	2
9584	-9936
-11064	9941
10228	2
2980	-3311
9531	-9936
-322	2
-11807	2
1012	2
6061	-13249
-2863	3315
-10828	13254
10266	-6624
-8995	3315
-10093	9941
10459	13254
-10153	6628
-1760	-3311
-5186	13254
8512	-19875
10289	-13249
-8076	9941
5083	-9936
-14932	9941
-219	3315
6640	-16562
7049	2
-16070	3315
10091	3315
8049	-13249
6282	2
-14942	16567
2589	-3311
-6936	6628
10181	-6624
2675	2
9471	-26501
-6344	3315
6768	16567
-7286	9941
4991	2
8546	-6624
10464	-19875
2937	6628
8020	-3311
1159	6628
-1041	3315
10462	2
3719	-3311
-3931	-6624
-5303	2
-2000	6628
-1741	6628
-2634	3315
1407	-16562
9061	6628
5718	13254
9150	19880
8077	2
-5542	13254
8473	-3311
-5770	3315
3262	-6624
7707	-3311
-1731	13254
10229	-19875
-5502	9941
-10243	16567
8891	-6624
7461	-3311
5948	-3311
-6504	-29814
10317	-16562
-6064	3315
-2518	2
9709	-9936
9831	3315
9449	3315
4718	-6624
-12401	-6624
9388	-16562
-5512	2
-7790	2
-19533	3315
-7520	9941
-4017	-3311
6091	3315
-16155	13254
3511	9941
7259	6628
-23616	3315
-10249	-3311
6939	-6624
9505	6628
6602	2
-5891	9941
4759	-3311
-1653	9941
-705	13254
9535	-13249
-19097	3315
749	2
-23841	6628
4919	6628
4076	-19875
9525	2
-2805	16567
9147	-9936
-782	-19875
-18020	16567
846	-3311
10112	19880
-11997	-3311
2329	6628
10323	6628
237	2
6860	-3311
3003	2
8364	-3311
1961	6628
-11180	3315
-8336	2
-12619	-19875
10356	6628
2900	-6624
-6349	6628
-5513	3315
5990	6628
3668	16567
-10037	-3311
-10944	-9936
-1459	3315
3562	-23188
-1822	2
4504	-13249
6017	-3311
10462	-6624
8224	-9936
-3334	-3311
5738	-13249
-17406	2
2347	3315
-7139	6628
-15296	9941
2923	-9936
10443	-13249
10258	2
9690	-16562
4242	-6624
4313	-6624
10409	3315
10156	6628
7812	-3311
-5004	9941
10214	13254
-8508	3315
7053	2
5244	-16562
427	3315
9534	-9936
-7928	-6624
-10856	-3311
3865	6628
-9218	3315
5766	-3311
8797	2
7305	-16562
-31021	19880
5947	2
-3426	2
1750	-3311
-632	3315
10036	2
-8123	9941
-7605	-3311
8833	9941
-3722	3315
-12561	2
7763	3315
8643	-3311
10436	-9936
-17683	9941
-2970	3315
1262	3315
10382	3315
-4983	-9936
6674	-13249
9345	-9936
-1515	-3311
-8584	3315
10134	-13249
-104	-6624
6304	-19875
7507	-3311
-11879	-3311
10339	19880
8112	3315
9250	2
10431	6628
4181	-6624
-1732	-19875
5586	-3311
-7351	16567
-5768	2
8971	2
-28914	13254
1023	2
-9779	9941
10437	-6624
-8169	2
-3414	-9936
7425	2
-9931	6628
10184	-9936
5884	-6624
-705	-3311
837	2
4473	26505
-10943	9941
-6801	6628
-1371	6628
-5000	-9936
3787	-9936
10458	-13249
-21925	19880
-8396	6628
4686	6628
8453	-3311
-11270	3315
-4934	2
2526	2
2307	2
1982	2
-9522	-3311
10362	3315
-5194	3315
-31304	33131
4296	13254
9014	-6624
8338	9941
-13540	9941
-2884	13254
-13594	2
-418	3315
10140	-9936
3852	6628
5624	-3311
-4063	-6624
10151	-3311
1689	3315
8773	-9936
-6598	9941
10328	-16562
9693	9941
-1857	6628
-11231	3315
-1589	2
6542	6628
7213	6628
-2952	-3311
1719	2
-7484	9941
-195	3315
9837	-6624
-15535	6628
-18292	23192
9424	-3311
-5418	-6624
202	-6624
2040	3315
-15306	2
3862	-3311
10210	-13249
10458	2
10358	-6624
-11658	6628
432	3315
-4658	2
-29921	6628
-4553	-3311
10459	6628
5837	9941
-8256	6628
7963	-9936
7117	-6624
4926	2
8680	3315
7416	9941
10382	-16562
-1593	3315
4036	6628
-2365	2
-3151	-3311
-18599	13254
1465	6628
7183	-13249
8986	6628
-7494	3315
-11757	-6624
-20745	13254
-23039	9941
-677	-6624
6221	-6624
-3473	6628
8517	-3311
8590	2
4000	-3311
-6710	-3311
5546	16567
-16980	46383
-28218	2
1965	2
-7114	13254
1822	2
-6584	6628
-18753	16567
10081	3315
3372	-6624
9413	-13249
6659	-6624
9142	16567
5229	-13249
3223	-13249
10440	-3311
10314	2
-8971	-9936
-3323	-13249
-1817	2
-9502	6628
8236	-9936
-9090	3315
736	9941
9740	-6624
5622	-16562
-5016	-3311
-8109	9941
9664	-6624
9514	-13249
10449	2
6699	-9936
-5557	9941
10085	3315
-17766	-6624
8649	-13249
6743	-3311
-5555	2
-19853	19880
8679	2
5005	-6624
5541	13254
5675	-9936
-2912	2
-10654	9941
-17454	16567
7782	-6624
7197	-26501
-2540	3315
9432	3315
-8152	3315
10048	19880
-8432	16567
10461	2
8613	-16562
-13	3315
-10561	6628
3132	-3311
-8014	13254
9417	9941
9331	-13249
132	-6624
5036	-6624
7346	-3311
6377	-3311
3424	2
-16492	3315
-837	2
-1965	3315
4612	3315
-18487	6628
7332	-3311
-1742	2
10114	-16562
-12737	6628
-19804	6628
-7940	6628
7082	-6624
-17858	-3311
-14697	9941
9539	-6624
-17050	-6624
-23649	23192
51	-3311
6321	-3311
1059	2
2693	-6624
-5255	9941
1422	-3311
-6338	3315
7363	-3311
2877	3315
10453	-19875
9716	2
3250	3315
3377	-3311
10386	6628
4070	-9936
5302	16567
9324	-3311
-163	-3311
-2295	3315
917	9941
336	3315
-4086	6628
1012	-23188
-15383	2
-3585	3315
-1738	9941
9442	-23188
10390	-13249
-13266	16567
3322	13254
5597	-3311
-5728	2
9862	3315
-3566	-3311
10464	2
-9989	2
-8263	6628
9591	-19875
10210	2
7020	2
8196	9941
3436	-6624
-3505	9941
10413	-9936
-20838	2
-17080	13254
10148	-13249
-24427	9941
7639	-9936
8480	-9936
-25992	2
446	6628
-10197	6628
8592	-3311
5688	-6624
3915	-6624
5709	-13249
-1466	-9936
8975	-6624
7439	-19875
10454	-13249
2558	2
9255	-9936
-2329	3315
-1370	6628
6295	6628
-13708	6628
-12929	6628
-19769	-13249
-954	3315
9923	-13249
9415	13254
8493	-23188
-10216	3315
2094	3315
944	13254
9689	-6624
-3421	9941
10454	2
5600	6628
2105	-3311
4082	16567
-2981	-9936
7452	-26501
1354	6628
-14713	-3311
-612	2
6418	-13249
6751	-3311
-8273	13254
-19595	-16562
10049	-3311
9946	2
-5854	6628
5697	6628
1990	-3311
2972	9941
10216	-6624
158	-6624
471	-9936
-9508	13254
9717	-6624
9941	-19875
9135	-9936
10303	3315
10268	-16562
9110	-13249
9666	2
8512	6628
-149	-3311
-5993	6628
1068	3315
10379	-6624
3947	-33127
-4856	9941
8101	3315
5662	-6624
-16624	3315
-21979	16567
-14002	-16562
5233	6628
-32355	6628
5123	-19875
2282	9941
-7033	6628
8930	-19875
4627	6628
1075	2
-6355	-3311
5470	9941
-14025	-29814
10421	3315
1682	6628
5211	-9936
-28590	2
3935	-3311
-1579	13254
-10702	6628
-914	-16562
-1071	-6624
-4585	13254
-30546	6628
-25365	9941
-669	6628
3148	6628
2710	2
10028	-3311
4013	2
10235	-9936
442	-16562
5595	3315
2036	13254
8292	-3311
10398	-3311
-78	-6624
8257	-13249
8685	-16562
-8310	3315
-13717	-6624
9936	-13249
-5111	2
639	2
-28516	29818
10221	-6624
-21963	2
-330	6628
9394	9941
7199	-6624
5529	2
3312	9941
-28613	6628
-3585	3315
4174	9941
-10230	6628
-3338	16567
-10558	9941
6836	2
9502	-6624
7631	-9936
-14530	6628
123	9941
9280	-13249
2291	2
10322	3315
10296	-9936
-16467	-9936
-8068	9941
-3694	6628
6050	-9936
-885	2
-4487	9941
7951	26505
9367	-3311
10384	2
-2261	-3311
8922	-6624
7706	2
9761	-6624
6376	2
10412	3315
5688	-3311
9058	-6624
10462	-19875
5037	-3311
-2583	3315
-607	6628
7761	-3311
7596	3315
586	6628
5938	-6624
3849	-9936
10416	3315
-4920	13254
7919	3315
10393	16567
8546	-3311
-929	-6624
107	-3311
9344	-6624
-12320	13254
-8969	13254
5887	-6624
8456	6628
6139	3315
8367	2
9647	-3311
4661	-3311
1103	3315
7307	-13249
-6954	9941
4919	-3311
-7117	13254
-15803	43070
1377	-3311
-24374	13254
7831	-3311
-4547	13254
10092	-9936
-30403	13254
-9836	2
-2846	3315
7638	-3311
3421	-3311
9817	-16562
10442	-13249
10403	-9936
5028	2
2219	-6624
-7210	-6624
-9358	3315
10305	-13249
10456	-9936
-5990	3315
-15377	-3311
6137	-9936
10123	2
10155	-6624
-1986	2
614	-3311
-26717	33131
-8501	16567
-6117	2
-13492	6628
9683	-9936
-13165	-6624
-167	2
5983	-3311
-21455	9941
2758	2
9455	3315
1256	-9936
6969	2
-3885	9941
-13699	6628
-6694	6628
5470	-16562
-25566	3315
-1836	9941
4102	13254
897	16567
8463	-13249
-15676	13254
-16200	-6624
-3762	3315
1188	3315
8094	-3311
6942	2
-11526	2
2421	-13249
-37210	36444
10449	-6624
2011	19880
10454	6628
8411	3315
-5759	6628
-15811	6628
-9583	2
-21775	-3311
2654	-3311
3144	-9936
1042	-3311
4037	9941
6883	-13249
8375	-3311
8500	2
-26548	9941
6323	13254
6331	-6624
-13091	9941
4231	2
8615	3315
1435	3315
-1758	6628
10123	9941
-1704	-13249
-17812	9941
10285	-3311
6562	-9936
-4820	9941
-3986	-6624
-5714	6628
-6793	3315
-26692	-3311
-26819	-6624
9597	-6624
-2221	2
-6427	3315
-1367	-3311
-7122	3315
8399	-3311
10108	3315
4808	-3311
10276	-6624
2920	9941
5125	3315
-12578	2
6592	3315
-6092	3315
-5561	6628
5476	2
-23884	2
428	13254
10037	-3311
-4336	3315
6342	13254
9046	3315
-7182	6628
7945	-9936
-11488	9941
10462	-9936
9616	-13249
-2575	9941
9429	-3311
8988	-6624
10314	-3311
-18782	9941
9140	-9936
-3104	2
10275	9941
3116	6628
10340	-19875
-6533	-6624
-3209	3315
8553	-13249
-27752	2
4168	-3311
9400	9941
8006	-23188
-8066	-3311
2741	-13249
3959	2
10102	-13249
8355	2
-12213	6628
3359	9941
4676	6628
4819	2
-11151	-3311
9485	16567
-8104	2
-11053	3315
3642	16567
5083	-6624
-217	6628
-3160	19880
1482	2
3333	9941
9955	-6624
-7774	3315
7883	-6624
10418	-3311
7019	2
-9973	6628
-3321	6628
-12288	6628
-9737	6628
10362	3315
-5398	-16562
5272	6628
278	-3311
9956	-3311
-18044	-13249
3650	3315
9294	3315
10439	-6624
-15894	2
-15737	2
2804	-3311
-471	-3311
-12638	-3311
-7201	-3311
-1555	49695
4569	-9936
10116	-3311
5736	-9936
3605	-3311
9522	6628
-1316	2
-18386	6628
-16776	-3311
7757	-3311
10457	3315
8950	9941
10459	-13249
-20447	2
-16106	-9936
-13655	9941
-682	-3311
-317	3315
4739	-3311
-6250	9941
9320	6628
-6992	2
-306	2
9872	3315
9678	2
-7863	6628
5547	-3311
8771	6628
4244	-6624
8184	-3311
1354	3315
-13584	16567
7703	3315
10348	3315
9442	-16562
8764	9941
5490	3315
6697	6628
3965	-3311
10363	2
8448	2
4069	3315
2966	6628
3500	3315
-457	-9936
8794	3315
4423	-3311
4469	3315
-5575	2
-17224	-3311
-20325	-3311
-11402	6628
2860	9941
8035	9941
4154	-3311
1137	6628
-15404	9941
-12992	3315
10094	-13249
8272	-3311
-8983	2
-9145	9941
9637	-13249
-7556	9941
6636	6628
9973	-19875
-13872	2
7377	2
8142	3315
9291	16567
-8636	16567
-3419	-3311
-9494	-16562
5057	2
-25644	-3311
-12359	19880
-25270	-6624
-14025	3315
3372	6628
8375	-6624
8616	-13249
-12362	29818
8549	-9936
4350	9941
-29001	-3311
10454	-23188
5037	-6624
-17825	13254
6956	-9936
5729	-6624
-8077	2
9304	13254
7855	-13249
4448	-13249
9167	3315
475	-3311
8072	13254
6231	3315
9992	-6624
10340	-3311
-1631	3315
9929	9941
-10669	13254
-14929	6628
10293	-13249
-7683	23192
-34475	26505
10031	-9936
8474	-6624
4655	2
-163	16567
7904	3315
4873	2
9466	-9936
4822	-16562
5408	2
-1025	3315
10227	6628
-3500	6628
10452	3315
-17812	3315
-11054	3315
10334	-6624
-1413	3315
10405	-3311
9307	-9936
-579	-19875
-9338	9941
1450	2
6606	2
-451	2
10379	13254
-1389	-6624
-31246	9941
-1972	6628
2673	6628
7708	-3311
-21966	-9936
-12003	3315
574	3315
-21994	-3311
-1925	-3311
9579	-23188
8288	-6624
10445	-3311
9784	9941
5637	3315
-14604	19880
-2186	6628
-5772	-6624
9654	3315
8757	13254
-22872	6628
-15121	2
972	2
6934	3315
10198	-13249
8279	6628
9108	-13249
416	9941
7312	-16562
-17047	-3311
-11739	-9936
9717	2
-1130	9941
7958	3315
2478	-3311
-18526	13254
-81	-3311
8559	13254
-2805	13254
10017	2
-17724	-3311
-12798	9941
10385	-6624
1070	-23188
-576	-6624
2705	-6624
8695	6628
9570	3315
9543	3315
1642	-13249
9757	3315
-6777	-6624
-704	-3311
-3538	-3311
-7972	9941
-1712	19880
-14164	2
-2856	-6624
-8378	-3311
-27757	-9936
-460	2
2224	-9936
3116	-3311
533	-3311
-9168	3315
-16911	2
8084	2
9513	9941
4898	6628
-13035	3315
-14314	23192
9962	-23188
3124	3315
10426	3315
9688	-13249
-26114	13254
7059	-3311
-6670	-6624
3332	-3311
-6397	3315
5401	3315
9378	-13249
8592	-9936
-6939	3315
-20763	-3311
9542	33131
7606	3315
4563	6628
10045	-6624
9404	-13249
-2763	-9936
6245	9941
2959	3315
-9665	9941
-10816	6628
9311	-3311
-13193	6628
-4063	2
-5234	-3311
9557	2
9820	-3311
6553	13254
4483	-13249
10463	-3311
-4798	3315
9105	6628
5080	-3311
10229	6628
9548	-23188
-18391	9941
-5618	2
-12519	9941
6203	-3311
5749	-6624
-9240	-9936
-18229	9941
8194	-19875
-9677	9941
6721	-9936
8453	-3311
3417	-6624
9999	3315
-5212	6628
1540	6628
-5081	13254
6644	-33127
-37104	16567
-9445	13254
3272	6628
2324	-3311
-1938	13254
8699	3315
4123	19880
8348	-9936
10458	9941
-33591	-3311
8499	6628
5835	6628
-959	2
-23243	-6624
497	6628
-21906	6628
-21244	3315
-6738	-3311
3977	-3311
6779	-13249
2101	-9936
-4543	-9936
2103	-3311
-13238	3315
-16331	-13249
6930	-3311
8396	-13249
10297	-23188
6857	-9936
-25682	3315
-6137	9941
-14508	2
-4403	6628
-5865	2
40	-6624
9861	-9936
5545	-16562
7854	-6624
5879	-3311
-109	2
8501	-3311
10439	2
-4532	2
-3824	3315
-2848	16567
7359	-3311
-4722	6628
8531	3315
-341	2
3751	6628
-350	3315
2316	-6624
-5266	-3311
-19701	23192
1649	6628
10186	6628
10443	9941
-25966	-6624
-9966	9941
7288	-6624
-69	-3311
-286	-3311
-6785	2
-6014	2
-20672	2
9651	-13249
4106	2
10424	-3311
8914	-3311
-4009	-3311
10113	2
3095	-3311
-19648	2
-5356	6628
10172	-9936
-12986	6628
6653	2
-36662	29818
3189	-19875
10442	-19875
2001	-9936
3387	2
6451	2
10375	-6624
-899	-6624
-16351	6628
-14579	43070
-16049	-9936
1318	3315
-13258	26505
7488	6628
7402	-9936
6417	-3311
10372	-19875
3482	9941
-17665	9941
4732	-3311
5154	3315
10281	-6624
10421	-6624
-12898	2
10306	2
-2782	3315
5909	-6624
10216	-6624
8746	-19875
8794	-6624
6430	-3311
3459	-6624
7328	-9936
10331	2
10007	-3311
10237	13254
-4509	9941
3992	6628
7587	-9936
-5499	13254
6503	-9936
10091	-19875
299	3315
-32418	6628
-9012	-3311
-22087	-9936
-11718	-16562
-1767	3315
-26754	-9936
10414	-9936
-2176	3315
-11799	6628
-13183	3315
9891	-16562
9350	6628
-25564	3315
7100	2
-1195	2
6668	9941
-11093	2
-5547	13254
3596	-6624
-6097	13254
10177	-13249
6295	-9936
-7206	-9936
9261	-19875
10417	2
6062	-13249
-1782	3315
9239	-9936
1533	3315
-5532	-6624
6598	-9936
6873	-9936
10061	6628
-4852	16567
5943	13254
-13236	6628
-249	3315
-2645	9941
7058	2
8737	-6624
-2568	16567
-10131	2
-7324	6628
-1409	-3311
10434	-9936
-21096	3315
-18883	-3311
-20796	-13249
10289	-13249
6490	-9936
-1789	3315
8948	-6624
-16916	-3311
-4274	2
10039	2
7268	-3311
-1534	-9936
-8377	3315
2395	16567
6976	-9936
5469	-9936
-16260	29818
-8089	-3311
8824	-3311
7192	-9936
-10381	-3311
-9609	6628
-13187	2
2709	3315
3579	-23188
3023	2
-26399	29818
3504	6628
1909	-3311
22	-3311
9879	3315
4899	-6624
-16892	-6624
4076	6628
-7974	3315
4809	-3311
-8049	6628
10231	-16562
-634	9941
2290	9941
3613	-6624
8753	-6624
-7923	2
-6505	9941
-2256	16567
-9095	9941
9127	3315
-7319	2
-14083	6628
6484	-3311
7202	-13249
-25940	36444
10421	-9936
4156	2
-12654	2
9550	2
3916	-9936
-3891	2
10188	-13249
-8483	6628
6294	3315
-4551	-6624
5165	6628
10321	-3311
7294	-3311
-5174	16567
-5071	3315
8021	3315
1837	2
6002	2
59	6628
-9416	-3311
10451	-9936
-2805	-3311
-10390	3315
-2827	19880
9832	-6624
9850	-19875
10449	2
10284	-9936
2619	2
-6692	-3311
447	16567
4050	-3311
1155	-3311
-1631	-3311
-5541	-3311
-10610	13254
-89	3315
6791	3315
10448	26505
6240	-16562
8289	-16562
7635	-26501
10051	-3311
-24114	2
-10769	2
6249	-13249
-1060	-6624
9930	2
-8724	3315
-14408	16567
-2203	-6624
-19449	-3311
6051	-9936
10421	-3311
2719	-6624
9591	-9936
7329	2
-8600	-9936
-1522	9941
-1480	3315
-7196	6628
3933	-3311
4935	-9936
10368	-9936
9628	-16562
9192	-3311
-23760	9941
-27189	19880
-34066	3315
6932	2
6249	-3311
-1732	-3311
-1815	-6624
6593	3315
10454	2
9467	-6624
2568	2
8386	-9936
10275	-3311
8506	-6624
-1077	-3311
5120	-19875
5227	-3311
6610	-3311
10245	-9936
2811	-3311
266	-3311
10383	13254
1315	-3311
-2912	9941
921	-6624
3157	-3311
10277	3315
-6043	9941
-21101	13254
10464	-16562
2930	-13249
2039	19880
-1921	9941
-7044	13254
-3201	9941
-18300	9941
-5584	2
-23897	-23188
-22311	3315
-223	-3311
6027	-23188
1986	-3311
10240	-16562
-8652	13254
-14120	6628
-1939	2
-16984	9941
9562	-13249
7388	-3311
8147	-6624
-6478	2
5730	3315
-2470	13254
-21021	9941
5368	-6624
8918	-3311
5464	-6624
1512	2
-199	6628
-9976	-3311
7080	-29814
6344	-3311
10461	6628
-9498	6628
-19287	2
6590	9941
5061	2
9215	-3311
9912	2
-1864	-3311
-23253	-19875
8228	3315
7696	-23188
-1378	-3311
8684	2
-1787	6628
-4604	3315
5648	-13249
3184	6628
-13753	3315
-17697	-16562
-7167	9941
10066	-3311
-5607	6628
-26558	2
9132	-6624
10402	-16562
-22568	-19875
10375	-3311
7657	-6624
7969	-26501
-6616	13254
4539	2
9190	-3311
2344	2
10181	2
-36636	29818
-6057	2
-746	2
8064	6628
10384	-9936
1343	-9936
-9847	6628
-604	29818
1934	-3311
4386	3315
-22961	-13249
-20569	16567
-16489	16567
5612	2
-25	-3311
949	3315
-1382	-3311
1674	2
9312	13254
6958	-3311
-7730	19880
10462	-9936
7339	-3311
-10219	-6624
-1934	9941
10416	-6624
10463	-23188
-24154	13254
-2596	-3311
-16929	2
5896	-3311
2888	2
-3187	-6624
-11862	26505
8339	-6624
3193	-3311
4088	-9936
7086	-9936
250	2
2051	6628
9984	-3311
10251	9941
-8736	2
3652	2
10259	-6624
-5373	9941
-11611	3315
8236	-13249
9156	-3311
9072	9941
-7473	9941
1214	19880
-2539	3315
846	-6624
-22313	-16562
-2307	6628
-28136	36444
2622	-3311
-7110	2
7455	-6624
8674	-6624
7062	-3311
2219	3315
9437	2
2610	-16562
1492	13254
-12439	-16562
-19331	13254
8186	-3311
-3025	-9936
4148	3315
8273	9941
10342	6628
10464	-6624
807	16567
-17521	9941
10017	-26501
3881	-3311
-3122	3315
-17566	-13249
5123	2
4105	-3311
7604	-3311
8602	-19875
10441	-13249
2698	6628
-12422	-3311
-32883	19880
-821	-3311
1408	2
9458	-6624
-1281	3315
510	3315
5622	3315
-8867	9941
7630	-9936
10428	2
10411	-16562
-13228	9941
-1924	-6624
1810	2
8104	-3311
9570	-3311
7696	3315
8708	-6624
3965	-3311
-5488	-16562
-7955	23192
10458	3315
3354	-3311
-8734	6628
7902	3315
-11163	13254
8532	-3311
-1599	3315
10212	9941
5871	6628
10286	-3311
-4544	3315
-4483	3315
-11656	3315
2692	3315
-2278	6628
8474	-9936
-2270	6628
7699	-19875
-2316	3315
4302	-3311
9514	2
8328	-3311
5766	-3311
1016	-3311
7649	-6624
10303	-19875
2975	-16562
1726	2
4079	9941
6276	2
-8634	-9936
-4245	3315
223	3315
-15578	16567
2628	-6624
-16131	13254
8109	-6624
10416	-9936
-4172	-9936
-16206	-3311
5	13254
-5292	2
7805	6628
5635	-9936
10045	-13249
9624	-6624
-561	13254
-1967	2
-4752	3315
3538	9941
5883	3315
1963	2
9686	13254
10216	-9936
-10843	-3311
-18526	29818
-17415	2
10464	-6624
9129	-3311
-19337	19880
145	-3311
10420	2
3030	-9936
2935	-26501
-11181	36444
2838	2
-1044	-3311
10048	-13249
-2550	-3311
-24324	19880
-9607	3315
5761	2
-272	3315
434	2
6349	16567
5037	-3311
8579	-3311
5366	-16562
4828	2
10394	2
-2571	-3311
-3950	2
6904	2
-11242	-16562
5779	-3311
7683	-13249
-5498	9941
9670	-6624
-31376	26505
-17635	-23188
6440	-26501
8118	13254
-11251	13254
821	6628
-2640	2
3221	3315
9901	-3311
8714	3315
-7203	9941
6172	3315
6192	6628
9979	-9936
10184	-13249
10399	6628
-8342	-3311
10073	-6624
-1913	-3311
-4924	6628
1185	3315
10463	-13249
-32086	13254
6770	-6624
-13553	9941
-4586	9941
8039	6628
3417	3315
-16537	-3311
2974	2
6191	-6624
-1354	3315
7108	-6624
-10121	6628
2779	-3311
-299	2
10397	-16562
-20813	29818
2840	6628
-14223	9941
9829	6628
-13935	2
4662	2
-3112	-16562
9730	2
4626	-9936
7205	6628
-6203	-3311
10069	3315
10086	-6624
7422	6628
7006	3315
3154	2
-6831	9941
-7081	3315
-13392	-3311
6336	-13249
-7947	9941
3595	-6624
1110	3315
3803	-6624
-17335	3315
8859	-6624
8794	9941
9952	2
8133	-3311
-12368	3315
8703	-9936
4839	2
9878	9941
-12235	6628
-8025	13254
2381	2
5315	-6624
9832	2
3340	2
7590	-9936
10424	3315
5225	3315
9148	-13249
2232	3315
4407	-13249
-637	9941
9448	-6624
-7157	26505
9505	-3311
4411	-3311
-17374	3315
8424	-13249
9481	9941
-3593	-3311
10198	-9936
-18929	6628
-8903	3315
9454	-13249
409	9941
10202	-13249
-15369	13254
8082	6628
1835	9941
5049	-3311
-22402	3315
-14316	23192
9065	-3311
7468	-6624
-4270	2
8320	6628
7857	-3311
10166	-6624
1301	9941
-22	-3311
-2757	2
663	6628
-6267	3315
9122	-13249
-26241	3315
1131	13254
1861	2
6590	-6624
-1663	-3311
9849	-3311
4213	-9936
937	-6624
-13617	9941
-2766	6628
6818	-16562
-3284	9941
5011	-6624
-20508	-16562
-5724	3315
10426	3315
-6815	6628
-11447	9941
10324	-16562
5072	6628
-8683	2
7086	13254
-3369	3315
-15037	29818
4364	-3311
9479	-9936
8771	-13249
9777	13254
-6080	2
-7324	-9936
5659	-3311
-6906	9941
-4502	6628
-16239	16567
10060	-23188
-7000	2
10446	-13249
9054	3315
9542	6628
8393	-19875
10280	13254
-24417	36444
9455	-9936
3144	3315
3558	-3311
9669	-19875
-14201	29818
8642	2
-19940	13254
9728	2
7116	-3311
10210	9941
-11060	9941
804	6628
10441	13254
861	-6624
-15093	-3311
8036	-13249
9265	-3311
-11842	-6624
6158	-13249
-20963	9941
10200	6628
-28066	9941
5994	-3311
10419	-6624
-1366	6628
-423	-6624
-6822	3315
10449	-9936
10437	19880
10052	6628
9125	-6624
6036	3315
3641	-9936
-2757	-6624
2590	3315
10091	9941
9989	-3311
-981	-19875
-6679	3315
10445	2
10064	6628
10355	-16562
-1756	9941
9521	-6624
-26495	16567
9916	3315
-4305	3315
9295	-9936
3786	-26501
-10245	6628
10356	-3311
7181	3315
6895	-3311
-4237	-6624
7448	-6624
7737	13254
10030	6628
7452	3315
5414	-9936
910	-3311
10419	-23188
2784	-6624
9796	-6624
-13653	6628
-13572	2
260	3315
10388	-9936
7748	-6624
9535	2
2576	2
10166	-9936
9688	-9936
10459	-3311
8729	2
-16746	13254
3048	3315
-1290	2
-2139	6628
5304	-3311
5773	6628
4928	16567
-6806	2
-8598	16567
7851	-6624
-3053	3315
-15299	-9936
-352	6628
549	2
-9414	16567
-865	6628
-7236	6628
-2714	3315
7468	9941
2992	-3311
-12062	-6624
10064	-3311
8785	-9936
10064	3315
7774	-3311
8591	-9936
3425	-33127
6570	-6624
7317	3315
10311	-19875
8278	-6624
-24714	9941
10269	62947
10151	6628
-2557	2
-6627	19880
7344	2
-18553	-19875
10042	2
5140	13254
8909	-13249
2266	-9936
-4364	-6624
10160	-9936
726	-3311
10008	-3311
4515	-3311
6489	-6624
3344	2
4184	-23188
7150	-3311
-187	6628
5433	16567
7858	3315
-3001	-9936
-7051	6628
1892	-13249
-5083	6628
7026	-6624
10456	6628
-6707	3315
5898	-6624
-7394	3315
4918	-9936
3659	2
-7880	6628
9679	16567
-9758	3315
-31072	23192
-15052	6628
8687	2
-27088	19880
4284	3315
-2134	3315
4978	-6624
-9152	-9936
10454	-3311
-16110	9941
1333	13254
8016	-9936
7105	6628
-7483	-3311
3971	6628
-456	9941
-5047	3315
-17558	-3311
379	2
-29439	23192
8288	3315
-1376	3315
6376	-3311
-13477	-6624
10151	-13249
-7566	2
517	3315
-18425	6628
10308	3315
-6232	3315
10391	13254
6521	3315
10066	9941
-1920	3315
7963	13254
9240	-6624
-8619	9941
10104	2
4070	3315
10440	-19875
9373	-6624
7574	-9936
-2360	3315
1075	16567
-8585	2
10336	16567
-4388	3315
-11842	19880
4517	6628
8491	3315
-5544	-3311
5639	2
10373	2
-2143	-9936
7816	6628
4321	-6624
6830	6628
-823	16567
10427	3315
1415	2
1399	2
-26472	16567
9921	-13249
10459	13254
-30325	3315
9894	3315
-5977	3315
3148	2
-3720	2
7735	-3311
10217	-6624
-21958	9941
10354	-9936
-8954	6628
574	9941
9438	-3311
-1111	-3311
9720	2
5875	-6624
7165	-19875
-23781	16567
-2378	-3311
4091	3315
-24695	3315
-17464	6628
282	2
19	6628
8365	3315
-657	3315
-6789	13254
7035	3315
-36058	46383
-6030	3315
4146	2
-15859	13254
-2088	2
8222	3315
3538	6628
1824	6628
10460	-6624
10416	-23188
-5920	-3311
10144	2
-11760	-19875
-4813	2
9898	-16562
7320	2
9961	9941
10281	2
-3821	2
-17937	-9936
910	-6624
3661	13254
9024	6628
-11994	-3311
9420	-16562
-5642	3315
-8517	6628
-13530	9941
2688	-6624
5468	3315
2589	2
-8677	3315
-4513	23192
5370	-6624
3290	-16562
6318	-6624
3618	-3311
6582	3315
-5405	-3311
5140	-3311
-16582	3315
-8663	13254
5264	-6624
10024	-16562
8605	-13249
-7039	3315
9404	2
-5235	3315
9038	-16562
8900	-6624
-10043	9941
10163	-23188
7288	-16562
-4640	2
9672	-3311
10462	9941
-9447	9941
-2961	13254
4956	16567
-10823	-16562
6941	3315
10283	2
8921	-3311
5117	-6624
6761	-9936
10380	-6624
10282	3315
-26183	29818
6825	-13249
-561	13254
6078	13254
9935	-3311
-9562	16567
-16069	2
-13341	19880
9956	2
10412	2
4800	6628
-1296	9941
3163	-6624
-7098	6628
8899	-6624
1486	-3311
8390	-9936
-2442	9941
-8386	19880
10417	-3311
2220	26505
-1587	2
-8668	-3311
7861	-26501
8447	2
-7707	6628
475	2
9333	-13249
7231	-16562
-7256	13254
-32860	26505
-30658	6628
9683	-9936
8648	-16562
1306	6628
8627	19880
3652	-3311
956	-9936
-11105	23192
6583	16567
-7327	-3311
-17332	13254
10445	-19875
6064	2
-37724	23192
-10121	-3311
-4327	-3311
-10117	2
-10239	3315
-2746	-3311
-20549	2
3474	6628
9229	-6624
-3743	6628
-12410	6628
9288	-9936
4510	-3311
-1653	2
-2006	-26501
-9400	6628
-7394	9941
-340	6628
4529	-3311
-15108	19880
9617	2
7482	3315
5305	-13249
7466	-23188
10431	-3311
4137	-16562
-8620	-6624
-5258	6628
-28618	3315
-9976	-9936
4277	-3311
7785	-16562
-2425	-9936
8107	-13249
9257	-3311
10464	-6624
-12489	6628
9958	-19875
3462	-3311
4754	-16562
-18198	19880
-7669	-6624
9843	3315
3628	3315
-6338	-23188
9165	-9936
4604	3315
5458	-3311
10455	-23188
3131	-3311
-17352	23192
-2092	-3311
9018	-6624
-13050	13254
-21189	3315
4005	-9936
-2899	9941
10427	2
-9586	6628
1569	19880
-2047	3315
9809	2
10105	-3311
-817	-6624
7930	-3311
4784	-6624
4566	-3311
3257	-16562
-10902	3315
9955	3315
2745	3315
6818	-6624
9641	-19875
3953	13254
-7592	3315
10435	6628
-21335	3315
9669	13254
7169	13254
-300	3315
2627	19880
-3723	9941
6980	2
-13460	13254
-2351	3315
8105	-9936
7796	-19875
-18899	6628
-19141	26505
-12875	9941
5336	2
10347	13254
6710	-3311
6100	2
10408	-16562
3496	9941
2417	2
8732	-6624
-10903	16567
10373	2
10217	-6624
5115	36444
-12383	9941
-16055	13254
-9145	-3311
8693	2
-18594	6628
4601	6628
-32425	13254
-25864	16567
-18057	19880
3259	-6624
-10891	9941
10280	2
6861	-29814
-12581	2
-2252	9941
2752	2
-9692	13254
-16341	2
7411	-13249
8358	-9936
-2930	2
-17419	-3311
764	3315
8847	-13249
10426	-16562
5939	-6624
-30845	-13249
4487	-3311
8307	6628
9800	-9936
10446	-16562
-2877	16567
-234	19880
-17972	13254
-5276	3315
-5642	-6624
6026	-3311
-6420	-6624
2900	-13249
2314	-3311
10197	9941
7371	2
-14954	13254
-18763	6628
-30065	26505
6342	-6624
1536	-3311
8473	3315
8425	9941
10400	-19875
2304	13254
-6918	9941
-432	9941
10048	6628
-32334	33131
10448	-23188
6708	-13249
10313	-3311
-23090	3315
9764	-19875
10173	-3311
-9216	16567
4803	26505
-671	-3311
4309	6628
-12709	-3311
-8893	3315
9577	-3311
-13766	-3311
-3803	2
-8784	3315
9570	-13249
-1907	2
-4956	-6624
5696	3315
9356	-9936
8881	3315
-6299	6628
10194	-3311
-5231	-9936
-4129	6628
4706	2
9815	-3311
1685	3315
10001	2
10257	-16562
7577	-9936
-6247	3315
-6466	-6624
6646	-6624
-12278	-16562
1521	2
3438	6628
4409	-3311
9576	-3311
-3252	6628
-20421	2
-1525	-6624
7540	-9936
6361	3315
-66	-3311
-25877	6628
10460	-3311
-4540	-3311
-17292	3315
5683	9941
-11190	9941
-2679	-6624
9956	-13249
-11567	6628
-1024	2
-15170	3315
3639	-3311
1531	9941
219	3315
3423	-3311
-2963	2
-28179	3315
54	-3311
5578	9941
8369	-13249
10436	9941
9687	9941
9853	-6624
-8110	16567
6062	-9936
-23231	-26501
-8712	6628
-14052	-3311
7020	6628
9760	-3311
3651	-3311
-14975	2
7948	19880
-9113	-3311
-1023	6628
-5352	2
10239	-13249
10394	3315
10265	-13249
8389	-3311
4792	9941
10317	-6624
-34209	33131
7837	-3311
-2161	-3311
-3257	3315
8467	-3311
2089	-3311
2156	-6624
-14293	3315
-7179	3315
-13764	6628
3593	-6624
3615	3315
-13473	9941
5813	2
8842	-23188
10456	-3311
2862	-9936
518	-3311
3438	-3311
-13349	-29814
-6994	6628
8615	6628
-5583	26505
10024	6628
-5858	-3311
10442	2
-11598	3315
-5465	-9936
5046	-6624
-1370	2
-20046	26505
7782	9941
8406	-3311
-4588	23192
-4719	6628
-1669	3315
-6809	3315
-11888	19880
10463	2
10	2
6428	-16562
7936	6628
2946	3315
-619	6628
7124	2
7458	-3311
-24138	-3311
-8555	-13249
-8348	-3311
-20986	3315
9651	3315
-3217	-6624
5365	-6624
8270	2
-12408	9941
-207	-3311
9731	-3311
-11867	6628
-26034	16567
9978	16567
-5060	3315
-7717	2
-11420	6628
-3862	6628
-1841	9941
-12131	9941
10410	2
-5008	-23188
9690	2
8884	-13249
512	2
793	-6624
-14365	6628
1168	2
5063	-3311
-21823	-6624
7602	2
458	2
3237	-6624
10185	-6624
-30685	6628
-26995	6628
-27187	16567
-16139	19880
-7352	9941
1683	-3311
10409	2
-6854	6628
1521	2
6871	3315
-1695	-3311
-28647	3315
-7557	6628
2753	-3311
-428	-3311
6905	-9936
-457	-3311
8003	-3311
-18629	16567
2775	-3311
7599	-13249
9952	3315
8101	-6624
7617	-3311
-15458	6628
705	2
9826	-3311
-16050	9941
-22077	-6624
7145	-19875
6078	-3311
-283	-6624
5982	-3311
3068	2
9974	-3311
10447	2
9187	-16562
9814	9941
-3414	-6624
-7239	3315
10464	-6624
-13369	3315
-13861	6628
-8036	-3311
-2171	3315
-1037	-9936
10043	-9936
8634	6628
9446	-3311
3089	3315
10283	-13249
-7531	13254
4867	-3311
6327	2
7705	-3311
-21535	6628
-7139	2
7100	6628
3677	-3311
4075	-3311
-17820	2
10202	2
8324	-6624
7706	23192
-13970	6628
-4165	2
-31853	2
-4170	-6624
10380	-6624
3553	-6624
10407	-9936
-2170	3315
797	2
613	-13249
-10743	3315
7159	-6624
6378	-3311
-1752	3315
4980	9941
8156	9941
10451	-6624
-26506	6628
4022	2
-785	6628
-1276	9941
10464	-23188
10080	-6624
10392	2
3962	2
643	2
9752	9941
7605	-6624
9652	-19875
9027	-3311
-3216	3315
-5183	3315
-23742	19880
-25681	3315
10440	-13249
10400	-16562
10442	2
3971	-3311
5514	-3311
-1831	-3311
5528	19880
-34	9941
8490	-3311
9576	-3311
6712	6628
6578	-3311
8550	-3311
-2256	-3311
9554	-3311
-901	9941
6645	-13249
3991	-6624
-23071	3315
10410	6628
7039	-9936
-1231	6628
6353	3315
-23377	19880
-8669	3315
-22767	23192
3422	2
-1522	3315
-788	3315
4638	2
3211	2
-8183	19880
10396	-9936
8842	2
-13816	9941
-4804	2
-1356	-3311
7412	-19875
-265	2
9922	3315
8536	-13249
-6923	3315
-20499	-6624
-18138	16567
-1029	3315
6742	6628
8117	-3311
9352	-23188
8169	9941
9858	3315
-8002	6628
-2262	6628
5596	-9936
-16874	6628
9294	2
-23477	9941
7608	3315
-4845	2
9008	-13249
4980	-3311
294	13254
9969	6628
10450	-3311
-7171	-3311
9504	-3311
5312	-13249
-33334	26505
5317	-9936
-5004	-3311
1484	-3311
5566	-3311
-9240	2
-17659	6628
2074	-6624
-4132	-3311
4192	-9936
8819	3315
8467	-9936
-25125	6628
-18220	2
-9103	9941
-17691	-3311
8594	-3311
9697	3315
9951	6628
1007	29818
6250	-6624
4997	6628
-20663	-3311
-6227	9941
1854	2
7924	-6624
5170	-6624
-26694	2
2426	2
2167	-9936
-4444	-3311
10379	-9936
10416	-6624
9588	-13249
3895	3315
-1131	16567
-776	9941
10461	-3311
4800	2
4902	9941
6624	-6624
10444	-16562
7643	-9936
6731	-6624
-4574	-6624
1312	2
-13590	-6624
6539	13254
-9342	9941
2722	9941
-2883	2
9957	-13249
9438	-13249
244	2
7056	-16562
-3458	3315
10235	-3311
1222	3315
936	-23188
10410	-9936
1367	-3311
-11918	9941
7134	3315
10209	-6624
408	29818
4654	2
5881	-6624
10020	-6624
-13283	6628
319	-6624
10136	2
-16319	-13249
-9713	2
6033	-19875
387	2
-17498	3315
-1727	-6624
8668	-13249
9123	2
-2309	-26501
-3977	9941
-7673	9941
4416	-6624
9088	3315
5605	6628
-1761	2
6865	6628
-3091	3315
3502	-9936
-7495	-9936
-15310	2
9859	2
-11593	13254
-16738	6628
-4082	13254
2628	-13249
-9428	2
1629	-6624
7366	-9936
-13311	2
-19812	13254
9192	2
6412	6628
-13211	6628
9086	-6624
7843	-3311
-1549	9941
2575	2
9447	-6624
-9178	-3311
-310	-3311
-15789	6628
-16033	3315
10415	-3311
-728	-9936
237	3315
5358	16567
7919	3315
3286	-3311
-17910	2
-4672	-6624
7875	2
947	3315
8483	9941
4500	2
10425	-9936
-33011	39757
5567	-9936
-149	3315
3536	-9936
9383	-16562
-3596	3315
4735	6628
10049	-6624
-34006	59634
9694	-13249
9706	-9936
-4316	-6624
-16552	-6624
3876	-6624
-3296	-3311
-25836	23192
5334	3315
4231	3315
8289	-3311
9952	2
3598	-26501
-28440	19880
9948	6628
-9476	3315
3234	-6624
-13231	-3311
978	3315
4189	-16562
-12568	13254
10223	2
8931	-9936
5570	-3311
-5115	-3311
10457	-19875
-882	6628
1156	3315
5120	2
10198	-6624
-1457	-3311
10448	-9936
9466	3315
6384	-9936
9511	13254
-8420	-3311
3130	-3311
8080	-3311
-7303	-3311
5457	-16562
9964	-6624
6848	-3311
10463	-9936
10325	-6624
414	-6624
-22730	-23188
5179	-9936
8144	-3311
670	3315
10382	-6624
2545	-3311
4107	19880
8919	6628
2472	3315
2692	3315
8791	-6624
8836	-9936
10427	-3311
-911	2
4533	-3311
4910	-9936
-2679	3315
10285	-23188
-45	3315
8973	-19875
8510	9941
-29908	26505
8569	-9936
8408	-3311
-11578	-19875
7594	-9936
-3863	2
-8685	3315
-7816	9941
-12516	3315
6201	-9936
-19779	29818
10449	2
-17090	-3311
-3489	2
4973	-13249
2286	3315
-3681	2
-1275	2
9034	-3311
6685	2
-1868	-6624
4382	-9936
-2341	6628
3250	2
-12388	-3311
3412	6628
7844	16567
-23787	13254
8541	-3311
-989	2
3942	6628
-2420	2
-11282	9941
-15536	6628
2377	-6624
-8240	2
-10618	13254
8177	2
1150	-3311
-8177	13254
10233	-3311
-10904	3315
2887	-3311
2279	-13249
-12066	13254
-6124	19880
9255	19880
2685	26505
10242	-13249
5863	3315
-1390	3315
10446	-6624
1056	3315
-215	3315
655	-3311
-19262	16567
10397	6628
8363	-9936
-10229	-3311
3010	-3311
3349	2
10020	-3311
8112	-3311
2420	-9936
-1089	-13249
-16648	26505
10330	23192
10438	3315
2404	6628
-5915	2
-29357	9941
-2558	-3311
10325	-13249
5299	-3311
-19942	6628
-2361	3315
-9092	3315
9523	-6624
6902	9941
-9670	13254
2529	-9936
4305	-3311
9428	2
-14664	6628
-14840	9941
-8252	9941
5836	-6624
-19470	3315
4232	3315
-1175	-3311
6622	-3311
7533	-16562
2075	6628
9374	-3311
-8724	-6624
3242	-3311
7569	-3311
9139	-13249
8158	-6624
-14445	3315
-12927	6628
-17918	16567
-9667	2
5121	-3311
9815	-3311
5319	-6624
-8808	2
10372	-9936
-2631	6628
-12205	2
7108	6628
-29176	19880
10025	2
4086	2
7329	-3311
-9846	6628
-2950	6628
-17412	19880
10119	-3311
10462	-9936
9771	26505
10370	9941
-16367	13254
9143	-13249
-5050	6628
7124	2
603	-3311
7068	6628
-8574	9941
7973	-6624
-7969	9941
-12764	2
10464	-19875
9298	3315
3688	-9936
7071	2
8667	3315
-5793	9941
10119	-23188
2722	9941
-596	-6624
-5509	6628
-556	3315
-11251	9941
7703	-9936
-3677	9941
8737	-3311
1299	2
8875	9941
8465	-9936
-19438	9941
-826	9941
4925	3315
-2270	3315
6949	-6624
-881	6628
-14017	2
5669	-16562
-10008	3315
-22494	13254
6537	3315
10046	-19875
8348	-19875
-3555	9941
8427	3315
-7480	9941
-11739	-9936
3519	13254
6789	-6624
3725	2
-18011	-9936
9715	-26501
10351	-13249
6468	-9936
3870	9941
952	6628
1545	2
8875	-13249
6962	-6624
2757	2
8801	13254
-28355	9941
10112	3315
2076	-3311
9716	-3311
-10309	3315
632	2
-3824	3315
3205	16567
9815	2
9483	3315
194	-9936
-8160	9941
-2395	-3311
991	3315
-631	-6624
-11334	6628
9965	3315
1509	-6624
-25941	6628
8526	-3311
4504	-9936
10265	-9936
6666	-9936
-6166	-3311
-3739	19880
-8612	-13249
-4208	2
10172	-13249
-7261	3315
-4045	13254
-18471	-16562
10334	-3311
-9904	6628
-7903	3315
-8002	6628
587	-6624
-4829	16567
-9042	6628
1764	6628
1439	2
10459	-6624
-25402	-9936
2734	2
9059	3315
7955	-29814
2947	2
10464	13254
-21113	-3311
-13537	16567
-6070	19880
-8820	-16562
9247	-6624
-748	2
418	6628
-15772	-6624
-516	6628
7396	2
405	3315
6994	9941
8711	-16562
4816	-9936
10057	-9936
-6573	-3311
-5846	19880
-27673	3315
10377	2
-12586	2
-3254	2
55	6628
5977	-6624
-4097	6628
-16714	3315
5719	-3311
5088	6628
-3388	-3311
-7265	-3311
-19362	33131
-8132	3315
-4846	3315
10306	-19875
-14881	9941
-12867	9941
2167	2
5853	-9936
-16006	-6624
10251	3315
-11640	2
2752	3315
3679	-6624
-5635	3315
-1542	26505
10460	2
6269	-16562
5613	2
9038	-9936
-571	2
1629	16567
10391	-19875
10206	-6624
-17027	2
3123	-9936
7605	3315
1815	2
515	19880
9357	-19875
-3750	6628
-10587	23192
4162	-3311
4888	2
3645	-6624
10324	-6624
5836	-6624
9572	-6624
-857	-3311
2745	-9936
3780	-16562
5380	-6624
7448	6628
6277	2
378	2
-25563	16567
7528	-9936
9733	-9936
10463	9941
8511	-3311
10157	9941
715	3315
6401	3315
8877	-16562
10388	6628
-6059	2
8244	9941
-647	-3311
8234	9941
-3910	16567
-12224	3315
10406	-13249
9944	9941
6700	-6624
4330	-13249
8448	-6624
10459	2
5264	2
-8133	9941
3112	-6624
1461	2
-4736	2
225	6628
-6733	13254
-9239	6628
-580	16567
-2897	3315
-2662	9941
9594	-16562
-30756	16567
4558	19880
10003	9941
6712	-16562
-2593	3315
-7291	-3311
-6415	6628
-17159	-13249
-10935	9941
9516	-3311
6335	-3311
-12068	9941
-17393	19880
-2055	3315
4992	-3311
10458	3315
-5873	2
10120	-6624
10460	-9936
5097	-9936
9922	-3311
-4487	2
9481	-9936
1973	-6624
9234	-9936
675	-3311
9554	-9936
3046	-3311
-24511	6628
4708	-6624
10456	-9936
-8316	16567
2681	3315
7245	3315
-7607	3315
10349	-9936
-22106	-6624
-14493	3315
8608	13254
-10714	-3311
5278	-6624
3445	-3311
-9853	-6624
10096	-6624
8525	-6624
5257	-9936
-191	2
3818	-6624
-156	3315
-2344	-19875
-7869	2
-27745	3315
-32270	23192
8320	2
-2488	-16562
10457	-26501
10398	-6624
-14428	9941
10208	-13249
3749	-9936
994	2
-12997	19880
3698	6628
-16613	2
10454	-3311
10444	-9936
8377	-6624
535	-3311
3611	6628
10301	-9936
8450	-3311
2195	3315
-31336	9941
2472	-3311
6375	-6624
7643	2
10330	-3311
3654	6628
10343	2
-3878	3315
2788	9941
10012	-9936
7176	-3311
-13886	13254
-6080	9941
8563	-23188
2744	-13249
6079	2
4583	-3311
9033	-6624
-2797	2
9082	-13249
9326	-13249
8952	-9936
1146	2
2056	-9936
-3780	-3311
-29720	6628
-6770	19880
4742	2
-13776	3315
-10689	9941
-6199	3315
-12415	6628
-2904	-9936
-9705	16567
1173	3315
-5600	9941
9965	2
3726	-9936
-1082	6628
2133	9941
8610	-6624
10083	-19875
7958	-3311
7933	3315
3005	3315
8867	6628
9926	-6624
10192	3315
-1833	3315
-3244	-3311
5526	-6624
10147	-6624
5862	-9936
509	-6624
7538	-6624
1674	3315
9497	-6624
10459	-13249
-9037	2
3554	-9936
10443	-3311
-15351	3315
-541	-6624
-5565	2
3638	-6624
3095	16567
4405	6628
-3347	-6624
-4691	-3311
2694	19880
8251	3315
-17187	-19875
-18396	6628
-1866	3315
-8337	3315
4506	3315
10085	6628
-570	2
-1287	-3311
-200	2
-1330	9941
-16775	2
5309	-3311
9899	-26501
-13933	6628
-2627	3315
-6948	-3311
-12254	13254
9960	3315
-8417	13254
10397	2
8301	6628
9388	2
4318	-6624
-10264	2
6912	2
-28644	6628
-17064	-9936
10386	-9936
8033	-13249
-1351	-3311
9479	-6624
10072	2
10351	-6624
-1220	-3311
2807	-6624
-673	2
-31248	6628
6490	-3311
-375	-3311
-9288	3315
-13348	13254
7582	-13249
8443	6628
-6507	3315
6291	19880
-4183	6628
4685	2
-9399	13254
7893	6628
-6720	6628
2000	-6624
10125	6628
-18512	23192
5870	-16562
3052	-3311
10364	-19875
3982	-23188
10362	2
3380	2
6662	3315
-13845	16567
-19361	6628
-3076	3315
-12607	9941
-16289	3315
8623	-3311
8793	-16562
904	-9936
-10797	2
1192	-9936
3533	2
10371	-26501
6432	2
-7104	2
-1864	-3311
-6263	6628
10347	3315
-2925	-3311
-2765	9941
-9719	-13249
8491	3315
-6293	2
-11527	13254
1657	3315
6608	2
9725	-6624
-32	2
9795	3315
7521	-13249
-12928	-9936
8360	2
8914	-19875
6839	2
-6150	3315
8943	9941
8822	3315
-7975	6628
10298	-6624
-9157	-6624
-15651	23192
8734	6628
6519	-3311
-20484	-9936
3961	-6624
-19289	6628
7112	2
3635	6628
10375	-9936
-16164	2
1020	6628
9646	-6624
-17096	-3311
-17944	16567
4252	-3311
-2199	-6624
8953	-3311
8269	6628
-10714	19880
-289	2
-169	2
-4177	-9936
2859	-9936
-7038	6628
6699	-6624
10274	2
10396	-13249
10451	-3311
10328	-13249
-9690	6628
4382	-3311
9382	2
6007	-6624
-9978	-6624
-25913	23192
10293	2
8255	3315
-16870	9941
-10114	19880
-6633	3315
6062	-13249
5724	-16562
6309	2
3550	2
-794	3315
9544	2
8424	3315
-34352	29818
-13380	-3311
7622	2
10443	9941
-5494	3315
-3932	-3311
667	-6624
195	-3311
9529	3315
-9970	6628
7390	-3311
-25169	13254
-19348	3315
10301	2
3666	6628
10061	-23188
8903	2
-3590	3315
-9536	-13249
9997	-3311
-17529	13254
4084	-3311
6107	3315
9600	-9936
6577	-9936
-8624	3315
-2059	6628
-17266	3315
10421	2
6238	3315
623	-3311
-12976	-9936
-9107	9941
3383	2
-11007	6628
10432	16567
-19930	3315
-8400	9941
2896	-3311
7164	2
365	-3311
-18840	-9936
-1045	23192
-2615	-3311
-2117	16567
7534	-3311
-1510	-16562
-12069	16567
-5456	23192
-1331	-3311
-650	9941
8581	-13249
10449	-23188
-17300	-23188
-6506	3315
9520	2
-16037	6628
-1496	6628
-14314	2
-3026	2
8538	3315
9880	3315
7518	-6624
7963	-3311
9725	-6624
10060	2
8888	-29814
-19404	16567
-7034	3315
10041	2
-15541	16567
-20502	3315
9565	9941
9699	-9936
3924	2
-860	2
6348	2
-5852	2
-11408	6628
-37220	13254
8570	-3311
10056	16567
3572	6628
6173	2
10430	3315
2145	3315
5850	-6624
-993	13254
-8734	-3311
9329	2
6631	-3311
10101	-3311
9230	-6624
-24199	16567
-14865	3315
-1062	6628
-13576	-3311
-2278	3315
-717	2
3420	3315
2510	29818
5776	2
10288	3315
1110	2
3508	-3311
10019	-9936
-258	6628
10373	9941
5984	-3311
10314	-16562
8258	6628
9325	29818
985	-6624
9314	2
-7982	3315
-12411	13254
-1940	-6624
9126	-9936
-16196	13254
-16393	2
-6903	13254
10057	3315
7417	-6624
10103	-6624
-16894	-33127
6221	-3311
613	3315
4767	13254
-8573	2
5815	-3311
-9999	3315
-15237	2
5233	-3311
4913	-3311
-12788	6628
-9418	16567
9065	13254
9155	-6624
2186	2
157	-3311
-3804	2
9019	3315
-8207	-6624
10403	-3311
376	3315
4518	-9936
5491	2
302	3315
-1140	6628
4829	-3311
330	2
-534	-3311
7827	6628
9898	-6624
-4659	3315
-23715	19880
5866	2
8583	3315
10362	-9936
2397	3315
287	3315
9594	-23188
9743	-9936
-7046	2
-1556	16567
8412	-13249
6947	-6624
3521	-13249
-13107	9941
7985	-3311
-21273	16567
-1260	2
-397	13254
-123	2
9220	-3311
9539	-3311
-14636	6628
10090	2
10071	-16562
-9909	3315
-8382	6628
3548	6628
7542	3315
6157	2
2385	-9936
6517	-19875
10427	2
-3216	2
10390	-13249
-33872	13254
9652	-9936
9963	-9936
8383	-3311
-1793	-9936
2444	-6624
-9395	3315
4541	-6624
4985	-3311
-3679	3315
-2367	6628
9772	-9936
-1530	2
-313	-3311
10450	-6624
7952	-13249
-11850	9941
8189	-3311
-6508	3315
-2032	9941
10103	-6624
9275	-13249
-19871	6628
2392	6628
-16127	13254
5248	-3311
8177	-3311
3499	16567
9132	2
2689	19880
-4882	2
9170	-6624
9196	6628
4371	9941
5732	3315
-1507	13254
-5705	6628
10101	-6624
10463	3315
9006	-9936
-95	23192
-12816	3315
5821	6628
7507	-9936
2940	3315
9961	-19875
2442	9941
7987	2
9619	-3311
-8811	9941
9015	-13249
7494	2
9455	-3311
-5924	2
7356	6628
-20242	6628
10226	2
-15419	26505
1372	6628
-7216	3315
9663	-13249
5730	3315
-183	-3311
9450	2
5628	-3311
-1479	3315
3874	3315
10446	-13249
5285	6628
10448	-9936
-12236	13254
8055	-3311
9060	9941
-8593	6628
8477	-3311
7018	2
4441	2
-30670	6628
10464	-19875
4591	9941
-32603	-16562
3146	2
-21920	23192
10144	-19875
5882	-9936
10270	-9936
-3180	3315
6019	2
-3909	13254
8834	-6624
6761	-3311
-1471	-6624
9296	-13249
9912	-6624
9554	-13249
7738	-16562
4107	-6624
6994	-13249
5158	-6624
2508	2
7462	2
10461	-3311
-14351	2
36	3315
9315	-19875
-19401	-6624
5237	-6624
2400	2
105	-6624
7336	-9936
8340	-6624
3749	-6624
6295	-13249
-5555	6628
-8095	13254
-27324	3315
10450	9941
5342	2
4141	3315
-11622	9941
6162	-3311
-1614	19880
10063	9941
3503	6628
1327	-9936
9498	-3311
8291	-13249
9608	-9936
7549	3315
-2249	2
-6386	2
5546	3315
-5640	9941
5987	13254
6262	-3311
5249	6628
5957	2
8851	6628
4313	-26501
147	2
3835	-6624
7402	-9936
9562	-6624
9222	-6624
8705	2
2182	3315
10423	-13249
9816	2
252	2
-620	-9936
-1279	-9936
10441	-9936
10272	-23188
10382	9941
-22443	6628
-19019	-13249
10382	-16562
-11760	2
9873	2
1355	2
-3337	3315
50	3315
-6052	2
10412	3315
1186	-3311
-26398	9941
-9395	6628
-32074	23192
7330	-3311
4021	6628
3353	9941
-8146	6628
10389	-3311
1309	6628
7171	-9936
7643	2
3543	-13249
7199	-9936
3292	3315
-22791	2
6095	3315
9578	-9936
6216	2
-12350	-3311
9619	-29814
4475	3315
1921	2
9308	-9936
7231	6628
231	2
10220	-6624
5274	2
7590	-16562
9914	16567
-8775	3315
-17126	-9936
2767	-13249
3085	2
7181	-9936
-24835	-9936
3982	2
3193	2
4441	2
9836	-13249
7863	-26501
6844	3315
6031	-9936
572	2
9221	2
3816	6628
1678	-13249
-31370	3315
-3540	3315
9658	2
3692	-6624
10463	-3311
9002	6628
-22691	9941
-30548	36444
-30259	9941
-6724	2
10449	-3311
2910	2
-27829	3315
5142	2
-9635	3315
-4626	2
492	3315
3775	-6624
-800	26505
-2138	6628
6764	-6624
-5179	-9936
8236	3315
8453	-6624
9079	2
-29	6628
10016	-16562
-2322	2
4255	-3311
7973	-23188
4731	3315
7112	3315
4976	2
-11168	3315
9704	2
402	-19875
-5917	6628
-11880	2
407	-6624
4091	2
4443	-3311
1171	-9936
-2707	6628
2722	-3311
-1987	3315
-244	-6624
9201	-6624
10406	-3311
5694	-6624
8486	-6624
10097	-6624
9255	3315
6933	-16562
10277	-9936
9640	3315
1918	3315
-13205	2
9725	-3311
-8851	9941
10458	9941
9089	-13249
7562	3315
9920	-9936
-21053	29818
9376	6628
5763	-3311
6310	3315
7156	-13249
7666	-3311
8680	-6624
3568	-9936
4290	6628
4866	-6624
167	2
10459	-6624
7057	2
3666	-9936
-18024	-3311
4815	-3311
8730	-6624
-29127	26505
-8233	6628
9853	3315
-16897	-13249
-24977	13254
7848	-6624
8241	-9936
9993	2
-5674	13254
10387	2
3655	6628
-10393	26505
-13114	3315
10289	-13249
8193	-9936
7701	-6624
4304	-9936
8918	6628
10404	2
10360	6628
1673	-9936
1633	-3311
1614	2
6058	-3311
10095	-3311
10455	-9936
1295	-3311
-19745	19880
-2223	-3311
730	-3311
1910	-13249
8589	-16562
-7385	2
-1976	9941
-1161	2
10143	-9936
-5397	-3311
1537	2
5904	-9936
5952	3315
10075	-6624
-8777	3315
-4435	2
-444	13254
9067	-3311
9980	-9936
-5330	2
-3650	16567
-327	16567
-12009	-3311
9776	-3311
-5206	6628
-6016	-3311
-12813	6628
10453	-19875
-8511	-3311
-12113	3315
7419	-6624
-19161	23192
-7147	6628
10204	6628
-563	2
-11668	6628
10369	2
-3327	-6624
8465	2
9266	-3311
6607	13254
10453	-19875
387	-3311
9262	-9936
4509	-9936
-7260	6628
-19306	-3311
-6044	-9936
8666	13254
6420	9941
3714	-29814
6580	3315
10462	2
-9349	2
8513	3315
-7142	-3311
-2874	-6624
5586	-6624
-23692	6628
9429	2
-17752	3315
-6597	6628
-16560	9941
5179	-6624
10384	2
10181	-6624
-13275	9941
-10601	9941
10265	2
-20930	-3311
-5328	9941
3615	2
3088	-3311
5780	-6624
905	3315
-18181	3315
9004	6628
-6323	9941
-5433	9941
4028	-6624
-13622	-3311
1113	-3311
6525	-3311
2248	-6624
7817	6628
-12107	16567
-5846	2
-5434	13254
208	-3311
9162	-13249
2211	6628
-4654	2
3413	2
10192	-9936
5006	19880
10423	-6624
-5614	6628
8148	9941
-9744	2
-20	-6624
8329	-6624
-3170	3315
7884	2
4776	3315
-25304	2
-13795	-9936
10410	13254
5014	2
-2198	-3311
9302	-3311
-2376	9941
9141	2
2614	6628
-2108	6628
-3460	6628
7341	-9936
6423	9941
5908	-6624
-7910	2
-13664	3315
10270	3315
822	2
10423	2
-7853	9941
10381	-13249
10435	-19875
7490	3315
-27362	26505
1645	-6624
6699	-19875
932	13254
9216	2
7504	-6624
2885	-9936
8196	-6624
8146	-3311
-7990	-6624
452	-3311
2484	-3311
-6729	2
9336	-16562
-7720	9941
6041	2
8702	-13249
8317	-3311
10462	-19875
-6809	6628
3553	-3311
9841	-16562
3647	-6624
3592	-3311
-2599	-3311
2649	-9936
-23236	3315
7126	2
903	3315
-9585	2
7713	-3311
-546	-26501
-5514	2
8552	-6624
-14261	23192
5283	2
8192	3315
3545	6628
2373	-6624
-1700	9941
3744	6628
9728	-9936
10403	-13249
10312	6628
-14168	-3311
6901	-6624
1862	-9936
729	6628
9285	-9936
10463	6628
10419	-6624
4968	-3311
9197	-6624
-13492	9941
4811	-6624
-4982	2
626	2
2360	-6624
6907	2
-9857	3315
10434	-16562
4706	2
-29152	-23188
6973	-23188
10395	3315
509	3315
10439	-3311
-21930	6628
10429	-3311
-7416	6628
-22849	9941
8176	-9936
10460	2
-7213	2
-14007	2
-2648	3315
-14638	16567
2684	2
-6816	2
3962	2
-4292	2
-5085	9941
8772	3315
7790	6628
10437	2
-10422	9941
4873	-9936
-4661	2
-4635	2
-3320	6628
10405	-19875
8082	-29814
9776	16567
7037	-3311
10463	3315
6440	3315
-4036	2
9184	-3311
-2629	13254
9158	2
3740	3315
8835	2
8832	9941
-21946	2
-13212	9941
9515	19880
4290	-6624
9489	2
461	-9936
-6573	16567
-21436	-3311
2354	2
-17293	-19875
-3533	6628
2884	2
7305	-9936
8890	-6624
6732	6628
10459	-3311
2237	3315
7248	3315
-432	-3311
1389	-6624
-3311	2
9249	-9936
3359	-3311
10133	6628
7051	-6624
-5261	-6624
10094	-13249
-22185	9941
7695	-3311
10282	16567
6165	-9936
5843	-3311
-16550	3315
-2150	13254
-6199	2
-23727	-3311
8401	6628
1788	3315
-9979	-3311
-37062	-3311
9488	-6624
5206	9941
6933	-16562
8940	-6624
5441	-9936
9248	-13249
-11991	-23188
9366	-9936
-5200	-3311
4421	-3311
-4311	-9936
-5648	-3311
2278	6628
-8212	13254
5538	3315
-3625	6628
10433	-13249
7808	6628
-8077	9941
-351	9941
9410	13254
-8742	-3311
-3325	2
10262	6628
-17817	16567
3912	6628
8898	-13249
1642	-6624
6018	-3311
-20886	-3311
7812	-6624
9306	-13249
-5652	19880
9766	3315
5285	6628
-16649	6628
-3652	-13249
10464	3315
5651	-3311
7626	-9936
4868	13254
8758	-6624
5587	9941
3451	-6624
9591	-6624
-2669	3315
8880	2
9034	6628
-17873	13254
-14135	-9936
-16026	2
-22137	16567
-14496	3315
-6790	3315
9759	13254
6482	-3311
2239	-9936
5738	-9936
9618	9941
1605	3315
5576	-13249
2648	-3311
-19262	6628
9294	-3311
-4549	-3311
-7265	-3311
7693	-6624
-4261	2
2053	-3311
6328	-13249
8442	-6624
-10426	9941
10429	-6624
624	2
-8407	6628
2143	6628
3426	23192
5103	-6624
9172	-3311
-16245	9941
9897	2
4008	-16562
-3202	6628
4584	-9936
3417	2
-678	-6624
7842	-3311
9159	-6624
10400	6628
-18706	3315
3503	-6624
10181	-3311
7875	3315
10158	2
-13106	13254
-3580	-23188
-29636	6628
7262	3315
2847	-6624
7000	6628
8170	-3311
5514	3315
-29302	9941
1451	2
-15585	2
9755	3315
-362	6628
10128	2
-1825	3315
8184	3315
2654	-6624
10316	-23188
9172	9941
-3498	2
7842	-6624
10420	2
5202	-29814
-20725	13254
10447	-3311
1036	3315
1964	-3311
5407	-19875
9748	2
9440	19880
10464	-16562
10462	16567
10091	-6624
9513	-6624
-6135	9941
10458	-3311
9430	-16562
10445	-6624
-11797	-3311
8448	-13249
-738	6628
3855	-13249
-28904	16567
9704	3315
-4187	3315
898	-6624
8845	-3311
5291	3315
-7693	6628
-2595	-13249
-1282	3315
4391	2
7706	-6624
9754	-3311
10432	-3311
-18908	9941
5646	-3311
-14221	13254
10294	6628
-5287	-3311
-9001	-3311
-66	2
10339	-9936
1001	3315
-16171	19880
-12780	-3311
3551	9941
9728	-23188
9893	-13249
-11547	3315
71	6628
-6550	6628
-5355	9941
8827	19880
915	3315
10448	-9936
8155	-9936
5978	2
10388	-3311
-14469	9941
-22788	6628
8429	-16562
-21392	9941
61	2
4419	-6624
7529	2
9279	2
8994	2
-30744	43070
-29125	-6624
-3045	-6624
-9163	19880
-4533	2
10461	-13249
-7410	-26501
10409	-16562
3565	3315
3433	3315
-12134	19880
9011	-9936
9678	-13249
3326	9941
-22132	9941
-18369	16567
9796	2
2175	3315
259	3315
5778	-13249
-27610	-13249
-20170	-3311
1437	2
-19007	3315
-2597	9941
-29586	3315
8967	6628
10271	-9936
9164	-3311
-27506	-19875
10375	-6624
-20162	-3311
-5596	3315
-1886	-13249
5670	2
-8055	9941
-1861	-3311
-8192	2
6750	-9936
6223	2
-8213	3315
-10787	6628
8615	-6624
-359	-9936
5700	2
7355	-6624
-19029	9941
10095	-9936
3914	-3311
3956	-13249
-16769	-9936
-256	2
7855	-6624
8149	-3311
2739	-6624
10004	9941
135	-9936
-16769	13254
-5086	-13249
-1478	-6624
-6766	2
-4949	3315
10414	2
123	2
-1862	2
9397	9941
5342	9941
-16153	-3311
10092	3315
-15617	16567
6141	-9936
4565	3315
-2173	-6624
10109	2
10413	2
-19907	6628
4597	2
-13316	6628
9478	-9936
10312	9941
5788	3315
9150	-3311
9596	3315
4228	2
2232	-6624
-4870	9941
-8837	-6624
4116	-6624
-975	13254
10439	3315
-37616	66260
-12720	19880
6559	6628
-23751	2
-16507	-3311
4972	2
-13913	9941
5198	-6624
9601	-9936
393	9941
-14284	2
10452	3315
3940	-23188
9941	-9936
-26981	-9936
3441	2
-25765	6628
9970	-6624
4690	-3311
2640	-9936
-5621	2
-5673	-16562
7178	-19875
8596	-3311
3440	2
9557	-3311
5878	-3311
-18046	6628
-3315	-3311
4764	-3311
6446	-3311
94	13254
-19132	9941
-15512	9941
7671	-3311
1014	6628
-8432	19880
1187	-3311
2131	2
-25827	3315
671	2
-16677	9941
3644	9941
3560	-6624
9745	-6624
-32977	16567
-2715	9941
10164	3315
9555	3315
7724	-9936
-7007	13254
8753	-6624
5534	6628
-8117	2
-18310	-6624
10339	-13249
10285	-6624
8099	6628
3007	-3311
-8190	2
-4697	36444
9800	6628
-14032	-3311
5748	-3311
1292	-26501
-8690	3315
-2012	6628
-10546	-6624
-3431	9941
6956	3315
2851	2
9458	-13249
-829	3315
9005	-23188
10073	3315
2779	-9936
7200	9941
-8049	-3311
855	9941
4935	-9936
9628	-6624
9478	6628
-3604	-16562
6957	2
4226	13254
10330	-19875
-12692	16567
4934	9941
7311	-6624
408	3315
8765	2
6886	-3311
-14727	9941
10165	2
4790	3315
6844	2
-7675	3315
8307	16567
2420	-3311
1259	3315
7962	9941
8835	-9936
3659	-3311
-22116	3315
2458	6628
-8034	13254
10442	9941
1699	2
10384	9941
1629	2
-991	6628
2142	3315
9511	3315
-18846	13254
-2950	3315
9652	-19875
10379	-16562
2075	-16562
-14742	13254
9352	-9936
6231	-9936
3506	29818
1547	3315
-949	6628
-11925	6628
6098	-13249
6228	-6624
6877	-3311
-148	3315
3232	2
5610	2
5597	9941
1701	-3311
7347	9941
6449	-3311
-10997	2
-15321	3315
5357	3315
-5356	3315
1366	-9936
9486	-13249
-10762	19880
10046	-23188
9987	-23188
1025	-3311
10366	-9936
7366	6628
10453	2
-614	6628
-16775	16567
10374	-9936
9071	6628
-7783	3315
8882	3315
-15519	3315
-5714	3315
-12508	6628
6125	-3311
-40	-3311
1137	-3311
8593	-3311
10277	2
-6672	3315
4318	3315
-904	-3311
5046	-6624
-4099	-6624
5008	9941
-4089	6628
9881	3315
-4474	2
9117	6628
-15056	-6624
-25168	9941
-11548	3315
979	13254
-9205	3315
9127	-9936
738	-3311
10433	-19875
-15196	-6624
9240	-9936
2653	3315
-18581	3315
2594	-3311
2921	2
-335	-3311
7116	-13249
9791	-13249
-7111	13254
-4186	6628
8267	9941
-9881	2
-5515	13254
5095	2
-11728	16567
-1363	13254
-10893	-3311
112	13254
-16148	-3311
10453	-3311
2293	2
4240	9941
6526	3315
1248	6628
10463	-9936
10315	-6624
7584	-3311
-9044	2
-9835	-9936
-3778	2
-13665	3315
-782	2
-9169	19880
10460	-3311
5812	3315
10464	2
-1045	13254
9984	2
-7873	-29814
-36316	39757
-7086	9941
4795	-9936
10273	3315
10003	-3311
-9585	-3311
2086	3315
-24373	-13249
-16322	13254
-25874	6628
9411	-9936
-7907	-3311
9973	-16562
-12244	3315
5869	3315
4206	16567
-10428	-16562
3022	-3311
9061	6628
1276	6628
-11856	3315
9774	-6624
2198	-6624
8253	-6624
3864	-19875
6795	-3311
3133	2
3320	-3311
9661	-3311
-14430	19880
-18685	6628
-11584	-16562
5480	2
-17990	3315
-24840	2
2368	2
5343	3315
1553	-3311
7560	9941
7231	2
4523	-3311
-224	2
-19116	6628
-13824	9941
-398	13254
-494	2
-2212	-9936
9344	-3311
10259	3315
5532	-3311
-1233	3315
9034	-3311
9743	-3311
10026	26505
9832	-13249
-1667	3315
-1867	6628
-1217	9941
9886	-13249
7040	16567
-8037	3315
-6372	9941
2844	2
-9597	9941
-4876	3315
-8987	3315
8436	-13249
7524	-3311
-15586	-9936
10459	9941
-1747	9941
1939	-6624
-3063	3315
10214	-3311
-20637	-3311
9390	-23188
9868	3315
10420	3315
6998	-13249
6440	2
-4345	2
-9979	13254
-15953	6628
-13560	6628
4317	2
2121	3315
2412	9941
8355	-3311
-22835	19880
7677	-3311
8737	13254
7667	6628
-8421	16567
-3404	9941
-16169	23192
9362	6628
330	16567
8044	-6624
3478	16567
-5227	3315
-2461	3315
-9551	2
5386	-3311
6760	6628
1053	-19875
-897	-6624
7173	-6624
3263	9941
2741	-3311
415	-6624
7507	-6624
-3134	-9936
8287	2
3393	2
-7902	-3311
1000	2
-28284	23192
1978	-13249
6778	2
-6736	9941
-429	3315
-10975	2
-9302	6628
10127	2
1394	19880
505	-3311
2039	13254
5724	3315
-10003	3315
10123	2
3156	3315
10396	-3311
6629	2
-12504	3315
2108	6628
3709	-3311
907	-6624
10290	-9936
7057	-6624
9828	-9936
8792	-6624
3148	-6624
9233	-9936
3080	6628
-10319	9941
-2198	-3311
9595	3315
4588	-13249
-7376	6628
5638	3315
10180	2
-3603	2
-10074	3315
-2876	2
-16090	3315
9926	-3311
8235	2
-3083	3315
-6255	2
61	3315
6319	6628
2511	3315
9917	-3311
8675	-9936
-25387	19880
10214	-9936
9970	-9936
-15848	9941
-16322	26505
10443	-6624
3046	-9936
-4489	-6624
-17815	2
-4819	-6624
5660	13254
10383	6628
-8824	6628
6880	-13249
6149	-16562
1426	2
5306	-3311
-6851	2
-11194	6628
-4729	-3311
9912	9941
4439	-3311
-15048	6628
-2747	13254
4942	2
-5089	9941
-12207	3315
-1877	2
-15419	-19875
4404	2
6080	-6624
5510	2
-5563	3315
-18241	9941
-18322	6628
3376	-9936
-3142	6628
-16649	16567
-3526	9941
-22890	3315
5791	-6624
-7910	3315
-13958	-3311
3306	-6624
-13047	16567
-4470	13254
8462	-9936
-12850	9941
-502	6628
-3707	-3311
-3284	-6624
5834	-13249
10186	-19875
-16722	-6624
1178	3315
-1239	-3311
-5033	-9936
-11296	3315
6848	-23188
10138	-9936
-1734	2
9364	2
1186	-13249
10452	2
8552	-3311
3026	-23188
8008	-3311
9366	2
-3609	6628
-20352	6628
-18497	6628
369	-6624
4627	13254
10384	-6624
2861	-13249
8349	-13249
-14638	2
10243	3315
7908	3315
-3715	-3311
4279	2
3010	-3311
-16830	9941
-9046	-26501
-1961	2
8939	3315
-2597	-3311
7969	-13249
3649	-6624
1591	2
5572	-3311
-7747	19880
-10101	3315
3008	6628
2049	9941
5833	2
1551	2
-422	-13249
10386	29818
-917	3315
7806	-9936
7073	-6624
10334	-13249
-11552	3315
-4400	3315
2614	-6624
-19198	16567
-665	-9936
9842	-13249
-24693	16567
9800	-6624
-8613	2
5234	3315
231	3315
-3472	-9936
4987	-6624
-2002	2
-7710	-19875
885	9941
10455	2
9783	9941
-3421	-3311
-18660	3315
10425	2
9368	2
4094	2
6899	2
-24058	23192
-11315	9941
9649	-6624
5451	3315
8108	-3311
-16	2
5149	-13249
-3349	6628
-177	3315
-2130	3315
10337	-13249
-16209	6628
-1101	-3311
-23674	23192
-7836	2
-3892	3315
3949	-13249
-9807	19880
6283	-3311
-7008	6628
5053	6628
10005	-9936
7064	2
8251	6628
9623	-6624
6740	-6624
10463	-13249
-24262	-19875
4998	-6624
6873	3315
9131	-9936
-10189	3315
4333	-9936
6780	2
949	-9936
-10375	9941
10448	2
8405	-23188
-11314	9941
9096	6628
10234	-9936
109	2
4109	13254
10278	3315
9700	2
-10851	13254
10222	2
-13363	-3311
10093	6628
-2105	-16562
7830	3315
4334	-3311
8437	-6624
-3253	-9936
5795	6628
1427	2
-18233	6628
-22491	-16562
