21004	3
6616	9
-7199	2
13336	3
-5781	4
-3316	2
4649	9
-10266	4
22466	3
-6997	4
-5064	4
1732	9
-6066	2
-6973	4
-7659	2
-8596	4
-1205	9
-511	9
-3819	2
-2440	2
-5998	4
815	9
-5761	4
-3481	2
-4126	2
-7653	4
22960	3
-5358	2
-5217	2
-2582	9
6405	9
-6529	2
14867	3
-8967	4
-832	9
33700	6
-7446	4
-9761	4
-5081	2
-4138	2
-9456	4
-6803	2
12511	3
20380	6
-8725	4
-2028	2
-8745	4
-11810	4
5831	9
7214	9
4584	9
-9253	4
-6610	7
-3152	2
-8963	4
-3650	2
4668	9
-6230	2
-10729	5
7598	9
-10330	4
5622	9
6148	9
2958	9
-3501	2
-6511	7
5616	9
-8020	4
-8120	5
1718	9
1880	9
-6609	4
4157	9
-9325	4
3842	9
21764	3
-9572	2
-8037	2
-7153	4
15410	3
37458	6
5543	9
-2341	2
1758	9
-4237	2
-3813	2
538	9
631	9
4779	9
-2477	2
-10138	2
-5365	2
-5314	4
60	9
-6646	7
-15755	4
17908	3
-7919	4
-5806	4
-1314	9
9451	9
-5761	7
-8538	4
-6546	9
-3980	2
3040	9
-4630	7
-5642	2
-3671	4
-4726	4
17096	3
19006	3
-6133	2
-6510	7
19837	3
-5028	2
-10452	4
-5181	2
1723	9
-9122	4
-8405	4
27727	6
4827	9
-4647	7
-7070	4
-6474	2
5215	9
28837	6
-6188	2
-4736	2
17002	3
-5297	4
3020	9
-4874	2
-7461	4
-3112	2
1786	9
-9927	2
21452	3
-6123	2
3054	9
1932	9
-3153	2
-7589	4
-7185	2
-4948	4
-2954	2
-5878	2
-5072	2
-5432	2
3922	9
8608	3
18690	3
-4876	4
-5132	4
-9210	2
-7185	4
-6174	4
-4609	2
-7141	4
-7179	4
-3600	2
-5402	2
21033	3
-180	9
-7424	4
-7259	4
3373	9
-3308	2
-7866	2
3520	9
16765	3
-5475	2
18225	3
3938	9
-8072	7
-5182	2
22543	3
-5069	2
-7013	4
-6132	4
-4422	2
13212	3
202	9
-8340	4
-4149	2
6057	9
-5674	4
-4241	2
-8101	4
-3793	2
1237	9
-6048	4
-6931	4
-4073	2
2738	9
19282	3
22603	3
-218	9
3157	9
-8611	4
-3481	2
3251	9
-4242	2
-5352	2
21827	3
-5695	2
5124	9
-7453	2
-2805	2
-2075	2
-4486	2
-4882	2
18674	3
-3603	2
30714	6
26215	3
-10411	7
-7623	4
-7446	2
-10756	4
-3765	2
-7508	4
-7728	2
-5549	4
5317	9
-8877	2
5142	9
-6226	2
-9111	4
-8326	2
-4694	2
-6683	4
-1627	2
-7553	2
-7425	4
-9250	2
-7861	4
-3499	2
-7509	2
18825	3
18653	3
-7754	4
-5118	7
-3868	2
2089	9
732	9
-9177	4
-3435	2
-9622	2
31925	6
121	9
31776	6
-3518	2
-9880	4
2592	9
2533	9
-7587	2
-4992	2
-5255	2
2902	9
27845	6
1181	9
-7002	4
2083	9
-4993	2
-8497	2
-6352	2
-10168	4
-6441	2
-4345	2
-7218	4
17842	3
19770	3
-5345	4
-10554	2
-4861	4
-11709	2
20088	3
-9499	4
-7582	4
707	9
10528	3
-6141	4
-4942	2
-8724	4
-8197	4
4919	9
-3805	2
-2979	2
-3003	2
-8603	4
1845	9
-6061	2
-6589	2
-8116	4
-9612	2
-5228	4
-4668	2
-5087	4
-9001	4
1577	9
4422	9
3221	9
-4260	2
-8681	2
-2731	2
-6642	2
19976	3
-8336	4
-5786	2
35872	6
23881	3
-8086	2
-4101	2
-6790	8
5708	9
2195	9
4793	9
-3778	2
-5758	4
-1210	9
-6708	4
6600	9
-4681	2
-6503	2
1928	9
3566	9
-7590	4
15734	3
1346	9
-6392	4
972	9
-10055	4
-6860	2
-5590	4
-11761	4
22562	3
-2876	2
-4165	2
-5813	5
35603	6
-4312	2
-6655	2
-4409	2
-7800	4
884	9
-6858	4
-3057	2
6391	9
-10071	2
-5492	2
-4271	2
-9628	4
462	9
18822	3
21143	3
-1930	2
-7333	2
-4207	2
24623	3
390	9
33819	6
-6064	4
3543	9
6632	9
2867	9
-6218	2
-5146	4
-6139	4
-7060	2
-3118	2
2532	9
-7092	2
-6115	2
3963	9
-6900	4
6153	9
-4027	2
6029	9
-10105	4
-3236	2
1801	9
3456	9
-5537	2
-291	9
10681	3
-2642	2
27277	6
16494	3
1647	9
3876	9
-2820	9
7305	9
-4992	2
-7106	2
-7110	4
-8189	7
-630	9
-1900	9
-9344	4
-9003	4
-6043	2
15532	3
-7228	2
-8300	2
4632	9
-6239	2
-4742	2
-4686	4
344	9
-7887	4
-3716	2
23091	3
-5737	2
-3707	2
12644	3
-7844	4
4882	9
5243	9
-3199	2
-3053	2
-5	9
-4501	2
-6218	2
1691	9
-6044	4
2379	9
-1662	9
4166	9
-7490	2
-3190	2
-5901	4
146	9
2286	9
-2319	2
2041	9
-3611	2
-3057	4
-4580	2
2320	9
-7	9
-6995	7
7626	9
-1978	2
-2300	2
23202	3
21135	3
-11892	4
2551	9
34755	6
16098	3
32783	6
18051	3
-10281	4
-3443	2
-6091	2
-7065	7
-5530	4
-5588	4
2660	9
13456	3
-5337	2
-5949	2
-10410	2
-8136	2
10834	3
-5064	2
-1732	2
3997	9
5977	9
-7377	4
23325	3
-4664	4
-6078	2
13371	3
-10052	4
-1207	9
6099	9
-5566	2
-7434	4
-5695	2
5338	9
-3796	2
21822	3
30660	1
21453	3
-13964	7
8057	9
-5197	2
-4663	2
-4047	2
-9916	4
-12248	2
2537	9
4656	9
-5127	4
1537	9
-3748	2
4878	9
-6357	2
1705	9
-5157	2
-5033	4
-3844	2
-10987	4
-5758	4
6598	9
-7738	7
26392	6
16795	3
-23133	4
1326	9
-3809	2
-6354	4
-7722	2
-8324	2
-3397	2
26212	6
-4753	4
20084	3
4026	9
22174	3
-4580	2
-8251	4
-9148	2
28300	6
2814	9
-3544	2
-2902	2
-4745	2
-3053	2
27152	6
-6471	2
22648	3
2677	9
1433	9
13707	3
4817	9
798	9
16994	3
5655	9
-5755	4
-5382	2
-6690	4
-3557	2
-7357	4
-179	9
7800	9
-5873	4
-8825	4
-4351	2
2305	9
1756	9
-6878	4
-5950	2
-7771	4
4408	9
-1316	9
-9223	2
-8513	2
-3120	2
-3190	2
1489	9
5619	9
20148	3
-1119	9
-8145	4
-2589	2
1439	9
10492	3
-5162	4
-6113	4
-7525	4
-4001	2
24947	3
-9759	4
-3932	2
-2956	2
-8681	4
35459	1
-5657	9
-6529	2
-4151	2
-8749	2
2829	9
-9167	4
-6565	4
-8205	2
-3008	2
6543	9
1829	9
28787	6
-2484	9
-10544	2
-8673	4
5196	9
-8504	4
-5600	2
-8546	4
-4850	4
-3151	2
-9977	4
-6460	9
3708	9
-6164	7
-7935	2
-8402	4
-6044	2
-7555	2
3186	9
-4681	4
-3778	2
-4789	2
18105	3
5538	9
-8842	2
1662	9
-5322	2
-2563	2
-7364	7
2271	9
-5643	4
-6101	2
2929	9
18309	3
-1564	9
-6358	4
3559	9
26503	6
14852	3
6270	9
-5086	2
-3972	2
-8084	7
17366	6
-6494	4
4719	9
18780	3
-2285	2
-6916	2
14529	3
-6421	4
-5059	2
-7362	7
-3962	2
2951	9
-4929	2
2929	9
-6415	7
18332	3
769	9
26341	3
-4068	2
20959	3
-8113	2
-6838	7
-5825	4
-5895	4
2753	9
-6147	4
5121	9
101	9
14783	3
16613	3
4530	9
5568	9
20191	1
16340	3
1699	9
-2710	2
-8064	2
-4816	2
-4806	2
36006	6
-3801	2
1965	9
-4805	2
-8763	2
-3068	2
-9264	2
8049	9
1453	9
-6076	4
-7103	4
-2387	2
-11377	4
-5016	2
-5923	4
-8955	4
-7440	2
3754	9
4139	9
33747	6
-6609	2
-6208	2
-10508	4
3707	9
-5735	4
-7142	2
-5949	2
-9929	4
-7389	4
-6771	2
17716	6
-6616	2
-6735	4
-4234	2
24476	6
2067	9
-5825	2
35494	6
-626	9
-4566	2
-3801	2
-7795	4
-6642	2
-4637	2
-4566	2
-7796	4
4482	9
-14502	4
3095	9
-5292	2
-9078	2
3408	9
-2222	9
4552	9
-3887	4
-2802	9
2486	9
-11405	4
-6686	4
-15640	4
-9780	4
-7821	2
-6648	7
4938	9
-4020	2
-1608	2
-8027	4
17628	3
6004	9
-5258	2
-6343	2
-5116	2
4846	9
-6317	2
-374	9
-7388	4
18607	3
-7802	4
1963	9
28384	6
-3250	2
-6921	4
-2436	2
8368	9
1808	9
-2023	2
-7291	4
-5695	2
14709	3
-5177	4
-4326	2
-3894	2
-942	9
12931	3
-5906	2
-14540	4
14821	3
984	9
20232	3
-2298	4
-5106	2
9084	9
-5546	4
-4248	9
1774	9
3016	9
-4346	4
6082	9
-9048	7
-4658	2
-7389	4
-5368	2
8200	3
1975	9
-5808	2
29327	6
-6595	4
-7701	4
-5517	2
3336	9
2571	9
-8736	4
-9931	7
2966	9
-2253	2
6116	9
16019	3
-6365	2
-7270	2
-1890	9
20495	3
4609	9
-6334	4
-5506	9
-7524	2
-9077	2
-5123	2
-5766	2
-6111	2
4166	9
-8780	9
30150	6
-173	9
-1149	2
19158	3
-12769	4
-7756	7
-6023	4
18749	3
33327	6
-6506	4
-7272	7
-5612	4
1044	9
-7615	4
-7628	2
-8710	4
-6597	4
-6221	2
-5668	2
1843	9
-2866	2
-1060	9
23864	3
-5033	2
-6026	2
-4760	2
839	9
17765	3
5198	9
-9478	4
1886	9
-6121	4
-6341	2
-2791	2
-2443	2
-7953	4
1749	9
-6319	4
-5183	2
3237	9
23651	3
3402	9
-2732	2
21114	3
-95	9
-9038	4
-254	9
-7999	4
-4130	2
-5644	2
-7349	2
7597	9
-5208	2
-7130	4
4554	9
-2382	2
16528	3
-8438	2
-6556	4
-4060	2
19641	3
-7976	4
-6550	7
-5398	4
-3308	2
-2048	9
-880	9
5510	9
-5884	4
6798	9
-6458	4
-7629	2
-8718	2
-6465	2
-5877	4
-3915	2
-8818	4
29330	6
-6018	4
4610	9
26493	3
23000	3
4851	9
-9261	7
-2610	2
-7414	2
-5672	4
-10861	4
-6662	2
1572	9
37149	6
-502	9
-3541	2
4530	9
20009	6
15136	3
15068	3
-5570	2
-3952	2
-6875	4
-4399	2
-8466	2
18978	3
-5115	2
-8655	4
-6420	4
24415	3
3090	9
24620	6
640	9
-4760	2
6360	9
-8362	4
17343	3
-5636	2
1573	9
-4260	2
-1284	9
21218	3
4366	9
18670	3
2874	9
-4775	2
29601	6
-5055	2
29135	6
-517	9
2799	9
-5394	7
-7581	4
-7226	4
-7561	7
38532	1
-4739	2
3317	9
-3038	9
6991	9
-7665	4
-5938	2
-2955	2
-5099	2
-8873	4
4173	9
3580	9
3704	9
-6271	2
-7352	4
8449	9
-7723	4
-4265	4
-6599	4
27410	6
-9774	4
-4407	2
8075	9
15745	3
-5838	2
-9118	4
11270	3
1381	9
16947	3
-8932	4
-7911	4
-6453	4
-3633	4
4281	9
-5229	4
-4195	2
7168	9
-3415	2
2120	9
-6715	4
-4121	2
-2891	2
-6137	2
5147	9
-6511	2
-4703	2
-6793	4
-5857	2
-7255	4
6649	9
53	9
19223	3
-4383	2
-8949	4
-8030	4
-8255	2
-6511	2
-6019	2
-8863	2
-3312	2
-9103	4
4541	9
-390	9
-5658	2
1125	9
-9203	7
2859	9
366	9
17417	3
2784	9
-14668	4
-297	9
2080	9
-4635	4
6118	9
-5656	9
-4439	2
424	9
-7013	2
-10389	4
157	9
-8004	4
-10044	4
1474	9
-8185	2
-4627	2
-3435	2
-8067	4
16673	3
14862	3
-8943	4
-909	9
-5852	4
2925	9
-7568	7
30892	6
-6370	2
-8777	2
-3497	2
20220	3
3726	9
37	9
-5552	2
13996	3
3123	9
-6111	4
-3922	2
-6372	2
24620	3
-8717	4
-11383	2
9236	9
-4416	2
-5721	2
19262	3
2090	9
6327	9
2764	9
-2911	9
-13608	2
18223	3
1425	9
17367	3
-1356	9
-4461	7
23704	3
-4254	4
5111	9
6534	9
2141	9
1078	9
-5238	4
-9545	4
-6170	2
-4177	2
-9858	7
21019	3
-8534	4
-5529	2
-1824	2
-4066	9
-6433	4
-11015	4
-5852	2
-8079	2
18517	3
674	9
-6653	4
-5377	2
-7513	4
-6082	2
349	9
-1045	2
4872	9
-9459	2
7568	9
-5176	2
4303	9
-9918	4
-7820	7
505	9
6187	9
-3361	2
-130	9
-8013	4
-444	9
-8953	4
-2123	2
4506	9
-9836	2
-5559	4
-5288	4
20758	3
689	9
-4058	2
1022	9
-9229	4
-6959	4
-5350	2
18329	3
-5753	2
21939	3
-3387	2
-2621	2
12149	3
-98	9
2458	9
-3147	2
21781	3
-3713	2
-1532	2
-8140	2
-5824	4
-4124	2
-10499	4
-7251	4
-6522	4
-8128	4
-6159	4
27278	6
-5907	2
-5862	2
-7358	2
-3842	2
-6571	4
-4762	2
-3439	4
-3328	4
-4308	2
2301	9
-3865	2
1911	9
-4676	2
-6888	4
-6098	4
1613	9
18869	3
-3379	2
-7736	2
31585	6
-12023	2
-7888	4
21370	3
21573	6
-5526	2
18269	3
-6375	2
-4075	2
-6295	4
-5180	2
20927	3
4483	9
-5939	2
6470	9
-1776	9
36866	6
-4297	2
-4745	2
-8781	4
-6309	2
23970	6
2758	9
-2146	9
-7154	4
3588	9
-7015	7
-4811	4
2968	9
-7598	4
-7088	7
-8115	2
13789	3
-5497	2
4938	9
-6356	4
-9147	4
24693	6
20649	3
-8013	4
-1271	9
-4979	2
-2500	2
-1991	9
26228	6
4343	9
-5450	2
2139	9
-2938	9
29600	6
-7579	4
18006	3
-6190	2
1057	9
-2978	2
2847	9
-4952	4
-4873	2
6119	9
-4220	2
-7148	4
-6092	2
-3944	2
4804	9
-6167	2
-4341	2
-8622	4
-6549	4
27027	1
-9057	4
-6544	2
3553	9
3969	9
3062	9
-11112	4
-6326	4
5862	9
-4232	2
-5645	2
-5358	4
-5497	7
-8028	4
-4569	2
-8107	2
-6610	2
-6976	7
-3803	2
5078	9
2504	9
2416	9
-11542	7
-5200	2
23309	3
-615	9
-4295	2
-2968	2
996	9
5159	9
368	9
-5681	7
6233	9
-4871	2
-8623	4
3931	9
-5520	4
15823	3
4827	9
-9044	5
18761	3
-2704	9
19813	3
5374	9
-4450	2
-6936	2
18532	3
-4491	2
-5843	4
-3368	2
18331	3
2739	9
-6171	4
-4169	2
-2879	9
-4978	4
4431	9
-6782	4
-12935	2
-6345	2
-8161	2
1671	9
-6585	4
32777	6
3285	9
-6353	2
-5905	4
-4732	4
-8450	2
4312	9
-8498	2
-5303	2
22271	6
-4945	4
3858	3
-3902	2
22189	3
-5923	2
-9345	4
-6309	4
-1452	9
1654	9
20619	3
2354	9
-6657	4
-11572	7
-4610	2
-4753	2
-5646	2
-7762	2
-6157	2
19190	3
19391	3
-11204	7
1729	9
2104	9
-2778	2
1213	9
-8638	4
-9213	4
-6457	2
-3730	2
2874	9
-6742	2
-3208	2
-6121	2
21864	3
-2502	9
-2040	2
-2692	2
-9960	2
-2479	2
996	9
4337	9
4213	9
3201	9
1986	9
-5949	4
961	9
4221	9
-9784	4
-10206	4
14802	3
-10805	4
14738	3
-10389	4
-6205	4
7011	9
27080	6
1107	9
263	9
-8388	4
3084	9
4247	9
-8895	2
-4135	2
-7233	4
2814	9
2092	9
-13466	4
-3964	2
4096	9
-10713	4
2611	9
-7050	4
-6141	4
522	9
-7454	2
-7461	2
3667	9
-7655	4
2190	9
-10257	2
2856	9
-2937	9
-5304	4
-5093	2
2949	9
-4892	2
-4510	2
9197	3
-5390	4
1326	9
116	9
-1760	2
-5870	4
-3931	2
15657	3
733	9
-2727	4
-9659	2
-7582	4
-5556	2
1689	9
-6753	4
-6362	2
-5320	4
5518	9
1260	9
4486	9
5406	9
647	9
-8647	4
-4631	2
-7138	7
28649	6
-12714	2
-9124	4
2674	9
-8833	4
13	9
-6233	2
8234	9
-7418	4
-6255	2
-3482	2
-6268	2
-3822	2
10513	3
1069	9
-9134	4
11490	3
-7029	4
-5573	2
4103	9
-3857	2
-10607	4
-4245	2
-3294	2
5339	9
-7083	2
-7289	2
-4862	2
-7385	4
-6013	4
-7764	4
-4891	2
-9762	2
-5086	2
-7309	2
22128	6
20007	3
18618	3
-6853	2
-5531	2
1299	9
22471	3
3025	9
-5620	4
3066	9
-4511	2
-9413	7
5415	9
-6357	4
-6988	2
-6678	2
-4950	2
2606	9
-3112	2
-2842	2
-5121	2
37104	6
1888	9
21536	3
-3250	2
-6043	4
-6659	2
-3425	2
-9668	4
30420	6
-6433	4
24128	3
19700	3
-3512	2
-6357	2
-1328	2
13030	3
-8297	4
-3780	2
2207	9
-7199	4
25105	6
3678	9
-5804	2
3180	9
22641	3
-7074	4
17574	3
3701	9
-4582	2
-8963	2
-7696	2
-1510	2
-6170	2
-2962	2
-11513	4
20092	3
-6169	2
-9974	2
-1563	2
-5177	4
672	9
1968	9
-6541	2
7103	3
-9647	4
368	9
8181	9
6149	9
1702	9
4267	9
18194	3
20237	3
3080	9
22423	3
3114	9
-6539	4
23222	6
2420	9
-6881	2
10112	9
-2387	2
-4036	2
-4272	2
37192	6
-8222	4
828	9
555	9
-13579	4
-5089	2
-8226	4
-5912	4
3921	9
2890	9
-3685	2
-2170	2
-4795	2
-7822	7
-8232	7
-5329	4
7170	9
-3721	2
-7066	2
2036	9
-5427	4
1959	9
-7007	7
19449	3
-7757	4
-10620	7
-6003	4
-5493	2
-4585	2
2259	9
-7163	4
-6003	4
15561	3
12893	3
15388	3
6166	9
-5111	4
3739	9
-7304	4
-2475	2
-3494	2
6114	9
-4320	4
-5306	4
-6778	4
-6056	2
41	9
-5471	2
-8752	4
6196	9
4605	9
-9288	2
-3503	2
3101	9
4224	9
24854	3
-4521	2
-338	9
-10166	2
-2669	2
-6132	2
-4256	2
19065	3
-7845	7
21715	3
24985	3
-3795	2
7136	9
-3057	2
-4067	2
-2360	2
-7093	2
16499	3
19031	3
-5552	2
-6268	2
-2855	2
-4033	2
4189	9
1483	9
-5846	2
-8281	7
-8305	2
19701	3
-9980	4
6780	9
-5171	7
-4314	2
-5585	2
-7279	2
-8548	7
18692	3
-7759	5
2949	9
-7478	4
-4436	4
-7997	4
-6841	4
-4731	4
-5582	2
3988	9
-4169	2
-4499	2
-6084	4
-6863	2
-7575	2
-405	9
20576	3
27525	6
-3502	2
3062	9
-6453	4
-1689	2
-8165	4
-6698	4
-3553	9
4958	9
31980	6
-6600	2
-6623	7
-3419	2
-5048	2
-7107	2
6661	9
2441	9
-3287	2
-8774	2
20864	3
-7361	4
-11103	4
-4869	2
-4019	2
-5859	4
-6187	4
2856	9
-5189	2
-6665	4
-4434	4
-5186	2
-7890	4
-8150	4
-6587	4
-8061	4
-4793	2
-7372	4
-4806	2
-450	9
2285	9
1128	9
5889	9
-7705	4
-5508	2
974	9
-2847	2
27987	6
-2933	2
-6003	7
4495	9
-7259	2
-6746	2
-7959	4
3523	9
-5941	2
-7042	4
-4900	2
-10051	4
-7727	4
995	9
-9711	4
-6474	2
-1188	2
-8338	7
3783	9
2197	9
-9122	4
5206	9
-10281	4
22323	3
924	9
-4947	2
2862	9
-6115	2
3329	9
-3263	2
-5470	4
5544	9
-277	9
17194	3
3258	9
3495	9
-6081	4
24421	3
-4590	2
4460	9
-8111	4
-7305	4
-6077	2
-9272	7
-4336	2
-7250	2
-8487	4
-3575	2
-6063	2
-6606	4
-7402	4
12913	3
3821	9
-6406	4
21342	3
-9105	7
19611	3
-8345	4
5349	9
-3837	2
20108	6
1302	9
-13707	2
2600	9
19997	3
587	9
-7778	2
4540	9
-4684	2
5033	9
-5961	4
-6896	4
3453	9
-5139	2
-1793	9
-7945	4
20233	3
-5908	2
-2901	2
-6920	2
-9760	7
-11004	2
-6486	4
18711	3
-8710	4
-7621	4
6564	9
15798	3
-2041	2
2213	9
-3943	2
-8706	2
-420	9
-3126	2
4659	9
5070	9
-5463	2
31611	6
-8531	2
25244	3
-10773	4
-207	9
2541	9
-2310	2
-2392	9
-1288	2
-3925	2
5284	9
3118	9
-6246	4
22450	3
-5469	2
-4918	2
-6660	2
-10798	4
-8510	4
-5011	2
-5285	2
-6181	2
1763	9
-6786	4
-7572	4
21382	3
1801	9
-12591	4
3496	9
5526	9
-6564	2
4430	9
16468	3
-3850	2
-11421	2
-8012	4
-7308	4
-7357	4
1047	9
-7362	4
-8207	2
-4955	2
-1586	2
2444	9
-7091	2
12386	3
-9542	4
2226	9
22490	3
5635	9
-4595	2
3163	9
990	9
-6419	4
12463	3
-5961	2
-3365	2
6827	9
-5456	2
-5542	2
-6349	4
33906	6
-7039	4
17488	3
16422	3
14290	3
689	9
17332	3
-6908	7
-6524	2
-111	9
16656	3
6967	9
6572	9
3065	9
2057	9
4835	9
-4660	2
-8193	4
-6269	2
-2153	2
-4668	2
3862	9
-4793	2
-2796	2
-9862	4
-7411	4
-4915	9
7938	9
1038	9
-5181	2
-5069	2
-9678	4
6711	9
1177	9
3742	9
31517	6
-3672	2
-8436	4
-7328	4
-7721	4
-4839	4
-3467	2
27612	6
-9284	4
-5819	4
6402	9
5972	9
-6220	2
-7705	4
-2157	9
-6264	4
-4174	2
-559	9
-8613	2
-8349	4
-8633	4
3020	9
-10948	4
255	9
-5405	2
-3007	9
4646	9
31823	6
-8617	4
-6338	2
-5781	4
35935	6
16719	3
3236	9
-4633	4
2539	9
16786	3
-1952	9
11937	3
-5626	2
-6854	4
3032	9
-9325	4
-2731	2
2692	9
4048	9
4566	9
16004	3
23880	3
9497	9
-9898	4
4006	9
5457	9
-6493	4
2593	9
14360	3
-6398	4
3681	9
-3743	2
-7041	4
364	9
-8390	2
1033	9
20431	3
21840	3
3416	9
1654	9
21288	6
-8546	4
4754	9
-5994	2
31434	6
-7185	4
-5249	2
3761	9
8468	3
-10127	4
-11215	4
5838	9
25911	6
257	9
15633	3
-8745	4
-2945	2
-3769	2
2205	9
-7361	4
-7484	2
-88	9
-10451	4
-1339	9
6084	9
4786	9
-9722	4
-3708	2
-4956	2
5931	9
-3738	9
-6306	2
-5980	4
-7609	4
-7347	2
-4138	4
-5867	4
-5715	2
33775	3
290	9
-3552	2
-2264	9
1593	9
-5431	2
-7094	2
-7649	2
5103	9
-6706	2
2181	9
-3862	2
1097	9
5655	9
3102	9
4100	9
10251	9
1795	9
-8165	2
2713	9
3083	9
-5782	2
-3261	2
-7895	2
