1	-17980
1	4553
0	5229
0	5321
0	-7258
1	-10905
0	5325
0	15567
0	-6716
0	1363
0	729
0	5166
0	3761
0	-8262
1	-18904
0	5240
0	5055
1	-17573
0	-7975
1	5020
0	27564
1	6249
0	-6878
0	3400
0	5325
1	9812
0	5317
0	5320
1	5322
1	-19751
0	-519
0	4886
1	-18155
0	3435
0	4980
0	3586
0	13309
0	27704
0	17115
0	-3683
0	4990
1	-13956
0	5048
0	-4398
0	-6400
1	4232
0	35046
1	-15303
0	4803
1	1077
1	-17591
0	5251
0	5179
0	-8434
0	3486
1	-6111
0	5311
0	5301
0	-6578
0	516
1	4735
0	4912
0	2731
0	-2976
0	2590
0	5090
0	3572
1	2252
1	2241
0	-7636
1	-18420
0	5294
1	-20929
1	-17096
0	-6984
0	25072
0	4823
0	5299
0	2347
0	4690
0	32945
0	5308
0	-4207
0	2136
1	15124
1	5106
0	1230
0	22148
0	5275
1	4555
0	-6743
0	5312
0	5270
0	-3932
0	18531
1	-17518
0	5142
0	4736
0	4590
1	2915
1	-7818
0	17479
0	17647
0	1151
1	-16195
0	5238
0	-8511
0	-4224
0	4386
0	-3057
1	4715
0	4517
0	1793
1	-20147
0	4913
0	4986
0	14000
1	-18684
0	1288
0	-8214
0	-8729
1	3397
1	-13859
0	45567
0	2090
0	5316
0	5155
1	-12
0	5262
1	-17973
0	5168
0	4704
0	2373
0	5315
1	5309
0	5243
1	4577
1	4816
0	3983
1	5316
1	3362
1	-10838
1	-10433
0	2686
0	5303
1	5324
0	-6063
0	-7994
1	-4314
0	2121
1	-14222
0	5087
0	-7217
0	-5553
1	-17973
0	4741
0	5325
1	17555
1	-9592
0	5284
1	-10739
1	-14208
0	5322
0	-8680
0	-4905
0	-1415
0	5182
0	5198
0	1789
1	-19602
0	27360
0	4974
0	5195
1	-14661
0	20502
0	4501
0	2726
0	-8293
0	5316
1	-17699
0	5073
0	9466
1	-188
1	-21002
1	-19652
0	4988
0	2083
0	5226
0	4960
0	5268
0	5271
0	8621
0	5008
1	1930
0	1853
0	4833
0	2665
0	3670
0	4983
1	-8718
0	-7854
0	-7490
1	-21136
0	10292
0	-8741
0	2723
0	3094
0	5302
0	3520
1	-5376
0	3124
1	-4401
1	-19909
0	3534
1	-3877
0	5316
0	4596
0	4252
0	-3157
0	5204
1	-21199
0	5094
0	5274
0	2004
0	-4741
0	2057
1	3471
1	-6403
0	4804
1	729
0	5069
0	5185
0	-8696
0	5323
0	3583
0	5260
1	-7303
0	1290
0	-8767
0	-2726
0	-6473
0	5244
0	-5786
0	-6506
0	1754
1	3264
1	-14798
0	1596
0	5016
0	4994
1	-9153
1	-15071
0	4566
0	-4202
1	-8135
0	4243
0	-2300
0	-2163
0	1022
1	-15344
1	21435
0	23845
0	4594
0	3342
0	26242
1	-16565
0	4783
0	3872
0	5296
0	3229
0	2846
0	5325
1	-10102
0	44945
0	2894
0	5277
1	-12592
0	3666
0	-3248
1	236
0	5278
0	-2116
0	-8189
0	5313
1	-17752
1	1773
1	-6203
0	3460
0	3269
0	4441
0	3650
1	-8955
1	-18249
0	5058
1	-14486
0	4672
0	-7344
0	5236
0	-5690
1	-12208
0	3783
1	5293
0	5323
0	4115
0	-5070
0	-3847
0	5306
0	5250
0	5322
0	4035
0	41667
0	4548
0	5082
1	-20145
1	2753
1	-20452
1	-18915
0	4233
0	3886
0	-1687
0	-8750
0	5207
0	3749
1	5102
0	4730
1	5318
1	-8549
0	9561
1	-511
1	-17034
0	5315
0	5236
0	25300
0	2180
0	5206
0	46230
1	-8769
1	-1656
0	2243
1	-707
0	1559
1	-8672
0	5324
0	3162
1	-17082
1	-17946
1	-13195
0	4463
0	24605
0	5321
0	-8493
1	-19155
0	1252
1	3698
0	4859
1	-6473
0	5325
0	4729
0	-8736
1	-13271
0	-8736
1	-16406
1	4109
0	5085
0	-1033
0	5196
0	27672
1	-18394
0	5309
1	-12942
0	3380
0	5297
0	5252
0	-7846
0	615
0	22520
0	4305
1	4516
1	-11005
1	3966
0	3415
0	5325
1	3559
0	-3047
0	2644
0	-7781
0	2792
0	4769
0	-8188
0	-6381
0	33
0	4939
1	-3159
0	4927
1	-10772
0	5312
0	26628
0	4774
0	4794
0	-1777
1	4605
0	43750
0	5200
0	4939
0	-1818
0	3162
0	3945
0	5098
0	4506
1	-19149
0	5057
0	8598
0	4911
0	4502
0	4660
0	3216
0	-8692
0	-3125
0	4957
0	5272
1	21307
0	4498
0	3581
0	-1216
0	2486
1	-3500
0	-4632
0	716
0	25219
1	5143
0	3222
1	-6932
0	-2592
0	1064
0	3931
0	5101
1	-10950
1	-15872
0	9857
1	4737
1	5106
1	-11746
0	22252
0	5322
1	-20219
0	3401
1	-16855
1	-9082
0	4700
0	4126
1	-2832
1	-703
0	5268
1	-1178
1	-20511
1	-12426
0	5246
1	-5190
1	-13703
1	-8275
1	-21201
0	4699
1	-8932
1	-4725
1	2766
1	-834
0	4978
1	4359
0	2412
1	-20144
0	3736
1	-20958
0	3229
0	5236
1	-18886
0	5232
0	2948
1	-15202
1	-9079
1	1940
0	5325
0	1403
0	5157
0	4641
1	-21213
0	3316
1	3325
1	-12964
0	4640
1	5274
0	3406
1	1131
0	5180
1	-18928
0	5211
0	1861
1	-17933
0	5299
1	-10044
0	-2667
0	4788
1	-915
0	-5757
0	5167
0	5317
1	-20414
0	-8068
0	3651
0	4860
0	3121
0	-2553
0	15780
1	-17273
0	4037
1	4616
1	24347
0	4969
1	-10671
0	-3389
0	4441
1	-14763
0	4284
0	5324
0	4459
0	5221
0	4974
0	4668
1	-20828
1	-3218
0	5254
1	-21199
1	4403
0	-841
0	4216
0	5274
1	4990
1	-15295
0	3718
0	3262
0	5323
0	7616
0	4167
0	3670
0	-5032
0	915
0	3485
1	-12828
0	-6915
0	-4306
1	474
0	-6665
0	5316
1	-18263
0	5253
1	-11207
1	-12735
1	-374
0	22151
1	17466
1	-4602
1	-9516
1	-325
1	-7083
0	5045
1	4149
0	3189
0	5221
0	4479
0	3824
1	-7088
0	5296
0	-8409
0	289
0	5123
0	3883
0	-551
0	3172
1	-15720
1	472
1	2408
0	3192
0	2388
1	17315
1	-16379
0	3744
1	-20396
0	-17
0	6457
0	5246
0	5287
0	4395
0	5114
1	-3662
0	4850
1	-5974
0	5324
0	4344
0	3187
0	3807
0	1378
1	-7601
1	5283
0	-5976
1	5030
0	4660
1	-4656
0	-8200
1	-20532
1	4824
0	5320
1	-16145
0	143
0	4042
1	-18557
0	18142
1	-9298
0	5136
1	-12035
0	5322
0	3324
0	4105
0	4533
1	-4222
0	4825
1	-6890
0	5054
1	-20453
1	4721
0	3533
0	18733
1	-19934
0	32434
0	5057
1	5210
0	5306
0	4682
0	4885
0	2716
0	-4503
0	3311
0	-8739
1	2390
0	2212
0	4005
1	-334
0	1213
1	-18598
1	-11532
0	12039
0	-5945
0	-1425
0	5013
0	4021
0	-2917
0	1351
1	-19192
0	4466
1	-7204
1	-21045
0	5236
1	1716
0	4002
0	4597
1	21356
1	3576
1	-20404
1	-16706
0	-7608
0	-4005
0	-6522
1	3526
1	-11192
1	3199
0	-5803
1	-13413
0	-6498
0	4666
0	5897
0	-2328
0	12000
0	18999
0	4401
0	4799
0	5317
1	4311
0	4789
0	5324
0	4624
0	5057
0	9229
0	5231
0	-518
1	-19791
0	-608
0	5259
1	324
0	5296
0	3626
1	-11280
0	-3722
0	5307
1	-11669
0	11339
0	2333
0	5137
1	5026
0	1987
0	10421
1	-19147
0	-8755
1	-18828
0	-6621
0	5324
0	1713
0	38067
0	4008
0	422
0	11826
0	3110
0	3542
1	3329
1	4948
0	-5809
0	196
1	2590
0	3508
1	2662
0	1671
1	1340
0	3124
0	5325
0	-5853
0	5050
0	5194
0	5121
0	4541
0	5281
0	5308
0	4330
0	5325
0	-8764
0	5252
0	-3182
1	-14257
0	5179
1	-20511
1	-10894
0	4881
0	2721
0	5299
1	27449
0	-3850
1	4862
0	3809
0	5259
0	4874
0	5111
0	5290
0	6241
1	-20793
0	4733
0	5275
1	-13622
1	-15376
1	-568
1	4780
0	7811
0	3465
0	4282
0	969
0	4254
0	4992
0	-633
0	2908
0	4886
0	2415
1	-17299
0	-5575
0	4190
0	4387
0	5323
1	-17121
0	5202
0	2449
1	-11287
0	2781
0	4590
1	-15870
0	26962
1	-11530
1	-6054
1	26661
0	34593
0	11384
1	4617
1	-15206
0	143
1	3120
0	-7769
0	5222
1	-14876
1	5072
0	3316
0	27883
0	25823
0	5054
0	2795
0	4473
1	-17679
1	-17153
0	26105
0	5321
1	-9347
1	5057
0	5005
1	-3687
1	21329
1	1240
0	4834
1	-15891
0	-6995
0	7044
0	4337
1	2499
0	4816
0	2045
0	-7000
1	-15817
0	-8242
0	2921
0	1032
1	-12760
0	219
0	5179
0	-2402
0	2773
0	-7436
0	-7773
0	5276
1	-15838
0	5295
1	-4939
0	4386
0	-3394
0	4324
0	3647
0	4063
0	4718
0	5155
0	1912
1	3650
1	-21022
0	-6390
1	849
1	-9753
0	4988
0	22886
0	5188
0	-4513
0	3823
0	5026
1	-7442
1	-5364
0	5310
0	-7075
0	-1303
0	5319
0	4592
0	5253
0	4966
0	1306
0	5201
1	-15679
0	3458
0	5322
0	4719
0	4522
0	4986
0	27660
0	-7440
0	5126
1	-10591
1	-19344
0	5132
0	1956
1	-4699
1	-1313
0	4156
0	-8297
0	9716
1	5209
1	-1768
0	26898
0	-3876
1	1262
0	2605
0	4995
0	5146
0	27233
1	-8103
0	4950
1	-6779
0	4987
0	4211
0	520
0	4550
0	4362
0	27619
0	4404
0	14926
1	-10060
1	-8963
0	3687
0	1885
1	-20625
0	4770
0	1928
1	23005
1	5325
0	4669
0	5296
1	-8748
0	7847
0	5198
1	1743
0	2689
0	4646
0	-7004
0	2048
0	4976
0	8446
1	-6275
0	1564
0	5309
0	4684
1	-6331
0	2953
0	5312
1	5319
0	4949
0	-8500
0	5097
0	4409
0	-3485
0	15262
0	-8727
1	2399
0	4968
1	-18183
0	1751
0	19681
1	5285
1	-11899
0	5294
0	2325
0	-120
1	-15852
1	-16801
0	4692
1	-18274
0	-8188
0	5106
1	-3961
0	-5010
0	5267
0	3607
1	-3166
1	-18630
1	3976
0	-5045
0	4588
0	5218
1	-9732
0	-3153
0	5322
1	-2649
1	-10020
0	4973
1	-8773
1	-19695
0	4892
0	5118
0	5322
1	4804
0	4344
1	3077
1	-11526
0	-6984
1	-3144
0	-7199
1	-340
1	-19613
0	-4100
1	-17114
1	-20514
0	4354
0	-3342
1	-1213
0	4586
0	-6833
1	-19320
0	5283
0	-3864
0	-6355
1	-10348
0	5325
0	-6855
1	-19354
0	-8774
0	27416
0	4942
0	3631
1	-3472
0	15642
1	-17107
0	4930
0	4566
0	1485
0	5308
0	5301
1	-19766
0	4353
0	4494
1	-20052
1	3815
1	2671
0	4557
0	12643
0	-1875
1	-19676
0	5266
0	19215
1	-8759
0	-7862
0	-6133
0	3358
1	-3144
0	5221
1	-20939
0	4224
1	-18943
0	4535
0	4740
0	3634
0	4316
1	-17604
0	4664
0	4039
1	-5930
0	-1678
0	5316
1	-310
0	5204
0	5325
0	2933
1	-15070
1	-20547
0	18083
1	1176
0	-6504
0	-7257
0	16170
0	-8110
0	4285
0	4748
0	-3316
1	-4479
0	-8385
1	-34
1	118
0	-2754
0	5322
1	417
1	3701
1	-5535
0	-2493
0	4987
0	4164
0	4962
1	5314
0	-5269
1	-12469
1	-10803
1	-2519
0	-5235
0	4778
0	3055
1	-18384
0	4831
0	3560
0	-6107
0	-2066
0	8121
0	24616
0	1819
1	-18355
1	-8770
1	-1093
0	-903
0	5132
0	12079
0	5308
1	-15383
0	2026
1	-20366
1	535
1	4979
1	-14907
0	4788
1	-21215
0	5099
0	5233
1	-17381
0	3678
1	-16340
0	-1776
0	5209
0	4940
0	1606
0	5319
0	4706
1	3817
1	24421
0	4890
0	4429
0	5322
1	4128
1	-14908
0	1653
0	4297
0	5299
0	5311
0	4358
1	-18139
0	-524
0	3330
0	4933
1	-17207
0	5322
0	1191
0	-8730
1	-1697
0	4360
1	-14043
1	-19615
0	3971
0	4307
0	5152
1	-20314
0	4835
0	4318
1	-18770
0	26526
0	5317
0	-7234
0	-2895
0	4825
1	-2640
0	4663
1	-4427
0	-409
1	23656
0	2574
1	-19095
0	-7324
0	5230
0	5027
0	-4167
0	5205
0	-7908
0	5118
1	-17088
1	-21072
0	4841
1	-8070
1	3642
1	-11652
0	1665
0	8041
0	5106
0	4989
0	5044
0	4684
0	19751
0	5251
1	4925
0	4699
0	1151
0	4995
1	3886
0	-7832
0	26674
0	-8275
1	2628
0	3720
1	-18195
0	4859
0	2047
1	4489
0	8673
0	5324
1	-15551
0	-413
1	-18879
0	4341
0	5247
0	4688
1	-20394
0	5272
0	3511
0	15997
0	5313
1	-4354
0	3870
1	-9246
0	4065
1	2884
0	4490
1	-17834
1	-12782
0	5247
0	27447
0	1583
0	4048
1	-7981
0	3636
1	-16860
0	4403
0	-8756
1	2489
0	5209
0	4044
1	-2510
0	5260
0	1566
0	4977
1	-10571
0	4293
0	5195
1	-18475
0	4541
0	3574
0	5250
1	-19377
0	4867
0	-8739
0	4676
1	-12861
0	1312
0	1968
0	3636
1	-10946
0	2987
0	2974
0	3647
0	15976
0	5060
0	5317
0	5258
0	-8463
0	-2232
0	3921
1	-18854
0	-8626
0	2352
0	5291
0	3692
1	-411
0	4460
0	8308
1	22149
1	-16070
0	27660
0	-1628
1	-18173
0	4696
0	283
1	-19203
1	-17795
1	-9737
1	-14586
0	3273
0	3448
1	-20769
0	5137
1	-6051
0	-6995
0	1078
1	-8468
1	-18395
0	-3489
0	-928
0	3700
1	-14890
0	2534
0	5292
1	17187
1	-6660
0	4558
1	-16881
0	31433
1	-15629
0	-8146
0	5121
0	2423
0	4828
1	-14376
0	5257
1	-4492
1	5319
0	1004
1	25633
0	2006
1	-7000
0	1337
0	-8499
0	-1759
1	27655
0	2176
0	812
1	4951
0	1146
0	-3583
1	-20756
1	-20085
0	3982
1	-20308
0	-8599
0	-8773
0	4092
0	4914
0	4878
1	-20607
0	3403
0	5265
1	-10990
1	5304
0	2114
1	-20333
0	3969
0	5304
0	4898
0	4506
0	-8722
1	-6573
0	2557
0	2892
0	5319
0	5105
0	4664
0	5055
0	4896
0	1069
1	-10482
0	-8072
0	-6338
0	3031
1	-21208
0	-4475
0	2765
0	-424
1	-15790
0	-5103
0	4339
0	-5240
0	3180
0	-8649
0	5194
0	3919
0	-7472
0	-8776
1	-13900
0	4663
1	-21172
0	2088
0	5259
0	643
1	4890
1	-21073
1	-2198
0	2326
1	-20805
1	-14907
0	22627
0	-1758
1	-8567
0	5202
0	5179
0	510
0	5063
0	4989
0	4961
0	5079
0	5226
1	2063
0	4487
1	-19394
0	5260
1	5293
0	5305
1	-17287
1	-19604
1	-21165
0	3618
0	772
0	4200
0	3808
0	5139
0	4881
0	4917
1	2152
1	-21199
0	5319
0	-725
1	-12030
0	33
0	12355
1	-8998
1	5325
0	-454
1	3601
1	-19290
0	4878
0	-3545
1	22302
0	-4877
0	4807
0	1649
0	4861
0	2374
0	-5542
0	5175
0	4447
0	-8651
0	2824
0	5322
1	4619
0	-5117
0	5135
0	-6840
1	10141
1	2485
0	4148
0	4214
1	4912
0	-5860
1	-15853
1	-6428
1	-13216
0	-1151
0	27202
0	5080
0	-4538
0	-4490
0	4907
0	27054
0	5065
1	3086
1	-15688
0	-4377
0	4349
1	-5320
0	5230
0	4838
0	3684
1	4586
1	-14972
1	2645
0	4304
0	4804
0	3937
0	1976
0	5259
0	-8063
0	2812
0	27576
0	2048
0	-8278
0	-2696
1	3213
1	5184
0	5240
0	-8550
0	5304
1	-16956
1	-5098
1	-21196
0	5319
0	23082
0	-8701
0	6407
1	3448
0	3579
1	-1803
0	430
1	-3529
0	3958
1	5109
1	-20280
0	5237
0	5242
0	-4615
0	5322
0	5182
0	-912
1	3325
1	-16601
0	-3168
0	3918
0	2275
1	-16786
1	-15625
0	5201
1	4971
0	4464
1	-16990
1	-18827
0	3146
0	5023
0	2778
0	5322
0	1235
0	5315
0	1734
1	-13484
0	-91
0	4801
1	-6619
0	-2684
0	-4763
0	4174
0	5287
0	5279
0	-1774
0	4336
1	-21151
1	-19162
1	-5939
1	-1316
0	4917
0	-4172
0	4885
0	-8569
1	-19551
1	27695
0	-8298
1	-16441
0	4004
0	-434
0	-6913
0	4153
1	-13414
0	10343
1	4117
0	-1025
0	-7289
0	5236
0	4662
0	4757
0	27235
0	4911
1	5192
0	4704
0	4518
1	-113
1	-17987
1	-20983
1	4581
0	5321
0	6187
0	27067
0	20719
1	-20835
0	4144
1	-7934
0	2658
0	-1237
0	4966
0	4610
1	5290
0	-8714
0	7436
1	-10253
1	-15417
0	17789
1	1018
0	-5672
0	2519
0	10944
0	5270
0	17008
0	5170
1	-7326
0	5319
0	18093
1	-18790
1	-15842
0	32745
0	251
1	-21196
0	5303
0	-3641
1	-17197
0	5241
1	-18855
0	3774
0	931
0	5274
0	3949
0	122
0	24271
1	5170
1	-10949
0	-7832
1	-21144
1	5325
0	-2277
1	-16945
1	-18064
0	-7282
0	4609
1	-13860
1	4630
0	4780
1	-5560
0	21500
1	-16186
0	-8170
1	-12095
0	3938
1	3773
0	-2407
0	1602
0	4785
1	-20776
0	-6221
0	-2835
0	5325
0	-7282
0	3638
1	-20777
1	4502
1	-2029
0	5236
1	18895
0	5235
0	19206
0	3565
0	5325
0	809
0	4377
0	5248
1	-9208
1	-19653
0	4717
0	1911
1	-4258
0	4230
0	5295
0	3743
1	-15229
0	4439
0	3766
0	-4060
0	25968
1	4174
0	14576
0	23382
0	5305
0	5287
1	4541
0	19328
0	17163
1	27001
0	4671
0	1087
0	-8776
1	-20431
0	4902
1	5294
0	5271
0	2795
1	-3520
0	5180
1	-6544
1	110
1	27340
0	5215
1	-19235
0	4983
0	-4122
0	3999
0	5318
0	5246
1	-18934
1	-3120
0	5245
1	4886
0	-6979
0	5054
1	5313
0	-8755
0	-1060
0	2851
0	4732
0	4237
0	5324
1	-15705
0	3353
0	3928
1	-21210
0	16798
0	5055
1	5262
0	2988
0	4966
0	5302
0	5455
0	4965
0	-6674
0	2463
1	-17252
0	4991
1	-14402
1	-14596
1	-11653
0	1238
0	5249
1	-20522
0	4553
0	-45
0	5320
0	-3467
0	-5894
1	3880
1	4609
0	-1026
1	3303
1	-13997
0	2746
1	-4422
0	3902
0	4380
0	4804
0	6526
1	-8773
0	5260
0	5297
1	27604
1	-8249
0	44525
1	5149
1	-2308
1	-4294
0	5315
0	1669
0	26328
1	-17499
0	5263
1	-5930
0	22791
1	-12742
1	-19564
0	5175
0	5238
1	-19018
1	29872
0	5321
1	-16263
1	-21172
0	39
0	4329
0	5071
0	5143
0	4911
0	5266
1	-16779
0	5212
0	-5849
0	4858
0	4870
1	-11221
1	-21149
1	-12375
0	5222
1	-9540
0	4476
0	2983
0	16187
1	4756
1	-12510
0	4994
0	4371
0	2945
0	5135
1	-1655
0	4139
0	4027
0	38948
0	3223
0	-6137
0	3841
0	5078
1	3941
0	4049
0	3259
1	-14894
0	11325
0	5325
1	27603
1	-11073
1	-12744
1	2882
1	-10431
1	-6540
0	-4584
1	-14557
0	-7545
0	-4570
0	1817
0	-4062
1	-19458
0	-8764
0	-886
0	4903
0	4665
0	3221
0	-5981
0	5322
0	3152
0	4666
1	4595
1	-12989
0	2955
0	1532
0	5263
0	5223
0	-7048
0	4083
0	2352
0	5091
0	4892
0	25236
0	4293
0	4619
0	4806
0	4455
0	5271
1	-8217
0	4689
1	-14464
1	-14228
0	4954
0	3409
0	5269
1	5289
0	4671
0	5095
0	-5748
1	-11491
0	4020
0	4646
0	4485
1	-1734
0	5304
1	14522
1	432
1	4808
0	-4430
0	-7867
1	-2983
0	3620
0	5143
1	-4620
0	-7537
0	1847
0	5319
0	643
0	7003
0	-7801
1	5075
0	5235
0	5110
1	-13518
0	3171
1	4458
0	1973
1	5214
0	-6541
0	5237
1	-15534
1	-1771
0	3918
0	1230
1	-15701
0	1661
0	23919
0	1752
0	-1738
0	3258
0	5030
0	4361
0	1546
1	5307
0	1342
0	-669
0	5284
0	5063
0	4631
1	-14431
1	-20123
1	-9147
1	-15382
0	5044
0	4948
0	5319
0	4466
0	4890
0	3338
0	5156
1	21272
1	-6691
0	5305
0	2932
0	-3706
1	-16022
1	-3123
0	3378
1	-19805
1	4900
1	-6522
0	45045
0	4731
0	-2424
1	-14479
1	-2722
0	-8677
0	4290
0	5202
1	3306
0	-4381
0	3415
1	-1381
0	5192
1	-20928
0	5056
1	-21211
1	2369
0	4132
0	-1373
1	2916
0	3340
1	-18633
0	2372
0	4834
0	5063
0	4316
1	-20991
0	5137
0	3119
0	3237
0	4683
1	-12066
0	5304
1	-197
0	4746
0	5015
1	-3733
0	5226
1	-20693
0	26798
0	4011
0	4745
1	170
0	3776
1	-19698
0	5094
0	5143
1	-12034
0	3197
0	3075
1	-16360
0	-6905
0	2715
0	17645
0	4069
0	-4933
0	-8673
1	21892
0	4813
0	4371
1	-10993
0	5258
1	4962
0	5121
1	2827
0	5002
1	712
0	4366
1	-7876
1	-10459
1	-20256
0	39594
1	2891
1	3107
0	-3082
0	6834
0	-5169
0	-406
1	-9738
0	4894
0	4205
1	-6700
0	-358
0	4123
0	3708
0	3313
0	5325
0	5230
0	3563
1	-20471
0	4460
0	3997
0	4362
0	5325
0	5047
1	5290
0	5325
0	567
1	4758
0	1917
1	1401
0	23875
0	4947
0	-6374
0	5321
0	-5794
0	6689
0	4182
1	899
1	2331
1	-20452
0	26568
0	4570
0	4891
0	-644
0	5064
0	-5693
1	5301
0	4858
0	-5281
0	4804
1	-11078
0	4561
0	1288
0	5325
0	3914
0	-478
1	-6404
0	-6301
1	-10175
1	-6278
0	4389
0	3658
0	3375
0	5117
0	5321
0	-7353
0	26544
1	4880
0	5225
0	25389
1	707
0	5320
1	-19225
1	26550
1	-11497
0	4613
0	20853
0	-1148
0	3191
0	-7503
0	2925
0	804
0	2654
0	-8774
0	-7192
0	4713
1	-21213
0	4293
1	-18917
0	3623
0	5278
0	39216
0	-2869
1	-20041
1	-20494
0	27157
1	-18290
0	4599
0	4887
0	4797
0	5003
1	4880
0	5093
0	80
0	2261
0	-2404
0	5076
1	-20470
0	4637
1	-21147
0	3037
1	-18612
1	-17440
1	-12489
1	-6067
1	1112
0	-524
0	4769
1	7526
0	4201
0	1589
1	4438
1	-762
0	5037
0	2806
1	786
0	1884
0	5316
0	4983
0	2987
0	-7893
0	5142
0	5272
0	26639
1	-18021
1	-11369
0	25492
0	5262
1	-14720
1	-10925
1	5258
0	5203
1	-11486
0	4890
0	-6590
1	-19749
0	-6159
0	41709
0	-858
1	-20523
1	-20035
0	3386
1	-13999
0	-7247
0	-8745
1	5315
0	-8759
0	5319
1	2283
0	5167
0	-8217
0	-3523
1	-7068
0	15001
0	5291
1	-1907
0	1569
0	-3637
1	-15930
0	623
0	5210
1	-14332
0	5045
0	1930
1	1947
0	4942
0	5210
0	4109
1	872
0	4021
0	752
0	4923
0	4836
1	-1305
0	4056
0	1182
1	-19509
0	5324
1	5325
1	-21057
0	2614
0	4743
0	-1971
1	-6909
0	-8776
0	5201
0	5225
0	5261
0	10749
0	5294
0	4709
1	2655
0	4227
1	5319
1	-17834
0	1839
1	5113
0	4525
0	27229
0	4066
1	-20699
0	1708
1	-17367
0	2368
0	5165
1	-20934
0	4565
0	1801
0	3838
0	5299
1	-9989
0	5118
0	5204
0	26283
0	5325
0	4118
1	-12907
0	4611
0	4417
1	-14656
1	-16259
0	4542
0	-7696
0	-5566
0	3700
0	-6332
1	23569
1	-19545
0	-3406
0	27112
1	-11306
0	5579
0	4978
1	-18915
0	13195
1	5242
1	-20980
0	4479
0	5315
0	2721
0	-314
1	-10847
1	10721
0	5277
1	4798
0	-77
0	-6418
0	5266
1	-8639
0	3294
0	1654
0	4408
0	-422
0	4288
1	5299
1	-10889
0	4863
1	-6795
1	-17050
0	5324
0	2050
0	-948
0	5280
1	-11202
0	5322
1	-13955
0	-6794
1	-21107
1	-164
0	4660
1	-9251
0	5252
0	4646
0	11852
1	5785
0	5160
0	3642
0	-4675
0	3966
0	5307
0	5316
1	-9546
1	-10899
0	1329
1	-15548
1	-19694
1	-17596
1	-19209
0	5313
0	481
1	-7773
1	-8410
0	3325
0	4202
1	-10143
1	-1160
0	3617
0	2193
1	-17640
0	4716
0	4757
1	-11977
0	4532
0	2893
1	-7275
0	-6979
0	-365
0	-2236
0	4681
1	-4688
0	4204
1	2907
1	-21190
0	19459
0	-6087
0	-7215
0	2065
0	5324
1	-12879
0	38274
0	5214
0	4954
0	5308
0	5245
0	5124
1	-3005
0	5212
0	-4660
1	5126
1	-20659
0	544
0	1508
0	-1839
0	-7703
1	1606
0	5632
0	-6595
0	4716
1	2386
1	-16571
1	-19805
1	-13710
0	4581
1	4288
0	33039
1	-10143
0	5210
0	5323
0	4850
1	8181
0	-4195
0	-8300
1	-7937
0	4437
1	-17960
0	4803
1	5325
0	3882
1	-14409
0	22761
0	945
1	-10105
1	3048
0	-7026
1	-15832
0	2558
0	4061
0	1593
1	1650
0	3378
1	-21188
0	4187
0	5286
1	4930
1	-6614
1	-7666
0	5197
0	3215
0	2824
0	5013
1	-6472
1	-16824
0	7622
0	3529
0	3424
1	-6685
1	5143
0	1094
0	1910
0	4998
0	3671
0	4978
0	5298
0	24582
0	3148
1	-7815
1	-4724
1	4632
1	-8658
0	-1474
0	5096
1	4827
0	3410
1	2606
1	-628
1	6147
0	4947
0	10563
0	-1912
0	1668
1	-19138
0	5257
1	-1313
0	5201
0	5318
0	-3287
0	27274
0	5303
0	5068
0	5065
0	-6185
0	-1844
1	-14998
0	5307
0	4872
1	-9340
0	-8421
1	-15640
1	-21215
0	5042
1	-8740
0	-4987
0	-2573
0	2408
1	-16907
0	7281
1	25487
0	5324
1	5139
0	4759
1	-4775
0	4133
0	-1532
0	5269
0	4738
0	4963
0	18713
1	-106
0	5082
1	-11819
0	5324
0	1663
1	-17817
0	-2936
0	-5438
0	5322
0	-292
0	4778
0	4828
1	-535
0	4991
0	-8664
0	26550
0	-5221
0	4639
1	1056
0	2288
0	5306
0	4558
1	-4958
0	24767
0	-7445
0	4465
1	-21035
0	4899
1	-20224
0	5250
0	4280
0	4913
0	4661
1	-6953
0	2118
0	5157
0	-8276
1	-18820
0	5115
0	-4230
1	4050
0	1022
1	-20235
0	-7015
0	-4967
0	3145
0	5305
0	917
0	5271
0	5195
0	4078
0	4742
1	-19976
0	-8635
1	-1898
0	24320
1	-15076
0	4538
0	-7747
0	5325
0	5264
1	-11016
0	-8445
1	-19949
0	5309
1	-4782
0	3595
0	1800
1	-6266
0	-7653
1	-11409
0	3700
0	4521
1	4893
1	13240
1	-14383
1	-18951
1	4969
0	5325
0	-3869
0	5160
1	1147
0	1681
1	-16005
1	4123
0	-7707
1	-17336
0	-2274
1	3443
1	-20709
0	-5437
0	-3051
0	-8606
0	-1410
0	1318
0	4237
0	4681
0	3814
0	-1918
0	5016
0	3970
0	-6559
1	-16500
0	4476
1	-14802
0	4829
0	3001
1	3474
0	4659
0	27707
1	-20519
1	2874
0	331
0	3607
0	4939
0	5019
0	27319
0	5280
0	-5030
0	3901
0	4089
1	-17997
0	4872
1	-4921
0	-8739
1	-12921
0	5057
0	4843
0	-4784
1	-19385
1	4837
0	5321
0	1530
0	4705
1	-16226
1	1038
0	5290
0	-822
0	-2115
0	5003
0	5183
0	21441
1	-20192
0	5149
1	25252
0	3945
0	4254
0	6611
1	-15173
0	-5235
1	-18626
1	-5043
0	4890
1	-4695
0	5099
1	1383
0	-7581
0	-7818
1	-17150
1	-9954
0	-2415
0	225
0	3289
1	2097
0	5210
1	4625
0	4916
0	5051
0	751
0	2565
0	-1983
0	4893
0	4831
0	5319
0	-3533
0	4601
0	5046
0	4957
1	-7422
0	4840
1	-11542
0	4339
0	3844
0	2044
1	-1402
0	7830
0	4541
1	-20713
0	-1869
1	-18023
0	44523
0	-5311
0	4856
1	-14931
0	4553
0	-7658
0	3740
1	716
0	-4185
0	5308
0	4571
0	-7933
0	12870
0	3630
0	2107
0	4730
1	-17685
1	-21099
0	-1238
1	-4313
1	-12685
0	3837
1	-7273
0	4990
0	4290
0	5180
0	-4483
1	-13265
0	3952
1	4354
0	26280
0	4808
0	1211
0	4920
0	-6297
0	3706
0	1343
0	5263
0	19370
1	-20646
0	5134
0	5322
1	4774
0	-5958
0	4900
1	-18052
0	-2719
0	-1277
0	5227
0	4561
0	-4670
1	-20029
0	-455
0	40856
1	-20507
0	-8751
1	-4523
0	5297
1	-6185
0	4826
0	23372
1	1363
1	4704
1	5325
0	5200
1	24746
0	4164
0	4419
1	-3499
0	2329
0	5132
0	-4561
1	1640
0	-2293
0	4349
0	5234
1	-4070
0	-8076
0	5109
0	-3944
0	-3409
0	-8763
0	4999
0	24921
0	2086
1	-4522
0	4690
1	-11436
0	-3143
0	-1586
1	25191
0	5030
0	15629
1	5210
0	5218
1	3939
0	-3972
0	-8727
0	5324
1	2687
0	3691
0	24681
1	3875
1	-15451
0	-1849
1	-11042
0	5322
0	-5328
0	10440
1	-18581
0	-8776
1	5310
0	4716
1	-14734
0	4600
1	-21115
0	24795
0	4755
0	4395
0	3016
1	-18929
0	5324
0	2405
0	4390
0	-6234
1	-19553
1	-7382
0	4995
0	4930
0	4160
0	5167
0	5144
1	-7931
0	40333
0	-6024
0	2814
0	-8692
0	4654
0	2285
0	5085
1	-11256
1	1116
1	-13931
1	1267
0	12559
0	45819
1	-2002
1	-19474
1	-18408
1	-8187
0	5295
0	-522
1	2664
0	4631
1	-12778
1	-12717
0	5108
0	1114
0	-1122
0	4930
1	5206
0	-8285
0	-322
0	3617
1	-18847
1	5089
1	-20924
0	5178
1	-19534
0	5144
1	-258
1	-11820
0	21275
0	3867
0	-3276
1	4649
0	5322
0	4330
0	5310
0	4637
1	-17567
1	-16878
0	4474
0	4922
0	4762
0	4488
1	-13562
0	4470
0	3993
0	5222
0	4014
1	-20628
1	5267
0	8898
0	2747
0	5293
0	5075
0	1759
0	-6804
0	5225
0	4877
0	5058
0	-6604
1	-17262
0	-6446
0	4773
0	3660
0	4308
1	-6708
0	5316
0	-8741
0	2774
0	5311
1	-11465
0	5325
1	-15799
1	-10732
1	4564
0	1908
1	19157
0	5070
0	1777
1	1543
1	-5450
0	23709
1	-6804
0	866
0	-8512
1	-16070
0	5034
0	-8774
0	4522
0	5241
0	3003
0	5022
0	4757
0	-8039
0	-8651
0	4863
0	2297
1	-20635
0	-1457
0	4382
0	5250
0	4995
1	-19299
1	-9360
0	2518
0	-4904
0	5256
0	5232
0	3533
0	4812
0	5214
0	-7513
1	-10057
1	-16042
0	5110
1	-16469
0	5102
0	3941
0	4073
0	3995
1	-1484
0	2750
0	-4413
1	-16801
0	4079
0	4193
0	4214
0	3296
0	5325
1	2070
1	-5733
0	5324
0	5248
0	-5604
0	4869
0	-1892
0	2798
0	5122
0	-5087
0	26886
1	-18205
0	5231
1	22851
1	-20897
1	2982
1	-14618
0	911
0	5088
0	2829
1	-13224
0	5278
0	3225
1	3542
1	-19883
0	5227
0	4884
0	12289
0	4564
0	-7737
0	-3787
1	-14575
0	-2929
0	5013
1	-20853
1	-4982
0	3462
0	3653
0	4902
1	-18302
1	-21111
1	5213
0	-3004
0	-2444
1	4928
0	5322
1	-16720
1	-19764
1	3372
1	-6371
1	1300
0	-7981
1	-20169
0	5112
1	-17711
0	5323
1	-15419
1	-4752
0	7471
0	1603
0	12576
0	-186
1	-13665
0	3659
0	5323
1	4752
0	5315
0	4914
0	2646
0	4562
0	3806
0	5269
0	4886
1	1712
0	2801
0	4864
0	3874
0	4794
0	-4598
0	-7708
1	-4736
0	460
0	2479
1	3478
0	5139
1	-5886
0	6081
1	-17084
0	4669
1	-6216
0	26229
1	5322
1	4461
0	5175
1	-18932
0	5084
0	3976
0	27364
1	-3959
1	1164
1	-21033
0	4515
1	5318
0	2580
1	-17599
0	3791
0	3021
0	5092
0	4798
0	3345
0	5325
0	5148
0	-2488
0	2514
1	6505
0	5146
1	-21049
1	-9976
1	2676
0	4443
0	1667
0	-6789
0	5107
0	4382
0	5221
1	4231
1	-1960
1	-14571
1	1641
0	5256
1	-15639
1	-8724
1	-11121
1	-14163
0	4441
1	-14833
0	5251
1	-5532
0	4915
0	4598
0	5222
1	2463
1	-19301
1	8535
1	4406
0	5298
0	-6242
0	5309
1	-2778
1	1211
1	-19745
1	-20566
1	-12336
0	-897
1	8530
0	-8626
0	-5572
0	-1858
1	-21185
0	2699
0	-7013
0	19865
0	1605
1	-10239
0	5237
0	5022
1	-12869
0	12490
0	-6269
0	4454
0	4844
1	-3150
0	4744
0	5149
0	-7645
0	5323
1	3458
1	5210
0	-540
0	5298
0	-1038
0	4231
1	1175
0	21749
1	3738
0	5304
0	3317
0	5014
0	-8772
0	3975
0	-7710
1	23994
1	-20810
1	27658
0	-4817
0	5239
0	-7650
0	2663
0	2288
0	-2151
1	-19510
0	4390
0	-4686
0	2916
0	3887
1	5237
1	-16389
0	17712
0	-6006
1	-2945
0	21778
1	4035
0	14687
0	-7401
0	4870
1	-10155
0	13538
0	5178
1	-9944
1	-17318
0	27995
0	-3196
1	-11505
1	-2673
0	5163
0	4635
0	1568
0	3804
0	5128
1	362
0	-3803
0	-1604
1	5258
0	2679
0	-2988
1	-2093
0	5295
1	-20387
1	-19208
0	5257
1	10889
0	-6760
1	-5831
0	-1947
0	4732
0	-4410
1	-21173
1	-16200
0	5268
0	5071
1	2174
0	4955
1	-6358
0	9827
0	4377
0	5306
0	5036
0	1350
0	4445
0	3957
0	5183
0	16625
0	5313
1	-17047
0	2548
0	-1878
1	5246
0	5175
1	-15633
1	-17586
0	5239
1	-19124
1	-15687
0	4569
0	5212
0	4651
0	27284
0	1468
0	5283
0	5287
1	-15781
0	675
1	-7891
0	4581
0	3095
0	10570
0	3734
0	1526
1	769
0	5232
0	799
0	5313
0	4764
0	5003
0	6696
0	1910
0	4990
1	1669
0	1856
0	10138
0	3812
0	4729
0	931
1	-661
0	2048
1	-10955
0	-6685
0	-7890
0	3150
1	-2402
0	2519
1	-18876
0	1219
1	-773
0	-7004
0	-8340
0	3348
1	-1431
0	-8671
1	-18188
0	5304
1	-21213
0	3604
0	5255
1	-7610
0	5128
0	3075
0	4608
0	-3286
0	5300
0	2678
0	5318
1	-12350
0	5277
0	5280
1	-4731
1	-16302
1	-1129
0	5318
1	-13345
0	2797
0	4793
0	1338
0	4561
0	4777
0	5244
0	-8457
0	4508
0	-8737
0	5325
0	5285
0	4943
0	1022
0	4204
1	-2090
0	4318
0	4382
0	5191
1	-4409
0	477
1	-18239
0	-6944
1	5324
0	4745
0	3931
0	292
1	-14848
0	5310
1	-16350
1	-17483
1	-15243
1	4712
0	11721
0	1726
0	-3360
0	4593
0	4226
1	1405
0	4325
1	-6419
0	4925
1	4141
0	27654
1	-19096
1	22989
0	2124
0	5306
0	5109
0	4932
0	3673
0	18749
0	-8762
1	-4879
0	5322
0	6149
0	4769
0	2439
0	18468
0	-3632
1	2524
0	-8776
0	16226
1	3536
0	-4458
0	-8514
1	-13381
1	-20350
0	-8584
1	2927
1	-8087
1	5226
0	-8555
1	-4855
1	-19169
0	5232
0	4625
0	3526
0	4898
0	3299
0	2735
1	-18893
0	2067
0	5103
0	-5296
0	3663
0	-2645
1	-19256
0	2601
0	5049
1	-15359
0	5286
1	-6984
0	-7259
0	5270
1	-5886
0	-2338
1	3103
1	-17190
0	4154
0	5162
0	2213
1	-18021
1	-5962
1	3410
0	-3713
1	-17468
1	1016
0	5323
1	1633
0	2552
0	4762
1	-7540
0	26939
0	3597
0	5271
0	-1305
1	-6272
0	3315
0	5325
0	-1277
0	5094
1	-15292
0	-633
0	3536
0	-8439
1	636
1	4756
0	4939
1	-703
0	5156
0	1309
0	5289
0	4753
0	5312
0	3972
0	3335
0	4089
0	4853
1	-7172
1	-15135
1	-8638
0	4793
1	1463
1	-7591
0	4956
0	-7716
0	-8311
0	3968
0	5186
0	5325
0	-7632
1	-19170
1	-8082
0	5265
1	-4300
1	-16441
1	-170
0	4990
0	3823
0	-6149
0	4673
0	-8050
0	-652
0	5125
0	5324
0	12471
0	4786
0	1692
0	-8226
0	-7825
0	2209
0	-7757
0	-5027
0	5324
0	4653
0	27610
0	1511
1	14836
0	5208
0	4681
0	-4440
0	5041
0	5317
0	27443
0	3459
0	5286
0	4992
0	4829
0	-5596
1	-5106
0	5306
1	-12802
0	-7287
0	2300
0	-4401
0	4528
0	24712
0	22377
0	4712
0	5325
0	-7404
0	5048
0	-28
0	4933
1	-17672
1	-20003
0	-8422
0	4879
1	-7854
0	3981
1	-5592
1	-3343
0	4592
0	-3316
1	-15166
0	5222
0	3913
0	-245
0	5316
0	4422
0	5196
1	25480
0	4514
0	5273
0	-8109
0	4568
0	4635
0	4799
0	2728
1	-13468
0	8251
1	-15594
1	-7938
0	4221
0	4592
0	1327
0	4573
1	-16297
0	9139
0	4840
0	5299
0	-8406
0	27204
1	-19532
0	12878
0	4942
0	4792
1	-15195
0	-3118
1	-1835
1	-18972
0	-5611
1	-19604
0	5038
0	3024
1	-13595
0	-5081
1	-16321
1	-7496
1	-8384
0	5135
0	5252
0	4292
0	3269
1	-12499
0	-7725
1	-19598
0	-2078
1	-10933
1	2439
0	4631
1	23875
0	5080
0	19646
1	-20974
1	-15439
0	-130
1	-19281
1	-6029
0	5188
1	-19458
0	8612
1	-20289
1	5323
1	4049
0	-3060
1	-6639
0	5087
0	4836
0	2929
0	5706
1	-20721
0	-2138
0	5157
0	-3952
1	2062
1	-8005
0	5322
0	814
1	-6617
0	5136
1	-6123
0	4832
1	-17237
0	5147
0	3238
0	1932
0	2221
1	-11846
0	4718
0	5303
0	4416
0	4530
0	5315
1	-19588
1	5120
0	-6908
0	3878
0	1629
0	-1017
0	-4594
1	3470
0	5318
0	167
1	27010
1	-18571
0	5213
1	-5192
1	-3779
0	5319
0	-5610
0	3484
1	2865
0	5325
0	12713
1	2210
0	5031
1	-4613
1	-13218
1	1047
1	3983
1	-17162
0	4157
0	4603
0	3513
0	-847
0	3504
0	-4279
0	5324
0	1157
1	-4518
1	-18921
1	-14944
0	4602
0	-3754
0	4720
1	-16499
0	5107
0	4591
0	-5653
1	-3163
1	-13172
1	-18825
1	-13410
0	4824
0	1494
1	4108
0	-7935
0	5142
1	-10337
1	2843
0	5309
1	-13610
0	5102
1	-17556
0	-4376
0	5227
0	4207
1	-21205
1	-16614
1	5179
0	3638
1	-7693
0	-8232
1	4326
1	-7927
0	20075
0	4702
0	3675
1	-17357
0	5318
1	-17431
1	2385
0	3373
0	-369
0	-8054
0	5252
0	13998
0	5325
0	-565
0	5323
0	3258
0	2612
0	22156
0	5324
0	-7361
0	1544
1	-20934
0	4874
0	3402
1	-14062
1	5854
0	4801
0	9573
0	-7773
1	3394
0	2482
1	2214
0	5323
0	4975
0	5155
1	-18382
1	5244
1	-16885
0	4393
1	-6706
0	5032
1	5095
0	5290
1	-12605
1	-18613
1	-3233
0	4762
0	2201
1	-4065
0	5204
0	4948
1	9888
1	-13534
1	52
0	3219
0	-8481
0	1631
0	4509
0	2965
0	-3215
0	5234
1	-17388
1	-6001
1	-19029
1	-19348
0	5114
0	3659
0	-6759
1	-17520
1	-16988
0	5122
1	-20150
0	5036
0	4939
0	5151
0	-8504
0	-6680
0	4777
0	3946
1	-4311
1	-17879
0	4237
0	-4688
0	-8570
0	4845
0	4988
1	-21206
0	2651
0	4912
0	-8713
1	-2063
1	3491
0	15295
0	3638
0	4917
1	-18879
0	5363
0	3721
0	2469
1	-6920
0	5195
0	5321
0	-8448
0	877
0	-1830
0	4860
0	2125
1	-17891
1	-17808
0	7165
0	5238
1	5304
0	-3359
1	-20762
0	4945
1	-21191
0	-3843
1	-15265
0	5310
0	27707
1	-460
1	-850
0	4808
0	3057
0	5310
1	3968
0	5050
0	4437
0	408
0	3298
0	5287
1	-20446
0	5305
0	5266
0	5141
1	-19890
0	-3174
0	-6236
1	-19131
0	5249
1	1396
0	-7118
0	5233
1	-10482
0	5195
0	66
1	-1609
0	5322
0	-7421
0	2758
1	1780
0	4786
1	-17763
1	4294
0	-6578
0	3807
1	-9080
0	-2332
0	39059
0	4601
0	3640
0	3900
0	2050
1	-16752
0	3119
0	4985
0	1237
0	5282
0	5323
1	-16154
0	4874
1	-9443
1	11743
0	3356
0	846
1	4827
0	5226
0	22104
0	1636
1	-6358
1	-10643
0	3654
0	20849
1	-19467
1	-5784
1	2387
0	3967
1	-7802
0	5027
0	5325
1	21596
1	-14370
0	3185
0	4864
0	5292
1	2632
0	4302
0	4247
1	-13107
1	-17678
0	-280
0	5182
0	-8414
0	-4665
0	4928
1	-5530
0	5280
1	-2697
1	11968
1	-2555
1	-13523
0	-2983
1	-20569
0	756
1	4605
0	-8720
0	-1569
0	5252
0	5220
1	-14579
1	-17422
0	-8712
0	2002
0	5092
0	3947
0	5273
1	-103
0	5325
0	4755
0	4144
0	4922
0	-5675
0	5289
1	3483
0	5325
1	-9045
1	-20700
0	1907
0	5080
1	2156
0	2858
0	4516
0	5046
1	-7290
0	-3858
0	5284
0	-4977
1	4604
1	23056
0	4303
1	4485
1	-19530
0	2272
1	-15455
0	11634
0	5312
0	2741
1	5300
0	4350
0	2440
0	4482
1	1387
0	4185
0	5099
0	4951
0	5293
1	-10588
0	5263
0	-2181
0	-8083
1	-12278
0	5310
0	4466
0	4180
0	4838
0	-1338
1	-17685
1	-8639
1	5191
0	29528
0	5305
0	4272
1	-4968
1	727
0	5006
0	-8773
0	5324
1	-9899
1	-222
0	1844
0	-4762
0	12619
0	5009
0	2793
1	-12464
0	-2785
0	-1062
0	-5700
0	-3207
1	-7035
1	5182
0	5248
0	4913
1	6668
0	2415
0	1701
1	-10977
1	313
0	-1221
1	5179
0	4104
0	4023
0	5179
1	-21117
0	5301
0	3464
1	-14594
1	14923
0	1588
0	-7842
1	-7984
0	-5457
1	-4814
0	5310
0	-5369
1	-10756
1	-14104
0	5202
1	-20025
1	4541
0	13229
0	5214
1	-1708
1	-11853
0	5318
0	5284
1	-18727
0	5050
1	-978
1	1792
1	-6838
0	5067
0	3251
0	5311
1	4879
0	5467
1	-2749
0	4327
0	-2513
1	4997
0	5276
0	3025
0	3724
0	5520
1	-4293
0	4881
0	5275
0	5198
0	1282
0	3988
1	5324
0	5034
1	994
0	2739
0	-5839
1	-8471
0	5168
0	-8613
0	-4739
0	-6622
1	3583
0	-6359
1	1070
0	3150
0	322
1	912
1	-13727
0	27707
0	4787
0	4601
0	3579
0	2410
0	5296
0	4642
0	5177
0	5314
0	5209
1	-17461
0	-3058
0	4991
0	4148
0	5171
1	-1644
0	2640
0	3869
0	-5385
0	851
0	102
0	3267
0	4983
1	-20218
0	4783
0	-5173
0	2333
1	4770
1	3579
0	5255
0	2044
0	-21
0	-8139
1	4965
0	5318
1	-13234
1	2917
1	-19528
1	-13916
0	2997
0	1340
1	3495
0	3640
1	-18006
1	-21084
0	-2043
1	-19456
0	5313
0	3239
0	4429
1	4394
0	3540
1	-4474
1	-4538
0	-2766
0	5283
1	3707
0	5066
0	1634
1	-20846
0	4073
1	-15129
0	645
1	4962
1	-16235
0	-8209
0	26419
0	5068
0	5196
0	5253
0	-5066
1	5305
1	-729
0	-2265
0	1799
0	-6844
0	-4744
0	5241
0	5323
0	5011
1	34734
0	5324
0	5260
0	4133
0	5261
0	4978
0	5276
1	-17202
0	-8148
0	-3056
0	5301
1	-15331
0	4323
0	5234
0	4213
0	5177
0	5022
0	5311
0	-8722
1	-3329
1	-104
0	5318
0	-8709
0	4885
1	815
0	3669
0	5099
0	4892
0	3854
0	5041
0	3725
0	5166
0	5323
0	4630
0	5070
0	5197
0	-2652
0	3545
0	4789
0	25337
0	-6707
0	5203
1	4799
0	5316
1	-15292
0	-8385
1	5265
1	-9922
1	3751
0	3090
0	5128
1	-16025
0	3774
1	-1523
0	24967
1	-18671
1	-16711
1	-3006
1	4938
1	-6150
0	22444
0	-2216
1	-17571
0	15393
1	3769
0	1138
0	3842
0	5321
1	-5576
0	27329
1	-3437
0	4937
1	-6180
0	3877
0	1061
0	-1685
1	-2960
0	4408
0	5310
1	-18045
0	5272
0	9741
0	5207
1	13062
1	1940
0	655
0	5262
1	-18313
1	-4560
1	-16785
1	-122
0	5321
0	5116
1	-11726
1	-16953
0	-1499
0	3780
0	19772
0	-4608
0	5209
1	-10734
0	5324
0	-5169
0	3428
0	4162
0	4017
1	-4450
0	135
0	-8774
0	1585
0	14130
1	-392
0	4258
1	-13644
0	5008
0	5133
0	3332
0	3687
1	917
1	4598
0	4851
1	-18201
0	5276
0	1994
0	5242
1	-1355
0	42381
0	-7724
0	4994
0	5074
0	5275
0	4656
0	2042
1	-7870
0	5195
1	-19624
1	4298
0	4064
0	5204
0	-5923
0	4557
1	-21202
0	5090
0	2672
0	4984
1	-2632
1	-18784
0	5001
0	4802
0	4032
1	-20730
0	4819
1	-7108
1	3786
0	4246
0	-8579
0	5245
0	-4290
0	-6687
1	-17588
0	2215
0	5325
1	-17044
0	4407
0	27611
0	2982
0	-4702
1	26650
1	-18563
0	5317
0	5200
0	3979
1	-15972
0	-7097
1	-20108
1	-19156
0	-1988
0	10771
0	5288
0	4801
0	3767
0	5300
1	-17696
0	5213
0	5210
0	22574
0	4805
0	14336
0	1290
1	-16894
1	56
0	5308
1	1102
0	4483
0	-8376
0	-6708
1	-20405
1	4222
0	4756
1	-14225
0	27634
0	-5088
1	2370
0	-5949
0	3177
0	-2943
0	18958
1	-17622
0	5169
0	5296
0	3087
1	-15694
0	4745
1	-17705
1	-9715
1	-19421
0	4622
0	4964
0	2399
0	4932
0	4987
1	4334
1	1387
1	-16289
0	5257
0	4912
0	5047
0	4993
1	-4102
0	5297
0	5315
1	60
1	-12263
0	23279
0	5323
1	5194
0	-8717
0	4827
0	5130
0	2264
0	4993
0	-1782
1	-1085
0	4366
0	-1928
0	-4994
0	3064
0	-7534
1	2789
0	5300
1	-21203
0	9536
0	4399
0	5278
0	30930
0	27022
0	4739
0	4009
0	5265
1	-15561
1	-11523
0	4438
1	-18540
1	-13289
1	4996
1	-6515
1	-2964
0	4651
0	5289
0	4844
0	5318
1	-19518
0	9230
1	5168
1	-8372
0	626
0	4184
1	4511
0	5323
0	2357
1	-9670
1	5319
0	4612
0	5120
1	-7623
0	23797
1	-19413
0	5317
0	5323
1	2738
0	5318
0	4634
1	-20843
0	4768
0	5102
0	8765
0	-2034
0	5325
0	4453
0	-6997
1	4732
0	-8296
0	1769
1	-21187
0	5081
0	4350
0	5294
1	-15295
0	4297
0	-6983
0	1438
1	4476
1	-18620
0	-5380
0	5230
0	4690
0	-656
0	3160
1	-4408
1	5213
1	3702
0	5322
1	4484
1	-21134
0	-8730
0	2964
0	-6812
1	-6564
1	-9252
1	-19544
0	4103
0	662
0	3141
1	-12334
0	5252
0	505
0	-5440
0	-444
1	-14564
0	-7476
0	5053
0	11147
0	4897
0	-8714
0	2147
1	-11426
1	-18714
0	4435
0	23965
0	5276
0	4995
1	-8287
0	27323
0	4857
0	4192
0	-2533
0	-1827
0	-5421
1	-9052
0	4918
0	2104
0	-2097
0	-8378
0	5070
0	1874
0	-1855
1	-16600
0	5116
0	3914
1	-12432
0	4577
1	4540
0	1221
0	-2060
0	5207
0	5240
0	1898
0	4824
1	-17809
1	-20812
0	1964
0	3347
0	25903
0	2302
1	2591
0	5325
0	-8759
0	1723
0	14005
0	5071
0	3327
1	243
0	-5671
0	4505
0	5087
0	5066
0	-1921
0	4861
1	23373
0	-3842
0	5236
0	3696
1	-15802
1	-527
1	1924
0	5165
1	-18440
0	4205
1	-21072
1	5227
1	5307
0	4725
0	4335
0	-6217
0	1456
1	-20466
0	5127
0	4778
1	-3280
0	4819
1	-2757
0	5317
0	4193
0	5117
0	3710
1	-1688
1	4963
1	4212
0	5201
1	-5028
0	-6540
0	5025
1	17298
1	-13135
1	-12751
0	-7349
1	-21154
0	5310
0	3952
0	4969
1	-20919
1	-16736
0	-2815
0	15081
1	-8448
1	-1232
1	-6334
1	2137
0	4211
1	5133
0	3618
0	4611
0	4984
0	5091
0	4462
1	17837
0	4674
1	-20052
0	7455
0	-7890
0	3333
0	-5307
1	-20888
0	4812
0	5087
0	-8689
0	5105
0	880
1	-19304
0	1357
1	-2382
0	1998
0	54
0	-7706
0	-6367
1	665
1	-20694
0	-3270
0	4750
0	-8654
0	5027
1	-12006
1	-13519
0	5147
0	5012
0	5143
1	23603
0	3645
0	3763
1	-4248
1	-17600
0	-8768
0	2809
1	-18837
1	-349
0	-2139
0	3318
0	5291
0	4201
1	-12886
0	5015
0	5008
0	24302
1	-5092
1	-8175
0	5011
0	5020
0	-4374
1	-4152
1	757
0	3908
1	3597
1	15429
0	5255
0	5317
0	1270
0	3309
0	19441
1	-15492
0	20118
0	-6608
1	-12852
0	2144
0	-2168
0	4882
0	-6590
1	37699
0	3954
0	-7191
1	-486
0	3470
1	-497
0	-6290
0	5307
1	-15737
1	-12956
0	8981
1	-18368
1	4571
0	2170
0	-4868
1	-8927
1	-8883
0	5318
0	2269
0	1806
1	2872
1	-16973
1	316
1	-7602
0	5323
0	-2580
0	-8003
0	1525
1	-21067
1	41968
0	3290
0	-7240
0	5152
1	-20605
0	22087
0	3958
0	-291
0	13344
1	-11765
0	3569
1	-12714
1	-21211
0	5187
1	-13605
1	-5634
0	5160
1	5296
0	11863
1	-6580
1	-5030
0	-8684
1	-16558
1	-21210
1	-13058
0	3602
0	4581
0	-7266
0	-4935
0	-7850
0	-6617
0	3540
0	4588
0	-271
1	-19938
1	-21024
1	2006
0	5243
0	4955
0	1399
0	-5920
0	5325
1	-4610
0	624
0	-3987
0	5091
1	5027
0	-946
0	5018
0	3395
0	-7370
0	5012
1	-21093
1	3871
1	4938
1	-13094
1	-573
0	14576
1	-17939
1	-2561
1	-9697
1	-18625
0	5307
0	5023
0	5130
1	-7287
0	-8586
0	5325
0	3868
0	-957
1	-14610
0	5324
0	880
1	-17295
0	-7204
0	4639
0	-7328
0	2381
0	4807
0	6134
0	5157
0	5320
0	-2609
1	-10133
0	4002
1	-13910
0	1928
0	2648
0	27391
0	-2350
0	5324
0	5325
0	5025
0	4383
0	-4711
0	3639
1	-13035
0	5314
1	-16309
1	-6376
0	-3336
1	-7878
1	-10931
0	-391
1	-18764
1	-16949
1	1954
0	4749
0	5318
1	-20983
0	-2902
0	5310
0	-6468
0	4162
0	-6355
0	4443
0	5289
0	4540
0	-7735
0	4080
0	-790
0	2510
1	-18769
0	-2477
0	20188
0	45543
1	-20850
0	4793
0	4333
0	19699
0	14485
1	-20481
1	-18756
0	5324
1	-19201
0	5300
0	1197
0	4951
1	-16156
0	-5806
0	3447
0	4127
0	3892
0	4090
1	-16248
1	-11338
0	1300
1	-2766
0	3444
0	5231
1	3420
0	5164
0	-161
1	-13959
0	27608
0	4115
1	-15562
0	25403
0	764
0	4925
0	-2965
0	34199
0	1425
1	-14454
0	19613
0	1993
1	-20773
0	5122
0	5264
1	-4365
1	-2525
0	5303
0	3455
1	14746
0	4263
0	1531
1	-20352
1	-10588
0	-2456
0	4240
0	-5474
0	3464
1	-15354
0	27473
1	-6421
1	-9806
0	5104
1	-16775
1	-18230
0	-5364
0	-3699
1	-15577
0	5214
0	4871
0	5317
1	-16193
1	-17566
0	3631
0	27666
0	2887
0	-8612
0	5192
1	-6681
0	-7576
1	-13471
1	1407
1	4999
1	-1
0	-8089
0	4879
0	5057
1	-20575
0	5311
0	5219
0	4762
0	4959
0	5177
0	1817
0	5157
0	3215
1	-3687
0	5160
0	4755
1	-2845
0	4236
0	-8768
0	4568
0	5162
1	-8245
0	4967
1	2595
0	-5207
1	2257
0	3956
1	-15771
1	-9253
1	3991
0	-586
0	12756
1	4075
0	4550
0	-2570
1	-10661
0	6101
0	-8383
0	-6954
0	-8627
1	2508
0	4325
0	5010
0	2063
0	-611
0	5163
1	2018
0	4667
1	1714
1	3964
0	5131
1	-14651
0	4325
0	4557
0	-91
0	4567
1	-18508
1	-19887
0	-3679
0	4833
0	5154
0	-5662
1	-16460
0	4009
1	5147
1	-21213
0	-8775
0	27706
0	5288
1	-20386
1	-19679
0	-8765
0	-6604
1	8135
0	27584
0	2373
0	1908
1	-4936
1	-20085
0	4281
0	1037
0	755
0	5320
0	5054
1	822
0	4769
0	-8694
0	4627
0	2533
0	2705
0	3579
0	2546
0	2845
0	1038
1	5232
1	-1004
0	4767
0	5138
0	2681
0	-7013
0	-2163
0	4987
0	3444
1	-20051
1	-3709
0	5181
0	5247
0	4220
1	3162
1	-10702
0	3153
1	3312
0	7863
1	-18692
1	1809
1	-6189
0	-909
0	5188
1	3776
1	-19868
0	5077
0	-8192
0	4737
0	4252
0	5307
0	-7816
1	-13343
0	4937
0	5322
0	17212
0	3601
0	5247
0	4482
0	5321
1	-17875
0	5323
0	5310
0	-5953
0	-437
0	1603
1	-15072
0	5324
1	-8172
1	-4270
0	5090
0	-1222
0	-462
0	36062
1	-21210
0	3708
0	4994
1	-692
0	5267
0	5085
0	1027
0	4765
0	5313
0	-6669
1	1480
0	4999
0	5177
0	5257
0	4031
1	-14135
0	3380
1	-20667
0	-8583
0	5242
1	5183
0	-7049
1	-19511
1	-11482
0	695
0	5301
1	-17622
0	5265
1	-485
0	4753
0	1013
0	23195
0	3136
0	5952
0	4130
0	5017
1	-19776
0	4782
0	-224
0	1995
0	5321
1	-16831
0	-8173
0	4034
1	-6644
1	3983
0	5311
0	5281
0	5069
0	5241
0	4903
1	2000
0	27584
0	4686
0	4861
0	4387
1	14717
0	4220
0	-6344
0	3559
0	2596
0	4638
1	4210
0	225
0	4658
1	-19419
0	5308
0	-78
1	-11323
0	3745
0	5234
1	-5772
1	-13538
0	-30
0	5233
0	3061
0	5311
0	4031
1	-14120
1	-12650
0	3142
0	5249
0	27455
1	-20956
0	5132
1	11485
1	-10347
0	5273
0	5307
0	-2358
0	-334
0	-852
0	4019
0	1582
0	3240
0	-8457
0	5132
0	5179
1	5277
1	-17906
0	5317
1	-20968
0	5183
0	21933
0	5197
0	9543
0	-8694
0	3620
1	-2377
1	-1002
0	-6604
0	-2809
0	4074
0	4644
1	5290
0	3348
0	2703
0	-2406
0	4801
