17588	9928
11762	1989
23525	-4896
3273	-16865
-12521	-11369
-4129	-4175
-5060	-8157
-13959	7163
-6394	7487
-3498	950
-2950	-17286
1653	8543
5456	-9030
579	8463
6783	7322
2292	-12266
-1211	7462
1472	3332
-5846	9759
-20494	8160
-5106	-6353
4547	-20650
12944	-5828
-7811	-5554
9416	-7804
5972	-10927
-10723	-12460
-7667	-10027
6629	-997
-10290	16175
-10234	-1595
-5141	12815
2558	22624
-8212	17080
9580	2329
-6241	-4545
13345	-15983
4410	-10384
9203	-11993
-18338	16087
-23241	2019
-10693	-1562
3900	-2397
10717	8118
-9086	14690
-2198	10732
-6886	10278
-17952	11358
16864	1125
-8720	-3554
-19104	-16922
-7187	-2847
1030	-8824
-4279	-2702
10915	11346
13120	4781
-9963	2393
-6497	-5959
-16923	8603
-2625	-3688
9086	5403
8729	10643
-1520	6647
-10	7838
-15059	-2668
-3872	5579
-6962	7661
6112	-16658
-3448	-342
-4288	16638
1487	1761
-11792	593
-3141	-4022
-9335	18649
6057	-6586
-12894	-712
-9019	-16232
-1533	7511
-11656	9741
12193	-1381
-21467	-4768
822	-10484
-497	3191
-2400	-2928
-20	-204
-13875	-2536
-151	9026
-2859	5920
6720	-2955
13072	-6337
-6841	-12247
-745	-10159
22531	-14172
-7032	8656
11573	274
3101	10198
-2475	10025
-11872	-863
13006	555
14988	-5331
5601	-9959
2221	-10258
7187	-13232
20246	6343
-3623	16753
12896	5265
-5710	4285
7659	10241
-4418	6083
-6888	3594
-5791	6206
124	-6846
20402	13124
16404	-5115
5212	3291
-8912	12473
-27535	3958
21	-4542
13728	-7215
8660	-8187
9444	-1670
7114	-8044
-101	4831
8903	9076
22726	-7404
-102	7747
5352	7914
-17769	4040
-1834	712
-5550	6216
-10297	-5916
-13984	7046
-11688	-1409
-1826	10442
7153	7809
-3840	-8019
861	-25724
-8034	284
5629	-14130
-2504	-3622
-1661	-9830
-1109	-4386
-3058	-4960
-18821	6334
-17480	10345
931	-6601
-6038	-14287
20677	-7866
2483	4954
-6187	2510
12817	1756
-2408	-59
4801	8524
-2350	-8598
-10164	-13222
6094	7270
-18992	-10949
5158	-11768
-15737	-2589
2406	-6123
-1860	-12498
-2098	-14426
-6	848
8542	-6351
2308	-2005
16249	875
-2784	-3257
8839	7211
-8940	5316
10569	1001
11590	3211
-3185	15503
-9962	-3959
-16204	968
889	-3926
3904	13700
7826	-15216
9287	-4275
-14621	6737
9868	-1434
-16504	-4144
10023	-12037
3102	-11974
-9127	7685
-12382	3227
-967	-8997
-5930	1418
9083	-5346
-6659	-3981
-10382	24387
-2063	-1147
-5498	3153
7693	-3911
-7357	1630
19075	11068
-8310	-10858
5392	-2260
494	13484
-3798	-5342
7635	-11399
-4469	25
21043	-5856
-5322	-3958
9907	-11072
-1308	-9563
-17951	17158
-1176	-5972
6312	-4643
-7144	14565
11433	1951
-12599	21190
-7765	-13328
6668	12019
11314	-23124
-5059	8341
2569	-654
-56	7748
9065	-5381
3830	19893
-15724	-320
-4687	-9345
-5324	-12671
4509	7107
12934	-9286
623	277
1778	-6399
-1681	-11124
15188	-16819
-17912	882
16219	5529
3832	-2704
-3338	-2613
13501	1486
-2617	10610
-9336	492
-1228	633
-2881	-8218
18787	-2703
-14727	17427
-742	3132
3817	3843
-7707	-7164
4384	-6769
5948	-3256
-3994	17117
-691	-10156
13023	-9756
6882	-11544
-16011	-4414
-5029	1688
-6692	-9622
13572	2765
-993	347
-1959	-3989
-2802	-723
1102	2332
-2038	-6164
8016	10211
16020	-7338
10450	10276
-9697	-12289
4462	-5283
2194	792
16645	-2744
-22252	-715
5660	-1155
29186	-10618
-2574	15835
-264	-3033
1866	-15528
-5454	-10031
-3680	-870
8114	9328
-8146	-6476
194	-7259
-11062	-6080
-2884	3109
225	6964
-5915	13621
-2516	3115
-9064	8259
3722	17320
12825	7693
9711	-13347
738	11668
13615	-1612
544	16579
349	3041
-7422	1252
2462	-7495
-383	16467
-4405	17401
12580	1328
-9973	-2522
-12846	18221
-18452	1561
17336	-6659
-6182	-2064
-13420	-4388
-5097	-4450
-1916	-3121
8470	-5940
-10141	-3641
-7791	1877
2236	-7239
-724	-17646
-2696	-2799
622	-8186
-8376	-10698
4054	-6601
4147	1837
-13211	9210
-4074	-2408
7680	-11421
3692	-6497
4218	-7097
5522	-1945
12350	2306
8237	-6884
10891	-1788
2837	1548
17695	-9495
8505	-6778
3529	-7168
6032	9292
-7910	18664
-3771	8872
-8407	18277
-1825	-7711
-3972	-155
-18609	-9700
-6494	-17841
-11621	9602
-2130	-10332
-19457	1924
-16698	-11534
990	1007
-6814	-1634
-2311	-3446
1172	5269
-3794	-9912
15992	5130
5053	10425
-11308	-3332
3801	-10477
-467	-12575
2512	2467
-4790	3737
12559	-10399
-5469	-9873
2933	-1849
-13944	7296
-6072	-6036
1305	3637
20515	13387
-13708	3683
-9436	-388
-7796	-1031
-22135	4072
2317	18849
-1683	9543
15711	9744
-14060	8754
-4755	2790
-7793	17144
5983	-5308
3703	-13325
3407	5574
-7629	-3726
6443	-6210
-2881	5175
-9663	-4406
11267	-1692
585	7363
-19199	3957
21707	-16703
-7309	-3105
4970	7481
1730	-1120
-1487	-8117
-5642	-8877
-6169	-5752
-12482	13932
6966	-17531
-12054	15169
15302	-3831
-6214	-7356
-8154	-8715
19445	-11852
15949	-4247
-10767	22329
2156	10022
15743	-6318
-1334	3869
13578	3546
-4586	-3657
2009	3458
22865	-2543
-10441	18279
2302	-6575
-17164	-548
3487	6370
-3222	12329
12765	-13034
-7238	9584
759	681
4292	-13546
5802	-664
7610	-2822
7456	-8279
-245	9004
425	-14723
-1979	15528
5079	-5165
-5615	-1864
-10935	8093
-4655	51
-12424	13267
709	4286
12657	4105
12629	-14817
15353	-472
-14144	2921
-1192	-3577
1025	8010
12454	3591
6206	-2806
-1158	-2398
9527	9088
15253	6336
1785	8170
6873	-10030
5190	-9146
-3275	2458
-2523	6329
-11510	9381
3015	-15886
-10275	-419
14767	-6830
8938	2974
-4367	-403
11531	7124
10740	3416
2581	3519
-6419	-4756
10795	8538
13046	4897
3689	6222
6867	2130
-19455	-5341
-4678	13825
-1527	-1941
11764	3960
-1627	10562
-21380	13357
-5371	5284
7545	13092
-1644	2385
-8642	198
650	13876
-549	502
4932	-6725
15093	-622
-7290	-11962
6333	-8198
2899	437
10175	-1156
5174	-468
-4179	9442
-285	7321
-14350	29911
-2891	-1092
3122	-7875
-5265	-3857
-3395	-5572
7626	-10702
9837	-12813
-9459	12024
6896	-6547
4811	14763
-18699	-10465
5116	-5220
693	15400
3362	8216
4768	9529
-10145	-2530
9345	4369
-12101	-10296
3718	-5584
1152	-16965
3597	-1474
-6854	-2075
4905	-4710
-18665	-587
-22506	9091
-7981	4635
-3976	-1405
-2678	-1768
-6780	19132
11180	6671
243	-14773
-5055	7472
5547	-3252
17099	14763
-10111	-6268
731	2378
-407	-1810
-14208	-19422
-19566	18178
-21897	-466
3425	-1230
-5435	-1670
9113	-961
7306	-9115
-13781	-1189
-6546	1609
13902	-13369
9905	-4601
-16860	5880
107	-6719
-14001	20212
4785	-6695
-2496	-1357
-1594	8847
3239	5855
-9869	-4090
-11256	-2705
1227	3787
-5069	-3391
-4967	12801
-1685	-5777
19036	-20682
-18460	28250
12477	1111
-4583	-10359
4348	-9243
-9949	-4835
-24556	843
2139	9538
22910	-7529
-15060	-10599
1245	8572
9353	-14417
-1065	-5150
6813	-5306
-10233	7740
-7944	2838
-5874	2921
-1205	-12594
4107	252
5550	-5839
4131	-9107
-8300	9578
5320	5930
1054	582
3032	-5218
7130	-11694
-15908	-17546
13044	1455
1703	2045
-3871	8225
-4823	-11434
-4550	-2391
3319	4298
22913	11158
9048	-8081
-19754	31051
-5799	-6738
3308	-7422
-1852	-4242
-12084	-13882
-3878	-17616
1199	3368
-3251	-1326
3709	-10029
-4727	-3028
-11327	-3486
292	13361
19369	1860
-2877	4471
-16742	12089
-4753	-969
2913	1566
543	769
-18978	18256
-8499	4299
-4348	4334
5063	5204
-2119	-9095
-2397	8917
-30	1354
4324	9561
5533	3603
-1743	-7715
2961	3283
295	-17496
2761	-19722
13108	-10430
2095	-5014
3937	17091
10985	14274
-2723	-3591
-4081	-3805
4711	1062
-1528	351
5470	-7932
-23210	9680
-6673	-9246
4122	1458
2952	1570
10530	18645
2435	-6410
16456	-8663
-926	-15225
15979	-11807
-21292	25089
5430	-13238
-9549	-6222
1543	-2242
6775	-13462
-3749	10513
-8792	-6564
8075	-18739
-1681	1804
-5068	-4507
2141	9152
-5799	-7858
-19636	-1325
-4294	8965
18502	-3535
10230	-5343
-2731	-15076
6805	874
4391	-931
-9131	-18289
8085	-6046
-5625	-10367
2983	-16061
13420	-5185
-10697	9481
-15967	-17630
8942	1725
-9287	-8093
7691	5069
-12069	-5730
-4296	-11820
1903	6279
588	-10914
4257	-4490
-14895	1720
-6334	12215
7098	3394
-4765	4830
-12925	-6280
-1601	-12215
-4406	-11535
-4559	-10266
4632	1928
12292	1695
-4918	-6656
810	15193
117	14355
-6017	-5578
-34083	13137
7277	-4615
12241	-1586
3087	3844
10033	-1435
8179	-7261
10818	922
-10285	-3068
18209	864
14543	-64
1325	6411
1923	-7268
4907	-5352
-5826	-12375
3991	-1957
-6755	3341
16049	-12902
-3516	-21772
12968	-4532
11295	-3728
-3061	10855
-13675	-6017
-3400	-2850
6587	5081
-8306	6669
6078	504
6713	-1220
14947	7115
6499	-17719
-3146	-8579
15869	-6653
-14115	-813
-4740	17136
4318	13948
-3912	2377
976	-250
-10212	-1799
-2246	-6651
13030	-7511
-6292	7069
-6987	-6925
-3800	-11817
6505	2195
3211	449
5764	9373
9898	972
-5469	-2984
15346	2947
-3878	7698
174	5596
-6358	-9729
-11558	-9737
3265	-6210
10173	4971
4589	-8299
-3490	4237
-1608	4442
-9145	2541
8652	-960
9331	1770
-4021	-19383
4443	-4777
10498	-8380
-4574	3496
-10883	-7884
7077	-4956
-951	-2540
-873	1309
10376	-4940
10095	-5288
-7141	-1349
-542	-8480
4706	-7831
-15339	-13711
-15565	6632
-13676	19399
10545	-12273
-4323	3252
7371	-12526
4054	7035
-1105	-7542
8148	-8417
-2094	-6806
13476	-11617
2803	-7414
-5443	-17191
-4162	2165
9357	-3495
971	-8784
4652	8616
-14690	18694
-1912	-5982
-10840	4148
2900	2822
4348	-17115
-21895	11682
-2819	-6508
-9500	13295
-7758	-2032
-29988	18452
8333	3335
10656	-8107
9742	-10299
-2793	11812
7166	-1431
-13169	-13094
-1185	-93
11926	-5691
-2253	-7508
19519	-4556
-17599	622
23892	-19414
-2547	1771
-12693	-2754
809	7032
16089	-11434
2590	-6580
-2853	39
-5080	-2921
6586	-3891
4395	-10653
13625	2684
-7997	-10061
4562	-4084
11940	9101
-3004	4787
-16944	-20212
-5624	-6840
7702	4110
1157	-3705
8167	15316
2318	-4586
9545	-7973
1337	4349
19254	-4331
-5564	-13160
-8259	-14296
-26541	19205
-1553	7412
-2429	23096
10843	-256
1611	-6620
11814	-5168
8072	-1306
-5062	8965
4995	5506
-12458	-1944
12459	7928
-30943	30528
-8235	-9838
-4045	6804
17742	-13189
-11067	19150
4967	-5820
-1273	1228
-18544	-14487
11183	-5070
4523	10047
-28196	19927
11561	16999
2998	-12732
18367	-1131
16704	8083
-4702	-1191
10278	7151
-11093	21356
-7644	69
-732	14337
93	10035
-13562	-9738
551	-8583
9539	-5839
-6683	506
1972	-9752
1823	-1801
-6912	1733
5212	-2413
-4262	-7527
-7082	-3458
-2789	14705
-5025	-8391
5035	2568
317	-11854
1624	-816
6863	-1017
4111	2733
17574	-5530
-1633	-17373
10980	6161
-913	10336
-643	20902
7579	10210
5703	3923
-5176	7545
21923	8651
1936	6808
7672	-20214
-5809	2531
-1403	-248
7276	-535
-19950	-4381
-2192	-8952
-1636	-19096
-7094	-3604
11116	7324
1785	-4441
-19385	23545
16557	-15716
-4014	-11690
4369	-208
8829	-1675
-4890	5619
-3804	-7654
16898	2236
8832	-7817
19075	4221
12352	2285
-8220	7064
-7068	3746
-2928	9698
-13672	7966
-30166	49604
1716	6788
10744	-21049
-15123	17784
-1251	12458
6731	-9023
782	777
-5172	-1853
-2305	-802
413	-3670
-4238	10527
-19131	4296
1656	-2122
-4958	-13835
8390	6615
4283	-12742
-11305	453
-24292	6216
-2239	3915
-5348	5908
4019	-5846
-19146	10228
2470	5521
431	-7016
13749	2949
-4303	16495
6401	-15839
-6533	-4572
241	-2168
-4200	2426
5745	-18895
3522	17471
-4690	8721
3347	-3921
1206	2309
-13934	-3176
10703	-15445
6516	9787
-5536	12302
14323	-8759
8704	-8919
5764	-7254
3374	5570
-12154	7881
-10044	12833
11961	7192
9847	12025
4503	3060
-1787	-1303
1867	-7157
2441	-16010
-6887	5024
-6819	17324
22299	-7225
-22933	15814
-965	19372
-14421	-9800
5910	8482
6768	3155
11105	1694
-22633	-13348
4678	-12724
15091	1596
-10933	-6507
10051	-15106
9045	-7120
-5977	-18321
12092	-11497
12387	-3100
2873	13193
15386	-13209
25818	-1348
-23085	-2305
-6710	12190
1864	-7998
-9008	4064
-227	2095
-13261	2919
-4257	-5324
-16232	1269
22925	-3719
9302	-8143
-1669	-5786
16884	2021
11275	6810
-1813	-8902
14987	-242
-8870	21251
3660	3617
-23283	442
7031	-2980
16260	-10484
-3645	-11743
2523	-12280
17672	-4539
188	1665
-5663	-17197
9470	-2394
-7863	8821
-6884	11021
5507	-5758
-6834	2984
10789	-12571
15643	-257
4577	-9108
11290	-17088
-8169	6171
-504	-17288
-284	-16394
6749	-20561
-10568	-13637
-23788	-15274
4413	12930
-16009	9840
13904	3005
-5871	-7798
7235	12920
10443	-18871
-11346	12518
-15659	8558
-1737	-788
11569	-15698
9981	-653
-17078	320
16510	5939
18813	37
-3100	-3764
-25990	12544
9512	13997
3987	163
-23814	2865
13732	1388
12990	-5777
-6193	3808
1070	13659
-1837	-11480
-2501	16054
-314	3230
9228	5376
-4095	2179
8566	13047
-2735	-282
-5244	-566
9105	13242
14676	7968
3579	8502
-380	-15129
10993	-13658
25255	-32
8139	6703
5914	9154
7941	-9392
-4236	7350
3614	4751
-3877	-15356
-3865	-3351
4576	-4944
3052	-6777
-17486	13473
-132	11672
-11642	-6991
3171	8495
2164	7348
3776	10770
3991	-5020
5474	17562
20478	-13190
6087	11497
-957	-2765
-670	2586
17620	-252
-7143	22483
-2934	12625
7916	-13326
-18069	20792
-7301	9098
-9498	9106
8565	-3426
7831	-7691
-12978	8542
-7575	-11702
7266	-824
-24790	3273
-14890	-1874
-16633	-5373
981	-3828
1634	-2225
3103	7684
-13993	-274
6562	4385
657	-11846
10890	11488
6108	-6199
-1615	12845
448	-14476
5684	-6088
-14588	15512
1921	-6504
29400	-998
-7023	906
12964	5374
-9055	5399
-15451	-442
-12190	10348
6370	-23051
6241	4488
9304	686
-11999	21950
-14128	21828
6231	3240
-17186	17229
-4902	-15952
9913	-14922
-10969	-13455
-6229	522
11169	10632
5161	8011
-2994	10810
1642	-1984
12009	-12033
-4095	1497
-4843	-9696
-15644	919
-2780	-3010
-26511	24049
13221	-3378
6643	-870
-2757	25480
-1086	16795
2335	11670
527	-17412
10182	-5187
7490	6097
7359	6964
10688	-682
5224	-4
3007	-12940
-20422	-4858
-11431	-5710
6584	-15601
1462	-6169
11243	-4108
13286	-5705
4076	6606
4889	-8330
-12863	7625
-658	-17386
9630	12652
6982	-7439
-4155	7131
-4746	-9188
1594	-91
9397	4636
-17898	3501
5482	6782
-2262	1529
-27466	25026
-7143	9499
6489	-3935
4428	-9203
-526	3031
-15240	14476
-21710	19948
12662	4386
-2136	4035
-3587	-38
10645	8013
-1820	7575
-1183	-10281
-6740	18130
-5431	-1619
-819	-7319
-5683	-12683
15263	-4360
11189	-15722
332	-764
10589	-7311
-7406	-7591
14517	-8838
8928	5557
-4771	12082
-8640	-5132
-7096	-8753
18819	-8860
1215	-13746
8192	13821
-13652	5473
10502	3691
-12782	25267
11737	7781
8037	7775
7263	2035
4933	12907
-2796	-6235
9558	8862
-11753	-630
-12007	20268
14925	-11270
13382	-6670
-9352	5569
-8720	7485
1813	5210
7923	-9127
2731	3437
4903	9599
10206	10063
1470	1680
-4236	9587
7303	-6947
-8977	5592
-8886	7520
-12187	-10550
-3510	5397
-5441	16167
-2581	-645
-1249	905
-13513	-12339
20635	7408
5393	15596
8877	-2765
567	-4082
15992	8223
-10789	16509
-1770	-185
-6341	-16915
-2886	10435
-18424	14278
12035	-3129
21619	6040
-1585	9262
20972	5564
-10037	-10329
-7425	4395
-19197	11454
4310	-11050
3938	-4684
-11865	9134
659	-944
4878	21752
8525	-9060
-1282	-6282
-7579	23907
-18828	8870
-3019	-8540
-4756	-799
-3728	8124
-5687	6445
-5138	-12291
7263	-575
-18310	16186
-2149	-3525
-8349	5833
-12901	25858
-14239	8115
-1731	739
1991	2938
-5559	10732
-5212	-11977
2091	-8492
8716	-455
-11091	-4920
7768	-4426
8354	3426
7986	763
9524	-5256
16355	-14319
8906	-8630
11029	-481
-8034	5074
-1619	-5566
-1884	-10270
442	13728
18009	2298
-3101	-6730
-7716	5960
3737	-7969
7182	-16361
-5182	1452
7193	1469
-10556	18174
-1121	4217
-3585	3119
-4359	-6963
18135	11444
13588	-3342
-427	-14182
-1663	6888
6670	-19524
12526	-4122
-14058	-12104
-3562	7707
528	-5549
3130	-2568
15491	-3298
208	-15857
937	3841
10649	-11628
-1397	-6551
-5947	-17938
1046	5956
3995	-10702
-18721	18849
-13496	332
-15441	2863
3353	-5162
-7494	18823
-4048	-11884
6078	6123
6478	-15153
-5807	20119
3493	-11038
-2981	2917
-11794	19750
13246	3642
-4992	3521
5637	3355
-1019	-12842
-691	-1616
-8562	-22483
8400	-23236
-4999	8779
-7110	9432
-4505	-4654
2769	120
-1519	2979
6981	6757
-8329	13770
7987	-794
5760	-12521
-13901	20900
12100	-5163
-8281	-22673
-9801	-15072
-15808	11383
2407	-2303
13686	-1798
9001	1894
-2285	-6841
19539	-4170
-2482	-3985
721	-3372
3670	6594
-9010	6503
-1785	3954
8136	-2075
1356	3995
-14364	14547
-6073	867
-39450	31095
16194	-17733
8505	-2062
-1594	-12121
4637	-11792
-1662	-4037
-4218	19656
-8693	15143
10325	15858
-960	6090
-1676	-13935
10967	-8388
-1970	-18911
-5821	5822
13250	-6765
-8614	-6921
-9369	1632
8135	-13394
-18343	15704
1284	774
-19101	-7450
-3946	8409
-15870	22615
-1279	-13186
14392	-21952
-4497	33536
8042	1642
8281	-13581
-6359	-5592
1394	-21117
6385	6598
-4538	68
-136	-13385
-20486	8132
2294	-10984
-2423	1073
7444	-1198
-9345	-1581
-4579	18146
8833	-48
3404	-19395
-4580	14433
5400	-4509
-2174	-10148
-5286	8109
2964	-8695
6418	4449
-19065	-2834
8565	-23193
5740	1625
-17323	-20518
-14429	4692
14713	-17014
-22723	2350
-3709	-4472
687	-206
464	-17082
1577	4470
-17995	1590
4814	-5013
-6745	-10170
-6017	-1167
-6214	8046
-6091	-4186
-11215	-3910
-4262	-9652
-7946	-10642
-19659	9019
-16011	-8263
20143	-2277
-12597	14135
6006	-4240
5649	-6146
3889	7982
16735	-10881
-2413	-10233
12068	-1580
4967	-14666
12093	7879
-25875	8598
7584	14113
14924	1380
2196	-698
-15796	-2402
-13001	-5147
15381	11092
-10986	-770
5741	-7
242	11309
7552	3598
-23190	8731
-7889	-90
-689	-9859
2622	17384
9996	-7553
-2357	-3354
-15429	-18994
11408	1793
-11016	-699
-15559	-2400
-13723	-7465
4853	-5199
3442	-5981
12531	-4559
15070	-8859
6400	7514
1420	-4991
-716	-14114
-7698	41182
16052	-16288
4369	5282
-1078	12019
144	-1434
6140	802
-16778	4696
-5675	-21562
-296	-12399
-3686	-8523
-8823	-7349
-5006	-15010
-16036	-132
-2529	5774
-8104	-1537
8245	-788
-1362	-2542
296	-6993
4482	-7561
5960	-13494
-5833	19896
-1745	6253
6117	-7184
-2573	-8054
457	2598
-4965	10128
5235	1567
1828	-8291
8218	13289
27559	-11078
1944	15887
-7221	-251
-501	-2314
4544	6217
-1717	9783
6555	-17934
9359	-28438
-4078	14596
-19512	21080
-11306	-13319
14300	6539
6013	9395
7944	-9436
-8396	21614
26859	-3997
-15666	-3359
-22613	14226
-14170	-3856
-2852	-14934
7057	5946
-5909	5644
-3878	21426
1733	-1192
1375	3620
23403	-9002
9876	10137
6690	4688
-16088	-13607
17511	-2380
313	-14448
2007	-8735
14215	-2272
-4708	817
2461	397
11543	-799
1116	-19109
5367	-746
-5740	3502
2738	-283
-7663	-2257
-16221	3323
-3719	-4153
4855	1390
9408	-6678
11575	-11399
10343	-6233
-5012	11076
-6692	1385
8784	5850
-13890	16114
14885	-1070
-5701	3382
14654	-7804
-1640	2028
6356	-14771
33235	-8677
-19507	-1749
-2006	-2311
-5779	-11619
-15797	10687
-7126	-5147
5896	-11700
-2935	795
6543	-399
11120	5835
-3537	-508
12655	-10407
-15880	-7498
-413	7270
-10713	-17187
7888	1759
15735	-10684
-3660	1229
10392	20073
-11619	-5604
-13486	1167
-9739	3480
-3421	14126
8730	18143
1048	3338
8003	-785
14561	7390
-3897	-2525
5169	-7517
8997	-2021
-7067	-8765
-15489	6670
2162	9721
2565	-8221
-19877	34217
-13683	-12964
1050	312
1355	-1121
18321	-10317
4604	3448
7105	7302
-13626	-3548
9461	4306
5577	-3950
-6563	6399
-3228	-14492
-1085	-14427
-16230	2081
-3242	-7676
2870	-17845
-1005	8165
-9105	8232
4317	4817
-9859	1725
-7385	-6814
4325	10929
12681	-1177
-10549	2373
8761	3721
-301	-8226
8349	12441
-8725	-6728
16539	2476
996	-483
-10255	4507
-2733	-12379
-572	9696
13929	12245
6545	-3331
4893	-9716
5903	1038
9387	4957
10856	-8631
15237	-525
-6004	-365
4242	-1099
3541	-5240
-2772	4566
-1487	-8734
-21260	14479
12875	-5657
3495	-124
-4275	-7277
-9525	-12144
-3578	-706
-8307	17176
-247	3728
-5268	-4327
13655	-4669
4816	-7527
-5946	7837
1313	10621
10864	433
6361	-7343
-833	9793
-4502	-10641
5629	14037
-5171	-534
-471	4026
14461	-766
-21562	-6773
-1176	9407
-9865	5354
-2691	385
2627	-5093
-12971	27912
3126	-13891
-7295	4985
7647	7619
-5683	-12087
-27963	33875
4374	-6086
1856	-4648
-8874	12937
-5877	2995
6076	-889
-2775	-555
27045	-4146
25474	-12843
-9280	-1276
10197	12416
-5438	2324
6865	1246
2924	5604
11323	1031
-10942	-1550
3779	-781
-6573	11314
-3089	-8994
17700	-1711
8605	2873
8501	-2991
1793	-6976
10450	6763
-1612	-23130
7123	-16019
14387	4859
-11985	-15596
-6008	-14007
-5665	15689
2662	-7775
2162	-13903
-3675	8589
7523	-465
6319	7264
2925	-18789
3350	-1180
-7824	4963
-75	-14203
487	-7384
4654	4030
10341	-7299
-3843	2715
-3570	12034
8494	-1777
-910	5377
-13079	-13561
-8054	19469
-12880	-6345
-12667	-5841
-12405	3196
3733	4924
12156	-20102
6419	716
-4831	7066
1201	7344
-1440	8422
-3107	17456
-808	2726
-8933	2669
13604	1087
4820	-7646
3204	-16548
-14366	-3817
876	-12665
9997	-15119
12394	12359
-9318	-4235
9057	-6632
-7877	-14626
-9808	-164
381	19048
8224	2113
8331	-10410
2821	-621
-4704	4040
10009	2428
1662	-7845
7527	-6055
13265	-3199
-8010	-676
-5366	5507
2283	5637
-1375	8836
-7219	-12991
9711	-3009
-4437	733
12082	-1774
3210	-9793
3408	6794
-2193	6737
2084	-14509
-2297	-2329
-378	-6761
-3532	-31275
5560	10204
-1021	2396
-1099	13086
1901	-3698
-11201	-683
-5466	-6428
12140	-1943
-4957	2231
-2067	1890
26870	2825
19764	-487
6777	-6597
-6449	8703
12999	-9960
9599	-9604
11103	-309
15649	1938
-344	-6701
22816	-19412
14342	6514
9980	-4703
20940	4481
2581	-8945
-8249	-5923
-2213	7860
-9998	5039
12926	-3704
28634	-1694
-3832	514
-4069	-3218
-14612	-3039
6248	-9784
6790	-11098
7218	-3819
-352	-10224
2070	5045
6802	9290
11384	-8786
-11527	3772
-71	7556
-1687	12958
5008	3825
-9015	-12640
-4556	16513
-13799	1037
1816	2677
6136	-21857
2660	-4245
13570	293
-17749	10198
11407	5124
-215	8208
-567	-15993
8221	-2292
-11930	3326
1388	8706
-2392	3444
1923	-6226
8504	-8339
-8016	19013
13541	4838
-20980	15943
359	-460
6420	2080
-8485	4057
-11295	-11376
12566	-5966
3410	-1777
-2257	3418
8771	-2938
-5791	-10622
8568	2847
-2996	-12066
6271	3864
-1979	2931
-13729	-1971
10276	65
-663	1258
5473	-4013
-7679	-8169
-10226	1317
-3546	3732
-12059	5484
13042	-14908
5536	-6595
-4879	-7565
9256	1399
-9917	16812
-4473	10388
-4824	3244
2113	4001
5002	-1770
-308	17320
15781	-9551
-4681	-1296
1389	673
6368	5962
3467	-14006
-14310	-9003
9873	4587
14887	6369
-2941	2021
3402	13919
9624	-4212
10484	-11740
4935	1062
-8081	21612
-5968	17487
-15628	8308
4789	3910
-5708	-22075
-7510	14829
9194	31
9102	5258
7012	8118
-13076	5967
6786	-2513
-10102	-5668
4556	3690
19105	-9820
-14489	-5726
19077	-8733
-8400	-7998
-3020	1377
-4057	9588
1748	7336
5320	6867
-3557	7716
-507	-7781
33693	-638
834	-4906
-9584	-10574
-18006	38276
-194	-10010
4586	-7330
13674	4350
36	-8562
2962	-8866
-14611	-12190
6523	-14992
-4752	-5098
9699	-26465
5125	-5017
-48	12102
7873	-8337
9834	3671
1494	-234
7937	3342
-251	11082
-3677	14154
-9307	-11577
3957	4092
-5829	-2603
-8835	7035
-1774	-9040
-1582	-10170
12875	11995
7027	-5113
-2077	-7459
16753	6574
-31134	-10750
10275	-1439
862	-4852
5938	5471
12179	-4171
15966	-10082
-9444	4507
13479	-10553
-6413	-6823
3108	7164
-16084	1003
15253	7399
3936	1565
-1032	-3541
-14390	-17257
20447	3292
10926	3889
3762	8528
-4130	4765
-5927	-5456
-3165	-12360
-28841	24417
-5274	1638
-2835	15526
4032	5861
-9062	-10108
-53	-14853
-2910	8780
-1043	-10994
4476	3512
5074	-2238
-1967	4477
-29	6903
14450	8608
-17194	-1561
14291	533
-6612	-6242
-3780	11583
-20689	-3423
15067	-55
10778	-5575
-8995	14416
-11812	9351
19619	-6105
-1913	3292
5294	1612
9290	-19425
-2672	3905
-99	-4645
-7048	-8372
17339	-10466
10244	6125
-6163	15431
3196	-6561
-6023	990
-821	11101
5699	-10276
-7357	18627
-18557	17970
-3858	13901
8552	2873
-15815	-7613
17316	932
827	20833
-17510	18240
6034	13859
-4946	6040
7758	-10209
-27362	15164
-7368	11600
-3258	-5224
-4218	9915
20244	8383
3660	-10955
8365	-4364
-1869	-12793
16149	-9245
6001	8445
-13141	-11262
-7996	-6159
3983	-6910
-3012	-6734
5105	4459
219	8591
14322	3223
6512	4189
-5928	19347
9486	-1535
-9067	4717
-6996	5552
-15659	16252
4595	7057
2924	9348
15528	-359
-4962	-7201
-7977	116
7078	-8989
7227	-20569
6468	-13472
-6369	-8486
12956	8873
-10063	-5841
-2771	-14514
11230	-10623
-1573	-2059
2114	-7052
-10748	1117
12680	7628
9411	-19161
-4127	1241
25009	-10568
-3518	19037
-136	-6078
-2316	14419
9548	3381
-18111	17180
2567	2901
4073	14087
-3252	-2845
9568	-2936
3046	13623
9449	-12781
-6978	14881
4131	-1213
-2880	9816
-15773	-3003
-6161	1393
14433	7813
6509	3654
20893	11678
-4925	-12288
-4909	-9743
-7122	7553
-1611	-846
13112	-5172
914	-16579
-8119	-18619
-5166	-3705
-17393	25590
106	-2144
13181	1326
-4437	4001
3630	3274
1050	-14971
-7973	-13515
-3879	-14725
14514	-1550
-1067	1424
2719	-6879
-12033	11393
-7400	-8001
1507	6048
-5385	-2929
11238	11235
-26003	18847
-12009	-13310
6250	320
-6767	2463
4387	16170
-4668	-3412
6399	-9583
-930	-19594
-2816	13122
9908	7844
7142	-13947
6124	-3014
299	7602
4655	-11347
-14896	15933
22397	-5794
2575	-937
2075	8574
7094	3607
-7942	-1618
11480	-18083
-4510	13371
-11248	12489
19414	3630
73	-1854
-3131	471
-6026	-3366
-3597	505
6898	8664
2905	-7193
23409	44
-19654	13307
10851	-1595
-8196	16091
8074	-1777
8960	-481
17691	-6977
-2704	599
8892	-6259
-8287	-7526
16999	6730
-15988	5191
-12494	-8443
-12190	5108
-2045	-5981
5808	-6184
-17948	25998
-9252	-2708
-3934	-3562
7410	-3412
-1061	-13334
-20835	1625
10367	16380
12340	-627
536	-5169
1147	6341
-2052	-962
26324	-20054
22139	-634
-13851	23816
-3563	-7758
8544	-9243
-847	-632
5705	-12562
2408	2845
-24750	20214
18696	3801
4501	8129
-938	-1031
15642	-5503
-23963	-5000
2947	-6229
9434	-8791
-11927	18947
-6856	5937
-18979	4743
-1873	8207
21998	6923
-4000	-6878
-11668	3712
-5958	5037
6127	8442
-6834	-11349
-4261	15118
7627	-2164
15546	-13642
21013	8186
-4457	-5426
-16531	756
11898	1475
-17817	-1050
-1441	-10520
4804	12144
1507	11978
-8859	-11656
456	-846
-4274	-225
5533	3862
10539	2866
520	-6657
-717	-11405
9628	-3535
-9566	14480
-5291	-2257
10711	-9957
-5185	-675
3278	-17932
10908	-8203
-8314	-7982
4173	191
1616	43
6393	-4455
-35813	37761
-10445	-6206
-2366	-14303
-5078	6826
215	-12713
9053	6821
-8890	10696
1067	-5184
-1014	7915
-2645	-4293
1599	12772
-13305	-8974
19229	-14995
3135	7922
-15587	8791
-11383	-7169
-2910	5462
9532	-4907
3071	-15546
-10170	-8231
1628	-6141
10203	6407
12004	-5771
7127	-13614
-1508	4805
-372	-5613
-1388	3486
11939	10001
-1580	2026
5743	-9121
20571	-2123
-410	4693
-2880	12690
2322	21487
5832	-8064
-664	34534
6546	-9149
2247	-14732
115	4517
-8313	-3122
-3102	4502
-13617	17177
4994	8766
11311	6702
2163	15100
-2387	-12584
-4170	-589
-8938	-1281
-17054	12044
-2399	7121
6176	2766
4667	-4141
-1524	11320
-7723	11632
708	3835
5454	-139
-3143	-5832
-8464	-4618
-5556	2091
19411	-3946
-19046	9456
-6193	383
-25470	33912
3856	-19345
-27486	-11104
489	10503
-15432	-5040
-9313	7150
-10749	7305
2836	-5322
-16386	5931
-7365	3165
-6521	-120
13237	606
-13869	-14587
13082	9663
-20928	280
499	-2137
13954	-3507
-6513	-19123
13370	-1405
-7769	-3249
-5562	-1257
113	10138
2	1655
15693	-926
5412	9064
11488	-4523
7409	7179
18968	-2799
3423	7146
13126	-1125
-17733	2597
-13124	2167
-4115	10713
-23080	16223
3270	-589
-25762	21241
9442	4395
14974	-7928
8218	-16075
-12931	4944
2717	7367
-3881	-14043
-22671	22396
5998	-2667
4731	-15508
6067	-6237
9871	-12004
7225	7736
753	-10793
1290	-4052
-5589	2255
-2720	-7427
-2958	-11420
14338	-7615
-9215	-7123
825	-17712
-3024	13202
-18584	12350
1552	863
11847	3052
9451	-9549
10449	-6331
-3228	6266
10852	-564
-15985	3146
13335	-5174
2301	-5384
-17750	45099
2187	-4523
-2787	-3723
-2243	5460
-6863	5233
-4404	-18888
-3803	-11691
-3654	4078
2684	-5705
6505	-64
1623	12201
2278	-11610
-5160	3752
2366	-398
-7071	6185
6928	11851
-11053	3817
17504	-4002
-3536	-14904
12328	8636
1536	-1901
-2299	785
13	3342
21006	-3079
143	1163
-2539	16369
-5782	2802
-2840	13944
-12134	-6580
-3617	-1157
-26022	7011
-8214	8275
5243	-836
18261	-6231
988	15116
-13827	-7223
-917	-13094
-2645	-3313
-3349	-1433
3505	-6013
-9730	2100
1231	12887
541	-1789
10598	-20675
12352	-6478
31	1149
-23358	18916
-18291	14959
-5716	-361
8414	5772
-5739	8175
7725	-5588
10457	-4215
-1361	-1080
-5401	1644
6119	6700
-716	-262
1920	4172
-4001	14632
-9755	-7069
-32218	23473
3802	-7939
8419	1782
-13523	-301
9395	-10149
10366	9533
392	1108
-221	15418
4830	239
-5798	-5940
11825	6307
9349	1272
7945	-2886
5838	4656
9225	-11216
-509	-229
1151	10181
-3594	10359
5064	4709
-4255	2017
-4983	4004
7403	-3863
8968	-15517
-24565	22044
120	-15057
-6880	12216
5157	-11685
15649	3253
-14280	13447
-12912	8130
16796	-15430
-11957	2987
-1347	-1419
3654	-12857
-10681	1704
3515	8437
13139	-1091
-5484	2007
-8751	7067
-6291	-1344
-56	-11078
17742	-4831
-8904	12176
2523	1796
-397	-8945
-2413	-3766
5359	13091
4949	8990
-177	4264
-18839	27990
12560	8254
-3310	-10281
2178	-9697
-8723	7324
-5616	-10344
13971	-2506
7526	-15063
-1882	-8087
-18284	-7735
-10164	480
15077	-22140
3114	7538
-3157	6114
9910	1571
-9512	624
856	-3687
-6494	6192
-9869	9780
-17125	15609
-1431	2925
412	-1181
4017	11125
-2737	-9905
5653	5361
15398	-4490
-3488	-8947
-8937	20797
16771	14220
22076	4798
10373	-4365
10322	-3167
10817	-1453
10443	-707
11058	-422
-16740	19230
-1119	-9337
-11404	-1388
3435	-14833
-5786	-12300
-17294	19558
-14278	15620
928	-737
-875	3506
-17139	19832
107	6233
-4023	1479
-7909	13511
1750	-11510
-7663	-7285
-11225	-4893
-2536	3084
343	-7592
-6295	-4064
9011	-4141
-13992	-4628
-4991	-8710
-1676	15310
4046	4690
-14615	-962
-28676	-1295
6839	1179
-5955	22477
-3397	12037
10885	-6428
345	3236
31511	3746
5992	-3428
-125	-10598
8168	-9318
21855	3736
6017	4068
-6141	2126
-4368	-1013
-4371	-1176
6057	-2380
-5942	14136
-9510	-7959
15312	13050
7212	-20282
-21435	1987
-13647	-16167
-1632	-12204
1345	2403
13861	-5297
-2630	5083
19909	529
2281	-11712
9182	-533
9334	-755
-9469	-8400
-5877	-1394
-16551	-3708
-13925	-7202
-10144	21718
-1553	9900
22779	-4386
-8049	15382
1124	-8276
6787	-1961
-9876	15714
-3982	-877
-6158	-928
15096	-171
-5584	4565
-9246	-2557
11835	-1450
-3761	9081
535	3626
7082	98
-3322	-1140
3420	-2894
-21440	-8212
1637	-9970
3509	-1958
1184	11926
-9329	22734
-16992	-13179
-3578	4106
3034	-5829
3432	5780
-899	-8720
9326	-7593
26137	-1473
18643	-13368
-5270	-340
7809	-5727
-22621	21997
-7375	-9984
2737	-7877
-16101	-5038
17180	1821
8427	22412
20007	-10864
6369	-1996
-12042	-280
-20106	1353
15235	-7949
1629	-10117
2450	-2856
14385	-4013
12910	-9890
6336	-10292
-7051	388
5388	-7740
-6787	653
-3006	16401
-68	-3435
17300	2107
-5024	8163
-16914	13717
-9901	-4759
-4450	-6693
18083	-6492
9188	-12523
-3689	24800
-18843	1257
-2487	23562
6634	-5526
8376	-5921
-2130	2013
7692	-7177
1399	15398
-3459	-5829
1628	11466
-7877	-1334
8336	-13309
3287	-179
-1846	9481
-11734	-10542
-475	-8784
-8036	109
1077	10151
9414	-16092
-4745	3666
-18746	22302
-15	667
9442	-3847
-5737	-11396
7721	1484
20816	-14422
10880	-2318
-3065	12417
16487	-10528
-9692	2662
-5073	4634
-19969	14589
-3381	3316
-3420	-2905
7106	2731
3514	-1873
-11356	1190
-9688	-811
4085	-2007
-17746	13808
-4458	4882
-701	17170
5372	11156
12995	-3202
-13979	22739
-16404	-21573
2511	10099
-2178	-1544
9623	-5924
-7969	23236
1482	-9388
8937	15551
-3112	-3061
-1749	-7253
3528	-7684
9251	11037
-7599	-3481
-7184	9827
-6313	827
-16865	14796
-5222	20597
-1143	2505
-597	-13192
7477	-1965
-9227	-8674
-4824	4809
1405	-13891
561	15287
6973	-6943
18529	-8889
10767	-6247
-11774	5903
2928	12643
6030	-14322
-805	-12465
-30960	24363
8209	2166
9421	8070
-7116	-7293
-5750	2814
-12661	-1977
-4339	9059
-6380	5146
12777	10264
-579	-1822
11926	-7098
4872	-17373
14103	-4267
11936	3552
11049	-10723
12707	-8432
6217	1183
-2886	-6557
-996	-5079
-9528	14176
-6417	13737
16733	-1373
-17651	2994
795	10600
14776	-27143
11140	-4212
13377	-18697
14713	-182
4539	6818
-17946	10933
-1310	-3456
9423	-914
4068	-12758
-13505	46493
12248	-1854
4828	-8690
2385	11180
-9968	1057
8043	6782
-11277	-7587
3206	4849
-12277	9398
-2259	-5070
4159	4557
9079	8416
-9178	6065
21622	-9275
8922	-6052
-11103	-7048
10860	-11634
-2566	-16602
-1256	-10412
2432	6129
5334	-5710
11896	6545
-10970	-3416
-3831	-6977
-6887	-2394
-9346	-7546
-15271	18323
5830	-10544
-4994	-3021
8989	1260
6018	2703
-4073	3082
145	11433
13134	6102
12033	-2486
14542	506
1762	-326
-2646	-11844
21511	-3940
1284	-11134
-7547	-3402
3165	-8090
16950	3277
-13209	23899
1438	-3154
-21555	4858
-5384	8321
-7034	9353
1571	-11069
-1945	-8095
-10567	34904
1782	-1866
-14181	-10552
-7623	-13655
2931	1461
5122	6889
9912	-19336
3120	-4486
-9228	-14878
-2637	5759
-4265	4857
-6217	6071
1501	-14954
19001	2262
-10827	-15941
-10860	-1311
826	11349
14209	-10350
11297	-3965
-17116	23105
-6017	-5055
-7247	18299
-2349	-2108
6680	-26270
-10470	-9519
-21822	-2040
2868	1595
-17327	6723
7165	-2318
22565	1829
-4442	6339
-4663	-1311
-5322	-6569
4447	-2040
-4518	-12984
-12138	8382
-11788	12664
-19385	-13292
5273	-3874
18547	-3276
-12205	4044
-6911	4226
-3667	-13058
-18362	15038
-812	-6392
-10732	10768
7295	-3588
-8611	-15713
19041	-6269
-3104	13167
-5920	4249
84	-5846
-11805	-5463
9718	6614
-4209	-5922
17761	-4670
-2854	1262
64	-2603
26445	-15107
6193	7819
-9423	-15717
-17586	20627
2812	14167
-1534	-14387
-9077	17223
4882	-2802
8020	881
10622	-6116
-1478	4614
8740	-5865
1713	-10542
9409	-3408
-4451	-5772
-4657	8621
23821	-17809
13546	-11384
-3500	9168
2631	1134
-10217	-16977
-13735	-14188
-4259	-5100
-7726	-6423
-1391	-14
2880	-5624
-16149	10738
-12296	2005
9415	17142
7600	11270
1208	-8937
-21977	-17184
-3074	-12950
328	6700
815	-13650
1736	-3451
-6317	4700
-4662	-8709
7068	-6895
-21426	23108
17717	807
-2939	16315
3632	-14282
18587	-6902
-7865	-2923
11319	6990
11559	-13482
4204	-454
-19805	23169
23565	4610
-7790	-2732
-4754	11675
-10134	18045
3231	-16249
-1219	5333
3387	-8545
720	-472
11206	-6172
17235	12177
17572	-10808
-8408	-2379
-7603	1985
-11316	-13350
2023	-9051
-3923	18910
798	4415
10948	-8308
9899	-3197
5002	7440
17131	-10251
-5734	-2805
4256	-7575
-3027	1090
13875	562
-9714	15745
6967	-6554
13687	-5643
-3256	4191
-425	-18242
7368	3555
1109	11834
-3214	1925
8153	-15247
3711	10713
6213	-15281
6155	-1851
14030	4048
6112	2683
-3700	-7865
3392	5529
2526	-10444
-6664	-9589
-10783	-12013
-4128	88
8198	-2181
-915	-5713
-1356	-9432
-17863	19597
-10936	8512
7482	-5613
17106	-2480
4121	-7423
5177	12265
8335	7420
-8819	2673
1812	4073
342	5203
3869	-16208
7425	1020
-1068	743
4814	1751
-273	-2295
1228	567
9615	-7566
4669	13001
-12014	17671
-8942	-8764
839	-674
17037	-6369
967	10847
-11567	15821
-4749	-4984
1396	-16752
18039	3181
7431	-1421
2	-4908
20629	5502
-20696	-2940
10955	9059
-24461	1002
6720	7783
2937	17446
-22031	21985
10622	12811
6591	-2184
17873	3506
-39	1556
-2846	15248
1380	5971
-14543	-3233
22020	-8379
7088	4633
17540	3453
721	-7963
-2068	6228
-981	1834
19239	-8140
8786	-17097
-27025	22864
9590	-17878
-19613	23460
10343	-1307
4998	-12409
-5554	712
7673	2685
-8959	-16056
10579	12503
-6324	-7597
-4406	-10394
2997	-726
-4584	6679
-7843	1902
3089	-2417
-505	8862
-24980	19236
-16399	-8030
-1280	8316
1809	24572
-9712	6203
-6592	10521
763	6333
14816	-6272
-11984	17592
-6132	-3313
15568	4029
-2786	3193
-15620	-12093
-1421	-6720
-12281	-3818
-6742	9944
-9533	-5070
-5855	-10637
-10229	-3125
545	5630
-24047	37252
-3951	-9096
-7012	2645
-7499	14174
-6010	9803
2115	-6390
7477	-18376
2836	101
7560	-13364
17675	8024
240	-8836
15981	-9994
-19488	9608
-6297	1756
7504	-10210
-12018	17070
5427	-802
19525	-1344
6100	4987
3641	-10113
8706	-5593
10470	-10653
-3639	-16024
305	-5771
-6526	7092
-107	20533
-324	618
12250	3370
-7507	-9746
2506	9909
-3907	16630
-6181	7103
3193	-16721
21643	7502
-6829	662
-7588	3164
5484	-2939
-20068	26457
-15627	-16761
-5551	-11441
-64	11377
-5928	5849
-2650	-8207
517	-12719
17121	-8338
-2047	1420
-4231	-12248
-8483	6956
-10014	12265
-5586	-2796
2789	-65
3424	-12653
-352	-4430
13181	-7476
2722	-10285
6821	7807
-5954	-926
5114	6228
-3241	-13927
-17625	-11600
10568	16
-6327	3704
-19338	5497
3980	-16337
2217	-7678
2377	-12831
-1641	3187
9753	8891
-4840	-16639
6068	2730
7594	703
-16809	-15886
-2174	10625
-6631	29674
-11683	-13670
-2788	-11711
-18302	-1076
-3732	-3837
-23184	-3310
4569	3611
-15594	1180
-7888	8028
-10276	16337
4182	1584
4177	1949
8	1174
1951	-3059
16456	-3852
-9137	9800
11731	-12694
-11076	10376
-17657	31310
-5917	18863
-336	-22558
-2653	5272
-6908	-9877
-2312	2774
-1583	-1883
7176	-6190
-2854	3892
5523	-5678
11135	9790
5489	-1102
-857	-7771
18415	-246
10950	-1753
3626	-10694
-9198	14782
-496	-12211
15193	-15384
11395	4025
393	-9828
6092	-6365
12223	-9748
-14973	-4081
-24960	1096
8213	-9216
-8133	-7689
-5105	-812
-964	10888
1972	3087
9901	-4594
6136	-6464
5906	-4134
-4058	13532
-8640	3421
1760	1971
-3948	-9809
-10065	15224
4593	-12297
-7470	-8445
18000	-7974
5229	14722
-6631	4001
-16993	1641
-1122	-17356
5983	-8984
-8210	6593
7823	-9634
4554	-4217
-9809	-7885
1775	3405
-3592	-14035
-6138	3526
-6189	-12388
-21455	7892
-13871	10621
-6432	2813
-14901	-4604
937	4146
12350	1539
-4035	-9279
1885	3957
7880	-6387
-2418	-9841
-7327	-6112
5884	13314
-3295	-429
12393	7104
-11637	-5317
18221	-957
20427	2261
9089	-8028
-7166	4039
-15342	18148
5689	5639
11034	5266
6267	2202
5735	-10879
-7062	-4974
-12843	-5920
-12911	7296
6220	11695
-6834	16026
-2091	-4201
7694	-19591
5678	6678
4271	-9266
-1581	-17490
886	-3968
-9475	7671
8237	-7762
2909	5583
-10985	13419
421	1224
-12891	33866
11606	-1953
1364	-5431
-2598	-262
-4266	6370
-20907	3956
-11783	-8217
12077	-877
-27208	29206
-24834	23216
-10273	4770
12506	12083
-4106	-11323
-8544	-23595
2166	-12855
19470	4392
-3426	-8847
468	1569
7789	-12579
8592	-14425
-5219	263
-10216	-6703
-8701	10332
1694	4186
6434	6692
12872	-7050
-7734	21581
-3177	1048
-2285	14030
-960	-16632
-4183	-15826
1322	-7129
-23488	-3825
-10820	-8590
-1432	-8739
16902	-1874
-20368	2814
3280	-4253
-3570	3443
1121	-6570
15785	7006
7715	-4155
-5857	-21998
-13126	3328
8665	-1216
8914	12826
-6690	-12610
-9079	6709
-6479	-12684
6770	-6442
4987	-12571
-11207	-8272
-1324	7164
-10164	-5386
-2901	21146
-8313	6153
-6675	-1700
-5272	-8389
-2772	1005
7427	-7261
-3620	17742
4843	11239
-8146	-7574
5373	-19346
4007	-13130
6160	2121
5560	7235
-2044	-13171
-23628	28427
7780	-2328
-2257	-11542
1372	4641
-12541	18224
11475	-11911
-10162	25247
22489	-1403
11313	9572
-12940	-5283
6407	-2949
-11001	-2693
17164	-15186
11194	-13918
413	-5408
13265	-8845
1863	-17408
-471	-13569
4460	-14917
6008	-17866
38321	4354
6457	17995
5320	-892
-4437	1301
-18757	20669
-4797	13950
6835	3386
7595	3439
5481	-17916
14450	-14837
13385	-5290
10883	4983
-5742	7836
12962	-15158
3945	-13165
-688	-1660
-11371	-150
1614	3212
-3988	9772
-3700	11611
-9314	9020
12258	-4268
-6845	-2464
1644	-8382
9504	-14575
-5796	-2018
6124	9939
-16055	-5243
-3094	-498
-2120	-1851
9631	14764
54	-17053
-7663	10406
5435	2528
8175	-9496
160	1913
14408	12142
5838	-2953
4970	-5714
13178	-12349
-9577	-2152
-11380	3322
1471	-7139
-4009	9371
-4195	-15313
224	14107
1145	-10165
-444	2752
1529	7375
927	-313
-8908	15839
-5297	12258
2374	-1832
8573	-8215
7047	15716
5489	-4494
6212	-7633
-2903	-12505
8615	-3173
1627	-11670
-10583	4708
-14799	-6050
-1753	-3337
-5284	11084
6427	-2716
-6515	5089
-1712	14863
-11023	-23415
4114	-2597
-2487	3431
9818	12885
19249	1488
-10344	13886
1254	17318
2797	-5057
6657	1373
-11297	-4465
-3231	6873
3412	6757
4809	-10429
11888	-12570
-11370	-8965
12087	-1890
9958	-8140
-6246	-9965
695	-877
-9178	-5798
15339	-10553
110	-5658
-1543	-11502
-12360	5891
-12106	-10272
6876	-338
-6646	-10828
3246	-13965
1507	6825
-7460	-4810
9431	-8297
-8860	6502
11789	-6680
-3100	8448
6665	3515
-4027	-5325
-532	-11186
-4388	3586
-1598	1057
12213	-18650
-9625	10620
9164	-5891
34319	8037
12493	-11470
-6249	-154
5279	-6983
9581	-4939
1135	-14410
-10311	16694
-11953	-20420
-2963	-11419
12922	-15288
-8519	9517
15717	5870
7782	1560
14917	16636
-10423	16449
7437	-4712
2624	4611
-5158	7056
9414	-9883
-2501	-4961
-1973	606
-5699	-14040
2430	-269
12138	-6187
-9329	-3584
-479	-7200
-3836	-10978
-713	3400
-15001	9662
-2055	-10318
-5261	-4508
-2798	-3317
8387	-20358
-18869	-1477
-8439	17201
12212	-16758
-6449	-1340
-8885	-11123
-11028	-10650
-5856	5323
12315	-16594
13283	-2985
-11452	5879
1542	-6805
6827	104
194	-21085
-12419	-8790
14313	-2193
-16768	-8718
6528	12847
-15645	-15092
-7999	-3046
3603	1020
-8362	-12497
-676	-5479
-9861	-61
8642	-4044
-6016	-6547
7733	-12240
8976	1860
-2770	-1291
3742	-17247
-10381	9178
15281	-12347
-14158	45785
13754	-94
11979	-5593
-14354	-9424
-3311	19076
5542	1297
2055	9287
-6505	16112
144	-4660
-6805	-5452
-2485	-8196
-16591	8491
-11439	-3330
1593	-773
12109	-1203
6152	7251
-946	-4006
-18348	20919
-6946	-7671
1251	8981
-1816	571
6170	6387
-1711	-4359
-16468	-17196
-15947	6849
665	-3954
-3321	-7025
11205	-10430
11832	-4494
7742	12644
6406	-9752
-4215	-4972
-941	1942
-3117	17635
-936	4641
551	-16967
11451	11206
-7667	2551
-7232	6885
6319	16797
6314	-14846
25586	10257
-9844	9990
18037	-2755
6467	2071
13094	5633
13101	-9535
-1750	-6177
-7234	22259
15408	-2855
-4556	-6794
-2627	-3981
6180	-7820
-295	17239
-3563	11730
10739	-8361
-19028	-16575
-5923	10552
1254	6013
17802	4535
-11134	11868
-7061	-2548
-2617	7125
-2748	7680
2265	-9624
4197	13264
-18229	6328
-2739	-2388
4706	-12244
8380	3161
-12899	33085
-11407	12151
4967	-2118
17667	-9840
362	-9954
5224	2734
17242	379
-9981	10714
16605	-943
-4333	-15003
11742	-9804
-11763	-4148
-23	-8250
7190	-4943
-6361	-2178
23122	-6396
-6021	1226
-11887	6484
-5521	-8843
12551	-6426
5870	6056
-11806	19304
4374	-2198
-2469	13946
-7036	9167
-12681	-10333
-12603	4414
6682	12131
5820	5585
-6482	9754
4185	4145
5507	-153
-655	569
-5571	5241
-4760	-5676
24321	8259
-6645	2568
-4068	6856
-1069	5743
7048	14230
1312	12212
6577	-12472
-18302	-7791
-23643	29703
-16665	-4737
-9262	2297
-3800	-12679
13891	-6973
-2896	-1003
6114	-8544
7527	3200
10396	6632
12517	-17662
13210	12447
2093	10775
-15546	7801
-762	15229
11663	8317
-7809	5735
4340	1521
-2807	-12019
7841	-5236
661	-1398
553	-1816
-3069	3402
6552	-1148
19585	-801
-15865	13109
-4953	440
10464	-2690
12516	-21742
1204	-3675
-13167	-11115
308	-7406
-12631	-10915
8169	1008
-4984	6009
15039	-14607
7876	2688
8773	411
1488	-8184
3506	-3604
14551	2127
-2596	-7606
-10444	-12745
-1844	-5254
-5424	-14756
-21161	-5122
17149	10168
6682	-6242
5069	1730
20281	-14460
-17769	18158
1560	10921
9717	-9194
-9345	-11252
-7103	-7155
10076	9659
7299	-5099
-5238	-2895
12172	3316
8890	-4822
5353	-4715
-2648	5357
-477	-3011
-5403	4015
-16392	-11430
-2307	-10061
-17154	-1580
5688	-22939
-2841	12578
1945	11065
-3691	4367
6583	2709
-5955	4153
16835	-20972
-9097	-10515
8586	4356
-1538	-8887
2520	-3094
-14231	11102
-22263	-14955
-23711	8694
-3982	-7867
3996	-2049
13489	-996
-299	17681
5520	3677
13180	-1113
-7401	-4158
12125	-6763
-3768	15597
5394	-16314
-20233	18888
15443	-5044
15800	-17877
7219	17256
6598	8407
-13866	18789
-2583	-20484
-3215	529
6383	-10889
-19820	17157
-25400	21506
9987	3161
-8901	-9584
12733	7389
3216	-372
-1154	17989
2926	1854
-6541	-6322
-2691	-263
14386	6345
-2888	472
1412	223
-6436	11107
256	-1416
-24837	14637
12960	1116
5171	-5373
-16125	7768
-4559	5881
-5032	-3507
-4896	-9899
9182	7035
-6781	13199
-7995	4247
-14710	23695
-7319	12323
4058	16091
-412	8799
11144	-8846
-12122	10912
-7042	-4651
-6820	-4027
19331	-6717
-8063	15373
2441	6777
8133	7979
-10865	-4173
1580	7326
8721	-18318
7246	1799
12670	-3943
7825	11069
1101	4344
-12451	18275
15176	94
-2665	20920
-4206	9027
-819	13290
11011	16575
-5801	-3743
-7192	-5454
-5628	10847
5468	8541
-5868	-362
-12232	3342
2762	5423
5167	-12976
2623	2497
11094	9602
-7974	2873
4977	2114
3497	-5963
-3599	-9792
83	-14191
28113	-768
-4148	-11621
-25034	20740
-16817	3481
7967	-8916
14292	-1440
16124	-7445
5319	-13028
10045	5947
-420	-10816
-3251	13218
15020	3023
13286	-336
151	7570
-4880	4994
8388	-10396
-2047	-7765
-16483	21731
-3446	-4696
-6580	-8684
2832	-5768
-1512	13166
8477	12339
-9340	-2869
853	-12370
-12025	2964
21342	-11948
-7059	9042
3406	4571
8291	-10837
15638	-5774
-961	1092
14798	10086
-9418	-5942
11793	-4608
8221	607
-556	-5509
-8396	9494
12883	-18293
-11518	-11289
17006	637
8333	-11323
25128	-3114
-5124	7557
-18470	-8496
-24256	17662
533	13318
8896	-7193
3679	-4158
19954	6543
-8830	-5226
-18430	-10326
-3179	17034
8658	7841
-13238	-12043
-7437	6602
-14823	19670
5551	15103
-9263	7578
-444	-5533
-921	-13652
1064	-5651
6676	4299
3856	6085
-2817	20177
2275	-4771
8281	-12837
6231	2026
11439	-2986
2740	2312
265	11529
-6995	13011
-8490	4369
-17694	-9063
902	-9122
4	-988
18068	-13859
-10924	14750
8843	-12402
-2336	4244
11838	2419
12299	-1198
-11755	-4318
6020	6176
-7871	-9479
1292	-5576
-2798	-16142
460	4934
10474	-2881
6027	811
7907	-22708
3995	-13585
3979	-1395
-10508	-11764
2245	4787
10680	-11216
8848	1092
14005	1826
-2284	-13892
12409	1939
-10494	25314
-15825	9169
-10036	3388
11553	-1339
1395	5382
12378	7667
-1880	-1426
4151	4822
1243	5508
-5267	10604
-15542	12513
-4728	-12748
14507	-7811
7975	-2378
3128	1107
-4898	-1675
-5351	11251
-7536	-4466
-14044	-3056
6211	5638
-11375	-4057
9099	16376
-8770	8949
-10597	11438
-5183	22
-7919	-13932
12741	-5977
3170	-2015
-1783	-11664
-6375	-6064
12898	1121
5546	46
15590	-12587
1203	8170
5887	1233
1668	-7832
-8615	-4340
6370	-11293
-13320	11753
1985	1636
-6835	-8821
-16037	28201
1111	-1845
236	722
1324	-4932
-17113	24988
-2366	-7612
-1685	4646
10785	-7809
12788	9615
-3072	4820
-2444	-5767
11704	10936
-16643	-14993
3778	6068
867	-4340
-9174	-1370
1544	-5912
-2319	-4341
-8627	3835
13204	8862
-9405	-3528
1697	-10923
-2948	-12253
-2880	-1771
11032	7811
-8258	-5212
-1321	-8493
-11977	9509
-18054	20062
446	-11251
-8896	-1890
-708	-5012
8854	-8874
-21618	8999
94	-3285
5142	-15610
-15022	-5693
10702	-339
15231	-9599
-908	5935
15148	-7094
-4334	18248
-6620	-1123
-15562	-8085
-5971	-478
15409	-18013
3338	-14626
1194	3532
-15992	-8057
-5596	10748
1384	-8733
677	1603
8963	8502
-9753	-9954
4700	-4526
8087	-11730
-4911	7242
-22306	5075
795	5810
9949	8279
1743	3679
-10640	2093
2708	2305
11028	3992
-11233	-480
2115	11016
-4834	4655
8494	12609
10324	5277
9350	1831
1522	-9737
10750	-2208
1442	-8774
8260	-18158
773	-8761
-18794	9563
-4037	-8257
11418	-14670
-2031	-12855
-12657	663
-14914	-7413
8193	-10356
870	9116
15176	-15167
-7006	1979
3066	-2011
17136	-12454
10283	1507
-148	-4043
-2811	-25454
11714	-378
-9389	1090
-9767	-1059
7030	528
5207	-2514
-8065	2628
9900	7526
971	-13725
-11536	5314
-556	6369
-12773	7101
510	969
-621	21597
233	-3510
-290	12344
13473	-13195
14397	-1137
9453	324
4300	-14282
21729	-2443
7110	4997
13655	-1749
3320	4291
6191	2667
-21889	17345
-748	-3637
17120	-2826
-9111	-13843
-6260	-13234
1673	13590
10936	1849
-4697	-205
8991	-3075
-1129	-14478
-9162	15068
-19469	-5528
-8088	-283
-7560	11304
-9874	12024
-8109	9136
-4267	-8514
18514	-431
9469	4289
-10638	1183
1993	-6034
13276	-6504
704	88
-4883	9709
375	-4637
10084	10273
-20269	26279
-1650	11295
-1639	5917
6276	3720
-14601	4141
-8737	3578
-7262	-8191
-10865	436
10510	28537
-664	1650
-4112	8813
4073	9479
-5483	11848
-3239	-11679
8487	14680
-3565	-11980
3108	-4033
203	14436
15430	-12493
-13908	2933
-6506	12106
13574	9726
-2197	14648
-4210	-14188
4017	-9324
7463	-5043
-2628	-2329
6523	3760
23624	-14046
12448	-12641
7776	1095
2383	-13711
6408	4003
-9762	16107
-2237	2714
-13210	-2891
-10070	4693
1387	1593
2417	-8341
-5788	-1706
-16392	12862
-3467	-6982
-7367	16123
-26201	23209
-15927	-13117
2108	-16145
4191	5454
3636	-4965
-6675	9162
7649	6876
-5006	-9823
-11417	3316
9590	-666
-700	4228
-874	11707
-1936	1858
2603	6569
35	-13176
-4431	-433
3449	1994
3921	21352
8299	-1782
-5105	14556
16352	-1953
-13440	-7924
-6617	3959
-9483	-7222
-19648	22373
-5875	21304
-11786	-1016
14436	-4061
11464	1641
-560	-1057
-5692	-9904
17517	-8213
7331	-4934
5745	-8934
-13177	14994
3147	6947
-7561	23650
-4448	3384
-9471	2770
-1915	11147
8721	-7839
3116	-6427
-8302	7046
-3487	20836
-4671	14490
15020	-2777
-8474	-5215
-3623	4700
