-6414	0
-643	1
-12383	0
-13886	0
11006	1
18338	1
7176	1
-2134	1
-5423	0
1206	1
-19918	0
-12976	0
18721	1
8739	1
6791	1
12120	1
-854	0
-2766	0
-5033	0
-1012	1
-1739	0
18116	1
-6623	0
-2944	0
-6426	0
-6993	0
-13774	1
2197	1
-2112	0
-16776	0
-1856	0
5912	0
4488	1
-8681	0
-19643	0
1521	0
-10638	0
8070	1
1472	0
-11751	0
-9955	0
-13301	1
7326	1
-11474	1
11921	1
9755	1
-1559	0
-2128	0
1400	1
4930	0
-11872	0
-11254	0
3112	0
11282	1
-9006	0
-12966	0
11886	1
-8000	0
-6150	0
-6671	0
-2951	1
-2989	0
3209	1
-2244	1
-4741	1
-7314	0
4231	1
452	0
-16769	0
-5542	1
-21910	0
6159	1
-24266	0
76	0
-4128	1
8719	0
2368	0
-10897	0
34897	1
-1337	0
11886	1
13794	1
-268	1
-5687	0
11980	1
5401	0
-1541	0
5957	1
-8586	0
13004	1
5524	0
2050	1
-14958	0
16508	1
8809	1
15248	1
4245	0
-12402	0
-15046	0
-15107	0
6815	1
6805	1
-8557	1
-10186	0
-2259	1
11207	1
-8301	0
4823	1
17929	1
-2573	0
-10872	1
-277	1
-2677	1
15671	1
3248	1
12207	1
-25203	0
-6695	0
-3953	0
18199	1
13105	1
-1936	0
-10018	0
11745	1
-10913	0
3801	1
-18707	0
-2736	0
24151	1
10412	1
-2075	1
-10114	0
7694	1
23155	1
9351	1
8701	1
-2092	1
11570	1
-215	0
6446	1
-640	0
4631	1
-19	0
141	0
347	0
-7032	0
2834	1
29998	1
11899	1
-2102	1
14689	1
-20793	0
-14	0
27	0
9857	1
11448	1
5653	1
-5631	1
-2836	0
-8854	0
-15086	0
12659	1
3513	0
1353	1
-3250	0
-5914	0
-9287	0
3870	0
12423	0
-17298	1
-7977	0
12390	1
6948	0
12592	1
664	0
9926	1
7781	1
-4682	1
-28065	0
8189	0
7144	1
7870	1
-7419	0
-8124	0
5711	1
-6749	0
-3008	1
-26963	0
-8707	0
-5162	1
17820	1
-13008	0
3293	1
9372	1
9778	1
3675	1
-18018	0
15790	1
-1308	0
18918	1
-4063	1
17371	1
-3488	0
4177	1
2743	0
8973	1
-8262	1
-701	0
-5949	0
-4455	0
-4740	0
-1878	0
-971	1
-1045	1
-7897	0
-4535	1
-13262	0
1620	0
-16117	0
13639	1
-6191	1
-8808	0
14269	1
-14291	0
-12004	0
-6650	0
-10266	0
-14158	0
-5177	0
4456	1
3701	0
3934	1
5118	1
-15486	0
2937	1
-5168	0
10138	1
-12271	0
-17151	0
17978	1
7873	1
15000	1
-489	1
-8288	0
-756	0
-4911	0
-8238	0
-13218	0
761	0
3260	1
9440	1
2859	1
-4437	0
-9897	0
9966	1
11864	1
-3154	1
3592	1
11371	1
31544	1
13394	1
8015	1
11625	1
12785	0
-5933	0
-439	0
6547	0
-1982	0
-261	1
-3089	0
430	0
7914	1
-6342	1
2444	1
-3356	0
-3803	0
9798	1
-9232	1
141	1
-3008	1
4428	1
-12850	0
13731	1
1914	1
12662	1
1601	0
-3331	0
9053	1
-18134	0
18708	1
15869	1
-11409	0
25496	1
3809	0
2511	1
11470	1
-18853	0
-8415	0
-15029	0
-9160	0
-6321	0
-91	1
-2728	0
-13008	0
-9468	1
-8956	0
12246	1
13847	1
2476	1
-805	0
-486	0
17465	1
-7478	1
-8258	0
4287	0
-3283	1
858	0
-18369	0
283	1
20774	1
-3522	0
10967	1
-19974	0
5083	1
-8100	0
3104	1
-406	1
-1849	0
-781	0
3712	1
11530	1
-2242	1
-2063	0
21831	1
-8733	0
2829	1
6153	1
11717	1
-3694	0
4113	1
-8100	1
-6422	1
7159	1
-14161	0
25249	1
-17825	0
14218	0
-14192	0
9202	1
9502	0
1195	0
2837	0
-10771	0
-7967	0
15159	1
18530	1
-2777	0
-574	0
-2808	0
5627	1
1352	1
-8882	0
1734	0
2265	0
7875	1
14269	1
-2027	1
-11	1
-1100	0
-12653	0
11092	1
-17477	0
8922	0
11992	1
4694	0
-14951	0
-2322	0
-3686	1
-9969	1
11817	1
-8240	0
1894	0
-11799	0
-2648	1
-16555	0
-15832	0
-953	0
-6542	1
19097	1
-26066	0
954	0
-1318	0
-2547	1
3822	0
6700	0
-3901	1
-5085	0
-1177	0
-598	0
-3593	1
1846	1
5200	1
-17789	0
4234	0
-13094	0
12430	1
-4818	1
-11515	0
-4979	0
-1386	0
6889	1
-571	0
-9294	1
9560	1
9967	1
14469	1
-7390	0
24205	1
5559	1
7415	0
3588	1
1407	1
-19010	0
-17574	0
8137	1
13787	1
1132	0
5612	0
-3109	0
-8304	0
-6419	0
-541	1
-6438	1
-8786	0
-3170	1
4043	1
10899	1
-12292	0
6624	1
-8146	0
-5327	0
9461	0
4295	1
12267	1
-16004	0
5728	0
20696	1
-5565	0
4311	1
-7290	0
-2815	1
4711	0
-980	0
23396	1
-9014	0
-4176	0
1332	0
24190	1
-8676	0
13137	1
6909	0
-3937	0
6789	1
-4822	1
10213	1
1404	1
16723	1
17973	1
-9667	0
-3215	0
-5163	0
6608	1
-4220	0
12149	0
-5225	0
-17684	0
-1140	1
9129	1
-11376	0
6254	1
7087	1
1876	0
-14757	0
4514	1
11965	1
17946	1
-5000	1
-1330	1
9081	1
-8400	0
-13733	0
-6950	0
-28993	0
-5558	0
5719	1
-1967	1
-6748	0
6582	0
-5316	0
1555	0
6303	1
1271	1
10727	1
-12696	0
-2140	1
582	0
-2372	0
1033	1
-17712	0
4911	0
-6849	0
5394	1
-16998	0
-12127	0
10352	1
16148	1
8229	1
-7608	1
2659	1
-2999	0
-651	1
495	1
-9635	0
-2016	1
3991	0
2193	0
3269	1
-6808	0
5918	1
-10494	0
8841	0
20785	1
-8892	1
18054	1
578	1
-8274	1
2296	1
16477	1
5748	1
7038	1
-13103	0
-4941	0
10291	1
-688	0
21810	1
-4652	0
-10439	0
7800	1
2425	1
-1203	0
-11535	1
-3402	1
7427	1
856	1
2910	0
-3865	0
13612	1
-5940	1
-3339	0
16213	1
-16223	0
-2474	0
11537	1
-18213	0
24678	1
-4610	1
5256	0
-20858	0
-8042	1
-8090	0
4387	1
-6084	1
3615	1
-15758	0
9183	0
5371	1
5322	0
15200	1
11418	1
-1768	1
45	1
-23079	0
7681	1
14309	1
-3486	1
6729	1
6633	1
3582	1
-13179	0
-7682	0
4631	1
16214	1
-5588	0
-3645	1
-19417	0
-4433	0
6189	1
-1412	0
-88	1
-4401	0
8947	1
2621	0
7822	1
-6434	0
-1096	1
10103	1
-11688	0
-5691	1
7701	0
12527	1
6908	1
8753	1
-10074	0
16234	1
4394	0
-8363	0
8434	1
289	0
16387	1
21261	1
8892	1
-4300	0
-3325	1
-4200	0
-8587	0
-6124	1
-8714	0
1310	1
-382	1
-4650	0
6537	1
22507	1
-3456	1
-3694	1
-10624	1
11722	1
-12746	0
11895	1
-8760	0
-5529	0
-3289	0
2763	1
9779	1
-2632	1
424	1
-7694	0
19172	1
3773	1
-1425	1
2079	1
-16754	0
12245	1
-4021	0
10200	1
8270	1
-5381	0
4345	1
6753	1
13803	0
5105	0
-10821	0
3494	0
4759	1
-8848	0
-11126	0
14142	1
-2621	0
-9523	0
1663	1
-3092	1
19342	1
-2787	1
2838	0
5955	1
-6167	1
-6496	0
1347	0
1534	1
14172	1
15418	1
-8013	0
11019	1
1482	0
3771	1
-18451	0
-3026	1
-4281	0
-9799	0
-11371	0
-14369	0
3491	1
3122	1
10177	1
-8998	0
2722	0
10076	1
-6182	0
-19044	0
-12603	1
5856	1
-7119	1
-6190	0
2472	1
-297	0
-6556	0
4438	1
-6033	0
2998	0
-9509	0
-1906	0
-919	0
9545	1
9466	0
11762	1
-7297	1
13015	1
14643	1
-6925	0
32434	1
11450	1
6540	1
179	0
11289	1
-13300	0
6924	1
-16993	1
20727	1
-10546	0
3384	0
-14614	0
-15011	0
-8561	1
-10257	0
-1471	1
9800	1
6441	1
9050	1
11588	1
5116	0
-9553	0
12858	1
-5622	0
10192	1
-3618	0
-9777	1
23921	1
-3214	1
2078	1
-27233	0
-6392	1
8008	1
-16289	0
-1301	1
5874	0
-6390	0
7535	1
-10150	0
4929	1
-7821	0
612	1
-20386	0
-1010	0
-19824	0
-5896	1
-2377	1
-3185	0
1638	0
11734	1
4096	0
-12	0
4934	0
-12724	0
-5035	1
-9088	0
-11572	0
-11588	0
704	0
-1274	0
6713	0
-389	0
-10764	1
12297	1
11279	1
14147	1
-4911	0
16386	1
-8918	0
5282	1
17359	1
-11886	0
3718	1
-2740	1
4458	1
1928	0
-2810	0
-4568	1
-30651	0
21	1
-10650	0
11337	1
701	0
-6796	0
-911	1
13834	1
-22098	0
-3941	1
706	1
3772	0
8766	0
-4188	0
4880	1
-1814	0
1608	1
3170	1
-5801	0
-16658	0
-4652	1
-13155	0
-5509	0
3587	1
2765	0
197	0
-1857	0
-1439	1
-10010	0
14461	1
-9117	0
-8785	1
-2939	0
-5326	0
13508	1
-8410	0
-13090	0
22138	1
28262	1
-2947	1
3503	0
18143	1
838	0
7749	1
14059	1
-1943	0
-4646	0
-7139	0
-14969	0
-6251	0
-2756	0
-11324	0
-5509	0
-2749	1
4388	1
905	1
2191	0
-7349	0
-4023	0
7292	1
3552	1
-5043	0
-11935	0
-271	1
-22119	0
-10728	0
-9123	0
6200	1
-2456	1
11466	0
-4559	0
-7910	1
-9528	1
-15234	0
1570	1
-9361	1
-19358	0
-4886	1
-9870	0
9818	1
-4283	0
7583	0
16976	0
-17016	0
10948	0
10106	1
6525	1
10435	1
-4596	1
-11314	0
-8800	0
-1484	0
14910	1
3269	0
7852	1
-2178	1
8096	0
6353	1
1916	0
-5230	0
-1196	1
3999	1
-16032	0
-10837	0
-2026	0
6062	0
-9225	0
13374	1
9161	1
-1264	0
14570	1
14582	1
1841	1
-14998	0
-4852	0
6696	0
-4580	0
4836	0
-9400	1
-11193	0
17319	1
-8698	0
4301	1
13699	1
-8228	1
-1614	1
7563	1
-7297	0
-4176	0
162	1
-4686	1
6625	1
-5863	0
-12086	0
4769	1
-8260	0
-2312	1
10118	1
9601	0
14374	1
-9628	1
8723	1
-1770	0
214	0
-11666	0
2833	1
15549	1
-6010	0
-2248	1
2179	1
12587	1
-9109	0
4036	0
2221	0
-9393	0
-9050	0
-8048	0
-613	0
4187	1
-197	1
-853	0
6510	1
-4336	0
-1044	0
-5726	0
-23150	0
14681	1
-14391	0
15085	1
16447	1
-938	0
17080	1
12011	1
-18303	0
-16239	0
5008	1
-6707	0
-1131	1
2766	1
1160	1
14118	1
9671	1
-20337	0
-2053	1
9488	1
20180	1
-13947	0
-4629	0
7584	0
19397	1
-3063	0
9395	0
7917	1
4569	1
-5201	1
330	0
-4894	0
-20300	0
-9014	0
-4350	0
-7851	0
1571	1
1417	1
3403	1
2550	0
-1341	0
12563	1
-12653	0
-15411	0
8167	1
-3935	1
-10451	0
7609	1
-15378	0
-4026	0
947	0
-6507	1
3330	0
15985	1
-4196	0
-16611	0
-2090	1
-1869	0
7422	1
10641	1
2228	1
-7977	1
-1914	1
11037	1
3217	0
-7902	0
-1715	1
7224	1
3326	0
-16493	0
4189	0
14964	1
-5608	0
-5645	1
4808	0
99	1
26324	1
1210	1
-3063	0
10635	1
17366	1
6422	1
7150	1
-4149	0
-9007	0
-3431	0
2871	1
1301	0
-8109	0
2852	1
-34316	0
-4849	0
4701	1
-8440	1
7838	1
-1570	1
1209	0
335	1
-3294	1
-816	0
2435	1
12658	1
4369	1
9728	0
6709	1
-10330	0
5326	0
6494	1
571	1
4210	1
7324	1
-2416	0
16491	1
-19361	0
3850	0
9247	1
-18020	0
-11201	0
4419	0
2409	0
-11725	0
12200	1
5590	1
-11472	0
-11411	0
-6078	0
9206	1
-10669	0
244	0
-14941	0
-3922	0
-8271	0
-20039	0
-2430	1
340	0
3186	0
541	1
-1850	0
11034	0
1569	0
4308	0
21233	1
-4198	1
2382	0
-11946	0
-4357	0
8797	1
19418	1
16638	1
-5055	1
14609	1
-12352	0
9697	1
2007	1
3389	1
15679	1
-6004	0
-538	0
-6674	1
-12402	1
-1683	0
-11080	0
-6818	1
-3325	0
7811	1
-2904	0
-1495	0
-3138	1
2336	1
3527	1
-4151	0
-11819	0
6235	1
2333	0
2496	1
-1637	0
6127	1
7323	0
-7837	1
-4130	0
3142	1
-3100	0
2087	0
5866	1
-19311	0
-159	0
-2162	0
7871	1
-19645	0
-16556	0
-2147	0
2532	1
4718	1
12910	1
11812	1
1412	1
5300	1
8854	0
-11907	0
5232	1
996	1
-31269	0
-12924	0
6083	1
-3465	0
-1693	0
271	0
17851	1
-730	0
24222	1
-14090	0
3948	1
-12937	0
9692	1
3359	0
7694	1
6640	1
-8974	1
-15389	0
-5012	0
-21968	0
7010	1
4807	1
-3929	0
7842	1
-17814	0
682	1
-1281	1
7004	1
-16673	1
2650	1
7521	1
-2551	1
6928	1
2416	1
-8738	0
-8080	0
-15740	0
28012	1
-14524	0
-19546	0
1700	0
-6064	1
-524	1
-2970	0
-9759	0
-4083	1
-12276	1
7810	1
-3784	0
-7213	0
3730	1
-8477	0
-11118	0
-9685	0
-8829	0
-4159	0
-6831	0
-7302	1
-339	0
-13251	0
-5999	0
10645	1
-14639	0
-5115	0
-17981	0
4105	1
4693	0
2386	1
5850	1
-10000	0
-8929	0
-1947	1
-2673	0
-57	1
-10193	0
-11097	0
-9287	0
4805	0
8151	1
-9897	0
5391	0
1704	0
10341	1
-5150	0
-287	0
-4805	1
6712	1
-3735	0
25354	1
2661	1
-13103	0
-5434	0
-6727	1
-3100	1
544	1
-9434	0
3443	0
-7998	0
-8518	0
3833	1
13289	1
4548	1
16664	1
-4763	1
1969	1
2121	1
5871	0
3094	1
14686	1
-3640	1
-5233	0
1538	0
6513	1
-9580	0
938	1
10070	1
-13770	0
19542	1
11213	1
6235	1
10350	1
3658	1
-18952	0
5910	0
-3785	0
-7849	0
7695	1
6309	1
13579	1
5434	0
-1550	1
-2197	0
-3253	0
-6635	0
-2248	0
-15501	0
267	1
4507	1
35663	1
8615	1
1479	0
15824	1
8362	0
1277	0
-17696	0
-14188	0
22529	1
-2251	1
-4449	1
7049	0
-2660	0
-9721	0
-3148	1
-4271	1
-10148	0
-4331	0
11808	1
805	1
7114	1
-4578	1
2676	0
13771	1
-8798	0
5296	0
14508	1
-5743	0
-4827	0
-15811	0
-8697	1
4090	1
-1180	1
1690	0
-4148	0
17803	1
10669	1
4398	1
-7651	0
13332	1
-1675	0
3665	1
2698	0
-4621	0
-14422	0
25551	1
8174	1
-4937	1
-16235	0
-1094	0
3392	1
-11202	0
12468	1
322	1
-14142	0
3477	0
-9666	0
-15210	0
2712	1
5177	0
-11110	1
11044	1
-7577	0
6523	1
-3943	0
1716	1
15804	1
3372	0
-9578	0
1436	1
3325	1
6703	1
5702	0
-2717	0
-12942	0
-4878	0
-12311	0
32	1
9255	1
-1012	1
11502	1
-9431	0
-13476	0
3818	1
17107	1
-6988	0
664	1
13504	1
-15481	0
4985	1
-25126	0
4657	1
-13121	0
-13060	0
8758	1
2190	1
-170	0
-10018	0
-4038	0
11516	1
9301	1
12936	0
2502	0
-2291	0
-10791	0
-6283	0
-11037	0
6474	1
5080	1
2106	0
-73	0
15646	1
-12106	0
-767	1
615	1
12520	1
12823	1
-60	0
3493	0
4282	1
-9801	0
11248	1
9038	1
-9072	0
-2715	1
3335	1
1542	1
5663	1
-23511	0
-14173	0
-3865	0
-9031	0
-6019	1
-11744	0
-15179	0
11822	1
-19298	0
-17904	0
7621	0
-9895	0
16264	1
7367	1
-11069	0
106	0
-916	1
9513	0
-14726	1
17444	1
17794	1
3180	0
9904	0
-18942	0
-2926	0
824	1
-1664	1
9919	1
-12123	0
-4898	1
12081	1
3194	1
-9247	0
-15648	0
15070	1
9779	1
-3968	1
-4852	1
17957	1
-24563	0
1414	1
8798	0
-6144	0
2245	0
-5931	0
1033	0
6772	0
3692	1
8873	1
-2925	0
4780	1
14355	1
9633	1
10065	1
-6749	0
3488	0
-1600	1
5342	1
-5311	0
-5419	1
3609	1
7133	0
8492	1
-14670	0
3218	1
-2986	0
-7243	0
-5756	0
-2690	1
4006	0
-11917	0
-5391	1
6662	0
-483	1
8965	0
8062	1
2161	1
6343	1
-13836	0
6347	1
-16007	0
5275	0
10068	1
-7999	0
-3233	0
8900	1
5223	1
-11554	1
12329	1
3665	1
-3039	0
16211	1
13790	1
-4466	1
-3910	1
-8383	0
-7189	0
11987	1
-4643	0
18961	1
-11342	0
-10066	0
-3386	0
15024	1
-8102	0
826	1
-1936	0
24794	1
-7002	0
-4165	0
-15715	0
-26605	0
-13844	0
5239	1
6878	1
3959	1
-1829	0
-11821	0
9031	1
-3411	0
-1531	0
-228	1
2487	0
-6920	1
-10306	0
6217	1
-3867	0
-13634	0
-2110	0
-3091	1
10311	1
31682	1
7960	1
272	1
5848	1
6956	0
-6206	0
-374	0
-9264	0
9811	1
-5931	0
-10699	0
2194	1
13754	1
10758	1
18083	1
15927	1
23749	1
7343	1
2822	0
-20577	0
-5521	0
15190	1
-13098	0
-6293	0
-18703	0
-1069	1
-3381	0
879	1
1776	1
-5308	0
4058	1
-127	0
5757	1
13029	1
5502	0
9215	1
-9436	0
-2020	1
-11480	0
2546	1
7239	1
-1249	0
2072	0
-2484	0
-4134	0
-4216	0
-934	0
-14893	0
-24889	0
-5967	1
-26655	0
-9816	0
-11369	0
-10995	0
-5765	0
7530	1
-1061	1
14186	1
1383	0
-11259	1
1159	1
-1719	0
13052	1
49	0
-14369	0
10698	1
15782	1
451	0
-13679	0
1291	1
6794	0
-10511	0
-5495	0
-4982	0
21432	1
-9864	0
586	1
-4513	0
840	1
1959	0
-4567	1
4480	1
-9206	1
-4234	0
-14244	0
-11017	0
18181	1
8324	1
-4447	0
-10958	1
-9426	0
856	1
-4896	1
215	1
-7675	1
-7124	0
7185	1
8376	0
-7875	0
-970	1
3941	1
-4583	1
-3614	0
-2182	0
-12782	0
-2336	0
5391	1
7650	0
9198	0
-1381	1
-4945	0
-4136	1
1450	1
-7917	0
-3414	0
-4587	1
18056	1
1851	1
4057	1
24257	1
2748	0
15272	1
7714	1
-562	1
11980	1
-12306	0
9218	0
8842	1
-14809	1
-16209	0
11195	1
-14053	0
3805	1
-9043	0
-16142	0
-930	1
162	0
-2477	0
-7141	0
-12185	0
3451	1
9989	1
2181	0
-9744	0
2946	1
-14479	1
-5642	1
-13564	0
-7367	0
2466	1
-10218	0
-939	1
-10438	0
-1255	1
8666	0
4909	1
-10038	0
2588	1
-349	1
-2961	1
13690	1
-7405	0
-6534	0
4268	1
1427	1
2236	0
6523	1
5507	1
8329	1
1828	0
-19600	0
-14913	0
829	1
8000	1
4435	1
-614	0
3497	1
803	1
-7998	0
-4747	0
9152	1
1101	1
-15353	0
10981	1
-1179	1
-15914	0
1272	0
-10684	0
-9754	0
114	0
-4140	0
-3073	0
-8997	0
-8570	0
-1652	1
-15548	0
16717	1
-1122	0
-14275	0
8918	1
-1506	0
-11400	0
13580	1
-20528	0
1119	0
-4570	1
2699	1
3282	0
-8833	0
23204	1
11313	1
-276	1
-4987	1
9434	0
1065	0
7147	1
-3952	1
1530	0
-8173	0
-11495	0
-16560	0
-7678	0
-6354	0
18881	1
-6332	1
4696	1
-12640	0
-10633	0
1014	0
1695	0
2753	0
-4662	0
-17258	0
5991	1
-8989	0
-3139	0
-20974	0
-2894	1
-9315	0
13029	1
-19196	0
-13366	1
-4355	0
-1852	0
-9936	0
-13731	0
-1751	0
-3395	0
-5686	0
1407	0
12628	1
6818	1
23120	1
-10657	0
-13261	0
-7831	0
-2976	1
2768	1
438	1
-7462	0
-5198	0
-75	0
-3121	1
5757	1
9517	1
-5792	0
-5045	1
3762	1
-9098	0
-5879	0
14419	0
-4015	0
-12618	0
-13742	0
3004	1
-914	0
4387	1
-2319	0
20481	1
732	0
-21666	0
-23980	0
-8045	1
-6867	0
17490	1
-6103	0
-1901	1
-6353	0
-17804	0
14774	1
9253	1
-7060	0
-4277	0
14126	1
-1130	1
1098	1
8822	1
-5524	0
-6161	0
-6478	1
9710	1
3129	1
10902	1
21003	1
-3094	1
9141	1
-2108	0
1405	1
15865	1
-20443	0
-7008	1
-13783	0
4744	1
-6220	0
-4719	0
-1810	1
10903	1
-17071	0
-22657	0
-133	1
-405	0
13969	1
-7120	1
13578	1
-5542	0
17914	1
-338	0
-3602	0
-18383	0
6689	0
-10952	0
2696	0
-22059	0
-7232	1
-2893	0
-8698	0
-13336	0
14806	1
454	1
3366	1
-22	0
6115	1
1797	1
25880	1
-5034	1
3599	0
8915	0
-8163	0
-5917	0
-10721	0
4662	1
7017	1
8820	1
-11628	0
-1858	1
1352	0
4299	1
564	0
-6378	0
2409	1
9238	1
1364	0
-5594	1
-24160	0
4350	1
12174	1
9950	1
-13771	0
4688	1
5728	1
8411	1
-7459	0
-11021	0
-16985	0
2979	0
-10046	0
3480	0
-1193	0
8277	1
20248	1
-6297	1
-5625	0
15053	1
7486	1
14721	1
3558	0
16511	1
-6739	0
-5246	0
-17228	0
8977	0
-14637	0
4920	1
-5589	0
-7754	0
-19707	0
1168	0
3228	1
-7642	1
-13218	0
6767	1
-6921	0
5196	0
18027	1
4593	0
-11060	0
-8130	0
-4041	1
-1513	1
8890	1
-17290	0
-9576	0
-3295	0
-6877	0
11224	1
6596	1
-18605	0
7002	1
5993	1
12877	1
-6469	0
-6053	0
-4963	1
10055	1
-8064	0
9358	1
-4267	0
-4787	0
-7434	0
820	1
2452	1
-5199	0
-7234	0
6982	1
-9647	0
-12316	1
11532	1
2155	0
-14914	0
-895	1
-3857	0
9784	1
9075	1
-4982	1
6817	0
-18550	0
3045	1
4758	1
6230	0
-13123	0
34641	1
2219	0
12038	1
-4674	0
-2349	1
5122	0
-3739	0
14026	1
-7732	0
6890	0
1606	1
7473	1
19279	1
-561	0
7965	1
16136	1
15982	1
-2893	0
-2331	0
4571	1
-8382	0
-6026	1
3061	0
128	0
6223	1
-1717	0
1055	1
12215	1
-6338	0
10695	1
8070	1
-1952	1
12377	1
3202	1
-3880	0
7956	1
-1006	1
6288	1
-7957	0
-910	1
5302	0
8574	1
-7021	1
-6320	0
13747	1
5169	1
-4511	1
2998	0
-11110	0
12498	1
-16424	0
12267	1
-10601	1
5151	1
1534	1
21761	1
-4178	0
-6357	0
-13280	0
-15484	1
4725	0
6144	1
-12619	0
-7379	1
9537	1
-4383	1
4689	1
2125	1
-13018	0
1698	1
-12947	0
14938	1
16618	1
479	1
6995	1
2608	1
1373	0
2831	1
-1158	0
-1725	0
13184	1
10752	0
18602	1
5718	1
-3109	1
-3994	0
-8252	1
6100	1
6576	0
-4399	0
-1604	0
-9115	0
-10970	0
-6992	0
-24750	0
-3516	1
86	0
17025	1
13055	1
11282	1
-5356	0
-1417	1
-6064	1
-6348	1
-4783	0
7879	1
-4664	0
-10687	0
-11745	0
1828	0
-18937	0
5544	1
7821	0
2364	1
-1428	0
-695	1
5391	0
-13140	0
17931	1
-7676	0
-293	0
-14433	1
15736	1
-2969	1
5611	1
-7864	0
12342	0
19081	1
-564	0
4612	1
3074	1
10561	1
13134	1
-3184	0
7155	1
4435	1
-7372	0
260	1
-8292	0
-3838	0
-5513	0
6845	1
-380	0
-7846	0
10721	1
-8331	0
-2122	1
6594	1
14068	1
-3392	0
4450	0
3036	1
-11228	0
-16128	0
-10079	0
-2863	1
-11174	0
-772	1
4136	1
-496	0
-5875	1
-11100	0
-4332	0
-13699	0
-17833	0
17298	1
11226	1
22309	1
3386	0
-5259	0
2123	0
-4649	1
-7856	0
8323	0
3496	0
-1728	0
-11491	0
-14117	0
-315	0
12255	1
-4261	0
-6318	1
-6821	0
1071	0
-5416	0
12801	1
-10932	0
-3163	1
-4780	0
-9900	0
2469	1
-4290	1
-3039	0
3730	1
-9950	0
-5514	1
7969	1
10371	1
6097	1
-11437	0
-24650	0
-10378	0
-22500	0
102	1
30382	1
134	0
13902	1
-1516	0
-10272	0
-7992	0
-3830	1
3947	1
19874	1
9540	1
-6787	0
1430	0
23358	1
9387	1
-11303	0
-16067	0
-10941	0
4188	1
1682	1
575	0
1255	1
-3206	0
-8069	0
-6878	0
-589	1
-2413	1
-3077	1
8446	0
6082	0
12031	1
-3037	1
1272	1
8172	1
4890	1
13402	1
-4405	0
5054	1
3075	0
14786	1
2852	0
-10613	0
-4295	1
-6934	0
5378	0
-35	0
21468	1
15656	1
-12218	0
15210	1
-5830	1
-2003	0
-5011	0
-17734	1
26720	1
16264	1
10495	0
1145	0
12207	1
-6281	0
-9109	0
-9958	1
-3597	0
-6917	0
-6992	0
-7313	1
-11718	0
-14296	0
2325	0
-5002	0
-10598	0
-7370	0
11327	1
11196	0
-10545	0
6589	0
-5835	0
-22648	0
-27644	1
6385	1
16322	1
-16273	0
-2135	0
-16006	0
-11205	0
14854	1
11400	0
369	1
13645	1
627	1
7438	1
-4641	0
4995	1
16924	1
-333	1
6702	1
741	1
14727	1
2185	1
-13065	0
-6741	0
-5717	0
3533	1
17855	1
-1256	0
-704	0
5192	1
-5042	0
8940	1
-222	1
827	0
9291	1
6674	0
-5404	1
9258	1
2370	1
-18463	0
1166	1
-21421	0
1226	1
-5944	1
-13613	0
4401	1
3084	1
1892	0
-487	0
-1323	0
-1486	0
-1591	0
267	0
-3721	0
-1911	0
18074	1
9682	1
-9762	0
-3895	0
-7447	0
-1665	0
10739	1
8582	1
-11429	0
-5115	0
-13267	0
9205	1
-1634	0
-8004	0
-300	0
-2548	1
15841	1
-3716	0
4762	1
2802	0
18751	1
-7791	1
-214	1
19447	1
5183	1
169	0
17174	1
38	1
18229	1
-2465	1
-8775	0
165	0
3033	0
-11234	0
934	0
22009	1
-20132	0
7907	1
-19732	0
7566	0
5696	1
4975	1
7575	1
-6676	0
-6125	0
-1030	0
7932	1
-10088	0
-9852	0
14478	1
-9790	0
3539	0
4	1
15842	1
-1292	1
5053	1
-4845	0
-5815	0
-1264	0
-17801	0
18	1
16847	1
20502	1
10761	1
-6206	1
-4198	1
10246	1
-17265	0
-13904	0
13642	1
1769	0
17032	1
-20351	0
-17	0
1339	1
-532	1
-1298	1
11417	0
239	0
6910	1
4130	1
-6754	1
-5404	0
-24143	0
-6261	0
-273	0
2838	1
4950	0
2001	1
9605	1
-11803	1
-4092	0
-8392	1
-2312	0
-1792	0
-8063	0
2207	1
29220	1
-2574	0
7386	1
1429	1
4526	1
-4122	0
-5765	1
20791	1
-25706	1
-8340	0
11495	1
23102	1
-8723	1
-14257	0
-8805	0
638	1
-542	1
7594	0
-12130	0
-153	1
-6081	0
-9174	0
12659	1
3151	1
-5964	0
866	1
4680	0
-4301	0
-12504	0
-18508	0
13809	1
9395	1
-4636	0
-9887	1
-1065	1
-1845	1
-16846	0
10644	1
6267	1
12851	1
9807	1
4158	1
6191	1
13476	1
3288	1
5403	0
-4845	0
-5605	0
21857	1
3475	1
-6054	0
-8676	0
-14882	1
31	0
-3315	1
-5017	1
5320	1
2139	0
-7928	0
-18415	0
18823	1
-6440	0
1105	1
5697	0
4526	1
-4879	0
-9313	1
-9579	1
10300	1
-9755	1
-4087	0
5564	1
-787	0
7186	0
3059	1
-4696	0
11669	1
15656	1
773	0
-4859	0
-1928	1
-12047	0
-9026	0
17222	1
7484	1
3716	1
-6699	0
-4192	1
34504	1
-10916	0
-8152	0
5181	1
-2953	1
2519	1
-6507	0
-6921	0
3813	1
-771	0
-5012	0
19490	1
4061	1
15849	1
-15032	0
583	0
-11942	0
-18157	0
10619	1
-19765	0
-6896	0
6685	0
7599	1
-8145	1
-23323	0
-1896	0
-12326	0
4403	0
-5130	1
8812	1
-14485	0
-1027	1
335	0
13362	1
25851	1
10064	1
-15355	0
7736	1
-11279	0
-11978	0
3475	0
-12642	0
-1580	0
502	0
6352	1
-3890	0
2097	1
-4167	0
-19940	0
4811	1
-8926	1
-14234	0
-4768	1
-1896	1
13716	1
16895	1
-12521	0
543	1
-10260	0
-6519	0
-4885	0
-5916	0
-4610	1
36877	1
8354	1
-1440	1
1798	1
5151	1
-1067	0
-11391	0
2750	0
-6058	0
-14291	0
-4836	0
11310	1
41	0
-12184	0
-10713	0
14884	1
2977	1
-8737	0
906	0
-9478	0
-739	1
-4334	1
2894	1
10152	1
-4570	0
-494	1
-11993	1
-3340	1
-13676	0
7940	1
5026	1
-7393	1
8130	0
13278	1
9348	0
-11349	0
-17226	0
8860	1
2577	0
2006	1
-3347	1
22703	1
17249	1
-18797	0
15365	1
6424	0
7825	0
2	0
6981	1
9071	0
-1695	0
4495	1
-5852	1
17131	1
30751	1
8216	1
-6117	1
-9186	0
-1675	1
-2901	0
-2332	1
-8266	0
5879	0
2087	1
-13243	1
-3495	0
9802	1
2203	0
4203	0
-17281	0
-18978	0
3462	0
12423	1
-6873	0
-7121	1
12	0
-6060	1
-7523	1
-2665	0
4876	1
-2258	1
14308	1
-5596	0
5138	1
13494	1
7950	1
-3125	0
526	0
12189	0
-11393	1
13488	1
-5432	0
8177	1
-9153	0
-9587	0
1401	1
-5149	0
-9060	1
-7727	1
4443	0
5322	1
-12251	0
-3769	0
-9110	0
5369	0
10294	1
655	0
18225	1
3166	0
-12685	0
-3118	1
-1477	1
1177	0
13801	1
-4116	1
16137	1
-13101	0
2251	0
959	1
812	1
-12587	0
23788	1
8441	1
11181	1
-14231	0
7416	1
5982	1
8765	1
-9730	0
-4010	0
12224	1
5378	0
2549	0
-6950	0
-5940	1
13191	1
3981	0
-1598	1
11822	1
9814	1
2870	1
-16811	0
2941	1
3591	1
-1998	0
13211	1
-10296	1
-5192	1
-12635	0
-13674	0
-8534	0
13983	1
-1557	0
3033	0
3832	1
6371	1
2055	0
-10293	0
-464	0
3928	1
19409	1
-9582	0
-6129	0
-2328	1
2085	0
16007	1
-18620	0
11470	1
-1208	0
-17918	0
-13790	0
-6514	1
4473	1
5838	1
284	1
-6474	0
200	1
-8607	0
5828	0
10424	1
4062	0
10099	1
3003	0
-15745	0
10206	1
-10546	0
-10602	0
-5674	0
-15872	0
-2572	0
5204	0
-7261	1
3157	1
-8633	0
4590	0
7345	1
12075	1
11842	1
-8754	0
16842	1
887	0
3216	0
9832	0
-3342	1
20064	1
-2289	1
-6302	0
-7991	0
10235	1
12497	1
-12804	0
-14200	0
16356	1
-12295	0
-5175	0
8136	0
-4121	0
5509	0
-9287	0
-13549	0
2904	0
1218	0
12098	1
5671	0
-4876	1
-5403	0
-10850	0
983	1
-2066	1
3641	1
8905	1
175	0
428	0
11884	1
-12225	0
5412	1
12968	1
-17931	0
2704	1
-10962	0
7684	1
4924	1
-3700	0
11592	0
17494	1
-9720	0
12701	1
12755	1
-3516	0
3216	0
-16396	0
-16904	0
4423	1
10348	1
-2630	1
-7067	0
11911	1
4239	0
9627	1
9908	0
-2414	0
-8308	0
-12169	1
3441	1
-2157	1
-11932	1
9016	0
1509	0
3755	1
-291	1
5868	1
-12863	0
10217	1
2174	0
-6286	0
-9130	0
-21597	0
-12225	0
7332	1
8925	1
-3359	0
7044	1
15029	1
1531	0
-187	1
-11122	0
5227	0
20455	1
5520	0
-3403	0
6660	1
-10882	0
6189	0
4883	1
14960	1
-16950	0
9182	1
4469	1
19334	1
1840	1
-14204	0
13753	1
-13568	0
-12224	1
6218	1
-13337	0
-14810	0
-1892	0
-4257	1
-3582	1
-11950	0
-7722	0
-2829	1
10548	0
6919	1
-13112	0
-2122	0
1106	1
1021	0
-15581	0
-10004	1
-10436	0
-8813	0
11962	1
969	0
4724	0
18232	1
-5220	0
-7114	0
3379	0
1486	1
5883	0
-5820	1
12695	1
-3305	0
-1235	0
-30027	1
-5571	0
-3104	1
-7327	0
6881	1
-1681	0
-1720	1
-11532	0
-10457	1
-1808	0
2991	1
13926	1
-16090	0
-627	0
-32827	0
-7281	0
-3661	0
10819	1
3063	1
-4466	1
-9845	1
6477	1
22258	1
4478	1
6716	0
4935	0
-11976	0
9540	1
-10629	0
6250	1
15873	1
4124	0
-10755	1
9875	1
-302	0
-8862	0
2882	0
-12932	0
6631	1
-7233	0
4225	1
-9535	0
-10119	0
-14198	0
7508	1
6979	1
2117	0
-10226	0
7324	0
16582	1
-3957	1
-3948	1
-15952	0
8081	0
4636	0
-6087	1
13599	1
-6186	0
79	0
11807	1
14777	1
-6061	0
7684	1
-3057	0
-13086	0
2446	1
-9141	0
-15601	0
-3676	1
-20394	0
-8686	0
13021	1
3054	0
3745	1
-3759	1
-1090	0
-8217	1
-12115	0
-7570	1
-23625	0
-3207	1
-4596	1
10847	1
-5746	0
2714	1
3952	0
-6240	0
-2645	0
5258	1
10534	1
-3185	0
1994	0
-7459	1
-1948	0
-4631	0
-4526	0
-9575	0
9692	1
15846	1
28524	1
5207	1
-1364	0
5335	1
10719	1
6440	1
-1334	1
-1779	0
-1989	1
8587	1
-5813	0
-3570	0
-16739	0
-1800	0
2260	1
8156	1
20722	1
4654	1
5232	0
11644	1
-2974	0
9857	1
-6095	1
5648	1
-7604	1
-948	0
-16006	0
-20122	0
6284	1
8170	1
10669	1
4446	0
866	0
15761	1
4606	0
-14948	0
9926	1
-9570	0
-10481	1
-3449	1
12519	1
19253	1
-16622	0
1499	1
-9477	0
-6836	0
-14829	0
10515	1
-8943	0
5541	0
3157	0
-19013	0
-23655	0
-9477	0
-16001	0
-12874	0
-12528	0
-7825	0
-13573	0
-1103	1
7394	1
8829	1
-8176	0
12902	1
-19897	0
-7878	0
7606	0
-261	1
5871	1
14356	1
-13518	0
8179	1
-458	0
14686	1
13969	1
-5100	0
-10480	1
778	1
-6579	0
-423	1
-1331	0
5489	1
-9347	0
17042	1
-743	0
14360	1
-878	1
-18319	0
-21536	1
-16746	0
4404	1
3867	1
14949	1
-5835	0
12648	1
10960	1
-974	1
-14401	1
5473	0
5468	1
3728	1
-10117	0
-13357	0
14434	1
-1218	0
-2129	1
6119	1
10005	1
-4743	0
10549	1
18196	1
5141	1
-8979	0
19125	1
9930	1
14260	1
-6239	0
10263	1
709	0
8236	0
1564	0
-6474	0
9461	0
-5030	0
1516	1
8416	1
5148	1
-1584	0
2845	0
6588	1
-14282	0
9576	1
-10969	1
8632	1
-7185	0
-7639	0
-20487	0
-8404	0
9515	1
-13629	0
8741	1
27	0
-2259	0
-4062	1
-225	0
16973	1
-358	0
-4796	0
5681	1
-2429	0
-4649	0
-3408	0
-6327	0
9497	1
12319	1
-2384	0
13625	1
-7786	0
5429	1
-7019	0
-7569	0
-11282	0
7527	1
-384	1
4913	0
4322	1
-1709	0
4470	1
8816	0
11771	1
-4975	0
-4462	1
3671	1
4074	0
-4811	0
8603	0
-2884	1
-325	0
-10935	0
-10964	0
14656	1
6539	1
3722	0
3808	1
4444	1
1558	0
4174	1
17502	1
-1687	0
16541	1
2883	0
-4697	0
-5544	0
-14745	0
-2587	0
3189	1
10307	1
-16466	0
18289	1
7923	1
-4150	0
-8256	0
16734	1
-9283	0
-2189	0
-45	0
5708	1
-11967	0
-8067	0
-8113	1
3574	1
-565	0
13333	1
3510	0
6598	1
7760	1
-10652	1
-2804	0
7626	1
-10362	1
-6922	0
-237	1
-3300	0
7960	1
9511	1
-13494	1
-20171	0
-2323	1
13129	1
-7503	0
-4536	0
2860	1
3777	1
-3411	1
-5469	0
-1190	1
-4038	0
5944	1
-4246	1
-2777	0
-12128	0
-4756	0
4832	0
-17915	0
11579	1
-215	0
-9228	0
-15955	0
18380	1
-5721	0
-7679	0
-4743	0
-18817	0
-7119	0
14398	1
-23814	0
-10412	0
-11139	0
-21245	0
-17190	0
-4372	0
-3456	0
-7267	0
-506	1
-13339	0
-6475	0
6361	0
-5431	1
20675	1
2163	0
-7849	0
-5723	0
20866	1
6183	0
10239	1
-1248	0
5697	1
-1880	0
-2530	1
9159	1
-4007	0
-3596	0
-7659	0
2043	1
8500	1
-6254	1
-11987	0
2821	0
-8128	1
4877	1
-18471	0
-5652	0
6906	1
-5591	0
9855	1
-26760	0
-8570	0
-9158	0
10676	0
2009	0
11592	1
-3993	0
1663	0
7717	1
10011	1
-10304	0
-2711	0
9245	1
12509	1
3543	0
-10039	0
-1366	0
13222	1
1868	1
-8914	1
-5344	0
5908	1
-18920	0
-24708	0
-1027	1
9458	1
16859	1
2256	0
-2241	1
3151	0
24746	1
-18982	0
2855	0
1537	0
-10180	0
-2560	0
8498	1
-2673	0
16884	1
-2856	1
-9376	0
276	1
-2912	0
-1991	0
11328	1
-19721	0
-7209	0
5514	1
-6498	0
6755	1
6122	1
5554	1
9409	1
-2864	0
4347	1
7445	1
-15936	0
6825	0
17141	1
12867	1
3649	1
7146	1
-9757	0
-15115	0
8795	0
-4076	0
-5087	0
-8921	0
2565	0
9293	0
3240	1
-818	1
-9032	0
-3264	0
-21200	0
9589	0
-7017	0
2243	1
15647	0
-13543	0
-7275	0
209	1
-9996	0
12374	1
879	0
1950	0
15333	1
8992	1
-5191	0
-13701	0
4769	0
-4071	0
-28293	0
3001	0
7786	1
20855	1
7361	1
7814	1
-5489	0
16829	1
19546	1
-7275	1
-2625	0
-10397	0
2343	0
-7129	1
19331	1
11056	1
11874	1
-10467	1
-11942	0
5238	1
-10665	0
-4046	1
-1615	0
-5496	1
921	1
1299	0
7545	1
-6356	0
-2809	0
-12319	0
9398	1
6729	1
-6433	1
-16531	0
-3878	0
-7360	1
-10783	0
-5202	0
-10703	0
3838	1
459	0
-7153	0
-11970	0
-15727	0
2954	0
7349	1
-2655	1
3863	1
3030	1
9051	1
4265	1
14009	1
-11544	1
-13968	0
3185	1
5795	1
-100	0
17078	1
-5528	0
2325	1
6162	1
4990	1
-5672	1
-7438	0
-6297	1
-22338	0
-8232	0
-1138	0
10837	1
-23167	0
-3100	1
-2564	0
-3197	0
-12308	0
3534	1
-16458	0
5658	1
8094	1
20179	1
5783	1
-18113	0
-11278	0
-7404	1
-9849	1
8181	1
2033	0
27752	1
1679	0
-10281	0
-11948	0
-16482	0
-1876	1
2380	1
-13019	1
-10600	0
18807	1
-10456	1
10896	1
18218	1
6761	1
12463	1
-10240	1
25994	1
2460	1
-7629	0
-13431	0
-9028	0
-1531	0
24202	1
187	0
-7582	1
-9117	0
9047	1
-4170	0
3605	1
-2538	0
6728	0
15791	1
686	0
-4275	1
-15450	0
19223	1
1880	1
3305	0
-2036	0
2226	1
12517	1
7360	1
-2709	0
-2574	1
16879	1
-474	1
-839	0
-16108	0
-3805	0
3834	1
-1197	0
-5062	0
-6396	0
13829	1
-5110	0
-3232	0
-19350	0
1979	1
-1306	1
-16565	0
-671	1
1893	1
6658	0
11731	0
19708	1
-3478	0
-8719	0
358	0
7787	1
-505	1
-2655	0
13418	1
13108	1
3153	1
-11197	0
3515	0
-4970	1
3026	0
9683	1
-10301	0
-936	1
-10386	0
-3995	0
-18258	0
9503	1
-10056	0
-4247	0
141	1
14953	1
2869	0
16803	1
3389	1
6161	1
-2666	0
-2469	0
-7410	0
9126	1
-2704	0
6038	1
10625	1
13607	1
19678	1
8619	1
-11716	0
-19573	0
-2871	1
6375	1
10065	1
44	1
-5212	1
17174	1
-7869	0
14972	1
-8359	1
8529	1
18374	1
8105	0
5271	0
2033	1
18784	1
1066	1
-5982	0
-7409	0
-3267	0
-17023	0
-20066	0
4767	0
-6834	1
10931	1
-6028	1
-1191	1
-12762	0
6069	0
4559	1
-15605	0
-6406	0
-4926	0
-2876	0
210	0
-4430	0
13587	1
7503	1
1275	0
585	1
-11743	0
-14180	0
-2912	1
-891	0
-4936	0
6683	0
-2115	1
-1453	0
13456	1
1456	0
-11415	1
-9065	0
-3906	0
-5421	0
4035	1
-5543	0
1573	0
-10418	0
-4876	0
-5155	0
3355	1
1319	1
12341	1
8703	1
457	1
5608	1
-10550	0
4674	1
-1573	0
-10274	0
-213	0
-18753	0
-3870	1
-2839	0
-12038	0
16323	1
17248	1
-6364	1
7498	1
-13635	0
456	1
2901	1
7491	1
5335	1
7317	0
-6608	0
-1072	1
12031	1
5590	1
-4626	0
-16532	0
7092	0
-14803	0
7615	1
12655	1
-13884	0
-119	0
-5326	0
-4389	1
-6917	0
11663	1
-21132	0
5788	1
-4733	1
-1401	1
11680	1
9682	0
-6053	1
-4468	0
29081	1
-2304	1
-4212	0
-11051	0
-2860	0
1033	0
-16802	0
-5715	0
2211	1
2638	0
6704	1
22109	1
-2441	1
168	1
-3627	0
1727	0
98	1
549	0
-2122	1
-4931	0
8111	1
-2916	0
6351	1
9651	1
-10311	1
-7431	0
-5751	0
-2671	0
-14038	0
5026	0
3555	1
-8763	1
-916	0
-80	1
-10479	0
12362	1
-14495	0
-10658	0
-3951	0
5098	0
24365	1
-6120	1
17846	1
7754	1
5774	0
4746	0
-6184	1
-7579	0
6034	0
-11365	1
7104	1
7792	0
-6882	0
-11566	1
5283	0
-9061	0
-2717	0
-5648	0
6923	1
-10117	0
-13397	0
-11754	0
4503	1
9606	0
786	0
-3430	1
7773	1
264	0
16557	1
73	1
924	1
-2001	1
28107	1
-1805	1
-10663	0
2759	0
4217	1
-6420	1
-19875	0
-3024	0
-4798	0
33487	1
4599	1
14795	1
9343	1
-8765	0
-3114	0
-13818	0
19308	1
5253	0
-15365	0
-601	0
-4853	1
5656	1
-7762	0
-16602	0
3395	1
-5006	0
688	1
-3498	1
-4313	0
4102	1
-6265	1
-5660	1
3275	1
12794	1
22823	1
-11280	0
-10007	0
-2206	0
-8955	0
-15162	0
12470	1
10165	1
12005	1
-9596	1
-3717	1
1685	1
-14319	0
851	0
4217	1
14862	1
-799	1
4611	0
-14483	1
16205	1
-1183	0
-16306	0
-3870	1
19831	1
-9755	0
-2505	0
11438	1
-9468	0
-23745	0
-10613	0
186	1
10122	1
-1659	0
-16364	0
5062	0
5678	1
3092	1
-2029	0
2812	1
-230	1
-4292	0
-6695	1
-269	0
-6047	0
-3648	0
-8678	0
-1416	0
-2656	0
-14374	0
370	0
4756	0
-762	0
10082	1
-18190	0
377	0
10406	0
-15641	0
-10656	0
5643	0
9751	1
-17056	0
8127	1
27041	1
18048	1
672	0
4377	1
3821	1
7093	1
-2077	0
-2298	0
-18250	0
17553	1
4369	1
-41	1
5077	0
-6559	1
-7824	1
7628	1
10924	1
376	0
6418	1
-2794	0
4601	0
5729	1
21966	1
-2711	1
-14764	0
-3705	0
-4623	0
834	1
14293	1
1395	1
8556	0
-13559	0
12421	1
10849	1
-1545	0
-4674	1
-30325	0
2985	0
3106	1
9100	1
-2290	1
14917	1
8751	1
-14531	0
11547	1
24280	1
5006	1
-22088	0
-6049	0
-2094	0
14184	1
-12310	0
-12669	0
4310	1
-2717	1
-82	1
-21089	0
-11910	0
-3484	0
-3806	0
-10494	0
1082	1
5014	1
559	0
-11192	0
5908	1
-6726	1
-574	0
-6744	0
-465	0
13211	0
10104	1
2814	1
9618	1
4347	1
1839	0
-16027	0
-6963	0
86	0
-3455	0
2990	1
8345	1
-5935	0
-5449	0
3656	0
-5974	1
197	0
-16037	0
-6346	0
-1893	0
19387	1
-796	1
-10095	0
4581	1
3018	0
-2122	0
1821	1
-8503	0
-17716	0
-7314	0
-1695	1
9411	1
-6208	0
14320	0
3296	0
4776	1
-7231	0
4387	0
13002	1
-7795	0
-6201	0
6878	1
3833	1
-10447	0
-3451	0
-10858	0
-12847	0
-11285	0
-1939	1
-19547	0
-3084	0
-8831	0
-2158	0
7172	1
-7397	0
-16258	0
5220	0
-16957	0
-5035	0
3710	1
-1183	0
3942	0
3564	0
5648	1
5230	1
-2098	0
-936	0
-6221	0
4973	0
-1480	0
2926	1
6828	1
-23567	0
-2860	1
-3208	0
837	0
10699	1
2559	0
-5617	1
-4059	0
9712	1
6485	0
-14464	1
13010	1
6679	0
4923	1
2101	0
-3830	0
-2543	0
2186	1
1894	1
-8428	0
-4908	0
-2146	0
-13213	0
11531	1
2504	0
-6839	0
13861	1
-19659	0
5239	0
-3712	1
3728	1
-21438	0
-3261	0
7831	0
-4437	0
1060	0
-10615	0
-3461	1
18083	1
10302	0
-22439	0
-7673	0
-26665	1
8710	1
-9728	0
-1446	0
-4331	0
-3662	0
-7836	1
-2492	1
-7036	0
-3223	1
2447	1
-5160	1
14567	1
24243	1
-4669	1
15009	1
9034	0
5010	1
10363	1
1133	0
3269	1
-4427	0
1660	0
1597	1
-7153	0
4197	1
-16233	1
134	1
-18098	0
28	0
-2680	0
-8229	0
263	0
-11626	0
-17300	0
6566	1
-9162	0
-18391	0
-2443	0
2960	0
2634	1
-187	0
-12233	0
-12634	0
6296	0
426	0
-4984	0
-13476	0
-2662	0
8374	1
20514	1
-4804	0
7710	0
3868	1
1410	0
-17927	0
879	0
5954	1
3629	0
11140	1
10896	1
9386	1
1992	0
-2710	0
20731	1
-2508	1
265	0
18858	1
2120	1
-1408	1
2901	0
11187	1
-6677	0
9034	1
1125	1
-2430	1
17281	1
12534	1
8518	1
-16642	0
-27882	0
1642	0
8876	1
-8720	0
-1894	0
-1726	1
-15359	0
7690	1
-25547	0
3230	0
-2938	0
9161	1
5838	1
-8624	0
10159	0
12712	1
-35998	1
-2374	0
11238	1
28238	1
20677	1
3379	1
596	1
20000	1
-4337	0
-8486	0
1959	0
512	1
7653	1
-9426	0
8381	0
-1579	1
9076	1
-15153	0
-1075	1
-6384	0
-8271	1
5947	1
-8397	0
3069	0
-4986	0
10574	1
-5595	0
7280	1
-429	1
12775	1
1233	0
-6059	0
-6470	0
10174	0
-15091	0
5517	1
-587	1
-7701	0
9581	1
18443	1
1052	0
-8396	0
-2024	1
-18971	0
-889	0
-27539	0
11967	1
158	0
13349	1
14559	1
8206	1
3755	0
-7739	0
10015	1
-1652	1
-894	0
-14862	0
1406	1
15924	1
21754	1
11428	1
17618	1
-8226	1
-8967	0
14376	1
11243	0
-18688	0
3102	1
2435	0
-14223	0
13742	1
-11070	1
11358	1
-8275	0
12720	1
-15172	0
6096	0
-562	0
-4370	1
8719	1
17690	1
8336	1
19150	1
7115	1
-4686	1
15119	0
136	0
-3732	1
-30341	0
-1400	0
-317	1
14749	1
167	0
-10620	0
1023	1
-8590	1
8902	1
8416	1
1588	1
14421	1
-3898	0
-11089	0
-10968	0
8651	1
-5327	1
-3680	1
1515	1
-6948	0
11782	1
-1659	0
483	0
-4505	1
4409	1
-2794	0
-5329	1
21168	1
-16855	0
-4950	0
6307	1
471	1
-1234	0
3635	1
-11308	0
-9465	0
10060	0
4645	0
2719	0
-14235	0
-13202	0
-12903	0
-8678	0
63	1
9017	0
15717	1
7795	1
2273	0
11307	0
-3329	1
-14915	0
229	0
3388	0
193	1
-812	1
-5852	0
16450	1
-4085	1
1189	1
-15522	0
-12629	0
-16592	0
-3629	1
4714	1
2848	1
6046	0
11192	1
-789	1
-3612	1
9980	1
1542	1
-1770	0
-6303	0
-2964	1
-5289	0
-309	1
7833	1
5946	0
-1185	1
-10375	0
-3718	1
-6361	1
15084	1
-1328	0
7968	1
3745	1
-4730	1
-10406	0
12741	1
-12536	0
762	1
-587	1
-13290	0
-20006	0
-506	0
2673	0
1302	0
2720	1
-3247	0
-2123	0
1404	1
-3165	0
-1506	1
2537	1
-12735	0
8557	1
-1596	0
-11542	0
433	0
-1796	1
9301	1
-2226	1
-3131	1
-18335	0
7967	1
-7042	0
-4037	0
5339	1
26120	1
-4800	0
-1381	0
-10991	0
-10770	0
1272	0
5908	0
-11066	0
-5725	0
7674	1
26461	1
-3408	0
-11819	0
-24485	0
22988	1
11415	1
13499	1
4593	0
-853	1
-2187	0
-4449	0
-10040	0
-10455	0
6809	1
5548	1
10872	0
-14373	0
-6707	0
-378	0
-13353	0
9624	1
7872	1
2775	0
-9671	1
-5062	0
-8682	1
-3296	0
-5867	1
5640	1
7206	0
4222	1
6092	0
-4051	1
2727	1
20569	1
849	1
-4126	1
-4806	0
1857	1
15137	0
-3391	0
10956	1
6119	1
983	1
-5703	0
5123	1
-29044	0
-9755	0
13461	1
-4534	0
8077	1
14140	1
8958	1
3819	1
-4355	0
-19173	0
-145	1
8480	1
10368	1
-473	0
7461	1
-23412	0
6755	1
7762	0
13547	1
-4340	1
16042	1
14997	1
-5265	0
-3090	0
-1242	0
-4564	0
-17537	0
7113	1
11417	1
-5695	0
4245	1
-6774	0
-3880	0
-8055	0
-3592	1
8919	1
-4009	0
3894	1
-3227	0
1773	0
-3010	1
1244	1
-4521	0
-9467	0
-15422	0
2843	0
-2791	0
-3378	0
-7513	0
-4685	0
-11081	0
-10480	0
-6381	0
19368	1
5668	1
5442	1
-8224	0
479	1
-3942	0
16999	1
-4172	1
8174	1
1056	0
13877	1
-3041	1
4616	1
15678	1
-10373	0
-71	1
8077	0
14641	1
-113	1
-2843	1
-5933	0
895	1
14973	1
8131	0
-9155	0
5853	0
-3015	1
12080	1
1003	0
-13	0
8807	1
-168	0
-8482	0
1794	1
17302	1
3698	1
8323	1
-1861	0
1032	0
-11888	0
-2678	1
-4091	1
4142	1
4043	1
-10693	0
2813	1
1042	1
15639	1
-4239	0
530	1
2577	0
11817	0
-7017	0
7212	1
-4801	1
7133	1
-2762	1
-5457	0
-4648	0
-12773	0
-22505	0
-12488	0
17344	1
7950	1
-6464	0
-3111	0
4814	1
1159	1
-4277	1
6626	1
9014	1
-11051	0
10678	0
5905	0
-12648	0
-8260	0
5456	1
11697	1
1277	0
17121	1
-1704	0
8761	0
-3491	0
1499	1
-22743	0
-15108	0
3500	1
-206	1
-24388	0
-2794	1
-6161	0
-4409	0
-12939	0
-1005	1
-6714	0
-17269	0
20186	1
11338	1
-4350	0
3476	1
15077	0
8910	1
-5	0
-11069	0
-4011	0
-1493	0
-3593	1
-2813	1
-18119	0
-10977	0
-11115	0
-11261	0
1202	1
-17395	0
-12530	0
-7558	1
-7963	0
-1321	1
12821	1
-20928	0
-6756	1
-7827	0
-33230	0
-3780	1
302	0
12997	1
-8165	0
1562	1
-4291	1
5655	1
-1528	1
-1172	0
17716	1
-870	1
-7177	1
4238	0
18690	1
7890	0
-10081	0
9857	1
-15993	0
4218	0
-7489	1
17762	1
-12689	0
69	1
4035	0
14390	1
-6659	0
3254	0
-4494	0
-2725	1
-9019	0
1978	1
23228	1
5413	1
1196	1
3804	1
-16038	0
12963	1
1549	1
5562	1
453	0
-4493	0
-1784	0
3127	0
5917	1
15917	1
10637	0
-3354	1
-13296	0
4234	1
-221	1
22303	1
5211	0
-6127	0
1034	1
3965	1
12061	1
7796	1
-17976	0
-6857	0
-2857	1
4476	0
912	1
8620	0
-3381	0
8869	1
-11675	0
-3617	0
-4267	1
1269	1
-12889	1
5165	1
2760	0
19633	1
-16392	0
5770	1
-12249	0
-8853	0
11401	1
3506	1
27084	1
-26704	1
5781	1
-18300	0
16171	1
615	1
-6838	0
368	1
-10517	0
-11804	0
10549	1
-955	1
4249	1
-3884	0
10576	0
21073	1
-7097	0
-3445	0
-359	1
2370	0
-6014	0
14936	1
13292	1
8017	0
-7303	0
10997	1
-1111	0
-20218	0
13179	1
-16321	0
-266	0
-8144	1
-108	0
-27912	0
8332	1
-20045	0
11545	1
7349	1
5899	1
-2781	0
5470	1
-3396	1
-8149	0
3550	1
3758	1
3355	1
-5987	0
-2336	1
3773	0
-3801	1
-15883	0
-379	1
-9545	1
-30160	0
-2589	1
120	0
-8924	0
-163	0
-11817	0
-5548	1
-2735	0
11256	1
-9251	0
-8627	0
13016	1
-485	0
-13372	0
4208	1
-13797	0
-12782	0
-913	1
-7458	1
-7383	0
2456	1
-2600	0
-3208	0
16709	1
-3199	0
-2384	0
5833	1
-3970	0
-457	1
-2172	0
11413	1
8650	0
-6986	0
2273	1
2094	0
-1626	1
-7646	1
10923	1
5930	1
-5816	1
13163	1
2617	0
-8543	0
-12374	0
1873	1
9664	1
-3224	1
8066	1
-7144	0
-2324	0
5095	1
9180	1
-19466	0
2718	1
-4593	1
11690	1
-4858	0
-5922	0
19714	1
6432	1
14944	1
5971	1
-1566	0
-7040	0
-4133	1
-17694	0
13241	1
-461	0
7201	1
-3887	0
3562	1
11050	1
-5709	0
13258	1
-6043	1
8475	1
13711	1
12791	1
13199	1
18489	1
6360	1
-5724	0
-12765	0
-9036	0
5814	1
-4510	0
-22012	0
6735	0
-2764	0
-3798	0
-7090	0
1445	0
10098	0
2980	1
7129	1
20967	1
-8377	0
-6885	0
-4172	1
-10281	0
10616	1
15400	1
3368	1
5220	1
10527	1
7716	0
9371	1
5791	1
21266	1
365	0
3689	1
-944	0
8598	1
-6587	1
-1093	0
15913	1
545	1
-11699	0
-3137	0
-8071	0
-15602	1
-2866	1
23999	1
-2325	0
-4753	0
-12735	0
10581	1
-9006	0
-2952	0
10030	1
236	1
-1475	0
18717	1
18106	1
-17107	0
9142	1
-9547	0
332	1
-1555	1
1238	1
4932	0
-8613	0
1598	0
-9227	0
22103	1
-7966	0
2730	1
5580	1
2628	0
-3988	0
-9935	0
4522	0
-9141	0
-15083	0
22717	1
10487	1
-4557	0
-19600	0
-6268	1
-4466	1
21150	1
-2889	0
15921	1
-6172	0
-7281	0
5864	1
4161	0
28576	1
-7755	0
4013	1
11318	1
13675	1
4696	1
13145	1
2786	0
-9152	0
4184	0
-18842	0
12375	1
-14229	0
-8448	0
-2128	1
9959	1
-5906	0
-5722	0
4239	1
19156	1
4060	1
-5313	1
8140	1
-11866	0
-15928	0
-11497	1
9918	1
4648	1
-2144	0
-253	0
6138	1
16784	1
-6259	0
11708	1
6811	1
8475	1
14248	1
-19390	0
4481	1
3070	1
14184	1
5615	1
2236	1
25848	1
18788	1
-6227	0
953	0
17135	1
9767	1
5072	0
-12438	0
-25716	0
-5205	1
-25941	0
-12010	0
16327	1
4198	1
-11945	0
-14019	0
-5668	1
4702	1
2018	0
-7524	0
2645	1
-10214	1
-7867	0
18570	1
28087	1
-1419	1
-2632	0
-397	0
6584	1
-14648	0
-8371	0
-15176	0
9481	0
-7883	0
4323	0
-729	0
1517	0
2586	0
-2157	0
-2386	1
-4597	0
-8865	0
1249	0
-9669	0
-2545	0
8843	1
-889	0
13755	1
1763	0
1500	1
1482	1
-5908	1
-19361	0
-7427	1
-2367	0
-28401	0
2915	1
4081	1
-2433	0
28671	1
15542	1
-12422	0
372	0
-8959	0
-1673	0
10325	1
15591	1
-4875	0
1427	0
10362	1
11248	1
6134	1
1744	0
1460	1
8655	1
-324	0
-6679	0
11549	1
3012	1
11373	1
12080	1
-9964	1
12187	1
5087	1
-6342	0
10650	1
-4425	1
-14152	0
-8659	0
-11732	0
6663	1
8225	1
20381	1
-9899	1
10787	1
-18500	0
11293	1
-8531	0
-25459	0
-13336	1
3409	0
-16328	0
-10482	0
33898	1
4934	0
-943	1
11443	1
-21971	0
17595	1
179	0
9188	1
16870	0
-1613	0
-15410	0
1682	0
-10964	0
-11338	0
7867	1
-1566	0
9986	1
5964	1
10472	1
-670	0
-4974	0
-5233	0
2494	1
8	0
6916	1
-2885	0
5489	1
16356	1
-13771	1
7593	0
4270	1
277	1
12392	1
-3753	0
-8332	0
19026	1
13818	1
-16090	0
6682	0
10918	1
-1819	1
-5754	0
19579	1
5139	1
15705	1
12625	1
-5578	0
16441	1
22541	1
8484	1
2390	0
3774	1
2217	1
-5371	1
16753	1
15820	1
-18946	0
3421	0
-3524	1
-10865	0
-4688	0
5348	0
16188	1
-15676	0
10630	1
1199	1
12459	1
19737	1
-14545	0
9538	1
1629	0
293	0
-12701	0
-1212	0
-6350	1
6835	1
-11158	0
28576	1
3261	1
-3503	0
-13196	1
9086	1
-11445	0
6665	1
-2412	0
-15354	0
863	1
13217	1
-3059	0
-1714	0
7389	1
-5847	1
5517	1
-17438	0
-3732	0
-9835	0
-12730	0
9641	0
-4267	0
-2177	1
17460	1
-1847	0
6649	1
11784	1
8951	1
-14579	0
-3467	0
11690	1
-1760	0
10248	1
3418	0
2862	1
6327	1
-2750	1
8068	1
-9972	0
855	1
9483	1
-2972	0
1935	0
1987	1
13865	1
-4693	0
6369	1
10826	1
-4418	0
9977	1
-13105	0
9384	1
-4279	1
8477	1
-4825	0
6807	1
19721	1
-8009	1
1329	0
10490	1
2259	0
1793	1
-6279	0
-6814	1
4072	1
-10823	0
-15464	0
221	0
5663	0
-5175	0
20276	1
813	0
-12245	1
12177	1
21592	1
-1188	1
481	1
3094	0
-8110	0
4731	1
8007	1
-4434	1
11572	1
14243	1
7429	1
21174	1
-6851	1
-3237	0
-17113	0
-17345	0
2946	1
463	1
25909	1
-5199	0
185	0
9135	1
509	1
3493	0
13761	1
-2613	0
16174	1
-16739	0
9714	0
9237	1
4541	0
-14086	0
-49	0
14104	1
6803	1
9305	1
7161	0
17420	1
-11857	0
-749	0
-3768	1
-13187	0
5603	1
5894	1
16450	1
-9210	0
-8479	0
21932	1
9221	1
-1501	0
64	1
8905	1
-5839	1
-22044	0
-7690	0
12431	1
-11758	0
-2086	1
3273	1
-9212	0
15552	1
-17825	0
-7583	0
9241	1
2374	0
-4476	1
13160	1
-12384	0
3058	1
5439	1
4593	1
16777	1
3938	1
-4107	1
-2002	1
-3746	1
21480	1
-5292	0
-11936	0
2207	0
304	0
2338	1
5440	1
7080	0
-4012	0
9317	1
-1532	0
7349	1
1284	1
5558	1
6609	0
6523	1
8537	0
-16019	0
11012	1
-17904	0
-8025	1
-13245	0
-205	0
7129	1
10202	1
-427	1
5485	1
481	1
-250	1
-1716	1
10281	1
-16642	0
3777	0
-970	1
-4358	1
-3288	0
-7330	0
22610	1
-760	1
-3783	0
12749	1
-2185	1
-3141	0
19329	1
-9470	0
-6025	0
-1161	1
-6435	0
6345	1
7720	1
9549	1
-4544	0
13130	1
-9345	0
4597	1
-14439	0
-5558	0
8666	1
-13288	0
1425	0
26065	1
-10807	0
9498	1
-7103	0
3210	0
2757	1
-1657	0
10641	1
-16637	0
-9048	0
-7199	0
1326	1
1035	1
-3443	0
206	0
-1334	0
14356	1
3891	1
20372	1
17446	1
-4152	0
3419	1
3328	1
9637	1
-9026	0
-2511	0
4807	1
-4354	0
-14240	1
4478	0
-19484	0
17033	1
-2541	1
-8129	0
5401	1
19489	1
6144	0
-9406	0
18857	1
7712	1
-6705	0
626	1
-8884	0
-1007	1
16598	1
-15882	0
-8238	0
25096	1
-16448	0
-15893	0
-12130	0
-2479	0
-2917	0
-9263	0
-1776	1
-5340	1
-2489	0
-4149	0
2543	1
-2553	1
15081	1
-6658	0
1296	1
4119	1
-8523	1
4900	1
19149	1
2535	0
-13086	0
-4426	1
-13721	0
10057	1
-2150	1
-11538	1
-4294	0
1639	0
12142	1
18357	1
-1956	0
9762	1
1974	0
-4223	1
8956	1
-7071	1
17791	1
-6947	0
14570	1
-2677	0
-5122	0
3114	1
-322	0
8232	1
-1164	1
1415	1
14035	1
10046	1
-1164	1
15101	1
13820	1
6186	1
-510	1
7176	0
9941	1
9914	1
-15054	0
-523	1
-1909	0
4217	1
7495	1
2687	0
-4832	0
8602	1
3764	0
251	0
-5154	0
-3208	1
516	1
-2962	0
2712	0
-6989	0
-1929	0
22514	1
-8570	0
2700	0
15470	1
-6269	0
-7203	0
-3360	0
-18803	0
-5601	1
1098	0
-2083	0
9010	1
-15137	0
-10084	0
18238	1
-5202	0
-6505	1
-11008	0
-17584	0
14417	1
5236	1
-18058	0
7171	1
-13240	0
16864	1
-9781	1
-4217	0
-9449	0
-18950	0
-3448	0
-1564	0
2727	1
170	0
-12641	0
-15970	0
-1229	0
-13059	0
1852	0
-930	1
4278	0
9817	1
-6787	0
-19786	0
398	1
9078	1
18640	1
-26369	0
-11396	0
24304	1
-22146	0
1044	0
-10307	0
6676	1
-9815	0
7370	0
-9029	1
-11329	1
-5715	0
446	0
2474	1
1582	0
933	0
-15110	0
-549	1
-13533	0
-5221	0
-26767	0
7065	0
-29548	0
-1602	0
-9603	0
1750	0
-1797	0
3399	0
5208	1
461	0
-8458	0
2388	1
-13516	0
-5103	0
17998	1
-5398	0
12443	1
-9704	0
-15281	0
827	1
-7135	0
-1874	0
1100	0
-2711	1
-9173	0
-3404	0
-2296	0
-17292	0
5037	1
-18405	0
6311	0
-4608	1
-10402	0
-2116	0
22690	1
1612	1
-3276	0
-7146	1
-978	0
-6409	1
-7381	0
1692	1
11073	1
-10835	0
-7366	0
-8240	0
-5374	0
-4363	1
3690	1
5410	0
10418	1
5099	1
4523	0
285	0
5169	1
-13157	0
-246	0
8468	1
8065	1
-21765	0
12253	1
-717	0
1022	0
15117	1
9102	0
-104	0
2367	1
5261	0
-17997	0
-11580	0
9588	0
12822	1
8228	1
-4248	0
2691	1
-409	1
-2442	1
-8702	0
3506	0
6069	1
-6472	1
-5687	0
13381	1
1398	1
-4720	0
17134	1
-9686	0
-12581	0
72	1
-16062	0
3748	0
-27132	0
-3858	0
3333	1
10588	1
-9223	0
-7199	0
-18551	0
-12961	0
-3790	0
6771	1
-9728	0
13584	1
6499	1
-13767	0
-5898	1
-9073	0
14470	1
-7682	0
-12636	1
-3355	0
-18973	0
6617	1
-7894	0
3490	0
-14252	1
-20888	0
-8875	1
-3128	1
-3467	0
2233	0
3219	0
-14626	0
7261	1
4863	1
677	1
-6792	0
22073	1
27536	1
-4733	0
4939	1
-15722	1
9719	1
4426	0
1779	0
3653	1
2467	0
-1350	0
-3864	0
371	1
-7189	1
-1079	0
5791	1
-5547	0
-16879	0
4048	1
-4938	0
8500	0
-2127	1
-14269	0
17436	1
18953	1
6816	1
-14547	0
-528	0
2516	0
-5299	1
-4699	0
699	1
-20622	0
-3064	1
-9961	0
10356	1
-6468	0
10311	1
11315	1
13512	1
-4978	0
-2378	0
-16	0
-15931	0
-10948	0
23337	1
-19378	0
-18020	0
-2539	0
7514	1
1897	1
1184	0
11286	1
906	0
-4701	0
8988	1
6720	1
-8881	1
-238	0
85	1
2094	1
-9432	0
6950	1
-21706	0
1208	1
-3400	1
9768	1
3075	1
25512	1
11654	1
16803	1
-622	0
-14219	1
-2554	0
-7640	0
10766	1
16519	1
-10989	1
-12427	0
1599	1
-6325	1
-7557	0
2862	1
2410	1
-11443	1
-12005	0
14904	1
-314	0
7285	1
-10713	1
-2162	0
3318	1
16373	1
-10965	0
342	0
-165	1
7096	1
-8167	0
6312	1
515	1
-3551	0
397	0
11823	1
-3017	1
-18790	0
4786	1
-5886	0
-414	0
-5520	0
-1692	1
-2353	0
-3951	0
-2429	1
-1638	1
8885	1
-883	1
-7917	1
-8890	0
9895	1
9270	1
102	0
-3154	0
4260	1
-6161	0
-5355	0
5744	1
6071	1
28967	1
-2680	1
-6150	0
2389	1
1142	0
414	1
-4499	0
-1636	0
-2378	0
10550	0
-24450	1
-1025	0
-2602	1
-2385	0
-1994	0
15764	1
-2527	1
3667	0
-8069	0
-2868	0
3260	0
1467	1
-14130	0
-163	0
-3044	1
-1842	1
-2597	0
7286	1
-5023	0
6909	1
3514	0
-10751	0
-7701	0
-8505	1
-5520	0
785	0
7456	1
-1615	1
12591	1
-3339	0
-1976	1
4154	1
-8203	0
-9282	1
10977	1
7063	1
3479	1
-9306	0
7484	1
10746	1
4067	0
-11928	0
-12032	0
-8498	0
3269	1
-19959	0
5712	0
8765	1
12679	1
6168	0
15689	1
-2937	0
19462	1
5356	1
652	1
7971	1
6362	1
15522	1
5220	1
4929	0
-2636	0
2674	1
11167	1
22360	1
893	0
1613	0
11410	1
-9301	0
9741	1
-84	1
7682	0
12367	1
12414	1
7733	0
-1100	1
8747	1
-1282	1
-5041	1
26932	1
-3411	1
-12392	1
651	0
-16782	0
201	0
1910	1
-4879	0
-5447	1
-14651	0
9060	0
-10750	0
2391	1
10152	1
-14239	0
-14517	0
17875	1
-1009	0
3379	1
-8618	0
-4054	1
-22391	0
7357	0
12303	1
-14661	0
-5140	1
8352	1
-9443	0
-5689	0
293	0
12564	1
-8192	0
1222	0
5601	1
0	0
-1931	0
278	1
3863	1
14417	1
11886	1
-14781	0
-10343	0
8088	1
2696	0
-14388	0
22006	1
-6903	1
-5120	0
14901	1
-1615	0
-6786	0
12841	1
-11375	0
-3648	0
-11953	0
469	0
-27245	0
-772	0
6900	1
1304	1
14359	1
-2246	1
8781	1
14474	1
1668	0
13622	1
-3950	1
9054	1
-10715	0
5092	0
-4619	1
6629	1
12976	1
13874	1
-104	1
2509	0
-852	0
10929	1
-9289	1
1339	0
12482	1
-28324	0
-1890	1
-3364	0
-4899	0
772	0
-9739	0
-561	0
7571	0
2629	1
-9120	0
-16714	0
-2803	0
8745	1
11564	1
3683	1
11305	1
-1810	0
-4751	0
-14635	0
-783	0
-10876	1
-6710	0
11923	1
-5397	1
-13561	0
-1019	0
12808	1
-1444	1
6136	1
5800	1
-11530	0
6111	0
-9067	0
-4282	1
1809	0
-6168	0
-502	1
-3106	0
21589	1
2095	0
-4789	0
3596	1
-17003	0
-2355	1
7616	0
-11615	0
-4263	0
-8133	0
-13193	0
2798	0
-8305	0
13273	1
6482	0
9489	1
-17672	1
-23131	0
-2545	0
222	0
-18486	0
14742	1
-10192	0
-10013	0
-22102	0
-1467	0
7742	1
-9375	1
4591	1
-11118	0
9153	1
-10488	0
-15304	0
14919	1
-13421	0
7283	1
-3391	1
17698	1
-10673	0
12166	1
-11166	0
8411	1
-28	0
-8131	1
14304	1
16007	1
-6120	0
-8792	0
9506	1
-10764	0
-1148	0
11525	1
-18920	0
-7839	0
1865	0
-2301	0
20509	1
13302	1
-13576	0
-23764	0
26627	1
3700	0
-2996	0
-301	0
-7040	0
-9529	0
22355	1
4209	1
-8134	1
-15231	0
771	0
-10501	0
-698	1
6227	1
10667	1
16179	1
25001	1
-206	0
6159	1
5081	1
6752	0
-2432	1
-2031	0
12456	1
17314	1
-7311	0
-16205	0
4793	1
-9279	1
12875	1
6960	1
-12602	0
3218	1
-10705	0
-8373	0
-6803	1
-12502	0
-974	1
-76	0
-2038	0
21216	1
-2475	0
-4792	0
-9348	0
1302	0
4021	1
-7852	0
2497	1
22422	1
19434	1
4022	0
6438	1
6754	0
-6122	0
-16895	0
-3894	0
-241	0
11800	1
9277	1
-5720	0
3614	1
-763	0
9273	1
15837	1
2816	0
-8016	0
-379	0
-8410	0
11318	1
-9223	0
18359	1
9655	1
-14239	0
5075	1
-5624	1
2847	1
3765	0
-10968	1
14666	1
5582	0
14205	1
596	0
12028	1
9000	1
2725	0
-4242	1
377	0
718	1
-13665	0
2030	0
-5383	0
14232	1
2626	0
-8391	0
-8743	0
-1956	1
-18298	0
-1129	0
-4818	0
-7008	0
1189	0
-6560	0
-8561	0
-840	0
-9790	0
2099	1
-9501	0
6285	0
-10410	0
4143	1
2009	0
9288	0
-4919	0
15435	1
8211	1
20822	1
8663	1
-1771	0
-558	0
741	0
6343	1
-16911	0
-350	0
1823	0
9450	1
-10562	0
-5419	0
9916	1
3006	1
8926	0
-8749	1
24257	1
-10195	1
-1065	1
-3054	0
11634	1
1572	1
-11435	0
9867	0
8317	0
-6489	0
4021	1
24565	1
-2041	1
-11033	0
-7158	0
10948	0
-2034	0
-7630	0
-306	1
395	1
10172	1
15614	1
10259	1
-13215	0
9860	0
-1931	0
11009	1
-12649	0
6403	1
-6594	0
16743	1
4309	1
2473	1
8344	0
12062	1
-10752	0
11029	1
2349	1
6107	1
-4865	0
-4141	0
10550	1
5579	1
12464	0
-5734	1
-17885	0
8884	1
-3691	0
4541	1
12879	1
14281	1
4573	0
5737	0
-2868	1
-11242	0
-1264	0
-12756	0
10991	0
25310	1
10479	1
-15292	0
20815	1
-12543	0
7344	1
-73	0
27692	1
-2726	0
2275	1
12820	1
-16547	0
-4366	0
-5175	1
845	0
1514	1
1226	1
13264	1
5503	1
-3034	0
-11831	0
-5410	1
-4920	1
-10196	1
4169	0
-1901	0
8188	1
-5792	1
-7252	1
9001	1
13143	1
-9973	0
19016	1
-4183	0
-5969	0
-4045	0
-547	1
5743	1
-6387	0
-6732	0
6884	1
4962	0
-9868	0
13903	1
11248	1
-4448	0
10690	1
1094	0
-3352	0
3114	1
8150	1
12337	1
13300	1
-103	0
4122	1
3243	0
4115	1
-11133	0
7147	1
-19686	0
3059	1
11658	1
13470	1
-3460	0
23616	1
245	1
334	1
-10370	0
-6541	0
7853	1
-1512	1
-5212	1
-15394	0
-11754	0
-1000	1
5319	0
14390	1
-7612	0
-9388	0
11555	1
-8498	1
-13395	0
-8577	0
-8671	0
-7156	0
13308	1
-5095	0
10688	1
-10694	0
2109	0
-22600	0
-7326	0
13620	1
13337	1
-6182	1
16969	1
11708	1
1074	0
-14095	1
3415	1
1471	0
26588	1
9605	1
8409	0
-24252	0
-21669	0
-29912	0
6942	1
-11412	0
-6782	0
-6902	0
4802	1
-7799	0
-6601	0
-6990	0
22088	1
-6916	0
-9641	0
-619	1
-9860	0
-56	0
11146	1
10544	1
-6934	0
5251	0
-962	1
5628	1
-5395	0
-19031	0
-2394	0
-15769	0
-15665	0
-24009	0
5069	0
15042	1
-1374	0
-23814	0
-621	0
10902	1
17401	1
-9360	0
-12400	0
-1252	0
-1951	0
-12909	0
834	0
-8016	0
2132	1
-349	0
-8219	1
-4796	0
8022	0
-12009	0
-4068	0
7893	1
-3551	0
6667	0
14477	1
-2899	1
-1359	0
-5030	0
4022	1
-10587	0
11485	1
-2859	0
-7410	0
-6187	0
12128	1
3368	0
-2592	0
12741	1
2005	1
471	0
11448	0
-232	1
18179	1
-502	1
-13235	0
-16539	0
-1679	1
-4704	1
-11266	0
-1859	0
9538	1
3107	1
-5457	0
-767	1
-529	1
13021	1
-13038	0
-4095	0
-203	0
-1356	0
1267	0
13455	1
16666	1
-2733	1
-8284	0
22949	1
-2971	1
9747	0
-8506	0
-2763	1
5537	1
3732	0
9182	1
4351	0
-8660	0
-4783	1
4230	1
-22254	0
1879	0
-1807	0
835	1
19198	1
11959	1
4232	1
287	1
868	0
-5285	0
-18535	1
-5699	0
-6044	0
-5384	0
-10517	0
2667	1
5970	0
1935	0
-8073	0
-3764	0
-4934	0
4381	1
-13442	1
-6407	1
1392	1
12447	1
10050	0
-13816	0
-8237	0
268	0
-13824	0
-16284	0
3286	0
-842	0
15693	1
16534	1
12687	1
-8481	0
-6972	0
9120	1
862	0
-3268	1
648	1
-15643	0
8806	1
10036	1
7248	1
-2808	1
1158	0
-4982	1
-12147	0
-12475	1
-3408	0
8779	1
-7598	1
1159	1
7499	1
-7078	0
-23826	0
5153	1
-9338	1
11026	1
-4926	0
-4571	0
9585	1
5578	1
2246	1
-716	0
1377	0
18922	1
2463	1
-532	0
-12504	0
-6198	1
6597	1
-5010	1
7617	1
-1643	1
561	0
-4748	0
-3039	0
21478	1
5723	1
14764	1
-4827	0
1403	1
-1302	0
-7559	0
-23541	0
-12043	0
8599	1
3841	1
-3175	0
-9552	0
-2495	1
8981	1
5185	1
16091	0
7026	1
125	1
-12646	1
-13264	0
2224	0
1663	0
15272	1
17838	1
11216	1
-222	1
2962	1
7205	1
-10674	0
8767	1
17679	1
-12245	1
1897	1
-7617	1
887	0
10	0
-4046	0
-5544	0
5761	1
3878	1
-425	1
16975	1
2010	1
-2953	0
1512	0
-829	0
15856	1
5454	0
7450	1
-5430	0
15071	1
10729	1
-6061	0
8791	1
3211	1
-20689	0
17600	1
-4753	0
-18623	0
4584	1
-10046	0
-7726	1
-1337	1
-4192	0
-598	1
-9016	0
9066	0
4698	0
-12383	0
91	0
-3203	1
171	1
5609	0
-9963	0
13723	1
-2818	0
10806	1
2816	1
602	1
9615	1
9255	1
-17207	0
9126	1
8706	1
9410	1
784	1
6647	1
-20180	0
22657	1
3320	1
-11046	0
-11247	0
5116	1
9140	1
-3031	1
9923	1
1910	1
-8346	1
936	1
6505	1
516	1
1550	0
548	0
26604	1
-861	0
-9232	1
-2312	0
-4109	0
7240	1
3363	1
-5268	0
-3687	0
761	0
11601	1
15023	1
-6496	0
-1020	1
-1737	1
3561	1
-1041	1
12485	1
-18227	0
21206	1
151	0
-1680	0
819	0
13915	1
-8119	0
-138	0
9774	1
3849	1
14519	1
11617	1
12295	1
1571	0
15598	1
-10992	0
10535	1
-9153	0
2879	0
5060	1
-16668	0
13656	1
14898	1
-5907	0
-5723	0
-8925	0
-8964	0
-504	1
4704	0
161	1
-3602	0
1270	1
7131	1
558	1
-64	1
13798	1
-5052	1
928	1
9455	1
6952	1
1562	1
-18347	0
-8490	1
-3044	1
947	0
5408	1
4856	1
11158	1
-14764	0
7941	1
-3288	0
-4732	0
-20303	1
-5171	1
13558	1
-8978	0
12530	1
6166	1
225	1
1240	1
113	1
-340	1
-4728	1
6723	1
-14454	0
-2753	0
-15149	0
420	0
7822	1
8860	1
21322	1
6479	1
15015	1
-1555	0
6682	1
13465	1
-6307	1
5204	1
-8447	0
18224	1
-10441	0
10963	1
19079	1
-4014	0
-2463	1
-6440	1
-10086	0
10022	1
-28649	0
-11304	1
26034	1
-15142	0
-7278	1
-18666	0
10110	0
989	0
-19254	0
-4313	0
-6107	1
-87	1
-813	0
-16420	0
-9786	0
6143	1
107	0
-17664	0
-7109	1
-742	1
826	1
4678	1
-8290	0
-13982	0
17709	1
9079	1
1676	1
21405	1
-14689	1
-8690	0
-8701	0
9608	0
23313	1
-10469	0
20547	1
-300	1
16610	1
5466	1
3053	1
3091	1
8611	0
12561	1
-12802	0
-3807	0
3540	0
10704	1
4878	1
8674	1
-15059	0
-4561	0
3228	0
10351	0
-7621	1
-7409	0
-7113	0
5780	1
-1541	0
18562	1
-1427	0
12557	1
25492	1
-10529	0
16388	1
2246	1
-11979	0
20022	1
-18230	0
3137	1
-23339	0
-3690	1
-5080	1
-4513	0
-24955	0
-8851	0
-6689	0
9279	1
15698	1
15172	1
554	1
-2728	0
2214	1
-4996	0
-7253	0
15734	1
16984	1
9548	0
379	1
14042	1
5597	0
-1610	1
9624	1
11965	1
2146	0
10288	1
561	1
-187	0
13929	1
2299	1
-15488	0
-4691	1
9578	1
19153	1
14274	1
3151	0
-1768	1
-1604	1
-3887	0
10006	1
2146	0
-2720	0
8158	0
-6323	1
22321	1
-1582	0
-15023	0
2789	1
-7896	0
-16235	0
-6140	1
14620	1
10549	1
4048	0
-5949	0
11451	1
-4634	0
17353	1
4611	1
-10407	0
1875	0
2286	1
17732	1
-15608	0
6834	1
-1305	1
-2983	0
-4784	1
3767	0
-7906	1
2032	1
16591	1
-160	0
3859	1
-7685	0
-3375	1
-1316	0
-3233	0
3847	1
1256	0
-4702	0
-4183	0
13186	1
-8544	0
4660	1
-754	0
-6387	0
10638	1
5035	0
-1811	0
1331	1
-6664	0
-314	0
10986	1
-3594	1
-9110	0
-3119	0
-452	0
-12451	1
-3108	1
-8386	0
-5522	1
18593	1
-1262	0
-8712	1
-17207	0
1485	0
-17307	0
4758	1
3174	0
2406	1
-5008	0
-1953	1
3970	1
26178	1
20127	1
-8121	0
-8725	0
-10372	0
29919	1
-10748	0
-7126	0
4365	1
23907	1
-6736	0
2223	1
-2396	0
-5068	1
23073	1
-234	1
-7181	1
2033	0
7117	1
-1731	0
-1777	1
-517	0
-21170	0
-4081	0
4018	1
1291	0
-15842	0
-865	0
-16073	0
-6663	1
6022	1
-2903	0
-3914	1
21215	1
12205	1
-4319	0
839	1
-5124	1
-7057	0
5845	0
3923	1
-3993	0
-3185	0
7481	1
11887	1
-19955	0
19533	1
-9861	0
4916	0
-4268	1
11700	1
95	0
7680	1
22013	1
-10510	0
16877	1
5973	1
-4135	1
-12817	1
-969	0
11584	1
-1991	1
-4024	0
-14897	0
4360	1
-5608	0
300	1
11789	1
9819	0
2578	1
13333	1
3997	1
4325	1
5267	1
-15545	0
-7146	0
16716	1
-12198	0
9557	1
-12444	0
54	1
3092	0
-4697	0
-10316	0
4840	1
3578	1
3119	0
17507	1
-1398	1
-14838	0
-6356	0
-2581	0
-10092	0
-7420	0
6785	1
688	1
4621	1
-11600	0
-8800	0
-7923	1
12086	1
1621	0
2709	1
-14411	0
2552	1
7411	1
-8542	1
6128	1
3411	0
78	0
22576	1
6109	1
-4664	0
8584	1
3278	1
-1924	0
4489	1
15132	1
-20137	0
-9457	1
3112	0
12756	1
8476	0
-16138	0
8484	0
-5058	0
12236	1
-2946	0
9340	1
-617	1
17480	1
592	1
3686	1
14064	1
-3680	0
4210	0
634	1
-91	1
-2575	1
-24	1
5674	1
15116	1
1483	0
-3804	0
6616	1
11215	0
-19034	1
-3056	0
-17939	0
-7476	0
938	1
17747	1
-15780	0
-3756	0
9885	1
1943	1
3718	0
-3915	0
-212	0
9401	1
-6228	1
-7702	0
-3634	1
-7621	0
6133	1
-19914	0
3700	1
-7188	0
10946	1
9830	1
-8298	0
948	1
-10983	0
4920	0
-9142	0
-16956	0
22087	1
-4788	0
-16303	0
-8003	0
9017	1
642	0
3064	1
-8247	0
-12144	0
3030	0
6216	0
-10822	0
12458	1
12180	1
-3254	1
13822	1
-3506	1
-23604	0
9971	0
6333	1
770	0
7151	1
-6566	0
903	1
3792	1
-15921	0
23211	1
-12523	0
16432	1
-8033	0
-874	1
-6733	0
-2265	1
16115	1
-3989	0
11956	1
13688	1
-3429	0
-1601	0
4188	1
-5743	0
-11974	0
-15788	0
-4960	0
-18156	0
-9286	0
-7618	0
2128	1
25894	1
-4980	0
-13013	0
782	0
6517	0
-677	1
-3164	0
-17326	1
7263	1
10199	1
-2129	0
14446	1
-4093	0
-3478	0
6976	0
-13414	0
-3255	0
1694	0
3148	1
-5201	0
-7204	0
-15837	0
-4421	1
-4323	0
12663	1
9111	1
8710	1
226	0
6939	1
6152	0
-16032	0
2527	0
-6430	0
17671	1
3155	0
-5279	0
-14001	1
-222	1
8043	1
-10414	0
7000	1
1856	1
-9934	0
-17127	0
-3335	1
-4726	1
1753	1
6680	0
7194	1
4298	0
-6607	0
4212	1
-13708	0
-12848	0
15208	1
4008	1
-2314	1
-12912	0
-9725	0
12320	1
-5223	0
1684	0
4947	1
16165	1
4939	0
7720	0
-15625	0
5439	1
5467	1
1466	0
13769	1
-9189	0
3939	0
1928	0
8302	1
-6830	0
3637	1
-3049	1
-16118	0
1381	0
16209	1
-3679	0
-8745	0
3550	0
-3233	0
933	0
3703	1
-2457	0
-7550	0
-3911	0
-2940	1
3968	0
4695	0
727	0
2732	1
-6609	0
2612	0
-37551	1
2625	0
11889	1
4829	0
-5126	0
-7122	0
10355	1
-618	1
2040	1
1852	1
6096	1
2024	1
-4034	1
19303	1
4269	0
13267	1
-7242	0
-5757	0
-9716	0
-4952	0
-7965	0
14307	1
5322	1
14892	1
9768	1
-370	0
9959	1
-4566	0
-1603	0
2424	0
4346	1
15841	1
-2738	1
-11594	0
-655	0
-4462	0
13557	1
13113	1
19268	1
-8966	0
1653	0
-22410	0
-5830	0
5635	1
4928	1
-11702	1
-3908	0
6871	1
7081	1
-8795	1
3166	1
2170	1
2918	1
2262	0
-917	1
10790	0
21614	1
-12846	0
6826	1
3226	0
-7297	1
-16772	0
12164	1
1969	0
-6348	0
7709	1
-747	0
-17407	0
21	0
-15649	0
21470	1
11888	1
1472	1
-12165	0
-11069	0
-13278	0
18427	0
-893	1
-11528	0
1785	1
-4999	0
-5411	0
6943	1
1890	0
-17611	0
-7939	0
-4710	0
-12533	0
7204	0
-13857	0
-6511	0
-581	1
-6260	0
-9313	0
-11268	0
-6327	0
