5	-7471
8	-28335
12	18485
12	8807
7	12161
11	12399
7	14948
14	-5591
7	98
14	2225
4	6808
5	4264
12	2520
10	10067
9	-413
11	2698
7	15138
7	9425
7	-4303
12	-4708
9	-828
11	7490
4	2591
12	981
4	4483
7	6662
4	-4815
5	-2032
4	7594
9	-14062
5	-2323
12	14144
5	-4706
4	-18115
12	3054
10	17505
11	-11379
1	8416
9	6277
12	10217
11	-1732
7	7901
10	14167
12	4576
7	2530
14	-12089
9	-1881
4	6615
7	-6864
13	-11499
4	5582
4	-12595
2	-34088
4	10275
7	7496
7	-4812
5	-5193
15	7356
2	-13076
4	7752
4	2728
4	-18727
4	-8293
5	-7302
14	-9482
12	13888
11	6346
14	-12380
5	-3635
7	7913
10	20161
9	7793
5	-4630
7	5710
9	14403
12	8080
12	5457
10	8008
7	8418
15	-23443
11	7166
5	-18974
11	16566
13	-31223
9	2152
5	-17578
4	-1386
6	15415
5	1257
7	13666
14	-12014
5	450
11	5372
9	-1988
12	8774
4	-18436
3	5998
4	-15444
14	-22729
7	-12651
11	2119
15	-7309
12	6112
7	5145
1	15724
4	-8527
9	-14319
14	-7160
15	-5428
12	4965
10	9922
9	-3061
11	17193
7	-5148
12	15619
9	3407
5	-5634
12	6607
11	-2237
15	-15202
9	-1660
7	5758
7	-7100
12	-4183
5	-1859
15	-7601
4	-3469
9	5914
7	-4044
11	15364
12	-2237
15	-962
4	-1587
9	4503
5	-566
1	21616
15	87
7	-8176
7	-3730
4	3756
5	-9720
9	5018
15	4272
4	10413
9	-17536
7	10538
9	-18246
4	-14260
11	4959
9	2484
5	-6037
5	-19319
11	13888
5	1773
11	3236
9	-18235
12	-714
5	2188
12	-1933
7	11095
4	-13402
15	1649
7	-11446
12	14815
9	-4790
12	-1230
9	-17716
4	-1054
7	7319
7	-3850
12	14150
7	15637
5	830
5	3040
11	10541
7	3417
9	5541
5	1089
12	4542
9	-7649
4	-6842
15	-1049
7	5897
2	-16099
11	2248
2	4691
12	14909
9	8388
9	1042
7	11591
15	-9938
14	-9211
4	-217
9	-2830
7	3611
2	-13466
1	7411
9	9262
14	-7281
7	-4168
15	3506
9	9117
12	1304
9	5714
11	3822
14	-20671
12	1967
5	-3692
4	-16138
9	5062
12	-3844
17	16366
12	-667
10	11393
9	5584
15	454
10	18187
11	10968
9	1190
9	-1710
14	-15389
7	3974
9	13452
4	3542
7	2446
12	11966
12	5751
7	12378
11	11891
9	-9772
14	-10183
15	785
12	4944
5	4265
15	-6425
4	-6814
5	-1156
4	8208
11	16549
7	6945
9	-4755
4	-9649
15	-11135
7	-3920
9	-4957
7	8491
4	7840
15	2547
4	3708
7	2592
7	3068
9	1063
4	-4451
4	-10332
9	701
5	-4914
12	-2680
4	2139
5	299
7	-67
4	4373
12	3807
7	6368
12	13556
7	6414
2	-18633
5	1527
5	-10114
9	-2477
5	-5392
7	-6325
9	-15855
4	2686
4	-4128
9	-14129
9	1372
4	3252
7	-19462
11	8408
7	1844
2	-14085
12	14352
11	12527
9	6968
9	-5718
12	19658
12	-8063
15	-9860
12	-4805
4	-1235
4	4793
12	6529
14	-12644
5	-3310
11	6973
15	-11406
1	-47
12	6749
7	-7505
10	13254
13	-22697
7	4574
5	-11747
12	14041
5	-10072
5	-25508
9	12361
11	-2822
7	8707
7	3378
12	7685
4	-161
11	13448
5	-13869
4	2258
7	6175
2	-12365
9	-8842
12	-4318
17	12929
15	-1808
9	391
5	-896
9	1416
7	2977
5	-5330
1	16484
12	10644
15	-2811
7	-7704
12	716
9	8834
5	-8450
4	-20054
17	5804
12	12842
11	3354
11	13176
11	7640
4	-1417
7	5544
5	-35710
12	12265
12	-3529
11	5747
12	5681
7	6130
7	-1974
4	6165
5	-6805
7	10075
7	11537
12	13397
7	3892
1	-55
12	-382
7	-1760
4	-8088
4	-7900
4	7871
9	2966
11	-549
11	8659
15	-15277
9	3907
4	-2342
5	-2069
5	-18447
11	11118
4	864
7	-3950
15	-15225
15	-314
13	-10484
10	-33915
11	823
9	-533
9	1958
5	-2149
9	6384
4	1905
7	3142
15	-3628
14	-31349
9	6902
8	-24808
13	-19747
9	8482
4	-1683
1	20813
2	-23543
9	-10618
5	-4324
9	8383
4	-9131
7	-10895
1	-9653
12	3335
15	5256
4	5455
11	12145
12	11508
2	-21316
5	-10853
2	-17186
9	-2876
15	-1298
9	-3473
12	4054
12	-2871
4	4013
4	-11005
7	7500
9	4975
14	-3441
12	9653
15	-8719
4	-9238
12	1918
9	-12053
4	-2062
4	8320
9	-5367
11	3221
1	8084
5	1562
11	5963
5	8111
12	6380
12	12162
12	7984
15	-5361
11	5693
5	-17009
8	-23330
11	9879
7	569
5	-12245
5	-11370
9	-11009
7	-900
15	-4148
12	1563
12	-2307
5	-3043
14	-32428
4	-2161
5	1113
7	-907
1	8429
7	5636
7	4277
4	-1020
15	-17480
9	5964
4	-2486
12	-6566
5	-1506
5	1509
15	-16016
9	-8035
7	3490
11	3390
4	2890
1	13076
5	-24102
9	-375
7	-1194
9	7532
7	8701
15	-18291
9	-636
10	19460
4	-15323
1	14886
9	-10790
12	-300
9	9110
7	-1806
7	7852
11	19850
6	24583
12	8217
7	570
9	-427
7	1579
2	-23068
12	1027
4	8580
7	8830
10	14387
4	1489
15	-10684
14	-21284
2	-19637
9	2808
12	4504
11	12477
9	-986
4	7646
9	-4351
9	-23240
9	-4970
9	12395
7	2778
9	916
9	5312
11	6380
9	4083
9	4329
7	5161
7	-3079
7	2331
7	3542
10	-4033
15	-3245
7	-4201
15	-7078
4	1552
10	12472
11	6864
4	-2281
12	13542
7	3170
9	1583
5	-310
5	-9196
7	6729
5	1277
5	3368
5	-7840
9	2088
9	4954
12	5977
15	-3766
12	8410
9	14064
9	8585
7	9078
12	323
2	-26923
15	-5385
9	3316
7	5503
11	5688
7	10382
4	-5980
12	5895
4	4486
4	-13997
12	6991
12	4863
15	-3262
4	-7758
9	14166
4	2724
4	3054
7	17490
11	448
9	-3248
9	-1668
9	6537
7	-824
15	-2395
9	1637
15	-20998
14	-8246
6	5020
9	12357
9	10996
9	-19270
7	9196
5	-7899
12	13937
5	-17117
9	-1128
7	-4543
9	3407
4	-9873
12	6950
12	7407
9	260
5	-984
9	-3654
9	2120
7	11408
9	-506
9	-5061
4	-4724
15	-212
9	12624
7	-5800
12	15081
4	-1087
7	11635
4	2947
15	-22335
15	-1806
9	6759
5	-3149
4	646
9	-2319
1	55
9	9448
10	5987
15	-4248
7	1934
6	486
7	1924
9	-1799
9	8773
12	8412
12	-2167
4	-2646
11	11519
12	7908
7	1397
5	232
7	-1333
7	4342
10	10842
5	-16522
9	-11390
16	-16836
4	-12316
4	6208
11	14280
4	3090
12	6847
7	2620
14	-22657
11	3788
5	-11026
9	-491
12	12622
15	-1365
9	-1951
11	-6613
5	1540
4	-20518
9	-1466
4	1152
7	-5092
12	15428
11	11288
7	208
12	6861
4	3677
9	4928
12	5578
12	4498
9	-62
4	5505
9	-1807
9	5629
7	8461
4	411
14	-6608
10	1589
7	3753
9	2040
9	4209
9	3769
9	10137
12	7950
9	7371
13	-10423
11	6738
4	4181
9	-7364
15	3387
12	2879
5	-1942
11	8354
15	22
7	-8429
12	876
2	-2145
15	-5528
15	1795
7	14222
4	-3861
4	7149
7	14441
11	17812
15	-15377
10	8509
11	4521
4	3296
4	-1800
4	2689
11	-13296
9	-27675
7	944
9	1185
7	-3779
4	569
4	1567
15	-4381
5	-4141
9	-6482
12	40
11	9296
7	2689
5	4382
5	-4214
12	11097
5	45
9	-13260
10	7928
4	-5474
9	1983
3	13710
10	14308
5	2235
15	-26719
9	-10285
4	-1772
12	-3558
7	-5342
12	9215
11	9619
4	1594
12	4023
5	-2326
12	4603
11	12689
14	-19284
11	4765
12	-7620
5	-1573
4	3795
10	12950
7	-646
7	4157
17	4742
15	-4735
12	11089
1	7973
14	-5736
5	-13391
9	8411
9	-35494
14	-8360
5	-468
7	18730
11	5329
10	13976
7	-3152
12	11618
8	-23287
1	6184
11	-5738
4	-6180
12	8306
7	6717
15	-4902
7	-2106
5	-8325
12	10997
15	2946
4	3177
7	-1271
9	4033
14	-10334
9	9185
2	-20791
9	-4370
5	1385
15	-3454
7	14582
11	19522
7	8698
9	4778
15	-16529
4	-5319
9	14100
14	-7466
4	-9751
14	-21889
12	-6217
9	1823
4	2891
12	12823
15	-12937
4	6377
9	3049
10	10834
10	11078
5	-8438
4	-507
12	3753
11	8972
7	7243
5	-6123
4	-4292
14	-6131
12	276
4	-8732
11	5696
7	6736
11	5001
4	12810
12	5603
12	15830
7	6418
4	1438
2	-2957
5	-5439
12	3528
4	-665
14	3153
7	-4849
10	23232
4	-7696
7	-1184
5	-7197
4	-4481
11	12704
5	4839
15	578
7	-10845
7	5378
4	-2825
12	-8499
1	14888
10	12532
15	-8057
11	5713
12	16181
9	11174
5	-2238
11	15883
5	-1400
9	5529
12	-267
15	-8219
9	5936
8	-33525
11	15545
15	-12462
13	-13866
11	16018
4	5292
4	5685
10	1446
12	8083
15	-7498
2	-12625
15	7646
5	1862
10	9542
4	-12634
12	7377
15	-23005
7	6331
12	12794
9	-1847
15	-3199
14	-12034
11	945
12	13056
4	-2017
7	-14092
15	145
7	314
15	-18194
4	-12937
4	2701
5	-4572
5	-14463
10	9329
5	-16850
12	19020
9	1006
7	-9328
5	-6314
4	9354
5	-1706
10	13930
5	-12244
7	-3659
5	-1374
11	11388
14	-5296
2	-3582
12	-11205
12	9441
4	163
2	-19582
15	-9412
4	-7839
9	2066
13	-14477
12	14421
7	14607
12	-10898
12	10953
12	10093
7	-3794
12	4130
7	16183
11	18091
15	-562
5	-3736
4	-7087
4	-5964
5	2205
11	9686
7	9161
11	-2161
4	1090
4	-4948
11	4061
12	19350
7	1234
10	10452
7	4873
15	-6218
7	3747
4	-19498
9	-2563
15	649
5	6168
9	3384
9	9234
7	2507
7	-11259
12	8607
2	-11698
1	18669
5	-1592
1	-5749
5	-1062
12	2708
7	18
12	2552
15	-160
9	1461
7	6385
4	1427
10	13301
9	8856
7	3395
9	1902
12	6439
4	-9648
10	2849
9	-1169
7	11268
4	2279
7	5674
7	-12814
15	-890
7	11015
7	16329
15	-3303
15	-21824
9	-2361
9	2076
7	7662
9	-4824
12	7982
15	-3122
4	11845
1	24250
9	11369
10	12306
7	-1382
5	-9553
12	12288
2	-20518
9	10200
7	6127
12	5691
4	4387
12	-1641
5	-17470
10	486
9	-14044
11	8246
5	4375
10	-27718
12	13091
12	6628
7	3737
15	-3910
4	-4791
11	3600
9	6557
7	8815
13	-7074
4	-3399
12	-7622
6	18104
12	-479
5	-22300
9	-1730
11	11429
12	4766
9	1982
7	-5967
9	-7786
5	-6302
9	-1639
7	733
12	383
5	-3083
11	9865
2	-10927
13	-11400
12	7500
7	-4050
7	11524
5	-6519
9	4061
9	5531
4	-1917
8	-15518
11	15531
7	2971
9	9134
4	-17858
9	-1924
4	-8932
10	11348
9	-23182
5	1268
12	10547
12	3955
7	-4633
7	-1881
1	23780
7	2291
11	9847
9	-13590
7	14103
10	-7208
12	4754
9	14443
9	-24928
9	-12505
4	-1503
4	-9529
4	5060
16	-9328
7	9608
11	13088
2	-6526
7	4439
15	-13065
14	-14622
7	5779
7	3421
11	10932
5	1083
5	5976
4	989
5	-8994
5	4653
9	73
2	-10456
7	11170
9	4909
9	6303
9	-1552
5	-2195
4	5443
11	1720
11	2785
11	9253
9	-4172
10	13902
11	12280
2	-10531
7	4684
11	4888
9	485
5	-5813
12	8771
6	-11586
7	-5275
16	-18901
11	11324
7	3638
14	-821
13	-18379
12	7496
7	3917
5	2035
9	5046
7	8815
12	7438
11	12220
4	-2847
9	4615
9	3208
16	-16443
9	12750
15	-19340
9	-5590
8	-10988
12	9577
5	609
6	7181
7	888
14	-18448
11	11742
9	1066
9	10836
5	4172
15	-19614
10	9206
9	-8585
12	8374
12	5960
7	250
4	3106
15	-26057
14	-17903
8	-22257
14	-7710
12	4294
11	11629
4	-5558
9	6893
15	-25278
14	-8337
10	11930
15	-5455
11	10684
13	-7756
12	1347
2	-5801
4	-12271
4	7966
4	-5727
12	1448
10	-17583
17	-8137
5	-26673
7	3113
2	-22557
5	5981
12	6515
5	4928
7	9833
2	-10694
14	-17223
11	13819
10	17274
9	7624
10	10620
9	-6280
4	-658
7	-84
12	-5526
12	8196
9	4564
7	-2378
12	13014
12	2651
12	-8899
14	-14630
11	1919
5	7077
9	-6792
7	-7336
4	-10073
5	-6979
12	-2185
9	8064
4	-11802
4	817
5	-7499
4	-2239
12	1584
5	-7086
9	1353
9	936
5	-4599
2	-19228
12	18743
11	13700
15	-10654
9	-3002
9	9767
12	6407
2	-7455
4	-10245
14	-13682
9	4947
9	-6429
9	4266
6	1221
15	-16039
15	-7571
7	-3388
9	-3165
5	-18581
7	7702
15	-5596
7	7330
11	9890
2	-7994
12	13993
9	-19089
4	-625
12	2227
9	4738
9	-319
15	-7383
5	1377
7	-1099
11	16440
12	5245
9	-3840
13	-18018
10	9344
15	-9063
11	8725
12	11724
5	-5899
11	-3939
4	3222
12	-1204
10	5190
7	-7741
7	6692
11	-1882
9	-1946
11	13654
15	-11846
11	14716
1	24054
7	15592
5	-1413
9	12957
12	-139
14	-4474
5	-28882
4	9207
12	8967
15	-11793
12	307
9	12688
14	-25806
10	9894
12	-7669
7	8410
4	7372
9	-10024
12	-934
5	4350
9	-16803
9	-14653
4	-11113
9	-1241
11	8162
11	-3887
9	6488
9	5358
5	-14852
4	-11735
11	4103
7	4614
12	14745
12	-7213
15	4489
4	-13269
11	17942
10	-6272
14	-20491
11	18102
15	-5798
7	-4492
2	-15944
4	5297
11	9732
7	-2908
10	14386
15	-9718
6	17747
11	12687
12	11921
1	13200
5	-16369
10	-8330
4	1869
15	-28619
4	1407
11	4564
11	15510
7	-10868
9	-14214
4	-11991
15	-7382
7	-166
7	-1583
7	4688
12	2616
4	5686
4	-11817
10	8959
11	6201
11	9121
9	3899
5	-3463
4	3218
15	-5286
9	7044
4	6987
15	-12569
15	-6758
5	-2181
9	-4395
7	-9516
17	11089
15	-6799
9	3211
10	19098
9	-2323
7	-5862
4	4204
12	20018
7	5484
4	8888
7	-608
15	509
10	17938
4	6661
12	5156
14	-12817
4	-4928
4	1864
15	-245
9	-3477
12	-3465
15	-7195
11	3929
9	-1616
15	-6020
2	-10464
11	11057
4	-12173
4	-8646
7	12253
4	-2271
5	-8308
14	-5276
13	-27410
7	4188
10	19652
7	18470
4	-7713
9	-11453
15	-2788
9	-7058
4	-8700
11	13488
7	939
11	6195
15	-4679
4	2661
5	-7697
9	-1589
4	-11440
4	-2328
2	-9488
12	15303
9	6122
9	978
5	-23710
12	7055
5	423
4	1599
7	-5110
14	-6336
2	-20850
7	13303
9	5535
5	-12093
4	-10962
7	-9294
5	-10466
4	4737
7	-182
5	-13118
4	7495
10	13085
12	1343
12	8302
9	10026
9	5784
15	-13550
5	-5949
9	7036
15	-2195
12	5651
5	-11390
7	7722
7	12857
15	-2342
8	-6620
5	-3583
10	7591
15	-10982
11	8919
5	-4463
9	-3240
5	3696
9	881
5	3
13	-35528
12	6897
5	7762
11	6489
7	8182
12	4765
12	2261
12	9740
7	8315
7	-3246
12	15230
4	-5389
7	3618
9	2388
9	4232
7	-5084
9	8850
2	-2997
5	-8370
7	6016
9	2184
10	9305
7	-3552
1	9527
9	3342
9	-8231
7	-8167
9	8914
7	8194
7	4560
4	5492
14	-17564
7	-7872
12	7750
9	-1011
9	-917
11	11064
2	-23442
5	-17107
12	2689
11	14736
4	2143
14	-4108
15	2295
9	-1799
4	4891
5	-10289
7	8566
5	-9301
12	2156
14	-5854
11	-4284
14	-20566
12	3905
7	-4555
5	-1605
11	13104
6	8035
9	-15619
12	1492
7	9513
10	13501
15	-12836
4	-15175
7	1310
2	-9533
13	-23167
9	-54274
5	-3400
15	2710
1	16621
11	4568
11	-273
11	19134
10	10700
9	-3854
4	-18214
4	-14875
4	15015
7	-1948
15	-4663
15	-9461
9	-2872
10	2615
12	8234
14	-486
14	-14522
14	-14415
9	-3212
7	8099
7	1931
11	3917
14	-10086
9	3063
12	2048
12	-173
2	-14480
2	-24514
12	6278
4	-2556
14	6667
17	-4014
4	8355
12	1677
5	-13498
9	-1087
1	15314
12	10797
4	-9474
7	1127
7	5860
12	781
7	11293
12	2382
12	4944
12	6112
4	-19192
4	3206
4	8215
15	-5647
10	17204
10	11580
9	-1043
12	2036
12	-3006
1	10886
15	-5170
12	9665
7	15811
5	-11315
15	-2431
4	5772
11	10652
5	-1710
14	3993
5	-4181
10	7875
12	9918
14	-10599
4	-14650
6	-7571
5	-4930
11	14987
9	-13799
9	2478
15	-5034
4	-25
7	3010
11	-2505
15	-5312
7	-479
5	5357
11	13131
9	-20267
15	-14418
4	3636
7	10801
12	-1103
12	3458
15	-3456
7	-5425
7	10425
9	14253
9	9486
6	-6974
5	4940
9	5744
2	-799
7	-1702
7	858
15	-7969
15	-9804
9	18353
9	3858
12	2801
7	4782
9	1338
17	-3253
4	2818
9	-3894
7	-10648
7	-10398
14	-16301
4	-7013
7	16658
5	-33284
12	4342
7	17922
4	-4325
7	5217
1	17994
9	-5171
4	7621
4	-23926
9	8412
9	11787
12	4713
9	6653
9	-13723
5	3525
5	-8007
5	4859
15	8195
7	4935
12	3433
10	4564
7	4066
5	-10922
5	-3469
5	-4652
3	18108
4	-13390
11	8791
12	5346
11	16904
7	-4572
10	9761
12	12704
11	4945
11	3420
12	6714
4	3699
11	9050
5	-14334
7	5293
9	-363
1	16256
12	-7293
5	-4754
7	5850
4	3727
5	-27118
7	13472
2	-7493
6	7718
12	17118
11	34
4	-1531
7	-849
5	-17852
15	-3498
9	-7019
11	19089
14	-10252
12	-5020
1	9844
12	12509
5	-4747
7	-776
9	1309
4	10466
9	8220
5	-4268
4	3241
5	-2184
4	1222
14	-21191
17	-12871
15	-2004
15	2496
7	9598
14	-16738
7	3591
5	-1938
14	-7082
11	11656
9	-4097
9	-6100
12	6970
14	-11780
15	-9912
4	-2021
12	11645
9	-3460
7	7890
7	13942
12	6478
4	-513
9	-876
15	-2849
9	8156
12	7238
9	-8958
11	3879
7	12768
10	11734
15	-10776
9	1019
7	-4446
7	6769
12	11069
7	-6363
12	2712
5	-4974
7	7669
2	-6914
12	6041
5	10205
11	16046
15	-30952
7	6306
11	6084
17	5101
11	-458
11	9830
4	6761
11	6995
12	3261
9	-7500
9	5403
7	4257
11	-4282
14	1680
9	570
7	5118
9	-5727
4	-26907
11	14046
12	2828
17	837
14	6171
2	-14288
14	-10399
14	-3341
11	10501
6	19178
12	8690
5	3453
9	-4774
7	9691
7	4863
9	12717
9	4079
9	1885
5	5467
15	-17809
7	-3157
12	1645
9	-1988
9	-10440
11	7703
9	5391
7	-639
9	-19519
7	4088
4	-240
4	10098
5	-9596
15	-5116
4	-7090
12	-1933
9	-5528
12	10819
4	-997
7	5308
4	-8240
12	2967
1	16887
7	6230
11	4063
5	-4504
15	-4505
9	-6290
7	-3281
11	3834
9	-4343
1	7681
13	-20342
11	18075
4	-7567
7	6944
4	2516
16	-19768
12	7474
5	5767
5	4293
7	-6669
2	-25768
5	-12220
9	3013
15	-15864
10	13729
4	-8118
4	-11044
5	127
4	6361
4	-2694
15	-20259
7	14399
10	5187
9	-3510
4	-4191
9	-9124
11	5714
14	-8363
15	-19515
5	4209
8	-14760
4	3097
10	-2624
17	14587
11	9665
7	2072
14	2016
12	4628
5	-17184
4	-216
9	11711
9	-8253
6	3028
7	9045
12	3564
7	3400
1	-1086
4	-19318
15	-2627
16	-33705
7	12436
12	10912
4	-9999
2	-14239
12	9022
14	-11299
11	7264
9	-229
7	12322
9	5795
5	11675
11	3682
9	-1559
4	1229
12	10355
12	6605
9	-15201
11	14680
12	-8605
7	-8662
14	-10301
7	-5428
7	10542
4	-4093
15	-3922
9	6382
14	-10492
12	6551
7	3676
9	-5236
14	559
11	15732
15	-26093
4	970
10	13915
4	445
9	-14682
15	-19810
15	-4978
15	-9533
15	3052
10	4297
12	2302
