-1480	-13775
5118	126
9629	4098
-864	-1859
16361	126
-335	-13775
472	-11789
-10177	-5831
8111	-15761
-13327	-9803
-24765	18000
-243	-13775
-3846	6084
12547	126
-413	-13775
-1608	8070
4261	-9803
-7863	6084
5624	4098
12963	2112
2259	4098
6498	-3845
4109	-15761
-11103	16014
20041	4098
-14102	12042
3317	-13775
6088	-15761
-6917	4098
-17126	14028
644	6084
6881	126
-9159	-11789
148	-11789
13600	4098
6513	2112
8782	-15761
-7444	-11789
-5294	-11789
12258	2112
-1378	6084
18240	-17747
-10657	12042
9039	-15761
23534	126
-1925	-11789
-4616	2112
3538	2112
-16062	-5831
18757	2112
-8498	-11789
-135	-13775
2605	4098
-18933	14028
-11130	10056
4835	-13775
-7365	10056
-7722	10056
4417	2112
-13076	12042
24540	-5831
8836	4098
-6427	-11789
-18590	-7817
4238	8070
-23932	16014
636	6084
9882	-11789
-1564	-13775
2312	-13775
51	8070
2191	6084
-10236	-9803
-4129	-5831
-14434	14028
4571	4098
-4133	10056
6756	8070
12318	2112
-8489	10056
-5179	4098
12798	126
1286	2112
656	-13775
-14013	12042
315	-13775
5509	4098
-4970	10056
2524	2112
6820	6084
11930	-9803
6765	4098
-15072	12042
8621	-3845
-6458	-11789
7179	4098
-1520	4098
4537	-9803
-24319	18000
6345	6084
-7617	-1859
-1580	-7817
4818	-7817
2911	-11789
9498	-7817
-20060	18000
2632	6084
-1176	-13775
-24391	18000
14446	126
-2339	8070
2781	-15761
-3825	-13775
-3315	4098
806	4098
-7236	6084
11128	2112
729	4098
-10624	12042
2913	2112
-1890	10056
1825	4098
1001	8070
-7828	12042
-1866	-13775
-6057	-13775
-4206	8070
9296	4098
-12731	-9803
-9672	8070
8389	-15761
-3054	4098
14106	6084
3284	-15761
8200	-9803
-2698	-13775
4828	6084
6010	-15761
-20321	-7817
-8134	-9803
-7467	8070
-9106	-9803
-28549	21972
-5709	4098
2386	-15761
4235	2112
10618	6084
-16902	18000
-11330	8070
3613	-11789
-8392	-5831
-14535	14028
-5483	12042
2091	-13775
4998	-15761
9868	-15761
-12261	14028
-3859	-7817
-312	-11789
-2036	-9803
-6642	12042
7599	10056
-8058	-9803
-11198	6084
2588	8070
14526	-17747
-1701	6084
-2848	-7817
-2447	8070
-4111	-13775
-4090	-13775
5764	-15761
-5006	-13775
-6599	6084
-10726	14028
-5553	8070
17820	-17747
-10825	14028
6412	-11789
-3225	-11789
-903	-13775
-8165	-3845
-5011	10056
-7858	-11789
-2298	-13775
4392	-15761
-5551	-13775
-2315	8070
253	-7817
4805	-15761
2201	6084
-29138	-1859
6779	4098
-30544	21972
4023	2112
-14627	16014
5326	2112
-3202	6084
-2961	-13775
4915	126
-5116	8070
-6066	10056
-2729	8070
9253	-15761
-6582	6084
4139	126
6867	4098
1565	-11789
-3608	-7817
5605	8070
4909	2112
3042	6084
-486	-5831
19885	-17747
-968	10056
-9243	12042
-4381	6084
-16228	-5831
-109	-9803
-7635	8070
5494	126
-6237	12042
1838	8070
900	10056
4544	-15761
-4785	-13775
5537	2112
5886	-15761
-6168	6084
1875	4098
-7499	-9803
-15382	12042
-5303	-9803
-9916	-11789
-615	6084
4911	4098
-17313	-7817
-4618	6084
-2647	-7817
-4706	-7817
5737	4098
-1074	-13775
17754	-9803
-13443	10056
15182	-5831
-24629	18000
-3002	4098
-9738	-9803
7099	-15761
6678	-13775
-10175	14028
3075	-15761
5363	-15761
-5889	10056
-13095	12042
-5627	8070
648	4098
5743	4098
27887	-17747
-2535	-13775
941	-13775
1367	4098
1697	-13775
-11421	16014
-3786	8070
3364	-15761
-73	-13775
18911	4098
-9498	-11789
4786	4098
-8487	10056
-9191	12042
19118	-17747
-2218	6084
-6951	10056
4739	-13775
-15763	10056
-4499	8070
-16514	12042
7235	6084
-5976	12042
-3873	4098
-1067	10056
-5394	6084
-5539	2112
-19789	19986
5031	8070
7166	-15761
5964	-9803
11369	4098
4832	-15761
-15404	-5831
-9141	8070
-1093	6084
-13224	16014
-9230	8070
5408	-13775
-2769	-13775
611	4098
1848	-13775
-11259	-11789
-10924	12042
3270	6084
-4642	-7817
12475	-7817
2649	6084
-15909	12042
-2414	-13775
23793	-17747
4392	-13775
-19588	14028
-3583	-13775
-103	-13775
4327	-15761
1170	6084
-16362	-9803
-20474	-1859
1341	12042
20650	2112
268	12042
-4925	8070
18101	-17747
6547	-13775
8736	4098
7304	4098
-11764	-11789
-14794	14028
1100	-9803
1373	-13775
-7458	-11789
5143	6084
-2825	8070
-3079	6084
-8220	10056
-1116	4098
-3299	10056
-1421	6084
10334	2112
17542	4098
-5499	8070
-11567	8070
-2409	6084
3358	-13775
-2929	-11789
6293	6084
5224	6084
-929	6084
1397	-9803
7742	2112
4398	-5831
-3162	6084
-2073	8070
-2520	12042
-13964	12042
3881	6084
-14489	-9803
7183	6084
15767	-9803
18438	126
5615	-13775
-12267	6084
-13586	-7817
-21474	16014
-3432	8070
3168	2112
-18034	-7817
-4559	-13775
13641	-13775
-16801	12042
8162	4098
-7873	-11789
4590	-13775
-8970	8070
-13269	2112
19000	-11789
6409	4098
-6969	-11789
23297	-15761
4874	-7817
-5676	-9803
21099	4098
5099	6084
-4618	6084
1123	2112
984	4098
-81	6084
-1351	-13775
1629	8070
7445	8070
12563	126
17563	-17747
-1615	2112
-5351	8070
5845	6084
-8704	-11789
527	6084
-11635	10056
-2560	4098
22535	126
15724	4098
-1411	12042
12897	2112
-3608	-11789
16587	-17747
-151	6084
18612	-17747
-11846	-5831
-771	4098
19710	-1859
744	-9803
-4786	6084
11247	2112
-6401	8070
3794	-3845
11417	-5831
22916	2112
-6271	-11789
22668	6084
-2589	12042
-5983	-9803
2811	-9803
-7949	-5831
13508	-1859
8874	2112
8545	2112
-4048	10056
4571	-15761
-513	8070
-3536	-13775
1748	-7817
5200	2112
-6350	10056
10365	2112
6272	8070
10744	2112
9120	-15761
3503	6084
-9465	12042
3252	-13775
-24815	23957
-11426	12042
5293	-3845
-14941	12042
-8792	-11789
1185	4098
3985	-15761
-13171	8070
-14444	19986
2675	-3845
-5440	6084
-3631	4098
18237	4098
11011	4098
-16652	12042
-1750	-1859
-4164	-13775
6814	2112
8555	2112
-4072	4098
6464	6084
-3196	10056
7018	-15761
-2675	6084
-21151	-7817
-13729	12042
13262	-5831
5689	-15761
-14848	14028
-685	-13775
-14278	-9803
949	4098
-7376	6084
1849	2112
-9928	10056
11799	126
1285	8070
-14172	14028
-11775	10056
11775	-15761
2689	6084
3860	-15761
705	-13775
-9157	8070
-8494	12042
3088	-15761
-9892	-7817
-8642	-1859
5309	8070
6988	6084
-9205	12042
-8852	10056
-21109	-7817
22177	-13775
-16373	-5831
-1383	8070
5302	6084
921	8070
15231	126
1086	4098
-2783	8070
1563	-7817
5753	-7817
5837	4098
8527	4098
2507	6084
-19805	12042
-3926	19986
13594	4098
6244	-15761
4290	-5831
5633	4098
-5620	-11789
-920	4098
-10918	-11789
-4989	-3845
9857	-1859
5930	4098
-15574	14028
-9724	-11789
-13172	16014
6173	2112
-7902	6084
16622	-1859
-11712	-5831
-2465	8070
-7764	10056
-15805	14028
30802	-1859
3223	4098
-33471	27929
2920	4098
-11811	14028
14979	-9803
-4340	-13775
374	2112
-1467	-11789
14474	126
4922	-3845
7943	-13775
9891	126
-18823	18000
-7865	-11789
-6159	-1859
3200	6084
2828	10056
-2953	8070
15443	-13775
-409	-13775
2049	-13775
-9088	10056
-2580	-9803
-1265	4098
14682	-17747
4511	-11789
4241	4098
10774	2112
-10103	-9803
-5100	-13775
7856	6084
-12885	12042
-11968	10056
22480	-1859
-10321	10056
7256	10056
-6213	10056
16956	-15761
-2274	10056
5695	-13775
-2195	10056
-1117	8070
654	-5831
14325	2112
-9675	10056
-1658	-13775
-15155	-9803
2936	-13775
14900	2112
5281	6084
6827	-13775
1624	6084
-8962	-11789
25367	126
1432	8070
-2445	18000
-3352	-13775
13295	126
11819	4098
6692	4098
9723	-13775
-11986	14028
-7412	126
13656	2112
-4693	8070
895	4098
2750	4098
-4160	10056
10703	-13775
4445	2112
-23047	14028
7517	2112
-3540	-13775
-9880	8070
-5256	8070
1421	-3845
-10730	14028
5321	-11789
12971	126
-5973	10056
-2692	-11789
26790	2112
-17961	16014
-24736	18000
-183	2112
14535	2112
-3111	-9803
12854	8070
-4919	6084
-18787	-7817
-26553	-3845
8170	126
-14622	12042
-7746	10056
6682	-15761
-4294	6084
-16838	-9803
9060	6084
7453	4098
-13105	12042
2261	6084
-9487	8070
2819	-7817
-3942	-13775
-11136	-9803
4653	-13775
-18470	-7817
3138	6084
-9596	10056
5655	12042
5396	4098
4027	6084
4902	4098
-11936	10056
-21370	-5831
-3147	10056
-1536	12042
-2703	8070
11	6084
5309	6084
12549	2112
1089	4098
8170	-15761
8026	4098
-7184	-11789
11630	-15761
-14551	-9803
-7697	-7817
-8170	10056
4950	-15761
1952	4098
20443	-11789
-30140	2112
-669	8070
-4806	12042
3489	-15761
-2548	-11789
3845	-11789
-4786	6084
-5135	-1859
-3222	126
-13413	12042
9892	2112
3053	-13775
9750	126
1817	4098
-394	6084
13942	2112
7475	8070
7527	2112
-3288	-7817
9966	2112
-1300	14028
14801	4098
-4018	6084
-4376	4098
14422	-1859
1872	-5831
5065	-13775
-1007	19986
-3007	-11789
22669	126
7103	126
2290	-11789
-8432	8070
-17026	-9803
-3557	18000
-5067	18000
-2377	8070
14010	2112
-2304	8070
-11506	10056
2784	8070
2265	8070
-12001	-1859
14255	-1859
-9806	10056
-8480	-7817
-959	4098
-12655	2112
-5679	6084
-156	4098
11995	-15761
-2716	8070
-1869	-13775
-519	10056
-9321	-11789
10441	2112
-3762	10056
16275	-13775
-1623	-5831
-6088	-13775
-6446	8070
9340	6084
-16595	-7817
7854	-3845
-9130	-11789
-11237	12042
10922	-15761
5965	-3845
-9460	6084
1428	-11789
-9084	12042
15085	-17747
-14308	10056
17682	-15761
-6942	8070
-9331	2112
-11167	-7817
-2628	6084
-4040	6084
2401	8070
-11483	10056
11218	-15761
17618	-5831
-8672	10056
9288	4098
-6461	-5831
4586	2112
17936	-17747
-13420	-9803
3500	8070
9410	-3845
17037	6084
12215	-5831
-1797	-11789
708	-13775
3249	4098
-8255	8070
8042	2112
1638	-5831
13185	126
-9329	10056
5407	-15761
-28974	-1859
-7478	14028
13270	-5831
-4185	-13775
1003	8070
14564	2112
15893	2112
-3877	8070
841	6084
4581	4098
-9345	8070
-1328	-13775
-5876	16014
17132	-13775
2204	16014
-9025	12042
-607	8070
-2444	6084
-2204	-11789
1389	-13775
-4317	8070
11383	2112
-1133	-13775
-9447	14028
-723	10056
-3154	6084
20905	-15761
-6609	-7817
-3558	-13775
6332	4098
-9773	10056
-3677	10056
207	6084
-4796	-13775
-25992	-3845
315	6084
-7402	-11789
-12945	14028
-449	-13775
-2705	4098
7455	-15761
-10018	-9803
-14	14028
1825	10056
6870	-15761
5669	-15761
19143	126
6198	4098
-13889	16014
-5041	6084
5176	-15761
-2444	6084
13698	126
-2095	4098
-9612	10056
7759	8070
5656	-15761
-699	6084
-6457	-11789
5726	4098
-7278	8070
3545	-5831
5286	10056
-1832	8070
3974	4098
5875	-1859
-9121	-7817
-17916	-7817
-1157	12042
-2789	-1859
2039	8070
5898	4098
3805	8070
3123	-11789
-859	6084
-3726	8070
-5842	8070
1232	6084
-674	6084
-1455	6084
-1205	8070
18232	-17747
3200	2112
-1434	4098
-4143	-13775
4822	12042
-5912	4098
-2872	-13775
7586	-15761
-534	4098
11810	-15761
970	6084
2183	4098
209	6084
-2705	8070
-10212	-5831
-4706	8070
3754	4098
-7617	6084
1584	-9803
-7885	-11789
1404	8070
4675	-13775
-5592	4098
-281	-7817
10168	6084
16077	-11789
5032	-13775
8021	4098
15508	126
804	4098
7307	126
-7157	10056
3944	8070
9322	2112
-9805	2112
-1190	8070
-11950	14028
2913	10056
2521	-9803
6893	-15761
1733	6084
-3365	8070
-2819	4098
13343	-13775
3629	4098
-9248	10056
12790	126
-8397	10056
-3857	10056
3261	4098
-10813	-9803
12674	-9803
607	4098
-9941	-11789
-6568	-11789
3132	6084
2126	6084
-6038	8070
11790	-9803
3990	-15761
-9485	8070
5680	8070
-6685	6084
507	6084
6637	-5831
-12388	14028
12703	-17747
-16729	14028
15029	6084
7294	4098
-7804	2112
-9410	8070
-3891	8070
6235	-15761
32599	-3845
-10980	12042
10173	-1859
-22539	126
8049	-15761
4874	2112
9041	2112
-10336	-1859
-3035	-11789
5342	-15761
-4469	8070
7387	10056
16170	126
-12290	-9803
-3288	10056
-8376	-11789
18735	126
3048	2112
-7272	-11789
-4566	6084
456	-13775
-9530	16014
-3570	-13775
5025	4098
10712	2112
-2797	10056
2785	2112
-11069	8070
14315	-13775
-2893	10056
1922	-1859
-22993	-3845
9914	2112
4746	6084
-3721	-13775
-4997	-9803
15033	126
11683	4098
-425	-1859
930	-3845
940	4098
10676	6084
2608	4098
7664	4098
-12406	12042
-1957	-13775
-13801	12042
-8057	10056
-4931	-13775
-5824	8070
8190	2112
-8400	-3845
-19508	14028
-11792	10056
-1704	-13775
-1616	-13775
-5512	12042
1965	6084
-5880	-11789
4183	4098
-6226	8070
12934	126
-2655	-9803
-9348	8070
-3580	8070
10900	2112
2245	8070
-5196	-11789
18861	-17747
-4182	6084
6606	10056
-2022	-11789
-5634	-13775
22244	-17747
-9149	8070
2546	-15761
6204	4098
261	12042
8335	2112
14778	-15761
8495	-11789
-14400	12042
18100	2112
-9936	-9803
-6147	-11789
24607	-1859
-11954	10056
15891	126
6552	4098
3446	-13775
-19928	-7817
-2209	-9803
-13430	-9803
3061	4098
-16003	18000
-7651	8070
-8924	8070
32242	-19733
13662	126
-6121	10056
-8494	2112
-2415	8070
-9318	10056
15801	126
5934	6084
-13984	16014
2406	-11789
-7684	-11789
-14726	2112
4260	-15761
-6142	6084
-2299	14028
-883	-13775
-4982	8070
-4349	-13775
5571	-13775
67	6084
-4613	10056
-3387	-13775
-9339	-9803
7676	6084
-2344	-13775
12329	-9803
-7960	10056
-7075	-11789
7131	-7817
5502	2112
-17882	19986
-14994	-3845
-10965	4098
-15021	12042
-4907	6084
1455	6084
-1159	8070
-8084	-11789
5423	-11789
-7201	12042
-12772	12042
13943	2112
6182	-15761
8068	-15761
-8569	126
3393	-15761
6160	2112
-652	10056
3504	8070
2973	-11789
7955	-11789
3679	-15761
1420	4098
-17830	12042
8182	-15761
-10286	126
-1909	4098
-1458	4098
-13714	14028
1166	10056
-1478	4098
-629	-11789
16653	2112
-5273	10056
3486	-13775
-1431	8070
-13533	8070
-5292	14028
-9073	-11789
-8977	12042
-4876	10056
-9306	16014
-16913	14028
-8529	39845
9124	2112
3836	126
3524	6084
7953	4098
-1743	-13775
-3114	8070
-12072	12042
-6943	6084
2547	4098
16009	6084
14175	-17747
14088	-3845
-15925	16014
8080	2112
1579	6084
16497	-17747
2471	-3845
-16345	12042
-4763	-11789
-2748	6084
8916	-9803
7608	-15761
10564	2112
4806	4098
-30772	27929
14	-13775
5528	2112
-13943	-9803
-2428	8070
-9730	12042
11920	-15761
4798	6084
-16873	-1859
-6776	8070
612	6084
15402	126
6094	2112
10190	-15761
-980	-11789
4148	-15761
-1405	8070
-10583	8070
-9035	8070
-8178	-11789
-7109	12042
-11613	-11789
-3137	-7817
12059	-15761
1213	4098
-5834	-7817
12700	6084
-13239	14028
-2283	-1859
11303	-15761
-3785	10056
7077	-15761
8970	2112
-15327	-5831
-14673	10056
5092	4098
11538	126
-3337	-13775
5526	2112
-11345	14028
16117	-17747
6253	4098
1364	6084
-2125	8070
10382	126
1720	16014
-1568	6084
15837	4098
5854	2112
20647	-1859
1695	-13775
-4333	-13775
29674	-3845
-299	-13775
2132	6084
7024	-15761
1403	6084
-7239	12042
1848	8070
12066	-11789
11667	126
-2725	8070
6168	2112
-1524	4098
-9704	8070
-11000	8070
3731	2112
-4354	-9803
-14605	10056
9778	126
-1961	4098
5044	8070
466	-13775
26962	126
3813	6084
7156	2112
-113	8070
27503	-3845
2287	10056
9770	-5831
1688	-1859
7394	-13775
5426	6084
-828	6084
11289	6084
3533	-15761
98	6084
-4700	6084
-8066	6084
-2847	8070
17872	-17747
9219	126
6789	-13775
3832	8070
-844	6084
17767	126
-20056	21972
4356	6084
-5385	8070
5591	-15761
-16041	-7817
-2271	8070
-10031	16014
11031	-15761
-13434	10056
9823	-11789
-2164	6084
-21330	16014
-24828	19986
-10196	-1859
-5591	8070
-3271	4098
-655	-13775
2064	-9803
-2928	10056
-5358	8070
-11139	126
5025	-13775
15164	2112
-13574	10056
-10230	-9803
15878	6084
9783	126
-1478	6084
-9504	12042
-2359	8070
-544	-13775
975	-11789
247	-13775
4507	2112
8996	2112
-4958	-13775
-4650	-13775
2149	-13775
4210	-9803
-7686	-11789
-1074	14028
894	6084
6325	4098
7260	126
9980	-15761
-23934	16014
-7475	8070
-9957	2112
3510	8070
22299	6084
18857	-15761
6436	8070
-4660	-5831
9232	-15761
-11130	12042
-964	-11789
17391	-17747
9226	4098
-3290	8070
-3843	-13775
-806	4098
22623	-9803
-11301	10056
-210	6084
2849	2112
-8402	-11789
1218	-13775
-3324	-3845
-7912	-11789
8332	-11789
15117	6084
-17559	12042
4568	10056
-9467	12042
-2491	8070
-13448	12042
-3522	8070
5096	-7817
-8282	6084
10196	4098
7579	126
36408	-15761
-7814	6084
6364	6084
5892	2112
3770	-13775
-6683	-11789
2402	-11789
-458	4098
-839	8070
16525	2112
-20535	18000
6554	-15761
6446	2112
-9213	-11789
5915	4098
782	14028
7729	2112
-3410	8070
-6836	-11789
-17798	14028
558	4098
-3006	12042
55	8070
7092	6084
-7480	-7817
10912	2112
4913	8070
7985	-7817
1757	-7817
8278	-15761
-14518	16014
21898	-1859
4730	126
19768	4098
-7300	-11789
14820	-11789
-7471	6084
-11393	14028
-13034	12042
15927	126
-3566	-1859
3546	10056
15258	2112
2117	4098
-4155	-13775
-8471	8070
-10537	10056
6330	2112
2092	4098
-4641	-7817
4283	2112
-21746	-5831
-22401	-5831
-14735	10056
-659	18000
11802	-9803
7246	6084
4394	6084
26073	-1859
10906	126
-2704	8070
-16567	14028
-405	-13775
-1685	-11789
7968	4098
12809	-15761
-3935	4098
6388	4098
-78	-13775
-274	-13775
-3013	-13775
-13368	21972
-2637	6084
2778	2112
-1974	8070
-6340	12042
-23357	14028
1695	-3845
3235	-1859
-2465	10056
-247	6084
-17993	12042
3547	8070
12363	2112
-180	-13775
6991	12042
-380	-11789
102	6084
-5363	4098
-299	2112
-6271	10056
-3123	8070
315	-13775
-7202	12042
-12063	2112
1963	-5831
-6531	10056
-7185	4098
-7872	8070
-15308	2112
17929	126
9876	-13775
8330	-15761
1919	2112
9693	-1859
-16273	14028
5357	-9803
-5505	10056
-8775	10056
-10861	14028
12942	-15761
-3672	10056
1596	8070
-1080	-13775
1432	-13775
3601	2112
-6842	10056
-2565	4098
-11643	-9803
-6371	-11789
5876	8070
-568	-13775
-6089	4098
383	4098
6633	-11789
2595	8070
-837	-9803
4185	-13775
-3919	12042
3222	4098
-2459	-13775
6914	6084
1056	-1859
8699	6084
-15514	14028
-11659	-9803
-7648	8070
3459	-13775
-3903	8070
24679	126
-11188	-11789
3045	-15761
9637	-7817
-12573	-5831
672	2112
-833	-11789
7119	2112
-14972	14028
-1175	-7817
2435	4098
-108	4098
2597	-13775
7148	4098
-10442	10056
14600	126
9427	2112
3790	4098
16678	2112
-7454	10056
-12	-7817
-8335	14028
-707	8070
6570	8070
13101	126
-30465	27929
-11312	8070
-9354	-9803
-10672	14028
3739	4098
-10214	-9803
-15210	-9803
4662	-11789
-4970	-13775
3557	2112
10768	-11789
-12395	10056
-11905	10056
5076	-15761
19155	126
1401	2112
6315	6084
-2798	10056
-786	8070
3728	4098
2121	4098
3695	-15761
74	-13775
3768	6084
6241	-15761
-7515	8070
-3775	6084
-22547	18000
10571	126
8248	8070
1785	-13775
7999	-13775
1541	-3845
5806	2112
-5239	6084
17405	-17747
-14618	12042
-12838	10056
8950	6084
-3912	-13775
-8499	8070
14882	4098
-2156	8070
-3543	-7817
-2045	6084
-2685	4098
6728	126
-8875	12042
-11733	12042
-3494	8070
-5162	8070
-4129	6084
-2454	4098
-11999	-3845
22103	-17747
-2571	10056
-22977	14028
-8701	12042
5362	-13775
10962	2112
-9709	10056
-2805	-5831
658	-11789
7639	4098
4160	-15761
-8217	8070
-786	18000
-566	4098
353	-13775
-3355	10056
-11984	-7817
2301	-11789
10506	-15761
6854	-11789
6622	4098
-13450	126
7568	-15761
-8916	10056
-12997	16014
-10228	10056
7954	-13775
19670	2112
-6956	6084
19	4098
1645	6084
-5519	-1859
3480	6084
3546	4098
-1636	-13775
-6784	12042
-5188	-11789
512	6084
8449	2112
-3320	10056
7563	-7817
1411	-1859
-28515	8070
4902	-11789
-23736	16014
1709	-13775
14626	-17747
12678	-17747
-3838	-13775
9742	4098
8919	4098
31171	-19733
-10094	-11789
2796	8070
7231	4098
5351	-11789
-16764	12042
1651	16014
-1131	14028
2276	8070
-14819	-9803
-2595	-11789
14647	4098
5989	-11789
-608	6084
-8188	-11789
-1871	-13775
-3044	8070
-10081	12042
-1041	4098
-8403	126
6271	-15761
5499	2112
9037	2112
-8061	-9803
-5720	-1859
13706	-1859
-2076	6084
1127	-11789
36511	4098
8548	-15761
-12848	16014
-10217	8070
-3096	-3845
-15998	12042
10162	-5831
14521	-1859
10163	-7817
321	-7817
-7525	12042
-8219	10056
-4169	6084
-3450	8070
-8136	8070
10222	4098
-9942	10056
-6141	10056
-4086	-7817
-5160	126
-9708	-11789
1597	8070
1795	6084
5780	-15761
-1950	-9803
8974	126
2945	-1859
-3324	8070
-8911	-11789
-17690	-5831
-2456	8070
-8290	18000
13327	-7817
-6114	4098
-6022	-1859
1428	-11789
10751	-15761
7558	2112
16989	-11789
-16616	-9803
-8909	10056
-11787	-5831
15869	-17747
-2656	8070
-1397	-9803
48194	-5831
5647	6084
5850	6084
-14487	-9803
-5094	-13775
8091	-15761
-8966	10056
-5163	8070
-6667	6084
1005	-13775
-12203	8070
-10985	8070
4773	4098
4698	-11789
-12818	-7817
-10247	2112
-2961	8070
-2252	6084
9594	126
944	-9803
21465	126
-11836	10056
-4454	-11789
-9355	-11789
-8170	-9803
-2485	4098
1627	-9803
6636	4098
-3186	-13775
10396	-5831
10788	-1859
-4822	-11789
3251	-13775
-8198	6084
-3347	-13775
7714	2112
-8040	8070
-9645	8070
-3007	6084
-14352	12042
7246	4098
-13656	12042
-1771	-3845
-6387	10056
3082	8070
3236	10056
10993	4098
-1657	4098
13513	8070
-7008	10056
-15687	14028
-4927	4098
-6121	10056
755	4098
393	-3845
-918	-13775
-14361	10056
-4435	2112
11969	6084
-15596	23957
6351	-15761
-12343	12042
4012	6084
7493	8070
-1034	-13775
12273	-15761
-8929	10056
-3053	-13775
-2607	-13775
17786	126
11339	-11789
3520	126
7429	126
-7196	8070
1139	2112
8586	6084
-12098	8070
7450	2112
159	-7817
3661	4098
9241	4098
-41	-11789
13389	4098
5053	-13775
785	-13775
1531	-13775
9932	4098
3080	6084
-1974	-13775
9171	6084
-2911	-13775
4073	4098
14001	-13775
-8560	8070
15579	-17747
26531	-3845
2267	4098
5693	2112
21688	-7817
16405	126
10339	2112
-6341	-11789
-497	6084
7445	6084
15456	126
-10685	8070
-4442	14028
14366	126
1781	8070
5027	-15761
21469	-3845
-219	-13775
-12061	14028
11542	-9803
3543	6084
-1532	-11789
-3245	8070
-4516	10056
-473	8070
10415	-15761
9499	-15761
1541	6084
3654	4098
-166	-13775
-6973	-7817
12894	126
18504	-15761
973	6084
14818	-9803
-2145	6084
8789	-13775
9266	4098
523	8070
-29868	21972
-9994	-9803
-7406	-11789
5563	-15761
-1409	-7817
-18039	10056
-4146	6084
5583	2112
-992	6084
-72	-13775
-12157	12042
189	8070
-2703	6084
2478	8070
10875	6084
-14059	-9803
18702	126
-4777	8070
710	-13775
10153	2112
-12028	8070
-5129	-11789
-9021	10056
-6659	6084
-488	4098
2110	8070
16624	-17747
-8607	-11789
-6059	-11789
-11640	10056
7384	6084
12025	-15761
-8379	10056
-8765	10056
7172	-15761
-8904	10056
-6109	-7817
-7535	10056
-2480	10056
39063	126
16444	4098
-13544	-9803
9948	2112
7654	6084
-10396	16014
-11969	8070
4279	-11789
9070	126
2411	6084
-4962	10056
874	4098
-2056	8070
504	-13775
-1609	-7817
2523	2112
15276	2112
8003	2112
4440	-13775
-4547	6084
5969	6084
2891	-15761
2524	10056
7286	8070
-10736	-9803
-2962	8070
-912	-5831
10855	4098
17478	2112
12413	2112
19375	-15761
6510	6084
2176	14028
-4508	-7817
13255	6084
820	23957
-23529	18000
7814	4098
-14984	4098
3750	-11789
-5304	-7817
-12243	-11789
16767	-1859
-4205	-13775
-10840	16014
14319	2112
-8375	-11789
8713	4098
-1730	12042
2961	2112
-5264	8070
-2279	-13775
-7485	-3845
870	10056
-4004	-13775
-610	6084
7846	-15761
13743	2112
4147	-15761
-29	6084
-16711	-9803
14252	-7817
1413	-13775
-6246	-11789
-6611	-11789
2710	-13775
-9627	-9803
-1069	4098
-1526	8070
3753	126
-18231	14028
-4721	6084
-3800	-9803
10057	2112
8668	2112
-14	8070
-10076	14028
-19339	21972
26237	-17747
2373	4098
-2916	-13775
-7921	126
-7150	10056
12611	-9803
-6120	8070
-13803	10056
-14327	12042
-289	6084
14611	-17747
-16775	12042
8909	4098
10145	-13775
1862	-5831
-15230	12042
-2469	-13775
6012	6084
2267	-13775
21209	-17747
5972	126
7205	-13775
-10333	-11789
2161	12042
-8261	10056
-3785	-13775
-3176	4098
7252	4098
4315	6084
-21310	21972
36303	-3845
4454	-11789
9403	2112
21777	126
5689	4098
1786	-13775
1188	-7817
631	-13775
-14651	-7817
1744	-1859
-18033	16014
2552	-13775
21044	2112
-9211	8070
11839	6084
1478	6084
2468	-13775
3221	8070
-219	6084
2589	-11789
-14820	-9803
2107	2112
-3223	6084
12379	2112
-1475	10056
14631	-1859
3418	4098
-3712	6084
-3591	-13775
1674	8070
2922	4098
8844	4098
-14187	16014
-23051	-5831
2392	-15761
-11023	6084
-3828	-3845
-3009	-9803
1643	10056
-5790	8070
1331	-11789
12443	-3845
-4932	-13775
-19576	6084
-1444	-13775
4789	-15761
15690	-17747
2321	-15761
12535	-15761
-18491	16014
1858	4098
3073	2112
2807	-13775
-2614	-13775
-24061	18000
-17996	14028
-3466	-1859
1022	6084
-6815	8070
14123	126
-8247	12042
-12256	4098
18427	-15761
-5034	-13775
-8442	12042
-489	-13775
17113	6084
11018	126
5958	2112
18	4098
-5179	-7817
-1502	6084
-15420	-9803
7512	4098
-13083	8070
-7312	8070
-11751	-5831
110	2112
4408	126
-7393	6084
2712	-11789
10158	2112
13540	-11789
-564	8070
4968	-13775
18453	-7817
-7410	14028
6152	2112
-2861	6084
-2238	10056
6612	-15761
-23193	18000
-8004	18000
4338	4098
4487	8070
7174	2112
15154	-13775
-9844	-7817
3606	6084
-9237	10056
-8585	10056
-10318	10056
-2843	-3845
-5638	4098
9345	2112
3698	6084
-10915	8070
-6610	12042
2191	4098
-8242	18000
12916	2112
-2248	6084
-11880	8070
-14264	14028
-5910	6084
5864	-13775
9478	-9803
-1832	6084
8159	-15761
-10386	-5831
4257	2112
1411	-13775
9274	6084
-4983	4098
2510	-13775
9381	-3845
20521	-17747
-11628	10056
-4979	14028
-6345	10056
-8516	4098
18529	126
5594	-15761
-11546	-7817
3131	-9803
10397	126
14183	-3845
6501	-7817
496	8070
15862	-17747
-4762	10056
21708	126
-15961	16014
3190	8070
3031	-9803
2018	6084
-3948	4098
-7507	8070
16429	-7817
15205	126
3428	-15761
2861	2112
-6137	12042
-17667	14028
-5821	-13775
15216	-17747
15089	-13775
11762	126
-7969	6084
-6204	8070
24193	-15761
8753	-15761
18153	2112
19483	2112
11671	4098
-13996	8070
-2681	8070
4355	126
1249	6084
-8050	12042
9354	-13775
-7743	8070
1063	4098
-3941	10056
9457	4098
28766	2112
3062	126
8995	6084
-5620	8070
3171	4098
18851	-1859
8752	126
1121	4098
9051	6084
8256	4098
-1496	6084
20927	-9803
3366	2112
-3482	6084
4188	4098
4549	-13775
-4001	14028
-6697	-5831
-8526	10056
-8899	-1859
-6919	126
4155	6084
-5926	6084
-7410	8070
-3356	-3845
-3917	-13775
7708	4098
-11637	-5831
-3262	6084
339	4098
12873	4098
-7640	-11789
-9251	-11789
2979	-15761
-9517	8070
-8688	10056
-9421	8070
-2349	-3845
5478	126
1208	-13775
8510	-15761
-16914	12042
9986	6084
13568	-3845
-16078	14028
-502	8070
-11408	-11789
-18314	-7817
18618	126
-6508	8070
9692	-15761
4227	6084
1015	-9803
-29669	21972
16140	-17747
14130	-15761
15615	-15761
-126	6084
6551	-15761
2846	-11789
-11796	-11789
-7405	-7817
-4833	6084
-14038	-5831
3404	-15761
-3452	8070
-7636	-9803
-6877	8070
-5921	8070
4083	8070
-1601	6084
18474	126
-6939	-5831
-4642	-7817
-15294	8070
-3323	6084
4492	6084
3992	-15761
-8270	126
544	-13775
-1829	-9803
-3885	10056
-7754	-11789
3683	-3845
1983	-7817
-8234	12042
22540	4098
10833	126
-1183	4098
-9042	-11789
-5645	10056
17415	2112
2823	-13775
20643	2112
2319	4098
-6382	8070
13693	126
-821	18000
5280	-13775
1278	6084
11334	-15761
2961	-15761
-3717	-11789
5370	-15761
-16670	-3845
-16745	-9803
-8766	14028
5550	4098
747	4098
5600	4098
3008	126
-16688	18000
15226	126
14614	4098
3604	8070
-5741	8070
-5609	-9803
-3507	6084
-8889	-7817
-2107	6084
10908	6084
14479	-17747
2813	6084
-3375	-9803
8222	4098
-19069	19986
7856	2112
1080	-13775
3296	-13775
-9282	10056
6625	-13775
3251	2112
9068	18000
3356	8070
-831	-7817
7059	-5831
1699	6084
8727	-5831
17063	-11789
-3745	6084
-4804	8070
-1368	8070
18060	-17747
-132	-11789
4189	-11789
-6782	10056
1894	-3845
-15	6084
5502	4098
-10622	-11789
20249	4098
10761	-13775
-10738	16014
12777	126
-3675	12042
12808	-15761
4665	-15761
7764	-3845
9284	-13775
-10312	8070
-14005	12042
278	-3845
-940	8070
-1576	6084
-10422	2112
-8107	-11789
-4700	-11789
6991	6084
9537	6084
-10820	-11789
-9459	10056
-1593	4098
-6669	-3845
-2707	-13775
-10820	8070
1192	-13775
6092	6084
-4805	10056
8114	-15761
4438	4098
7954	2112
-7274	8070
3117	-13775
496	4098
-7845	8070
-5666	8070
-6110	16014
3615	-13775
6528	6084
12817	-15761
-2562	-11789
-13658	14028
-1153	6084
2905	-13775
5326	2112
13031	-15761
-229	6084
-1048	-13775
-3770	4098
-10864	8070
15933	6084
2424	-5831
-2017	-13775
-13681	16014
-1430	-13775
-3365	-13775
7651	-3845
1600	-13775
-1835	-13775
-576	-7817
-8462	8070
24105	4098
-313	6084
-19312	21972
-11008	12042
-10876	-9803
-9312	8070
30348	2112
7530	4098
-7536	12042
5820	8070
-2030	6084
21178	-1859
9742	-5831
17891	126
-9885	14028
-1888	6084
-16404	14028
4493	-15761
-10267	14028
11839	4098
-6186	-5831
-214	4098
-165	6084
5037	4098
14325	126
19454	2112
7339	-15761
3132	6084
16345	-11789
-19882	14028
-2848	-13775
-7059	-11789
-961	6084
5402	2112
6250	-11789
2209	8070
11405	6084
-5946	6084
-8072	10056
328	-11789
9242	126
7158	-15761
5993	4098
37086	-19733
25334	-1859
5183	-3845
-4147	14028
-1623	6084
11598	2112
-583	8070
-2208	8070
-8564	-11789
-582	-13775
-5047	-13775
-17680	21972
-1075	4098
8606	-15761
-5628	126
762	-13775
-11943	12042
-32763	29915
-9631	10056
-13210	10056
-13612	-9803
17926	-1859
-22221	-5831
1395	6084
-13183	12042
-212	-13775
6509	6084
-2736	126
-5104	-13775
-3243	-11789
5590	-15761
6671	2112
-517	-13775
3331	4098
-3238	8070
14172	-15761
-12681	10056
8133	12042
6620	10056
5416	4098
578	-13775
9975	-15761
-7857	8070
-5397	-9803
14741	-5831
6339	-15761
-16675	-9803
-12040	12042
-771	4098
-9778	12042
6116	10056
-5724	8070
-2741	6084
2614	4098
622	-9803
10125	126
-2825	10056
-5849	10056
-12961	126
9528	4098
633	-5831
14469	126
5989	-11789
11797	4098
-3631	8070
12665	126
-16815	12042
-6869	6084
-5523	6084
-3431	8070
3203	-3845
-9435	18000
-4392	6084
-11751	12042
-1647	-7817
-13022	16014
3185	6084
3541	4098
7443	126
9531	2112
8492	2112
-7764	12042
5154	2112
10326	126
-3764	-13775
-7332	10056
8906	2112
2012	-7817
-8797	12042
-7530	-11789
5976	-3845
-11402	2112
7965	4098
8599	-15761
12149	126
-10334	12042
-2135	2112
4362	-7817
-7868	10056
2837	-15761
18766	-11789
5128	-11789
6154	-15761
-341	126
1960	4098
6587	4098
-8375	12042
-2866	-13775
8729	2112
15128	2112
105	4098
-24864	-1859
12191	6084
-88	6084
-8316	-11789
-5431	-13775
13011	2112
-7813	8070
7164	-15761
-1062	8070
-7463	-7817
5228	2112
8280	-7817
1716	-13775
12577	12042
21644	-5831
-4898	6084
14696	-17747
-6540	8070
-901	-7817
14057	4098
3623	4098
15086	126
7090	-15761
12164	-1859
778	-11789
-7644	6084
-4824	8070
-9550	12042
-10605	126
-12517	8070
-9666	-11789
344	8070
6612	-15761
6652	-15761
3472	8070
1722	-11789
-9517	10056
-1744	-11789
-10668	-11789
-16875	10056
-3112	8070
-7788	-11789
3926	6084
-6727	-9803
20	-7817
-8719	10056
-5883	-11789
-3534	-13775
-7056	6084
-3957	6084
2827	-7817
10877	126
-8626	8070
-12016	10056
2376	4098
-6328	-7817
12793	-1859
12690	-1859
-19155	-7817
-10979	8070
-1952	8070
15968	-17747
-2419	16014
-13433	10056
2783	-15761
-5015	6084
2468	8070
-6593	-11789
-5437	-9803
10965	10056
14546	126
-9601	2112
798	8070
-3440	-5831
-16895	16014
-5407	-7817
20676	-17747
2578	-13775
2182	8070
-7203	10056
26984	-19733
392	4098
-2129	6084
-559	8070
-12270	12042
1053	4098
-14835	-7817
-513	6084
5185	6084
-988	6084
19451	-17747
-10576	8070
-6873	126
-6968	-7817
-18003	16014
11715	4098
22437	-15761
5058	6084
-1733	6084
-4265	8070
-616	126
3389	6084
-9476	12042
-1153	6084
-19345	14028
2487	-11789
-4308	-11789
-2858	-5831
2331	4098
7749	-15761
7732	6084
-1177	-13775
1316	10056
-13340	27929
-20318	14028
2876	-7817
2028	10056
1611	2112
8803	6084
9009	126
-1486	6084
-16821	-9803
7595	-15761
-8720	8070
-13452	10056
-1126	-11789
16042	-17747
-9980	10056
-12243	-9803
-13936	12042
-11397	12042
3204	-13775
-330	8070
-2382	-13775
-4721	6084
-10924	-11789
-25661	18000
-6967	2112
-5595	-11789
12270	2112
11292	2112
-3266	-13775
19193	-17747
-481	6084
-7572	-11789
-7796	-11789
-16403	16014
25651	-17747
4679	6084
-2515	-13775
-173	6084
-2344	-11789
14446	8070
3900	4098
6531	6084
166	8070
-1165	-9803
-1784	8070
-3461	6084
13683	4098
7521	2112
-6309	8070
8509	-13775
-5497	8070
1446	8070
1870	-11789
-9624	12042
17901	-15761
-2914	6084
6776	-15761
-20270	8070
9361	2112
9730	2112
-5722	-11789
7360	6084
-4533	8070
1130	-11789
-8564	-9803
-2426	-13775
-12972	14028
-10007	-11789
3471	-15761
-109	-13775
4695	4098
-8281	12042
1663	-5831
-3502	10056
10631	6084
17406	-17747
-3159	8070
5028	-1859
4424	4098
1704	-13775
999	8070
1832	4098
11156	-15761
88881	-15761
11939	-15761
-6336	8070
9118	-15761
7901	2112
4735	-15761
7312	-1859
-3425	10056
-85	10056
6644	2112
287	6084
21902	2112
-5551	8070
-11145	-7817
-2302	-9803
11621	126
9528	-11789
7039	-7817
5147	6084
-8611	-11789
-4805	2112
1213	6084
5016	-13775
-2359	8070
-17204	14028
17241	-15761
12594	2112
3170	-11789
-13613	-9803
-17510	16014
15007	-13775
2731	-15761
2590	2112
12893	126
6884	2112
-3090	10056
12336	-7817
-8178	-7817
-3704	6084
1271	-3845
-13056	-9803
4525	4098
-12167	-3845
6285	4098
-9798	12042
-14980	16014
-5679	6084
3331	12042
-643	8070
4120	-15761
1176	4098
-10720	-11789
34637	-5831
-952	2112
-15339	-9803
-19470	12042
9498	-5831
-21483	16014
-7557	10056
4395	6084
11094	2112
968	-13775
6603	-15761
-7136	2112
-14834	-3845
6709	-15761
29756	4098
-9018	10056
-7488	-11789
-3070	6084
983	-13775
8980	-11789
1428	-5831
7760	4098
-7823	-11789
-2581	8070
22918	-1859
9379	-11789
-7903	8070
-2165	4098
-16248	16014
-3027	8070
8911	-15761
15888	2112
-16445	12042
8498	-1859
-4549	-5831
-355	4098
14040	126
4200	10056
-5581	-5831
-4393	6084
-4180	8070
10707	4098
8777	2112
-7351	8070
-1415	6084
4296	-15761
586	6084
-15034	16014
-3814	10056
-13405	16014
-5673	12042
-10943	8070
-817	6084
-16482	14028
6569	-15761
-7969	12042
2928	-11789
7820	6084
-4581	12042
264	4098
-16247	12042
13221	2112
2696	-15761
5406	-5831
-18628	-1859
-1636	-13775
-1958	8070
-2627	6084
8713	2112
-6893	12042
-6977	8070
244	12042
9275	-15761
-9501	-11789
-8004	-5831
-10973	-5831
-17690	-7817
-10359	-11789
-8038	10056
-3102	6084
7513	2112
6827	4098
328	-13775
-6273	-11789
-27102	21972
278	-13775
-461	8070
7411	4098
778	10056
-12037	12042
-219	6084
-3731	6084
9582	-15761
-993	6084
15804	6084
-10477	-9803
-13422	8070
-6197	6084
-9996	12042
10055	2112
10117	-15761
7636	-15761
5939	8070
-10916	-7817
-13016	-5831
11601	-15761
1497	4098
18560	-17747
-2818	-11789
11960	8070
-6433	8070
-13767	-9803
-11927	10056
-794	6084
-3376	10056
-6294	10056
21496	-11789
4280	-13775
2570	-11789
763	10056
-10685	-11789
3594	-9803
14241	12042
-3554	-7817
-2665	10056
6090	4098
-5312	16014
10816	6084
-4796	8070
4723	-15761
-9552	12042
-32613	126
6935	4098
26047	126
-3774	8070
-20894	14028
-7304	-11789
-9030	4098
-11171	10056
520	4098
-9661	19986
2158	2112
10076	126
-14944	-5831
1452	-11789
-1706	12042
-4713	8070
-972	-13775
5745	10056
-24760	-5831
16835	6084
11108	4098
1448	4098
-6117	-11789
2658	6084
4853	2112
2499	-13775
1487	4098
-11790	-9803
497	-9803
-14465	10056
-13795	12042
18858	-17747
-12399	126
-3966	-13775
3700	-15761
18897	-17747
10562	-15761
-11543	12042
3140	-15761
29930	-5831
-629	6084
-579	4098
-8277	14028
-6500	12042
1834	4098
-6644	14028
-16773	14028
-765	-13775
16123	126
18770	-15761
-7322	12042
9412	126
1998	14028
291	6084
-1321	6084
-12158	-9803
7063	6084
-3784	126
-5020	10056
-7552	-11789
-3762	6084
2581	6084
-1971	-9803
-4151	-13775
7861	-15761
7728	-15761
5874	8070
-14605	10056
29732	126
13548	-1859
-6864	10056
11095	6084
-5477	8070
1625	-11789
-6479	16014
-630	8070
-10700	-11789
-18905	-7817
5405	-11789
11866	-9803
1323	-13775
14609	-15761
-6820	8070
-84	6084
1557	-13775
4599	-11789
-24824	16014
-5596	6084
-5889	-3845
-7247	-11789
8987	2112
-10907	-11789
-22246	-1859
-16212	16014
-9919	2112
-13737	126
3292	-15761
5900	-9803
5098	126
-8585	-11789
14718	2112
-19838	8070
-892	8070
1741	12042
-2944	6084
4254	4098
-374	-9803
280	-13775
-3674	8070
10161	2112
-9615	16014
-5721	8070
2772	2112
-3776	-13775
6834	-15761
-6357	10056
-3185	10056
-5143	4098
3406	4098
-1999	6084
1205	8070
-8025	-11789
-8699	10056
3537	126
-11677	-11789
4042	-7817
-6032	10056
1797	-13775
32	126
11165	2112
13764	-17747
-1909	-7817
-24622	4098
-12898	14028
-1543	8070
7209	-15761
-6622	-11789
-2520	-11789
23451	-3845
-498	-13775
6171	-11789
-2502	-11789
7515	8070
-2772	6084
-4735	10056
-1834	-13775
8118	2112
16865	-11789
-9972	-11789
-8572	8070
-10930	-7817
-3817	12042
-5290	8070
5977	-9803
-4972	-3845
8377	-11789
-5537	6084
5285	4098
2174	4098
-934	-7817
-2035	4098
126	8070
-555	8070
-2752	6084
-3621	-13775
-5475	-5831
-20838	12042
-5151	-11789
5551	4098
-10236	-11789
-17226	12042
4466	2112
-10125	-7817
-7614	-11789
3965	-3845
-1743	-9803
5929	4098
13790	-9803
-5265	10056
-2153	-11789
-568	4098
12636	6084
-4672	-9803
5040	-15761
-3099	4098
10832	4098
1716	-13775
1040	2112
8572	-13775
-4538	126
19236	4098
-10023	12042
-5924	29915
12509	2112
7743	6084
1815	2112
5787	-13775
-9148	-11789
-6888	6084
6972	4098
-6312	126
3356	-15761
-3295	-1859
1289	126
2042	-13775
-4445	6084
-10995	12042
-13154	-9803
-16114	10056
4141	-1859
-16613	-9803
-15987	12042
-4728	4098
-9852	-11789
-7111	8070
1736	-3845
-296	-11789
-5808	6084
-19903	16014
1724	2112
1292	8070
3165	-11789
-696	4098
-2398	-9803
-2846	8070
6635	8070
831	-13775
-3129	6084
-4041	10056
-3758	6084
3563	4098
1895	-15761
-3515	-13775
-7552	-11789
-14177	-9803
-8332	12042
-7717	-11789
4482	-15761
-11254	6084
-9193	10056
-3363	-13775
7263	-15761
2412	6084
-3969	-11789
5801	8070
-13777	10056
18066	-1859
1192	-1859
4588	2112
135	-13775
13542	-5831
5538	6084
-4432	-11789
-21176	18000
11287	-11789
-94	6084
-5160	-3845
-3082	8070
3578	6084
15995	126
-10725	14028
1105	-13775
10445	-15761
5060	6084
682	-13775
-7974	8070
-4267	8070
-6274	-11789
2936	2112
-7814	12042
-1043	6084
-5123	-13775
-4157	8070
-2170	-3845
-16788	-7817
5285	4098
7595	8070
27185	-3845
11292	2112
-179	4098
365	6084
5206	126
-4924	4098
6967	-13775
-7685	-11789
510	-11789
3012	-13775
2197	2112
-3830	6084
27573	126
10024	2112
-540	4098
7611	6084
-796	6084
6600	2112
2489	-15761
931	4098
-726	10056
42	6084
13823	-1859
-3356	6084
-1704	6084
2108	4098
-5669	12042
-1267	-13775
7867	126
4654	-15761
-2761	10056
451	6084
-3581	-13775
-556	10056
19462	126
-10291	10056
-10433	12042
-8060	27929
-2583	8070
1675	-9803
4706	14028
-13478	10056
11509	6084
-4573	-13775
-5406	-13775
-6345	2112
13122	-13775
-606	8070
2530	10056
2550	6084
6746	4098
6824	6084
-2286	6084
-13374	12042
2773	-15761
-3176	6084
-2691	8070
4678	4098
-11742	-11789
11773	126
-1939	10056
-5022	-13775
-10427	-11789
759	6084
-8709	-5831
-6675	8070
19569	2112
-1667	6084
-3197	12042
-12613	10056
-5174	12042
1569	6084
7710	-15761
10335	6084
3054	-15761
-5216	6084
2993	4098
-10523	-11789
-14218	12042
-5375	-13775
2591	4098
-5890	-9803
-5556	8070
-25149	-3845
4271	-15761
5323	-7817
2310	6084
-7214	10056
19468	-17747
-8438	6084
-5221	8070
-2399	-13775
-8541	-1859
-6388	-11789
-1209	-5831
843	8070
11042	2112
1919	2112
2062	6084
18683	-11789
-18639	19986
-1357	8070
163	6084
17839	126
1409	-5831
-4066	-13775
-8912	-9803
-223	4098
3587	-15761
-12406	-5831
11782	8070
-23241	16014
-1615	8070
-11218	12042
15770	126
20360	126
-11095	-11789
9592	-15761
2412	10056
-5480	2112
-3690	-9803
-6923	8070
-5437	-9803
-3705	4098
12907	2112
-289	8070
-1493	8070
-4365	14028
-3768	12042
-7007	8070
902	6084
-9027	10056
16650	126
-8819	-1859
-425	-13775
1703	6084
-12202	-7817
10594	6084
-4670	6084
-24122	21972
10614	2112
1785	-13775
-7382	8070
1360	-13775
-3564	6084
-5115	10056
18593	126
2228	8070
9253	-13775
-8620	12042
-1871	-9803
6406	-15761
4184	4098
9185	-15761
-2873	-7817
-10693	14028
8528	-15761
-3123	6084
3061	-15761
971	6084
-5612	10056
-10053	10056
1109	-13775
-16649	-3845
6926	-11789
6764	126
-19497	16014
4881	6084
-2409	10056
18831	-15761
11186	4098
9478	126
-3472	-13775
13408	2112
3493	-9803
5842	-15761
9286	-15761
14475	-9803
10534	-15761
-1413	-13775
12220	126
-20208	16014
14574	-17747
-8205	14028
539	4098
-15944	10056
314	-13775
-442	-13775
-74	-5831
-9519	12042
-8106	10056
-4888	8070
8874	-3845
-4035	8070
-8547	8070
-7558	8070
13227	-17747
-14755	126
-7481	-7817
-5732	10056
-6400	10056
10074	2112
1341	8070
3811	10056
-7143	10056
8610	126
11593	126
-21039	18000
4257	6084
-13754	12042
4407	4098
11570	2112
-13511	16014
-15107	14028
2302	4098
1017	-13775
1085	4098
-8594	2112
1012	-13775
-5049	-13775
8459	-15761
3108	4098
12578	2112
-3791	6084
3347	8070
17613	126
-4355	-5831
6098	4098
-11601	-11789
46956	-3845
7093	2112
-5901	-7817
6388	-15761
-257	8070
8928	-15761
11170	-15761
-776	8070
-9955	8070
-2587	6084
907	6084
1784	4098
3110	4098
11973	12042
29309	-3845
-7472	-9803
-1175	126
-5686	-11789
-800	-13775
15272	126
11266	-13775
-14807	16014
17341	4098
-2190	6084
-4811	4098
-8548	8070
5724	4098
-4213	4098
3289	8070
-13777	-9803
-7453	10056
-8770	-11789
-9863	8070
-2995	6084
-3488	-13775
2807	-15761
-6898	10056
-718	4098
9793	-15761
1606	-1859
1647	6084
-15951	14028
3749	2112
-22806	16014
15959	-17747
3673	6084
591	6084
-7341	-7817
-95	8070
1274	4098
-21851	14028
-2617	10056
-4821	8070
-10085	-11789
-5188	10056
-3069	8070
-1295	8070
-12329	10056
-10158	-11789
-2768	8070
-2025	2112
-16865	10056
-4244	-7817
2329	8070
-12377	10056
10091	-9803
-11650	8070
10358	-11789
13719	-13775
5170	6084
1511	14028
5858	4098
16284	-7817
4844	4098
11561	2112
1558	6084
-9303	-11789
10206	-15761
17777	2112
-8934	8070
190	-13775
10547	8070
11207	-15761
-24533	16014
-7117	8070
59	-9803
6906	-13775
-5295	-13775
10840	-15761
1776	-13775
897	2112
-1182	-11789
2773	-9803
7117	12042
-394	-13775
1361	6084
1613	8070
-12215	2112
4838	-3845
-10294	-7817
-3498	-9803
13769	-17747
1164	2112
5729	-13775
10397	-5831
1667	-9803
5265	-13775
3971	-5831
4986	6084
-8467	10056
604	6084
-28034	14028
2659	-11789
-10717	8070
1330	-11789
10921	8070
4334	6084
-12145	-11789
-9050	10056
6809	2112
-3313	-9803
-6926	10056
-6709	-11789
-16090	10056
-22685	18000
-4505	8070
16470	-15761
8656	2112
4533	-5831
-5865	-5831
997	-3845
-250	-13775
-2182	4098
8216	-15761
11020	-1859
4288	2112
-5076	-11789
425	6084
-5293	4098
-4644	126
9772	6084
931	8070
2606	2112
9647	4098
-6536	-9803
-22347	16014
-1806	8070
429	6084
-7862	-11789
-3558	2112
2808	-15761
2637	-13775
14546	4098
-2130	-13775
12160	-15761
22052	126
9201	-13775
-5120	12042
3269	-11789
-1580	8070
-5322	-11789
-6167	12042
-13611	10056
852	-13775
-18101	-7817
-15153	-3845
10782	4098
-8235	6084
-1248	126
-3633	-13775
12205	2112
2776	2112
5757	6084
14036	10056
8831	6084
-3484	4098
11461	126
-4182	2112
-7812	10056
2399	-9803
-8407	-7817
13514	-17747
40096	-19733
3109	6084
-4615	-13775
-25942	23957
-2915	6084
6194	2112
-1619	6084
-23881	6084
16248	-1859
5949	-1859
5694	4098
-2575	10056
-4143	-1859
-8917	10056
-2311	-13775
-15510	12042
-14616	-5831
3814	8070
8579	-15761
15139	-17747
-5550	10056
10658	6084
7161	-15761
-6435	-11789
-3512	4098
-6155	-3845
8073	4098
14381	4098
15196	-11789
-2370	6084
-1707	-13775
-2851	6084
223	8070
11332	4098
4713	2112
25	4098
-3459	4098
5766	2112
-1967	-11789
-4451	6084
9863	-1859
-213	27929
-5615	126
2856	-15761
-10633	2112
-13026	12042
8156	4098
-4346	4098
-8738	8070
583	6084
-8502	-11789
14042	-17747
-954	-13775
-5693	126
2430	-9803
9802	126
-4351	8070
6788	-15761
10667	2112
297	6084
-2618	6084
1015	-5831
5475	-11789
8965	-15761
-11537	10056
-9184	12042
2994	4098
12947	126
-12348	10056
10484	-15761
289	-5831
8459	4098
-11666	14028
-1374	-13775
9859	-15761
9759	4098
-5398	12042
17816	-1859
29857	-1859
-10621	8070
-8795	2112
4876	6084
-19134	16014
5023	-15761
8097	2112
-2809	10056
8552	2112
5744	8070
5072	-15761
3176	4098
7477	-15761
-16154	-9803
-530	-11789
6908	-13775
-10438	-9803
3994	6084
-8226	8070
-12437	-7817
-2299	-13775
13248	126
-8826	-11789
22129	-17747
5615	-15761
-2156	-13775
-9660	8070
12214	-15761
-7984	12042
7771	6084
172	-5831
17518	2112
6984	6084
20016	126
-4185	8070
-4240	8070
16825	6084
27233	126
-13976	-7817
2140	8070
-2589	-5831
-378	6084
-6561	-7817
2173	-9803
2796	4098
2535	12042
-6028	-13775
-1935	6084
19251	-13775
-11224	10056
-6980	8070
-11874	-7817
12680	126
-2137	-9803
-8213	8070
-28329	4098
12562	126
14845	-5831
12166	126
20642	126
-5441	12042
-2681	-13775
2928	-13775
1570	8070
-10173	14028
5150	2112
-15012	10056
12872	126
4493	6084
4196	10056
6539	4098
16049	-5831
6977	-15761
7782	126
-3122	6084
-365	-11789
-2268	6084
934	10056
-2826	6084
-6039	6084
-23843	2112
-2546	6084
-21068	16014
6995	4098
48388	-3845
1135	4098
-14687	10056
-6023	8070
-9736	14028
3697	6084
17733	-1859
-10732	-9803
18599	-1859
-1877	6084
18321	-1859
-11879	8070
-6653	-11789
-1373	8070
-11213	14028
6758	6084
-3755	-13775
7524	6084
6036	-13775
1145	-7817
-10573	-7817
-3467	8070
1644	-11789
-9588	-5831
7026	2112
-4257	8070
-5312	-13775
11898	-15761
3413	-15761
-797	8070
-14706	-5831
-11135	14028
3531	-15761
6904	4098
849	6084
-10773	-7817
-10661	12042
2286	-13775
-5062	8070
6759	4098
-1505	19986
220	6084
2402	6084
897	8070
-2155	-13775
-5234	10056
14908	6084
-376	10056
-12630	14028
-7715	10056
-1486	-13775
3618	2112
16731	-1859
18640	2112
10256	4098
-11807	-9803
17823	126
-366	-13775
-664	12042
-988	-13775
1093	-5831
-13204	12042
-2435	-9803
-22866	-5831
4991	41831
366	-7817
-514	-13775
-5353	10056
-4132	8070
-1641	10056
19482	126
1740	4098
2933	2112
-5282	4098
4174	10056
-1028	6084
3686	4098
613	-13775
12996	-7817
3086	-13775
-4022	126
7760	-15761
2480	4098
4041	4098
-16891	10056
7211	-7817
1543	-13775
890	2112
7321	4098
-1710	8070
-2345	12042
-6093	6084
-2441	-11789
-4755	-11789
-7325	8070
6913	-11789
8919	2112
16754	-17747
-1126	6084
-4971	-7817
-8630	19986
1510	-1859
2893	-5831
-14205	10056
-1215	6084
9975	-15761
272	-13775
6096	4098
4915	-5831
4010	-9803
-10293	14028
-9224	-1859
1221	4098
-13910	-9803
-8385	-3845
-8504	-11789
15660	126
22581	-1859
-5231	-13775
12458	-17747
480	2112
-15084	10056
-18668	-7817
4811	2112
22026	2112
-1313	10056
-3055	-13775
-18203	16014
-13464	-9803
-2170	6084
-10001	10056
5597	4098
6624	-15761
17624	8070
-6016	6084
-3237	-7817
5378	-15761
26131	2112
-568	-13775
5565	126
10886	126
3376	-13775
1433	8070
12848	4098
4561	-7817
-5036	-13775
3406	8070
-3230	8070
9453	4098
4109	-11789
529	-13775
10101	2112
-8552	8070
27587	-3845
7946	-15761
11428	-1859
-232	-13775
-2655	6084
-3703	-7817
20153	6084
-7189	-11789
1676	4098
-5231	-3845
17626	126
-4761	-13775
3732	16014
28120	-11789
-4	8070
9996	-15761
6128	2112
4137	4098
-3313	-13775
-5042	12042
7211	4098
6293	2112
2133	-1859
-5613	6084
-7456	-1859
1039	6084
3032	-13775
-5716	126
-6624	4098
-1737	6084
875	6084
-8404	8070
-2021	-13775
2502	4098
-4007	6084
542	6084
9671	-15761
1671	6084
10763	-15761
-7215	4098
-15961	14028
-7831	-7817
-1707	2112
-5857	8070
-11327	10056
3716	4098
7533	2112
2263	8070
-21560	18000
-4891	6084
6797	-15761
-21070	16014
-4565	-13775
-5810	6084
-3918	14028
-3164	10056
16590	-17747
-10667	12042
2637	-13775
-7307	8070
-231	4098
-3510	8070
-6387	-11789
1071	-13775
22726	-17747
-908	-11789
-1198	-11789
-18809	16014
648	10056
-945	6084
7185	6084
1337	2112
-11975	-11789
-5106	10056
3447	-15761
8500	-1859
6045	-15761
1726	2112
851	-11789
-4868	4098
20645	-17747
-12476	14028
-9363	8070
-15095	-7817
69	-13775
-3327	6084
1172	4098
-1370	-11789
23274	-13775
-12628	12042
-1546	6084
7260	-13775
5666	6084
9965	-15761
10059	2112
5158	6084
-14422	-9803
-23374	14028
-6046	-13775
20856	6084
6731	-1859
-4684	-7817
4308	-15761
5999	-15761
12389	-15761
-483	6084
2556	-5831
3286	8070
-2292	10056
-22796	21972
-12416	10056
-11304	16014
-13809	14028
-1139	6084
-2293	6084
-2301	-13775
-4458	-11789
9151	-5831
-9075	12042
6294	6084
-12732	6084
6213	2112
27165	-3845
-707	-13775
-7537	16014
11474	-11789
21141	4098
10239	-15761
-4360	10056
1054	2112
-3322	-11789
-12850	-9803
5759	-13775
-366	10056
11409	2112
6054	4098
-1324	2112
-7610	10056
9447	2112
-3587	8070
13845	-11789
24944	-11789
11680	-15761
-6008	6084
6581	4098
-2693	4098
3711	126
-16263	19986
-537	-13775
2902	-9803
-1725	2112
755	-5831
10413	-9803
-699	-13775
3385	-15761
-21857	21972
12617	2112
4137	-15761
-6128	8070
-9494	8070
-1545	-13775
-6688	18000
-21264	14028
12684	21972
9151	2112
605	4098
6864	-7817
-18073	18000
284	-1859
-861	6084
-11962	12042
-15969	14028
-6777	12042
-8581	4098
-6708	6084
3944	-15761
-10690	-11789
2110	-11789
-5700	12042
2608	4098
16881	-13775
17358	-17747
8263	-1859
-15716	14028
1187	4098
-6059	10056
1958	2112
-4430	8070
-23771	-5831
5040	2112
4956	6084
9579	-7817
-9702	12042
13785	-13775
-7300	-11789
39	8070
15725	-15761
-26273	19986
-5468	-11789
11081	-15761
10352	126
-2808	6084
-9338	-7817
-9795	8070
5624	-5831
-7214	8070
3649	8070
9268	126
1081	-3845
1480	12042
20864	-17747
-12661	8070
-6681	10056
328	12042
6314	-15761
-2004	4098
7308	-7817
3605	-5831
-1702	-11789
3807	-5831
8646	4098
-5087	6084
-10472	-11789
-6042	4098
-11385	12042
-6275	6084
-1953	10056
6682	4098
-7414	6084
-1892	-5831
-13939	10056
-5252	6084
4463	-3845
2254	4098
-8106	4098
4704	-11789
-7596	-7817
10112	-15761
-12166	12042
-8702	10056
-11940	10056
-6732	-11789
8328	8070
-7717	10056
-17510	12042
5230	-15761
-10729	12042
-39827	45803
-8608	-7817
-14079	-9803
15919	126
-1480	10056
-16277	126
1185	4098
27902	126
13071	-7817
485	6084
-7084	10056
10836	-7817
16768	4098
-4230	10056
-10023	4098
-11532	14028
17489	-13775
3081	8070
-7830	12042
7875	2112
-1666	6084
7442	126
7371	-13775
-729	6084
-8033	-11789
-20163	12042
13890	4098
-12199	8070
-4889	-13775
-11554	10056
16209	2112
4653	6084
-5	-13775
21561	-17747
15543	2112
-11154	14028
25369	-1859
22469	126
-3585	4098
-7502	2112
-10796	-1859
1963	126
-15891	-9803
11318	-13775
-1013	8070
20823	2112
1538	-11789
-4605	-5831
-17989	14028
1247	4098
7858	-13775
380	-13775
-9530	12042
-10377	-11789
-6283	4098
6650	4098
983	8070
-2531	6084
3377	4098
-7334	8070
-3909	-7817
5967	4098
13360	-15761
10636	4098
19127	126
-4569	8070
-8047	8070
4746	4098
6408	4098
5061	4098
-490	8070
-223	8070
-15545	12042
-7793	8070
-16771	126
1627	-11789
1272	-13775
3665	8070
-9105	8070
-12287	-5831
-6389	4098
8615	2112
-7206	8070
-7556	-3845
4657	-13775
157	-11789
-1107	-13775
3077	-15761
-7002	8070
-959	6084
-2142	-11789
-6821	6084
5063	4098
-22292	18000
-720	-13775
-8061	6084
1797	4098
15598	-15761
-4330	-7817
-7490	12042
-12752	-9803
-12454	10056
-5322	10056
8476	-1859
-21756	18000
-1087	6084
15942	-1859
-4296	12042
-7617	10056
2866	2112
6569	-15761
-11907	16014
19307	-1859
-7271	8070
8261	4098
6551	2112
-3039	8070
-18974	14028
-4417	8070
-10756	-11789
-2825	4098
-4348	12042
-14899	-3845
-5214	-13775
12586	4098
213	4098
-13058	12042
5888	-3845
12827	2112
-723	-13775
-16971	18000
6581	6084
-6247	8070
-2012	8070
-1005	-13775
-1736	8070
434	4098
-10182	-9803
6909	-15761
-733	-3845
-15716	14028
-5448	-5831
6346	4098
-7635	-1859
-4268	6084
3907	-15761
474	4098
11268	2112
-13751	14028
8860	-15761
-1206	14028
-4697	6084
6845	6084
-12583	6084
6093	-1859
-13163	10056
10650	6084
5405	6084
-14970	14028
11630	126
-14633	-9803
1554	8070
21205	-1859
-10731	14028
-12840	14028
-7308	6084
8132	2112
266	6084
3767	4098
4909	16014
6673	8070
-18275	16014
-17287	14028
-582	-13775
-1986	8070
-6883	-11789
-5340	-13775
-20974	-5831
9629	6084
9355	8070
-727	8070
14810	-15761
2472	-15761
9117	-7817
-2154	12042
791	4098
1112	6084
-1467	4098
5934	6084
-14872	12042
13324	-15761
-102	6084
2826	6084
422	8070
3258	6084
2500	-15761
16184	2112
7385	-3845
-4259	8070
8560	2112
-4713	8070
-430	6084
5424	10056
4129	-13775
-16048	12042
2393	-13775
-7610	-11789
-9878	10056
22577	-17747
-7660	16014
5483	126
1147	-13775
-7239	-7817
212	-9803
-4088	-13775
-427	-13775
11263	4098
-21726	14028
-4634	6084
804	8070
3543	-15761
-12302	14028
7475	-15761
-4360	8070
6653	14028
10201	2112
-596	-3845
14956	6084
-459	6084
-6487	10056
1430	-13775
5936	2112
13671	-1859
-21431	-1859
-2867	6084
-6150	10056
-13206	-9803
7762	4098
10301	2112
-7698	23957
6261	8070
-18379	14028
5854	-15761
5745	6084
-7623	10056
-642	8070
894	-11789
510	10056
-3999	8070
8580	4098
12588	-17747
-9641	10056
-1812	6084
11978	-11789
14911	4098
-4269	-13775
-3405	10056
-6950	126
7480	6084
-8395	12042
3367	-13775
-5681	-13775
9977	-3845
-6700	-11789
1150	4098
-7024	-3845
-14100	-9803
-803	4098
5007	-3845
2230	-11789
5977	-7817
29111	-3845
-9737	6084
-3848	-13775
-5914	6084
28880	-1859
14512	126
6784	4098
9057	4098
-7895	-5831
-853	-11789
5635	2112
9238	8070
29367	-1859
-5472	-13775
-3938	-13775
409	6084
13329	-1859
-15238	-9803
-14222	10056
691	4098
-8326	10056
15826	2112
705	6084
11348	-15761
12241	-5831
1929	10056
-3453	10056
-15099	16014
1037	4098
10966	-9803
6381	2112
-63	6084
710	8070
-4261	8070
18423	-17747
-4375	8070
4172	8070
17305	4098
-7948	-11789
573	8070
3324	2112
-6549	10056
10857	4098
-8931	-11789
-18083	19986
-6408	8070
9248	2112
2059	8070
-8853	12042
7551	-7817
1809	4098
18730	126
-1208	-13775
-7004	10056
-5481	8070
491	6084
-999	8070
839	4098
5552	4098
-5084	-5831
-8083	8070
-4553	8070
-1836	8070
1712	19986
6995	6084
16414	-17747
-3947	8070
-8567	-11789
3230	6084
-5941	-7817
3408	4098
-2423	4098
-9982	12042
4399	-15761
3504	4098
-1039	-13775
-18236	16014
-1861	-11789
-7975	-11789
5491	-15761
6097	-9803
5882	-5831
-6403	6084
-2147	8070
5499	-9803
-12457	12042
21050	126
-4459	10056
7585	6084
2062	8070
17134	4098
-2787	10056
-5067	-13775
-2547	6084
-7524	-1859
-21953	16014
-12301	12042
7027	-15761
1271	8070
-1987	-13775
5026	4098
9928	126
-11029	10056
-4616	4098
-1377	6084
2436	2112
3080	6084
-10931	8070
20491	-17747
22141	-3845
-17272	-3845
-16657	10056
-1671	6084
3166	-3845
2352	-13775
14571	-15761
8127	-1859
5777	-15761
-3566	4098
-1364	-13775
-1085	8070
19742	-17747
4195	10056
7550	-13775
-20005	-5831
7259	8070
-18125	-7817
7735	-15761
225	8070
12513	4098
-13950	-5831
-7895	12042
8203	-15761
24836	-11789
-4396	8070
9206	-5831
-11787	-11789
12899	-15761
2892	-15761
-1849	6084
15540	4098
-7848	10056
12053	126
26343	-1859
1296	126
-6961	-9803
1787	-13775
-9688	-3845
9662	-1859
14666	2112
-9109	10056
18567	2112
-16085	8070
19330	-7817
-5348	8070
45989	-19733
4317	-11789
18495	-1859
4473	2112
1037	10056
-20092	-7817
-2135	8070
11982	-15761
5991	2112
-11903	-7817
-3230	4098
-2168	6084
2418	6084
970	-11789
-7216	-7817
24227	-3845
6959	8070
1491	-13775
-16651	-9803
-6557	-3845
106	-9803
-11416	-3845
-2893	4098
8887	4098
-4926	-5831
-5356	-11789
-244	4098
-4474	2112
-18124	14028
20901	-1859
652	12042
-4638	6084
13688	126
-10255	-11789
-11300	-9803
5976	2112
-2270	-13775
3703	-13775
7571	4098
2675	6084
-17257	-7817
1396	8070
-7286	8070
-1925	4098
1859	-9803
-7	-1859
-5706	12042
-15723	12042
7087	126
9421	2112
-7870	-9803
6159	-15761
-11043	10056
5209	4098
3327	-13775
16674	2112
7064	-7817
-6323	-11789
15030	-13775
-4773	8070
11681	2112
-7208	6084
2116	4098
3067	4098
15240	2112
7542	6084
1623	6084
14611	6084
9821	-9803
-11390	10056
4128	2112
-9560	8070
12123	126
-11589	-11789
-1849	6084
10047	126
-2262	-11789
-8442	-5831
-21942	-1859
-1783	-13775
-12593	-7817
25568	-17747
10261	-13775
5696	2112
-4116	4098
-4988	-11789
-6243	12042
-2433	8070
-348	6084
-9586	8070
-10136	-11789
14766	2112
-5912	10056
-2280	-13775
20151	2112
-9737	-11789
4349	12042
-12426	8070
-2231	-13775
-7877	12042
6632	8070
14679	4098
10747	-15761
3354	-15761
13345	-17747
13503	-9803
4086	4098
-3390	6084
22737	126
15772	-17747
7325	4098
-18761	-7817
-7126	8070
-9277	12042
-7372	4098
-5764	-13775
6200	-13775
4649	10056
-3291	-7817
-6442	-7817
464	8070
-22733	23957
-19218	-3845
883	6084
728	-13775
3003	8070
-4681	4098
11888	2112
4830	6084
3290	4098
-8957	10056
-6669	10056
4484	4098
3232	6084
-445	6084
1833	4098
-5784	10056
-2555	-13775
1287	126
7787	2112
10065	-15761
30	6084
-6820	6084
5370	4098
7474	-15761
5963	-15761
6794	6084
4460	8070
84	8070
-4720	8070
4521	8070
-13742	12042
-2034	10056
10357	-1859
-1570	8070
-2178	6084
-14703	14028
8620	-15761
13931	-17747
6013	126
18074	-17747
-25478	21972
5270	2112
5739	6084
-21738	14028
-7702	-11789
-25882	19986
7370	2112
6878	4098
7824	-9803
2634	2112
-9183	-5831
222	-13775
-12696	10056
195	6084
3967	4098
19034	-1859
3359	4098
3255	-15761
4734	8070
-1339	6084
-6605	-11789
-2137	6084
-18407	-7817
-1440	10056
14745	6084
1909	8070
372	8070
-5531	12042
14685	-13775
-1312	6084
-1597	-11789
1955	6084
13234	12042
-3092	4098
-16778	8070
-9147	10056
5349	126
9885	4098
-215	8070
13620	2112
-7598	-7817
-8441	-7817
10986	-15761
-5167	8070
-4811	8070
-19869	16014
-2541	2112
13733	126
3388	-15761
-2605	14028
1681	6084
4847	6084
1543	6084
-8447	-9803
-7641	-9803
12500	2112
-4552	-5831
-13776	10056
657	-7817
2290	6084
6306	2112
2007	-13775
-1525	-13775
-20008	16014
931	8070
5034	4098
-2778	4098
26652	126
1040	4098
-5978	2112
14071	-15761
7288	2112
-6542	-11789
3147	4098
6700	-13775
8519	-15761
-5481	6084
-23327	19986
-8991	10056
2339	8070
-15915	-9803
4459	4098
-21099	-7817
9585	25943
-2936	-1859
-1581	6084
-12026	-9803
-3200	16014
-4584	10056
-3981	6084
6720	4098
11340	4098
-10558	12042
-18093	14028
3173	-7817
-7816	10056
3825	-15761
2227	-15761
-9323	12042
-1637	10056
4774	-15761
-3782	12042
-2171	-13775
-16732	12042
28967	-3845
-16368	2112
3369	-11789
15763	2112
-3897	2112
-6278	12042
-9299	8070
-1873	8070
12869	4098
-11176	12042
-1316	-13775
4417	6084
6520	126
-2922	-13775
-7920	-7817
12305	6084
572	126
-639	-13775
-3888	-3845
-360	-13775
-8279	-3845
12577	126
11777	4098
-4926	8070
3214	-15761
9642	126
4991	126
15269	-15761
15186	126
-1340	8070
-6477	-11789
-1431	10056
13286	-15761
-7317	-11789
-23499	18000
-2486	8070
-6922	-7817
8896	2112
-19272	14028
-30613	-1859
-4892	-13775
4198	-13775
1125	-13775
-11426	6084
-11493	8070
15362	-11789
1828	-5831
15675	-7817
-24955	10056
11437	2112
6607	2112
6	2112
163	10056
-3668	10056
6861	-15761
-1252	6084
-14600	12042
-5521	-11789
-4341	10056
-3583	-13775
-1303	-13775
-7968	8070
-5961	8070
-6019	8070
3880	2112
18614	-17747
-15217	-7817
-4970	6084
-8020	10056
4539	-13775
-5289	-13775
7023	4098
875	-13775
-3715	10056
2694	6084
-11891	10056
-17983	16014
-10924	18000
5505	4098
1017	-3845
-4225	14028
-23476	-3845
13555	126
-7872	14028
9026	2112
-147	8070
-12632	10056
-5990	-9803
20710	126
902	6084
8142	2112
-1100	8070
4900	4098
7579	-13775
14479	-17747
459	-13775
-127	6084
-3411	6084
-9411	10056
-6670	12042
-13559	8070
4985	-13775
6750	2112
19746	-1859
-6217	-11789
-10942	-11789
18527	-17747
-12229	-11789
-8886	-11789
4886	6084
13358	2112
5638	-15761
2316	-15761
-2503	-7817
-3653	-13775
-7812	10056
-3363	8070
16355	-11789
13472	-15761
21534	-1859
11035	-1859
-10386	2112
-7372	10056
16879	-1859
-1902	8070
-2856	-7817
11441	2112
-4029	10056
-4461	4098
7228	10056
-6539	6084
-5660	10056
42316	-1859
-7734	-7817
-2292	6084
820	-7817
-2884	2112
10295	126
-9009	-11789
-3282	12042
1283	4098
-1346	4098
-9849	-11789
20059	-1859
2136	8070
-16352	-9803
-1635	6084
-10689	-9803
240	-13775
-2386	19986
924	-13775
2100	-3845
-10945	-11789
-4969	6084
-1116	8070
-13642	14028
17398	126
-9552	8070
-6823	14028
4281	4098
-2330	-13775
4755	-11789
-2506	10056
-16209	-7817
3856	4098
-7641	6084
9510	-1859
-1015	2112
1688	-9803
-13819	-9803
-7242	8070
4164	10056
5383	4098
-543	10056
2437	4098
-5397	-5831
-9208	12042
-13016	8070
-440	4098
-7957	10056
-2471	10056
5233	4098
5963	126
-2245	18000
-13800	4098
-2251	6084
1013	-13775
10941	-1859
6922	2112
-15680	16014
4919	4098
-4374	10056
-7261	10056
-663	-7817
-20764	16014
13862	4098
18078	2112
-22606	6084
11502	6084
-14134	10056
10796	-11789
2548	-11789
4960	2112
10914	4098
11029	-15761
-5256	14028
6796	-15761
-8734	10056
-1452	-13775
4339	2112
10208	2112
-13581	6084
-1596	126
-4629	-9803
-2326	4098
1220	-13775
-4694	8070
12137	126
14155	126
-11786	126
7495	-15761
-8387	-11789
896	4098
-9747	-11789
1561	-13775
-2745	8070
5106	4098
-324	-13775
8424	-15761
-10438	-11789
-4652	14028
28747	-1859
17285	-5831
8862	6084
-13527	14028
16141	4098
7850	6084
-10665	-9803
21042	-1859
7703	6084
-16008	-3845
-7686	8070
-334	10056
9275	-9803
-16782	14028
-27143	-3845
15499	-17747
4833	2112
12422	4098
-9708	8070
-6296	8070
690	4098
1103	-13775
-3348	8070
-9041	-9803
2885	12042
-6359	-7817
-4542	6084
1012	27929
-19912	14028
-25768	12042
-2266	6084
-1557	-13775
12934	-15761
7067	-15761
-8498	10056
-2579	10056
1886	4098
6771	-1859
22335	4098
-13482	16014
22694	-3845
-10329	-11789
-3473	2112
10246	4098
-3192	8070
-7287	-9803
-13856	-9803
-13313	14028
7957	2112
7621	6084
5668	4098
-6040	10056
6025	-15761
1607	6084
-2348	4098
6070	6084
15183	-1859
83	-11789
-7336	2112
-5200	6084
-1202	-13775
-8068	-11789
-1613	6084
3408	-11789
2343	12042
-10763	10056
1177	-13775
5504	4098
-13272	12042
6796	4098
12124	-15761
-23503	16014
3231	4098
1516	2112
-1114	8070
18163	126
-769	-13775
-13401	10056
530	6084
-13282	10056
-1135	-9803
-525	-13775
-4978	8070
289	8070
11640	4098
8423	10056
-2277	-1859
15512	-17747
-1134	10056
1213	-7817
14509	-13775
-2767	-7817
-1746	6084
2479	4098
-2091	-11789
1149	8070
3714	8070
18929	-1859
5592	10056
4426	2112
-2181	8070
-22308	-1859
2098	4098
-886	10056
1558	-13775
-7383	-3845
19188	126
-3327	6084
-13406	12042
19699	-1859
2642	-9803
7129	2112
14551	-17747
-2717	6084
-4461	10056
3782	8070
952	6084
3834	-13775
2015	-13775
5740	-11789
6139	14028
-1243	8070
-497	4098
7643	2112
8544	4098
-12754	10056
-5766	-13775
-11245	-11789
-698	-13775
-4669	-11789
11331	6084
12304	-15761
-2305	-13775
9898	2112
-10619	10056
304	6084
-15999	19986
-3260	4098
-13547	16014
-185	-11789
-9494	8070
2005	-13775
-460	4098
-2219	-11789
-4807	-13775
-10695	10056
4988	-7817
11520	4098
-11672	14028
13620	-17747
6266	2112
18893	-3845
3389	126
-8984	-11789
-6974	10056
-10607	12042
6554	-15761
16173	2112
-6242	-11789
8639	-11789
-6078	8070
2190	-13775
-7109	-9803
7684	2112
2543	6084
-6441	10056
-12845	12042
-2291	10056
3730	-13775
12373	-17747
770	4098
3085	4098
7226	126
14425	4098
-4557	8070
-3001	-7817
11272	2112
-17894	14028
5467	8070
-1715	-13775
12928	4098
-9553	12042
-1480	6084
5478	8070
-6590	8070
19619	-17747
-2105	6084
4596	8070
1939	10056
-1648	6084
11454	8070
-15146	12042
-7278	12042
22189	-3845
-5222	-13775
2235	-13775
956	-13775
-3796	-13775
-1300	-13775
14451	-17747
-54	4098
17881	-3845
11418	-15761
-11491	10056
4287	-15761
1570	8070
-11434	16014
2118	4098
-7514	-11789
-19899	-7817
-5612	8070
-4960	8070
-1632	-11789
10013	-13775
-5299	6084
7614	6084
11172	-15761
3244	-1859
-14500	-9803
5550	6084
-8825	-11789
-7805	8070
4791	4098
-8019	8070
-15275	14028
21439	126
2439	4098
11231	126
2262	4098
31793	-19733
12331	2112
14492	-17747
-1152	6084
5191	-15761
-6796	4098
-5525	8070
-4525	-13775
15220	-9803
-1388	-5831
899	4098
-3428	6084
-6409	126
13845	4098
753	-1859
-3174	-11789
-18019	-7817
702	4098
2566	2112
3631	4098
5017	4098
1674	-13775
-3129	-13775
2353	4098
-14406	10056
7791	-3845
-6482	6084
1568	10056
3998	8070
1758	-13775
-2762	6084
-2181	-13775
6919	4098
12814	126
-29120	18000
-6613	12042
14082	-15761
4729	4098
2468	8070
7956	-15761
990	4098
1791	-13775
3739	-13775
-14958	-9803
211	4098
-14939	10056
-3109	6084
-4726	8070
5141	-15761
3730	2112
1667	6084
-11754	8070
-8670	14028
-1181	6084
1588	6084
-7972	16014
14544	-15761
-1082	-13775
14542	-15761
6102	-15761
9079	-9803
9524	126
2809	-15761
-10919	12042
-1802	8070
1300	6084
-3635	6084
3681	4098
3577	4098
8793	-15761
702	6084
4631	-11789
-1296	-13775
5080	-15761
6843	-1859
179	-11789
-2219	-13775
-5467	10056
11889	2112
12258	-15761
8209	2112
142	-13775
14905	-15761
-3986	4098
-909	-13775
-1285	-11789
7342	4098
-10793	-11789
13	4098
2493	4098
7239	6084
-7097	8070
8706	126
4201	6084
-8363	10056
-252	-11789
3728	4098
20907	-15761
9830	6084
-6181	12042
-9583	12042
-8697	-9803
10650	-15761
8267	2112
1574	-11789
-3368	8070
-6754	-11789
-6986	-7817
-21472	18000
-8621	-1859
708	6084
-10916	6084
4407	4098
-8761	-11789
2189	-1859
-2290	-7817
-16323	4098
5196	2112
-6444	12042
8134	-5831
-1282	-9803
-17929	12042
-3401	-13775
5869	-15761
18338	126
-15920	-9803
-7671	-9803
-12929	-1859
-1562	8070
20347	-17747
-3397	-11789
-12388	-9803
-17418	14028
-4725	8070
6939	126
3207	-15761
10276	-5831
-17949	16014
331	-5831
-1977	6084
414	8070
-7093	-3845
-5566	-11789
-6857	8070
-91	-13775
-9234	-7817
14836	4098
-4769	-13775
-6959	12042
-2092	8070
-5177	6084
4557	6084
-10481	-11789
-7817	-11789
2998	10056
13581	8070
25272	-17747
4190	-15761
-5903	-7817
-12496	-9803
-2402	-1859
25439	-5831
2803	6084
2515	-15761
10040	-11789
20002	-17747
-11560	-9803
6413	-13775
-1361	8070
23300	-1859
-11314	14028
7690	-15761
-706	-13775
-5134	-9803
-7960	-11789
-2690	8070
10169	-15761
-15682	4098
10493	8070
-1807	8070
2798	8070
-6878	-11789
330	8070
-6946	8070
2885	6084
24405	126
-14908	14028
5698	10056
-10486	-11789
-18854	14028
-1626	-13775
-1301	4098
-4329	6084
-1524	4098
2530	126
-4978	10056
6683	6084
5381	-11789
2618	-13775
-9077	6084
-9999	4098
-7450	-11789
-1988	-11789
-2497	-13775
8293	-7817
481	4098
8812	4098
-1674	8070
-12378	12042
-325	-7817
-6906	-9803
-4884	6084
-27446	-1859
7824	-13775
669	8070
10703	2112
4552	-13775
-6907	6084
984	-13775
13686	126
9922	-15761
-6733	10056
21725	2112
2553	8070
-204	-13775
911	6084
17910	-17747
16485	2112
6494	6084
3219	2112
-4191	-11789
7497	-11789
8207	2112
-3937	-5831
-23226	-5831
3765	-5831
28619	-19733
9530	6084
-5501	-13775
1214	-1859
-2621	6084
-3023	6084
-2001	-9803
-5220	6084
-9571	-11789
1819	8070
-22743	-3845
26013	126
376	8070
1879	-13775
1531	-13775
7204	-5831
-6523	4098
10470	4098
-7826	8070
-11614	14028
-6458	8070
-12579	18000
1624	-1859
-7175	8070
4276	-3845
-8545	12042
3808	-9803
-6358	8070
-3908	8070
7114	8070
15206	126
3961	6084
8885	6084
-17431	10056
-3221	8070
7282	126
1100	-1859
-5311	12042
-8763	-3845
-13922	-7817
-6511	10056
11282	2112
6190	6084
-2712	-11789
-1439	-13775
-6381	12042
12142	-15761
-2814	-13775
26591	-19733
-11201	-11789
5033	4098
2484	4098
7139	-15761
8440	-9803
8237	-15761
5699	2112
11503	-15761
-15705	12042
13335	-17747
8429	6084
-11840	-11789
-4328	6084
-19789	-3845
4003	-15761
1639	6084
-14674	14028
-3334	-13775
-2484	8070
6079	-15761
34	6084
5385	6084
-6899	10056
11123	4098
1877	-13775
419	6084
9845	4098
-8637	-7817
2855	-11789
-1068	10056
-7112	-1859
9526	-9803
-1047	8070
3773	4098
-5242	6084
-11310	-3845
-15192	12042
-334	6084
-2812	-11789
7026	-5831
10380	4098
6059	2112
-7239	8070
12853	2112
-2259	10056
-2860	126
-2047	8070
5210	-15761
7561	6084
-1290	-11789
-9602	8070
7885	-15761
-11845	12042
-4456	-9803
-6044	8070
5850	2112
5448	4098
-1657	8070
-1773	6084
1880	4098
2969	-15761
3157	4098
-1053	8070
-4706	10056
-19057	8070
3340	4098
-9578	6084
17929	4098
-4993	4098
-7286	12042
8734	2112
15802	-17747
-5016	8070
-1005	-13775
-8616	-7817
8820	-11789
-1925	8070
-352	2112
-3802	4098
7391	8070
24364	-15761
8721	-1859
-5715	4098
-22205	21972
-1187	6084
5377	2112
-3169	-11789
-24448	21972
-5008	6084
-58	4098
-7912	14028
-5836	8070
8961	8070
-85	4098
3433	2112
-28957	4098
-600	-13775
-9408	-5831
-3870	8070
15942	-11789
-22330	-5831
-8422	-11789
-1513	-1859
15542	2112
1226	4098
9397	2112
-28947	21972
-193	-13775
11588	6084
-3655	6084
-18524	12042
-1789	126
411	4098
-11202	14028
-7879	12042
-21616	19986
-11242	8070
1623	-9803
-7623	-11789
-11968	14028
23386	-17747
-14298	12042
11979	126
5701	-11789
9056	-13775
11872	2112
-9832	8070
-16269	10056
1478	-13775
-12472	126
13655	4098
-9462	6084
48	-13775
-2382	2112
-11938	12042
1818	4098
1773	6084
17731	2112
-13607	14028
