4741	0
4978	0
3522	1
-539	0
-4814	0
3847	0
10197	1
9219	0
490	0
5672	0
2238	1
3467	0
-31110	1
5970	0
2970	1
3196	1
5370	0
4249	1
5910	0
-15478	0
2662	0
5040	0
-2628	0
1110	0
223	1
4909	1
2088	1
-22982	0
-6135	0
1392	1
5	0
5610	0
4633	1
5546	1
514	0
5169	1
4384	0
4130	1
5042	1
3155	1
699	0
4382	1
3745	0
-1973	0
-53092	1
6454	0
3768	0
1284	0
3999	0
4484	0
6234	1
1579	0
7601	0
-4680	0
5903	1
-18576	0
4975	1
9449	0
2170	0
-46274	0
660	0
7106	0
3713	0
-512	0
-24579	0
2733	0
4981	1
3561	0
2622	0
-1112	0
4420	0
4809	0
4716	0
-56572	0
4883	0
7006	1
3823	0
-441	1
3713	0
5378	0
1347	1
4474	0
1982	1
-15659	1
4891	0
1541	1
1857	1
4293	0
2631	0
5931	0
9447	0
3107	1
8480	1
8322	0
5757	0
3636	1
8333	1
-20524	0
4226	0
-429	0
7667	1
4437	0
2937	1
4540	1
4438	0
1898	0
7640	0
4599	0
970	0
-18188	1
6101	1
1910	0
8091	1
-19133	0
-41054	1
2209	1
2105	0
5079	1
261	0
4596	1
-20472	1
4472	0
5862	0
1562	0
1977	1
8029	1
8109	1
2644	0
-4509	1
2831	1
2456	1
8723	0
5568	1
2538	0
-11079	0
1607	1
2661	1
4261	0
4147	1
-997	1
-23260	0
3135	0
-14282	0
3975	0
1983	0
5268	1
-27322	0
-25505	0
-1043	1
7103	1
3725	1
5406	1
3753	1
-27214	1
3704	1
4495	1
5653	0
-15756	1
-15321	1
3674	1
4343	0
1660	1
1451	1
4783	0
4458	0
2398	0
-19552	0
2503	0
2636	1
2440	1
-13709	1
1843	0
4507	1
7831	1
4108	0
-21789	0
7168	1
5039	0
3540	1
-9237	0
854	0
3205	1
-1914	1
4719	0
1565	1
4239	1
3469	0
3030	1
4380	1
-4010	0
3634	1
3236	1
3862	0
-15264	0
7085	1
4864	0
7779	0
-5794	0
3861	0
3746	0
4291	0
-92	1
1759	1
8581	1
3753	0
6301	0
-872	0
4446	0
-5411	1
4359	0
-21895	1
6059	0
3180	0
4143	0
3899	0
5191	1
4579	1
3336	1
4137	0
4957	0
569	1
6250	0
5286	1
6287	1
4440	0
4286	1
4215	0
2255	1
-22863	0
3928	0
3560	0
4068	0
6861	0
8689	1
-13548	0
4328	0
-9910	1
4177	1
6027	0
759	0
3216	0
188	1
3296	1
577	1
-31627	0
241	0
2825	1
-10656	0
2796	1
-28321	1
4147	0
6183	0
5906	1
7534	1
4007	1
2763	1
5688	0
-7588	0
4774	1
-5232	1
2249	0
-6248	0
3537	1
5439	0
-34	0
-1200	0
-14514	0
6068	0
4951	1
-25005	0
1752	1
-28443	1
5559	0
4485	1
4179	0
12750	0
3120	1
3005	1
-11114	0
5270	0
3760	0
4492	1
-43984	1
7135	1
6021	0
5250	1
3277	1
4334	1
3258	0
4012	0
-14546	0
4641	1
-3410	1
-19038	0
3893	0
5243	1
4669	0
-1718	1
4880	1
5498	0
-18356	0
-9820	0
-4212	1
3296	1
-512	1
2087	0
-41263	0
4460	1
3693	0
111	0
-14400	1
-5742	0
-381	0
3651	1
8002	1
3426	1
3199	1
7876	1
4268	0
4856	1
1344	0
1914	1
6133	1
5693	1
5089	0
-8836	0
-31082	0
2787	0
14463	0
7140	1
5993	0
6173	1
6505	0
3042	1
8242	0
4103	1
8081	0
5342	0
11094	0
3637	1
1756	1
-4080	1
7740	0
3484	0
1535	0
4443	0
-3630	0
3103	1
-2005	0
4622	0
4607	1
3270	0
4808	0
-3697	0
-1151	0
11712	0
4430	0
3260	0
4607	1
7991	0
-3642	0
3950	0
15053	1
6158	0
2501	1
3113	1
5906	1
4204	1
-23968	0
-468	1
4659	1
7026	1
4579	0
3261	1
7032	1
6727	0
5589	1
-21252	1
4629	1
-14500	1
265	1
-2277	1
1997	0
648	0
4215	0
5116	1
-3125	0
1881	1
6608	0
100	1
-10752	0
1622	0
4861	0
3188	1
-51	0
3270	0
2923	1
3078	0
-4845	0
8782	1
5520	1
-5383	0
2983	0
-4506	1
2544	1
-27184	1
12183	0
5598	1
2028	1
4282	0
4036	1
2065	0
5418	1
8980	0
11176	0
6744	0
5299	1
-17291	0
937	1
-23421	1
-13924	0
2766	0
2996	0
1314	1
731	0
1166	1
4746	1
5350	0
395	1
5708	0
1749	0
1351	0
4426	1
6063	0
1746	1
5734	1
2580	1
3942	1
-16046	0
2151	1
-2734	0
2140	1
-6049	0
6437	1
5996	1
6743	1
2736	1
5402	0
2530	0
11309	1
3676	0
3615	0
6643	1
3679	0
5602	0
-7359	0
1906	0
7640	0
4166	0
6685	1
8005	1
-689	1
4221	0
1787	0
6197	0
4099	0
-9801	1
1440	0
3148	0
1348	0
-1786	0
-587	1
2414	1
-37156	0
1726	1
4468	1
515	0
-4217	0
5485	1
3869	1
7821	1
2244	1
-8362	1
3800	0
-10301	0
-10615	0
9959	0
3286	0
-20422	0
6966	0
4525	1
1845	1
-31995	0
4716	0
4884	1
2923	0
4035	1
-11879	1
-6356	1
3786	1
3630	1
7418	1
-1485	1
-20579	0
5983	1
5609	0
4459	1
734	1
2513	1
-24266	1
9148	1
4317	0
-9016	0
5172	0
416	0
4437	1
-25127	0
-416	1
796	0
7409	1
6032	0
4543	0
-1389	0
3501	1
4022	0
3458	1
5084	0
3651	1
6070	0
6770	0
4711	1
6524	0
8610	0
7460	0
7870	1
-19853	0
5963	1
-16768	1
-6631	0
5927	1
3786	0
3441	0
5226	1
4295	0
1633	0
1980	1
-108	0
5412	1
6202	0
3675	0
-44222	0
341	0
-951	1
4783	0
-273	0
4292	1
2706	1
4082	0
5954	1
4838	0
1317	0
5845	0
-13508	0
2541	0
5896	1
3762	1
-207	0
6079	1
4909	1
4830	1
-3087	1
3398	0
3436	1
6607	1
6870	1
-28519	0
3889	0
4847	0
-25155	0
776	1
7907	0
2020	1
3285	0
3311	0
-12665	1
4107	0
-14401	0
2994	1
6135	1
3669	0
4227	1
1341	0
1811	0
-5248	0
10965	1
5228	0
-8623	1
4613	0
7119	0
-708	1
3240	0
1387	0
2555	0
9792	0
4028	1
5444	0
124	0
6139	1
4234	0
5742	0
5950	0
-854	0
2647	0
-27741	0
2663	0
-13500	0
2022	0
3762	1
4233	1
6684	1
4349	0
5959	0
2520	1
4963	0
-7045	1
-28269	1
6089	0
5860	0
3288	0
5397	0
-3155	1
1412	1
4497	0
2757	0
-1497	0
7009	1
4987	1
5073	1
-23184	1
317	0
2955	1
3300	0
5125	0
4427	0
5525	0
4176	0
3106	0
5441	0
5383	0
4538	1
5908	0
9872	0
2815	0
3106	1
5685	1
5792	1
4059	1
-7512	0
4019	0
3894	1
4540	0
5196	1
-22924	0
7121	1
2393	0
4202	0
3685	1
4898	0
-181	0
5687	0
7032	0
4992	1
5053	0
2312	0
6985	1
-30635	0
3361	1
3287	1
6992	0
5840	1
1265	1
3052	1
2502	1
5805	0
3111	0
6380	0
6077	0
3835	1
1259	1
-14727	1
-18893	1
-14039	0
-4091	0
3490	0
-3669	0
2857	0
3727	1
2540	1
-33486	0
4626	0
-28469	0
-14161	1
2261	0
4831	0
4294	1
1722	1
1069	0
6487	0
1143	1
4367	0
-4871	1
-479	0
3153	1
-477	0
-87	1
-2632	0
1132	1
3813	0
2592	1
4817	1
1035	1
-22612	0
4597	0
2119	1
841	1
-7747	0
7501	1
3245	1
5190	0
6404	1
628	0
3157	0
-21699	0
2596	1
-7896	1
1728	1
3870	1
-14329	1
3162	1
3355	0
3134	0
5163	1
-9517	0
6709	1
-17158	1
-2670	0
8792	1
1320	0
4413	0
3304	1
2467	1
7	1
3817	1
7827	0
-20923	1
2550	0
7810	0
1238	1
3866	0
2206	1
-1838	1
-4548	0
5941	0
-14816	0
5658	1
4554	0
2822	1
-4444	1
1802	1
-255	1
-3095	0
4249	0
4959	0
1508	1
1991	1
3560	0
7919	1
738	1
-15160	0
4313	0
-37323	0
-4006	0
1190	1
5219	0
4079	1
6976	0
4992	1
1819	1
1105	0
5537	0
-2869	1
3388	1
2160	1
2993	0
4760	1
2917	0
4598	0
-14931	0
2814	0
6988	0
5343	1
3756	0
-1917	0
162	0
2216	0
3316	1
-20326	1
3163	0
3882	0
-1364	0
6563	0
6636	1
5917	0
3399	1
-16613	1
1833	0
3026	0
3695	0
5530	0
-10493	0
-1970	1
2525	0
3260	0
2399	1
-6562	1
2927	0
6067	1
-13286	0
253	0
-4234	1
4098	0
3585	0
-1834	0
5792	1
1696	1
7830	1
6309	0
-134	0
-3320	1
5826	0
-8557	1
4718	1
-9081	1
3079	0
5764	0
175	1
4067	1
-54358	0
4120	0
3303	0
4066	0
5993	0
4737	0
4095	1
830	0
-29221	0
3526	0
2601	1
7477	0
2870	0
4625	1
4436	1
4545	0
5383	1
4858	1
7910	0
-17217	0
3998	1
833	0
1200	0
-6547	1
4428	0
2171	1
-9470	1
7056	1
4827	0
3868	0
-4743	1
3870	0
-1432	1
6488	0
-17735	1
682	0
5110	0
1494	0
-1002	1
2863	1
3325	1
-5932	0
-10147	1
5854	0
3493	1
4099	1
4999	1
7666	0
2513	1
7117	1
2354	1
5091	0
2979	0
3324	1
-25306	1
5707	1
2777	1
5298	0
5082	0
4974	0
4366	0
6384	0
1874	1
3291	1
6067	1
5333	0
5704	0
974	1
2223	1
-1166	1
9743	0
6008	0
7565	0
4701	1
5374	0
431	0
-237	1
743	0
3541	0
-8501	1
-565	1
4480	1
1413	0
1294	1
678	1
3795	0
7982	1
-1375	1
6426	1
1817	0
3914	1
6392	1
3302	0
4442	1
7409	1
3358	1
2186	1
2525	0
-2139	1
4919	1
-1525	1
-39228	1
-30550	0
5876	0
2547	0
-43	1
2329	1
-7933	1
3286	0
-41033	0
-33220	0
1321	0
2960	0
8830	0
-16799	0
4714	1
-619	0
-12651	0
3643	0
-14156	0
8924	0
3159	1
1128	1
-36144	0
4621	0
2628	0
5841	1
-28983	1
2367	0
5913	0
3263	1
1224	1
5762	0
-11725	0
3709	0
352	1
8902	1
3351	1
5268	1
5816	1
4586	0
2515	1
10037	0
4162	0
639	0
3689	0
3625	0
-3136	0
2586	0
-4221	0
3381	1
665	1
4113	0
-2861	0
3470	0
8975	1
3957	1
6315	1
4905	0
3764	0
6375	0
6037	1
4460	0
3739	0
1355	1
-1568	0
3103	0
4102	1
2787	0
-155	0
-1444	0
3421	1
1967	0
-57069	0
4945	1
2935	1
5591	1
5961	0
-10094	1
-21615	1
2459	0
-19048	0
1502	0
4206	1
6821	1
7785	1
5337	0
5217	0
4863	0
1630	1
-29294	1
-23145	0
2867	0
3346	0
2765	0
2886	1
3692	0
4630	0
2020	1
3559	0
1967	1
2541	1
2277	1
5516	1
6516	0
3972	1
-2523	0
1029	1
-15797	0
4890	0
6929	1
-19208	0
6059	0
1378	1
3488	0
6151	0
9692	1
7508	0
-10307	0
3624	1
1686	0
2805	1
4192	1
1376	0
-1121	1
2505	1
2198	1
-16995	0
2435	0
-14279	0
2580	0
1240	1
3230	1
5116	0
4896	0
-23888	1
-10223	0
-3627	1
2031	1
3374	1
-10625	1
72	1
2002	1
3027	0
-32769	1
10820	0
7669	0
7775	1
9569	0
-18332	0
-28777	0
3759	0
3813	0
7261	1
8783	1
-402	0
-13346	0
7269	1
2422	0
8864	1
5823	1
-2591	0
3394	0
4451	1
5430	1
6072	0
7226	0
-5541	1
-30713	1
2454	1
-3108	0
1785	0
3377	0
1859	0
-8966	1
-7573	1
3703	0
5711	0
-15159	0
5087	0
3761	0
2400	0
5492	1
542	0
-10681	1
4865	0
-14906	0
9508	1
-2186	0
3000	0
1557	1
4009	0
2025	1
1741	0
-2481	1
2666	1
4974	0
8317	0
2528	0
2892	0
4413	1
2950	1
-83231	1
5348	1
3154	0
5430	0
2428	0
6116	0
4631	0
2550	0
6139	1
2925	0
-12885	0
-2631	1
-3491	0
-15921	0
697	1
7046	0
4585	1
1105	1
3405	1
-22248	1
3096	0
-20405	0
-13257	0
5584	1
8552	1
3784	0
-22227	1
5252	1
6506	1
997	1
3789	1
4396	0
2804	1
2602	0
4728	0
-12870	1
3789	1
5761	0
1564	0
-4936	1
3260	0
2198	1
4050	1
6004	1
4738	1
-4960	1
-33821	1
-359	1
3161	1
8142	1
3130	1
8096	1
3448	1
607	1
-24753	0
3935	0
-8816	0
3150	1
2832	0
2900	0
-20122	0
5881	0
11055	1
3930	1
-15226	1
5012	1
-15312	1
7013	1
-21065	0
472	1
9583	0
-20854	0
2571	1
3268	0
5481	0
2490	0
4005	0
2171	0
-34423	0
1958	0
647	0
3850	0
-3217	0
974	1
-24272	0
-28043	0
3505	0
7422	0
7956	1
-6543	0
3641	0
542	0
7056	1
1322	0
4624	1
-20268	0
-29	1
2800	1
401	1
3829	1
1852	0
2401	0
6638	0
5170	1
-8210	0
-4323	1
6080	1
3455	0
2672	0
-846	0
3556	0
3418	1
-45699	0
3040	0
4455	1
3539	0
-12177	0
7388	0
88	0
3173	0
-2028	1
8581	0
5365	1
7369	0
8501	0
-17002	1
5371	0
5725	0
-492	0
14601	0
5458	1
2657	1
4063	0
-20370	0
6783	0
685	0
7093	0
-23973	0
3620	1
6028	1
8769	0
-1787	1
-357	1
3594	1
6229	1
3669	0
626	1
3886	0
2372	1
1795	0
6464	1
1899	1
-31286	0
2945	1
1422	0
8169	0
7397	0
-10690	0
5476	0
-24450	0
3509	0
-10376	1
-36471	1
-20608	1
2436	0
5545	1
10792	1
4676	1
10263	0
4590	0
3039	1
3065	0
-16744	0
4811	0
5834	0
-22591	1
-7813	0
3399	0
8342	0
-20929	1
2190	0
5978	0
3619	0
6500	1
39	0
3389	0
4860	0
1521	0
-15451	0
2948	1
-5528	1
5509	0
6110	1
7557	0
4927	1
-5557	1
5375	0
7837	1
2964	0
-29333	0
3711	1
5613	1
3564	1
10036	0
-16966	0
6202	1
3788	0
5631	0
-17146	1
4984	1
4356	0
66	1
-43693	0
3007	0
2917	1
5644	0
5093	0
3480	0
4971	0
6267	1
7359	0
6928	0
2465	0
5990	1
3172	0
5870	1
2974	0
68	1
1871	0
4583	0
9350	1
3924	0
3687	0
5606	0
4663	1
-9882	1
3942	0
1509	0
-8476	0
5631	0
-5659	1
-3098	0
2598	1
5597	0
3405	1
3458	0
5113	1
7188	1
8422	1
-1804	0
557	0
4886	1
-5425	0
3132	0
6839	0
1328	0
4411	0
2354	1
-15632	0
1848	0
-21880	0
4838	1
7498	0
3348	0
4932	1
2453	1
8717	0
-2163	1
4602	1
-26557	1
5502	0
2393	0
4902	1
4554	0
3371	1
-37478	1
-26677	0
9859	1
4255	1
-21760	1
1995	0
5890	1
5077	0
3387	0
3269	0
7169	0
2973	0
2502	0
6002	0
2389	0
3435	0
-2139	1
6383	1
3192	0
2873	0
3469	0
2378	1
1052	0
2208	1
-17435	0
6629	0
-4121	0
3187	1
4006	0
2951	0
6859	1
987	0
-269	0
-593	0
7121	0
4717	1
4388	0
1744	0
6280	0
1427	1
5194	0
3740	0
-831	0
-673	1
4314	1
1302	1
6387	0
5826	1
6621	0
2100	1
4544	0
3730	0
-28124	1
2056	0
-3813	0
-1105	1
4556	1
1311	1
4601	0
569	0
3762	0
-11696	0
3712	0
5622	1
4452	1
12600	0
3875	0
3037	1
5078	0
6084	0
-25281	0
3841	0
-2777	1
7208	0
1714	0
5111	0
4199	0
3317	0
-1222	0
5630	0
-12869	0
7570	1
1094	1
2188	0
4735	1
6432	0
8451	0
-8739	0
5837	0
-5458	0
-38381	0
398	1
496	1
5706	0
7925	0
5923	0
4736	0
4549	0
-9146	1
2243	1
469	1
2191	1
422	0
-18031	1
-20617	1
5858	1
-42642	0
4882	0
-12650	0
2847	0
11646	0
2594	1
-36340	0
-7334	0
1554	1
3133	0
3617	1
-627	0
14186	0
4286	0
-3499	1
2019	1
4195	1
5724	0
-9237	1
-17063	0
3890	0
1544	1
4267	0
5551	1
5377	0
-22980	0
1925	1
-18156	0
4672	1
3286	1
-5544	0
-23438	1
-2238	0
5862	0
-22755	0
3124	1
5149	0
11101	0
8881	0
8291	1
3368	0
6038	0
4661	1
4434	0
2405	0
-1379	1
5353	0
-332	0
-738	1
-21500	0
5160	0
5358	1
-10507	0
4198	0
4392	1
4820	0
5782	1
-980	0
206	1
2753	1
5337	0
3958	0
6159	1
4644	0
4317	0
-15627	1
-15035	0
-16156	0
344	1
2837	0
4971	0
5611	0
-3662	1
5118	1
-6013	1
-8972	1
2020	1
6502	1
-14003	0
7816	1
3550	0
502	0
2358	0
-21633	1
-1872	0
-26540	0
2883	0
7619	0
3307	0
-21714	0
2849	0
-19896	0
-1015	1
2727	1
-19118	1
-1065	0
4604	0
-25674	1
-8221	1
588	1
4592	0
4452	1
5217	0
4060	1
354	1
4822	0
4958	1
2059	0
-25090	1
4392	1
-745	0
-7343	0
2230	0
6892	1
-1984	1
6461	0
-22792	0
3826	1
-12681	1
-114020	0
8085	0
6251	1
4991	1
2831	1
4147	1
5978	1
8252	1
4311	0
3955	1
2906	0
2999	1
489	1
6343	0
-6590	0
1633	1
5494	0
5522	0
-35034	1
4416	1
5570	0
4318	0
228	0
7362	1
-13742	0
5150	1
2033	0
581	1
3502	0
3244	1
-3860	0
3923	0
5673	1
3162	1
-9044	1
-30557	1
-11347	0
7205	0
4857	0
7346	0
-2366	0
2693	1
8350	1
2127	1
2728	0
5665	0
3503	1
291	1
-15074	0
4384	0
7142	0
2883	0
-10864	0
1003	1
6570	0
-2460	0
4408	0
3127	1
7463	0
10602	0
-31339	1
-8252	1
3757	0
1535	0
3132	1
3719	0
3079	0
-314	1
992	0
-16711	0
-10379	1
5815	1
-13803	0
-20757	0
6192	1
6745	0
-16616	1
-17074	1
5924	0
2009	0
1950	1
5316	1
4208	0
4251	1
2822	0
6015	0
5843	0
5338	0
726	1
4284	1
-21943	0
1043	1
6318	1
-83	1
6008	0
-44631	0
-42611	1
3580	1
-6321	0
4721	0
2618	0
5412	0
-8905	0
6916	1
-7628	1
-17303	1
-2310	1
14852	0
3247	1
7481	0
5063	0
5783	0
2801	1
6156	0
-23493	1
4890	0
4544	1
8603	0
2380	1
-10920	0
-24155	0
1334	0
-3030	0
-24445	1
-37481	1
-25684	1
2908	1
-2996	0
-887	1
3786	0
2606	0
6336	0
6638	0
5005	1
-24355	0
-11486	0
-17698	1
2052	0
2886	0
5757	0
9160	0
984	0
7357	1
2691	0
-17222	1
3312	1
-4496	1
2318	1
1325	0
1650	0
6615	0
5973	0
4379	1
8682	1
2191	1
8280	0
-20016	0
4227	1
8234	1
6795	0
-1154	0
-6423	1
4158	0
3624	1
-833	0
-26809	1
5228	0
7071	0
-13248	0
822	0
-7600	0
1776	0
3251	0
3666	1
917	0
4844	0
4633	1
-15553	1
5666	1
5370	0
3158	0
6488	0
-40276	1
-10595	0
930	1
5560	0
5630	0
5146	1
7600	0
3536	1
2901	1
7812	0
3953	1
4211	1
4570	1
-16775	1
4837	0
-22816	0
1610	0
2022	1
3919	0
6510	0
9034	1
4369	1
3771	0
-19294	0
8603	1
3844	0
6662	1
7572	0
3578	0
5373	0
3771	0
5966	0
6682	0
2876	1
-2238	0
-5123	0
-744	0
5384	1
72	1
4242	1
-1580	0
769	0
2783	1
6330	0
-17545	0
2374	0
2983	1
4621	1
-10234	0
7676	1
6754	1
4056	0
-3874	1
2393	0
1911	1
4400	0
3114	0
839	0
4974	0
1795	0
2696	1
3253	0
2097	0
4034	1
-13007	0
4149	0
7253	1
1142	1
1660	1
-3110	0
1012	0
4588	0
-3129	0
-30987	0
2530	0
2706	1
-4212	1
3696	0
3386	1
4239	0
-8800	1
1625	1
9011	0
6115	1
4752	1
7396	1
-25584	1
6765	0
1839	1
6884	1
5880	0
279	0
717	0
1676	0
5806	0
2102	0
1969	0
3089	0
2872	1
6007	1
5260	1
15	1
3046	0
5761	1
4956	0
4578	0
639	0
4626	0
5188	0
-3257	1
1708	0
4573	0
-986	0
6841	0
2767	0
6319	1
261	1
2899	1
1618	1
812	1
5245	1
-2026	0
-16969	0
2864	0
3514	0
4207	0
-24019	0
5479	0
1758	0
4595	0
-26091	0
4557	1
5181	1
4616	0
3496	0
3869	1
7352	0
5637	1
2550	0
2213	1
4821	0
3642	0
4013	1
4095	0
910	1
5954	0
3257	1
3794	1
815	1
2791	0
2708	1
3295	1
441	0
5700	1
5471	1
3125	1
1802	1
3470	0
1974	0
5047	1
4422	1
5505	1
1457	0
-15191	0
4145	1
4778	1
-2927	0
4544	0
5730	1
1354	1
6226	1
3160	0
983	0
1546	1
5586	0
7092	0
-1564	0
1000	0
12858	1
4295	0
3588	0
2955	0
3086	0
4228	1
856	1
8494	1
3044	0
-293	0
4233	1
7912	0
-21347	0
4719	1
3942	0
5159	0
1296	0
3277	1
8697	0
5027	0
3502	0
-6908	0
4820	0
4951	1
4100	0
7663	1
1091	0
-3338	1
-26896	0
4245	0
4541	0
1872	1
-2205	1
4937	0
2899	0
7036	1
3593	1
3532	1
-10053	1
363	1
3819	1
-26852	1
4035	0
5329	1
1903	1
8000	1
2180	1
8412	0
7550	0
916	0
3006	0
6459	1
2786	1
5787	1
7557	1
4064	1
1513	0
-13144	0
879	0
3032	0
2979	1
4238	1
5281	1
3192	1
5724	0
3940	0
1811	1
6922	0
251	1
-7186	1
9348	0
2917	1
1092	0
3557	1
3614	0
3264	0
-9154	0
1797	0
2350	0
-22317	0
-3012	0
6447	1
1481	1
8754	0
-8320	0
-14348	1
811	1
4764	0
5492	0
3164	1
4135	0
1451	0
1657	0
5864	1
5004	1
3843	1
5569	0
4647	1
5095	0
4408	1
-3	1
-1558	0
261	0
4698	1
9963	0
4775	1
1916	0
3174	0
4316	1
9403	1
4042	0
7326	1
3921	0
1391	0
-41837	0
6861	1
4958	1
5224	1
1553	1
-17298	1
-2351	0
6213	0
5498	1
1900	0
4354	1
5109	1
5973	1
-2981	1
3140	1
7739	0
-21495	0
723	1
4599	1
3649	1
4504	1
3618	0
-1172	0
-18255	0
4536	0
-20290	1
5005	1
966	0
-547	0
1408	0
-7769	0
5494	0
1872	0
-35151	0
4122	0
6596	1
4146	0
4013	0
5854	1
-20860	0
4887	0
6224	1
5398	0
5545	0
6524	0
-749	0
2762	0
2021	0
-19800	0
5845	0
-104	0
-6266	0
5262	0
4091	0
522	1
-1101	1
2295	1
3235	0
3844	1
1992	0
5061	1
4910	0
3948	0
5634	0
2876	1
-1982	1
7435	0
5339	0
7429	0
3285	1
7460	0
3787	0
3306	1
3523	1
6282	1
-44719	0
2571	1
4477	1
611	0
132	1
-29048	0
9301	0
-34682	0
-1297	1
-202	1
4522	0
4848	0
-23778	0
3835	1
-1134	1
4695	0
13931	0
4599	0
1674	1
4782	0
13739	0
4855	0
3345	1
-36550	1
4637	0
-24121	0
2367	1
3849	1
1213	0
-21141	0
2369	0
4830	1
-51715	1
2577	0
1938	1
-15495	1
-20874	1
-1108	1
5728	0
2545	0
-5088	1
-3437	0
18517	0
7188	1
-70	1
-3895	1
5361	0
5583	0
-5975	0
271	0
5282	0
6338	0
2624	0
2335	1
-17963	0
-37779	0
5053	1
2245	0
6190	1
4192	0
6999	0
-1812	1
3799	1
35	1
5339	1
3381	1
4929	1
3673	1
4755	1
-7999	1
1680	0
1337	1
2857	0
1600	1
3178	1
6634	0
3076	1
2860	1
-23498	0
-14760	0
4118	0
6476	0
2751	1
4411	1
6936	0
-22305	0
4881	1
-16158	0
8898	1
4774	0
4038	0
3279	0
1984	1
5406	1
-2879	0
2778	0
2710	0
1212	1
-870	1
-16012	0
-2356	1
4720	1
6263	0
8088	1
7962	1
3278	1
723	1
5479	0
-1679	0
7969	1
4401	1
-35517	0
5107	1
4563	0
-6008	0
142	0
4500	0
4028	0
77	1
-25675	1
5224	0
3547	1
5201	0
2400	0
1544	0
2153	0
7009	1
1809	0
3464	0
-4824	0
4265	1
-20648	1
-12942	0
1180	0
6498	1
-21276	0
6751	1
4715	0
-5663	0
-19143	1
4712	0
3454	1
-7097	1
7244	0
-3349	1
-14206	0
3064	0
2537	1
2644	0
4183	0
4171	1
5919	0
4510	1
-37226	1
5245	0
4464	0
6823	0
-13224	0
-1003	0
2921	0
2480	0
-2965	0
-24	0
-11933	1
3108	0
3363	0
-10690	0
8787	1
3058	1
629	0
5414	0
4178	0
3196	0
3018	0
-5522	0
4749	0
5675	1
-1958	0
-8919	0
-31	0
6443	1
-11469	0
6620	0
-16277	0
5111	0
4376	0
-1617	1
-7729	0
6828	0
6727	1
-27021	0
-3580	0
5980	0
4651	0
-25242	0
4660	1
-23020	0
2675	1
2039	1
3800	0
2345	0
5859	0
5557	0
3877	0
1358	0
-23918	1
5838	1
1434	1
5416	1
2116	1
-10504	0
3545	0
-2167	0
3248	0
5903	1
1852	0
3472	0
3345	0
5026	0
-10984	0
-7888	1
1485	1
5914	1
6946	1
285	0
-3195	1
