3924	13372
-243	8114
5708	-10709
-6450	-25607
-7191	2210
-7963	-8369
14472	6977
-2404	5373
619	-700
10828	24179
6666	14939
-679	-966
5795	-472
-1272	-12606
3511	-6368
11686	-5618
6212	6304
7723	7787
-7142	-9244
10084	-1586
-21401	264
-2722	-6503
10887	16745
-564	-16096
2837	-9606
-17889	-18759
-2260	-11390
6049	2635
-21152	-5422
6232	2572
704	-5824
-10386	-15887
833	-4326
7049	-4564
-276	-2257
-7851	-6601
-5379	-37897
8004	-18257
151	-12066
5340	82
562	5040
-13000	-10780
11206	20601
6247	10242
1155	-69
10208	-1967
-3250	-2635
7663	-15926
-704	-11885
-697	-10178
13627	-9858
6835	201
10280	-41
10455	19537
5847	-2148
5911	-46
8541	20676
-1457	-4195
-13979	-14008
-3489	-7472
12993	-6907
1849	-10583
16257	5367
12926	6469
3881	-9349
-1123	-5406
1677	-20622
-970	-5777
-1806	11326
10988	-4774
-23412	-7197
-7001	5861
-11762	1626
-172	4554
15665	10348
2167	8621
-9647	2121
-18899	-2169
-3950	3245
8786	6883
-9386	10203
5585	9460
7156	-11129
-2836	368
-1155	8504
-14009	-11868
8803	6140
13198	6632
11385	4712
-5233	2889
2294	-8133
6239	11205
-5860	-12513
8820	-3038
-1541	-6161
-13150	5370
2298	-3944
-8366	-7056
4159	2716
13819	-1877
-12273	-2831
7490	412
2317	-2642
7185	13450
-3611	312
12532	-3316
-16047	-8833
8400	4431
-7002	945
6955	765
-7484	-10229
2029	1585
4295	11923
-59	-2023
1825	5267
13536	-4243
-7507	-1109
-1509	4488
10105	2529
4659	538
5212	-4966
4640	7140
-1063	11174
880	21431
2507	-6481
5933	-6388
-9060	-9418
2527	8678
10539	11910
5451	8598
7272	-1050
-9848	-18463
5245	2089
-5327	-7766
4985	3873
256	5349
13810	-3505
-10633	8848
-24680	-22331
-5639	-8206
1173	18243
9283	232
4337	11751
10588	-1292
-1537	-4206
5671	-1998
4818	15457
654	947
316	-1848
-17924	-1708
-18679	-5678
-6958	-16022
3310	1083
8618	4985
-10404	1292
1455	-3709
8438	7824
-22109	6772
-6448	2169
7708	-4902
-7050	8226
14898	16071
6669	1776
5511	3531
2866	-4869
2344	7461
-1316	6445
16129	4803
2130	-8724
13069	16680
5053	8542
10960	1247
-20364	-176
-2542	9598
4670	13895
11855	4466
7381	3989
-5461	-1696
5641	-3747
2169	-11698
-2087	548
-1862	-3596
-5361	9735
-1905	18557
-1188	2012
5785	22334
-603	-151
2404	-10799
-17833	-4507
8920	6380
10945	7459
11255	2756
-9548	4638
-6429	-6659
2064	9369
52	-8122
-15847	-2610
-7906	-11431
-14973	3158
2310	5151
-5183	-1388
1594	5820
2137	-13059
-3616	-4767
-4277	-7819
4856	-2868
-3695	-13377
-2679	-5899
6341	12383
9494	5471
-1256	-3305
11586	3085
-8003	-11263
2093	9847
1866	-9554
-103	4446
2778	9987
-11760	-11699
-34363	-27665
8208	15076
5541	6723
11000	23751
-4789	-1989
-27835	-16321
4891	19621
625	6714
9626	10294
-17399	-11586
-4883	2993
-11798	8531
-9318	-20073
3769	10289
3456	-1837
1639	-452
5314	-4955
-15556	-1565
-9064	-12072
-3237	8728
836	6604
-14052	-1366
4745	-13162
-13911	-2580
10040	4235
-9238	-1682
-9023	8174
5288	11623
7171	-3440
3772	9311
8850	15762
-13951	-4933
6421	1058
10638	618
-8603	4168
-5399	-3166
-18744	-9254
14125	12559
-7962	3787
6821	18421
3402	4550
10792	701
-3969	2335
-16617	-23435
-10585	-13706
-1145	-21446
4985	-731
10445	-3089
-2387	-1353
4442	2640
-814	-3095
1455	-2859
-1112	-12838
-13291	-8076
4254	1300
704	2531
-875	-1709
3961	3581
1050	17855
8662	5239
2452	17172
4966	1338
9793	7524
1934	-2113
-12559	-11056
-22879	-7343
5585	1019
-20324	-13
-8555	-965
-11947	-11976
-30874	-10884
-10062	-3183
-6708	-340
4658	-121
-371	1143
1984	4471
13683	80
3108	-9659
1295	-5429
-2375	9858
7172	-4308
7859	-7192
13520	14253
-4219	-18052
-4572	13623
7295	-16733
9022	4496
-4662	11651
-9426	-5504
7966	3168
-3389	5621
410	2068
3873	12554
11616	564
10365	15621
6328	-2199
7951	-2113
-5637	-7017
-6158	9847
9184	2669
3524	1221
4297	11916
5869	3939
5308	-14280
4329	-3026
820	1734
10221	11668
-13865	3142
17060	18857
-3596	-17437
8560	6241
11629	5977
6768	-6772
-10186	-3304
4906	-8693
2207	4440
4170	-8363
-17133	-15057
2487	6389
3318	-3870
-5365	4596
-933	-1988
15556	23593
11263	-3001
-915	18607
-2375	-3827
-1307	9844
-9398	-750
3415	-11500
3138	-19101
-1472	-2445
1714	6220
14582	13468
-4603	-1558
-1431	-647
462	-7552
5944	-4542
11163	1536
5031	-4873
1225	-1031
-3507	-14488
11222	14677
-977	-4462
-1862	-5804
9130	-1726
9809	8428
6158	-4367
-47366	-23812
2537	-3624
-3935	-563
-8638	-3138
-4365	3184
1581	-2426
4032	-666
-12463	10819
9504	-11600
115	621
6023	-17043
14351	15406
49	11591
-15916	-397
5769	470
3201	2056
10612	5242
9547	4
9449	14167
2897	-8169
-2588	-5794
-2306	2814
946	16137
7187	6572
2994	-8493
4517	597
-11601	2837
-14375	-18614
490	5555
1210	-3199
-36272	-15106
934	684
-2585	-6783
-10814	1593
-10523	4063
5798	-3110
6589	11585
8482	123
387	-3298
2967	-5713
6695	-7028
4960	-4811
1396	-9338
8604	6184
1867	-1300
-10106	-12058
-1661	-7789
12812	12603
-11679	-1345
6473	7817
4403	2143
4783	3853
-6579	7492
8470	19829
676	-3392
6517	464
-3046	-1682
-16007	9168
-119	-7814
-5626	-1552
696	-13629
-6296	-5574
10592	-1847
12577	16341
-2483	-8872
-6493	-3026
10729	10813
-5147	932
2478	9647
-10464	9096
9759	3031
-9588	6151
1084	8294
-10298	5346
6675	10615
10099	10575
1566	-50
3269	12781
3463	-1976
-17234	-825
-19860	-2388
-12131	1618
-662	7909
7827	19262
-1276	-15754
1600	8346
2184	203
2156	7839
-11802	-4960
4911	10762
-20319	-10987
8212	341
10080	11343
9439	15716
7709	-1091
5226	6011
14038	1696
920	1632
-7433	2148
17283	18228
5316	12700
7468	5279
245	3610
1295	-255
7957	501
-3036	15161
-6515	8244
6661	3555
8518	14697
-1732	1116
-25719	-20601
949	5582
-2743	-1951
3689	4487
4538	-7450
3682	17478
-22320	-20651
-4447	4552
6698	14331
1611	2231
-6047	2622
1864	-9206
-6049	-19025
1309	-6809
-6664	4915
9463	2336
8575	17260
5699	-1545
4585	11839
1102	6374
-2778	158
-53	5521
-6123	1802
-5633	-2328
1422	-4444
1333	9124
-9750	-6373
-1845	16043
-2323	2982
-31	-6106
-2921	5553
10505	-3282
9930	7081
-24272	69
-16769	-13918
-6579	5983
5872	2132
-62	-7298
10543	1469
-476	3647
8415	7652
3094	4763
8755	13846
5887	1281
1514	-6693
15209	16934
-2185	18457
-11737	2860
5649	343
-16692	11688
-82399	-43260
4878	-25957
-976	2755
9046	-11206
7552	9121
-13181	1528
308	5780
-1797	1761
12992	4097
1741	13751
5578	367
-5511	-8365
12114	-846
8755	9295
-10959	9877
5731	10407
13423	-1348
-1775	4108
2400	-12240
7935	1506
4139	-5670
-5045	-20737
-3500	-14219
15086	10459
-3451	-17012
6111	3383
3226	-229
-3268	779
-4787	-1205
6243	-8217
-4573	-2107
6835	11415
-1169	4566
-2512	-3794
5960	2882
-10186	-10420
-7655	-6245
6346	427
43	9595
554	-4710
3849	-6557
-6016	-2586
1635	14869
-24121	-580
-9727	-7554
-5066	5750
-11015	-16409
14799	4318
11764	-4449
-8901	-5393
-17065	-25288
-1557	1448
-15853	-7883
-5051	10597
-7073	12512
9093	2789
-1666	-1202
4099	17453
6828	-1431
-9187	-4261
-16553	-33239
-2783	1417
5087	-2710
-8297	-8396
-6234	-11132
-8103	3751
-5059	-4890
6131	5581
6670	1221
-557	-1518
7381	-2045
14924	9358
-777	885
-2765	-11223
5000	4325
9938	5480
14279	7362
7061	6202
8759	15055
8395	-815
3132	1847
-4532	3776
-3618	10250
8568	-1742
-6972	-16416
32	-6122
6639	4285
7538	8468
-3301	-1174
7461	10767
-23816	-14759
-8636	-1556
5982	14762
-3260	-14346
1794	-2729
12515	8740
-1184	-1148
817	2807
10506	6307
9314	-13150
4601	3785
-3165	-12902
5503	7115
-65959	-35445
32	-5376
-6231	10071
-9144	-7447
-4071	2262
-2185	-4733
3472	9267
-8701	-20893
15186	1678
4616	19213
-19221	-16241
-2066	969
-6803	-15512
-29070	-17676
3840	1947
5427	14118
7360	3816
-7367	-25088
-18497	-28667
-2726	6237
-4309	6965
8080	23026
14268	4430
8035	489
9293	4200
-12554	-10419
-46736	-29137
5493	-661
-3837	-6005
-11966	-7610
2724	-6121
-54513	-15586
-7142	-2916
3708	9265
-3117	-4658
-3538	12709
13757	-11343
5737	6065
9121	-11311
1523	8460
3901	17095
2190	3511
-9194	2170
3391	2652
-3806	-7177
3355	-7872
-321	3799
-16197	-7405
8311	5309
10453	12258
508	-429
-3957	-11150
15029	15759
12008	4477
-21697	-20878
-3624	-1000
10825	18659
5235	3217
8540	11618
-4363	-5194
-1158	7340
5621	-10881
19770	13943
9737	6672
10445	16675
-1508	-20744
-20500	-9087
-3167	-6638
443	-3499
-6155	6267
-20494	-19080
9781	-610
17127	19808
-14849	-3701
6950	11754
2862	7228
-7532	-9683
6354	-758
-20719	-17863
5714	-735
-5511	-4576
4784	-12990
9910	-13583
2640	10862
-6684	1479
10946	12648
-6222	-10118
-14517	-3999
-7622	-2330
-1811	-1424
8001	9517
7325	6273
141	1701
7904	3732
13121	-8192
-7287	-10449
5230	-13667
-1760	-6364
1261	-24104
-2238	10018
-593	2409
5338	20901
8754	7996
5070	4214
1255	10514
-848	-3621
8196	-429
666	5326
2004	-2837
12017	-10551
-589	8701
-15199	-10018
9786	6597
-13623	-4993
1919	-4566
-4488	3081
-16059	-2890
-23289	-38094
7410	6329
632	-530
-4617	2688
5353	6033
3818	503
2270	-2223
8623	5913
7483	-1178
9801	21520
-2407	-1158
4773	2869
7093	10935
-11223	-11148
-9359	11355
-9365	-6107
6120	5955
-6309	903
2500	-7758
-15428	-4353
2108	-4322
6824	304
8590	18420
-13747	10530
-1989	-7194
5870	-4484
6370	-235
-6552	-16617
-9685	-18885
1724	-8405
8446	-18423
-7472	534
9557	-9261
2486	-6096
2046	-1321
6595	-6022
7605	-7875
9452	20888
-6191	-4240
-6081	-1748
8061	-476
12791	-2961
-7660	8540
-23843	-15425
790	3595
-396	-283
11142	2944
11318	6675
-1370	15635
3741	-13592
9584	-5357
-15160	2676
-9694	-2125
-12100	-4005
-4450	3985
12048	3198
1052	8990
7231	-21592
-7183	-11314
-4829	-19364
-22742	-20683
-9265	-579
6921	-10697
-5363	-14893
859	-3787
-5832	-9668
3474	-11989
14111	-102
1842	-427
4469	8727
-464	5222
4699	-6774
4419	-132
12168	-3847
8072	-4582
-3557	-1999
-13208	-8417
10461	11067
2176	-20423
-7746	-8501
9187	12150
7663	5137
-16025	-13412
803	-14930
1220	-18747
-5617	-8769
4090	13187
-42912	-24639
-10158	732
10284	11666
6461	11548
11630	-674
3502	2993
5740	18364
-5242	-4955
4548	10788
9366	9560
1858	-3739
-11	-10927
2312	-2489
-2908	6670
680	20322
9580	-1571
-1014	14751
9482	18538
7957	-7028
10120	19690
-1333	-5416
-14002	-18616
12994	6731
-3333	-4294
-3631	2124
-2325	-6642
10492	5275
-4639	-9188
12514	8578
-10259	-7568
5723	2901
-14288	-13494
3433	-19598
6482	13940
9166	5871
6151	18441
7504	-10154
36	2496
18380	22277
9488	-531
4067	5570
-3231	7267
-6037	-7516
-1359	-5538
13573	12856
-25349	-11181
7867	12718
-2815	4436
13213	-2172
6868	9780
10134	20798
6694	982
7748	-146
2531	-1156
2562	-7480
-18294	-9321
-85963	-41751
-3112	-7364
-13998	-6665
-10995	-4362
15226	10518
3918	3471
12282	8315
4891	-1744
5597	10850
14121	17168
703	-12111
6812	-3398
-18633	-16645
8027	19179
11489	3393
4697	-9193
12752	19003
9139	7660
-7861	-12399
-3420	-2988
-15489	2861
-11290	-7951
6348	-9537
-22437	462
502	-8538
-9818	-686
2548	5839
7591	1500
-7127	-2238
2888	-8521
2526	-9047
14518	14413
533	5162
-11832	-2024
-1904	-10058
-22493	-17586
5099	8223
8461	249
8955	3395
-9408	-1420
-15973	-8876
3506	4331
-16638	-18988
3698	-3652
-608	-7531
6844	3511
423	8051
9475	3430
334	3881
6289	1244
-7814	-24391
-168	-6962
-7425	-7248
13302	15427
11475	15272
3114	1861
-1079	-3837
749	-7938
-7706	-2211
10875	22856
14230	-227
5273	-10714
-12796	-6616
-7934	-3248
-9734	-7112
-7837	-19980
6270	3350
7811	4385
4799	-5014
-19880	-4036
-6069	-2964
7629	3528
10705	-1119
1218	-6414
-21057	-18283
-17779	-21389
-13908	-175
-1068	-1189
-1319	-13060
8849	2960
-15618	-18187
14520	-2583
-6255	6882
-541	15164
7556	-16211
-31222	-5330
9259	-10638
-6785	15498
-23522	-10714
8855	5448
-503	1330
5190	9517
1929	-24003
12317	5181
-6089	-8000
-9786	-5969
-7887	-12372
12485	21833
-4784	-7623
5842	16620
6387	10796
-15285	-10351
-12019	-7422
8559	-3151
4904	9724
2448	13703
2648	2145
5732	-8166
7414	3487
199	5069
-2004	-7822
6210	6924
-951	-11167
5755	16168
3092	-2306
13126	-11153
8521	10453
3413	-335
-18322	-4023
-1353	3201
-6463	3242
-3506	-21440
2330	-1453
10499	5394
-1637	-16544
8239	-11843
5254	4800
10060	-470
10578	-1921
8697	5275
-1303	-505
8449	17577
11068	136
-874	2654
6578	9210
5459	-7543
-736	3246
-4576	-1559
2207	-5870
1810	-4169
-2973	-24816
-14440	-5599
-8328	6306
-13465	-22475
-1850	-3133
10566	170
-7312	-22701
7650	-14066
-1111	-17228
8406	11132
7370	-27071
9610	3665
-1929	41
-12780	6538
11556	13482
-6686	-5400
-2594	6775
-18942	-23749
-2650	5007
-512	-5201
10093	5081
-16755	-15598
6474	-27403
-5915	11971
1668	-6671
-8352	-36571
14906	27299
2614	2643
9341	14944
9074	-3117
-8606	-13137
-8171	-2819
4788	-4531
815	8037
4608	5043
-743	-11157
-3951	7522
4509	801
1088	2284
7756	2832
10007	-416
7569	-737
-349	1907
-11018	-9355
7379	-490
-14347	-4514
-12549	-3242
9188	-2487
-2375	-14082
6732	14818
-6548	-9889
-2517	-2689
-959	-344
151	-9637
-15879	-14771
-17110	-29426
22	8892
-10888	-3875
18658	7664
8336	17556
-14716	-16192
-5648	-6395
1303	1895
-778	-11672
2886	11599
-1654	20145
9371	9285
-13513	84
3662	1725
7731	-8605
3805	10895
8327	-27955
-5531	-19090
-5902	1158
-8048	-2771
6329	-5745
-10557	-5521
9251	15255
-5000	-641
1500	8934
-8772	122
-7965	-9707
11439	1206
7982	7053
465	-4660
3735	6949
834	313
1158	-3232
10256	11544
8606	19961
8793	368
7338	17501
7361	9905
-9981	-2366
271	-2051
9046	9107
-2576	-80
-14722	1765
3685	22372
-243	-8192
-5712	237
-12132	-12087
-10463	1320
-3374	3252
12373	10518
14088	-11929
-8363	-7119
10712	1996
8121	-813
252	-11913
-5327	-10097
-3779	-13632
3104	-4460
7490	6864
-13807	3492
-11889	-14962
7234	-269
66	4980
-242	3498
1577	5497
-11800	-11226
5850	2022
6275	3596
2288	-6086
-2524	-1907
3415	9021
-19496	1067
9232	15082
5615	7174
2080	1438
-6835	3101
1664	8653
-799	3384
-3191	-8959
-2005	8190
-10494	-6992
8760	11271
8184	8387
6333	20360
-4424	5093
3576	-2654
-363	11220
4839	-16877
-81	6430
13529	5189
-38136	-11529
-2721	-5334
-135	1557
-13964	-1313
-11587	-10437
6098	-298
-1103	-4752
2462	9557
-4576	-18497
1431	10084
11844	-1955
-35832	-13067
6375	215
-1567	3920
7330	1207
17123	6431
10126	2373
6422	1975
4496	601
-1783	21409
-4466	-2864
-5347	-7523
7651	5954
-6001	-601
-6218	-5600
-2205	-5847
-4132	-6568
-11	19669
9328	-2741
5752	2355
-11007	3283
-3039	2371
2694	7979
7609	-7766
12107	11746
-19281	-15573
7861	19478
-1588	-452
-1293	-2971
2483	3170
39	12519
5807	12226
4604	11933
1605	19681
7781	6729
-12693	-3358
4069	3570
9038	-5152
-29722	-32021
-6044	-3102
3177	-10029
-2048	1928
-5876	-14693
5937	7716
-1488	3195
-4501	-18425
-13305	-19209
5051	-4298
-15032	-17902
-4280	-7186
13544	16741
2994	9293
363	-3615
-875	508
2265	8106
6673	7708
-6174	8259
822	-5308
5081	-14310
53	-8192
-9078	-12096
-4990	-1207
3565	4872
12295	5299
-5603	89
-7236	-7924
2605	12102
-6830	103
-793	9397
-3000	6714
6621	1950
77	6691
7069	5048
6375	244
-6805	-9859
558	1451
-7193	-6266
568	6567
-1496	14342
14074	10470
12610	803
-13581	-4319
-255	-13887
-188	3810
8420	12212
11263	4511
-1622	211
11864	-2400
8142	5991
-20489	1446
10794	16173
6038	5144
1916	-14379
-10648	2373
1892	7426
2587	2128
-12161	9134
2662	2605
2526	3984
963	1637
8198	6988
-3136	46
-2263	1378
-2158	7621
-12005	-16145
14579	13079
7023	16709
2866	1863
-20506	-13441
12862	3434
7173	8075
4617	-9259
-15388	104
3456	414
9618	15599
7351	-11796
6211	3054
436	-2973
379	12579
15223	12236
14569	15979
2421	10735
9828	7309
4286	5692
-1866	-327
12078	-923
-3804	-1248
15341	19159
3689	16002
-423	-3007
6330	10348
-686	-10638
7980	5334
-14399	-20322
5320	2597
-2169	4279
-2284	64
8294	502
235	6313
3422	4193
5775	-6367
9812	1000
14864	9835
-2702	1735
5508	7331
-11917	-17081
11346	4998
4673	2221
12561	6170
7081	-729
-7043	-1167
14795	1835
7286	-73
-8480	-16350
10599	-8068
-1330	-2752
1678	10022
-2187	-4537
6853	11712
-30701	-20143
-1055	11085
-101	-4082
5431	3505
9875	9073
4563	-5249
-907	-7451
-16461	-8258
1406	2613
-1223	8713
5994	-24441
-27246	-18196
-3173	3005
-854	-7001
7231	-2198
2411	3155
4529	2718
-8544	4007
1080	1619
3544	-8669
4388	-527
-9574	2923
-16946	-8454
3429	1533
14910	10277
4023	235
9311	6502
-1815	-5405
-5462	-5785
10441	4222
991	-1454
1296	-7145
9480	13416
-9688	-5095
-8398	-3551
12419	8795
1556	15577
16389	22695
480	12477
2479	804
2750	6016
-4502	-7403
5316	4073
-13267	6881
918	4762
185	476
1117	-6502
-27221	-6356
-11673	5808
4415	-860
-19088	-15408
-45	1386
5901	6736
9242	4972
3574	10604
10445	4293
-908	-9748
8658	-3135
4308	578
11295	4663
3940	2768
6738	606
11592	-14811
3685	-3675
6588	1426
489	395
584	7621
-39272	-8099
-16990	-16756
222	10016
7667	1222
268	14488
1446	-5430
-14777	-10760
-8043	-9482
4531	-416
12660	26843
-19560	-14248
-6654	6460
-9036	1041
5237	6662
12776	-2600
6517	15566
-1816	-2111
9527	181
-9007	-11715
-2068	-9269
4995	18676
-12168	-10881
-4977	-1424
395	-2502
12248	13902
16904	16254
12540	4116
2200	492
-1140	5491
-25839	-5345
3088	6189
13319	11141
5146	-20621
8810	7450
5778	5044
10546	-4486
6749	5540
5535	-1842
-35803	-19210
2829	-7713
-19211	-14583
11514	1292
12375	6955
-912	-886
-68	16041
5513	-541
2091	2542
3978	10880
-4410	-2557
-13499	-36
5825	-203
15788	4493
8957	7617
-2003	11022
4320	18948
2874	2298
-12256	-6507
-23495	-10953
2622	141
13732	6943
7127	-840
-5300	4735
-1018	10507
1082	-4920
36	-10672
9009	16382
7670	11728
3376	-3951
-10128	2511
14542	5314
-101	-10781
7944	4952
7627	1467
12244	-3975
-2572	-3272
1881	1427
-3095	-3322
582	5449
7834	8411
-3731	-7863
2303	-239
-11458	6294
-10452	-1964
7305	2454
-6198	-922
5407	7202
2300	8379
5641	12
12141	11450
2021	-2924
-4713	8814
4886	2994
-13090	-12082
-26392	-13439
-4533	-6694
10662	8455
457	2562
-4702	3582
3694	-8059
-32399	-13053
-8280	-8900
9272	12991
4426	10186
1008	2004
-36608	-9873
1094	-1776
-6864	-9701
-897	13827
-1962	-7265
7776	-5921
9585	15138
2443	9857
5167	5572
-12267	-6579
8572	19239
4209	13944
2040	-13430
-11895	6031
-3119	-10444
-14210	-7684
-13196	8306
12146	12083
-1236	22133
11605	-13602
-426	-9836
-20694	-4631
11576	3184
2313	18717
5828	2383
8489	16552
3437	-6152
1962	-8220
6471	8985
5543	-1679
-17736	-7352
-6763	7124
-9710	-11780
7540	14833
-4539	14240
12548	2101
778	3255
10540	287
-1781	561
11374	-3355
-23054	-21588
3894	13906
3439	3147
-5648	-8332
2390	14464
-4755	8509
-2219	-8895
8135	14247
-6826	4516
4922	-21435
-5458	2090
6860	-4137
-6233	3228
5095	9370
-31781	-20025
-1826	-4850
-17667	-5789
16248	-2095
2299	5234
-2889	-8661
-5290	-16082
4125	16882
-14212	-11305
7177	1548
6675	-529
-8908	-32754
1906	5204
7117	19078
-17424	2215
494	65
-6210	12912
4470	16476
-13887	-5454
-5197	-18390
6887	17279
-999	-3957
7047	7860
-1097	755
2931	19084
8796	7385
2324	4721
5055	17078
-7766	2760
-1239	161
616	-13989
-2817	3976
566	94
-11228	-3805
4120	-1859
4680	6449
-5625	-17929
1623	8248
-1331	-9877
-3866	6282
1789	-5553
7928	2750
-2024	8252
-10469	-12010
-4898	6901
-5175	-3097
3162	-1133
-23592	-8237
-2325	-4682
13164	5723
6775	-9623
-414	-552
6868	2058
-17215	10350
-3052	8769
9876	5538
