-3669	22
11168	25
-7117	15
-7052	15
-4899	2
20018	13
5776	22
7643	6
-14413	13
9901	22
11581	27
-438	22
-16668	15
-14923	22
14991	13
1451	22
-6214	9
-3333	22
13436	22
15496	13
1530	22
-4921	22
24243	25
-4381	22
3282	6
22295	25
-4467	15
-2736	22
22491	9
-6246	6
4364	22
1087	25
16122	25
8888	20
3242	25
22352	25
22395	22
-1408	22
1448	22
-10344	22
-8123	22
-2840	6
-11118	6
7609	6
-1456	22
-17830	6
-4557	3
-3305	6
15221	11
5340	22
6673	6
-2830	6
-6033	16
1498	25
-2677	22
-940	22
-1981	23
-13773	25
-3838	22
-4306	13
2183	25
13347	27
2198	22
-3045	22
714	9
-3999	6
-12892	11
-2538	6
-1075	2
23792	15
-3469	12
16796	22
-876	22
4200	6
-4658	14
-2613	22
10234	2
3898	6
10227	15
-8183	13
11112	6
-10674	6
-5217	6
-11278	6
3993	22
-12158	15
12871	22
4893	25
22378	27
-312	25
-10858	15
1544	22
-11924	22
-4710	15
-2959	3
-497	22
-4212	22
-19152	22
3915	6
-1697	27
-6313	27
1839	25
7116	6
19161	4
349	22
2115	22
1150	27
-9819	6
-9204	15
5456	17
-2816	17
-278	6
-8513	6
-7876	21
-9930	6
-4873	13
23941	13
-6569	22
57	6
2270	6
23555	22
-1077	25
-7108	9
4358	21
-12452	6
3005	22
8189	27
-9128	22
-1154	6
-12761	15
259	10
21990	8
3409	15
3447	9
14182	22
-11681	24
-9779	25
-4022	22
7006	6
-4702	6
-6450	13
24257	28
11527	22
-7805	6
-1925	15
14130	12
-566	22
-1455	22
-8225	22
1262	22
-2206	22
-15334	6
-3196	13
-8216	6
-5257	22
-5532	3
15439	15
9134	9
1461	16
-10532	14
-6265	16
23078	2
1701	24
-2165	6
-7023	27
11290	10
-6571	9
-13255	22
-9026	2
-478	14
-6124	6
18327	14
22874	6
-3179	25
16230	17
-5923	18
20310	22
-731	22
9023	25
-5680	16
-12742	25
-2950	6
14061	22
-1093	22
1037	15
-3244	6
-4857	6
18934	20
-5746	15
-19751	22
-9542	22
-3946	9
-6084	22
-3425	22
-4220	22
-6567	25
11776	15
-4003	24
-6319	16
-2852	22
-3535	1
-3597	22
745	25
7488	22
-5511	22
14809	22
-4263	14
-9484	4
-728	6
4447	14
-3017	13
2593	6
-3318	21
-5061	3
-1567	14
-5941	6
-3837	6
-10314	22
-4341	22
3035	15
-4476	27
-4314	22
9152	25
-1913	13
-1835	6
16882	12
-1983	2
9784	2
4819	22
-5308	22
2016	22
21726	13
2791	2
-6692	15
8136	21
-12075	25
559	17
17032	22
3473	25
-12040	6
23804	18
3020	15
-407	16
4911	6
11715	6
-9103	22
5545	25
-7373	21
-12626	27
-444	13
3021	15
-5467	22
-6262	13
-5610	18
-1741	22
68	25
-2596	15
23956	6
2874	22
630	22
-10691	25
9049	6
-4756	18
23636	26
-7731	6
-3012	25
3257	22
-17685	16
2879	3
1657	9
-1965	22
1302	22
652	22
-17618	22
-7383	6
-3953	18
-3068	10
-4600	25
-11872	25
2310	6
-2550	16
-1017	15
-2435	5
-17302	16
-3405	22
22305	25
-9012	6
-3682	15
-1899	6
-11660	15
-147	27
-14957	6
6745	6
-3466	6
-5401	22
-2138	20
1123	6
-7678	12
8096	13
24183	2
23719	22
5441	22
-7682	25
23691	15
-6032	22
17643	6
22057	12
-12537	6
-6174	15
10724	13
-7026	13
6755	22
2353	6
-9832	25
-7228	6
-6476	25
-5271	25
-4016	25
-11281	22
7600	13
-10407	22
5463	27
-1756	22
12376	18
-1406	13
-9231	27
2766	27
-6085	22
15949	16
-3928	22
8859	26
1329	22
-2265	6
-9588	15
-15980	25
1681	15
924	6
12475	22
10856	6
-2735	3
418	13
-2434	15
-10824	6
-12807	6
-5596	16
-15337	16
5399	6
-8509	25
1200	6
-4444	15
1373	6
-706	3
-1341	25
-2981	22
-14182	15
-7435	22
-12179	14
813	10
15603	27
-5942	27
21951	25
-16341	6
-6219	6
-6069	3
19221	22
3671	25
-2297	16
-11016	14
-11452	14
5493	16
218	25
-4828	1
4632	25
-8940	12
-15880	15
-2742	6
547	22
-17857	3
-10512	22
-6672	25
22857	13
-22125	27
-4744	6
-6703	22
-4307	22
-1062	6
-18692	27
-10461	6
-5463	27
-5282	22
-8695	22
4178	25
-1214	6
-2533	6
8946	25
-8400	14
-14999	6
20017	22
8284	15
-14517	15
-9464	15
14349	24
-4264	22
-5099	15
-6619	22
7680	6
-461	22
2112	22
-11564	26
-13583	6
232	22
-9846	14
7014	6
-675	6
4473	22
7768	24
-798	13
-7029	22
-2536	11
-16374	6
-75	13
-2061	15
8488	10
-672	18
5807	25
-4201	15
8959	6
-11229	22
-15953	3
14582	22
-4147	22
3901	6
-1469	14
2109	2
-9468	6
-11216	15
18826	10
22822	22
-9521	22
-3055	9
-7013	6
-5054	29
8528	3
20592	3
-14256	25
2324	22
19966	24
-4386	25
11227	22
-12343	1
-4259	3
1456	22
-5696	25
-13144	13
-857	22
-10937	6
15512	5
-3005	22
24080	6
19096	6
20206	22
19716	15
12111	12
-5233	16
-13681	25
-2351	22
-6121	6
-6047	22
-25141	6
-11289	6
-4406	25
-407	25
-8761	22
4008	6
-12568	22
3523	25
799	1
17770	22
1430	22
-571	22
-16830	13
-14092	15
-3794	25
-785	13
-6226	6
-8526	15
-8144	10
1957	18
-2502	10
-4470	25
297	3
-2560	25
3472	22
-1491	6
-7452	22
11297	13
24252	13
-4146	22
8939	22
-7230	6
-793	13
-9187	22
12174	15
-3117	12
-3338	25
-8013	2
-5332	11
17329	18
1497	6
-4760	22
-10291	6
710	22
1811	3
23602	13
21604	19
-6077	6
12283	21
-10437	22
-4381	13
-6699	13
2435	16
-23814	22
-2088	6
-1279	22
-27848	6
480	25
-6080	22
-3692	22
22695	21
3638	25
1875	13
-1415	27
-1658	6
7926	20
14628	27
-10607	2
1979	1
-16197	6
10215	6
1461	22
7669	14
7521	25
-8459	22
-1963	22
-2068	22
-7938	16
-73	2
-1760	22
2076	25
334	6
-6463	25
17990	25
-5212	23
-5851	14
2610	25
20061	18
-10289	25
1839	14
-1701	15
1475	22
-6949	22
22504	18
14495	2
-12484	22
-5252	22
6167	9
22459	6
-2286	13
-8504	6
-9559	3
4445	22
5461	2
-3911	22
-6594	6
-12504	22
-10704	13
7716	22
-5273	15
-13067	27
-7417	25
-4190	25
-5195	2
-688	22
17842	24
-4493	16
6152	16
2624	2
4933	22
-3028	13
-11771	4
-624	22
16899	27
11475	22
-8551	27
-7195	22
-3977	6
2109	25
-4924	6
-12564	22
-3901	15
23309	13
3815	27
22097	24
-6438	27
9133	22
4434	22
17212	2
9797	22
9755	25
8003	22
-5298	22
1357	13
-15161	16
-3995	10
-2921	9
-14151	22
18110	22
-3509	13
1716	27
3893	15
10397	24
23314	6
-5059	22
-6355	22
10988	19
-2712	15
13827	9
-1753	22
-2753	22
87	22
-4497	6
-6105	6
162	6
1509	22
24205	22
10263	27
1287	6
11972	13
3433	1
22092	25
7085	18
7164	6
-5392	4
1122	3
13277	27
-4443	15
-3032	24
23260	27
16510	22
-729	16
-1392	1
11334	15
-10847	22
-10270	22
-1358	22
-4637	22
-6638	6
-4035	17
-2654	18
-9620	22
-12674	3
-12421	2
-188	27
23630	25
-5419	10
7776	1
-2567	22
-21297	22
-1169	23
-3700	13
869	29
-8492	25
-7557	22
-9137	22
-3165	14
-8449	16
8103	22
13597	13
5616	16
-11731	6
1044	15
-11788	6
-4890	15
1079	6
-4260	25
-8856	14
-4368	22
13777	25
7519	25
10165	22
4373	6
-4507	6
-16378	22
-6711	15
12832	22
-9537	27
-7439	22
-15706	25
-4285	22
-16341	6
-4789	18
9195	27
2593	2
23069	6
2217	1
-14501	27
15298	15
7824	3
-9052	6
4159	6
-4847	25
-1022	6
-1928	3
-4414	15
-1251	3
9196	22
-2846	11
-4992	13
-3375	15
-4347	6
-1604	6
470	6
19879	27
-221	6
5301	13
-8418	22
-7899	22
213	25
24263	22
-9389	22
-4432	25
4021	13
3343	22
-1847	22
2293	10
23675	3
3463	6
-5452	22
-3611	12
-5578	20
-12357	22
-5273	6
4661	6
-2006	6
-755	22
-18368	25
-1457	1
14973	27
19275	12
3261	22
-15138	6
-5600	25
20847	13
5047	22
2031	22
-5125	23
-1295	25
-3200	15
4372	3
13339	23
8171	27
-1943	25
20266	9
11082	8
-21401	15
-8242	6
7237	22
-7426	22
22374	22
-3732	22
18189	6
23856	25
-3779	28
24059	13
-8456	22
4327	18
22706	2
-1819	16
-1307	27
724	22
1037	25
-3413	27
-2783	13
-8006	15
23436	4
-3660	22
-4697	22
4602	22
-3908	13
-340	16
-7564	15
-845	18
2592	22
-10473	6
-3651	15
-12724	22
-4100	6
3944	3
-6375	6
-4999	6
4779	22
-3071	25
-3532	27
23689	9
-4955	27
518	15
-1425	13
-2401	25
-11531	6
-4729	6
-4880	16
17001	13
23320	13
24137	22
-3719	28
-9403	22
-4044	22
-2256	15
1739	3
5631	6
-11017	25
1390	22
8047	27
-2172	22
2715	6
2956	27
-22774	22
-5814	15
-10550	22
2517	15
-3527	22
-6003	21
3895	15
-3150	7
8547	15
750	25
-4711	22
-5463	22
11960	5
-11638	13
-8981	25
3634	15
2365	21
-5490	22
-17015	20
-8412	6
-121	6
445	22
-9130	27
22297	6
23069	2
-6934	9
-6696	22
1764	22
-1172	24
-7035	22
-4436	22
6932	13
-2594	15
-6812	3
-3479	6
-12122	9
-1708	25
-15588	27
-4682	15
5311	22
-8113	3
-4724	27
-15694	11
-1484	6
-7976	24
19156	17
16823	6
-5538	13
1308	6
-110	22
13372	13
-9563	22
95	15
-3254	15
-5307	6
-7322	22
-9953	15
288	16
-2437	15
17694	29
-6114	13
-4612	22
-6957	22
4453	22
-10008	22
-1540	25
1182	14
-4100	22
2819	27
-1301	13
-5253	21
-4544	15
3476	6
-5836	14
6523	18
-4129	13
17629	22
2280	22
-826	22
-4824	6
22761	16
435	15
-2147	25
14399	6
-11483	6
-15595	22
-17885	6
4679	22
5509	6
-11686	2
892	22
-6314	6
-5426	25
-4941	25
-1042	22
1227	22
21055	22
-20398	27
16533	6
-6199	25
6434	27
15780	25
-1403	24
-4083	22
9096	6
-6714	6
-3762	22
13851	25
-8640	22
-5006	9
-2306	6
1565	9
-773	22
-6285	27
-6055	25
18752	13
169	22
-11097	27
-12707	6
-9156	13
2294	3
-2701	15
-1018	24
3691	18
-15680	22
-2394	3
-3795	26
-10066	22
-261	3
10978	16
-7978	22
-7287	18
3496	6
7528	2
1188	22
-2099	22
-6674	6
-897	23
-6225	15
3008	22
-2279	3
-8866	22
6195	17
1735	11
-16137	22
-6511	17
-2845	22
1368	6
13057	6
-6124	28
-608	6
4395	6
23495	4
-1734	25
-5400	27
-2099	15
-2835	22
185	13
2519	21
-4410	6
21301	22
20206	13
-2412	22
384	6
-3972	3
-6532	22
-5075	2
-138	13
-6722	22
-2963	6
-925	22
-5288	24
-1762	6
-744	13
-9840	27
8228	14
1063	27
-735	15
-7841	6
1217	22
-4656	25
22522	13
-5892	22
803	22
4364	16
4811	22
18339	13
19170	6
-6488	22
14755	11
4594	25
-5420	22
-11010	22
12132	9
-12548	6
-6882	1
-6833	12
-2598	25
4007	6
350	8
3032	15
-3195	22
-2802	25
-8232	17
-5878	6
-3175	13
-4054	6
757	22
3681	25
6425	27
16763	27
11601	6
-3549	13
-8539	20
11305	21
-10944	14
-3370	6
18015	24
-6271	10
-13115	25
2621	15
-13365	26
3495	14
-10465	22
-3508	20
-2014	25
-11871	22
8718	25
-3436	27
-3610	13
-2654	22
-2717	22
1450	20
-1598	22
18542	6
-3319	13
5248	26
-4745	22
14148	27
20852	6
-13815	6
-1260	22
-5451	8
24143	6
21637	16
-12472	6
-3143	15
-9559	22
-17691	6
1341	15
3577	22
-15486	22
-4062	22
-8335	6
-4046	22
-11081	22
21249	13
493	6
-2054	6
-8247	6
3754	6
-8735	6
2929	16
12456	12
-4949	22
1139	13
4007	22
-4221	22
-5980	22
12606	13
-12095	25
-4963	22
-3301	22
1318	22
-7702	25
4511	6
-11059	6
-6681	22
-7485	25
6086	1
-19238	22
-3793	6
-6410	27
2590	6
21253	6
-918	13
13524	6
7902	6
599	18
-6949	9
-14168	13
-3200	13
-5447	6
5234	22
-837	13
2977	6
-16032	6
-30282	27
-8542	25
539	2
10179	11
875	22
21464	10
22287	13
-5824	14
2017	22
-4769	13
-8524	22
-4843	11
-9278	6
-10592	15
23123	27
-8143	6
-960	15
-1178	6
20532	13
-3889	15
-3924	13
4737	10
-211	22
-11934	6
-11825	6
-2987	15
4791	6
-11336	22
-13076	22
-3138	6
-4554	22
22961	25
-4546	12
10537	22
-8999	26
-4332	9
-8779	6
-3022	27
23293	2
15475	4
-6386	22
23871	12
-7148	9
8875	27
774	6
-16280	22
-5560	22
7354	22
-3185	6
-2791	15
-3215	6
-10964	13
12060	22
-422	6
-277	22
1346	6
-14178	25
-2549	2
19354	8
-1427	22
-9364	13
-1024	25
-833	2
4249	27
18652	22
-4874	22
-2512	6
-9585	3
-11070	22
-626	18
-5195	13
3313	18
-5040	21
5965	21
-2818	22
11449	15
12588	3
-1490	18
-1191	13
-18481	22
799	6
1357	25
5482	17
18503	22
-1389	6
5203	6
-985	22
-8691	6
-3179	6
5245	6
-18365	6
4937	13
-5088	14
4548	6
2924	15
19114	9
4661	6
-3208	27
-4736	22
-15299	9
-4561	22
-2720	20
-16962	12
18386	13
21	21
-761	6
5427	6
3142	6
18053	13
-1488	2
-2574	13
-8408	22
-4667	27
-7623	6
5021	22
-1047	22
19696	17
-8449	14
535	22
20583	1
-4468	6
133	9
-2887	6
-8033	25
2392	12
-9884	5
13283	3
-3830	22
-2232	25
-7316	6
1359	6
-10905	16
375	15
4373	6
22193	14
7346	16
-10998	6
-5739	22
3156	2
-2739	22
10	6
-21989	22
20838	13
6009	22
-3426	22
5419	27
-771	25
-2722	25
-8186	6
613	25
4875	6
-6489	22
9781	15
-13188	22
21647	5
-9296	6
-10439	16
-6619	1
-7027	22
10138	27
21495	3
-6819	22
24265	22
-1063	22
-5157	13
3755	13
-13120	13
-530	6
19828	1
956	3
-5290	8
1942	15
-20207	15
-3672	15
-8462	9
-17246	20
-6241	6
18557	27
-7259	22
-1648	6
14676	14
4520	6
-7057	16
21338	22
-9511	6
-7787	25
7144	1
3606	18
-9599	22
-2536	22
-8413	16
312	22
-6899	14
-6290	9
-1733	25
5448	15
-8507	6
-6406	3
-5116	13
-3796	6
-6866	27
-6223	22
-5422	25
-8286	22
-5839	22
-6640	25
13522	6
-4223	22
17198	22
-4269	22
18897	15
990	6
22539	1
7002	27
-5786	16
-2032	27
-4963	22
-3368	16
-6738	24
10401	13
2905	22
-7951	22
9705	25
3011	11
2512	6
-7156	27
1400	6
-2376	9
1017	3
15803	14
-2574	29
9139	6
-1687	6
-27	16
19941	17
-12158	6
-5727	25
5847	25
-7529	22
12506	22
23039	6
-6384	6
-10046	22
-9825	22
-8117	6
24266	1
-4505	15
-5782	13
-1288	3
-1536	22
-7309	22
9731	6
-5570	16
-12111	22
-14948	13
-13987	22
-11340	6
-18245	13
11256	6
267	25
-401	21
2697	22
-6994	3
-1016	22
-16267	6
-6594	22
-2404	15
16205	11
-1421	2
-609	22
-7999	22
1560	25
-5108	25
-9631	22
-5415	1
19468	25
-5377	22
1338	22
-1923	6
9395	18
1848	6
-218	22
4373	27
-1261	25
24264	18
18713	22
12585	22
-16301	22
-6044	3
849	25
13087	6
-564	22
3415	6
11200	6
9733	21
-1996	14
-12063	22
5329	27
-1178	27
19741	18
-7239	25
-18631	22
-3083	15
-33	3
-7825	15
23043	22
-4893	25
5770	15
22564	18
-4001	8
6116	22
10342	13
-16804	6
4248	22
-3206	22
-2688	22
9940	15
16014	6
6536	25
-15847	6
2915	11
-1453	13
3446	22
-3192	22
8430	16
-106	6
-772	23
-11657	22
-12720	6
-1664	22
-1339	22
-14058	22
-1300	6
-1123	15
-1446	6
-2242	22
-1366	25
-154	13
-2259	22
14410	6
9046	12
-10922	6
-3502	6
2175	25
-6875	27
-6643	22
363	13
14023	28
-7497	6
-12536	22
6888	16
-5220	22
-7833	3
-12042	14
22624	6
-6141	6
11428	15
-94	25
4332	21
-6924	22
21858	13
-8088	6
-4303	22
8786	13
22269	15
-5673	22
-4494	22
1256	6
6006	22
-9538	22
-34164	22
4717	22
23759	15
23375	13
-6796	6
-3213	25
3241	22
-3104	25
-4675	22
14020	23
-4367	6
7119	22
-13298	2
-15140	12
15023	14
3898	6
3814	4
8178	27
-4319	11
-7519	22
6309	22
1984	25
-4577	27
7517	16
16602	2
-18758	22
15218	22
-996	25
-12172	4
-17513	6
12142	13
-15751	22
-13216	6
-4406	22
-656	25
5449	13
-7403	25
20936	13
-8904	6
-3308	8
-3964	6
-5350	3
2462	27
-8051	6
-5735	6
5737	27
24244	27
-27	22
-6080	25
-14581	22
7826	6
-7191	15
-1331	6
-2589	6
4106	9
-8694	2
2440	22
-6766	25
-5902	1
572	3
-4040	22
24058	13
24070	15
-3198	25
-3322	22
4316	6
2152	25
16365	13
14854	25
14466	12
24179	22
-1377	25
-6302	15
4113	27
-19554	22
-5809	6
-7070	16
-1693	22
-19835	22
-3777	25
-5280	22
-12902	15
863	2
-11524	1
-4849	15
19379	22
5060	6
24135	16
-13430	18
-5591	22
-1231	1
18310	28
17361	22
-13907	21
139	9
-15393	22
738	6
5104	22
21672	24
3397	6
-12003	25
-3008	22
-10148	22
100	27
21999	22
-2969	22
-11060	25
-12509	13
-1789	16
-3589	25
-1719	3
8	22
-8573	6
-4684	25
-2765	22
13532	13
-6745	27
-12650	22
316	6
702	4
19054	16
22112	12
-11768	22
-255	18
-5590	22
-10374	22
-3433	3
12094	22
3080	13
4848	15
-6479	22
741	16
-5335	6
-3685	3
-2524	1
10077	12
5317	7
8293	22
23594	22
2177	15
5082	6
19032	11
-6960	9
2163	3
-12305	16
-5733	13
5174	17
22105	6
4964	22
5096	13
3750	26
2557	22
15051	12
-7206	27
-5772	25
-4720	28
18395	18
-3080	16
-6071	25
-15806	2
1008	16
-5305	22
19159	21
-1906	25
-8328	6
-2692	22
594	27
-1490	6
-5761	10
-5028	3
22303	14
