-790	548
-731	-1433
-808	-1362
-818	-837
-819	-1397
-818	-1409
-661	-1024
-780	1466
-790	-1097
-801	1267
-767	-1390
-565	-1202
-809	-1432
-767	-1392
-659	446
-614	-1430
-622	-1359
-796	-1130
-823	-1420
-792	-117
-635	-1216
-801	-997
-724	-581
-761	-1227
-792	-1404
-819	-1274
-815	-1433
-789	-1430
-812	-628
-808	-1399
-820	-1413
-702	-1363
241	-1417
-808	-1422
-310	-1367
-778	-1267
-314	-376
-819	-1433
-737	-1371
-818	-993
-816	-898
-780	-1409
-818	-1260
-818	-1409
-816	-1304
-820	-736
-805	-1391
-665	489
-808	-1361
-820	-925
9472	-347
-803	-792
1733	-1099
-823	-1423
-809	-1380
-796	29618
-400	-1334
-812	-1374
-820	-1355
-819	2123
-780	-383
-580	-1204
-812	-1383
-797	-1358
-814	-1423
-286	-1326
-811	-1418
-807	-1005
-807	-1314
-785	686
-808	-1433
-822	-1428
683	-1398
-766	-1360
-574	-1364
-818	872
10858	-867
-822	-1413
-773	3118
-774	-1381
-795	-1343
-780	-1419
-793	-1132
-819	-1425
-823	-1110
-699	-971
-818	-1425
-775	-1395
-805	-1346
-823	-1433
-781	-1428
-633	-1335
-793	-667
-815	-1201
-234	-1400
-823	-1104
-754	-1420
-646	-1431
-804	-1431
-604	-1255
-691	-1433
-818	-775
-800	-1421
-808	-1384
-816	-1284
-808	-1182
-815	-780
7916	-1421
-800	-1422
-756	4005
-814	306
-822	-1352
-805	-1392
-818	24680
-814	-181
-656	-1422
-803	-1419
-761	-145
-667	-1430
-812	-1397
-626	-1360
1648	-1431
-803	-1419
2808	-1409
-822	600
-773	-1424
-641	-1430
-785	-1428
-766	-1343
-571	-1255
-818	-483
-653	-1149
-822	-1408
-784	-1181
20355	1706
-782	-1116
-822	-1376
-687	-1337
-816	-1268
-718	63223
-820	-1426
391	-1358
-823	-1422
2035	-1143
-741	-384
2498	-1421
-823	-1434
-744	-1350
-499	-1144
-780	-1373
-807	-1424
-793	-1426
-820	2904
-698	-1025
-792	-757
-811	-1326
-796	-1281
-804	-1416
-573	-1408
-767	-1396
-818	-1373
-811	7832
-577	1437
-822	-1373
-814	-1392
-743	-1112
-822	-477
-818	-1222
-771	-1431
-807	-459
-521	-1426
-818	-1191
3751	1216
-790	2050
-809	-1430
-819	-1426
-740	-1339
-797	-405
-812	-1378
-816	-1295
-682	-1433
-814	-1433
-544	-1215
-684	-1252
-820	-1396
-784	-1131
-819	-1402
-818	-1421
-807	-332
-822	-1413
-797	1678
-797	-580
-822	-1425
-815	-169
-797	-1376
-795	10693
-592	-1430
-819	-824
-816	-1403
-762	-1384
-819	-1092
-608	-1115
-416	11263
-822	-1339
-809	-990
-822	-1429
-820	-495
-780	-1369
-616	-357
-809	2266
-820	-1415
-814	-1426
2468	-1239
-604	-1355
-814	-1271
-809	6614
-816	-1169
-710	-1408
-814	-1380
-712	-812
-697	-1422
-728	-1433
-714	-1432
-293	-1410
-823	-1421
-815	-1062
-814	-1227
-770	-1432
-823	-1423
-796	39443
-771	-1395
-801	-1310
-679	-243
-815	-1264
-819	-744
-815	-757
-816	-1434
65	-448
-344	-1422
-805	-1275
-679	-1321
-820	3233
-823	-1430
-818	-1379
646	-1385
-718	2647
-789	-1430
-693	-899
-512	21
-819	-1426
-393	-1395
-822	-1387
-748	-1430
-797	-1431
-789	-1177
-785	-1386
-811	-730
-343	-619
-763	-1351
-820	-1405
-795	-1299
-816	-1336
-823	-1369
-756	-832
-807	-79
-822	-1425
-819	-1040
-796	-1340
-707	-1408
-767	-727
-797	-1416
-792	0
-816	-732
-811	-1105
-741	-1075
208	-1412
-811	5953
-820	-1327
-808	-248
-777	1912
-761	-1012
-493	-1434
-799	-1343
-769	-989
-814	-1333
-718	1709
-816	-668
-630	-63
-611	-1406
-801	-1123
41	-87
-819	-569
-818	-1408
-479	-1383
-820	-1325
-818	-1431
-788	-1202
-767	497
-803	-812
-811	-1412
-819	-1419
-781	-1428
194	-1293
-762	-1144
269	-1188
-809	-1386
-804	-1418
-735	112
-820	-1196
-818	-1425
-815	-1164
-671	-1430
-815	-1118
-811	-1232
-820	-1422
-618	-1413
-812	-1417
-818	-1432
-822	-685
2637	588
-788	-1411
-818	-711
-796	-1032
-820	-600
-516	14385
-800	-1425
-754	-732
-796	-1285
-554	-1401
-785	-1359
3017	-1259
-818	1075
-142	-797
-741	-1431
-820	-1262
-766	-1382
-820	-1353
-797	-1364
-614	-1302
-805	-1148
-762	-1378
-823	-437
-797	-1406
-795	-1416
-816	-1214
-774	-1244
687	-1429
-765	-1084
-801	78
-820	-1415
-812	1493
-657	-1277
-808	-857
-808	-1420
-554	-1169
-809	-1422
-800	-1399
5718	-1396
114	-1408
-816	-601
-754	-1426
-671	-1342
-752	-1298
-809	-948
-819	-1428
-557	-1334
3406	-1188
-823	-1410
-796	-1265
-755	-1416
-495	-1063
-748	-1402
-815	-1373
-809	-1099
-780	-1433
-739	-981
-815	-1354
-822	-1353
-618	-1433
-775	-1432
-274	-1312
-724	-1416
-819	-1337
-819	-1038
-819	-1373
-823	-1424
-790	-855
-763	-710
-820	-1382
-800	-1027
-811	674
-766	-1409
-822	-1332
1042	-1298
-812	-972
-618	-1402
-809	-990
-792	-1154
-807	-1428
-720	-1345
-819	-1432
-737	-1321
-804	-1364
-796	1242
-805	-1337
-418	-1400
-823	-1432
3513	-1317
-811	-1116
-812	20011
-629	-1173
-781	-1431
-799	-1419
-510	-1413
-747	-1208
-811	-1124
-790	-958
-780	-1362
2787	136
-822	-1428
-815	-1302
-352	-1428
-771	-818
-790	-1385
-797	-1262
-816	-1412
196	-1393
-799	6268
-808	-1364
-818	-1124
-822	-1433
-774	79424
-822	4946
-819	-1330
-270	-1425
-820	-499
-822	-1426
-189	-1434
-755	-1419
-820	-1433
-803	-1399
1410	-536
464	-1344
-814	-1382
-769	2742
-793	-1360
-816	-921
-765	-1422
-774	-1291
-531	-1391
-818	-1406
-819	-1316
-756	-1362
-784	-1411
-823	-1344
-819	-1181
-807	-418
-789	-1406
-804	-924
-822	-1433
-814	-1143
-804	-1431
-823	-1429
-816	-1419
-807	-1338
-812	-540
-804	114382
-714	-1424
-799	-1062
-811	-1419
-735	-1392
-815	-574
-811	-1406
-573	-1105
-822	-1320
-809	-1122
-811	-1415
-820	-1422
-687	-1312
-773	1168
-648	-234
-752	-626
-818	-1135
-795	-1389
-822	-1286
-816	1695
-426	-1393
-819	243
-822	-1106
-818	-96
893	9618
-801	-1376
-815	-195
-554	-1371
-761	-1303
-761	-1353
-744	-1067
-820	-1396
-823	-1433
-801	-1430
-517	-1431
-822	-1433
-792	-940
168	-1416
-822	2459
-440	-1333
-784	-1426
-731	-1337
-818	-1361
-797	-1415
-816	-1258
-819	-1426
-805	-1406
-774	-1402
-819	-1371
-599	-1419
-823	-1433
-801	-734
-804	517
12576	-1422
-796	-1379
-820	-1430
-671	-130
-822	-1146
-790	-1420
-785	-318
-819	-1413
234	24578
-812	-469
-716	-1027
-820	-1333
-792	-1374
712	-1432
-754	-1426
-805	-1391
-793	-1424
-792	-1346
-588	-21
-820	-1413
19456	-1168
-820	-1432
-797	-1079
-784	-1272
-785	-1395
-419	-1432
-804	-127
-818	-1337
-690	-1240
-687	-1325
-812	-1413
-743	-1148
-774	-1412
1485	-1415
-809	-1413
-820	-1413
-818	-1159
-823	-1425
-819	-470
-823	-1405
-739	-786
-789	532
-785	-1358
-808	-1431
-815	-999
-819	12240
-767	-1051
-703	-908
353215	354
-86	-1213
-822	-1380
-822	-502
-773	7071
-815	-1346
-820	-1424
-812	-1397
-812	-1127
-189	-1415
-778	-1356
-814	-1428
-675	-1410
-814	-1404
347	-1426
-792	-1380
-792	-1169
1450	-1399
-811	-1364
-805	-1385
-161	-1433
-796	-1413
-820	-1425
-803	-1432
-807	-1424
224905	1299
-790	-1426
-801	-1351
-713	-1114
-822	-1313
-818	-1344
-746	-1279
-777	-854
-809	2015
-797	3103
-811	-1391
-823	739
-820	-1403
-571	-1258
-811	3821
-819	-1430
-512	-1411
-800	-1413
-755	-1383
-804	181
-777	-1365
-814	-1391
-433	-1380
-710	-967
-542	76
-812	-1433
-759	-1312
-559	-1425
-668	-1419
-661	-1422
-818	47312
-805	-1324
-727	-1294
-820	-1430
-820	-1432
-816	-1384
1062	-1157
-814	474
-819	-1271
-822	-32
-763	-1409
-816	-1400
-823	-1335
-780	-1189
-661	2282
-803	-413
-819	-1372
-820	-1331
-805	-1433
-818	1733
-801	-1201
-797	-1409
-823	-1434
-822	-1292
-814	-1420
-808	-10
-816	-1409
-799	4206
-816	-1393
2015	-964
-820	-1418
-811	-1232
-809	-1403
-818	-715
-803	1042
-792	-1227
-807	-1432
-814	-513
-105	-1425
-795	1622
2965	-1412
-818	285
-562	-1403
-501	-654
-811	-1027
-822	-1166
-822	-1075
-819	-1343
-812	-1413
-816	-1376
-683	-1323
-344	-1419
-819	-1374
-820	-1130
-449	-1385
-788	-1431
-820	-1258
-816	-1415
-690	-1277
-735	-1405
-775	-1088
-763	-1372
-812	-1424
9991	-1433
-736	420
-823	-1424
-803	-232
-804	-1326
-744	1769
-819	295
-820	99
-808	6707
-635	-961
2370	-1357
-803	-1403
-805	-192
-426	-477
-819	-1433
-820	-1429
-811	-1099
-809	-1164
-788	-1083
-804	478
-823	-1187
-822	-1426
-816	3680
-792	-1359
-800	-1386
-814	-1310
-803	-1264
2305	-1396
-705	-1251
1636	-1432
-482	6778
-819	-1418
-803	-1280
-468	-1420
-808	64364
-823	-1265
-804	2649
-752	-1428
-607	-785
-773	-1409
-653	-1303
-820	-1409
-797	-1359
-788	-1431
-784	-265
-808	-1431
-814	-1430
-746	-1428
-625	-1433
-820	-1257
-800	-1312
-735	-1334
-735	-1406
-818	-1350
-786	-1163
-822	-410
-756	1444
-807	8594
-686	537
-811	-492
-755	14083
-820	-1340
-816	-1300
-822	-1241
-781	-1130
-818	-1413
-782	-1403
-748	-1426
-801	-1412
-792	-1401
-816	-1323
-799	-354
-782	-817
-799	-1251
-767	-1327
-790	-65
-812	-1422
-818	-1389
-819	-1245
-811	-317
-815	-1415
-775	-1428
-676	-285
-38	-1400
-796	-122
-766	-1433
-777	-1415
13470	-1016
-774	-1268
-795	-1392
-814	4873
-811	-1412
-823	-1190
-765	-1412
-789	-1326
-823	-1408
44971	-982
-804	-691
-754	-1422
-797	736
-811	-829
-815	5436
-807	-1429
-803	-32
-819	-1249
-820	-1386
-812	-1433
-781	-1363
-819	-1406
-790	-1428
-803	-1279
-823	-1417
-811	-845
-818	-773
-252	-1405
-820	-1397
-737	3040
-815	11956
-709	-1426
587	-1366
-793	-1071
-811	-1382
-820	-1196
-816	-1360
-785	-1261
-823	-1010
-800	-1318
-812	-1188
-811	-99
-816	-781
-736	-1421
-819	-345
-803	-1401
-797	4716
-820	-1425
-797	-718
-566	-1399
-752	-915
-807	15432
-822	-1324
-807	-1432
-788	-1421
-746	-1411
-814	2403
-778	7997
-804	-1360
6773	-1406
-807	-1069
-801	-1202
-773	-1077
-822	-1402
-588	-868
-815	-1272
-815	-1065
-823	-982
-823	-1434
-814	-1381
-822	-1409
-457	-1433
-814	-1026
-627	-1274
-811	-1378
-665	-1418
-619	-1425
1399	-1432
460	76
-781	-1297
-809	-1419
-811	-1413
-795	-1403
-789	-1339
-822	-947
-807	-1318
-765	-1375
-565	-906
-721	-709
-811	-1416
-767	-926
-811	-1357
-814	-1342
-822	-1397
-816	-74
-774	83948
-793	-1203
-755	-593
-724	-1303
-812	-1406
17530	-1403
-803	-170
480	-1431
-822	-1432
-822	-1430
-800	-1154
-464	-818
1625	-1429
5091	-959
-620	918
-718	-1385
-819	-1398
-816	-1419
-490	7419
-623	-1413
-814	1054
-807	14494
-804	-1048
17948	-1396
-616	-1428
-761	-629
-820	1596
-809	-1354
-781	-1303
-811	-1384
-790	-1346
-508	-1291
-823	-1431
-815	-1205
-487	-1307
-716	-1122
-816	-1254
-777	1801
-822	-1426
-780	-1232
-819	-1379
-616	1017
-820	-1418
10686	-1352
-818	-1426
-750	-1430
-818	-1399
-740	-1422
-789	-1271
-823	-1425
-812	-1431
-820	-1122
-818	-1014
-769	-1431
-785	-1425
-755	-1430
-762	-1412
-819	24557
-785	-1242
-513	-1387
-797	-1432
-814	-1189
-812	7752
-713	-1157
-823	-1424
-762	-1430
-775	-1013
-725	-1408
-672	141053
-782	-811
-822	-1333
-778	326
-823	-1432
-800	-1422
-754	-1156
-682	-764
-807	-1415
-795	-1325
-799	-1291
-818	823
-800	663
-805	8677
-808	-820
-785	-1342
-800	7541
-818	94
-815	-1430
-801	-1409
-744	-377
-717	-1287
-816	-1301
-790	-285
-573	-1421
-822	-1400
-822	-1175
-750	-142
-782	-1341
-815	-1214
-792	4248
-811	-1141
-785	-1279
-820	-1334
-682	-1433
-820	-1413
-820	-1395
-777	-1398
-819	-1423
-714	-1387
-809	-1432
-751	-1413
-819	-1430
1927	-1249
-805	-1428
-790	-1313
-814	-1426
32	-1263
-805	-1181
-51	-1145
-822	-1228
-807	-1283
-809	5584
-797	-1200
-678	-1396
-803	686
-799	-77
1198	-1098
-808	-1338
-801	-1408
-763	-1060
-777	-1428
-804	-1422
-612	-1429
-788	-1383
-752	-1431
-819	-756
-805	-1193
-720	-1350
-752	-1404
-803	-1067
-819	-893
-660	-1363
-814	-1230
-680	-1198
-809	-1378
-818	1975
-804	-1433
-823	-1356
-811	-1433
-805	-1341
-652	-1180
-811	-1423
-819	-1408
-815	-1288
-712	-640
-790	-1386
-769	-1433
-759	861
-775	-1419
-815	-1321
-775	-1323
-731	-1404
-788	-1100
-782	-862
-127	-1417
-797	-1351
-687	-1395
-795	-1317
-784	-1327
-573	6135
-153	-1385
260	-1275
-786	-1431
-804	-1185
-819	-826
-765	73
-746	-1383
-818	-1417
-797	-1431
-777	-497
-476	-1366
-815	-1430
-823	-1384
-795	-1411
-799	-1132
-815	-1141
-816	-1337
-736	-1430
-792	-911
-812	-1255
-777	-1326
-820	-1433
-814	-1357
-795	-1426
-823	-1424
-816	-1410
-790	-1372
276	-1108
-819	372
-781	-1323
-822	-263
-714	-759
-815	-1299
1325	-1411
-796	-1426
-822	-1414
-801	-1425
-801	-892
-752	-1114
-820	-1163
-819	-1420
-818	1387
-782	-1328
-721	-1375
22834	-283
-823	-1431
-23	-1428
-811	-1429
-818	-1370
-756	-1386
-493	-1432
-784	1328
-814	-1343
832	-1266
3946	-912
-814	-1377
-820	167
-604	-1341
186	-364
-777	-462
-812	-1432
-754	-381
-446	-1397
81303	-1390
-642	-1384
-789	-1398
-790	-1303
-822	-1413
-499	-887
-812	-1409
-694	-1414
-801	19319
-818	-1247
-766	-1428
-438	-500
-770	-1308
-811	-1432
1087	-1421
-778	-1424
-790	-1042
-823	-1428
-823	-1406
-818	-1363
-536	21
-815	-1086
-770	-1431
-823	-1399
-27	-915
-786	8133
-823	-1420
-796	-1238
-740	-1382
-822	-1346
1788	-1424
-709	-1432
-727	-507
2404	-1241
-814	-1416
-671	-1431
-819	-1281
-823	-1047
-759	-1147
-816	-1423
-820	-1374
-809	-20
-801	-1357
-823	-1286
-664	-1313
-816	-1307
-773	-1428
-819	-777
-823	-1423
-223	-1420
-808	-869
-814	-1432
-820	-1323
-793	-1296
-804	2781
-823	-1433
-351	-1325
-799	-1432
-814	-983
-823	-1420
-691	-464
-814	-1422
-661	-1024
-805	-1430
-459	-1400
-724	-1401
-796	-1261
-814	-787
-819	-1099
36718	-1215
-815	-1409
-799	-1400
-762	-1098
-763	-1301
-820	-1412
-771	-1404
591	-1406
-782	-1118
-812	-1422
-819	-847
-804	-818
-784	-1128
-788	-1282
-786	-1318
-819	-1431
-822	-1391
-705	-998
-816	-1330
-823	-1421
-799	-1086
1210	-1418
-815	-1326
-767	7035
-822	-1408
-823	-1418
-769	-1095
684	19201
-690	-1379
-792	-1366
-695	-1098
-812	-1423
-728	-996
-792	-1400
-116	-1424
258	-608
-816	-1340
-801	-932
-823	-1422
-823	-1430
-823	-1235
20758	5133
-659	-384
-773	-1042
-784	-1430
52173	-1354
-785	-1423
-797	-1305
-774	510
-814	-1281
-809	-1258
-820	-1333
-758	-1416
-816	-1429
-612	-1380
-820	-1433
289	-836
-822	-1173
-819	-1038
-703	-1149
-800	-1141
-691	561
-793	-1425
-800	-1429
-820	-1432
-758	-1396
-815	-1369
63535	151
-812	-1352
-822	-1312
-793	-1417
-822	-1374
-814	-1429
-815	245
-820	-1412
-823	-1394
-820	-1127
-823	-1433
-812	53860
-816	-1119
-713	-1132
-793	-1433
-822	-1423
-818	-1390
-818	-1350
-818	-1426
-752	-1120
-823	-1409
-785	-1418
-765	-1332
-822	-714
-823	-1422
-812	-275
-513	-1417
-823	-1395
-819	-1389
-822	-1267
-654	-1381
-795	610
-790	536
-426	-1234
-822	-1393
-724	-997
-815	-1169
-748	-541
-822	-1399
-815	-1401
-615	-1384
-822	-1430
-823	-1424
-815	3324
-781	-1429
-800	-325
3391	-1402
-777	25807
-814	-1393
-736	-833
-822	-1394
-781	27
903	-1432
-816	-1432
-822	-1424
488	-1415
71	-552
-769	-1433
-716	150
-732	-1415
-781	-820
-815	-1316
-822	-1215
-820	-1144
-804	-1320
-805	-1389
-823	-394
-766	-1431
-308	-1335
-795	-1416
-811	-1173
-812	-144
-820	-1360
-808	-1429
-795	-720
-733	-1404
-554	-1432
-818	-693
-823	-1433
-790	-1358
-773	-1428
-777	2862
-716	-1171
-661	96
-818	-1315
-823	-1426
-822	-1415
-799	-584
-635	1781
-778	-1066
-679	-1351
-797	1102
-777	-767
-795	-495
-820	-1434
-822	-1424
-720	-1386
-804	-827
-735	-1433
602	4602
-767	-1360
-775	-675
-822	-1331
-759	-1330
-801	16178
-735	-922
-819	1841
-682	343168
-820	-1390
-483	-1429
3289	-1264
-793	-1110
-807	-1339
-823	-992
-796	-1384
421	-1419
-808	-474
-801	-1425
-823	-1391
-812	-1186
-816	104
-755	393
-808	-1033
2207	-1413
-756	-1383
-818	-1403
1440	-1018
-812	-1225
-823	-663
-766	-796
-774	-1409
-788	-1259
-820	-1311
-822	-1432
-743	-1372
-793	-1359
-820	-1362
-811	-1312
-815	-1399
-819	-1405
-407	-1159
-812	-1299
-793	295
1928	-1429
-815	-476
-788	-1215
-809	-1390
-823	-1432
-793	-1401
-664	-1330
-797	-880
-820	-1394
-818	-1418
-774	-1098
-706	-1251
-759	-1168
-735	-821
-705	-598
-775	-1303
-822	-1006
-781	-1431
-809	-857
-714	-1128
-814	-1169
-815	1063
-822	-1410
-809	-1351
-812	-1293
-809	-208
-820	-1244
-815	-1267
-771	512
-814	-1366
-785	11182
-823	-1383
-812	-881
-823	-1000
-805	-1429
4933	-1433
-762	8
-786	-1369
-819	-389
-797	-1431
-809	-1091
-799	-1422
37935	-1339
-121	-13
-814	-1428
-823	-1261
-509	-1325
-793	-987
-815	4769
5353	-1289
-796	-1181
-788	-1345
-812	-1417
-771	-1433
-804	-1405
-741	-1420
-819	-1283
-808	-1109
-805	3412
-820	-1292
-816	-584
-793	-1215
-773	2846
-808	-1426
-796	-522
-748	-742
-773	-1419
-808	-1424
-818	-1358
-822	-1366
-634	-1415
-818	-1280
-649	-1365
-788	1285
-816	-967
-771	-513
-661	676
-814	-1357
-733	3049
261	-1316
-823	-1014
-797	-1262
-801	-157
-823	-1402
-818	-1426
-804	-1416
-819	-1398
-793	-1048
-815	-1404
-807	-1005
-795	-1372
-669	-1429
-808	-261
-750	937
27886	-1260
-635	-1405
59125	-1065
-808	35857
-688	-1301
-669	-778
-558	-1430
-782	-630
-809	-1281
-808	-1055
-815	-1430
-809	-1085
-823	-1409
-822	-1402
-544	-645
-816	-1311
-805	-1430
-781	-1410
-807	-1002
-804	-1378
-812	-649
-669	-1389
-807	-1426
-754	-1425
-795	-1298
-812	-1221
-816	-1268
-799	-1223
-819	-1168
-425	-477
-820	-895
-796	-1426
-653	-1412
-809	-1017
-804	-1432
-815	-1230
-811	4390
-820	-1143
-720	-1016
-812	-1351
-746	-1294
198	-1267
-812	-1008
2543	-769
-318	-759
-610	-1217
-803	-1339
-797	1954
-372	-957
-751	-1147
-793	-712
-763	-816
166	3554
-816	-1411
-690	-1343
-763	-619
-778	-1286
-818	-1238
-596	-691
-761	-1422
-763	368
-781	-1204
-542	-1412
-818	116
-763	-1021
-661	-255
-809	-1362
-792	-1421
-796	-1392
-822	-1167
-822	-867
-812	-516
-782	-1421
-815	-1415
-805	-1346
-754	-837
-789	-1424
-788	-706
-790	-1273
-778	-773
-823	-1428
-795	-1379
-823	-1432
-729	-1331
-814	-1432
-814	-857
-823	-1434
-820	-1432
-795	-1430
-686	-1345
-778	-1413
-807	-1155
-822	-977
-607	-1432
-752	-1102
-732	-1432
-716	-1423
-816	-1425
-818	-822
-820	4999
-811	-1373
-818	-1168
-755	-1185
-811	-1362
-782	-1350
-717	-1284
-675	2332
-777	-1432
-762	-1424
-796	-1363
-822	-1423
-792	-474
-767	-1384
-814	-1346
-816	294
-800	-1091
-490	-1417
-815	-1432
-748	-1405
-816	-1431
-807	-1224
-808	-1166
-814	-221
-793	128644
-767	-1244
-744	-1351
-516	-1316
-782	-1432
-705	-1169
-781	-1253
-781	-940
-814	-1431
-815	-1356
-818	-1415
-725	-1405
-733	41505
-818	-1364
-697	-1416
2490	-1323
-761	-1006
-811	-1402
-784	-1415
-820	-382
-807	-1432
-771	-1433
-693	-1429
-818	-1000
-815	-1418
-785	-1162
-819	-1429
-823	-1433
-788	-1243
-420	-1156
-819	-1432
-480	-1430
-804	-1433
-818	-1223
-814	-1414
-820	-1363
-807	3180
-717	-1372
-822	-1400
-815	2055
-673	-1430
-809	-1431
-788	-1342
-731	-1433
632	-1304
-819	-1426
-796	-1426
-680	-1401
-801	-1432
-675	-1187
-814	-859
-804	-1401
-785	-1419
-822	-1350
-754	-965
-759	-117
-533	-1404
-815	-1428
-793	-1432
-699	-1375
-792	-48
-747	-1003
-818	1528
-816	-1246
-778	-1215
-823	-1403
-808	-1261
-804	-1398
-782	-1038
-823	-1411
-755	-1198
-811	8015
-799	-1416
-807	-190
-796	-1129
13718	-610
-816	-1422
-819	-1315
-820	709
-713	-1169
-811	-1422
-809	-1157
2589	-1374
-805	-1420
-805	-1280
3626	3314
-803	-1148
-811	-1423
-811	-1395
-820	-1305
-795	-1398
-819	-1411
-759	-802
-814	-1433
-804	-1110
-599	3921
-822	-1310
-792	-787
-790	-1400
-811	-1338
-808	-1357
-823	-1420
-820	-1419
-777	2600
-818	-1321
-698	-1422
-733	-1410
-812	-1100
-788	-1431
-822	-911
-816	-1295
-550	-1090
-780	-1390
-781	-1312
-815	-1346
1073	-1401
-823	-1428
-765	-1420
-816	-904
27428	-386
-221	226
-789	-60
-820	-1420
-820	-809
-822	-310
-494	-1294
-790	-1432
-811	-982
-822	-1402
-814	-1432
-784	-1428
-785	-1392
-812	-1417
-790	-1357
-773	-153
-814	-1384
-750	-1297
-818	-1398
-819	1392
-811	-1408
-803	-1431
-550	-1148
-808	-1433
-790	325
-816	1206
-823	2525
-406	-1397
-600	-1428
-793	-1432
-665	-1165
-822	-1333
-822	-1392
-804	-801
-811	1335
-805	-1344
-728	-1314
-792	-1408
-823	-1380
-785	-1204
-754	-1433
-408	-1425
-790	1399
-770	-1423
-820	-1431
-805	-1206
-769	-1261
-740	1313
-752	-1273
1620	-1383
-814	2107
-820	-1396
-778	-181
-812	-1398
-786	-1142
-746	-1392
-819	1925
-748	728
-796	-753
-823	-1257
-795	-1428
-718	-1291
-812	-1426
1210	-961
-822	-1333
-778	-1430
-815	-1050
-818	-1433
-823	-1433
304	-1424
-367	4078
-808	-1431
-756	-729
-812	-442
-812	-1389
-814	-1325
-822	-1434
-809	2684
-766	691
-795	-1405
-627	-1391
-765	-1221
183	-1400
-725	944
-770	-1138
-822	-1414
-731	12791
-822	-1424
-819	-1421
-780	-1416
-815	-688
-816	-605
-748	-835
-807	-1289
-807	-1433
-578	-1349
-611	-651
-818	-1090
-656	-1382
-527	4568
-790	-1081
-820	-1423
-815	-1275
-584	3709
-796	-1376
-702	-1298
284	-1363
-809	-1411
-807	-1175
-796	-1347
-756	-1239
-774	-1327
-815	-1432
-727	-1334
-815	-1409
-819	-189
-822	-1362
-811	-1410
-820	100
-816	-1340
-822	-1420
-815	-1405
-820	-1116
-822	-1401
-773	-519
-635	-1302
-800	-1409
-781	-826
-822	-227
-820	-1429
-800	-52
1724	28
-774	825
-818	-1371
322	914
-750	-440
-815	-1046
-809	-1218
-793	-732
-820	-1433
-800	-1429
-797	-1399
-819	-1382
-789	-1245
-805	-1206
-818	146
-807	372
-820	-1417
-823	-1430
-814	-1205
-819	-1397
-737	-487
-777	1615
-578	-532
-823	-1430
2187	-1049
7242	-1372
-785	-942
-820	-1416
-800	-1401
-816	-1326
-820	-1343
-773	-1163
-397	71
-814	2646
-782	-182
-818	-1161
-604	-1421
-788	-1165
-706	-1411
-786	-1418
-769	-1312
-796	-1417
-815	-1433
-733	-1254
-822	-1428
-801	-943
-785	-744
-819	-984
-816	-1242
-823	-1433
-819	-563
-814	-1422
-805	-1396
-707	-1316
-822	-1247
-755	101
-795	-974
14929	-1432
-822	-1289
-782	16
-784	-1353
-800	15209
-720	-1232
-796	-1337
-807	-1424
-98	-1365
-820	-1155
-809	-1401
-805	313
-822	-1406
-818	-1292
1571	-1252
-823	-1434
-820	-453
-789	-1392
-181	-1430
-781	-1347
-773	-1331
-819	-1274
-815	-1057
-460	-1127
-820	-430
-644	-1430
-720	-1428
-792	-1349
-795	-1299
-785	-1415
-820	800
-816	-1316
-807	-949
-799	4314
-786	-1118
-642	-1412
-819	-1399
-823	-1367
-816	-1387
-805	-1404
-765	-1402
-822	-1358
-804	8636
-820	-926
-657	-1380
-805	-1433
-758	-1405
-758	-713
-804	-565
-809	-1412
-761	-1428
1004	-999
-815	-1431
-718	1188
-808	-1299
-769	-1253
-770	-1380
-720	-1317
-714	-1381
-747	-1429
-818	-1434
10141	-1303
-750	-1361
-820	-828
-697	67
-795	-1355
-709	-1374
-25	-1405
-814	-1221
-823	-1306
-803	-1418
-770	-1323
-795	-1153
-729	-1375
-820	145
-814	-887
-807	-489
-755	-1153
-815	-1174
-811	-870
-816	-823
-797	-1418
-777	-1432
5572	19161
-818	-1281
-799	-1342
-820	-1429
-801	-1408
-691	-1124
-771	-1426
12884	1276
918	-1147
-782	6922
-820	-1420
-789	-1419
-816	267
-822	-1433
-801	-1333
-819	-1431
-765	-1339
795	-1359
-803	-640
-818	-1405
-815	-911
-797	-1430
-805	2963
-763	-1415
-803	-793
-812	-1018
-797	-1425
13956	-437
1031	-1425
-691	-1308
-735	-90
-752	-1307
-741	-1178
-812	-1403
-737	426
-705	-1431
-819	-1414
-782	-274
-823	-1317
-805	-942
-795	-1395
-748	-1294
-782	4688
-520	-1399
-169	-1293
-786	-1376
-780	-1432
-822	-1139
-639	-1432
-808	-1269
-814	-1351
-807	-1339
-751	-1433
751	-1292
-800	-1415
-800	-1058
-639	-1432
-807	-1373
416	-1275
-801	-1185
-808	85155
-774	-1346
1437	-1153
-823	-494
-800	-1240
-767	52
4355	-1207
-819	-1366
-815	-1424
1620	65846
-799	-1353
-750	-1433
-803	-781
-822	1155
-822	-1430
-822	-1370
-801	-1335
-800	-1271
-735	3982
-819	-1366
-816	-1431
-820	-1423
-820	-1429
-822	-1425
163657	-1256
-682	1763
-756	-397
-789	-1303
-800	4539
-818	-1421
-809	-907
751	-1177
-616	-802
-622	-1425
-819	-1191
-793	-1381
-805	-1430
-773	-1379
-818	-1293
-770	-1426
-678	-1412
-823	-1374
-263	-1430
-797	-1433
-823	53323
-767	1616
-570	-1415
-818	-1431
-803	-1213
-801	-1311
-823	-1429
-795	-1428
-820	-1153
-799	-1044
-820	-1330
-743	-1323
-808	-1421
-814	2174
-801	-1181
-733	-468
-822	-1431
-804	-1232
-815	-1405
-503	-1413
-758	-991
-800	-1426
1203	-1316
-808	-982
-812	-1274
-780	-1019
-815	-1116
-812	-1387
-804	-1214
-816	-1421
-765	-1066
-819	-1423
-816	-893
-822	-735
-778	-1431
-769	-1195
-812	-1247
-807	-1418
12903	-1353
-811	-900
-822	-966
-797	-1424
-823	-1055
563	-1197
-816	-1359
-811	-1243
-820	-1419
-495	3950
-811	98
-718	-1433
-820	-508
-680	-1367
-729	-1432
-727	-1359
6675	-1338
-809	-971
-822	-1425
-815	-1353
-812	10219
-788	-1430
-818	-1052
-818	-1433
-688	-1433
-818	-1377
-818	8629
-811	-1424
-822	-1410
-188	-1422
-790	-1157
-823	-1402
-818	-1283
-820	-1433
-461	-667
-809	-651
-769	-1416
-814	-1426
-812	-1423
-801	-1156
-814	-1300
261	-1179
-804	4545
-808	10168
-820	-1431
-815	-1214
420	-1277
3030	-1433
-762	-1411
-573	-842
-814	-1424
-811	-1351
-814	-1393
-819	-1433
-808	-910
-648	-1406
-562	45157
-822	-1423
-820	-1279
-789	-745
-819	1128
-820	-1424
-811	12368
-755	-788
-807	49
-679	-1431
-816	-831
-823	-1433
-771	-39
-756	-1430
-814	-1174
-809	-928
-811	-593
-822	-1416
-676	-1266
-819	-1433
-713	-1286
-823	-1433
-804	-1414
-808	1307
-671	-1206
-539	16156
-769	-1319
-822	-1363
-788	298
-784	-292
-790	-1393
-644	-1390
-812	-1365
-822	-1425
-820	-1148
-820	-894
2181	14483
-649	-896
-811	-1080
-809	-1340
-740	726
-822	2640
-816	286
-607	3933
-377	-1412
-795	-1318
-629	454
-804	-1187
-822	-1185
-801	-1428
-807	14302
-686	-1080
-801	-386
-778	-1056
-729	-1379
3399	2485
-747	-1412
-818	-599
-567	-1141
-805	-1362
-812	-1385
-506	-1432
-705	-1194
-823	-128
-820	321
-718	-1401
-822	-1384
-789	-604
-792	-1344
1935	2433
-684	-1315
-808	-1417
-815	-1119
-766	-1428
-823	-1434
-795	-761
-816	-996
-777	-1139
5617	6399
-792	-1187
-792	-1411
-823	-1409
-822	-1288
-822	-1404
-778	-1408
-721	4352
-823	-1423
-702	-1307
-801	-1326
-816	-581
-801	-1382
-822	-947
-703	-1420
-751	-1382
-789	-1425
-819	-801
-796	-1164
-815	-1315
-793	4521
-788	-1382
-790	-1379
10334	-1157
-804	-1422
-623	-1412
-819	-961
-818	-1404
-822	-1423
-812	-1396
-823	-490
-782	-1255
-782	2742
-809	-1225
113	55675
-805	-1301
-819	2042
-741	-1076
-820	-1405
-822	-1271
-823	-1426
-795	-48
-801	-1197
-809	-866
-820	-1417
-823	-1419
-782	3552
-819	-1271
-809	-1424
-809	-9
359	3252
-737	-1375
-663	-1351
-649	-1384
-782	1888
1560	299
