3735	5
13499	6
-664	5
201	11
7890	11
6108	8
6063	11
-2348	5
-2453	5
5324	8
3668	9
13799	5
-94	8
-64	8
-19760	5
-2556	8
-473	5
7718	5
13190	5
613	8
11797	11
-7902	6
7888	5
7450	5
1614	8
-4497	11
9970	5
-27815	8
8551	5
13566	5
-26885	4
-3340	11
1010	5
15185	8
15003	5
5817	11
3426	8
-15983	8
-745	5
7583	11
-11899	11
7349	3
-16762	11
11590	5
1091	8
-7457	5
12304	5
12416	11
-7242	11
7832	5
-19202	5
15454	11
-13330	11
10470	8
17388	10
11105	5
16100	11
17184	5
19281	11
9875	5
-9247	8
-3636	11
-15369	2
-15204	11
-10109	5
-18788	8
-6474	5
637	5
10428	8
-15930	11
4131	5
-8145	11
2481	5
-5426	11
-9684	8
-157	5
9308	11
-11340	14
-20023	11
5660	8
-16371	11
1815	5
-2325	11
-4750	11
17499	5
2290	5
-24659	8
1953	8
-12988	11
-17516	11
9104	1
1595	5
-8535	8
-11277	11
6481	11
-3368	6
8208	5
-23444	5
-3790	1
8068	5
25210	5
-692	11
8149	10
4841	11
7668	11
8058	11
7506	5
13120	5
-14504	5
11574	5
-6818	5
6647	4
5093	11
-9863	5
1471	6
-303	5
1270	5
7178	11
-9556	11
4689	11
-4515	13
-1706	8
3378	5
-10392	8
-10824	5
20654	8
15513	5
-269	5
13318	5
-83	12
10981	11
9188	5
14540	5
10759	8
-3269	6
-20299	8
-2659	11
11353	11
-3752	5
-20691	11
3014	5
10075	11
-2136	5
3187	5
-16111	8
-5100	5
-5685	11
-1089	11
5847	5
-8739	6
12136	8
-7749	5
5009	8
299	11
5953	5
5873	11
-20652	5
-7446	6
2624	13
6484	11
2287	11
-1233	5
1548	11
-246	1
2277	11
3523	8
16431	5
-14179	11
-1799	5
-4834	8
-6859	8
6961	8
-3328	8
-15785	6
1695	5
-5489	5
-10328	5
257	11
2598	5
12696	11
4049	6
-7412	11
17454	11
701	11
171	11
-19098	11
11240	5
-1471	5
-19035	6
2997	11
10080	5
5615	8
15026	5
11709	11
6507	11
2889	5
10320	5
1520	5
3741	5
4392	5
-6245	11
8260	11
699	8
123	11
14297	5
-19677	8
15420	8
-8689	11
-12172	11
2266	8
-1890	11
4724	11
8948	3
-12816	10
3509	11
6114	5
1323	11
8572	4
3074	5
12571	5
-1918	11
4018	5
8157	5
-7816	8
3159	8
4230	11
-14759	11
3906	5
13078	8
2985	5
-27559	5
-18040	11
4532	13
1201	11
-10490	14
2581	5
-1722	5
-14709	5
7280	4
-3661	5
-13146	5
4436	11
-22768	6
10950	11
-4201	8
-7461	11
10570	7
-1541	5
-545	5
-12205	5
-18703	11
-14581	6
-3526	8
-4966	5
8678	7
4342	14
-17359	11
842	5
-4669	11
-5954	8
-25474	11
-8277	11
4361	5
4077	11
8149	5
-7821	5
-13760	5
140	11
-5563	5
7892	11
-10147	11
5237	8
-545	11
-18880	6
5874	11
7391	8
-8825	5
3388	10
1799	7
3819	12
-10274	5
-3199	11
7540	11
9199	5
9541	11
14753	5
9175	6
-4365	9
2661	5
338	5
-3589	6
-11837	11
5933	1
6496	1
-2701	5
4443	8
-1712	5
7547	8
9517	8
-1092	8
8737	8
-6580	11
-8720	5
2930	8
-5293	11
-1345	5
17325	8
-10107	11
-16005	8
-10881	11
2328	8
-929	8
-2987	11
-10509	6
-1177	6
12022	5
4103	11
-5467	6
12855	11
2770	5
7530	11
-15174	11
9595	5
3425	5
-3676	11
8184	11
9220	11
-9614	11
11014	5
19049	11
-12072	11
-78	11
-8010	11
1407	5
6131	11
4651	11
-4552	8
-13754	5
-2198	1
1577	11
-581	9
2727	11
3828	5
-14247	5
-832	5
7516	8
1020	11
-12482	8
-2070	11
-18880	11
8636	8
-1853	5
-11124	11
-1628	14
299	11
4345	8
-9620	8
15189	5
14094	11
4873	1
-2213	5
611	5
8423	11
-17056	11
9448	5
-1750	10
9634	11
-21747	9
7834	11
15795	5
-2352	11
9425	11
-24697	5
-15125	5
-551	11
10637	11
-9609	6
-4569	11
4770	5
4596	5
12454	5
-10116	6
3409	5
658	8
872	8
18389	11
-9728	9
-343	1
-10499	11
6481	11
8825	11
16308	8
-1977	8
3988	11
3236	5
-15600	5
7956	11
-18392	5
6935	11
-64	11
2688	11
6922	11
10159	10
-1533	5
4065	5
6921	11
420	1
-4905	8
-240	5
19855	6
18613	5
7984	5
-13891	9
-11277	5
14795	11
3719	11
7391	8
13823	8
9158	5
-5626	5
-28045	11
-2110	4
3805	11
21207	5
-4553	11
28	8
10289	5
7308	11
3424	8
8634	8
-979	5
-13413	11
5152	8
-13095	8
-5544	11
-7136	14
13576	9
-23372	5
11404	11
11955	5
-8389	8
8375	11
5023	5
708	11
-2288	8
13133	5
-4378	5
-516	5
-16366	8
12049	11
-20965	11
4330	12
3301	1
-6785	5
-21618	6
-130	5
9322	10
14162	5
16138	5
1935	11
8317	6
-12554	11
-6226	2
-2764	8
-2912	5
-1327	11
8828	5
4513	11
-18886	5
-15317	5
-6600	11
9	11
1550	6
7487	11
2022	8
4521	11
-4876	5
7933	5
17106	8
4950	8
12100	11
2608	11
-1954	11
-3318	5
-10940	5
5542	6
-14910	4
2487	5
9492	11
8155	5
-5096	5
-7162	5
15891	11
-19745	8
-775	8
808	11
9074	11
832	11
5949	6
-22536	8
7851	5
12111	11
2803	8
826	5
380	5
-11221	2
-21726	8
-13968	11
5665	5
-8588	11
15942	11
-3965	5
1677	11
11953	7
-7893	8
4325	11
-20727	5
-10097	8
-848	11
12992	5
530	8
19441	11
14559	5
8799	11
-9991	11
-10884	14
16005	11
3320	13
-13881	1
-1190	5
1386	1
3980	5
6309	5
10727	5
-4746	5
-8378	6
-15548	4
-3810	11
3363	11
4514	5
-22828	11
-6189	8
2084	9
6488	5
-1591	11
-2167	11
6935	11
-3308	5
-2662	11
-3474	5
-9957	11
-11494	5
4138	5
-22045	14
5979	11
8007	5
-16284	5
-8934	11
-10830	8
293	11
-10520	5
-21910	11
-7887	11
8822	5
200	11
11801	11
-11359	8
9594	5
7718	8
8723	5
2226	5
894	8
-1759	5
-1314	8
4951	11
11535	11
12560	5
-8783	3
-12077	11
-16086	8
1061	8
-11190	5
3933	11
-10991	8
14284	5
5183	5
-19600	5
-4872	11
-15793	6
9303	8
-1341	5
-12203	11
-15911	8
4854	5
-14356	5
10078	5
23821	8
-3653	5
-1215	11
-1955	5
-208	5
6601	11
18529	11
4027	8
-12235	5
-1651	10
15173	6
-9495	5
-16	5
-6378	6
-2434	5
13176	5
-1353	11
-2680	8
1351	8
-13723	14
-2495	5
11403	5
-17246	5
921	5
12188	5
-2097	5
7908	5
5625	5
5867	8
2600	11
10662	5
-9740	5
11731	10
-354	5
1047	11
-3581	11
-485	8
6613	8
-3294	11
5138	5
4207	5
-24628	1
1468	11
11705	11
-2860	11
20062	11
226	5
11145	11
9352	11
9716	11
6323	11
857	6
6073	8
-22881	5
5748	8
-3956	5
-2175	11
-9916	11
-18466	8
4098	5
7046	5
-12643	8
-1146	8
344	14
4557	5
-16131	11
7828	11
6415	8
7063	8
5536	6
-20595	11
-1796	8
5514	5
-4106	10
1026	11
5375	11
4309	11
-18025	8
7581	11
-18860	5
-5311	5
-2314	8
3858	8
-11376	12
3620	8
-10149	8
11042	8
7796	8
5803	1
-9758	11
12592	11
-5363	5
844	5
4292	5
-873	11
4297	11
7692	5
1939	6
16887	11
-4626	11
13857	5
-1778	8
9958	9
-10008	5
5465	5
-853	8
-5425	5
-6905	11
14504	5
7798	5
12258	11
-8889	8
-19829	5
3351	7
13752	11
6189	5
8960	11
338	5
839	11
3060	11
16502	8
1242	5
2173	8
-859	5
14523	5
-4073	11
5929	11
-15712	5
-6535	8
13877	5
10811	6
-1199	8
8177	5
-5999	5
10723	13
-15700	11
11414	11
3457	11
9013	11
-4736	7
-8465	8
12157	5
2327	5
-16011	6
-17354	11
-6044	8
15475	5
12155	9
14393	8
-5523	5
-361	5
-13403	5
-7973	5
-7022	11
7627	9
6327	11
9107	11
2008	5
-10742	5
-9252	11
17697	7
-2168	8
-8414	8
-14983	11
4258	5
-5685	11
-4722	11
-4832	5
-7061	11
-1071	8
6243	11
15670	8
10322	5
-3248	11
1583	10
-1298	11
8465	5
3765	11
10283	5
2640	5
2695	11
-3060	11
-12622	5
4404	11
20287	11
9246	8
3910	8
16219	5
-24315	11
1928	5
5033	11
21013	11
12023	5
15952	8
-10428	8
-1145	11
4168	11
-10038	5
7376	10
6022	5
-14147	8
11591	5
3045	5
6697	1
-4587	5
-2147	11
-672	11
-13965	11
-2168	5
-15321	5
12916	8
17149	11
437	6
1409	8
-2013	11
-9524	11
-2475	8
5824	11
-9076	5
-8085	5
-5822	11
14107	5
9791	11
-25055	8
-5297	5
-11020	11
4158	8
5602	5
2436	5
-10399	8
6484	5
-16901	5
3489	4
2887	11
3879	8
4663	14
-4101	11
-9345	11
13567	5
6054	5
8424	5
-10736	11
9196	4
15075	11
-8970	11
417	10
2413	5
9093	11
-5294	11
-11508	11
-484	11
3037	5
-4444	5
-6711	2
-5005	8
5970	5
-11744	5
3337	5
-1210	8
9252	11
-4006	5
10642	5
4131	5
-2133	5
4210	11
-817	8
2652	7
-10711	11
7575	11
-6224	11
838	7
-2899	5
-22775	8
-23046	5
-1265	1
8127	8
3714	5
-10976	11
-6687	1
-17604	5
6937	11
-7291	5
2415	6
463	6
-14455	11
-21522	11
5824	11
10743	11
7549	6
-10270	13
-2103	6
909	5
-5877	5
5695	11
-1726	11
5727	11
11005	5
-2550	6
8820	5
3134	3
10158	11
5999	5
17126	8
838	11
529	11
-6476	8
13338	5
-22909	5
1019	5
15333	8
-12819	5
4088	12
-17107	8
7796	5
-4524	5
-10989	9
-3168	6
-14855	5
9734	11
-1179	11
-8109	8
11751	11
-4630	5
2938	8
3381	14
-2650	5
1523	1
14577	11
-12121	11
4969	5
2523	1
-651	7
-13963	4
9737	7
24792	11
2359	5
858	14
4354	11
-1120	5
4646	5
12872	5
-8290	11
-10478	1
-7844	11
-296	8
-6092	5
-3797	8
-9676	8
-5391	11
2039	5
8280	8
-13980	11
-8761	11
636	5
9821	11
4214	11
-43394	11
8360	5
-10929	8
-7379	11
-1262	13
16207	8
-15101	11
-13300	11
9015	5
14432	5
-24587	7
-5680	8
43	11
-1047	5
7020	5
96	5
721	11
2070	8
-2876	11
-9986	8
2252	5
19061	5
10184	5
-3168	5
7844	6
6321	11
-24626	11
-8923	8
-2415	5
-768	5
9549	5
-15934	8
9335	11
-1313	8
5226	8
-7189	5
6410	5
12458	5
13327	5
-5288	11
8838	3
-9748	5
4747	11
-4929	11
-14986	11
1185	5
13932	11
-4711	11
-1899	11
10808	11
8874	6
26424	5
12183	8
6670	8
-8159	5
4796	7
2122	11
4037	5
7405	11
3037	8
7965	11
14964	6
-365	9
1927	8
15938	5
1243	5
-8784	11
-2812	11
13458	5
3446	6
-868	9
-10445	11
13007	11
1847	8
-264	11
-4227	8
-9800	11
-3728	11
991	8
1344	5
6025	8
13339	11
7969	6
3511	5
-13284	5
5341	6
5172	11
17321	8
14270	4
-3326	8
-4214	5
3440	5
16547	11
-7787	6
-2584	5
2284	7
1865	5
5120	5
3329	11
3050	11
9602	8
19100	11
6288	5
3488	11
8280	11
6696	5
-3996	5
-8148	5
-5806	11
6558	4
-18196	11
17983	9
5499	5
-15633	8
2427	5
-235	11
1507	5
-14211	8
-15083	11
-12947	5
-16685	5
-22373	11
11162	6
-5857	10
8471	5
-11803	5
-5300	5
-3065	11
11922	11
-13085	8
-1586	4
7074	5
7759	8
-8012	5
-5456	5
12315	11
-20308	11
-3347	13
560	5
166	6
3909	5
8365	5
13497	11
-8491	5
-2180	11
-19230	8
18158	5
-3370	8
8304	11
-293	8
6025	5
2406	11
8358	5
15273	11
-6559	5
-2154	5
-7232	11
2485	11
-17740	5
8931	11
6655	5
120	9
-6707	5
-6363	5
-3776	5
-2653	11
9333	8
-7827	8
8494	5
3070	8
7535	5
18694	11
-9512	11
-6618	5
-3521	11
10514	11
-5571	5
-18633	1
794	11
-15746	5
-11444	5
-3048	6
-2563	8
-19346	5
5387	11
-10501	11
7669	5
4984	8
-21533	5
14224	8
-7359	5
11329	5
4922	5
-7680	8
-12688	6
-3960	11
1044	8
5937	11
-99	6
436	14
-4348	12
-6340	5
-1385	6
4277	5
23009	11
-4409	11
-1090	11
7866	3
-8262	5
-1423	5
3025	11
-21923	5
-4008	10
9348	8
-18990	5
-13983	11
3960	5
7172	4
2264	5
-16101	5
3088	11
1196	11
-16385	11
11754	5
6499	10
3561	8
10702	11
-7085	5
14856	5
-2159	8
10725	7
-13841	6
-5391	11
-7953	11
-7369	14
7126	9
-19464	5
-18344	6
-14915	11
11299	1
-20185	5
6965	8
7420	5
-19706	5
9326	11
-10512	5
3399	5
8301	5
1426	8
-22778	11
-3891	11
-4958	5
-2732	11
-16366	8
-6246	10
-6872	5
-1799	11
-3670	11
20305	7
1889	6
4360	14
4954	5
-24332	5
5437	8
7211	11
-22778	8
-714	5
5771	5
16756	5
15042	8
-8105	7
-4149	8
7001	5
5730	1
12709	10
332	11
-13898	11
1120	9
-15959	14
1974	8
8133	8
-832	5
953	8
4595	5
-6026	5
-10214	3
15642	5
-5800	11
1774	8
-23435	5
-16072	5
6269	11
4035	11
-7126	11
4106	8
19165	11
11788	11
9186	5
9207	6
10292	11
-8130	6
9412	11
-18687	8
-1551	5
7144	11
-12926	11
-5747	8
1302	11
3273	5
10048	6
15143	11
-21966	1
-9663	8
9429	8
-9350	8
-4619	11
-12347	11
17240	5
11097	5
13897	4
-8237	5
-2642	11
-778	5
16542	4
2352	11
-586	5
5530	11
7278	8
16058	5
6122	11
-3115	5
-7558	5
11657	5
-4986	8
-16261	11
9239	5
-7000	8
-9145	5
-7359	6
2569	5
11311	5
-969	13
10339	4
2165	5
-10739	11
1219	12
-5265	8
-5763	11
-24266	5
7876	12
-12738	11
5401	8
11272	5
-2696	11
-7036	11
7272	6
4617	5
-12471	10
-5548	5
4249	5
9706	11
-6288	5
4476	5
-1108	4
8001	1
4155	11
-4096	8
-2288	1
-19319	11
-3407	11
2473	6
16581	5
12748	11
6077	5
-16526	5
2807	5
-8104	11
1430	5
1003	11
6966	5
9627	5
-14183	8
13666	10
-16680	8
-4249	6
-4835	11
-6879	11
-2280	5
9666	10
17301	11
-21467	5
21478	8
18334	11
-14741	6
9477	8
-8346	11
-895	5
3791	5
14337	5
8722	11
1387	5
-5136	8
1456	11
-4260	5
11950	11
-15571	8
948	8
-22815	5
-2568	5
-5044	11
-9115	11
10263	11
-4794	1
-13691	5
-4191	11
2896	1
6807	1
-3866	11
-10361	8
5665	5
-17760	5
-1483	5
5165	11
2498	14
12038	5
2590	11
-8727	5
-252	11
-5241	8
10392	5
554	14
5738	5
-6726	5
4425	11
801	6
5641	11
7462	8
11035	11
-1836	5
10144	11
18793	11
-17099	5
-1023	11
-4381	5
-10820	8
-6072	5
7744	11
-8103	5
-12098	14
-4238	11
1039	11
-1279	11
-8107	11
15915	11
-1512	13
-1526	8
-17500	11
4895	13
-17488	8
6785	8
5556	11
3183	11
13191	14
2889	8
-628	11
-8042	5
3267	5
14594	8
-207	5
8169	11
24441	11
-16274	5
3169	5
8106	8
-10990	11
2446	6
9438	11
-31324	10
-2421	11
-5471	11
6702	11
11915	8
12114	11
6120	11
-10953	5
3410	11
-13903	11
-4922	11
-5498	11
4033	14
-2007	8
-21617	14
6668	10
-6440	13
6564	10
-12702	5
13904	8
-22642	5
16661	11
-2234	11
3583	11
6424	11
-1172	11
3307	11
-8497	8
-12037	8
-13163	5
10784	5
5391	11
9782	7
-4517	11
7420	5
-1288	11
4268	3
-16011	11
10035	11
3237	5
-2206	5
-6770	11
13947	11
-3886	11
9948	5
-1474	1
-9732	8
-1975	8
8556	5
-20136	11
-5963	5
-247	6
2487	8
-386	5
2884	5
-1330	5
-790	5
-498	5
-25478	11
-3810	1
-23	8
9523	8
-14413	11
8355	11
3686	11
-15809	11
-8122	11
6812	8
7696	8
-3136	5
-19985	5
12492	5
4429	11
-8005	5
3807	11
7500	11
2919	11
-10992	5
-9833	5
-20313	11
1790	5
4074	5
-12237	5
11082	11
404	11
1574	11
13649	11
-1629	5
-4882	11
-18072	5
-2990	11
7071	5
-5239	11
-14769	11
10745	5
-5673	11
-183	11
255	11
7146	6
-4000	5
-2056	5
13896	5
2262	8
11122	11
-7423	5
12688	11
-4395	5
3980	4
-12758	8
-3319	11
-5546	11
-1117	2
-6746	11
6251	11
-12078	11
-16476	8
-4209	11
1717	8
15649	12
7972	6
-3601	5
-8800	8
6735	11
4036	8
-2627	5
-4407	5
-17928	2
13829	4
2431	11
-5140	5
13148	11
14474	11
-24954	5
-2296	8
591	11
-1720	5
1008	11
11319	11
-8639	11
4512	11
16583	5
164	8
4303	8
6224	5
-6340	5
-8563	5
-18747	5
4916	5
-8672	8
2814	4
-2943	11
18844	8
-2664	5
8306	3
-8422	11
4842	5
10954	8
10943	11
-1397	11
1941	11
1323	11
1101	11
3366	4
11676	7
8874	5
-16257	5
20311	5
-21892	8
127	5
-6905	5
-18960	11
-1446	5
8039	11
1817	8
4015	4
15761	11
10426	8
-357	5
-411	5
10280	5
13581	5
3943	11
16821	8
-14257	5
13346	7
17233	11
-6171	11
3253	6
14268	8
11510	11
15621	5
6864	11
-14905	5
-18668	9
-6018	5
-13551	5
-10958	13
-6677	11
-7554	5
-16087	11
6699	8
-244	5
404	8
7502	5
14604	11
-219	11
15986	5
-1901	10
7274	5
12063	5
6568	5
984	11
-14474	8
-8852	14
10765	11
5658	11
1468	5
9163	11
-31500	11
7800	11
12831	1
3931	8
5124	5
-17549	8
10695	11
-22882	11
271	11
-11967	11
-9151	11
-1183	11
-9592	11
-2493	11
-5131	6
-8958	11
-9650	11
5388	12
-13486	11
-4231	11
1029	6
18116	8
-1331	8
7824	11
-1693	8
-931	5
6110	5
-3196	8
2527	8
6794	5
-11630	11
5072	5
-6321	11
-1500	11
-1940	10
10273	5
-6749	5
10257	5
-2499	5
-22747	5
-11226	5
11410	5
8690	6
-2744	5
-1093	5
13837	11
5232	5
-2451	5
-13235	6
-2012	5
3233	11
-8672	6
-6402	11
-12639	6
4368	8
8311	8
-618	5
4957	3
-791	11
13366	5
8579	5
7906	11
6343	5
-8411	7
-6120	5
4652	11
-9637	5
9362	5
-8137	11
-14065	12
16758	4
-15255	5
-4569	8
-9691	5
-4100	14
-3702	11
12785	8
-5644	11
351	11
3066	8
-10750	11
8443	10
8042	11
4535	8
-3583	11
-5859	11
11140	8
-20442	14
2192	11
7400	8
8325	6
6540	5
-1591	2
-6584	9
7547	8
13050	11
2395	11
-23499	8
8853	8
-11934	11
-6990	11
-5765	5
-1136	10
5782	11
6455	11
37	11
-5891	5
-9484	5
-12622	11
12205	11
2436	11
1990	6
-3809	8
7791	5
6573	11
2775	11
-16404	11
10480	2
-3548	5
4423	5
-4350	6
13836	11
13977	8
21007	8
12722	11
2475	8
856	5
6404	11
12817	5
-15085	8
-9820	8
-15281	5
13642	5
9063	5
5534	11
-509	8
21495	5
3731	5
-5854	6
333	8
-9734	11
1055	14
7268	13
2945	6
-10007	14
7432	11
8329	8
-1603	11
11876	11
4678	11
2920	8
10551	9
4740	8
-14137	8
-630	8
2909	8
3623	5
9739	8
-19155	5
7941	8
14609	6
6262	5
7408	5
-16031	6
-5431	5
351	8
5090	11
2653	5
5150	5
3803	5
19833	10
17837	8
-14984	5
821	11
2901	11
6370	11
-10363	5
-4471	5
1504	5
5325	11
2461	11
-4955	11
582	5
2773	5
-10941	11
-13030	13
14838	5
-7830	5
-10318	5
13277	11
-15899	8
-159	11
-7183	8
-32392	8
5562	11
-17912	11
-16245	5
13668	5
14173	11
2862	11
9750	6
3474	8
-13058	8
-18426	5
-671	5
9651	8
7540	8
6412	11
-14123	11
14606	5
3877	5
5799	5
9813	8
22523	11
-16063	11
-19114	8
-3682	8
-15023	6
3106	11
5167	11
-9004	11
3124	5
5530	11
3061	5
6708	5
2468	8
-1105	11
-17781	13
1885	11
10716	5
