6	-1572
5	-1659
8	-1319
8	-1572
8	-1185
8	-1232
8	-717
1	-265
4	-1639
8	-1328
1	-1263
8	-1635
6	-1675
1	13757
8	-1652
1	-493
8	-1489
8	-79
1	-856
1	-1663
1	-483
6	-1531
8	-1146
8	-1676
1	-1392
1	-1639
8	-1508
8	-1640
1	2803
8	-1640
2	-1291
5	-1668
1	-1441
1	-1342
1	-946
2	-1624
1	-1595
8	-1647
1	-1526
1	304
6	-1668
1	-299
1	-1579
8	-1670
6	1528
1	-1666
6	-1674
8	-1613
6	-1654
1	-1109
4	-1534
8	-1644
8	-1576
8	-1604
8	-1647
8	-864
4	-1660
8	-1269
8	4126
1	-1307
4	-1638
1	-1663
6	-1668
6	-1662
6	-1468
1	-1010
1	-325
8	8654
1	-1352
6	-1591
2	-1353
4	-1625
1	-1632
6	-1674
4	-1533
1	25748
6	-1672
1	-169
6	-1667
5	-1663
6	-1649
4	-1661
8	-601
1	-1350
1	-1328
8	-1441
8	-1669
1	-462
1	-1493
8	-1500
1	-1234
8	-1667
6	14292
8	-1279
7	-1594
6	-1608
8	-1185
4	-1627
8	-1075
1	-1515
6	-1133
8	-1600
1	99
7	-1251
1	10163
7	-1674
8	-1608
8	-1573
6	-1645
1	-1612
4	1146
6	-1132
1	-1425
1	-1674
8	4700
8	-1340
8	-1476
1	-1566
8	-1310
6	-1629
4	-547
8	-1636
8	-1186
1	-1638
6	-1606
1	-1552
4	-1525
8	-1431
1	1864
1	163
8	376
8	-1638
8	-1625
1	-1669
8	1481
1	-401
6	-1652
1	-1641
8	-1462
8	-1662
1	-157
8	-1550
6	-1586
8	-1512
1	-1663
1	125397
1	-1588
6	-117
8	-42
8	-1469
8	-1651
6	-1490
8	-348
8	-1300
8	-1424
2	-1170
1	-1032
8	-1633
1	21100
8	516
2	-592
8	-1493
6	-1001
1	10764
8	-1662
1	-1598
8	-1582
1	-1385
1	-1659
8	-1277
6	-1636
1	345
8	-1668
1	-1140
8	9999
8	-1557
1	122
4	-1269
5	-1662
8	-1625
8	-1567
6	-1047
8	-1669
1	-1105
1	-1606
8	3583
1	-1521
8	300
6	-1654
8	-1612
8	-1236
8	-311
8	-1674
8	-182
6	-1032
8	778
8	-1109
2	-1626
8	506
8	-1188
8	2785
8	-1376
1	-1657
6	-919
1	-1242
8	-439
8	-856
8	-1649
4	-881
4	-1214
2	-1669
7	-1668
8	-1627
4	-1505
8	-892
1	-1333
1	-1644
8	-1563
4	-1636
1	-1473
6	1465
6	-1644
1	-1670
6	-437
8	-1287
8	-1669
8	118
5	-1666
8	-1665
6	-1662
8	-1425
6	-1665
4	-1654
8	-1604
7	-1659
4	-1670
8	-1635
8	-1647
1	-1458
8	-1504
1	-1600
8	-1596
1	-963
8	-1661
6	-1674
1	-1285
6	-1548
8	-1591
1	-944
1	-268
8	-1373
8	-1609
6	-916
8	-1648
1	-1663
4	-834
8	-1550
6	-626
8	1554
8	-1660
1	-1476
8	-1246
8	-1658
7	-1020
1	-1172
8	-1134
8	-964
8	964
8	-1325
8	-1579
5	-1636
1	5911
8	12549
4	-1670
8	-1666
1	10
8	-1674
8	-1348
1	1155
6	-1654
6	-1635
1	-1460
1	-1458
1	-1651
8	-642
1	9149
1	1835
8	-1571
1	-1593
6	-1029
1	-1631
6	-1542
8	20948
1	-1665
6	-1653
1	2703
1	-1413
8	-1650
6	-1617
1	-1229
2	-1612
8	-1670
8	-1591
8	-1551
6	-1608
8	29671
8	-1659
1	397
8	-1361
4	-1259
8	-1659
1	-1654
8	-932
1	-1033
4	-1663
1	-1490
1	-1554
8	-1656
1	-1647
8	-1640
8	-1418
1	4011
1	-1531
8	-1545
1	103
8	-1503
8	-1562
1	-865
4	-1600
1	-1650
8	930
4	-1670
1	-1478
8	-241
8	5841
1	2273
1	-1439
7	-1386
8	-1173
1	213
1	-1641
1	7248
1	918
8	-1580
6	-1277
6	-1624
8	2989
5	-1569
1	-1587
1	2747
2	-1621
1	46
8	-1615
6	-1303
8	-1656
1	-796
7	-1656
8	-1645
7	-1656
5	-1675
3	-1281
1	-762
1	-144
2	-754
8	-1662
8	1498
8	-1630
6	2260
1	-1241
8	454
8	-1553
1	3036
1	-902
1	-1577
8	-1635
8	-1663
6	-1585
5	-1657
1	-1627
8	-1245
1	2270
7	-1658
4	-1640
8	-1627
6	-1669
1	-1625
8	-1612
1	-1671
1	-264
1	-1624
7	-1676
8	-226
8	-1531
8	-1649
5	-1642
8	528
6	1184
1	-1533
1	-708
1	-1113
6	24
8	-1551
8	656
4	-1551
6	-367
8	-1258
1	1395
8	-1548
8	-1493
8	-1652
1	-1512
8	20739
2	-1310
8	3050
1	-1404
8	-1630
6	-1668
8	-1648
7	-1667
1	-1562
1	-1660
4	-1626
1	-905
6	-1494
1	-568
6	-1587
5	-1670
8	-1606
1	-1675
8	-1599
1	-1660
6	706
6	-1669
6	669
1	3100
2	-1658
1	-1536
7	-1659
6	-510
6	-1554
2	-1656
8	-1518
1	-1640
1	-1189
1	-1256
4	-1462
7	-1616
1	1325
6	-1649
1	-403
8	-1676
1	757
1	-1654
8	-74
1	-1672
1	-1618
6	-314
6	-1657
8	-1640
1	-1185
8	1748
1	-1229
8	-1562
1	-1151
6	-1641
1	-1662
8	1053
8	-1534
8	-1627
1	-1388
8	-1169
4	-1588
8	376
8	9547
8	-825
1	-1227
8	-1662
5	-1672
4	-1617
1	-1666
8	-236
1	-1538
1	-1577
4	154
8	-349
6	-1578
8	-1250
7	-1676
6	2684
1	-1223
1	-1547
4	-1662
8	-1516
1	-1463
8	-1661
8	-1363
1	-1495
1	1877
5	-1627
8	13816
8	-1335
8	-1277
1	-1624
2	-1676
1	12041
8	-1671
6	-1388
6	-1241
6	-1557
6	-847
4	-1672
1	-1534
8	2286
8	-1384
8	-1136
1	-1674
1	-1010
8	309
8	-1235
8	-1127
7	-1499
8	7116
4	-1351
6	-1606
4	2335
1	5361
8	-581
1	-1548
8	19392
4	-1228
8	-1466
8	-1513
8	-1526
1	-1531
8	-1662
1	512
6	7828
1	-1553
6	-1597
1	-628
1	-1656
6	-491
8	11001
8	-1644
6	-1672
8	-1443
6	-1639
1	7279
6	-1272
8	176
8	-1661
7	-1660
8	-1561
1	877
8	-1651
8	-1667
1	-1097
8	1105
1	-1416
8	3435
1	-1540
1	-1645
8	8154
1	-1125
8	-1633
8	-1011
1	160
1	24362
1	-1163
7	-1657
8	-1133
6	787
8	-1401
8	-557
5	-1672
7	-1674
1	325
6	-1171
1	-1566
1	-1644
5	-1636
1	-1611
6	-1508
1	-747
8	-1185
8	-1361
8	1314
1	-1426
7	-1649
6	-1034
6	-1640
8	-1672
6	-1337
8	-832
1	408
8	-1002
1	19763
8	-452
1	-1658
4	-1503
8	-1443
2	-1641
8	712
1	-1593
8	648
1	-1645
7	-1588
6	-1346
8	-1649
8	-737
6	-1513
2	-1661
1	-1632
1	-830
1	241
8	9724
8	-1654
8	-1160
6	-1279
1	-1591
1	-1321
8	1159
1	-1670
8	-1340
8	-1444
8	-1075
1	-1657
1	-1645
1	-1618
1	-1676
8	-114
1	4950
1	-1205
1	-376
8	-1246
5	-1622
8	-1652
8	2152
1	4944
1	-1223
2	-1662
8	-1606
6	-1516
1	-1586
8	-1156
8	8095
1	-1195
1	-1508
1	-1282
8	-1433
1	1597
6	-1558
1	-1665
8	-1653
6	-1624
1	-1644
1	6299
1	-1504
8	-1068
1	-1661
6	344
1	-1620
8	-1426
1	-1654
6	-1670
7	-1671
8	-1675
6	-1676
6	-1298
1	-1493
1	-1636
8	-1653
8	-1481
8	2626
7	-1567
1	-991
6	-1605
8	-1661
8	-1218
1	-1641
1	1534
8	-1662
8	-1183
5	-1651
1	-1417
6	-1635
6	-1495
1	-1666
8	-1538
8	-1161
1	1406
8	-1516
8	-340
6	-1668
1	-1607
1	-1390
8	-1502
1	-1579
7	-1232
8	-1658
1	-1659
1	-1123
3	5678
1	-948
2	-1647
6	-1665
8	2375
1	-1115
8	14823
1	-1263
1	-1138
1	845
1	-898
8	-1674
8	21967
1	-1216
6	-1410
8	-1600
7	-1343
8	4078
6	-1649
1	-150
8	-1455
8	14954
8	-1196
1	-1661
8	-1419
1	-1258
1	-1563
6	-1106
1	-798
8	-1548
1	-1384
1	-1156
8	-1341
1	-1509
1	1445
1	-1190
8	-1426
6	-1590
1	-1602
8	-1516
1	-1600
8	-1473
1	-1658
6	-1283
8	-603
8	19752
5	-1213
8	-207
6	-511
1	-1355
8	-1636
8	-1578
6	-1661
8	-450
6	-1571
1	-1086
6	-1653
1	-1418
1	-760
7	-1514
1	-1441
8	-1636
1	2059
8	-1670
8	-1645
6	-1675
8	4394
4	-1663
1	-1404
6	-1382
1	-1594
1	1408
8	-969
8	-1642
8	-1443
6	-131
8	-1588
8	969
1	25035
1	-1618
1	-928
1	-1250
8	-1630
1	-843
8	-1639
1	-1498
6	-1498
8	-1274
4	-1671
8	8454
1	605
1	-1672
8	-1608
4	-1633
8	-1642
8	-1328
8	1429
1	9804
1	-1608
7	-1623
1	-1035
8	-1639
8	-850
1	-1647
7	-1668
8	-1581
7	-815
8	-1665
1	-1667
8	-1466
1	-908
6	-1460
6	-1586
8	1198
1	-873
1	-815
1	-1615
8	-1533
4	-1674
1	677
8	-998
1	-1323
1	-1180
8	-1209
8	-1612
1	-1593
8	1379
8	147747
1	-1653
8	-1663
6	70
8	-1502
6	-1609
1	-1037
2	-1676
8	2147
7	-1675
8	-761
1	-246
4	-1635
8	1130
8	1109
1	-727
1	-1651
7	-1621
8	-1475
1	4631
8	-673
8	-1658
8	122
8	-1613
1	8557
8	-935
1	-400
6	-965
1	6785
8	-1672
1	-1494
4	-676
6	-1488
8	-1674
8	560
8	-1303
6	-1613
1	-1650
8	-1644
8	-1391
8	562
5	-1671
1	-1315
6	-1388
8	-1659
8	-1468
1	9358
1	3063
6	-1669
6	-530
8	-1418
8	-660
8	-1364
8	-1631
1	-1162
5	-1490
4	-1651
4	-1602
1	-1668
1	-1399
6	-1614
8	-1671
8	-1498
2	-1481
1	-903
1	-1506
8	-933
8	-558
1	-1667
8	-1674
1	33838
1	-746
1	1645
1	-1204
1	-1569
6	-1398
6	-1343
6	-1209
4	1802
1	-506
4	-1625
2	-1652
4	-1325
6	-1226
7	-1600
8	-1623
7	-1661
1	-1596
1	-990
8	-1645
6	519
1	-1660
6	-1656
8	1212
8	-1548
8	-1650
8	-1319
8	-1539
1	-793
6	-1623
8	-1286
7	-1672
1	-498
8	-472
1	-1280
6	13643
8	-1279
8	-1277
4	-1669
8	2962
4	-1368
1	687
2	-1454
8	-538
1	2913
8	-1080
8	-1651
6	-1665
1	130
1	231
8	-1308
8	-1448
6	-1106
4	-1669
1	-1405
2	-1652
8	-1663
1	-1620
1	-495
8	4531
4	-692
6	12871
1	-1640
5	-1500
8	-1672
8	728
1	-1346
8	-1611
4	3197
8	14738
6	1518
8	-1384
8	-1635
4	-1667
8	-1602
6	-1310
8	5922
1	5188
8	-1210
8	-1469
4	-1542
6	-1657
4	-1631
6	-1225
1	-494
8	-1114
1	-1621
1	3768
6	-1443
1	-1524
8	-1620
8	543
1	327
4	-1674
4	-1600
8	-1151
8	-1578
1	-1550
1	-1328
6	50
8	1834
8	-1159
8	-1373
1	-1629
8	-1500
1	-1485
6	-1500
8	-1516
8	-1225
1	-1263
1	-1663
3	-1377
1	-1260
8	-1105
8	-1343
8	-1649
8	-1509
8	-1562
8	-1656
6	-1532
8	-1672
4	-1216
8	-865
8	-1634
1	-1665
8	-875
1	-1550
6	-187
8	-818
8	-1301
7	-1671
8	-1632
1	-1514
8	-1539
8	23164
4	-1675
1	18
1	-1649
1	1598
1	-1611
1	2241
8	-1568
8	-1585
6	-1448
8	6846
6	-1001
1	3554
1	-1460
4	-1395
6	-1234
8	-1135
8	-1328
8	-1660
8	-1194
1	447
8	-1633
1	-1645
8	-1635
6	-1577
8	-1669
8	-1493
8	-1595
8	-663
2	-1639
6	-1645
5	-1671
6	-1261
1	-953
8	-1589
1	-1652
7	-1648
1	-84
8	19526
8	-1132
8	-1653
1	-1572
2	-1500
1	-1178
4	-1666
8	-1675
8	611
6	-1629
8	-1666
6	-1399
6	-1241
6	-1511
1	-1299
8	-1079
1	-1635
8	-1494
1	-1642
8	-1661
8	-1656
8	-1539
1	-1430
8	-1660
8	-1451
6	-1636
1	-1425
8	36601
8	-1377
1	-684
8	656
8	-1540
1	-1672
1	-1634
8	-1205
1	-1632
1	-1550
6	-978
1	-1631
8	-1635
6	-1436
8	-1658
8	-1513
1	-1526
3	4914
8	-1650
8	-1630
8	-1424
1	-1578
6	-1457
6	-1665
4	-1674
6	-1636
8	-1423
4	-851
8	-1668
8	-1590
4	-1600
8	-1572
8	-1127
7	-1671
8	-1657
1	-1487
8	-1489
8	-702
1	-1298
8	-1645
8	-1323
4	-1671
8	-1618
7	-1612
1	-1580
7	-1657
1	-1672
5	-1661
1	-1588
8	-843
1	-1017
4	-681
1	-1593
8	-1602
1	-1555
8	-137
6	70
1	515
1	258
7	-1666
1	-1340
8	-558
5	-1627
6	-1666
7	34
1	-873
8	-996
5	-1676
1	-1378
1	-1377
8	-1580
6	-1602
1	-1631
1	-1554
1	-1579
8	-1656
8	-1309
8	-1513
4	-1634
6	-1634
8	-892
8	-1622
4	-1666
1	-1649
8	-1554
1	445
8	-508
4	-778
8	1575
1	4210
6	-1647
7	-1525
8	-1584
8	-1670
6	-570
6	-784
1	-1190
8	-1624
8	-1668
4	-1342
5	-1611
1	4391
8	-1011
8	-1659
8	4094
1	-1596
1	-1542
1	32081
6	-1423
8	979
8	-1586
8	-1652
8	1977
8	-1578
8	-1313
7	-1645
6	-1540
8	-1620
8	-611
1	-1502
1	4046
5	-1669
1	-1110
4	-1559
7	-1017
1	886
6	-1050
8	461
2	-1647
6	-1669
1	-1620
8	-1397
8	-318
6	-1550
4	-1674
8	-951
8	-1455
6	11219
6	-1599
1	-1263
6	-1614
1	-429
8	-1672
1	-1666
8	-1551
1	-1560
1	-1567
8	-1064
6	-1412
1	-1650
8	6192
8	-1431
8	-1651
1	3376
1	-1346
1	-1660
8	-1608
1	-1647
1	-1614
7	-1629
8	12691
8	-1651
8	-1250
8	-1250
1	839
6	-1630
1	-1478
1	-1666
1	4160
3	122
8	404
8	-1674
1	-1418
6	-1645
8	-1676
1	-1665
1	-1671
1	-181
1	-1659
1	-781
3	1176
5	-1670
1	-1371
6	-1421
8	-1670
1	-155
8	-837
8	-1576
6	-941
8	-1663
1	-1359
6	-1643
6	-1624
3	-652
1	-1488
8	-1398
2	-1665
1	10646
8	-1548
8	-1666
8	-1409
8	-1454
1	-1265
8	-1622
6	12825
8	-1160
8	-1249
5	-1629
8	583
8	-1570
8	-522
8	-1675
1	-1626
8	1647
8	-182
4	-826
1	-1600
8	-1654
1	-755
8	-1663
8	-1621
7	-1591
8	-1423
8	-1657
1	-1308
1	-1617
8	-1024
8	-1674
8	-1379
1	-1623
1	1497
8	-1660
8	-1620
8	-1624
1	-485
1	-549
1	50
8	6210
8	818
8	-1538
8	-1504
8	-1046
8	-1255
8	-1605
8	-1645
1	-1196
1	-1247
8	-1013
1	-304
1	-1599
8	-1553
8	2368
8	-1276
1	-1622
8	-1562
6	-1391
1	-227
1	-1259
8	-1599
8	-1455
6	-1640
8	-923
8	-1588
8	-1649
8	-1564
1	-833
8	-1596
1	-1594
8	4916
1	-1286
5	-1530
4	109
8	-1344
3	-90
1	-1639
5	-1606
8	-1525
6	-1218
6	-1663
8	-1663
8	4469
1	-58
1	-1566
1	-1625
1	417
2	-1611
6	6233
1	3899
8	-1671
8	-1669
4	-1659
8	-1454
8	-1336
8	-1531
8	-1661
1	-1507
8	-1521
4	-485
1	3476
1	-832
1	-1669
2	-1675
8	-1168
8	-1625
8	1031
6	-1542
6	-1670
8	-1351
8	-1657
8	311
8	1285
8	-1435
8	-1330
8	-1606
8	-1658
8	-1179
6	-1663
5	-1572
8	-350
7	-1638
8	-1545
8	-1491
1	-1482
8	-1387
1	-712
1	-1001
1	-533
8	-1615
8	-1448
6	-1644
8	-1674
1	-1598
1	-1571
8	-1313
1	-1649
1	-1503
8	-1553
8	-1671
1	-903
6	3757
8	-1538
6	-1651
1	-1389
1	-769
2	-1674
4	-1433
7	-1636
8	-1666
8	-1372
7	307
8	-1594
8	-1511
4	-740
8	-1671
8	-1586
6	-1553
8	-1663
1	-1234
8	-1629
1	-1621
8	-1671
8	-905
8	-1644
6	-435
1	-1587
1	-437
8	-1623
8	-1645
1	-1672
8	-1132
8	614
8	-1660
1	-1636
8	-1621
8	-1454
1	1296
4	61
6	-1669
5	-1676
2	-1672
1	872
4	7724
8	-1656
8	-1485
8	-1504
8	3617
8	-1636
1	-103
8	-1598
8	-1433
8	-1608
6	-1406
6	-1421
1	-1620
4	-915
8	5472
6	-1471
7	-1658
8	-995
8	-1278
1	-1651
6	-1101
8	-1432
6	-1498
6	-1639
3	4358
6	-1645
5	-1660
8	-701
6	-1041
6	-1672
8	-1657
6	-58
1	-1454
6	-815
1	-1142
1	1721
6	-1502
8	-1561
6	-1657
1	-1337
1	-1616
8	-1674
8	-1533
1	-1625
1	-1256
1	-1604
1	-1452
8	-1551
8	-1507
8	252
4	-1653
8	1327
1	-947
8	-1142
1	-1654
8	-1145
1	-1116
6	-983
8	-1653
8	-1658
8	10660
8	-1595
5	-1672
8	-1648
4	-1670
8	-1475
8	-1645
8	-970
1	-1602
8	-1638
8	-1038
8	-1650
6	-888
1	4077
1	-51
8	25483
4	-1627
8	522
1	-811
1	-924
6	-1150
1	-1191
8	-1662
6	-1648
1	4223
1	359
4	-1605
8	-1549
8	-1409
4	-1638
1	-1640
1	-521
8	-907
1	-1596
6	-1397
8	-1571
7	-1671
8	-165
8	-1135
6	-1335
3	-670
1	947
8	-1605
8	-1560
8	-1335
8	-1445
6	-1643
1	-1599
8	-1529
8	-1327
6	-1617
6	-1499
1	14305
6	-1165
8	-1649
8	-1640
1	-1593
6	-709
6	-1387
8	-1667
1	-1507
8	965
6	-1446
1	-1417
8	-798
1	6780
1	1471
1	1220
8	-1497
1	-1104
8	-1670
1	-1208
8	-1558
1	-1389
8	-1330
8	356
5	-1670
8	-1205
6	-1665
8	-1665
8	-1568
8	-1629
1	-1675
6	-1235
1	-1041
1	-818
1	-318
1	-1491
1	-1168
6	-1656
1	-1650
4	-1548
4	-1502
8	-1663
6	-1638
6	-1185
1	-562
1	-1667
7	-1675
1	-1598
1	-1659
7	-1661
8	-1666
8	-1643
1	-1091
8	-1566
1	-1346
8	-1663
2	-1663
4	-1500
1	-883
6	-1571
8	-1530
8	-1489
1	-183
1	-502
1	-1622
1	-1643
7	-1670
1	-923
8	-1663
6	-1669
8	-1106
1	-1672
1	-1662
8	-1490
6	3263
1	-167
8	-1665
8	9190
6	-1674
6	-1466
1	-1400
8	-1649
1	-1672
6	-1614
1	3241
8	1772
8	-1418
8	-1644
1	-330
6	-1666
8	-772
8	-1290
6	-859
1	-1203
8	-937
7	-1579
8	56137
8	-1617
8	-1207
8	14116
4	-1672
4	-1674
1	-1590
8	-1340
8	2071
6	-1369
1	-1615
1	-1620
1	1031
8	-802
1	-1626
8	-1675
8	-1385
8	-1594
8	-1634
1	-1626
1	1146
1	-1617
1	797
8	10187
6	-1479
8	-366
6	-1277
8	1047
5	-1563
1	-1550
5	-1666
8	-1505
5	-1672
4	-1667
6	-1636
1	-1570
8	-1286
6	34
7	-747
8	-1622
1	-245
6	-1593
1	-1327
6	-1158
8	-1136
1	-619
1	-1627
8	-548
1	-1231
8	-1642
8	-1614
1	-825
7	-1516
8	-1661
8	468
8	-974
1	-1588
6	-1527
8	-1603
8	-1572
4	-1631
1	9421
8	-1638
8	-1507
8	-1431
8	-1650
8	-1663
6	-1661
8	2906
8	-1576
1	-930
8	-1612
8	-528
8	-1253
1	-1198
6	-1547
6	-1630
1	-875
1	-1487
8	-734
1	-1512
6	-1627
6	-281
1	-1564
8	-1431
8	-1540
7	-1507
8	-1552
1	-1404
6	-1675
1	-1334
8	13943
1	-1675
8	751
8	-1446
8	-1669
8	-1550
1	221
8	-1633
6	-1482
8	-1525
1	-1475
1	-1606
8	-731
8	-1595
8	-1598
1	-1488
8	-1031
4	-1399
1	-1616
8	-1367
1	-1632
8	7480
4	-1156
8	2746
1	-969
6	-1412
8	6310
1	-1282
8	-1505
1	-1231
1	3319
6	-1308
6	-1675
1	195368
6	-742
8	-1225
6	-1097
1	-1676
8	-1590
1	927
8	-1539
8	6262
8	-1604
1	-1625
1	-1667
8	-1059
1	661
1	-1627
8	-1604
4	-693
8	-1671
1	-1472
8	-149
2	-1487
1	-679
1	12525
8	1005
8	-1643
6	-1663
8	-386
4	-1631
5	-1668
8	1032
8	4831
4	-1667
8	-1410
6	-1463
1	-1433
8	-1460
8	-1634
8	-814
1	787
6	-300
8	1820
1	-1463
8	676
8	-1273
8	-1217
1	-1639
1	1446
7	-1543
8	-1530
8	-1494
1	-1663
8	-1600
8	-1668
1	-1227
8	-1511
8	23912
8	2326
5	-1666
1	-1333
1	67
6	-672
8	-1674
6	-1309
8	-1669
8	-1555
6	-1598
8	-395
6	-1640
1	-1669
1	-850
1	-1644
8	-1663
8	-1517
8	-1670
8	-1327
8	-133
4	-1657
7	-1644
6	-620
1	7075
8	3963
1	-844
1	-1223
8	-1385
8	697
2	-1665
1	-257
8	-467
8	-1621
3	-1527
8	-1661
6	-1299
8	-1505
1	972
6	-1603
1	-1668
1	-622
5	-1661
1	-1607
1	-1538
8	-1332
6	366
1	-1379
1	-201
8	-136
8	-1640
1	-1642
1	8364
1	435
8	-1621
8	754
8	915
7	-784
6	-1600
6	-1615
8	-1307
6	-1498
8	-1593
4	-739
2	-1160
1	-1639
8	4784
6	-1667
8	-1668
1	-1196
1	4068
8	-1670
8	-724
5	-1532
8	-1188
1	-1654
8	-1643
1	2575
8	-580
8	-1564
6	-1575
1	3864
6	-1638
1	-1676
1	-1448
1	-1634
6	-1659
8	-1300
1	-1658
1	-1605
8	-464
8	1287
6	-1585
6	-1611
6	-1665
1	-1158
1	2206
8	-1283
8	42604
8	-1591
4	-1663
6	-1616
1	-1674
6	150263
1	-1443
1	-1586
8	-1645
8	-662
6	-1548
1	-1624
8	-1635
5	-1632
1	306
6	-1663
1	-689
8	-664
8	-28
1	-1396
8	-914
1	-1464
6	-1449
1	-1087
8	-1669
4	-1597
1	-1234
8	-1327
1	-1403
8	1454
8	-23
8	975
1	-426
8	3133
7	2672
1	-1384
5	-1676
6	-1651
8	-1666
8	-1074
6	-1621
6	-1221
1	-1182
4	-1658
8	-1624
6	-1624
1	-1643
8	-1620
6	-1657
1	-1503
5	-1672
8	-1530
8	-685
1	-1204
8	-1553
8	8638
6	-1458
8	-1494
1	-995
1	-1542
1	-1508
2	-1349
8	-1539
8	-1473
6	-1582
8	-319
8	1104
6	-1305
2	-1624
8	-1675
8	-1484
8	-1621
1	12659
6	-1119
4	-1564
8	-1333
1	-1413
8	-1652
8	987
8	-1575
6	-1643
1	45730
8	-1654
1	-1644
6	-1666
8	-743
5	-1644
6	-1544
4	441
1	-765
8	-727
1	-1545
8	-1613
8	-1653
8	626
6	-1218
1	-11
8	-1371
4	-1355
1	4175
6	-1667
6	-530
8	-1603
1	-1663
7	-1631
1	-718
8	-1617
8	1010
8	108
1	-1503
8	-815
8	-1614
4	-1624
6	-1570
7	-1641
8	-1584
1	-1665
8	-1672
4	-1661
1	-1457
1	-1549
6	-1174
8	-1663
8	-1604
8	-1638
1	-1625
6	-613
6	-1165
8	-1602
8	9432
6	-1038
8	-1551
7	-1223
8	-1607
6	-1477
8	-1203
5	-1499
1	4724
8	-1615
8	-1587
8	-1623
8	-1662
1	-1622
2	-1675
6	-1298
4	-1419
1	-239
6	-1606
1	-404
6	-444
1	-356
1	9055
8	-1604
1	-1658
1	-662
6	-1607
1	-1404
1	-977
6	2630
8	-1368
1	-1551
8	-1072
1	-1523
8	-1597
1	-1598
1	9297
1	-21
6	-1194
8	-1595
1	-1630
8	-1611
1	-1280
8	-1381
8	-1536
8	-1613
8	-1330
1	-1652
1	61181
8	1068
1	-1649
8	1247
5	-1670
5	-1337
1	-1590
8	-1602
1	-1335
1	-1520
1	-1224
8	2649
8	-1674
8	16
1	-1652
1	-1640
4	-1670
8	-1536
8	2022
1	-1640
8	-1485
8	-1656
1	-1649
1	-1408
1	-1666
1	-1665
8	39223
1	-1349
1	-682
8	-1624
1	-1676
5	-1669
5	-1663
8	-1344
8	-1663
8	-1672
8	-1638
6	81
8	-1309
1	617
8	-1177
1	-1472
1	-1428
8	-1656
8	-1622
8	-1650
8	-1648
8	-1668
4	-1530
8	-1346
8	-553
8	-1629
6	-1418
1	-1675
6	-1659
1	-1155
6	-1647
8	-1336
6	-1168
1	7394
8	-1635
8	1292
8	-1084
1	-26
7	-513
8	-1662
1	-1635
2	-1287
1	-1377
8	4047
8	140
8	-1660
1	-444
1	-1169
1	-1362
5	-1643
8	816
8	-1659
6	-993
8	-1377
1	399
6	-1634
1	-1658
1	-1306
8	1035
5	-1672
8	-1415
8	-1299
8	-1254
8	-1520
8	-1523
8	1911
8	412
8	-1570
1	-966
4	-1675
2	-1672
8	-1668
4	-1642
1	-1394
7	-1662
8	-1378
7	-1087
8	-1340
8	-1037
1	-1168
4	-1632
8	-431
1	-1650
8	-1264
8	-1662
8	-1543
6	-1672
6	-970
6	-1567
1	-1656
1	-1509
1	-1497
6	-61
8	-1674
1	-1625
8	-1033
1	926
6	-1113
1	619
8	-1642
6	-1672
8	-918
7	-1540
4	-1662
8	-1660
8	1819
6	-1212
6	-778
1	-1594
2	-1659
8	-863
4	-1240
8	1511
8	-978
8	-1636
4	-1045
8	-1600
8	72
8	-1624
1	-581
4	-1493
1	-1620
8	-1287
7	-1594
1	-1639
1	77
1	-1079
5	-1387
8	-1530
1	-1439
6	-1630
8	-1629
6	-1469
8	-1675
1	-1496
8	-1286
8	-1644
8	-1642
6	-1676
4	-1562
6	-906
8	-1617
8	71368
8	-1570
6	-1594
1	-1654
8	-1659
1	-1334
6	-1652
6	-1665
6	-1516
8	-844
8	-1633
1	-1598
4	-1588
1	3572
1	-1527
6	1173
1	-1624
1	-1600
8	-1663
1	-1612
8	-1615
6	-1500
6	-4
6	-1612
1	19779
1	-194
8	-1657
8	-1666
8	-1647
4	1612
8	-1165
8	-852
4	6710
1	-693
1	1739
8	25138
8	-1541
1	-1469
8	-1551
1	-1666
8	-1657
6	-1635
8	-1649
6	24031
8	1703
8	-1594
3	-355
8	-1650
1	-1674
1	-1582
1	956
1	-1527
5	-1674
3	-633
4	-1642
1	-1138
1	-1373
8	1130
1	-1562
1	-1670
8	-528
6	-365
8	9119
6	-1542
6	-737
8	-1558
8	-926
8	-488
1	-1526
8	244
5	-1663
1	-1575
8	-298
1	1284
6	-1657
6	-1669
4	-1194
1	-1611
8	-1050
8	9664
8	-501
8	-1564
1	-1147
4	-1675
1	-1602
1	-1190
1	-1630
1	975
6	-1631
1	-1095
1	-1668
8	-1000
6	-1258
7	-1667
8	45117
8	-1464
8	-1527
1	6281
1	-1446
1	-1364
2	-1512
8	-1279
8	-1566
4	-1518
1	-1597
1	-1667
8	-1207
6	-1660
8	-192
8	-1602
8	-1643
1	-1535
7	-1658
6	-1517
6	-1508
8	-1419
5	-1641
8	-1616
2	-1636
8	-340
1	5402
1	-998
8	-1630
1	-1653
1	-1512
1	-745
1	-1314
1	-263
1	-1325
8	-1656
8	-1665
8	-1665
8	-1674
8	-1566
8	241
8	-1378
1	-1226
1	-1281
1	3098
1	-1545
1	-730
4	-1652
1	-1643
8	2000
8	-1544
6	-285
5	-1084
8	-676
5	-1564
8	-1217
8	4124
6	-1458
6	-1616
4	-1649
1	-498
8	-1630
8	-1603
6	412
8	13680
8	-1500
1	220
1	462
8	-1625
8	-1515
1	-1665
1	-629
8	-585
1	-418
1	-1557
8	-1624
6	-1657
6	-1468
8	5729
8	-1675
1	-1670
1	-1164
4	-1666
1	-1670
1	2848
8	-1593
1	-1571
1	-1555
6	-1594
8	-1656
8	-1541
1	-1670
8	180
8	-1370
1	6282
1	-1442
8	-1636
6	-1671
2	-1380
4	-1675
8	-498
5	-1668
8	-1557
6	-1047
6	-1560
8	13651
8	-1180
5	-1668
6	-1389
4	-1669
2	-1651
8	-1319
8	-1658
6	-1652
7	-1674
8	-1674
8	-1551
1	-1662
6	679
8	-1442
6	-1659
8	-1539
1	-1419
1	-1665
8	-990
4	-1671
1	-1407
8	-1644
6	-1638
1	-764
1	-1163
8	1175
1	-1221
8	-1651
4	-1643
8	-1407
2	-1660
8	-1676
7	-1534
8	-816
8	5846
1	-1480
8	-1516
8	-1675
1	-1445
1	8842
8	-1386
4	4979
8	-1295
1	-1342
8	-1372
4	-1553
6	334
8	14074
8	-1595
1	-343
1	-1458
8	-1442
1	-1591
8	-1598
8	7958
6	-1648
2	-1539
8	17186
6	-1364
5	-1657
8	-1188
8	974
1	-1449
1	-1641
1	-1314
8	-1603
8	-1145
4	-1653
1	-1539
8	-21
1	-815
1	-1666
1	-1105
7	-1445
1	-1666
1	-1663
1	-1612
8	-1525
1	-1428
6	-1660
6	-1661
4	-1676
1	1090
8	-716
1	-1580
5	-1670
8	-1511
6	-1396
8	-1668
1	-1669
8	-199
8	-1394
8	-1575
2	-1394
8	-1605
1	-1389
6	-1587
1	-972
8	1698
8	-1674
1	-1470
8	-1533
8	-901
1	-1568
8	-1252
1	-339
6	-1659
1	-196
8	-1508
8	-1388
8	-1183
1	2060
8	-1054
1	-1395
6	-1675
8	-1660
8	-1657
8	-1326
8	-1355
6	-1310
1	-1255
1	3191
8	-180
8	-1666
1	-1614
1	-503
6	-471
8	1829
8	-1595
1	-1653
7	-1670
1	-1450
8	-1638
8	-1512
8	-1599
8	5808
8	-1547
4	-1605
8	-1001
1	-1321
6	-283
1	-1534
8	-1369
8	-1591
8	-1657
1	10029
8	-1349
4	-1672
8	-1624
8	-1642
2	-1654
8	-1621
8	-1270
1	-1372
8	1044
6	-1658
6	-636
8	-556
2	-1666
6	-1536
8	-1291
6	-1616
1	-494
8	-1579
8	-1535
6	671
8	-338
6	-1648
8	-1360
8	-1666
1	-1647
8	-1650
4	-1649
8	1239
8	-1593
8	-1508
8	-721
6	2766
5	363
8	-1644
1	-1639
8	-1477
4	-1209
1	-1547
8	-1245
8	-1534
1	-1301
8	-151
7	-1548
1	107
1	2331
8	262
1	1479
1	-1382
8	-1156
5	-1648
8	-1410
8	-1553
1	6680
6	-1524
6	-1640
1	7214
4	-968
1	1401
1	-1671
1	-1540
8	-573
8	-1632
6	-1262
6	-916
8	6472
8	-1596
8	-1469
1	-1602
7	-1394
8	-1666
6	-1005
1	60879
4	-1636
4	-1627
1	-1529
1	194
8	-1671
1	-1485
5	-1674
8	-1625
1	2681
8	-1674
6	2001
2	-1612
1	-853
8	-163
1	2476
1	-1500
2	-1602
8	-1674
6	-1660
8	338
8	-1611
8	-1625
4	-1643
8	1376
8	-1555
6	148267
7	-1423
8	-752
2	-1670
1	-670
8	-1662
8	-1541
6	16519
4	-1349
1	-1660
6	-848
5	-1417
8	-1654
8	1252
5	-1671
8	-1572
8	-1053
1	-398
1	-1573
1	-1653
1	793
1	6982
6	-1060
1	-1337
1	-1224
6	-1364
8	-1159
7	-357
6	-1606
1	-1431
5	-1670
8	-1668
6	-1662
8	-1586
8	16152
8	-959
5	-1675
1	-1185
6	-70
1	2607
4	-1497
1	-662
8	1445
6	-860
8	-1168
4	-1460
5	-1623
1	-1636
6	-1624
1	-1032
8	-1602
8	-1454
8	-1596
1	-1299
1	-1437
8	-1649
1	2643
8	-752
8	-1531
8	-1286
6	4425
1	-1672
8	1080
8	5922
1	-1674
1	-1553
1	-1611
8	-1522
8	-1575
8	-1644
1	3039
4	-1451
4	-1676
5	-1648
1	-1159
1	-921
8	-1634
4	-545
1	-1605
8	-1647
8	-1639
8	4129
5	-1662
8	-1651
6	-1543
1	-1657
8	-1179
5	-1668
5	-1672
8	-1668
1	-1020
1	-556
1	-1083
8	238
8	-452
4	-1550
1	4760
8	-111
1	-1453
6	-1620
1	-1545
6	-1602
5	-1604
8	-1660
8	3372
8	-1613
1	-642
1	-969
6	-1605
8	-1204
8	-1460
1	1060
1	-793
8	-1533
1	-1527
1	-1375
8	-1639
8	-1626
8	-313
1	29395
6	-1635
7	-1644
1	-1469
8	-390
1	1319
1	-1053
1	-1568
8	-1639
4	-1672
6	-1638
8	-1652
8	-666
1	-1665
4	-1604
8	1051
8	23369
1	-1615
8	-1663
8	-1609
8	-1622
1	-1661
8	-838
6	-950
1	-1342
1	-1568
1	860
6	-1613
6	-1575
4	-1662
1	-1529
1	-1654
1	-1615
4	-1518
6	-1671
8	769
8	-1461
1	-1624
8	-1599
8	-844
8	-1609
7	-1322
8	-1667
8	-1674
1	62
1	-1672
8	-945
8	-1612
8	-1535
1	-1659
4	-1636
4	-435
8	-1633
8	1039
1	-1450
1	-1503
1	-1611
8	-1297
8	-1534
8	-1421
8	-101
8	1180
1	7797
8	1213
8	-1473
8	-1665
1	-989
8	-1285
8	-1654
3	-1282
8	-1339
1	-1657
1	-1608
8	-393
8	-685
8	-1524
6	428
6	-1354
8	-956
8	-1395
1	260
1	277
6	-1676
1	-1381
6	-1385
8	-1639
1	-504
8	24353
8	-1606
1	-1658
8	9876
8	-613
4	-1292
1	1660
1	-1566
8	-1622
1	4966
1	-1014
1	-1645
6	-1659
1	-1606
4	-1668
7	-1666
1	4007
4	-1597
8	-1625
1	268
1	-1575
8	188
6	1430
6	-1555
8	-883
1	-1472
8	-1630
1	2047
8	-825
1	-696
8	-889
1	-1115
1	-1261
1	-1526
1	1065
8	-185
1	-1364
1	-341
8	-1487
1	-1645
8	-1576
6	-1665
8	1412
8	-1608
1	-1630
8	-1560
8	-1599
7	-1642
1	-1515
1	-1638
1	3665
8	-1632
8	3463
6	-851
8	-566
1	-1647
6	6161
8	-1186
1	-966
4	-1533
1	454
6	-1581
8	-638
8	630
8	-1117
8	-1608
6	3795
8	-1675
5	-1675
1	-1056
1	-1608
6	-1663
7	-1145
1	-1341
8	-1485
5	-1634
4	-1642
8	-1658
8	-495
8	-1183
6	-1635
2	-1624
8	-1623
1	-1518
4	-1624
1	-1643
8	-1674
1	-1647
8	-1504
8	-644
1	-1536
1	-475
1	-697
1	-1581
1	-1578
1	-1647
6	-1656
4	-1144
6	-905
8	3009
8	-1104
2	-1633
1	-112
8	-556
6	-1674
8	-1472
8	-1569
6	-1547
4	-1117
8	-1635
4	-1642
1	-1424
1	-1675
1	2650
1	-1159
8	-1324
5	-1647
5	-1638
8	-481
8	2535
8	-1651
8	-1204
1	2787
1	-341
1	-793
6	506
6	-1013
8	-1478
1	-1625
6	1644
4	-1475
8	-1516
5	-1152
8	-1503
6	-87
1	-603
5	-1672
8	6946
4	-1604
1	-1674
8	678
1	-1608
6	-1516
8	14269
8	-437
1	10692
1	1603
6	-1659
8	1454
8	1023
6	-1229
1	-1599
6	-1283
8	-997
1	-1639
8	-1666
1	-1538
1	-72
8	-1588
8	-1623
8	-1640
1	-1659
1	-1503
1	-526
1	-1671
8	396
8	-1582
7	-1647
4	-1674
5	-1661
8	-1668
8	-1665
8	-1629
5	-1549
8	1005
6	2967
1	-1614
6	-1662
6	-1666
1	-743
1	236
4	-1297
6	-1675
8	-166
7	-1114
1	2164
8	8493
1	-421
8	-1594
1	-1675
8	-1399
1	2054
8	-1098
1	-1616
1	-1651
8	-1675
8	-1669
1	-1306
1	4537
4	-1618
8	-1199
2	-1543
1	-1156
1	-1561
1	-1386
8	-1240
8	-1661
8	-1633
1	108401
1	-991
4	-1598
1	-1660
6	963
1	-484
1	-1624
8	5169
1	-539
8	659
8	-1663
8	-1605
6	-1540
8	-1068
8	-802
8	-1294
8	-1656
6	-1669
8	-1670
1	2781
1	-1561
8	-1669
8	-1639
8	-1639
1	-1634
1	-88
7	-1675
8	-953
1	-1086
6	323
6	-691
8	598
1	-1516
2	-1671
8	-802
2	-1584
8	-1401
1	-1625
8	-1314
7	-1631
1	-1668
1	-906
7	-1387
7	-1532
6	-1666
8	-1661
1	-1147
8	-437
8	-495
8	-977
4	-1561
1	-1616
8	-1643
8	-1396
7	-1455
2	-1499
8	8940
6	-1052
8	220
1	-1653
8	-1480
1	-1552
7	-1674
1	-1478
1	-1360
1	-1577
1	-1433
8	-1644
6	-1513
2	-1071
1	4
8	-982
6	-1340
1	-1092
8	-1624
1	388
8	-1439
8	-1624
1	-1408
8	-1377
1	-273
1	2859
1	-1086
1	-1529
8	-827
8	-1119
6	-1559
1	-1577
1	-1051
8	-1625
1	-1638
4	-1671
1	12910
8	-1629
1	-262
1	-1337
4	-1675
8	-1656
1	-1614
1	-1570
7	-987
1	-1280
7	-1633
6	10453
8	-1654
1	-670
8	-1665
1	-1108
1	-1435
1	-1670
8	-15
8	842
8	-1096
1	12625
8	-1577
8	-1634
1	-1624
1	-1525
6	-1590
8	-906
1	-1498
8	-657
4	-1674
8	-1617
1	-1505
1	-1488
4	-1612
1	-139
1	85
1	-308
7	-1674
1	-1621
1	179
4	-829
8	-1611
1	-1672
1	2090
8	-1464
2	-1653
1	1201
1	-1555
1	-1656
8	-1288
6	-1658
6	-1512
1	-801
1	-1557
1	-1614
6	-1547
8	-1657
8	3716
1	-1663
1	1902
1	-1631
6	-1417
4	-1609
1	-1526
8	-1653
8	-1473
8	-881
4	-1378
2	-1672
1	3349
8	-1408
8	-1621
4	-1674
7	-1659
8	-1548
8	-1608
6	-1660
1	-1667
8	7228
1	-649
8	-1657
1	5708
6	-1587
5	-1542
8	-1665
8	-1624
8	-431
8	-1651
6	-1440
8	-1665
6	-1613
8	-1675
1	-1648
4	-1672
1	-371
1	-1631
8	-1188
1	-1100
1	-833
1	523
8	-1644
1	-1624
8	-1368
6	-254
1	-1553
6	-13
1	-1665
6	-1581
1	3258
6	747
1	-1168
8	-1126
8	-1009
4	-1491
6	-1590
1	-1672
8	1622
8	2889
8	-1618
8	-1227
8	-1675
6	7376
1	-1672
1	-1394
1	-1250
1	187
7	-1671
6	-1524
8	-14
8	-1603
1	-294
2	-1669
1	-1642
6	-1656
1	-1589
7	-1641
1	755
4	-1645
7	-1661
8	-1119
8	-229
8	-1596
6	-1672
8	-1555
1	-1568
6	9
8	-1584
8	-1639
8	-1534
8	-576
1	-403
8	-1591
8	-1243
7	-445
4	-1512
1	-1660
1	14990
8	-1436
8	-1670
1	2560
1	-1432
6	-1570
8	-1480
6	-1587
8	1526
8	-1234
8	-1461
6	-1569
1	-376
1	-1413
1	-1661
8	-1636
8	-1553
8	-1595
8	-1484
1	-917
1	-1639
5	-1672
6	-1614
8	565
1	4456
1	-1345
1	-1582
1	1636
8	-1579
4	-1647
6	-1015
1	-534
8	-1508
8	-1660
8	-1670
1	-1253
1	-845
6	-1671
8	-1102
8	-1652
8	-926
6	-1351
8	-1667
8	-1667
8	-1675
6	-1644
1	-842
8	-1669
3	1277
8	-814
8	-1512
1	3097
8	-1635
6	-1665
5	-1668
7	-1260
8	37385
8	1027
1	-1362
1	-1595
1	-1430
6	-1591
1	3210
8	-1650
1	683
6	-1548
1	-1653
1	-1588
8	-1649
1	-1626
8	-1667
6	-1614
2	-1596
7	-1675
1	-1641
1	-1669
8	-540
8	8073
8	-213
4	-1660
8	-687
1	-1632
6	-1486
8	2838
1	-889
8	-835
1	1223
1	-1540
1	-1441
4	-1643
8	-1668
8	-1650
8	1124
8	-1617
1	-293
5	-1644
4	-1247
1	-1661
1	8130
1	-1644
6	-1304
1	-1242
5	-1671
5	-1663
1	-1656
8	-811
8	-1507
8	139
8	-1670
1	-1047
4	-1607
1	-1600
1	-1272
1	-1669
2	-1668
1	25099
6	-1652
1	5497
6	-1658
8	-1671
4	-1624
1	271
8	-1520
1	-356
6	-1659
1	-1575
1	-1616
8	-1629
6	-595
8	-1662
8	-1503
6	-788
8	-1309
4	-1627
1	-1654
8	-379
4	741
8	-1597
8	-1486
5	-1630
1	7990
6	-1651
1	-1489
8	-516
8	-694
6	-382
8	-1264
6	-1672
8	-1585
6	-1368
1	-1596
8	-1043
8	-1584
8	-1539
8	-1653
6	-1640
1	-771
8	-417
2	-1627
6	-1455
4	-1497
1	32633
1	-1630
1	-706
1	-204
4	-1613
4	-1635
8	-1588
4	3928
8	-1616
8	-1388
1	-853
8	-1517
1	218
8	-313
1	4510
8	1031
8	-1487
8	-1252
1	-1643
8	-1572
4	-1676
1	-1446
1	16258
1	3480
1	-1665
1	-1651
1	-1440
8	6779
8	-1663
1	-1099
8	-1616
1	-617
2	-1559
8	-1332
1	3073
1	-1671
8	-1178
8	-1572
8	3654
1	9220
8	10977
7	-1665
7	-564
8	-935
8	-1386
1	-1440
1	-1088
8	-1667
1	29802
6	-1642
8	-1659
1	12246
1	19088
8	7405
8	-1653
8	408
8	-653
1	-1577
1	65402
8	-1223
1	-1495
1	9922
1	-1651
8	-1312
8	-1460
1	-1648
8	-935
1	-1656
8	-1511
8	-787
6	-830
1	-627
1	1609
6	-1589
8	10720
1	10024
8	-1670
6	-665
5	-1665
8	-1168
1	-1485
1	-1059
1	17388
8	-1367
6	-1634
1	36
1	-1672
8	-1445
1	-1620
6	-1663
1	-1269
2	-1538
8	-1512
6	-987
2	-1672
1	-1516
4	-1524
1	-1201
6	-988
6	-1657
1	-1539
1	-1396
1	458227
1	-1028
8	-1539
6	139
1	-1650
1	-1584
8	5460
5	-1671
8	-1625
8	-1265
8	1195
8	-1301
8	-892
8	-502
2	-1674
1	-1286
5	-1672
8	-703
8	-912
4	-1671
8	-1542
1	-1267
3	5021
8	-1670
8	-941
1	-1372
8	-694
8	-1663
8	-1585
1	-413
8	-1345
8	-1622
6	-1608
6	-1451
1	5324
1	-1180
8	-924
8	-1192
8	-702
5	-1659
4	-1665
8	-1591
1	-1499
8	-456
1	-392
8	-697
1	-1634
1	-1243
1	2313
3	-1600
8	-456
6	-1362
6	-1672
1	-1659
2	-1672
6	-1640
8	-819
1	2617
1	7634
4	-1126
1	-196
1	-1670
5	-1656
1	-1295
1	15828
8	-770
7	-1432
6	-611
6	-1624
1	-1049
7	-975
1	-1288
4	-1152
8	-1529
1	-844
6	-1662
6	-1479
6	-1195
7	-1657
8	-1589
8	-1478
6	-1425
4	-1665
6	-1453
1	-1606
1	-1074
8	-1278
1	-1253
1	-1019
8	-1489
2	-1658
1	-1669
8	-1656
8	-1599
1	-1591
6	-1459
8	-1164
1	-1532
8	-1652
6	2611
8	8632
8	-1451
6	-419
6	520
8	-1659
1	-674
8	1212
8	-1497
1	-1401
6	-1641
6	-1163
4	-1661
1	-1345
8	-1122
1	6660
8	-661
4	-681
6	-1645
1	-1019
1	-1228
1	-370
6	-1391
1	-805
6	-1571
8	2379
4	-1387
7	-1607
8	-1671
8	-1576
8	3445
6	-1036
1	-39
4	-1623
8	-1626
1	2530
8	-1667
8	1909
8	-1661
1	422
8	-1423
4	-1657
8	-1298
1	-1577
8	-1647
1	-1617
1	130
6	-1657
2	-1672
1	-1408
6	-1642
8	-808
8	3010
8	-1652
6	-1459
1	1370
6	-1486
1	-1512
8	-226
1	-1596
6	-993
8	-1670
8	-1609
1	6381
1	-284
4	-1102
1	6731
6	-1631
8	-1001
8	24457
8	-1626
6	-1669
6	-38
1	-1648
7	-1676
1	-1638
1	-1390
1	-1529
7	-1672
1	-185
8	-1558
1	-1641
8	-1522
7	-1513
8	-1645
6	-1669
8	-1666
5	-1670
8	-1038
6	-621
1	-94
1	-689
8	-910
8	-1671
1	-801
8	-1348
8	-1670
8	2036
1	-1660
6	-1548
4	-1659
8	-646
8	-1631
1	-1627
4	-1661
8	619
7	-1634
1	-1497
8	-1481
8	-1674
4	-1629
1	-1675
1	-1036
1	-1558
8	11084
4	-1675
6	-1426
1	1050
8	1023
8	-946
1	-1568
8	1528
8	-1243
8	-1661
1	1709
8	-1629
8	-1651
1	-1471
1	-1582
6	4921
8	-1068
8	2213
1	-1484
5	-1667
7	-1649
8	2803
8	-348
1	359
8	-1640
6	-1667
8	6776
6	-1513
8	-1641
4	-291
8	-1615
8	-981
8	-1629
8	-1603
1	-1591
8	-1641
8	11620
1	45
8	-1569
8	-1292
8	-1621
6	-1435
1	-1168
8	-1675
1	-654
4	-1522
1	-85
6	4677
8	-1629
8	-1557
2	1823
4	-1672
1	-1131
1	-102
1	-1621
8	-1647
4	-1635
1	2667
8	-1620
1	-1134
8	-1661
8	-1422
8	-1392
8	1201
8	-1647
8	-1617
1	-1435
1	-1032
8	-1605
6	-1666
8	-1227
8	-1427
4	-1632
8	3793
1	1962
1	-749
6	-1518
8	854
4	-1669
1	1019
8	-1623
1	-511
1	10145
6	-1666
1	-1552
6	-995
8	-1612
1	-1361
2	-1656
8	-1598
8	279
1	-1324
1	-1590
1	-1386
8	-1444
6	-1191
1	-1100
8	-1657
1	-494
8	-1639
1	1705
8	47293
1	-624
8	-1508
8	687
8	-1651
4	-1622
1	-1561
8	-1529
6	-1640
8	-1162
4	-1509
8	-1611
8	-1505
6	-1172
6	-1475
8	-1668
8	11688
4	-1426
8	-1113
6	-1203
1	-1533
1	-1647
1	-1642
1	-1643
1	86347
6	-1598
8	-1177
1	-1384
8	3399
1	-1649
1	651
1	-758
8	-600
1	-1584
7	-1584
8	-970
8	-769
1	-1552
8	-1589
8	1166
1	-861
1	4195
8	-1665
6	-1264
6	-1669
1	-1584
1	-1584
8	-441
6	2038
8	-1672
8	-1080
1	-1622
1	-1322
4	-1624
1	-971
6	-1651
8	1164
8	-1212
8	-182
8	-1672
7	-1364
1	-1649
1	-1636
6	-1205
8	-1004
4	-1609
8	178
8	-1555
1	-1647
1	28546
1	-1518
8	-1614
1	-1022
4	-1147
8	-1636
1	-1245
1	-1672
1	-1584
8	-1199
2	-1147
8	-1206
5	-1662
1	-1418
1	-745
8	-1586
6	3161
1	742
8	-272
8	-1260
1	76
8	-1534
8	1095
1	-1658
1	-1315
8	-1597
1	-1633
8	33
8	-948
8	-510
1	-1600
8	-1652
8	-1644
8	-471
5	-1643
1	2036
8	-1542
7	-625
8	-1554
8	-1658
1	-1557
8	2026
1	28465
1	-1671
1	297
6	-1314
1	-1303
1	12865
8	-1633
8	-1651
1	-1671
6	-1530
1	-948
6	-1570
8	-1309
1	-510
3	9624
8	-1530
1	4668
1	-1669
6	-1650
1	-1675
8	-824
1	2427
1	-1495
1	-1061
6	-1010
6	-1621
1	1928
6	-1654
8	-1388
8	-1665
1	-1523
6	-1627
1	-1551
8	-1671
6	2710
6	-1675
6	-1663
8	-1672
8	-1649
8	-1558
1	-1638
1	374
1	35
8	51
1	-729
1	-1586
6	-1531
8	2862
1	-1584
1	-1587
1	-697
1	2980
8	-1299
8	-1656
1	-1424
1	-607
6	-1629
2	-1494
1	-1362
8	-1624
4	-1378
8	-1642
8	128
1	-371
8	6471
8	-1409
1	-1118
8	-1641
1	-1548
8	-1675
8	279
6	-1644
8	-1651
1	-779
8	-1631
1	-1550
8	-326
8	-1674
1	-1608
1	2379
8	1142
6	-1609
1	-989
8	-1675
1	-1654
8	-1346
8	-1627
1	-1645
1	-1013
1	-1453
8	-1669
8	-321
8	-1453
1	-1651
8	-1566
6	2794
1	-1525
1	-1467
6	-1361
8	-1663
1	-1573
7	-1653
8	-1651
8	-1648
8	-1641
8	3855
1	-1561
2	-1132
8	-1286
1	-1345
4	-678
1	-473
6	-1509
2	-1668
8	-1577
4	-1191
5	-1663
4	-1663
8	-66
8	-1611
4	-1439
8	-1634
8	-1675
8	-974
1	-629
8	-1656
8	-1568
7	-1570
8	-1625
8	26263
6	4094
8	-1603
1	-1656
1	502
8	15817
8	-1435
1	-595
5	-1675
6	-782
8	-1345
1	-1568
1	-554
8	-968
8	-1495
8	-420
1	-1670
8	-1638
1	-719
4	-1626
1	-1674
1	59
6	-1653
5	-1588
8	-1615
1	-997
5	-1661
6	-1659
8	-1165
1	1734
8	-1558
8	-1663
8	1891
1	-1621
1	-1602
1	1344
1	-1627
8	-1009
1	-1635
8	-1672
1	-1657
8	-1633
8	12851
1	-851
8	-1644
6	1602
1	1574
2	-1635
8	-1410
1	959
4	-1286
1	540
4	-1674
8	-1265
6	-1631
6	-1571
8	-1506
1	14484
1	-1608
1	-1530
1	-977
8	-1603
1	25697
4	-1620
1	-1358
4	1907
1	-984
8	-1553
1	-915
7	-1498
1	-1449
8	-1502
4	2402
4	-1634
1	26661
8	-1644
5	-1658
8	3700
8	-1551
1	-1340
8	-1668
1	-1604
1	-1327
8	-1659
8	2044
8	-1549
7	-1623
8	-1671
1	19941
6	-1523
1	902
1	-1093
1	16055
8	-1545
8	-1666
1	-1668
6	-1376
8	1110
1	5809
1	-1665
4	-1638
1	51868
6	-1662
6	-1351
1	-1516
6	-1341
7	-1676
6	-1668
6	-1513
1	-1615
1	-1161
8	-1366
1	-1548
8	-1540
2	-1670
8	5024
8	-1667
6	4284
1	-210
7	-1508
8	-1143
1	-1223
1	-1253
8	-1666
8	-274
1	-1656
8	-1389
1	-1017
8	-1674
1	1895
1	-1518
8	-825
1	-1660
8	-1558
8	-1349
8	2607
1	-1462
8	-1668
1	-1626
1	470
4	-1613
1	-1526
1	440
8	-1028
6	-1659
1	-1671
8	-1584
8	-1310
8	-1666
8	-1579
8	-1439
6	-1072
1	-1182
8	586
6	-1608
1	-1609
8	4053
8	-1621
1	-1032
8	-1611
7	-1408
4	-1419
1	8992
1	-1535
8	-1493
8	-367
4	1261
8	-1281
1	-527
8	-1666
8	-1414
1	-1675
8	49218
4	-1550
8	-412
1	-1604
6	-1355
6	-1643
1	13704
8	-1607
1	-1560
1	-1197
8	-1080
6	1847
1	1114
6	-1636
1	-1368
4	-1653
8	-1526
8	-1638
8	-1553
1	640
1	-934
8	-1597
1	2650
7	-1626
8	-1665
8	-1602
8	-1669
1	-1652
6	-417
8	1599
1	-502
6	-1147
8	2235
8	-965
1	-1357
8	-1629
1	-932
8	-1573
6	-1572
6	-1638
1	1522
1	30131
8	-912
2	2150
1	-1523
8	-1671
7	-1676
8	1137
6	-602
1	-1643
1	-1304
1	-1208
1	-1623
1	-1354
6	-1669
1	-1549
8	-1539
5	-1666
8	-1057
6	-1658
8	-1659
8	-1562
4	-1563
7	-1460
1	-1635
5	-1669
7	-1361
8	-1640
6	-1633
8	46
8	-450
1	-1167
4	-1557
8	-1622
8	560
8	-1543
1	12881
1	-1670
1	-1642
8	1256
8	-1591
1	620
1	-1598
8	-1508
4	-1660
8	1149
8	-1668
8	-1667
8	-1661
1	-1665
7	-1676
1	-1380
6	-1644
1	-1572
6	-617
1	-1671
4	479
8	-1566
8	-988
8	-1408
6	-1586
2	-1624
1	-1641
1	-656
1	-1146
7	-1638
4	-1603
8	-1572
1	-1605
8	-1636
1	-1638
4	-1667
8	-1567
1	-393
4	-1657
1	-1640
1	-126
8	-1409
1	12210
6	3268
8	-1435
1	-1550
1	793
2	-1399
4	-1665
1	-1640
1	-1454
1	-1442
8	-627
8	-1587
1	-1376
1	1123
1	-1360
1	-1633
5	-1206
8	-1366
8	-1620
1	-1641
8	-310
1	-1621
1	-1353
1	-1562
6	-1654
6	-1638
8	-1350
6	-1642
8	-1595
1	640
8	-918
8	-1142
8	-702
8	-1657
1	-1334
1	-1642
1	-479
1	-838
5	-1391
8	-1627
8	-1663
8	-1384
1	2281
1	-1530
8	4912
6	-1386
1	-915
8	-1504
1	-1390
4	-1676
2	-1674
8	-210
6	-1479
6	-1651
7	-1658
6	-1588
8	-1670
8	-901
8	-1522
1	-1600
1	6188
1	-1412
8	-1608
1	-1060
1	-1274
8	-1657
1	-1036
4	-1512
8	-1552
1	20775
1	-1599
1	-1625
1	-1613
8	-1371
1	-1286
1	-1502
8	-1675
6	-1563
2	-1671
8	667
6	116
8	-1651
6	-1604
8	-1578
8	-1164
1	-1372
8	-1660
1	-1598
8	-1522
8	-1599
6	-1652
8	-1674
1	-1663
8	-793
1	-1538
1	2681
4	-1522
8	-1536
8	-1542
5	-1665
4	-1675
1	-1303
8	7058
8	-1666
8	-1649
1	5254
8	-1562
4	-1647
1	-1647
1	2861
5	-1643
1	-1535
1	-1527
8	-1604
8	-1478
5	-1671
4	-1490
8	-1527
1	-1507
8	-1621
6	-1553
8	294
6	22534
8	-1617
8	-1658
8	-1490
6	-1096
1	-1643
6	-36
8	-1632
8	652
8	1880
6	-1639
1	-1674
5	-1596
6	-1611
2	-1629
1	-620
8	21773
8	612
8	-1648
1	-1303
1	637
1	-1415
6	3951
1	-950
1	2125
4	-1431
8	32702
8	-1607
1	-1669
1	-13
6	-513
1	-1649
7	-1549
8	-1314
6	123
4	-1650
6	-1665
8	1509
4	-1443
6	-1487
2	-1676
7	-1674
8	-1674
1	-1626
8	-992
8	-1529
1	-1653
1	-1650
8	-1657
6	-1602
8	-1520
8	-1587
8	-2
8	-1652
1	-1221
7	3061
8	-812
1	-1582
1	2978
8	-167
8	-1138
1	-1651
8	972
1	-1555
1	-952
6	1381
6	-1621
8	2570
8	4153
6	-1659
5	380
8	134149
4	-357
5	-1650
1	-1442
1	-911
6	3366
8	-1617
1	-1613
8	-1625
1	-744
6	-873
8	-1580
6	-1643
4	-1641
1	338
6	-1641
1	11905
1	-1335
6	-1645
8	-1499
8	1314
1	-1480
5	-194
8	1006
8	376
1	-1581
8	-1609
6	-1611
8	-1657
8	-1675
8	-1587
1	2047
8	-1634
1	-635
8	5162
8	-1647
1	-1566
8	-1629
1	-1559
1	-1473
6	688
1	-1101
8	-1666
8	-1572
6	-1676
8	-1639
8	19984
8	755
1	-986
6	-1615
1	1513
7	-1457
1	-1525
1	-1560
8	-1124
8	-1662
8	-1651
8	-1579
6	-1671
4	-335
1	9541
1	-1186
1	-1625
4	-1564
1	3066
5	-1603
5	-1518
8	-1625
8	-414
1	-1606
1	-697
1	6344
6	-1669
5	-1660
7	-1534
8	-1670
8	-1561
1	-1208
6	-1387
8	-1609
8	-1295
8	-1586
1	121600
1	-1656
8	-1643
8	1062
1	-1414
5	-1484
1	-592
2	-1129
6	-733
8	-1538
1	-1563
8	-1640
6	-1586
8	5536
8	-1642
1	-1150
1	-12
1	-1670
7	-998
6	-1371
6	-1461
6	-1630
4	-1654
4	-1656
8	-1671
6	-610
5	-1669
8	-1428
8	-1676
8	-924
6	-1669
8	-1373
8	-1505
8	-1291
1	376
7	-1670
8	-1373
6	-1394
6	538
1	-1512
1	-1666
8	-1657
8	308
7	-1607
1	-1614
8	-1649
8	-1486
6	2406
8	-501
5	-1654
6	-1289
6	-1287
1	-1520
8	-1110
8	-1660
6	-1662
8	-1660
4	-1470
8	523
6	-1669
1	-1659
1	-153
6	-1675
1	4453
1	201741
6	-1624
1	-1305
8	-1189
1	-1432
2	-1657
6	-1674
8	-666
8	-1186
6	-1647
1	-1589
1	-1502
1	-1641
1	-1557
7	-1634
1	-1552
8	32
1	9323
1	2078
8	6555
1	904
1	-1159
1	-1629
8	-1670
8	-1450
8	-1636
8	-1580
7	-1643
1	-1609
8	2046
1	-1617
1	-1470
1	-1505
4	7759
1	-727
8	-1643
6	-830
8	6315
1	-1269
4	-453
8	-1564
1	-1436
8	-529
8	4706
1	-1648
1	2688
6	-307
8	-1453
1	429
1	-1484
8	-558
8	4804
8	-1602
1	-1242
8	-1647
8	-1494
1	-1534
1	-1665
6	-1377
7	608
1	1222
1	-1431
6	-1540
6	-1279
1	434
8	3768
6	-1155
1	-1594
1	-1569
1	-1137
8	-1597
4	49731
8	-657
6	-1676
8	2580
1	864
8	-1075
8	-1644
8	-1473
8	-1668
1	-1622
8	-1636
8	-1209
8	21447
8	-1291
6	-665
6	-1591
1	-1654
1	3436
8	-893
1	-1674
6	594
1	-1665
6	-1666
1	7045
8	-1177
7	-1553
1	-1543
8	-1620
1	-1661
6	-1602
8	-1443
8	-1571
8	-1625
1	-1378
8	-779
8	-766
8	-1643
8	-328
8	-1252
8	-283
8	-1656
1	10546
4	-1671
1	1693
2	-1675
1	-1586
1	3373
6	-1613
1	-955
6	3746
8	-1507
1	-1378
1	-222
1	-725
6	277
1	-948
8	-1024
8	-115
8	-1377
8	-1297
8	16066
1	-1674
1	-1507
1	-1274
8	-1397
1	-1643
8	263
1	75
1	-1251
8	-1499
1	-1674
8	6303
6	-1604
1	-1553
8	-1654
8	973
6	-1557
8	-1451
8	-1641
8	-1485
6	1540
4	-1658
1	-1491
8	-1654
1	-935
5	-1675
1	-9
8	-213
8	-1560
8	-1549
7	-1645
8	-1570
8	-1663
1	-1662
1	-1479
8	-1623
6	-1380
8	-1618
4	-1674
1	-1108
1	-1195
6	-1665
1	-1663
4	-1648
1	-1228
1	-1270
1	1131
8	-1345
8	-1024
8	-1666
8	-1523
8	-1633
1	-1382
1	-1647
1	-1589
1	-1326
8	-1674
1	-1650
8	-1659
1	-1524
8	-1657
8	-1638
8	-1536
8	-1459
6	-1670
8	-1382
6	-1547
6	-1674
1	-1316
8	-860
6	-257
4	-1430
8	-1667
2	-1666
6	-1566
6	-1632
7	-1603
1	-884
6	-1270
8	2725
1	-1642
8	216
4	-1624
8	-1228
1	-880
1	-207
6	-1480
4	-1648
4	-1221
8	620
6	-927
8	-1584
1	-1149
8	-1666
1	1047
6	-1467
8	-1408
6	-1626
4	-1232
2	-1624
6	-993
6	-842
8	2473
7	-1607
8	-1417
8	1050
1	-1059
1	309628
1	-1564
1	-1541
4	-1464
1	1711
1	-1380
4	383
4	-1499
1	-1377
8	-1629
1	241
5	-1557
8	-1632
6	-1635
8	-1582
8	-1352
6	-1544
8	-1620
7	-1644
6	-829
5	-1648
1	-1078
6	-11
1	-1488
1	-1164
1	-1622
6	-1635
6	-1591
1	-1670
5	-1614
8	-1576
6	-1609
8	-1576
8	-1663
1	-1367
8	-1658
1	-1667
1	-1648
8	-1476
6	-434
4	-1613
8	-1283
8	-803
6	-1663
8	-1343
8	-1172
6	-1635
6	-1156
1	19610
8	-1400
8	-1668
6	-1647
7	-1533
6	-1663
1	-1515
2	-1640
8	-1587
1	235
8	-1643
8	-1208
6	-1595
4	-1560
1	-1656
1	-1641
8	-153
1	-619
1	-1249
1	2396
8	-1638
8	-1168
1	-1609
1	2515
8	-485
8	-1361
4	-1667
8	-1161
8	-746
4	-1626
6	-1231
8	-1650
8	-1581
8	-954
6	-1530
1	3345
8	17978
1	-1538
1	-1523
4	-1381
1	-1660
8	-833
8	-1423
8	-1361
5	-1675
1	17489
1	-1115
1	-1446
1	549
8	-1609
8	-1538
7	-1582
1	-1425
1	79
1	1837
1	-924
1	-1665
1	241
1	1310
8	-1363
8	-151
1	-1642
5	-1576
7	-839
6	914
6	-874
8	-352
8	-1461
6	-240
1	-1634
6	-1308
7	-1658
1	-1662
6	-999
1	-1258
6	-1654
4	-1670
2	-1658
1	-1544
8	-1624
1	-1626
1	2363
8	-1643
1	-1653
8	-1337
6	-1507
6	-1530
8	-1138
1	-645
6	596
1	-653
1	-1394
1	-1555
8	-1443
6	-1476
2	-1667
8	-691
8	143
8	-1562
1	-1660
8	-938
8	-1665
8	-1649
8	-1600
8	-1388
8	4142
8	-44
6	-1653
6	2406
8	-1285
6	-1662
8	2373
1	29434
5	-1591
1	-1185
8	-1632
8	-1536
8	-1545
8	-1208
4	-1448
6	-1406
8	266
1	-1560
1	-1659
8	-1643
8	-1653
8	-1642
1	-1306
5	-1675
6	-1676
1	-1460
8	-684
6	-1436
8	-1385
8	-1577
8	-1636
1	-409
8	-1478
1	-1426
1	-1532
8	671
6	-1633
8	25283
8	-1676
8	2087
6	-1654
8	-974
6	-1623
8	-1281
8	-1675
2	-1675
6	-1625
1	-1667
7	-1663
8	-1600
1	-845
8	-1651
8	-1670
8	-1448
8	-1644
6	-1499
8	-1001
1	-1242
8	-1629
1	-1308
8	-1668
8	2478
4	-1088
6	-1591
8	-1498
8	-1640
8	1022
1	-1521
6	-1479
8	-1069
6	-909
4	-1649
1	-622
7	-1669
1	-1443
8	-1579
1	-1487
1	-1547
8	-1638
8	-1647
8	5711
1	-1136
1	-1633
1	-147
8	-622
8	3824
2	-1672
1	-1384
6	-1670
8	-1499
1	-1566
1	-712
8	-817
8	-1415
8	-1656
1	-1061
1	6777
8	-1493
8	-1672
1	-1607
1	-942
8	-1168
8	-1660
6	-1672
1	-1100
1	-1604
1	-1345
2	-163
8	-531
8	2303
1	-1641
6	-1638
8	-1672
8	-1651
1	-1500
8	-1570
8	332
1	-1312
8	2292
4	-1660
1	-1549
1	-1609
1	-1319
1	-1382
8	-1665
4	1185
8	2648
1	2007
8	4300
8	-1309
8	-1658
1	389
8	-1652
1	-850
8	-1174
8	-1609
8	4997
1	-1675
8	-1526
1	-1590
8	-1448
6	-1640
8	6471
8	-1509
7	-1009
8	4863
6	-1629
1	-1670
1	-1222
8	-1658
8	-1661
8	1669
8	-1007
1	-1288
2	-1675
6	-1663
1	-984
1	-1415
1	-1624
6	-1321
8	9974
6	-1626
1	-1107
8	-1611
1	8570
8	-1025
8	-1104
6	5849
8	-124
1	674
1	-1659
8	320
4	-1258
1	-1358
8	-761
8	2804
6	-1648
6	3163
8	-1662
1	-1147
4	-1315
8	-1676
5	-1670
6	-1313
4	-1667
8	-561
4	-172
4	-1077
1	43841
8	1127
1	-1350
6	-1509
6	-284
1	1178
1	-1657
1	-683
8	-1511
1	-1108
8	-1631
8	-1387
5	-1440
1	-1665
1	-663
8	-1570
8	-1674
6	-1634
8	-1645
1	-1600
1	5218
6	2223
5	-1598
1	-1535
8	-1645
8	-1653
1	-1213
8	-1479
1	-1192
8	-1635
8	-1666
6	1127
8	-1493
4	490
8	-1649
6	-1417
8	235
8	-1345
8	-1530
1	-1416
1	-1439
1	-1514
8	8013
8	3802
8	-850
1	31
6	-1361
1	-1660
1	-1453
1	-1515
8	-1513
1	-986
6	1413
8	-1388
1	2138
8	846
1	-1448
6	-1459
8	-1659
7	-862
4	-1333
8	-1656
8	12303
8	-1564
8	-1672
1	-1017
6	-1617
4	-1323
8	-1225
8	-1174
8	-356
1	-1555
1	-1174
8	-1629
8	-1635
1	8686
1	-1636
1	-1503
8	-251
8	-861
1	369
8	-1357
1	-458
8	2054
8	-1366
8	-1475
2	-1649
1	10555
8	-1617
1	556
8	-1524
8	-1359
1	141
1	-1326
1	7489
6	-1650
1	-1095
8	-909
8	-218
8	-1399
1	-1663
8	4687
8	-1207
1	-1660
1	-986
8	-1540
6	-1674
8	-1598
6	-259
7	-1600
8	-1641
8	-1645
6	-1554
8	-697
8	-1640
1	-1478
6	-1525
1	-1615
8	-1606
1	75864
6	-1075
8	-1595
1	7142
1	-1504
8	-1639
8	-1576
8	-1671
1	-439
1	-1158
8	-1413
6	-1480
1	-1481
1	1697
6	-1665
1	-1261
1	4544
8	-1663
8	-1622
8	-1667
4	-1379
1	-1458
1	3392
5	-1643
1	-567
1	-1426
8	-1586
1	-1577
1	-894
1	16965
1	-1604
1	-548
1	-1263
8	-1596
6	-1591
4	-1662
1	6067
1	-651
1	-841
1	-1518
6	-1660
8	-1629
1	-1588
8	-1663
1	-1580
8	-1672
4	-883
8	-1626
4	-1670
6	-1611
8	-1668
1	-1653
2	-1659
8	-1014
8	-1439
8	-1558
8	-1656
5	-1674
1	-1443
4	-1626
6	-1636
4	-962
1	-1159
8	-1614
6	-1615
6	-1128
8	-1330
6	-1593
8	-1412
8	-1665
1	575
7	-1667
8	-1185
8	4766
8	-246
6	-899
2	-1657
8	-1598
6	-1333
1	-856
1	-1667
8	-1309
8	-1129
1	-1372
1	-1281
8	-1532
1	1600
8	-914
7	-1670
8	-497
8	-1656
4	2061
8	-464
8	-1671
8	-963
1	-1661
8	-648
6	3366
1	1700
8	-1606
1	1533
1	11536
8	-1529
7	-1524
8	-1670
1	3266
6	-1445
6	-1669
6	-1485
6	-1387
8	-1670
1	-1564
1	-1659
8	-1467
7	-1644
8	-1663
8	-1668
1	-1614
6	-1434
4	-1469
8	-1657
1	-916
7	-1399
8	-1669
1	-1228
1	-1654
1	15795
8	-1613
1	-1606
8	-209
8	-902
1	490
1	-1070
2	-1672
1	-1489
6	-1410
8	6783
1	-318
8	-1658
8	86
8	-535
8	-1643
1	-1630
8	2377
1	-1427
8	-1662
1	5582
8	12347
1	24327
1	-1328
8	-1647
8	-1660
1	-337
8	-890
8	-1609
1	747
1	9930
6	-1319
6	-1362
1	-1567
8	-1191
1	-309
5	-1667
4	-1225
1	-1099
4	-1670
8	-233
8	-1670
1	3022
5	-1490
8	-1164
6	-1523
8	-1672
1	225
6	-978
8	-1507
8	-1573
6	-1674
8	-1658
8	303
1	-586
1	11792
1	-1515
8	864
1	-1607
1	-1530
1	-1541
8	-1543
8	-680
1	-344
8	-1433
1	-1659
8	-1674
8	-1558
8	1888
8	-1459
8	-1432
8	-999
8	-1430
6	678
6	-1405
1	-1625
8	-1570
8	-1657
1	-1632
8	-1163
6	-1620
8	-1433
8	-1650
8	2606
8	-1551
1	-1663
8	-1096
8	-1661
1	-1503
8	-1395
1	-1482
1	-1657
6	-1326
1	-1369
8	-1638
8	-1624
6	660
1	-1110
8	-1437
6	-1660
1	-1593
8	-1562
8	-1522
8	7760
1	-1308
8	-1669
1	-1635
8	-1490
1	-1542
6	-1319
1	-1143
1	-1638
1	-1114
4	-728
8	-1069
1	-409
1	14689
8	-1267
1	-1622
1	-1671
1	-1659
8	-1623
1	-1515
8	-1663
8	-1662
1	-1542
8	-1652
8	-579
7	-1379
8	-1441
1	291
6	-1144
6	-1534
1	-1044
6	-1489
8	-1630
8	-1579
8	-1333
8	-1552
8	-1669
8	-1505
6	5089
4	-1658
1	-1657
1	3871
8	-1424
1	-1609
6	-1237
4	-1200
8	1276
6	-926
1	-1442
6	-393
1	-787
1	-1586
6	-1611
8	-1654
1	2987
8	-1360
4	-1675
8	-1201
1	1076
6	-1659
1	-1627
5	-1661
1	-1229
8	-1476
8	-1633
7	-1656
8	-1663
4	-1675
6	-715
1	-997
1	-1517
8	-41
8	-1666
8	-1670
1	-1180
6	-1552
1	1428
1	-1488
8	-1597
8	-1606
8	-1643
1	1237
8	-1092
8	4407
1	-200
6	-911
1	-435
1	-1550
8	-1665
8	-1670
1	-1524
6	121
1	-1660
8	-662
8	-1246
1	-1068
6	-529
1	-1562
4	3666
6	-1059
4	-1659
8	-1504
1	-81
7	-1645
6	-1633
1	-1180
1	-635
1	-720
7	-1674
8	-1626
1	-1490
6	-1669
8	-1624
1	-1602
5	-1674
1	-1609
1	-1659
4	-1624
1	-1496
1	-1019
8	-1263
1	-1349
8	14473
1	-1618
1	-322
8	-1545
1	-1672
8	-1287
7	-1467
1	-1549
1	-24
6	589
1	-1564
8	-1590
1	143
8	-1618
1	32378
1	-1499
7	-1636
1	-1268
8	-1091
8	-1665
1	-1649
6	-1290
1	-1599
1	-1382
8	-1587
8	-1672
8	-1225
8	-1136
6	-88
8	-794
4	-1194
1	-1663
6	-547
8	5613
1	-1609
8	-1439
8	-1626
8	-1662
1	-1406
8	-1531
6	-1590
8	-1487
1	-939
8	-639
8	-1267
8	-128
8	110
1	-1667
1	-1538
1	-191
6	-1562
6	-1494
6	-597
4	-1558
8	-1255
1	-1659
1	-1270
4	-1524
1	76
8	2616
1	-1065
8	-649
8	-1665
6	-1006
5	-1672
6	-1665
8	-1123
5	-1639
8	-1641
1	-1606
8	-1645
1	14883
1	-968
8	99
8	-1576
1	-1552
6	-1596
8	-1213
6	-1632
1	-507
1	-1575
6	-1427
7	-1525
6	-1161
1	5152
7	-1038
1	-1504
6	-1659
8	-1675
1	-1059
1	-754
6	-1608
1	-1390
8	-1604
5	-1675
8	-1532
1	-1608
8	-1475
1	-1549
8	-1672
8	23956
8	-1590
8	-1345
8	-1635
4	-1642
8	1434
1	-1616
6	-709
8	-436
7	-1613
8	1597
1	-924
1	-1304
1	3348
4	-1280
8	-1491
8	-1644
8	-438
1	-1606
8	-1660
8	-1595
1	-1613
1	-1591
8	-660
8	-1558
4	-1634
1	-1434
8	-873
6	-1341
1	1205
8	-1344
8	-1544
6	-563
4	-1299
8	-1644
8	3544
8	-1559
1	-1671
8	-9
8	9447
8	-1618
7	-1172
1	-1298
6	-1146
1	-1576
6	-1650
8	-1641
5	-1649
6	205
1	-1605
1	5002
5	-1663
6	905
8	-1668
6	-1419
6	-1669
8	-1312
1	-1551
1	-1662
1	-1335
4	18268
6	-151
8	-1111
1	-1455
8	-1491
8	-131
6	-1662
1	-1666
1	1959
8	-1414
8	-1665
8	1524
1	-1668
4	-1660
6	-1653
8	833
8	-1665
8	-1477
1	-1495
2	-1648
8	-1281
6	-1670
7	-1446
1	-818
1	-1623
8	-1674
8	2092
8	-911
8	-1613
1	-1571
1	2248
6	-494
8	-1245
1	-1613
6	-821
8	-1424
8	-829
8	-882
8	-1647
6	-1650
7	-1652
8	-1631
2	-1488
1	-1269
4	-1210
8	-1423
8	-1644
6	-140
1	-1521
8	-1598
1	565
8	-1080
4	-124
8	-1485
8	-828
8	-1639
1	-1225
8	-986
4	-1640
4	-1672
6	-1547
8	-783
8	-1672
1	-1370
1	-1294
8	-1535
8	324
5	-1670
1	-1647
1	-1310
8	-1404
8	-1543
1	-1363
6	-1480
1	-510
8	9383
1	-1667
8	-995
8	-1658
8	-1665
8	1511
8	-1653
1	-1416
8	-1602
8	6708
1	6642
4	-1663
1	-1586
1	-1233
1	-1663
1	-685
1	-1462
8	-1513
1	-1242
8	-1417
1	694
4	-1387
6	-1505
6	-1648
4	-1671
8	-1640
6	-1069
6	-1367
1	-1417
4	-1533
8	-1344
6	-1603
8	-1624
6	-1657
8	-1668
6	14856
1	1272
8	997
8	-1635
8	-1508
5	-1657
8	-1151
1	-1635
1	-1649
1	-1597
8	-1634
1	-1648
1	11286
2	-1651
7	-1530
8	-1605
6	-1626
8	-1545
1	-1189
6	-1638
7	-1657
1	-1165
8	-1511
8	-672
2	-1542
8	-1662
1	3833
6	-1551
1	94
1	-1642
8	-859
4	-1182
8	-1092
1	-1650
8	-758
6	-1665
1	200
1	-1669
8	-1633
1	-1344
8	-1640
1	-1325
1	-1635
8	-1663
8	-1272
7	-1452
6	-1670
6	-1635
8	-1670
1	-1603
1	-1191
8	-1675
1	1346
7	-1675
1	529
6	-1659
8	-1666
6	-1025
6	-1676
8	-925
8	-1607
1	-1579
8	-1173
1	-1618
4	-1500
6	-1387
8	-1672
6	-664
6	-1656
8	-1486
1	11099
8	-1669
8	26255
1	-1471
2	-1550
8	-1571
1	-402
8	-1615
6	-1598
1	-1142
8	-1590
1	2137
1	-184
8	-1662
8	-1276
4	-1490
1	-978
1	50
6	-1416
1	9132
8	-1614
8	-1564
8	-1652
6	-1388
8	-1384
8	-1588
8	-1611
8	-1236
6	-1639
8	1067
1	-1444
8	-1658
4	-1541
7	-1633
6	-1670
8	-1200
1	-1603
8	-1431
2	-1668
7	-1669
8	-1660
8	-1657
1	-1654
1	-971
4	-1486
7	-1674
8	-1641
1	-1649
8	-1226
8	295
8	7095
8	-1600
4	-1609
8	-389
6	-1267
1	-1626
2	-1270
6	-1315
6	-1114
6	-1645
1	8548
8	-1595
8	-408
1	-1512
1	-1475
6	-1584
