2	-4190
2	3164
2	-4190
2	-4190
6	-4190
6	-4190
2	-4190
10	14196
10	-513
2	-4190
2	-4190
6	-513
7	-4190
2	50968
2	-4190
2	10519
2	6842
10	-4190
6	14196
2	-4190
2	-4190
2	-4190
6	-4190
2	-4190
2	-4190
10	-4190
10	-4190
2	-4190
2	-513
2	-4190
2	-513
2	-4190
6	-513
2	-4190
2	-4190
10	-4190
10	-4190
2	-4190
10	-4190
6	-4190
10	6842
2	-4190
2	-4190
6	-4190
6	-4190
2	-4190
2	-4190
6	-4190
2	-513
6	-4190
2	10519
6	-4190
2	-513
6	131866
2	-4190
2	3164
2	-4190
2	-4190
6	36259
11	-4190
2	-513
10	-4190
10	-4190
6	-513
2	3164
10	-513
2	-4190
2	-4190
6	6842
6	-4190
2	-4190
2	-4190
2	-4190
10	-4190
2	6842
6	-513
10	3164
6	32582
2	-4190
6	14196
9	-4190
10	-513
6	-4190
2	-4190
6	-4190
2	-4190
2	-4190
2	-4190
10	-4190
6	-4190
2	-4190
2	-4190
10	-4190
2	21550
6	-4190
2	3164
6	-513
6	3164
2	6842
2	-513
7	-4190
2	-4190
2	-4190
2	-4190
10	-513
2	-4190
2	14196
2	-4190
2	-4190
2	-4190
2	-4190
11	-4190
10	-513
2	-4190
2	-4190
10	-513
6	6842
2	50968
2	-4190
7	-513
2	-4190
10	-4190
10	-4190
10	-513
6	-4190
2	-4190
2	-4190
6	6842
10	-4190
2	-4190
2	-4190
6	3164
2	3164
6	-4190
10	-513
2	-4190
2	-4190
2	-4190
2	-4190
2	-4190
6	17873
2	-4190
2	-513
2	-4190
6	-513
10	3164
6	-4190
2	-4190
2	-4190
8	-4190
2	-4190
2	-4190
2	-4190
2	-4190
2	-513
2	-4190
2	-4190
10	-4190
2	-4190
10	10519
7	-4190
2	-4190
3	3164
4	-4190
2	-4190
2	-4190
10	6842
2	6842
2	-4190
2	-513
2	-513
2	10519
2	-4190
6	-4190
2	3164
10	43614
11	-4190
2	-4190
6	-4190
2	14196
10	-4190
2	21550
2	-4190
2	6842
2	-4190
2	-4190
6	-4190
6	-4190
10	-4190
2	-4190
10	-4190
2	-4190
6	-4190
2	6842
6	-4190
2	-4190
10	3164
6	28905
7	-513
2	-513
2	-4190
2	17873
2	-4190
7	-513
10	-4190
2	-4190
2	-4190
6	43614
2	-4190
6	-513
2	-4190
2	-4190
6	-4190
2	14196
2	-4190
11	-4190
6	17873
2	-4190
2	-4190
6	-4190
6	3164
2	-4190
6	-4190
6	-4190
2	-513
2	6842
7	-4190
10	-4190
2	-4190
10	-4190
2	-513
2	-4190
2	-4190
2	-4190
2	-513
10	-4190
2	-4190
8	-4190
6	-4190
2	-513
2	-513
2	-4190
2	-4190
2	-4190
2	-4190
6	128189
2	14196
10	-513
2	-513
2	-4190
2	-513
2	-4190
6	-513
2	-4190
6	-4190
2	-513
10	-4190
10	-513
6	-513
2	-4190
6	-4190
2	-4190
2	-4190
2	3164
6	14196
10	-4190
6	-4190
11	-513
10	-513
2	-4190
2	-4190
2	-4190
10	-513
2	-4190
10	14196
2	-4190
6	-4190
6	3164
2	-4190
2	-4190
6	3164
10	-4190
2	-4190
2	-4190
10	-4190
2	-513
2	-4190
6	-4190
1	-4190
2	-4190
6	-4190
10	-513
6	-513
7	-513
2	-4190
2	-513
10	-4190
2	-4190
10	-4190
2	-513
10	-4190
2	-4190
10	-4190
2	3164
6	-4190
7	-4190
10	-4190
2	-513
2	-4190
6	3164
6	-4190
6	-4190
2	-4190
2	17873
2	-4190
10	-513
2	-4190
10	-4190
2	-4190
2	-4190
2	3164
6	-513
10	17873
2	-4190
2	-4190
6	-4190
2	-4190
7	-4190
2	-4190
6	14196
2	-4190
8	14196
2	6842
2	-513
10	-4190
6	-4190
2	3164
6	-4190
10	-4190
2	-4190
10	-4190
2	-4190
2	-4190
2	3164
2	-513
2	-4190
10	-4190
6	3164
2	-4190
2	-4190
10	-4190
2	3164
2	-4190
2	28905
7	-4190
6	-4190
5	-4190
2	6842
6	3164
7	3164
10	14196
6	-513
10	21550
2	-4190
2	-513
6	-4190
2	-4190
6	3164
6	-4190
2	-4190
2	-4190
6	6842
10	-4190
9	-513
2	-4190
5	-513
6	28905
2	-513
10	-4190
6	14196
10	-4190
2	-513
2	-4190
2	-4190
2	-4190
2	-4190
2	3164
6	-4190
2	-4190
6	65677
2	3164
2	-4190
2	21550
10	-4190
2	6842
2	10519
2	-4190
2	-4190
6	6842
2	-4190
2	-4190
2	-4190
6	-4190
2	3164
6	-4190
6	-4190
2	-4190
6	-4190
2	-4190
6	-4190
6	-4190
6	-513
10	-4190
9	25228
6	-4190
2	-4190
2	-4190
6	-4190
6	-4190
2	-4190
10	-4190
7	-4190
10	-4190
6	10519
6	-4190
10	-4190
2	-4190
2	14196
2	3164
2	-4190
2	17873
10	-4190
10	-4190
2	-4190
6	10519
2	-4190
2	-4190
10	-4190
6	-513
2	-4190
10	-4190
2	-4190
2	-4190
6	-513
2	-4190
2	-4190
2	-4190
6	-4190
2	-4190
2	6842
10	-4190
2	-513
10	-4190
2	3164
6	-4190
2	-4190
6	17873
6	-4190
2	-513
2	-4190
2	-4190
6	-4190
2	-4190
2	-4190
8	28905
2	-4190
6	-4190
2	-4190
7	-513
7	-4190
2	21550
6	-4190
2	-4190
2	-513
10	-4190
2	-4190
7	-4190
10	-4190
10	-4190
11	-4190
6	3164
2	-4190
2	3164
2	-513
2	-4190
2	-4190
6	-4190
2	-4190
2	-4190
10	-4190
2	-4190
6	-4190
2	-4190
2	-513
2	6842
6	10519
2	80385
2	-513
7	-4190
6	28905
2	-4190
2	-4190
2	-513
7	-4190
11	-4190
6	21550
2	6842
6	-4190
2	-4190
10	-4190
2	-4190
2	3164
2	-4190
2	-513
2	-513
2	-513
2	-513
6	-4190
10	-4190
10	-4190
2	-4190
6	-4190
6	-4190
6	-4190
2	6842
11	-513
2	-4190
2	3164
2	-4190
2	10519
7	-4190
6	25228
2	3164
2	-4190
6	28905
2	-513
2	-4190
2	-4190
6	-4190
6	-4190
2	-4190
10	-513
10	21550
2	-4190
10	-4190
10	-513
2	-513
7	3164
6	14196
2	-4190
2	-4190
6	28905
2	-4190
2	-4190
2	-4190
2	-4190
2	-4190
2	14196
2	-4190
2	-4190
2	-4190
2	3164
10	25228
2	10519
2	-4190
10	-513
2	-4190
10	-4190
2	-4190
2	-513
6	6842
10	-4190
11	-4190
2	-4190
6	-4190
2	-4190
2	-4190
10	10519
2	21550
2	21550
2	-4190
10	-513
2	-4190
2	-4190
2	6842
6	-4190
2	-4190
2	-513
2	-513
2	-513
2	-4190
2	-4190
2	-4190
10	-4190
2	-4190
10	-4190
2	-4190
2	-4190
2	-4190
2	-513
2	6842
6	21550
2	-4190
2	3164
10	-513
2	-4190
10	-4190
10	-4190
2	-4190
2	-4190
2	-4190
2	-4190
6	6842
6	-513
2	-513
2	-4190
2	-4190
2	-4190
2	-4190
10	-4190
4	-4190
6	21550
2	3164
2	-4190
6	-4190
2	-4190
11	-4190
2	-4190
2	3164
2	3164
2	-4190
2	-513
6	-4190
2	-4190
6	14196
2	3164
6	-4190
2	-513
6	3164
2	-4190
10	-4190
2	-4190
6	-513
2	-4190
10	-4190
7	-4190
6	-513
2	-513
8	14196
2	-4190
2	-4190
2	3164
2	-4190
2	-513
6	25228
6	-4190
6	-4190
10	-513
2	21550
10	14196
6	-4190
6	-4190
2	-4190
2	17873
6	-4190
2	-4190
10	-4190
2	14196
10	-4190
2	-513
2	-513
10	-4190
2	3164
10	-4190
6	-4190
2	-513
6	6842
10	-4190
2	-4190
2	3164
6	25228
7	-4190
10	-4190
2	-4190
2	-513
2	-513
2	6842
2	-4190
2	-4190
6	-4190
2	3164
2	-4190
10	-4190
4	-4190
2	-4190
2	-513
6	-4190
2	-513
2	-4190
6	3164
10	-4190
10	-4190
2	-4190
2	-513
10	-513
6	-4190
6	10519
6	-4190
10	-4190
2	-4190
7	-4190
10	-4190
10	-4190
10	-4190
10	-4190
2	10519
6	-4190
6	-4190
2	17873
6	-4190
2	6842
10	-4190
6	-4190
6	-4190
6	-4190
2	-4190
6	-4190
10	-4190
2	-4190
2	-4190
6	6842
2	-513
2	-4190
2	-513
2	-4190
2	-4190
6	-4190
2	-4190
6	3164
2	-4190
2	-4190
2	14196
2	-4190
6	-4190
10	-4190
2	-4190
10	3164
6	-4190
6	-4190
2	3164
6	-4190
2	17873
2	-4190
2	6842
2	-4190
2	14196
2	6842
2	-4190
6	-4190
2	-4190
1	-4190
2	-513
2	3164
7	-4190
2	-513
6	-513
2	-4190
2	-4190
10	-4190
2	-4190
10	-4190
7	-4190
2	-4190
2	-4190
2	-4190
2	-4190
2	-4190
6	-4190
6	-513
10	-4190
10	-4190
2	-4190
2	-4190
2	-4190
2	-4190
2	-4190
6	10519
2	3164
10	-4190
6	-4190
2	-513
7	-4190
2	-4190
2	3164
6	-4190
2	3164
2	-4190
6	3164
6	-513
3	-4190
2	3164
2	21550
10	3164
2	-4190
2	3164
2	-4190
10	-4190
6	-4190
2	-4190
2	3164
2	6842
10	-4190
10	-513
2	-4190
10	-4190
2	-4190
10	-4190
2	-4190
6	-4190
2	-513
2	3164
2	3164
10	-4190
6	-4190
2	-4190
2	-4190
6	-4190
2	-4190
10	-4190
2	-4190
2	-4190
2	-4190
6	-4190
2	-4190
5	-4190
2	14196
2	-4190
2	-513
10	25228
6	-4190
2	-4190
6	3164
2	-4190
2	3164
2	-4190
2	-4190
6	-513
2	-513
6	-4190
6	3164
10	-4190
2	-4190
6	50968
10	-513
2	-4190
6	-4190
11	-4190
2	-4190
6	-4190
2	21550
2	3164
6	-4190
2	6842
2	-513
6	10519
2	-4190
2	-4190
2	-4190
2	-4190
2	-4190
2	-4190
2	-4190
2	-4190
7	-513
2	-4190
2	-4190
2	6842
4	-4190
2	-4190
6	-4190
10	-4190
10	6842
2	17873
2	-513
2	-4190
2	-513
2	-4190
6	-4190
6	43614
10	-4190
2	-4190
6	-4190
5	-4190
6	-4190
2	-4190
6	14196
2	-4190
6	-4190
2	-513
2	-4190
6	17873
2	3164
10	-4190
2	-4190
2	-4190
2	-4190
6	61999
2	6842
10	-4190
2	-4190
5	-4190
2	-513
7	25228
6	-4190
6	50968
2	3164
2	-4190
2	-4190
6	-4190
6	3164
2	-4190
6	-513
2	3164
2	-4190
6	3164
2	6842
6	21550
6	6842
2	-4190
10	3164
2	6842
2	-4190
10	-4190
10	-513
2	-513
6	-4190
2	3164
2	-4190
2	-4190
2	-4190
2	3164
10	6842
2	-4190
10	-4190
2	6842
6	-4190
2	-4190
2	-4190
6	-4190
10	-4190
2	-4190
10	-4190
7	-4190
7	-4190
10	-4190
2	-4190
2	-4190
6	-4190
10	-4190
6	-4190
10	-4190
2	-4190
2	-4190
2	-4190
2	3164
2	-513
6	-513
2	-4190
10	-4190
2	6842
6	-4190
2	-513
2	-4190
10	-4190
10	-4190
2	-4190
2	-4190
6	-513
2	-513
6	17873
2	-4190
10	-513
10	-4190
2	-4190
10	-4190
6	14196
2	-513
6	-4190
6	-4190
6	-4190
7	-4190
2	-513
2	-4190
2	-4190
2	6842
2	-4190
6	-4190
2	-4190
6	-4190
2	10519
2	-4190
2	-4190
2	-4190
2	-4190
7	-513
10	10519
5	-4190
10	-4190
2	-4190
10	-4190
2	-4190
7	-4190
6	47291
10	-4190
2	-4190
6	-4190
10	-4190
10	-4190
2	3164
6	6842
10	-4190
2	-4190
10	-4190
2	-513
2	-4190
2	-4190
2	-4190
2	-4190
2	-4190
2	3164
2	3164
3	3164
6	14196
2	-4190
10	-4190
7	6842
2	-4190
2	-4190
2	-4190
6	-4190
10	17873
2	-4190
2	-4190
2	-4190
10	-4190
2	-4190
2	80385
2	-4190
6	6842
4	-4190
2	-4190
6	10519
6	-513
2	-4190
2	-4190
6	-4190
2	3164
6	-4190
10	-4190
2	-4190
10	-4190
2	3164
6	-4190
10	-513
6	36259
6	-4190
2	-513
6	-4190
2	-4190
2	-4190
10	-4190
2	3164
2	-4190
2	-513
7	-4190
10	-4190
2	3164
2	-4190
6	-4190
2	-4190
2	-4190
10	-4190
2	-4190
6	-4190
2	-4190
10	-4190
2	6842
6	17873
10	17873
6	-513
2	-4190
6	-4190
2	-4190
11	-4190
2	-4190
2	-513
7	-4190
2	3164
10	-4190
6	14196
2	-4190
2	-4190
2	-4190
2	-4190
6	3164
2	-4190
6	-513
2	6842
2	-4190
2	25228
2	-4190
2	-4190
2	6842
2	-513
2	-513
2	-4190
2	-4190
2	-4190
6	-4190
2	-4190
2	3164
2	-4190
2	-4190
6	-4190
2	-4190
2	14196
2	-513
10	95094
2	-4190
10	-4190
6	3164
6	-513
2	-4190
2	-4190
10	-4190
2	6842
2	-513
2	-513
2	-4190
2	-4190
10	-4190
10	-4190
2	6842
2	-4190
2	-513
6	-4190
2	-4190
6	-4190
10	-4190
10	-4190
2	-513
11	-4190
2	-4190
2	25228
2	-4190
10	3164
2	10519
6	6842
2	-4190
6	-4190
2	10519
2	-4190
5	-513
2	-4190
6	-4190
6	54645
4	-4190
7	-4190
2	17873
2	-4190
10	-4190
6	-4190
2	10519
6	-4190
2	-4190
2	-4190
2	-513
4	-4190
7	-513
10	-4190
2	3164
2	-4190
6	14196
2	-4190
10	-4190
2	6842
2	-513
2	-513
2	-4190
10	-4190
6	17873
2	-4190
2	-4190
2	-4190
2	-513
2	6842
2	-513
2	6842
2	-4190
10	-4190
6	-4190
2	-4190
6	25228
6	-4190
7	-4190
10	-513
6	-4190
6	21550
6	-4190
6	-513
6	17873
10	-4190
10	-4190
2	25228
2	-4190
2	32582
6	-4190
2	-4190
2	-513
6	-4190
2	6842
6	6842
6	-4190
2	-4190
2	-4190
6	-4190
10	6842
2	17873
2	-513
2	3164
6	-4190
10	-4190
4	-4190
9	14196
2	-4190
2	-4190
2	-4190
2	-4190
2	-4190
2	-4190
2	-513
6	-4190
6	-4190
7	-4190
2	-4190
10	-513
6	-4190
6	-4190
2	-4190
10	-4190
6	-513
2	-4190
2	-513
2	-4190
2	-4190
2	14196
2	-4190
2	-4190
6	36259
2	-4190
2	-4190
6	-4190
10	-4190
5	-4190
10	-4190
2	-4190
2	-4190
2	-4190
3	-4190
8	-4190
2	-4190
2	-4190
2	-4190
11	-4190
6	-4190
10	-4190
2	-4190
2	10519
2	-4190
10	-4190
6	-4190
10	-4190
10	-4190
10	-513
2	-4190
2	-4190
2	-513
2	-4190
6	-4190
10	-4190
6	-4190
2	-4190
10	-4190
6	3164
2	-4190
6	32582
6	-4190
6	6842
2	-4190
2	-4190
7	-4190
10	-513
2	-4190
8	-513
6	-4190
2	3164
2	-4190
10	-4190
2	-4190
2	-513
10	17873
6	-4190
10	-4190
10	-4190
2	-4190
10	-4190
2	-4190
10	-4190
10	-4190
2	-4190
2	3164
6	3164
8	-4190
2	-4190
8	10519
2	-4190
6	-4190
2	-4190
2	-4190
10	-4190
7	-4190
6	32582
7	-4190
2	-513
10	-4190
2	-4190
2	-4190
2	-513
2	10519
6	6842
2	-4190
2	-513
2	-4190
2	-4190
10	-4190
2	-513
7	28905
2	-4190
2	-4190
2	-4190
2	-513
2	-513
2	-4190
7	-4190
11	6842
7	-4190
2	10519
6	-4190
2	-4190
2	-513
10	-4190
6	3164
6	-4190
2	-4190
2	-4190
10	-4190
2	6842
6	10519
2	-4190
2	-513
10	14196
2	-4190
7	-4190
6	-513
2	-4190
2	-513
2	-4190
2	-4190
6	6842
2	-513
2	-4190
10	-4190
2	-4190
2	-4190
2	10519
10	-513
2	-4190
2	6842
5	-4190
5	-4190
2	-4190
2	-513
2	-4190
2	-4190
6	21550
6	-4190
2	3164
2	-4190
2	-513
10	-4190
2	6842
2	-4190
10	-513
10	3164
6	3164
6	-513
5	-4190
6	36259
11	-4190
6	-4190
2	-513
2	3164
6	-4190
10	-4190
6	-4190
2	25228
6	-4190
11	-4190
2	3164
2	-4190
10	-4190
2	-513
6	-513
10	91417
10	-4190
6	-4190
10	-513
6	-4190
6	3164
2	-4190
2	-4190
6	-4190
6	14196
6	14196
2	-4190
2	-4190
10	-4190
2	3164
2	-4190
6	-4190
6	-4190
10	-4190
8	-4190
6	-4190
2	-4190
10	-4190
7	-4190
2	-4190
2	-4190
2	-4190
2	-513
2	-4190
2	-4190
2	-4190
6	14196
2	-4190
2	-513
2	-4190
6	-4190
2	-513
2	-4190
2	-4190
2	-4190
2	-513
2	-513
10	17873
6	6842
2	-4190
2	21550
10	-4190
10	-513
10	-4190
2	-513
6	-4190
10	-4190
2	32582
2	-4190
2	-513
9	10519
2	6842
2	-4190
2	-4190
6	14196
7	-4190
8	-4190
2	-513
11	-4190
6	-513
2	3164
10	-4190
2	91417
2	6842
2	-4190
2	6842
2	-4190
2	-4190
10	-4190
10	-4190
10	-4190
6	3164
2	-4190
2	-4190
6	-4190
2	-4190
10	3164
2	3164
10	-4190
2	-4190
10	-4190
10	3164
6	-4190
6	-4190
10	-4190
6	-4190
7	-4190
11	3164
2	-4190
2	3164
2	-4190
2	-4190
2	-4190
2	-513
6	-4190
6	6842
2	-4190
2	-4190
2	-513
2	-4190
2	-513
10	-4190
6	-4190
6	21550
9	-4190
2	-4190
6	14196
2	14196
6	3164
11	-513
2	-4190
6	21550
2	-4190
6	-513
2	-4190
2	-4190
10	10519
10	-4190
2	-4190
6	-4190
2	-4190
6	-4190
2	-4190
2	-513
2	-513
2	-4190
2	-4190
5	6842
10	-4190
2	-4190
2	-513
2	-4190
10	-513
2	-4190
7	-4190
6	6842
6	-4190
2	3164
10	-4190
7	-4190
11	-4190
2	-513
2	-4190
2	-4190
10	-4190
6	17873
10	10519
2	-4190
2	-4190
6	-4190
2	14196
2	-513
10	-4190
7	-4190
2	-4190
2	-4190
2	-4190
2	-513
2	-513
10	-4190
2	-513
2	-4190
2	-4190
10	-4190
2	-513
2	-4190
2	-4190
10	-4190
2	10519
2	-4190
2	-513
2	-4190
2	-513
2	17873
2	3164
2	-4190
6	-4190
10	-4190
2	3164
2	-513
6	6842
10	-4190
2	-4190
2	-4190
2	-4190
10	-4190
2	-513
6	-513
6	-513
2	3164
10	-513
2	-513
2	-4190
2	-4190
6	-513
2	3164
2	-4190
2	17873
2	-4190
2	-4190
2	3164
6	3164
6	-513
10	-4190
6	-4190
6	-513
2	-4190
6	-4190
2	-4190
2	-4190
10	-513
2	-4190
6	-4190
6	-4190
10	-4190
2	-4190
2	-4190
2	-4190
2	-4190
2	3164
2	10519
2	-4190
2	-513
6	-513
2	-4190
2	-4190
2	17873
2	-4190
2	-4190
2	-513
6	-4190
10	-4190
3	-4190
2	-4190
2	-4190
2	14196
10	-4190
6	-4190
2	-513
2	10519
2	-4190
10	-4190
2	-4190
6	-513
2	-4190
6	47291
2	-4190
2	-513
2	-4190
7	-4190
2	-4190
10	-4190
2	-4190
10	6842
6	-4190
2	-4190
10	-4190
6	-4190
2	-4190
2	3164
6	-4190
2	3164
2	-4190
2	-513
2	-4190
2	32582
2	3164
6	-4190
10	-4190
2	-513
10	-513
10	-4190
2	-513
2	-513
10	-4190
6	-4190
10	3164
8	-4190
6	-4190
10	-4190
2	-513
2	-4190
9	-513
10	-4190
2	-4190
6	47291
2	6842
10	-513
6	-4190
6	3164
10	-4190
10	-4190
2	-4190
6	3164
2	-4190
2	-4190
6	-513
2	-4190
10	-4190
2	-513
2	-4190
2	-4190
2	-4190
2	-4190
5	-4190
10	-4190
7	-4190
6	-4190
2	-4190
7	-513
10	-4190
2	6842
2	3164
6	-4190
10	3164
6	-513
10	-4190
10	17873
2	-4190
6	-4190
2	3164
11	3164
2	73031
2	-513
10	-4190
2	-4190
2	-4190
2	10519
10	-4190
2	-4190
10	-4190
2	3164
2	-513
10	-4190
2	17873
4	-513
2	-4190
6	-4190
2	-513
6	17873
2	-4190
2	-4190
6	21550
2	-4190
2	-513
2	-513
2	-4190
2	-513
10	-4190
2	-4190
2	-4190
2	-513
6	-4190
6	-513
6	-4190
2	3164
10	-513
2	-513
2	-4190
2	-4190
7	3164
2	-4190
10	-4190
6	-4190
6	3164
2	-4190
2	17873
2	-4190
2	10519
2	-4190
10	-513
6	17873
2	-4190
10	-4190
2	-4190
10	-4190
2	47291
2	-4190
7	-4190
10	-513
2	-4190
2	-4190
2	-513
10	-513
2	6842
2	-513
6	-4190
6	32582
2	-4190
10	-513
7	-4190
2	-4190
2	-513
10	-4190
6	6842
6	6842
2	-513
6	-4190
10	-513
10	-513
6	3164
2	14196
2	-4190
2	-4190
2	-513
10	3164
10	-4190
2	43614
10	-4190
2	-4190
7	-4190
2	-4190
2	3164
2	-4190
2	-4190
2	39936
10	-4190
2	-4190
6	-4190
10	-513
2	3164
2	54645
2	-4190
10	-4190
6	3164
2	-513
2	-4190
2	-4190
6	-4190
2	-4190
2	-4190
10	-4190
6	-4190
6	-4190
2	-513
6	-4190
2	21550
2	-4190
2	-4190
2	-4190
2	-513
2	-4190
6	-4190
10	6842
2	-4190
10	-4190
6	-4190
2	-4190
6	-4190
10	-4190
2	-4190
9	-4190
6	-4190
10	-4190
2	-4190
2	-513
2	-513
2	3164
2	-4190
10	-4190
6	14196
2	-4190
10	-4190
2	-4190
2	-4190
6	6842
2	-4190
6	-4190
10	3164
2	-4190
2	-4190
7	-4190
6	-513
2	-4190
10	-4190
2	-4190
6	-4190
2	-513
2	-4190
2	10519
6	14196
6	-4190
2	-4190
6	-4190
2	-4190
2	-4190
2	-4190
2	-4190
2	-4190
6	10519
6	-4190
2	-4190
2	-4190
2	-4190
2	-4190
2	-513
10	-4190
2	-513
6	3164
6	50968
2	-4190
6	17873
2	-513
4	-4190
6	-4190
2	-4190
10	-4190
2	14196
6	-4190
2	-513
6	-4190
8	-513
2	-4190
2	-513
2	-4190
10	-513
2	-4190
10	-4190
2	-4190
2	-4190
2	-4190
2	-4190
10	-4190
2	-4190
6	6842
7	-4190
2	-4190
2	-4190
2	-513
10	-4190
2	-4190
6	-4190
2	-4190
6	-4190
2	-4190
10	6842
10	-4190
2	-4190
2	-4190
2	-513
6	6842
2	-4190
2	36259
2	-4190
2	3164
2	3164
2	-4190
2	-4190
2	-513
10	-4190
2	-4190
2	-4190
6	-4190
2	-4190
2	-4190
6	-513
10	-4190
6	-4190
10	14196
5	58322
6	-513
10	3164
2	-4190
2	-4190
2	-4190
2	21550
2	-513
2	-4190
10	-4190
2	-4190
2	-513
11	-4190
2	-4190
2	-4190
7	-4190
6	6842
6	-4190
10	-4190
6	-4190
2	-4190
2	-4190
10	-4190
2	-4190
2	-4190
2	3164
6	-4190
6	-513
2	-513
2	3164
2	-4190
2	-4190
2	-4190
2	-513
2	-4190
10	-513
10	-4190
6	-4190
2	-513
2	-513
8	-4190
2	-4190
11	-513
10	-4190
2	-4190
10	-4190
2	-4190
10	-513
6	17873
2	3164
2	-4190
2	-4190
2	-4190
6	-513
10	-513
2	-4190
6	-4190
6	-4190
2	-4190
2	-4190
10	-4190
2	-4190
2	-4190
2	-4190
5	-4190
2	-4190
2	-513
2	-513
2	-513
2	-4190
2	-4190
2	-4190
6	-4190
6	-4190
2	3164
2	-4190
10	-4190
2	-4190
2	-4190
2	-513
6	6842
2	17873
10	-4190
6	-4190
6	-513
6	-4190
2	-4190
6	-4190
6	-4190
6	3164
10	69354
2	-4190
2	6842
2	10519
6	-513
2	-4190
2	-4190
2	-4190
8	-4190
2	-4190
2	-4190
6	-4190
2	-513
2	-4190
2	-513
2	3164
6	-4190
6	10519
2	17873
9	-4190
6	-4190
6	3164
2	-4190
2	3164
2	-513
2	-4190
2	-4190
2	-4190
2	3164
2	-4190
10	-4190
6	-4190
6	-4190
2	-4190
2	-513
2	-513
2	-4190
7	-4190
6	-4190
7	-4190
10	3164
6	3164
2	-4190
6	-4190
2	-4190
2	-4190
2	-4190
2	-4190
2	-4190
2	-4190
6	-4190
10	-4190
2	-4190
2	-4190
2	-513
2	-4190
2	10519
2	-4190
2	-513
2	-4190
6	-4190
11	-4190
2	-4190
2	-4190
7	-4190
6	-513
2	-4190
10	3164
10	-513
2	-4190
2	-4190
2	-4190
2	14196
2	-4190
2	-4190
6	-513
2	3164
2	-4190
10	-4190
2	-4190
2	-513
2	-513
2	-513
2	-4190
2	-4190
6	-513
2	-4190
2	-513
8	-4190
5	3164
2	-4190
6	14196
2	-4190
10	-4190
6	14196
2	-4190
10	-4190
10	-4190
10	-4190
2	-4190
2	-4190
2	10519
2	-4190
2	-4190
9	-513
2	-4190
2	10519
2	-513
6	-4190
7	-4190
6	-4190
6	-4190
2	-4190
10	-4190
6	-4190
2	-4190
2	-4190
2	-4190
2	-4190
2	-4190
2	-4190
2	-4190
2	-4190
10	-4190
2	-4190
2	3164
10	-513
2	-4190
2	-4190
10	-4190
10	-4190
2	-513
2	-513
2	-513
2	14196
2	-4190
2	17873
2	-4190
2	-4190
2	6842
6	-4190
2	-4190
10	-4190
2	-4190
6	-4190
2	-4190
6	-513
2	39936
2	-4190
10	-4190
2	-4190
2	-4190
2	14196
2	-513
2	-4190
10	-4190
6	3164
2	-4190
2	-4190
2	-4190
2	-4190
10	-4190
6	3164
2	-513
2	-513
2	-513
6	10519
2	25228
6	-4190
2	-4190
2	6842
2	-4190
8	-4190
2	-4190
2	-4190
2	-4190
2	-4190
2	-4190
6	14196
2	3164
2	-4190
2	-4190
2	-4190
2	-4190
6	-4190
11	-4190
2	-513
10	-4190
10	-513
2	-4190
2	-4190
10	3164
2	3164
2	-513
6	14196
6	-4190
2	3164
10	-513
2	-4190
2	-4190
2	-513
2	-4190
2	3164
2	-4190
8	-4190
2	-4190
2	14196
9	-4190
2	-4190
6	-4190
2	3164
2	-4190
2	21550
2	-4190
2	-513
2	-4190
10	-4190
2	-4190
2	-4190
10	-4190
2	-513
6	-4190
2	-513
6	28905
4	-4190
10	-4190
6	14196
2	-513
2	-4190
2	-4190
10	-4190
2	-4190
6	-513
2	21550
2	-513
2	-4190
2	-4190
2	-4190
2	-4190
2	-4190
6	-4190
6	17873
2	6842
2	17873
2	-4190
2	-4190
2	-4190
2	-4190
2	-4190
2	21550
2	-4190
6	10519
2	3164
2	3164
2	10519
2	-513
10	3164
2	-4190
2	-4190
2	3164
6	-4190
6	-4190
7	-4190
10	-4190
6	-4190
6	-513
6	-4190
2	-4190
2	-4190
6	-513
6	-4190
2	-4190
10	-4190
6	-4190
2	-513
2	-4190
2	-513
2	-4190
2	-4190
10	-4190
2	-4190
2	-4190
2	-4190
2	14196
10	-4190
10	-4190
6	-4190
2	-4190
6	-4190
2	10519
6	14196
6	-4190
10	25228
2	-4190
2	17873
2	-4190
10	-4190
6	17873
10	-513
11	-4190
7	-4190
11	-4190
2	6842
2	-4190
2	-4190
6	-4190
10	-4190
6	-513
2	28905
7	-4190
6	-4190
10	-4190
2	-4190
10	-4190
2	-4190
2	-4190
2	-4190
2	-4190
2	-4190
2	-4190
6	-4190
10	14196
10	-4190
6	-4190
2	6842
6	-4190
2	-4190
6	3164
6	-4190
6	43614
11	-4190
6	17873
2	-4190
2	-4190
6	-4190
2	-4190
7	-513
6	-513
6	-4190
2	-4190
10	-4190
2	3164
10	-4190
2	-4190
10	3164
2	-4190
6	-4190
6	-4190
2	-4190
10	-4190
2	-4190
10	-4190
2	-513
2	-4190
2	3164
10	-4190
6	-4190
2	-4190
2	-4190
10	-4190
10	-4190
6	-4190
10	-4190
2	-4190
2	6842
2	-513
10	-4190
2	-513
6	-4190
2	76708
2	-4190
2	-4190
2	-4190
6	-4190
2	-4190
6	-4190
2	-4190
2	-4190
10	-4190
6	-513
6	-4190
2	-513
6	17873
2	-4190
2	-4190
2	3164
6	-4190
6	-4190
2	6842
2	-4190
10	14196
2	-4190
2	10519
2	-4190
2	6842
4	-4190
2	-4190
10	-4190
2	32582
2	-513
2	3164
2	21550
6	-513
2	-513
2	-4190
2	-4190
10	-513
2	17873
2	-4190
10	3164
10	-4190
6	-513
2	-4190
2	-4190
10	-4190
2	-513
2	-4190
2	-4190
6	-4190
10	-4190
2	-4190
2	-4190
10	-513
10	-4190
2	-4190
2	-4190
2	21550
6	-4190
10	10519
6	-4190
2	-513
6	-4190
6	6842
10	-4190
5	-4190
7	-4190
6	-513
2	-4190
2	-4190
2	-4190
2	-4190
2	-4190
2	-4190
2	3164
2	-513
10	-4190
2	-4190
7	54645
6	-4190
6	-4190
2	-4190
2	3164
10	-4190
10	-4190
2	-4190
2	-4190
2	-4190
2	-4190
2	-4190
2	-4190
2	39936
2	-4190
2	-4190
10	-4190
2	-513
6	6842
2	3164
2	-4190
2	-513
2	-513
2	3164
10	-4190
2	-4190
6	-4190
2	-4190
2	-4190
6	14196
10	-513
2	21550
6	-4190
2	-4190
2	-513
2	-4190
6	10519
6	-4190
2	-513
2	3164
2	-4190
11	-4190
2	-4190
6	-4190
6	-4190
10	-4190
2	25228
2	-4190
2	-4190
10	-4190
10	-4190
6	-4190
2	-4190
10	-4190
2	-4190
2	21550
6	-513
2	-4190
2	-4190
2	6842
2	6842
2	-4190
2	-4190
2	-4190
2	-4190
2	-4190
2	-4190
10	-4190
2	-4190
10	-4190
10	-4190
6	10519
10	-4190
2	-4190
2	-4190
2	10519
6	10519
2	-513
6	-4190
6	-4190
7	-4190
10	-4190
10	-4190
6	10519
2	-4190
2	6842
2	-513
6	-4190
2	-4190
2	-4190
2	-4190
2	-4190
2	3164
6	54645
2	-513
2	-513
2	-4190
10	-4190
2	-513
2	-4190
2	3164
2	-4190
2	-4190
2	-4190
6	17873
2	-513
2	6842
6	14196
2	28905
2	-513
11	-4190
2	-4190
10	-4190
2	-4190
6	-4190
2	-513
2	-4190
6	-4190
10	-4190
6	-4190
10	-4190
10	-4190
2	-4190
2	-4190
2	-4190
8	-4190
10	-4190
2	-4190
2	3164
2	-4190
10	-4190
2	-4190
6	-4190
10	-4190
2	3164
2	-4190
2	-4190
2	-4190
2	-4190
2	17873
6	17873
2	-4190
6	-4190
6	14196
10	-4190
2	25228
2	-4190
6	-4190
2	-4190
2	-4190
2	-4190
2	3164
2	-4190
10	-4190
2	-4190
6	-4190
10	-4190
2	3164
6	-4190
2	25228
8	-4190
2	-513
2	-4190
2	-4190
2	-4190
2	-513
2	-513
6	6842
2	-4190
2	3164
2	-513
2	-4190
2	-4190
2	-4190
4	-4190
2	-4190
2	-4190
10	-4190
2	-513
2	-4190
6	-513
2	-513
6	-4190
10	-4190
2	6842
6	3164
10	-4190
6	-513
2	3164
8	6842
6	3164
2	-4190
10	-4190
2	-4190
2	39936
8	-4190
6	17873
10	-4190
2	6842
2	-513
10	-4190
2	-4190
6	-4190
6	-513
2	-4190
8	3164
2	-4190
6	17873
2	6842
2	-513
2	-513
2	-513
6	-4190
2	-4190
2	-4190
10	-4190
6	-513
2	3164
2	-4190
6	6842
2	-4190
2	-4190
6	-4190
2	-513
10	-4190
2	-4190
2	10519
2	-4190
11	10519
2	-4190
2	-4190
2	-4190
2	-4190
2	-4190
2	-4190
2	-4190
2	-4190
2	-4190
4	-4190
10	-4190
2	-4190
10	10519
10	-4190
2	3164
10	-513
11	-4190
6	3164
6	-4190
6	-4190
6	-4190
10	17873
10	-4190
2	-4190
2	-4190
6	3164
10	-513
10	6842
6	-4190
10	-4190
2	3164
2	-4190
8	10519
6	-4190
6	10519
2	84063
2	-513
2	3164
10	-4190
10	39936
2	-4190
6	-4190
10	-4190
6	-4190
2	-4190
7	-4190
7	-4190
2	-513
10	-4190
2	-4190
2	-4190
6	3164
2	-4190
2	-513
10	-4190
6	-513
2	-4190
6	-4190
