-19758	8
-1979	6
5641	6
3101	5
3101	6
561	2
-4518	6
-17218	2
15801	6
-4518	6
-7059	6
-1979	2
561	2
-1979	6
13261	6
-1979	5
-9599	6
-7059	8
13261	6
10721	5
-17218	6
10721	6
15801	8
-4518	6
561	6
-14679	6
3101	8
-1979	2
18341	6
-12138	6
3101	6
5641	6
-4518	2
3101	6
-12138	6
-4518	2
-1979	6
-4518	8
5641	6
-7059	6
18341	4
-4518	6
-9599	8
561	6
5641	8
-14679	5
-1979	6
18341	6
13261	6
5641	6
-7059	6
5641	6
18341	8
-17218	6
3101	6
8181	8
-1979	6
-9599	6
-12138	6
-4518	6
-22299	2
5641	2
8181	8
-9599	8
561	6
-14679	6
3101	6
-9599	6
-7059	6
-9599	6
-7059	6
-12138	6
561	3
10721	4
5641	6
5641	6
3101	2
5641	6
-4518	6
561	6
561	6
5641	6
3101	6
561	6
-7059	6
3101	6
3101	6
-4518	8
3101	6
-1979	6
-1979	6
561	6
-14679	4
-1979	8
13261	8
3101	6
13261	6
20881	8
-17218	6
3101	8
-4518	6
3101	6
-7059	6
3101	6
-9599	6
3101	6
-14679	2
-1979	6
-14679	4
-9599	6
561	6
561	8
-7059	8
561	6
-1979	5
-7059	6
-14679	6
-4518	6
20881	8
8181	6
8181	6
15801	2
-14679	2
10721	6
561	6
561	2
3101	2
13261	6
-4518	6
3101	6
5641	2
3101	5
561	6
-7059	6
-4518	6
3101	6
-4518	6
18341	6
-7059	6
13261	6
-1979	6
13261	6
15801	6
-7059	6
5641	6
-7059	6
-17218	6
-4518	8
-7059	6
-7059	6
15801	8
15801	6
8181	6
20881	2
13261	1
-4518	6
10721	6
-14679	6
-17218	6
-1979	8
10721	6
-24838	6
-7059	6
561	6
-7059	6
8181	4
561	8
-4518	6
561	6
-9599	4
5641	6
5641	6
-4518	6
3101	6
5641	6
-14679	6
13261	6
5641	6
3101	8
-9599	6
3101	6
3101	2
3101	2
-9599	2
5641	6
-9599	8
-4518	3
8181	6
10721	6
-7059	6
5641	6
-22299	6
-17218	8
-4518	6
10721	6
13261	6
3101	6
-4518	2
3101	6
10721	6
-9599	6
15801	6
8181	6
-7059	6
5641	6
3101	6
18341	6
10721	6
-9599	4
561	2
10721	4
-17218	6
-19758	6
-17218	6
15801	6
13261	6
5641	6
-12138	8
-7059	6
-1979	6
-1979	6
3101	6
561	8
-7059	6
-4518	6
3101	6
561	4
10721	6
18341	6
5641	6
-4518	6
8181	6
8181	8
-7059	6
-12138	6
5641	8
-1979	6
20881	8
25961	8
-7059	6
8181	6
3101	6
28501	2
15801	6
3101	6
-7059	2
561	6
-12138	6
-22299	6
3101	6
8181	2
-12138	6
-1979	6
8181	6
13261	2
-9599	8
3101	2
3101	6
-1979	8
-12138	6
8181	2
-4518	6
8181	8
-7059	6
-9599	2
8181	6
5641	6
-14679	8
561	6
561	6
10721	8
5641	8
-7059	5
8181	6
561	6
3101	6
3101	6
-7059	6
561	6
-12138	8
13261	6
-7059	6
-14679	6
-17218	5
5641	6
-17218	6
15801	2
3101	8
-4518	6
-9599	6
15801	6
8181	2
-1979	6
-1979	2
5641	6
-17218	4
13261	6
18341	6
-1979	6
-9599	5
10721	6
8181	6
10721	6
-9599	5
-4518	6
-1979	4
-12138	6
-12138	6
10721	6
-17218	5
5641	6
3101	6
-1979	2
-19758	8
3101	8
8181	2
-7059	6
-7059	6
10721	6
-17218	6
5641	6
8181	2
-1979	5
13261	6
-14679	8
13261	6
-17218	4
-9599	6
-4518	6
-7059	6
-1979	6
-1979	6
-7059	6
-12138	2
-22299	6
5641	6
-12138	8
-4518	8
13261	6
-12138	6
-9599	6
3101	8
5641	6
-1979	6
13261	6
-1979	6
13261	6
-7059	8
-1979	6
5641	6
-14679	6
-1979	6
-1979	6
3101	6
15801	6
561	8
3101	6
5641	4
561	6
-14679	6
-7059	8
-12138	2
8181	6
13261	5
3101	8
-12138	8
8181	6
10721	6
-7059	6
-7059	6
3101	6
-12138	8
-4518	8
13261	2
-9599	6
-4518	8
-7059	8
3101	6
-7059	6
-1979	6
-19758	6
13261	4
-14679	6
5641	6
561	8
-4518	6
561	6
-14679	6
18341	6
-4518	8
-19758	8
5641	6
-7059	4
-7059	6
-14679	8
-1979	8
13261	6
3101	3
5641	6
-7059	8
-1979	6
3101	6
-17218	6
20881	8
8181	6
5641	8
15801	4
8181	6
8181	8
561	6
-22299	4
-14679	8
5641	6
8181	6
10721	4
8181	6
-1979	8
-1979	6
8181	6
-4518	6
8181	6
561	6
10721	6
8181	6
3101	4
8181	8
8181	6
-12138	6
18341	6
-7059	6
-14679	6
8181	6
-1979	6
-1979	2
13261	6
561	6
15801	6
8181	8
561	5
-17218	6
561	6
561	6
-17218	8
561	6
-4518	6
-12138	6
-1979	6
-7059	8
5641	6
-14679	4
-1979	8
561	6
3101	8
-7059	6
-7059	6
13261	8
18341	6
8181	6
-22299	6
3101	6
-4518	8
5641	6
-4518	6
-14679	5
-12138	2
-7059	6
5641	6
8181	5
10721	2
-14679	6
-12138	6
-4518	2
5641	2
-4518	6
8181	8
-1979	6
8181	2
10721	6
8181	4
-9599	8
-22299	6
10721	8
8181	6
-1979	8
10721	6
3101	2
8181	8
5641	6
10721	6
-4518	6
-7059	6
-9599	6
-1979	6
10721	6
8181	4
-9599	2
561	6
-7059	8
3101	6
-12138	6
-4518	6
8181	6
-9599	2
5641	6
-7059	6
-4518	2
3101	2
10721	8
-12138	6
10721	6
-9599	6
-1979	6
-1979	4
3101	8
3101	6
3101	8
-12138	6
-9599	6
-7059	6
13261	6
-7059	2
-1979	6
5641	6
-7059	8
5641	6
-12138	6
8181	6
561	8
-4518	8
-1979	8
-27379	6
-17218	2
-22299	8
-1979	8
561	8
-1979	1
3101	6
-12138	6
561	6
-27379	2
561	6
561	6
13261	6
-14679	2
-4518	6
561	2
-1979	6
13261	6
-7059	6
15801	1
3101	6
-17218	8
15801	6
-7059	6
-19758	6
3101	6
18341	6
-29919	8
-14679	2
-9599	6
-1979	6
3101	6
-7059	6
561	4
5641	6
-1979	6
-4518	2
3101	6
561	6
561	6
-12138	6
3101	6
10721	6
561	6
5641	6
561	6
10721	6
-1979	6
-19758	6
8181	8
-1979	5
-1979	8
3101	6
13261	6
-7059	8
-24838	6
561	5
20881	6
5641	8
-4518	6
-1979	6
-4518	6
-12138	6
8181	6
-7059	6
5641	6
3101	6
10721	8
8181	8
8181	6
8181	6
13261	5
13261	6
8181	6
3101	2
561	6
-4518	6
-4518	6
10721	7
13261	6
561	6
3101	6
3101	2
10721	8
10721	6
3101	6
561	6
-7059	6
-12138	6
8181	2
-12138	6
5641	6
561	6
8181	6
23420	8
-1979	2
13261	2
-12138	6
-7059	8
8181	8
13261	8
5641	6
13261	6
561	6
-9599	6
-1979	6
561	6
8181	6
5641	4
10721	6
-27379	8
-4518	6
561	6
-12138	6
8181	6
-7059	6
-7059	6
13261	6
3101	6
13261	6
-1979	6
3101	6
561	6
10721	6
-9599	2
5641	6
5641	8
561	6
561	8
18341	6
3101	2
-7059	8
-7059	2
3101	6
3101	6
8181	8
-4518	8
15801	2
5641	6
3101	4
-4518	6
3101	6
-1979	6
-1979	6
-7059	2
3101	8
561	6
13261	2
-1979	6
-4518	6
15801	2
8181	6
-1979	6
15801	6
13261	8
8181	6
561	6
8181	6
5641	8
5641	6
3101	2
561	2
561	4
561	6
-9599	6
-4518	4
561	8
3101	8
20881	2
561	6
5641	6
-12138	2
-1979	6
8181	6
5641	6
-7059	6
-14679	6
-1979	6
-1979	8
-1979	6
-1979	4
-17218	8
13261	6
5641	8
3101	6
-12138	4
-4518	6
-4518	8
-1979	6
8181	8
3101	8
-4518	6
5641	6
-19758	6
13261	6
-7059	6
-1979	6
10721	6
10721	8
561	6
10721	6
8181	6
10721	2
3101	2
13261	5
-7059	6
3101	4
-12138	6
-7059	8
-7059	6
20881	3
8181	6
-12138	6
-27379	6
-12138	8
3101	6
5641	6
-7059	6
561	2
3101	6
-9599	8
-1979	6
3101	8
8181	6
5641	6
5641	6
8181	2
-4518	6
5641	8
-1979	6
-12138	6
3101	6
3101	4
-17218	2
561	8
-4518	8
-4518	6
18341	6
-22299	2
13261	6
-7059	2
561	6
-9599	6
3101	6
5641	6
3101	5
-1979	6
-12138	6
3101	8
3101	6
5641	6
-14679	2
-14679	4
8181	6
-4518	8
23420	6
3101	6
-9599	4
8181	6
-1979	1
3101	6
13261	8
561	6
561	6
561	6
10721	6
-22299	6
3101	6
-9599	6
23420	6
-32458	6
5641	6
561	4
13261	6
3101	6
-7059	5
-1979	5
-12138	6
15801	6
10721	6
561	6
18341	6
20881	6
-9599	6
-1979	6
3101	6
-7059	2
15801	6
-12138	6
-14679	8
-12138	6
8181	6
5641	6
-27379	6
13261	6
-1979	6
13261	6
5641	2
3101	8
3101	6
13261	6
561	6
3101	8
-27379	6
15801	6
561	8
10721	6
-1979	6
3101	6
-4518	6
-4518	6
-1979	6
-1979	6
-19758	8
-1979	6
561	6
561	8
-17218	6
3101	6
-4518	6
-14679	6
-1979	6
561	6
8181	6
-7059	6
13261	8
3101	6
561	4
-19758	6
10721	6
-4518	6
3101	6
-12138	6
561	4
-14679	4
8181	8
3101	6
5641	6
13261	6
3101	6
-22299	6
5641	6
5641	6
561	2
3101	8
8181	2
-12138	6
-4518	8
3101	6
561	6
15801	6
-7059	6
-9599	5
-1979	6
-4518	6
-14679	2
561	6
-19758	6
-1979	6
-1979	6
8181	6
-19758	6
561	6
3101	2
8181	6
8181	6
5641	6
561	8
5641	6
20881	6
-4518	6
-4518	6
561	6
8181	6
-4518	8
3101	6
561	6
13261	6
8181	6
-19758	6
5641	8
10721	6
-1979	2
-9599	6
5641	6
-1979	6
-1979	6
8181	8
-14679	2
3101	6
-19758	6
13261	6
3101	6
-17218	6
-19758	8
-9599	6
561	6
-9599	6
-4518	6
18341	5
23420	6
8181	6
561	6
-1979	6
5641	4
561	6
3101	4
3101	6
-7059	8
-12138	4
-4518	6
-14679	6
-12138	4
-7059	6
-4518	6
-7059	4
3101	6
13261	6
10721	6
-4518	8
5641	2
15801	6
23420	6
561	6
561	8
-9599	6
5641	6
-1979	6
5641	6
3101	6
-4518	2
8181	8
-4518	6
-14679	6
10721	6
5641	2
13261	6
3101	6
8181	6
-12138	6
-1979	5
15801	6
-14679	8
23420	6
15801	4
-1979	6
-24838	6
3101	6
3101	4
8181	6
-14679	6
8181	1
-7059	8
8181	6
-7059	6
3101	5
5641	5
-1979	6
10721	1
3101	6
3101	6
561	6
-1979	6
561	6
15801	6
-4518	6
-22299	8
-4518	6
25961	6
3101	8
-9599	6
-4518	4
-7059	8
8181	6
-12138	5
5641	2
18341	6
-4518	6
5641	6
-4518	6
-4518	2
15801	6
5641	8
-1979	6
3101	2
20881	6
-4518	6
8181	6
-7059	8
561	8
3101	5
-4518	6
-4518	5
-4518	6
-19758	6
-4518	8
-7059	6
-1979	6
10721	6
8181	2
-4518	8
3101	6
3101	6
-1979	6
-9599	4
-1979	6
-4518	5
10721	5
-12138	6
-9599	8
3101	5
561	6
13261	8
561	6
10721	6
-7059	2
561	8
8181	4
5641	6
15801	8
-4518	6
8181	8
-12138	6
3101	6
-12138	8
3101	6
8181	6
25961	1
-9599	4
10721	6
-14679	2
-7059	5
8181	6
-4518	5
-4518	2
15801	6
5641	6
20881	6
-12138	6
-7059	8
-1979	6
-19758	2
-14679	6
10721	6
10721	8
13261	6
3101	6
13261	8
-9599	8
-4518	5
8181	8
3101	6
561	6
5641	6
-4518	8
-4518	6
-27379	6
3101	6
-1979	6
3101	6
-1979	6
-14679	6
-17218	6
-7059	6
3101	6
-7059	6
8181	6
3101	5
3101	8
-1979	6
8181	6
3101	6
-9599	6
-9599	8
-7059	2
-4518	6
3101	6
561	6
10721	6
-24838	6
-4518	2
-7059	6
-1979	6
3101	2
-9599	8
-22299	2
8181	8
5641	8
-19758	6
561	6
-22299	1
13261	2
-9599	2
10721	2
-7059	6
-1979	6
3101	6
-7059	6
20881	6
-1979	8
3101	8
-7059	8
25961	6
-1979	8
-9599	6
-1979	6
8181	2
-12138	6
-1979	6
13261	6
-7059	6
-19758	6
561	6
-1979	4
-4518	6
-12138	8
561	6
5641	6
-4518	6
561	6
-7059	6
5641	8
-17218	6
-4518	6
8181	8
5641	8
-22299	6
3101	6
-4518	6
13261	6
-1979	6
-1979	6
561	6
10721	6
561	8
8181	6
-4518	4
561	6
10721	6
-4518	6
-19758	6
15801	8
-9599	6
561	6
5641	8
10721	1
-14679	5
-12138	6
13261	8
-7059	8
561	6
18341	6
-1979	6
8181	6
8181	8
-1979	6
10721	6
-4518	6
-1979	6
-4518	6
-4518	6
18341	6
3101	6
18341	4
-4518	4
3101	6
561	6
-1979	8
-14679	6
561	6
-7059	6
13261	1
-4518	5
13261	2
18341	6
10721	6
-7059	8
3101	2
-24838	6
-9599	6
8181	6
-9599	5
8181	5
561	6
-1979	6
-14679	6
-9599	6
-19758	8
5641	6
5641	4
8181	6
561	6
8181	2
-7059	6
13261	5
-9599	5
-14679	6
561	6
20881	6
-1979	6
-1979	6
561	6
-12138	6
-7059	8
5641	8
-4518	6
3101	1
-1979	6
-14679	6
-7059	6
561	6
8181	6
-4518	8
-1979	6
8181	6
-1979	6
-9599	6
-22299	6
5641	8
-17218	6
20881	6
8181	4
3101	8
3101	4
5641	6
-27379	6
5641	8
561	6
15801	6
15801	6
3101	6
-1979	6
13261	6
-4518	2
-1979	6
-1979	6
-17218	6
-14679	1
-12138	8
3101	8
-1979	6
561	6
10721	6
561	6
-17218	6
13261	8
8181	6
10721	8
-4518	2
-1979	6
-12138	6
-1979	6
3101	6
561	6
10721	2
-1979	6
-12138	6
-4518	2
10721	6
561	6
15801	8
-22299	6
-9599	6
-7059	6
-1979	8
-12138	6
15801	8
-4518	4
-4518	2
8181	6
-12138	6
3101	6
5641	6
3101	5
10721	8
-1979	6
5641	6
-1979	6
-17218	6
-12138	6
-14679	6
33581	6
10721	6
-12138	6
561	6
-4518	6
13261	2
-4518	8
8181	8
-9599	2
10721	8
561	6
-14679	8
-1979	8
561	6
3101	6
10721	6
3101	6
15801	6
10721	6
-9599	6
-1979	6
561	6
561	6
5641	8
5641	6
23420	2
8181	8
561	8
8181	6
25961	6
-9599	6
10721	6
-1979	8
561	2
3101	6
-1979	6
13261	6
3101	6
561	6
3101	6
-4518	8
561	6
561	8
3101	2
5641	2
-4518	6
13261	6
-12138	8
8181	6
18341	5
-1979	8
8181	6
5641	6
5641	2
-12138	2
-17218	5
-4518	6
5641	6
13261	6
8181	6
-9599	6
10721	2
-7059	2
5641	2
-7059	6
-7059	4
8181	6
-4518	6
-1979	8
3101	2
5641	8
-7059	6
5641	6
-1979	6
8181	6
13261	6
13261	6
-4518	6
-4518	4
5641	5
-9599	5
-9599	8
13261	6
-12138	4
-14679	8
561	8
561	8
5641	4
-7059	6
13261	1
561	6
10721	6
-27379	3
-7059	6
3101	6
3101	6
8181	6
18341	2
-9599	8
18341	6
5641	6
3101	2
10721	6
-19758	6
-9599	6
10721	8
-1979	5
15801	6
-1979	6
8181	6
5641	8
3101	6
13261	6
-14679	8
-14679	8
561	6
-4518	4
8181	6
-12138	5
-7059	8
8181	6
-12138	6
-9599	8
3101	2
561	6
-4518	6
-27379	6
5641	8
13261	6
561	8
561	2
561	6
-19758	5
15801	6
561	8
3101	6
3101	6
-4518	6
-7059	8
561	2
561	8
-12138	5
10721	6
-9599	6
561	8
-17218	2
-12138	8
10721	6
10721	2
-7059	2
13261	6
-17218	6
-9599	6
-7059	2
-17218	6
18341	6
-7059	6
-4518	6
561	6
-4518	8
-7059	8
-7059	6
5641	6
3101	6
561	6
-4518	6
8181	6
-4518	6
8181	6
3101	8
3101	6
8181	8
5641	6
-12138	6
-12138	6
-1979	6
-12138	6
5641	6
-14679	2
3101	2
3101	6
-7059	4
561	2
-14679	4
-9599	6
8181	6
-9599	6
3101	6
561	6
15801	6
18341	8
5641	6
-4518	6
5641	6
10721	6
-14679	6
-9599	6
-4518	6
3101	6
-4518	8
-9599	8
-4518	6
-1979	5
-7059	6
-1979	2
-12138	1
5641	6
-4518	8
-9599	6
561	8
-14679	6
-1979	6
561	8
8181	6
15801	6
5641	6
-19758	6
-14679	6
15801	6
23420	5
-1979	6
-7059	6
20881	6
-4518	6
-12138	4
5641	5
5641	6
20881	6
10721	4
-9599	2
10721	6
-1979	6
20881	8
-4518	6
-7059	6
-17218	6
-1979	8
5641	6
-17218	8
-12138	6
-7059	6
-1979	6
-17218	2
3101	6
-1979	4
-7059	6
-4518	6
561	6
-4518	6
10721	6
-4518	2
13261	6
561	6
561	6
561	6
13261	6
20881	6
-4518	6
-12138	6
-4518	4
8181	6
-4518	5
18341	6
3101	6
3101	5
-4518	6
-7059	6
-12138	6
561	2
-4518	4
13261	3
-27379	6
-19758	5
13261	6
-4518	4
5641	6
-4518	6
18341	2
-7059	2
3101	6
561	2
3101	8
10721	6
-9599	6
15801	6
-17218	6
10721	6
3101	6
-1979	6
-7059	2
3101	6
13261	6
10721	6
-9599	6
-1979	6
3101	6
3101	6
8181	6
-1979	6
13261	2
8181	8
3101	8
-1979	6
-1979	8
-1979	8
3101	8
-12138	6
-7059	6
-4518	8
-14679	8
-4518	2
-22299	4
-9599	6
8181	6
561	4
5641	6
-1979	6
561	6
5641	6
561	6
-1979	8
8181	6
-19758	6
-14679	6
-9599	6
561	6
-1979	6
-4518	2
-12138	6
5641	6
-17218	6
5641	8
-4518	8
-1979	6
-17218	6
5641	6
-1979	2
561	6
10721	6
561	4
5641	8
-9599	2
-1979	2
-1979	6
3101	2
-12138	7
8181	5
10721	6
5641	2
10721	6
-7059	8
3101	5
-17218	8
-9599	6
-1979	6
-7059	4
-1979	6
-19758	2
-12138	6
-4518	6
-9599	6
8181	4
-1979	8
-7059	6
-19758	5
-1979	5
-7059	6
561	6
-1979	6
-12138	6
20881	6
18341	4
5641	6
31040	8
3101	6
-12138	6
-1979	6
-4518	8
3101	8
-4518	5
-1979	8
15801	6
3101	2
561	6
8181	6
8181	4
15801	6
-1979	6
-32458	2
-4518	6
18341	6
-1979	6
3101	6
-7059	6
-1979	8
5641	6
-1979	6
-4518	6
-9599	8
-4518	6
-4518	4
-1979	5
561	6
561	6
-1979	6
20881	6
8181	6
-7059	6
-1979	6
23420	6
-7059	6
561	6
3101	6
-17218	6
15801	6
-1979	8
-1979	5
13261	6
-14679	6
15801	6
-12138	8
-4518	6
-9599	8
15801	8
-12138	8
561	6
13261	6
-4518	6
-17218	6
-7059	6
10721	8
8181	6
-1979	6
-1979	8
-1979	8
5641	6
-7059	3
-7059	6
-7059	6
3101	6
561	6
-12138	6
13261	6
-9599	8
-1979	8
8181	6
-17218	6
-7059	8
15801	6
13261	6
3101	6
20881	6
-1979	6
3101	6
3101	8
8181	6
-9599	6
561	6
561	6
5641	6
8181	2
5641	8
-7059	6
561	6
-1979	6
5641	6
-4518	6
-1979	6
13261	2
-27379	6
-4518	6
3101	6
561	8
-4518	8
3101	6
18341	6
-12138	6
-7059	6
3101	6
3101	6
13261	6
-14679	6
561	6
-7059	6
5641	8
-9599	6
23420	8
15801	2
8181	6
5641	2
561	6
-14679	6
36121	6
5641	6
-7059	8
-1979	6
561	6
8181	6
561	6
-9599	6
-4518	8
3101	6
561	6
-1979	6
-1979	6
-12138	6
20881	5
-12138	8
561	6
5641	6
3101	6
3101	6
561	6
5641	6
3101	6
-1979	8
-7059	6
5641	6
-12138	6
13261	6
-7059	6
-12138	6
-24838	8
-22299	6
-1979	4
10721	6
3101	6
-9599	6
561	2
20881	6
561	6
10721	2
-19758	6
-4518	6
3101	6
-14679	6
-1979	6
-12138	2
-14679	8
561	8
10721	4
10721	8
8181	8
5641	8
3101	2
561	6
3101	6
561	6
-1979	4
3101	6
5641	6
-17218	6
-1979	6
-4518	6
8181	6
-9599	6
13261	6
-24838	6
561	1
15801	6
8181	6
3101	8
10721	8
561	6
13261	8
10721	8
-1979	6
5641	6
5641	6
3101	6
8181	6
-12138	6
-1979	4
-14679	2
5641	6
3101	6
-14679	6
-7059	5
10721	6
-17218	6
5641	6
-14679	5
561	6
-4518	8
3101	8
8181	6
3101	6
-7059	4
8181	2
-1979	5
-19758	6
5641	6
10721	8
10721	6
8181	6
13261	6
10721	6
3101	6
5641	6
-1979	1
8181	6
13261	2
3101	6
-4518	2
5641	6
-12138	6
561	2
-1979	1
3101	6
3101	6
-22299	6
10721	5
561	6
13261	6
3101	6
18341	8
-9599	2
-9599	6
-14679	8
-9599	6
-12138	6
-12138	6
13261	6
3101	6
-7059	2
-7059	6
3101	8
-1979	6
13261	4
8181	6
561	6
-12138	6
-7059	6
-1979	6
8181	6
3101	6
13261	1
-1979	5
561	6
3101	6
18341	8
-4518	6
-27379	6
-7059	4
23420	6
5641	6
-14679	6
-17218	6
561	6
8181	6
-4518	6
8181	6
561	6
-7059	6
18341	6
3101	2
-4518	6
8181	4
10721	6
561	6
5641	6
-9599	6
-9599	6
-17218	6
-7059	6
-9599	8
561	6
-7059	6
5641	6
3101	6
-9599	6
-7059	6
8181	4
-7059	8
20881	6
10721	6
13261	8
-1979	6
-4518	8
561	8
10721	6
-4518	6
5641	8
13261	6
10721	6
5641	8
5641	6
-17218	1
-19758	6
-1979	6
15801	6
3101	6
13261	6
3101	6
