0	-14846
0	3471
1	1812
0	1958
1	-7160
1	-1728
1	-475
0	-14986
1	-7958
0	19908
0	2162
1	9762
0	-3033
1	762
1	-6433
0	4681
0	3068
0	4775
0	-2982
1	-989
0	-3505
1	-11620
0	15
1	-14537
1	-14597
1	-5742
0	-6059
1	10651
0	-7482
1	43918
1	31428
1	-3310
1	24240
0	1636
1	-45
1	13932
0	2614
0	-4550
0	-4997
0	-4748
0	-5055
1	1517
1	-5232
0	-4139
0	-4134
0	-11197
1	8503
0	1737
0	4115
0	-2208
1	19033
1	-10824
1	5470
0	7104
1	-2767
0	-7014
0	-218
0	9219
1	11739
0	24465
0	-4282
1	-3811
1	1476
0	27085
0	14091
0	-3783
0	10486
1	11196
1	7987
1	5555
1	-10349
1	-10479
0	1701
0	725
0	11358
1	5384
0	-4707
0	-8162
1	-3548
1	-14848
0	-7079
1	-3576
0	-7150
0	-17259
1	-4120
1	-11080
0	-5647
0	-2614
0	13805
1	11684
1	4565
0	11326
0	4290
1	6261
1	-13493
0	-10286
1	-1460
0	1266
0	-12569
0	1745
1	-2557
1	-1825
0	-302
1	-4232
0	-1582
1	-1226
1	9477
1	-17270
1	-8638
1	-7531
1	14597
0	-7742
0	-12191
1	-1981
0	-10357
0	-18647
1	-7515
1	30070
1	8863
0	-229
0	-3456
0	1826
0	4280
1	35108
0	6167
0	-5563
1	-8531
1	-13356
1	45200
1	-7858
1	-1475
0	13534
1	20343
0	-902
1	-12665
1	10972
1	-6003
1	4911
0	4527
0	-4124
0	4317
0	1545
1	-12480
1	-9581
0	3837
1	8861
0	-10564
1	12409
0	17602
0	2448
0	-11170
1	6191
1	-3894
0	-13074
1	-1979
0	-9925
1	9297
0	-7884
1	-7484
1	1524
1	-10944
1	-925
0	14224
1	-5346
0	-18451
0	3308
0	-7545
0	-2148
1	8546
0	6114
0	-13655
1	55
1	-10619
0	-11138
1	-3698
0	-2527
1	3463
1	-7597
1	5255
1	3654
1	-6798
0	-3747
1	5428
0	-10359
1	19297
1	-3939
0	-3079
1	-8432
1	3551
0	-9550
1	-4317
0	-11199
0	10107
1	-196
1	4422
0	-8773
0	-5373
1	-4189
1	-16582
1	-11855
0	2139
0	-160
0	1092
0	7662
0	10343
0	11001
0	11594
0	-390
1	5908
0	4827
1	6038
0	-8383
1	6856
0	8575
1	-869
0	-395
0	-2318
1	-7573
0	-2148
0	11714
0	-1332
1	1728
0	2799
1	371
1	-5304
0	-7133
0	653
0	11504
1	9609
1	-6506
0	6609
1	-17969
1	9317
0	-13672
0	-12281
1	-5346
0	-5231
0	-3907
1	6297
0	10526
1	-10391
1	62
1	-9924
1	7906
1	-5565
1	-1349
0	-14227
0	6892
0	14720
1	12223
1	-6626
0	-6319
1	5623
0	-9536
1	7116
0	-9335
1	-382
1	12302
0	2861
0	-2573
0	883
0	-9549
1	-3727
0	13210
0	671
0	-6505
0	-8749
1	210
0	6677
0	-141
0	-7423
1	3586
0	46543
0	4770
0	-6242
1	11347
0	3695
0	-9050
1	2316
1	-6509
1	28133
0	18158
1	-4684
0	2505
1	-1225
1	33990
0	122
0	-7499
1	11816
1	4930
1	-2938
1	-11251
1	6940
0	3076
0	3835
0	-5154
0	-11624
0	-10701
1	-6494
1	5965
1	-17090
0	3275
0	1744
0	-15362
1	-7737
0	10683
0	5388
1	2536
0	1069
0	-3449
1	10162
1	13675
0	-6064
1	-1471
0	-15598
1	-10038
0	-814
1	-2811
0	-12341
1	-6464
1	15124
0	4581
0	-794
1	-2693
0	-5392
0	-17943
0	-3738
1	1276
0	44038
1	-10384
0	746
0	3977
1	5857
1	-8300
1	-7732
0	-3692
0	-6499
1	3154
0	-11036
0	11576
0	-913
1	9997
0	-4384
1	5960
1	278
0	9019
0	-10307
0	3896
1	5113
0	-3912
1	-12778
0	-11484
0	5786
0	2723
1	-6477
1	-725
0	3492
1	-18206
0	6621
0	-738
1	-2284
0	1996
0	-5893
0	191
1	11190
1	14239
0	8799
1	10112
0	-7018
0	27433
0	-6760
1	2167
0	-4587
1	1684
1	-4287
0	-13704
1	7385
0	-6988
1	11735
0	19104
0	-7549
0	-2935
1	4655
0	-2808
0	4050
0	-4734
0	-3499
0	-4515
1	6098
0	28970
0	-3822
1	9702
0	-1167
0	-2029
1	6882
0	-1564
0	2399
1	-12020
0	-911
0	26694
0	-6521
1	275
1	9121
0	6701
0	3473
0	15203
0	2188
0	-2749
0	-1110
1	8427
1	12157
0	-3348
1	-7989
1	-5013
0	-14175
0	-7174
0	-11096
0	-5855
0	-3725
0	-10857
1	-13589
0	-11462
1	-4529
0	-4158
0	-710
0	-8404
0	1810
0	9119
0	-9847
1	4706
0	-11962
1	-6737
0	1777
1	3930
0	1312
0	5684
1	-16718
0	-10081
1	-10968
1	-14061
0	-3821
0	12478
0	-18878
0	-10897
0	2488
0	-14926
0	4856
0	2617
0	-22357
0	5189
1	462
0	-9582
1	7172
1	-2720
1	-3502
1	-7832
0	-4503
1	5877
1	-7993
0	-7072
1	-213
0	-887
1	-4849
0	-9540
0	-9608
0	-6152
0	-5706
1	14804
0	-2059
0	3169
0	5323
1	-1341
1	-4392
1	-13724
0	-18051
0	251
1	-9094
1	10403
1	-1127
0	-15577
0	9374
0	-2226
1	11701
1	-1749
0	4176
1	14268
0	-5827
1	3498
0	-394
0	-20851
0	-144
0	3374
0	1997
0	4360
0	-4253
0	-809
1	-10816
0	-8879
1	5773
1	2833
1	-1767
1	-6771
1	-10622
0	12071
1	-3432
0	35014
0	-17464
1	-6903
0	-12985
1	6935
0	2101
1	23319
1	-6655
0	6857
0	11204
0	2648
1	-8799
0	6404
1	3177
1	19055
1	6567
0	-9657
1	-8831
1	16095
1	4279
1	-4470
0	-12040
1	-8915
0	1527
0	3914
0	-9837
0	-6819
0	-5832
0	-2470
1	-7210
0	-7766
0	6791
0	-5825
1	4156
1	20747
0	9631
1	-17123
0	12863
0	-10712
1	20721
0	2936
1	-19829
0	-8466
1	5633
0	1522
1	-8878
0	-15719
0	-16284
0	4609
1	-10803
1	1766
1	-17003
0	-8182
0	-8455
0	-7129
1	-9061
0	10136
0	-402
1	-7597
1	-3062
0	-1347
1	-11621
1	11461
0	-2929
1	-1593
1	4052
1	3861
0	-5317
0	-301
0	6667
0	7585
1	11626
0	-5426
1	-2715
1	-4695
1	-6196
0	-11198
1	1212
0	-15580
0	-8194
1	1266
0	-732
0	4879
0	-2772
0	3501
1	-3175
0	11022
1	-11205
0	-4982
0	29454
0	9061
1	14582
1	21346
1	11692
1	-8638
0	-5119
1	-5766
0	6944
0	-8549
0	12547
0	2296
0	-4611
0	3486
0	-6709
0	7385
0	17509
0	-11633
0	5251
1	8414
1	-6878
0	-5469
0	-3194
1	-11710
0	-4781
0	25042
1	-5791
0	-12048
0	-6634
1	1877
0	-2046
1	-265
1	-8568
0	-517
0	-6790
1	7605
1	-10258
0	3201
0	-5712
0	-4565
1	349
0	-11434
1	-4880
0	3321
0	36701
0	3720
1	7168
1	27715
0	16585
0	4977
1	2410
0	-3451
0	15155
0	-12816
0	-15
0	348
1	5684
0	-10062
0	-3206
1	1188
1	-4017
0	3474
1	-3874
1	-1641
1	32323
0	-15617
1	-9674
0	-6061
0	2753
0	-844
0	5709
0	-9029
1	-13041
1	39852
1	813
1	-6311
0	-7807
1	2319
0	-1462
1	-5124
0	-5784
0	-7294
1	-5896
0	-1500
0	372
1	2897
0	-15105
0	-7198
0	3597
1	-1961
1	-7758
0	-11800
0	-4964
0	8340
1	7048
0	4347
1	-3279
1	-6193
0	-7033
1	17405
0	13045
0	-11734
1	-9619
0	-324
0	2544
0	7637
1	-9962
1	342
1	-4277
0	6528
0	-3746
1	3576
0	-2163
1	9865
1	13975
0	822
0	-12689
0	8621
0	-16094
0	-8898
0	2725
1	-7344
1	2412
1	-4708
1	690
0	-2000
0	14260
0	-8429
1	16159
1	5045
0	-10347
0	6140
0	-3669
0	-2909
1	17237
0	-2184
0	4486
0	-8028
0	-1831
1	4117
0	2493
0	-14193
0	6154
1	5728
1	4899
1	5652
1	4256
0	-4210
0	-6029
0	-8653
0	8866
1	-7024
1	10245
0	-7618
0	7152
0	-4569
0	11640
0	-4636
0	5480
0	7195
0	3433
0	8529
1	5073
1	5363
0	-7146
0	13538
0	7459
0	3739
0	-9761
0	-1452
1	-14919
0	9334
0	-7722
0	-2652
0	3978
0	8336
1	4348
1	3068
1	-2160
0	14356
0	1015
1	2343
1	-9572
1	6089
1	-9139
1	-2555
0	-12592
0	614
0	16644
1	-15603
1	-4044
0	-15865
1	-8525
0	11200
1	-9913
0	-736
0	8414
0	-10091
0	1187
0	9134
0	10016
1	-5183
0	6033
1	19681
0	-2427
0	-13592
0	-13010
0	-2035
0	8611
0	-913
1	-18116
0	-4605
0	10917
0	-11405
1	-5538
1	30953
0	-8014
1	-708
1	-12066
0	-5052
0	-8978
1	-4090
1	-13185
0	-1731
0	-993
1	6360
1	1425
0	-13616
0	-14888
0	-9120
0	-13113
0	-5665
0	-3227
1	-8690
0	-3589
1	-7824
1	5255
1	-2185
0	9070
0	-1213
1	-3061
0	-11244
0	-4637
1	-15616
1	4553
1	11321
1	-10262
1	3764
0	25063
0	-5762
1	19744
1	24002
0	-10724
0	3185
0	2869
0	5286
0	-4861
0	-14464
0	-2622
1	-17669
0	1376
0	-203
1	-16261
0	10123
0	-532
0	-18240
0	-8970
0	-11565
0	-6634
1	-13621
0	-8295
0	8280
0	12330
0	-5699
0	9513
1	-1419
0	-9057
1	2750
0	1019
1	-6622
0	2441
1	10101
1	36841
1	-4351
0	-3866
1	-117
1	-1279
1	2251
0	-9422
0	-3153
1	-14274
0	-2286
0	1338
0	-4185
1	-8731
1	-2983
1	-6859
0	329
0	-948
1	-9249
0	3396
1	-791
1	-431
1	-3407
1	-2722
0	-5573
1	12095
0	-2024
0	-7380
1	-4145
0	-10052
0	-15555
1	-10622
0	-775
1	2768
0	7533
0	-17077
0	15952
0	1846
0	7249
0	-1047
0	-2911
0	2948
1	3748
0	9164
1	-16509
1	10379
1	36595
0	-7544
0	-7807
1	-7523
0	-5324
0	5904
1	-11917
1	-18691
0	-2282
1	-11421
1	20475
0	1664
1	-9173
1	-2771
1	-6476
0	7386
0	-3484
1	-5497
0	11416
0	16339
1	-12038
0	-8106
1	8970
0	4452
1	-5028
1	-5782
1	2691
1	-8991
0	7971
0	10081
0	2570
0	6859
0	-940
0	11918
0	-770
0	-9470
1	186
1	-5433
0	-11605
1	2075
0	-13849
1	9879
1	358
1	-2950
1	-646
1	-11477
0	-3374
1	-260
0	-5235
0	1558
0	-7118
0	-3475
1	-8755
0	12140
1	-6106
1	514
1	103
0	1654
1	-2396
0	1637
0	4244
0	-7536
1	6915
1	2563
1	-1950
0	-6699
1	-2762
0	3963
0	4613
0	-4445
0	-2154
0	53166
0	1799
0	-1763
0	20886
0	-415
0	-1596
0	12232
0	-9670
1	-7432
0	2015
0	3870
0	2
1	-5266
1	2302
0	-4875
0	-1703
1	-1999
1	11004
0	6028
0	293
0	-2226
0	-7113
0	-5117
0	3097
0	-2172
1	19259
1	13560
1	-2595
1	3
1	3310
0	13504
0	3528
1	24308
0	-12311
1	16300
1	3601
0	2375
0	-3122
1	-2735
0	430
0	-1757
0	8569
1	-1395
1	-15796
0	-630
1	-13201
0	6785
0	45526
1	1191
1	-9220
1	12792
0	12106
0	-8538
0	-2725
0	2333
0	-229
0	794
0	4536
1	25238
0	-8252
0	-3772
1	4814
1	-186
0	195
1	-11790
0	-2294
1	-13386
1	-6459
1	-6866
0	5366
1	1069
0	4987
0	-1892
0	-3100
1	2055
1	13534
0	-3520
1	-2924
0	3383
1	-10234
0	-9482
1	-8988
1	-2388
0	3939
1	14533
0	-6922
0	-4014
0	9941
0	-9057
1	-8724
0	-10312
1	12546
1	-1795
0	-61
1	-4934
0	5773
0	12292
0	15187
0	180
0	11274
1	20041
1	-810
1	-14648
0	5227
1	-12043
0	3215
1	8197
1	3634
1	5524
0	-5772
0	-5970
1	7234
0	-2048
0	-6071
1	-341
0	6759
0	2717
1	-9623
1	5832
1	-5629
1	2683
1	-113
1	-15770
0	22892
1	-3522
0	13590
0	572
1	-4893
1	-18053
0	-5719
0	-39
1	-13486
1	-18086
1	2508
1	-7330
0	-7896
0	-9516
1	1586
1	-13054
1	549
1	-4566
1	5449
0	5439
1	-11380
1	25816
0	3383
0	12462
1	-857
1	6124
1	2798
1	-5648
0	-1847
0	12138
0	8092
0	7568
0	-377
0	824
0	3027
0	-9333
0	-9923
0	-510
0	-2602
1	4628
1	-420
0	29808
0	-169
1	3127
1	11184
0	-1178
1	-12356
0	5973
1	-4457
1	-2992
0	-8192
1	4710
1	-4928
0	-18851
0	-11895
1	1506
1	-1963
0	-151
0	-2313
0	13352
0	-1679
1	-11087
0	7297
0	-4960
0	-5631
1	-3716
0	-6672
0	15200
1	-7738
1	-8199
0	-1707
0	-14226
0	40291
0	-11194
0	10110
0	-11188
0	-14175
0	8680
0	6135
0	-3805
0	-940
1	-12842
1	2836
0	-6537
1	-7029
0	-3319
1	-10418
0	4495
0	-11297
1	12740
0	351
0	9142
0	-13564
1	-10989
1	5633
0	-10079
0	-1635
0	5665
0	-10316
1	-6069
1	4450
1	-3845
0	-7968
1	14611
1	-12995
1	-6428
0	-14590
0	-19155
0	-1088
0	7828
0	3920
0	-3699
1	6100
0	8652
0	5628
0	9936
0	1378
0	-5469
0	4310
1	1484
0	-14513
1	-17199
1	8106
0	14435
1	-7716
1	-6042
1	-4857
0	-9749
1	-10931
0	-1183
1	-11228
1	688
0	23798
1	10705
1	1458
1	1254
1	-8963
1	-20446
1	5472
0	3017
1	426
1	8170
0	-4926
1	-15953
0	-5841
1	8659
1	109
1	14571
1	-1653
0	2993
0	-9127
1	-2154
1	-18234
1	-2529
1	9163
1	-7467
0	-14063
1	1052
1	-1524
0	15826
1	17703
0	5067
1	6457
1	-11734
1	6190
1	6094
1	-7609
0	5652
0	-5814
0	11742
1	7597
0	-12377
1	7131
1	-349
0	-7150
1	-3942
0	9346
1	-8304
1	164
1	-2973
1	-4092
1	25373
1	-14640
0	10080
0	2736
0	-6766
0	2835
0	-10022
0	-8163
0	-11114
0	11443
1	5621
1	-5370
1	-4859
0	26790
1	-8715
1	-8120
0	-9770
0	-10581
0	-12163
1	4978
0	-12953
0	-15220
1	-8391
1	4846
0	11963
1	-14430
0	-1261
1	3005
0	9916
0	-8917
1	-15065
0	14393
0	-2139
0	-13516
0	-2097
0	-2005
1	3534
1	-12649
1	-9109
0	6110
0	6857
0	1407
1	13959
0	-3263
1	9073
0	-4039
0	-16548
1	-3588
0	1780
0	-8243
1	-6435
1	819
1	-9636
0	-8073
1	-3432
0	4631
1	5200
1	8900
0	4052
1	-3635
0	789
0	-10977
0	7215
0	1455
0	-13028
1	-6714
1	-5612
0	9355
0	1451
1	4084
1	-3744
0	5744
0	-14545
0	-9709
1	1455
0	-12519
1	5352
0	-9569
0	-4828
0	-3420
0	-1609
0	-9775
0	-1900
0	-1424
0	-2826
0	2508
1	9454
0	6067
0	-10229
0	16142
0	5265
1	2110
1	3244
0	-10068
1	-950
1	61239
0	27434
0	-2425
1	3545
0	5049
1	-7478
0	7643
1	-9342
0	6745
1	131
1	3461
1	-2280
0	482
0	-5787
1	3921
1	-5733
1	-1790
0	-13636
0	3132
1	2935
1	926
0	-11306
1	-6008
0	-2010
0	-2803
1	3789
0	2580
1	-14300
0	6098
0	-1330
1	-5505
1	-37
0	1217
1	-3612
0	-6929
1	-10710
0	6118
0	4300
1	6567
0	9187
1	-6024
1	-1990
0	15596
0	3640
0	978
0	-6933
0	-1592
0	6036
0	5117
0	-9257
1	-9965
0	-7557
0	-2269
0	-6520
0	12661
0	1099
0	-7976
0	-8190
0	-9585
0	6087
0	-5358
0	16310
0	-11407
1	26766
0	8282
0	2000
1	17192
1	-5759
1	4387
1	-3997
1	-1338
0	3226
1	4151
0	11283
0	-2408
1	2465
1	3292
1	6884
0	-7558
1	14705
0	-4930
0	-1910
1	-1032
1	-708
0	-5435
0	-1554
1	-3047
0	3004
0	-5015
1	926
1	-582
0	-10098
1	12609
0	-582
1	-4401
1	-12058
0	-8041
0	-11533
0	3579
0	-10947
1	6265
1	8372
0	-14155
1	-10284
0	7765
0	-3117
1	261
1	3395
1	-6147
1	39159
1	-10596
1	-536
0	-3616
1	-10828
0	-16230
0	-14475
1	-15504
0	4844
0	-8673
1	-13841
0	-9678
0	-9778
1	-897
1	10106
0	-1328
0	-10525
1	136
1	-1954
0	-15716
0	-76
1	1593
0	-7804
1	1798
1	402
1	-478
1	19388
0	-3036
1	-7502
1	483
1	-13060
1	15652
0	18140
0	-15213
0	8252
1	17626
1	-537
1	4443
1	7415
0	-5543
0	10220
0	-16959
1	-6023
1	26484
1	24620
1	3400
0	43211
0	-487
0	-6462
1	17526
1	-5604
0	-5120
0	-3220
0	6871
0	-2220
1	-8870
1	-409
1	15257
0	-6133
1	-3049
0	-762
1	-66
1	-3686
1	10748
0	-2977
0	-4024
0	8330
1	26365
0	-10408
0	-7035
1	-884
0	-8406
0	1176
1	1757
1	6718
0	53
0	17459
0	437
1	-2427
0	-6812
0	-17118
0	4247
0	-8775
0	-8536
1	-6883
0	6609
0	-9938
0	5262
0	-8779
0	-3763
1	8732
1	14108
1	-4631
1	-8695
0	10698
0	-3065
0	-4233
1	7035
1	-648
0	5683
0	-15685
1	-15025
0	2147
1	15101
1	930
0	13628
1	2522
1	17398
1	-9305
0	23674
0	-951
1	-14169
0	-13374
1	-9134
1	-4960
1	3036
1	-11245
1	-923
0	4107
0	17503
1	1193
1	1950
1	-2972
1	120
0	-8549
1	-10524
1	34212
1	-3808
0	2026
0	730
1	-5654
0	13000
0	-1311
0	4928
0	5587
0	4526
0	-1445
1	3178
0	-7333
0	1835
1	-10656
0	6850
0	-18175
0	-6698
0	9444
0	-15024
0	13434
1	-3856
1	-13358
1	-4991
0	-11017
1	9710
0	-6882
0	7040
0	-12462
1	25263
0	4043
0	6811
0	-8570
1	22551
1	-11691
0	-3809
0	14666
1	4798
1	8805
1	2141
0	-68
0	14329
0	-7884
1	26334
0	645
0	653
1	-10869
1	-2300
0	-2574
0	-115
0	-1140
0	-9301
0	-6623
1	2646
0	6919
0	3866
1	-12783
0	-10723
1	22296
1	1399
0	7572
0	1713
1	-2072
0	-3982
0	5741
0	893
1	-10359
0	-3927
1	-17186
1	1385
0	5399
0	-8555
1	-4091
1	-4235
0	-7595
1	-13076
0	-21312
0	-10109
0	-1627
0	3478
1	-14117
0	15040
1	2530
1	-6495
1	2703
1	-8488
1	4190
0	-8291
0	-7184
1	-5581
1	7708
1	-13091
0	9729
0	7050
1	-2202
1	-11234
0	7968
0	-9366
0	5804
1	-7603
1	-10676
1	5871
1	-5000
0	3859
0	-13122
1	1203
0	-11987
0	-12348
1	-3695
1	489
1	16107
0	9948
0	11365
1	-7786
1	-9178
1	-3111
1	-3631
1	-4802
1	16378
0	14614
1	-985
1	-13339
0	2765
0	9932
0	-10071
1	-3628
1	8233
0	-15544
0	-15805
0	-657
0	-5414
0	13480
1	9387
1	9255
1	11874
0	823
1	8061
1	-9091
0	28501
0	-212
1	8254
1	1247
1	3590
1	-11235
0	4606
0	-5769
0	430
0	-4039
1	24498
0	11380
0	-973
0	-9527
0	6598
1	7566
0	-15269
1	681
0	-3696
1	11008
1	7805
0	-7314
1	12547
0	-16181
1	-10882
0	-2369
1	6122
0	-1987
1	10287
0	-6063
1	2275
0	-9961
0	-355
1	23923
0	6916
1	12912
1	32941
1	-8064
0	12772
1	-453
0	3310
1	-1297
1	-3404
1	3707
0	-5663
1	-4062
0	-523
0	9492
0	3145
0	-6367
0	5867
1	-8082
1	4395
0	12373
1	-7317
0	936
0	-6481
1	2148
1	9599
0	5379
1	-11148
1	-1483
1	1260
1	8250
1	-5463
0	-7047
1	1104
0	-1301
1	8125
0	878
0	3741
0	-8424
1	-9167
0	-7025
0	-7839
1	-15656
0	-9946
0	2460
1	15218
1	3124
0	-5764
1	-8436
1	4882
1	-2555
1	-1671
0	-6276
1	7929
1	4854
0	3631
0	2448
0	25476
0	1793
1	-5149
1	16954
0	1270
0	-7434
0	9314
1	-2448
0	2723
1	-14073
0	5660
0	-6014
1	-3261
0	2251
1	-1451
1	-13843
0	-11697
1	-5478
0	-11812
0	-15822
1	4198
0	-8097
1	14085
0	2460
0	15345
0	-4655
0	-12726
0	-6593
0	5600
0	-16628
0	2928
0	159
1	4764
1	30634
1	-6164
0	-815
1	-2700
1	-9715
0	4426
0	6119
0	-2681
0	-9689
1	-482
1	-3100
0	-8470
0	-10352
1	5895
0	3940
1	-386
1	21
0	-2845
0	5943
1	5745
0	5875
0	1927
0	6029
1	-6308
1	-11033
1	15456
1	-4850
1	-1832
1	15483
1	4522
1	7103
1	-5729
0	-1016
0	-16470
1	-4884
0	-7128
1	7282
1	6282
0	535
0	-3565
1	-4901
1	-11138
0	10815
1	1589
0	-13055
1	-8180
1	7619
0	5897
1	1241
0	2738
1	3545
0	-4818
1	-411
1	18180
1	4990
0	12843
0	2829
0	1271
0	9879
1	-881
1	-6873
1	-4168
0	7540
0	5780
0	-1222
0	-8114
0	-9203
1	2343
1	2744
1	-2688
1	-3803
0	-7713
0	10383
0	24993
0	6960
1	-1465
1	-1278
0	-4454
1	-3959
1	-9403
0	-298
1	21663
0	4124
1	-3864
0	-2754
0	5222
1	-3656
0	-13024
1	-6184
0	14056
0	7839
0	4894
0	14177
1	-1882
1	7217
0	11797
1	610
0	12758
0	-16343
0	12608
1	3721
1	-7129
0	-5230
0	4484
1	-4760
0	2051
1	-15896
0	2620
0	2903
0	-5166
1	-926
0	-15810
0	-4759
0	-4875
0	1178
0	-15227
0	5315
1	5166
0	4351
0	-6312
0	-3160
1	9815
0	10402
1	888
0	-12869
0	8520
1	-5694
0	5696
0	5340
0	-6454
0	9990
0	1874
1	8314
1	-303
1	-3136
0	-2732
1	3227
0	-4080
0	-1865
0	4315
1	-11195
0	-1078
0	3194
0	6604
0	5948
0	-8627
1	-5102
1	-2811
1	31198
1	-2462
1	29997
0	-4702
0	-16614
0	6362
0	146
0	6911
0	17471
1	-9129
0	6817
1	-6917
1	-3531
0	-7693
0	-11516
0	11241
1	-9947
1	-3754
0	-8280
1	-8533
0	3420
0	518
0	6650
1	8193
0	-6204
1	-760
1	-335
1	-11210
1	14439
1	7362
1	-6272
1	-2641
1	-2123
1	4677
0	-711
0	7409
1	-7204
0	4720
0	-1039
0	3437
1	-8021
1	-13820
1	-13151
0	-14686
1	1138
0	805
1	-7957
0	5777
0	-4288
0	-6400
0	1239
1	-11048
1	-9582
1	-5731
1	4675
1	10157
1	8500
0	18805
1	-6964
1	5136
0	19957
1	2060
0	1613
1	15371
1	7632
0	-4966
1	57054
1	-7839
1	6044
1	-8856
1	-3894
0	-3172
0	4217
0	-17501
0	13200
1	-380
0	3890
0	17569
0	7904
1	-1628
0	203
1	4205
0	10345
1	4252
0	-321
0	9144
1	-2030
1	-8944
1	26310
0	-8837
1	-5014
1	5063
0	-15784
1	1169
0	2062
1	12001
1	-3108
0	-5916
0	5048
0	-3588
1	-13325
0	-1863
0	-153
0	13387
1	-3861
0	-2755
0	-3850
0	-20484
1	-9613
0	-1016
0	-3984
0	-4023
0	-14971
1	4923
1	-2105
1	4521
0	4643
0	559
0	-1964
1	-919
0	6413
1	-7447
0	-13481
1	-5008
0	-234
0	-5590
1	468
0	-8753
0	10190
0	-5859
0	-8559
0	-2004
0	-6223
1	3227
1	13787
1	-21236
0	-6879
0	-3756
1	-6902
1	-8815
0	1747
0	3209
1	-823
0	11442
1	931
1	7700
1	-3304
1	30358
1	4964
0	2976
1	-1795
0	-4338
1	3233
0	1463
1	-10078
1	-16283
1	3481
0	-5371
0	-7695
1	12059
1	-6846
1	7085
1	-3277
1	-12827
0	-9825
1	-494
1	-12719
0	-15963
0	3850
0	-8115
0	1434
0	3915
1	4208
1	21584
1	-14736
0	-3532
1	-8914
0	-1224
1	15293
0	-4594
1	-7436
1	9863
1	-5680
1	6340
1	-5080
0	-13288
1	12499
1	-862
0	3468
0	13702
0	-9536
0	-16157
0	-12652
0	16465
0	-8087
0	-2227
1	10812
0	5863
1	-10182
0	-15447
1	-1867
0	-5851
1	-11304
0	5094
0	-5762
1	-445
1	10215
1	2946
0	17725
1	-1148
0	1631
0	3994
0	768
1	9179
0	14480
0	2819
0	-1039
1	6028
1	3543
1	13666
0	-9785
0	12554
0	3241
1	4061
0	2649
0	-5538
0	-1491
0	5297
1	25514
1	-8145
0	7122
1	26475
1	7247
0	4064
1	9527
1	2764
1	902
0	3101
1	18758
1	-6475
1	-11963
1	1059
1	-1186
1	-6391
0	-12739
0	14006
0	-3878
1	6657
1	-5885
0	-8338
1	-6461
0	-6477
1	-5241
0	3063
1	6874
1	11651
1	3581
0	-6908
0	-1474
1	-10768
0	22
1	-3141
1	-12
1	8816
0	6502
0	-9393
1	-1770
0	19432
0	5610
0	-9606
0	2328
1	-5372
1	-6617
1	-9764
1	6984
0	-3343
0	3394
0	6578
0	-9642
1	2543
1	6227
0	3118
0	-5194
1	-6079
0	14168
0	-16314
1	-12652
1	-7441
0	10028
1	-7209
1	2050
1	-14485
0	-2234
0	3493
0	1749
0	5472
1	-3010
0	-2743
1	-8597
1	-7689
0	-9766
0	2185
0	3921
0	4602
0	3519
0	-2265
1	12550
1	2198
1	1891
0	21105
0	27577
1	1680
1	-1971
1	-10680
0	-1199
0	-9859
0	11672
1	-8432
1	-8401
1	19229
1	-604
0	13556
1	-414
1	-11152
0	-4002
0	6958
0	-1571
0	11074
0	1745
1	-3092
0	10541
0	4689
1	13761
1	-17512
0	-2500
0	-7307
0	12644
0	-13263
1	-19253
1	10204
1	2076
0	12026
1	4655
1	12848
0	3834
1	3047
1	8258
1	-2946
0	-8917
1	10176
1	2554
0	3530
1	-4587
0	3421
1	-12099
0	15772
1	-528
1	3432
0	-6597
1	41159
1	-97
1	13095
0	-10340
0	2905
1	-6967
1	23155
0	5999
0	2980
0	-4386
1	-12387
0	1556
1	-6242
0	-1072
1	-6432
1	-3931
1	1660
0	-15664
0	-3745
1	15042
0	22846
0	13579
1	-16083
0	621
1	-2150
1	-2223
1	-2468
0	8326
1	-12639
1	1230
0	-6431
1	-2742
0	34307
0	4936
0	-7732
1	-3562
1	15466
1	-3072
1	3179
0	-9379
0	1465
1	-6711
0	3955
1	11488
0	-748
1	758
1	12147
1	931
1	13022
1	2775
1	-5558
0	5010
0	-7388
1	-8129
1	-7607
0	10001
0	2198
1	-8611
1	18937
1	-2058
1	-8140
1	12585
0	7131
0	9225
0	20578
1	-10958
0	16224
0	5990
0	-1622
1	-1243
0	-3300
0	-7152
1	-3088
0	-7265
0	560
0	414
1	-6458
0	10319
1	5724
0	-5890
1	-5045
0	-757
0	-1751
0	-3204
1	-4256
0	75
0	-14119
0	16877
1	5857
0	-11253
0	2435
0	-14570
0	-6152
0	-1990
1	4785
0	-267
0	2122
0	-12050
0	1448
0	5974
1	1402
1	-10153
0	9821
0	-6626
0	5453
0	-9295
0	16410
1	2609
0	-10060
0	5421
1	604
1	-3303
1	435
0	4512
0	-258
0	-7224
0	-8441
1	415
1	-5352
0	-8948
0	-354
1	-19985
0	-10074
0	7485
0	-6869
1	24391
0	164
0	-6255
0	-986
0	-9843
0	-11285
1	-8356
1	-14342
1	2595
1	-12529
1	-1695
0	7533
0	7481
0	6698
1	6376
0	9046
0	-12467
1	-11247
1	-9816
0	6592
0	-2489
1	6955
1	3385
0	-845
0	-13795
1	7612
1	3630
1	-9994
0	10754
0	5299
0	-8201
0	-1291
0	-5017
1	10403
0	-5272
0	6756
0	-16961
0	8089
1	5620
0	-14741
1	-11925
0	725
0	-7461
1	1100
0	51319
1	11275
0	11217
0	-8249
0	43330
1	-11503
1	-1609
1	3891
1	3494
1	123
0	31658
0	-5827
0	-7822
1	-8022
1	18076
0	7620
0	4152
0	2350
1	-3728
1	-13993
1	-4567
0	-3383
1	-11050
0	-4789
1	7393
0	-9486
0	-7464
1	-2268
1	12111
1	-13730
0	-16386
0	-7701
1	4519
0	9591
0	1409
0	-1762
0	4118
1	8902
0	-11154
1	879
0	8644
1	-6510
0	4648
0	968
1	4525
0	506
0	-9438
1	7847
0	1986
0	-12496
1	4532
1	-5052
1	7457
1	-5343
0	-2606
1	-9788
0	-3238
0	-8475
1	5436
0	14208
1	-7842
0	21115
0	-8764
1	-2184
0	1853
1	-500
0	-15068
1	-3603
0	5437
0	22287
0	-5420
1	3306
0	-1003
0	7873
0	-9804
1	948
1	4381
0	-5190
1	-68
0	2091
0	11473
0	13703
0	24593
1	4266
1	193
1	-801
0	-1839
0	16716
0	12667
0	1371
0	8325
0	-14540
0	-85
0	-8749
1	-9394
1	-3170
1	-9583
0	-9960
0	-2308
0	3805
0	10953
1	9960
0	3543
0	1039
1	-6787
1	-8660
0	5528
1	4597
0	-8792
0	3269
1	10786
0	2384
0	-6636
0	9123
1	22147
1	3316
1	-4518
0	-1283
0	2730
0	-4494
0	-5710
0	-13356
0	12634
1	2547
1	-10713
1	2023
0	4954
1	-1498
0	-6663
0	4203
0	14267
0	21214
0	16945
1	-9524
0	7409
1	-4526
0	5698
0	-13948
0	57
0	-3718
0	-12567
1	-2548
0	496
1	-3027
1	-9747
1	-2306
1	-12149
0	-1776
0	1926
0	-2400
1	27995
1	3547
0	-9475
1	-3743
1	9335
0	-1902
0	-3185
0	-3374
1	20073
0	-3498
1	-10323
1	-6330
0	3559
0	-6840
1	-442
0	3940
1	530
1	-10643
0	4760
1	-1893
0	-4591
0	18179
1	-3810
1	91
0	-857
1	1521
0	-7298
1	-5395
1	-10781
1	-3590
0	-3926
1	-1606
0	-5298
1	1432
0	17767
0	-2843
0	-2465
0	-947
0	-10216
1	13790
1	-9676
1	13239
0	3134
0	99
0	-8956
0	547
0	28838
0	-9147
0	-4417
0	-5046
0	2496
0	-6067
1	-9897
0	10788
1	-1992
1	-5422
1	-837
1	-2035
1	-538
0	-4107
1	14760
0	-3668
0	-5750
0	7235
1	34169
0	-518
1	4325
1	-4389
0	-7405
1	-1834
0	15682
1	-13887
0	19781
0	-11690
1	-5640
1	22744
0	-10649
0	-6346
1	-5895
1	4850
1	13133
0	-3824
0	-2563
1	14686
1	-4418
0	358
0	2507
0	11527
0	-2115
0	4774
1	10132
0	13992
0	-12068
1	-7032
0	-11491
0	-17591
1	12486
1	-3783
1	-5628
1	-1580
1	5603
0	9669
1	11299
1	4205
1	-2407
1	530
1	19036
0	-3076
0	-10792
1	-15427
0	-684
0	-651
1	355
1	-9483
0	-2926
0	-2559
1	9154
1	2837
1	-4353
0	163
0	-1250
1	-10835
0	-990
0	-792
1	-3997
1	-8645
0	5851
0	-3991
0	2514
0	-11978
1	-585
0	16500
0	-6874
1	-14015
0	1195
1	10677
0	-14453
0	18500
1	2890
1	-11731
0	-9911
0	-11175
0	-3514
1	-3504
1	-9628
0	207
1	-491
0	-1161
1	-6865
0	-7414
1	-8525
0	-17776
0	-6897
1	-2097
0	-4993
1	-20172
0	-8530
1	11367
1	-9189
0	8421
1	-9200
0	752
0	-11753
1	14100
0	-18286
0	5039
1	7920
1	-10425
1	-14306
0	-11315
1	2426
1	-6889
0	2614
1	-12926
1	14685
1	-9707
1	387
1	2145
0	-10611
0	-14378
0	-3278
0	-6468
1	-4388
0	3935
0	575
1	23649
1	-8052
1	-9344
0	-5980
1	-6867
0	11125
0	3726
0	4811
0	-16778
1	-14730
1	-1755
0	-13760
0	6177
0	-6407
1	-7198
1	13821
1	-5798
1	3373
1	10626
0	1440
0	-1605
1	-5020
0	10066
0	-1419
0	-2532
0	-11277
1	-4574
0	9333
0	4718
0	-10733
0	-8711
0	34086
1	7592
0	6044
1	738
0	6130
1	-8588
0	-2644
0	9189
1	-3245
1	53418
0	-4719
1	10341
0	7387
1	-12814
1	-1597
0	7985
1	-5636
0	-3603
0	-5470
0	-3180
0	7474
1	-7677
0	18647
1	1737
1	-5376
0	5954
1	-3144
1	2108
0	10582
0	-8727
0	12893
0	-14283
1	-1219
1	-3936
1	6505
0	9167
1	-2132
0	-9382
0	4997
0	7307
1	8613
1	5687
0	2389
0	8169
0	6905
0	13812
1	-14984
1	-1014
0	-5301
0	7334
0	13010
0	-1779
0	7763
0	-4108
0	24874
0	1717
0	-772
1	7451
1	-3653
1	-6825
0	-7981
1	2000
0	-14371
1	-12124
0	-3059
0	-6102
1	15414
0	6444
0	2473
0	12320
1	13587
1	8747
1	-5035
1	7173
1	-12952
1	-8150
1	5750
1	11432
0	-4178
1	-10569
0	2154
1	9954
0	-7973
0	-8266
1	15606
0	-7115
1	15719
0	-5935
1	-4478
0	8540
0	13077
0	-6890
0	-2714
0	-12750
0	-6112
0	9916
0	3236
0	-10164
0	-445
0	-1218
1	-969
1	-8259
0	-10527
1	-5671
0	20976
0	3286
1	11901
1	27553
0	11081
1	-6339
0	-7827
0	-8669
1	-9824
1	-8946
1	5477
0	15482
0	2964
1	-6297
0	-3629
0	9864
1	2681
0	2779
1	-5832
1	8339
0	-7657
1	-13993
0	-4686
0	-8538
1	10293
0	3847
1	394
1	4079
1	-3907
1	-1707
1	-6042
1	6855
0	631
0	-14362
1	2612
1	-13167
1	-4834
0	-8823
0	-9095
1	-2824
1	-706
0	-2591
1	-5571
1	16063
1	-11300
1	-8698
0	992
0	3716
1	-17348
0	-8246
0	-6787
0	-9448
1	8172
0	5592
0	2792
0	-485
1	-6333
1	-5664
1	13148
0	-890
1	1522
1	3648
1	-9531
1	6903
0	-1510
1	-6770
0	198
0	11204
0	-9052
1	58
1	-12736
1	-5456
1	9899
1	218
1	-1596
0	-141
0	1734
0	-6545
1	-3973
1	-6273
0	11914
1	-5419
1	2946
0	-6308
1	-11498
0	-16899
1	-9786
0	883
0	-1451
1	16972
1	-4718
1	36059
0	-275
0	-13687
1	-4304
1	720
0	-8757
0	7885
0	-5156
1	-10666
0	6270
0	-8583
0	5042
0	-15424
1	2631
1	-12988
1	5094
1	-9121
0	-58
1	-3185
1	-7680
1	-17185
0	7367
1	-10830
0	-7989
1	-10897
0	-5790
1	6819
0	-13634
1	2904
1	-10655
0	4927
1	-7579
0	-2095
0	7148
0	12729
0	1031
1	-808
0	-3614
1	4219
1	-3608
1	-2561
1	1562
0	7158
0	-1612
1	26768
0	-6868
1	78
0	-4082
0	-4173
1	-4445
1	-6535
1	-1885
1	-15929
0	-8362
0	10138
1	1510
0	10954
0	-1054
1	-10493
0	-28
0	-16653
0	-2208
1	763
1	18109
1	6082
1	-6153
1	-4747
1	-15457
0	4329
0	-12436
0	17441
0	-5227
0	-4229
0	2423
0	6113
0	81
1	10080
0	34409
1	-7450
1	-12131
0	-7814
1	-4701
0	-7346
1	-6056
0	-7179
0	-9428
0	-1805
0	-3306
1	3680
0	8264
1	6473
1	-4065
0	-13365
1	-11929
0	-3512
1	1526
0	1576
1	2999
1	22335
1	20565
1	1918
1	-4325
1	-789
0	4154
0	-12526
0	-17512
0	22569
0	-5133
1	3240
0	5118
0	4067
0	2771
1	15972
1	2796
0	6232
0	-2224
0	398
1	-12131
1	2908
1	-7776
1	-14089
1	-3635
1	-13144
1	11603
0	-10002
0	1810
0	-8038
1	3744
1	-6280
1	-92
1	-7273
1	922
1	22953
1	2443
1	1444
0	-6352
1	-12731
0	792
1	13285
0	-13488
0	10348
1	-4137
1	229
1	4479
0	-9983
1	13659
0	4787
0	-18792
0	-5558
0	-18164
1	-6210
0	-7991
1	27290
0	-3212
1	-10068
0	-11258
0	-12004
0	-16087
0	-3799
1	7168
0	-196
1	12559
1	-999
1	-18558
0	1194
0	-3489
0	-9638
1	-5286
1	5934
1	-9209
1	-7944
1	-6412
0	5526
0	-7383
0	-9802
0	-1735
1	-14
1	-15883
1	7948
0	-7106
1	5821
1	4235
1	15274
0	-9508
1	4395
1	-4111
0	-13504
0	24186
0	41859
0	13531
0	8160
0	79
0	12470
1	-4216
1	-14704
0	6637
0	191
1	8967
1	8581
0	-9549
0	-4557
1	-515
1	-416
0	855
1	25554
1	2895
0	-5237
0	-15177
0	5924
1	18787
1	-4218
1	1262
0	26866
1	11517
0	1625
0	-6350
0	-5330
0	-8494
0	-9016
1	5483
1	1112
1	-4629
0	-15138
0	8081
1	-8457
0	-8873
0	-6238
0	7674
0	1376
1	-7693
0	-9993
1	3147
0	5923
0	4137
0	10561
0	5464
1	11007
0	-4292
1	4089
1	-4272
1	9173
1	21415
0	5981
1	-12704
0	15424
1	-11908
0	10085
0	-3189
0	22859
1	-9926
1	-15345
1	-5435
0	-7982
0	4488
0	4052
1	-11866
1	-4866
1	6987
0	-11247
1	28518
1	3625
1	20836
0	3754
0	10714
0	14389
1	-1020
0	8367
0	-9395
0	15284
1	9047
1	1845
0	11315
1	12923
0	-7444
1	-5791
0	3252
0	-7950
0	2546
1	274
1	18432
0	5779
1	2974
1	-7207
1	6102
0	6692
0	-2362
1	-7948
0	-12573
1	12589
0	-3247
0	-14669
0	4182
1	-9034
0	10008
1	-7128
0	-7206
0	9025
0	-17487
1	-8877
1	-2868
1	1043
0	-5249
0	9351
0	-10623
0	904
1	-4907
1	3312
1	8450
1	805
0	17090
1	-7034
0	-12444
0	6893
1	8835
0	-2808
0	-6385
0	2502
0	-6241
1	-9492
0	9110
1	-11911
0	29628
1	-13365
0	-9056
0	-3868
1	21687
0	-1133
1	-17324
0	5293
1	9234
1	11533
1	-9386
1	-6632
1	2889
0	4779
0	6344
0	-5971
1	-14206
1	13168
0	20727
1	-4924
1	11354
0	-1312
0	-6341
0	7453
1	16880
1	-10096
1	11075
0	5291
1	3061
0	-776
1	-13150
0	-13018
1	-1834
1	10386
1	13445
1	-8408
1	17593
0	-44
1	21951
0	-7959
0	4902
0	14187
0	10033
0	2254
0	5576
0	-6338
0	-8721
1	14438
1	-3746
0	-10548
0	427
1	-11653
0	-824
1	-11133
1	2484
1	2
0	-7813
1	1378
1	5540
1	-8264
0	8740
1	-13923
0	-8048
0	-12150
1	1627
0	-8464
0	-4910
0	8332
0	-1822
1	-5697
1	-5570
1	-4607
1	4056
1	25781
1	1599
1	3417
0	-953
1	-3161
1	-11266
1	829
1	-543
1	656
0	-7008
0	11023
1	-6338
1	5103
0	-6173
0	-5931
0	373
0	-17231
1	2708
1	-3646
0	13044
0	-10946
0	-1169
0	13516
1	6933
0	-3505
0	6132
0	7094
1	-2425
0	24259
0	-8728
1	-642
1	-11224
0	-13081
1	1719
1	-1822
1	12977
1	-7017
0	24558
1	7477
1	12748
0	10534
0	3209
1	4129
1	7140
0	-8670
1	12780
1	16109
1	-2900
1	6174
1	6189
0	4125
0	-1608
1	11795
1	-4840
0	-2652
1	9472
0	4660
0	-4057
1	501
1	7603
1	-8938
1	730
1	7737
0	1001
0	-9763
1	-8258
1	-9927
1	22710
1	-12842
0	-6975
1	987
0	-8935
1	-3646
1	-8622
1	-9346
0	14630
0	4846
1	-6177
0	-2384
0	4971
1	-4241
0	-2363
1	-12150
1	-5894
1	-5756
1	15376
0	-4878
1	3847
1	1254
0	3482
0	1154
1	-13607
1	-14647
1	123394
0	-2387
1	-10027
0	-7021
0	-7840
0	-5458
1	9626
0	10230
0	11541
1	3178
0	-4720
0	-2350
1	-8816
1	993
1	10192
1	242
0	15128
0	-1228
0	-11105
0	-5832
0	-525
0	-5781
1	-214
1	12401
1	-3757
0	-8589
1	40551
1	-6466
0	2946
1	-14277
1	-2447
1	-1219
0	-4523
0	-14779
0	-11616
1	-3562
0	16985
1	-7331
1	3623
1	20720
1	8000
1	9642
0	8397
1	2733
0	309
1	4472
1	7938
0	-7163
0	19111
0	-9251
0	433
1	2283
1	-11072
1	-4302
0	-8389
0	-722
1	-5315
0	-271
0	898
1	-6894
1	-4149
0	21258
0	-6084
1	-5483
1	-4561
1	-11774
1	-4943
1	4451
1	-12724
0	-4015
1	-640
0	-12172
0	17458
0	-17946
1	3257
1	-13144
0	-6840
0	1756
0	-13381
1	4721
1	-10263
0	1539
1	17227
1	-6713
0	6060
0	-1213
0	-9498
1	1585
1	-5393
1	-7306
1	11371
1	5228
1	-5540
1	-2608
0	-12080
1	15817
0	166
1	4168
0	3552
0	12158
1	10638
1	-1737
0	22403
0	-3190
0	-2317
1	7142
0	-9869
1	-16451
0	-7283
0	-8829
0	5688
1	-2544
0	3352
1	10405
0	-3917
1	-7914
1	-7288
1	4994
0	9828
0	-15961
1	-6147
0	11607
0	-10861
1	10030
0	-13355
1	729
1	16315
0	-12700
0	-5164
1	-7587
1	-8047
1	40562
0	5525
1	17508
1	-10046
0	12980
1	-9992
1	-5904
0	2220
0	-5203
1	696
0	3980
1	9789
1	10020
1	1932
0	14582
0	-7344
0	-1443
0	-18533
0	9909
1	-1398
0	-6297
0	-4480
0	3568
0	19040
1	9390
0	-14746
0	8585
1	11975
1	-16866
0	8785
0	-3175
1	-6326
1	1809
0	-11119
1	1359
0	11962
0	-16490
0	6310
0	-4112
0	-17012
0	-19259
0	18684
0	-1290
0	1083
1	-11308
0	-4527
1	28542
1	-6813
0	-8241
1	1657
1	-4735
1	9311
1	-514
1	-11285
1	-1181
1	974
0	161
0	-4413
0	1640
0	5923
0	648
0	3158
1	2148
1	-5230
1	-910
0	18894
1	1320
0	-8959
0	-11436
0	8747
0	-5632
0	29440
0	6268
1	8051
1	-8322
1	-6491
1	-8790
0	2015
1	-2193
1	8414
1	13345
0	2324
0	-820
1	3799
0	-2127
1	-3181
1	5908
1	-9834
0	-5797
1	3238
1	1313
1	-5677
0	-11536
0	291
1	15452
0	-10147
1	5868
1	-6204
0	-12022
0	6170
0	-4776
0	-12998
1	19943
0	-2849
0	1128
1	2729
0	-764
1	29232
0	-11705
0	-450
1	-11555
1	13695
1	-10130
1	-6771
0	-7300
1	5869
0	-6133
0	-4775
1	-2906
1	-4520
1	-3015
1	-5832
1	5103
0	-2512
1	-37
0	4451
0	27943
1	-3384
1	8176
0	4430
1	-12430
1	1887
0	7894
0	3319
0	-12475
0	-8269
0	462
1	-1451
0	1696
1	-8116
0	6318
1	-4835
0	95
1	-6811
0	-8234
0	-12681
0	-4093
0	694
0	-4437
0	-6498
0	-1005
0	-3611
0	-9668
1	8437
1	-3649
0	5393
1	-1451
1	2758
0	-14604
0	-2522
0	2494
0	-387
1	13771
0	8044
0	4888
1	-11507
0	9124
0	-5041
1	-15036
1	-321
1	-15010
0	-3569
1	9142
0	7468
1	-12268
0	8216
0	-15726
0	3308
0	-6830
1	-9734
1	2543
0	4510
0	6695
1	-3320
0	2489
1	-8416
0	3920
1	19506
1	13079
0	8953
1	23390
0	1086
0	-7033
0	-11733
1	18225
0	-2896
0	-4909
1	-6769
0	11550
0	1646
0	-10485
0	15853
1	-3378
0	-827
1	4110
0	5497
0	-10008
1	-1866
0	10792
1	-10249
0	-1567
0	39559
1	7726
0	191
1	7851
0	4397
0	11468
0	3498
1	-1892
0	-13734
1	12676
1	3290
0	-8721
1	-3242
1	-17610
1	2773
1	-4485
0	4430
1	-5901
1	-14145
0	174
1	-505
0	-8222
0	4805
1	-8981
1	-6356
0	5846
1	-5972
1	12160
0	-1740
0	-12428
0	-6415
1	3362
1	-8693
1	-14192
0	9420
1	21857
1	36646
1	-7706
0	19735
1	-1325
1	807
0	-11853
1	-9
1	-217
1	-10736
0	7135
1	-9197
1	-4199
0	-7316
0	3658
1	-4299
1	4239
0	-12941
1	-3119
1	-11662
1	-6798
1	30878
0	-1052
1	2485
1	-3929
1	-6921
0	2623
1	11795
0	-2759
1	-490
1	-11017
1	-10246
1	7333
0	-6727
1	75
0	829
0	-1740
1	-2482
0	-1242
1	11705
0	-8678
1	-2533
0	-1450
1	2402
0	-14214
0	-8378
0	-8889
0	5532
1	3217
1	5477
1	-9726
0	-12578
1	310
1	-1216
0	-14963
1	-8909
1	-4752
0	-1262
0	-1931
1	-2268
0	6574
0	-2113
1	2455
1	12482
1	-16307
0	-5534
0	-1445
0	-2870
1	-3236
0	-8377
1	2491
1	-12174
0	28406
0	-3811
0	-2388
1	20555
1	-2725
0	5992
0	1579
1	-11014
1	-12485
0	-11508
1	-1247
1	-16255
0	-14822
1	-806
0	751
1	-7461
0	-1608
1	-5170
0	7030
1	3321
1	15196
0	6368
0	4392
1	6729
0	-19237
0	-1956
1	-2457
1	-11284
1	133
0	-14477
0	1325
1	469
1	2386
0	-3249
1	569
1	685
0	304
0	-4473
1	338
0	11600
1	3729
1	-7320
1	-8080
0	1327
1	-10007
0	-7566
0	7597
0	-1235
0	3526
0	12924
1	21445
0	10265
0	27589
0	-3991
0	4186
0	-3818
0	-4237
0	10867
1	-2262
1	941
1	5486
0	9405
