-1566	-6755
7097	49
1177	-3353
-7243	-3353
-3539	6852
4924	6852
2209	-3353
2215	49
177	-13558
-14868	-3353
-12750	10253
3683	-3353
6766	6852
6649	6852
509	49
6273	-3353
6340	3450
6846	6852
-184	6852
-4997	-20361
5949	10253
6044	49
2131	3450
-5843	-3353
4066	3450
-16369	3450
3489	6852
2689	3450
6699	3450
2414	6852
6945	49
-9770	3450
4342	49
-520	3450
8944	49
-344	3450
5064	3450
350	49
2686	3450
5737	3450
-19945	-3353
2359	-3353
-139	-23762
3180	-3353
6801	-6755
7026	-6755
-3444	3450
6430	3450
6621	-3353
-2948	49
-2928	6852
3086	3450
6855	6852
2350	49
4385	3450
4562	-6755
432	3450
-5966	6852
6637	6852
6473	-3353
3989	6852
-4031	6852
6091	3450
-6100	-13558
-991	-3353
-3989	-6755
4277	3450
-24223	-3353
7022	-3353
6943	49
6609	6852
-8320	-3353
-730	6852
5161	49
-3253	3450
5456	-6755
7095	49
1823	10253
6997	-3353
-4036	6852
7020	13655
5567	3450
-3484	-6755
1698	3450
5901	49
-3873	6852
-2795	3450
3960	-3353
6705	-3353
5983	6852
5509	6852
2699	-3353
3008	6852
6946	49
2830	-13558
7018	-3353
7033	49
-1995	3450
6933	-3353
-20823	10253
-22368	3450
-15477	3450
-6684	49
-6084	-13558
4586	-13558
6033	3450
-25213	-3353
7304	-16959
3856	3450
6907	-3353
-7860	3450
2732	10253
1436	-6755
2822	-3353
5615	3450
4039	-6755
-17105	3450
6954	10253
3541	6852
6943	49
-5558	10253
-255	49
-5232	49
6780	-3353
5766	10253
-18607	-3353
-12865	-16959
5806	3450
1896	3450
-8754	-20361
-3120	6852
7020	-30565
-614	6852
-4569	49
897	49
3939	49
6454	-27164
-5671	49
1734	-3353
-10971	3450
6977	3450
7026	3450
4897	-13558
6463	6852
-16498	3450
5437	17056
1150	49
4572	3450
-10295	-3353
62	3450
1586	3450
-21923	49
3170	49
-900	6852
6751	49
-17308	49
5804	6852
6153	3450
6009	49
5597	6852
7466	49
-1350	3450
-7054	-10156
4043	49
6172	-33967
2480	-3353
-41954	3450
3155	13655
3338	49
5154	49
3931	-3353
4435	49
6251	-3353
6718	-3353
6611	6852
6638	10253
7432	-10156
-4260	6852
-5018	3450
7011	-3353
2383	6852
5972	3450
5747	49
-1318	49
-41444	49
6925	6852
-3556	3450
6160	-3353
1219	-3353
-477	-6755
3316	3450
-12275	6852
827	49
-23915	6852
-10623	10253
6352	49
7044	49
4696	-3353
2959	3450
-1212	49
6577	-6755
-7207	3450
6932	49
6610	49
-12106	-3353
7018	6852
6152	3450
4435	-3353
1369	3450
-6879	-3353
-888	-6755
5795	-3353
5969	17056
757	49
7019	6852
1913	-10156
3972	49
-3854	6852
6612	-88392
-3477	6852
-32949	49
4687	-16959
-21025	3450
6776	-10156
-26255	6852
2073	-6755
3627	6852
5927	-3353
6976	49
5465	6852
-3919	-64581
4796	49
804	3450
-2029	-3353
3751	-20361
6794	6852
6478	3450
3026	3450
-55901	49
-1705	49
-17047	49
7028	-16959
-1590	3450
6977	6852
7019	-6755
1245	6852
6432	49
470	6852
2282	49
5092	49
4889	6852
7019	-3353
6913	10253
-1040	49
1588	-13558
-27729	-10156
6573	6852
571	3450
6778	3450
4717	49
4269	-3353
7029	49
6231	-3353
6809	49
4590	6852
-32786	49
5229	6852
2463	3450
-3668	-6755
-27692	6852
6896	49
6643	49
1848	3450
219	49
4173	6852
4672	-20361
6988	6852
-2143	3450
-11472	13655
-22445	-23762
4698	-6755
-9789	49
6469	-6755
3974	-16959
4143	3450
6602	-10156
-1334	6852
-3567	3450
6231	49
7025	6852
5687	49
6774	-10156
7022	3450
3242	-6755
-5389	6852
4738	-3353
-3876	6852
-18904	-3353
813	6852
-12770	6852
-2091	49
5729	3450
2304	3450
6525	3450
5796	6852
3298	3450
-14037	-3353
3677	3450
6197	3450
7019	10253
-11083	6852
6493	-3353
-6240	49
-23183	-23762
2019	6852
-10549	-3353
1717	3450
-5788	49
-5767	-3353
4022	3450
3869	49
6162	6852
5146	3450
3219	3450
3815	6852
1433	10253
7522	3450
-8147	-10156
6771	49
-10250	3450
-1930	-13558
-309	49
-41577	6852
8372	10253
6982	6852
5471	-3353
-5812	3450
-25660	3450
1530	3450
-6946	3450
6113	49
1444	6852
-1559	49
-32267	6852
6658	3450
6891	-6755
1366	3450
6199	-3353
-478	3450
4611	3450
1404	6852
5400	10253
-11340	-10156
-755	6852
6558	3450
709	49
888	-16959
856	10253
5446	13655
6942	3450
6968	-13558
-4030	49
-505	3450
6606	49
7014	6852
-2503	49
6853	3450
7157	49
6292	10253
6799	10253
-943	3450
-74	6852
-2332	-3353
-10717	-3353
-6903	3450
4170	3450
6963	6852
4764	17056
-14844	-13558
3230	-3353
6282	-3353
-5556	-13558
-16116	49
3332	-3353
1761	-10156
6940	3450
-2764	49
1989	-13558
7220	-10156
3000	3450
1145	49
3081	-6755
2358	3450
6598	49
5660	10253
6155	-3353
-14920	-10156
-8979	49
4323	6852
40	6852
-2881	49
5062	13655
6864	3450
4030	-3353
3196	6852
5687	-3353
-14695	49
-2080	-6755
-15551	3450
4323	3450
3850	3450
3447	49
3780	13655
1423	6852
-2722	3450
-179	3450
-20123	49
-283	-3353
-4492	-6755
1509	49
-2669	-27164
6740	6852
4431	49
5546	-3353
6791	3450
3072	3450
-4330	49
-25682	3450
5430	3450
-10210	3450
860	-67982
5317	3450
-7229	6852
4768	6852
6930	49
372	-3353
-3189	3450
2870	49
-2114	6852
6077	-6755
6997	49
5827	3450
3675	49
6955	6852
791	49
558	3450
4087	6852
-40	10253
6851	49
5083	49
2496	3450
5124	-3353
1367	-3353
-17578	-16959
-15460	3450
-8486	-6755
-1908	49
-4567	6852
2316	6852
2195	49
-9700	-27164
-9114	-30565
5839	-3353
4408	6852
2300	-3353
2846	-3353
7017	3450
6517	49
-340	49
-510	49
4574	6852
2848	49
6510	49
3270	49
-10157	-10156
-12135	3450
5457	6852
1482	3450
611	49
7088	3450
2693	6852
-10033	6852
-885	49
-10662	49
3817	-16959
7006	3450
5652	-6755
359	-3353
7016	49
6063	3450
7007	-3353
-5472	-3353
-9257	-3353
7050	3450
6945	3450
-14256	3450
4701	-16959
1918	49
3024	10253
6798	3450
2282	49
5566	49
6399	-6755
7001	6852
6907	-13558
3415	10253
5603	-3353
-3869	6852
4776	-3353
5255	49
1200	-6755
-13330	-3353
1541	-6755
3585	6852
5749	49
7021	49
5138	-10156
-5560	-3353
6542	49
6796	49
7021	3450
-10190	-47573
4126	6852
658	3450
6826	-10156
3383	49
-102976	-6755
6526	-3353
6226	6852
-2552	6852
5016	49
6607	6852
1147	3450
3999	6852
-7325	-10156
6227	-3353
4163	49
4495	49
7019	-3353
4784	-3353
6690	-10156
6601	49
5232	49
2203	49
5575	10253
-23088	3450
2517	3450
3050	6852
-1172	3450
6605	-3353
-706	13655
3480	-3353
-4521	-6755
-29472	3450
5976	-6755
-8624	49
6994	49
-13764	49
3661	-13558
6996	3450
4501	3450
6873	49
1327	49
-4021	49
-7776	6852
-656	6852
-12594	-3353
-7228	10253
2520	10253
2248	6852
6593	10253
2739	-3353
-7103	3450
-3640	3450
2906	3450
6982	49
5814	3450
6941	-10156
4593	10253
6827	3450
-12742	-6755
-10624	-3353
2044	6852
1144	6852
-21633	-3353
5849	10253
2681	49
-918	49
6776	-3353
2362	6852
-17522	49
-20344	-10156
-5460	10253
-6321	10253
3385	3450
-11589	3450
-16376	49
-6549	6852
475	10253
756	-6755
-229	6852
6236	3450
7084	49
5953	3450
6809	6852
6279	10253
-104104	3450
5648	49
4102	3450
4534	3450
-4678	6852
6955	10253
6382	49
2821	3450
1708	3450
-8455	3450
6436	6852
7008	3450
-8679	-3353
-288	6852
6165	-16959
526	-3353
-6210	-101998
2785	10253
1003	3450
-7236	3450
6045	-3353
6882	49
-527	49
488	-3353
-6255	13655
-3834	-6755
5886	3450
5821	49
2985	-6755
-3430	-3353
5379	3450
6740	49
1096	-13558
-789	3450
6833	-10156
5597	3450
1619	3450
6899	-6755
5156	6852
7020	6852
-6890	-3353
-511	-3353
-6748	49
5187	3450
-6442	49
6986	6852
-9350	6852
-2668	6852
-24099	10253
5868	3450
-1213	-3353
6762	-6755
4812	-3353
4102	3450
-5125	-13558
-2220	-16959
-3198	-6755
6926	49
6818	-6755
2711	-10156
6528	-3353
6664	49
4072	3450
6935	49
3299	-23762
-4306	3450
7046	49
3736	-13558
5356	49
2362	6852
5408	3450
2812	-3353
3793	6852
-9215	3450
3065	-6755
6034	6852
-11390	-3353
6451	3450
3453	-6755
7021	6852
-7800	-3353
7019	-3353
3939	49
6830	6852
-4519	6852
204	13655
-4069	6852
409	3450
-4474	6852
-5776	3450
1202	-10156
2904	6852
-4307	3450
6458	10253
6203	10253
418	6852
-5047	3450
5393	6852
-1610	-3353
-2384	-95195
-7304	13655
5890	6852
-162	49
-3757	-3353
6648	-6755
5621	-20361
2069	6852
782	10253
6022	3450
6229	6852
6891	49
-26399	49
6372	3450
-597	-27164
6658	17056
5698	10253
-7	-3353
6850	3450
5798	3450
4319	49
-4264	3450
7296	49
4305	3450
5554	3450
-979	10253
-17589	-3353
6941	3450
432	-3353
1795	49
-10184	10253
-3464	49
1070	3450
5572	6852
7018	49
-2064	-6755
-2326	3450
5888	6852
4216	3450
6945	6852
6945	-16959
6179	-3353
-1196	-3353
1005	3450
5526	49
6575	49
1184	3450
5869	49
1159	49
4632	49
4503	49
-37102	3450
-3944	-10156
6811	49
6901	-3353
6760	-3353
-52482	6852
209	13655
7029	-3353
-11459	3450
7010	-3353
-2597	3450
-11886	13655
1519	6852
82	3450
6907	49
