-7828	4
-2013	5
-8464	4
19711	4
9823	8
14848	2
18277	4
11629	4
15086	5
-9516	8
-5577	8
-9629	4
-2535	5
-7957	5
-4774	4
-12846	4
6798	4
-5338	8
-1190	4
4306	8
1458	5
2195	2
-8329	4
-7268	4
12133	8
-7646	5
-4409	4
-8631	6
6841	5
-2559	5
-3855	8
-2033	5
-9081	6
-10028	4
-5121	8
-5734	2
-4183	4
-12824	8
-8467	6
-6769	8
-2188	5
-8605	8
-4548	4
25227	4
9815	2
3050	5
-4906	4
-8057	4
-7052	4
-6835	4
-5140	6
31380	5
33895	2
-1543	4
-2939	4
-1013	4
-6987	4
645	5
-7792	8
-8159	5
-4371	8
-4055	4
-504	5
15258	4
-3255	2
-9507	5
-6560	6
-7331	5
-7065	6
-7862	8
-568	4
-6242	5
-9408	8
-12778	8
5153	4
-1970	4
-5342	5
-5394	5
5334	2
3896	5
-8756	8
11673	5
-6737	4
-7756	9
-6921	4
3077	5
-3597	5
-1216	6
-8126	5
-10828	9
-5261	2
-5189	4
-1238	6
-1537	4
13091	4
-1247	2
3334	5
-5865	4
-7970	4
-9722	8
-2614	4
1955	4
-10983	4
-10533	8
18654	5
2515	4
11300	8
-5995	8
-1485	4
-6667	5
-7622	8
-4523	5
-5751	5
7499	5
-303	5
5643	8
23759	8
-5446	6
24061	8
7106	9
-7541	4
-4053	5
-2817	1
8998	5
-4777	4
-8083	8
-7889	2
33202	4
-8302	8
-2516	2
4907	4
-5743	5
-6487	8
-447	4
-4235	4
-3362	4
-4690	2
906	4
-2145	4
-8549	4
-5662	4
-8714	4
-8032	8
-5971	5
-6497	6
-3553	4
-2403	4
7397	5
4221	8
-864	5
-3799	8
-10191	8
3403	5
-4243	8
3993	6
5547	4
-6291	5
8982	5
-3383	5
-1506	8
-6743	4
11263	6
-2224	4
8517	8
8795	4
-6430	6
-7814	8
4675	5
-6578	4
32471	6
13934	5
-7386	6
-852	4
-5837	4
-7585	6
4580	4
473	5
-706	6
-5810	5
20900	8
-5377	8
-5000	6
9450	8
11132	4
-1350	4
-6229	5
6001	5
-6155	4
8432	4
-1938	5
-7411	4
-6197	1
7429	4
-9336	2
-1659	5
-2908	4
-9376	4
19566	4
-7966	4
-6633	8
-7213	8
10754	5
-7714	5
359	8
2901	4
-1196	6
-5289	8
-5122	8
-10697	8
-7495	4
-9416	5
-1109	5
-3673	4
27814	8
5265	4
-330	9
-5762	4
2228	2
4571	4
2278	4
21108	6
-10361	8
-8409	5
8118	2
-9077	4
-3935	4
4292	5
15770	4
10122	4
-4429	4
-5630	4
414	5
-2656	4
5021	2
1223	5
-5992	8
-7723	5
-3278	8
8543	4
-921	8
13225	8
-1578	5
-4255	8
-4547	2
9289	8
2036	4
-5799	4
363	5
-12584	5
-7677	8
-8389	8
-8647	8
-4637	4
-2611	8
-6362	4
-1489	8
-8580	8
-2179	8
20160	5
-6761	8
-1098	2
-9764	8
3237	4
2558	8
-6979	4
-6268	4
-2856	5
35420	2
-4337	8
-2325	5
-6052	6
1271	8
6340	5
-7506	8
-5336	4
-1886	4
-7698	4
-1620	4
803	6
83247	5
-8778	5
-5286	5
-902	5
-1343	8
-13978	6
-3677	5
-5039	4
-4540	4
-9410	8
-8451	5
10333	5
-2120	2
-2088	2
-2114	4
19789	4
-2756	5
-7494	4
-6592	6
-1507	6
-3179	4
4501	6
-7902	5
9667	4
8448	8
-7462	8
-3071	5
-6632	4
-5214	4
-6437	9
-4496	4
-6076	5
-813	5
-1689	4
4292	8
-3177	2
10358	4
-6658	8
2664	5
-1340	5
-3243	5
-8671	4
3036	5
28596	4
-6086	4
-6603	6
7789	4
-1570	1
-5638	4
8646	2
-8825	4
-9843	2
772	5
22243	4
54	4
-8490	5
-8657	4
6430	2
26166	4
-4034	5
-3162	5
-6924	4
-8969	5
-6232	9
-2558	4
-1880	8
6255	4
-4080	6
6662	4
-6675	5
-1698	6
-4419	4
-7567	5
11079	5
15640	4
50580	4
-8829	2
23237	5
-8668	5
-5797	8
3314	5
11002	5
-2470	4
-5634	4
-2865	5
22387	5
-7218	4
12294	5
-3174	8
-915	4
-3234	4
6862	4
12700	5
-5668	5
-4933	5
-4606	6
11154	2
120	5
48	2
-8238	5
-11235	4
-3680	5
19660	8
-4086	4
-14921	8
-3090	8
-7414	4
-2009	6
-6043	5
-4588	4
23919	4
265	4
7721	5
29546	4
-9461	4
3821	5
1075	8
1382	5
-6229	2
-5819	2
23177	8
2445	2
-4967	4
2927	5
-4753	4
18340	5
-3485	4
-8474	2
-40	8
5286	8
-4636	6
-6822	4
-1546	2
-4423	8
-7460	8
4380	6
-3614	1
-14558	6
-4199	4
-8370	4
-1090	4
-5832	8
1636	8
919	2
5777	2
-6999	4
3526	5
10106	5
4975	5
-6736	4
-2323	4
5797	4
-3294	4
-3840	8
-9448	4
2837	4
59797	8
2794	5
-8095	5
900	9
-7705	4
-4993	8
3287	8
-8612	6
-7316	5
-3714	8
-3331	5
283	4
-8116	2
11104	8
-5660	5
-10029	8
-7870	6
-8683	8
3818	5
-9035	8
2135	4
12802	4
-5507	5
-4425	4
-4382	6
5681	4
-8121	4
-4041	4
41431	5
-6737	4
-3512	8
7303	6
-3485	2
-6203	5
-5633	5
-6105	4
-1258	4
8114	5
8966	2
5458	4
-5351	8
-6258	8
-7781	2
-9282	8
-5258	5
-8003	8
-7906	4
-251	8
-8987	8
-6760	5
32876	2
-7016	5
-5020	5
-4008	5
-5462	4
-6013	5
-3187	4
10341	5
-12354	4
6156	5
-5130	4
-10002	5
8527	8
-8653	4
8763	8
-1067	4
-4563	4
-6723	6
-9539	5
8921	5
2457	4
4882	5
8875	4
-8086	5
7793	2
-7748	5
1672	8
31692	5
-6988	4
531	4
-5253	4
-7139	2
-5792	5
-9285	2
-7112	4
-8634	5
-2040	6
-1691	4
-2650	8
7839	4
14055	4
42004	8
-5031	4
-2602	4
4660	6
-11449	4
3699	6
-1598	4
-9957	6
17239	4
-8012	4
-1401	4
19064	4
-5437	5
1361	2
2470	8
-8469	5
-9107	6
-9969	4
-7592	5
3744	4
-7051	4
-8873	5
-5434	5
4690	2
-6044	5
-10146	8
-5966	8
-8030	2
7004	8
653	4
28736	4
-4738	2
-2383	6
-10550	5
3760	5
12402	8
51990	4
-8828	4
-8938	5
3674	5
-9278	4
-5779	5
-5766	5
-7922	5
-8060	8
-10522	4
-7164	5
-4695	1
4817	6
-2320	4
-5205	2
-3906	4
6931	8
-9095	8
-7726	4
-5576	8
-7778	4
-1000	5
866	8
-1672	4
-7836	4
-1723	5
-2602	8
-3077	5
10564	5
-3112	4
-6162	8
-10696	4
8893	4
14544	5
-9924	5
-9910	4
-1951	4
-7472	5
-2607	2
20945	5
15042	8
171	4
-6480	5
5760	6
-7005	9
8182	8
-9335	5
-4464	4
-9072	4
-1039	4
-215	6
39314	8
4039	4
-9558	5
-7275	8
-5246	4
26448	8
521	2
18106	4
26309	8
-5210	4
-2313	8
7734	5
8677	5
5176	8
-10585	5
7329	4
-8996	8
-914	8
-7840	8
-4127	4
-5217	4
-5462	5
7524	8
21185	6
1950	4
12326	4
-3970	8
-6455	8
-6915	2
-4881	6
26370	4
3819	4
-9504	4
-4810	4
-1605	4
6582	5
23880	4
-7573	6
22278	8
-3756	5
12367	4
-7392	8
-8952	4
-4723	5
-1810	4
-5343	6
1067	8
-2830	8
8028	5
19105	5
-3460	4
25327	5
-3408	8
-5624	4
-5756	4
-5756	4
4353	5
-6790	4
-6440	8
-4900	4
-7164	5
15783	6
17246	4
2711	5
-10244	6
-4267	4
-5332	5
-9244	4
-7974	4
-4503	4
-590	4
-6378	5
43883	4
-1050	5
-4089	4
14432	8
-6811	8
14861	5
-6722	5
-7680	8
2086	4
-8131	4
-8296	5
-3198	4
-8802	4
3179	4
-9987	5
-1004	4
-7919	8
-498	4
-4689	8
11672	6
7376	5
7644	8
-5031	4
-2000	2
-2705	5
6352	4
33141	4
-4252	8
12398	4
18058	8
-5357	5
2987	1
-671	8
-3437	2
-6566	8
-1337	4
-2572	8
-1069	4
-7234	4
1574	8
2449	8
-3845	4
-8789	8
-5332	5
677	6
-3291	8
-11585	4
-2544	4
3331	8
23291	5
-7093	8
-9833	5
-6578	4
268	5
11074	5
-6698	8
-2736	8
12403	5
-5145	5
-2095	8
-4974	2
-9348	6
-9071	4
11547	6
-11563	5
-940	8
-3856	4
-4053	4
-1666	5
-4422	8
-2060	5
-9006	5
-8651	4
-668	4
-8690	4
14167	6
-5692	4
-672	2
19005	5
-8910	8
-2578	8
-8060	4
-1118	5
6814	2
4357	4
3614	8
13241	5
-8073	4
-6676	5
835	4
-5970	5
-4872	4
-12352	5
-79	8
-211	5
-9232	4
-7599	4
-2672	4
-45	9
14938	5
3029	4
-1200	8
40266	6
261	4
607	8
-1373	4
6914	4
-6962	4
3212	4
6285	8
3536	4
-7054	4
12051	5
18702	5
-2112	4
96	6
5943	8
-4855	4
-5930	5
12160	5
-1086	5
21828	5
-612	5
6535	4
-747	5
-7388	4
-2125	5
-6440	8
-3855	4
428	5
19885	4
35378	4
-493	8
-8046	2
773	4
3070	8
-6996	8
-8038	4
-3981	4
-9166	8
-997	5
18137	5
-7693	6
-11426	6
-8948	8
-1517	4
-6910	4
-10651	4
-765	5
-4471	5
-6959	8
-5680	6
-9756	1
-4032	6
446	4
-4200	8
1415	8
15805	2
-3994	8
-6209	5
10971	2
-4802	4
28026	8
-6259	8
-7742	4
-6455	4
-7151	5
-1598	4
12372	4
13662	4
-7600	8
-3241	5
-11861	8
-3870	5
-4883	8
-7257	4
-2209	8
-4181	4
-1619	4
2467	4
24591	5
-5477	4
-4446	4
7811	8
2859	4
-4091	5
-3030	4
2779	4
-6305	5
19649	4
-6218	4
-9393	8
-6610	8
-2073	2
9193	5
4675	5
-4282	5
-7236	2
-3659	4
16582	5
-1140	8
-5233	2
-6684	4
-3506	9
-3722	8
-7220	8
13802	5
-2116	4
-4794	5
-7509	6
-6758	8
-7422	4
-4726	2
1780	4
1629	4
-685	4
-7400	8
-7367	5
3263	5
-3524	2
-11955	4
26767	8
-2210	5
-5819	5
-5238	4
-6248	8
6348	4
5080	4
-4084	8
-1745	4
-1961	6
6962	8
7339	8
-3420	4
-7860	5
8505	5
-8815	8
-4070	4
-1736	8
-5182	5
-8491	1
65	5
-9001	5
-5245	5
-1339	8
8774	2
-4887	4
126	8
-974	4
12611	2
-9655	4
-6669	8
-3711	2
4111	8
-9881	5
-11144	4
-3276	5
-7324	8
-12650	5
-8521	5
-1485	4
4891	2
2251	6
-5088	8
-11639	6
-7847	5
-8647	8
6125	4
-9499	5
-3069	4
1802	4
2931	5
-7320	8
-645	4
-11289	8
21924	2
226	8
-6158	2
-10854	1
-10440	4
-12367	8
-6265	9
-3283	6
-3977	8
718	8
33393	4
-8433	2
-7702	4
213	2
-11030	4
17425	4
-5230	5
23884	5
16991	4
-7563	4
130	5
-9334	4
-5237	4
-3758	8
18084	4
-4539	5
12677	5
-304	5
-6019	4
-6700	5
12774	8
-4157	8
5698	5
-866	8
3277	4
30591	4
-3660	8
6321	4
-7000	4
32094	2
-10049	8
-528	2
143	6
-2307	1
-2387	8
6085	8
11867	4
-9938	4
4555	4
-6679	4
-10612	5
22523	6
1188	2
373	4
-1167	1
1814	9
637	5
1413	4
-6948	5
-10767	8
-9770	8
4605	8
-6276	5
-111	5
-7336	5
15063	8
1070	4
-4211	6
-3760	4
5053	8
-2889	4
-3887	1
-7858	4
-12668	4
-7127	5
896	4
2477	9
-2180	8
5697	8
25715	8
-1831	4
-7355	5
2312	4
12812	4
5207	4
13137	4
-189	4
8903	5
-3917	8
-4109	5
8188	6
-7097	4
31883	6
-342	4
22975	4
-7010	5
-6323	4
-7038	6
-1442	8
-4996	4
-4504	8
-6136	4
-4228	4
-6314	5
-8347	8
-192	8
1586	4
-8649	4
4810	8
2535	8
11001	6
-7902	4
6573	8
-4460	6
-1673	5
-5951	2
29680	4
-3486	4
-7757	4
22911	4
-4852	6
-1763	6
-1067	4
-5823	6
2063	4
-6220	4
-8205	6
-215	2
-6109	8
12385	8
-3160	4
-2603	5
-7558	8
8734	6
-2796	5
-6608	5
8969	5
-6348	4
5195	4
-1418	4
-6583	4
-10981	5
1596	4
-6442	8
-446	2
-1375	5
-3423	4
-975	8
-7762	5
-10795	2
10309	4
-6329	4
3483	5
1593	8
20146	5
-6053	4
11667	6
-9307	4
-2777	8
6747	2
-13569	8
-10112	5
-5437	8
-3178	4
-2975	8
9360	8
-7097	8
-6241	5
3916	8
-8483	4
-6944	8
-6182	4
-1176	4
-8493	4
-11395	5
-6287	4
-4086	8
11446	4
496	5
663	6
18897	4
13544	6
-5722	2
-7028	4
-1116	1
-4062	8
-12199	4
2322	8
-8348	4
214	5
7760	8
-1386	4
-1149	5
-4753	5
-5904	4
8623	8
-7437	4
-4793	8
6093	8
-1766	4
-4682	5
-6475	6
7241	4
8329	4
-4373	4
4601	6
-1322	6
-779	5
14057	4
16457	4
-5332	4
-910	9
-6334	5
-1041	4
-3253	5
776	5
1871	8
-3140	4
-8035	8
4094	5
6187	6
11306	8
453	8
3945	4
1732	5
-2883	1
-6872	5
7818	8
-6869	4
-1882	5
-1713	1
3120	4
-8285	4
-10196	4
-5770	5
-829	5
-4881	2
2239	4
-2322	4
-2627	5
7700	2
1343	4
83	4
-3497	5
-8729	5
-7431	6
-12687	6
-8528	8
24595	4
-3500	8
-5418	6
7685	8
-4148	5
-9285	5
360	4
-4017	5
4665	4
3628	4
-2640	5
22779	4
-4673	8
-4531	9
8388	4
4422	5
-12607	4
6104	8
6121	4
-9811	8
9151	4
-3922	4
-6488	5
-6170	4
17228	8
12278	6
-2236	5
5857	5
-3435	2
-2954	8
-5811	8
-11090	4
-5710	8
421	4
-7569	8
-8760	8
-3606	5
219	5
-8864	5
-2970	4
28121	4
-1384	6
-6976	4
13848	8
6954	2
-613	5
-1874	4
-7522	5
-3818	4
43771	5
-7928	6
-10660	8
4658	4
17933	4
-5623	6
-4323	5
-738	8
-2025	8
-2922	4
-8415	8
-7999	5
-8172	4
-1324	6
22211	8
-7656	5
-6319	4
-5921	6
-3569	2
-3115	5
-6555	5
-8657	4
-11	8
-4123	4
-4124	8
9760	8
-6134	6
-11490	8
-7393	8
-974	8
177	8
3825	8
-7541	8
16685	4
1534	4
-4282	6
-4634	8
-440	8
5794	5
-8806	6
-83	8
-6273	8
-429	8
-4016	8
-9004	2
-10824	4
-5344	8
-3385	8
10410	2
-4890	4
-5020	4
5668	5
-4154	5
-2555	8
457	2
-4172	4
-8710	5
-6694	4
-8532	4
502	4
-315	6
1010	4
4197	5
300	8
4100	4
-2153	8
-8574	4
-9563	6
-6447	8
6862	8
-1434	8
-5279	5
1498	4
1052	5
-266	4
2752	4
-5637	2
4048	8
-3413	4
2202	4
-5455	8
145	2
378	2
5975	8
-4174	8
-6190	8
-4627	2
-955	5
-1752	5
-9519	4
-2235	4
-1589	5
-10450	4
-8929	5
1677	4
-6773	8
28856	6
3400	5
25370	8
-7799	5
-12241	2
-11939	4
-7108	8
-5443	4
-8772	5
-9610	8
42481	5
-4867	8
-10450	4
67282	4
1593	4
1124	6
3198	5
4004	5
25148	4
674	8
-8853	4
1542	8
7103	4
7504	5
-7921	5
37417	4
1771	6
18738	4
-10267	4
17007	1
17619	8
-9379	6
22899	4
-5184	2
-8527	6
-8328	8
4607	4
21698	4
15930	8
46358	8
-2170	2
2645	4
-8920	8
5324	8
-8961	4
7535	8
-8579	8
-1740	8
-3458	8
-5951	5
-5832	2
-8631	8
561	9
-7305	5
-7698	5
2802	4
12634	9
-11612	4
-2936	4
-1232	4
684	4
-4761	2
9363	5
1032	5
-7724	8
1947	4
1593	6
-9281	4
-2432	4
8563	8
-5486	4
21815	8
26870	4
-2438	5
2925	5
22631	8
9750	4
-6276	5
-5075	4
-8358	5
-4555	4
7788	8
315	4
141	5
7205	4
-6591	4
-9763	8
-7691	4
-2620	4
33452	8
13125	6
-1115	4
-5828	4
8845	8
-7042	5
-5437	5
10998	4
-6641	4
13462	8
-100	4
-140	8
6415	8
888	5
-5193	5
9879	4
-5136	4
-3554	5
-5489	4
-6868	6
-3444	5
-180	4
-4305	8
-4429	5
17358	4
1858	4
580	4
-11216	4
-5753	2
1836	5
-6094	4
-3029	6
-7585	6
-5933	4
-9810	6
-2447	5
-4752	6
-2827	4
-5837	4
1531	5
24565	5
-6272	8
-582	2
-5469	5
-3286	9
611	5
-3159	5
3320	6
9897	5
-3048	8
-5151	8
-791	5
2682	4
-9312	6
-7628	4
-10275	4
-3022	8
-8020	8
-5667	4
-5160	4
-6739	4
-3596	8
-9002	2
4567	4
5213	5
8827	9
18708	8
2333	4
-7849	4
71285	8
-10232	2
-7922	5
2780	5
-8163	8
-5540	2
-6536	2
201	8
-6712	6
-7136	8
-5219	6
-4124	6
-8021	2
-2215	5
-4848	8
-9134	5
-6322	8
6524	4
-5082	4
-3145	4
-4160	8
4852	4
-4339	5
5150	4
822	9
-41	5
-5624	8
-6155	4
-9647	8
-10538	4
-3404	4
-3867	4
-5600	8
18823	2
-4904	8
2181	6
-1975	4
-1284	8
-11404	2
5452	4
-8528	4
-4620	8
1427	6
8907	4
-5392	5
-9646	5
6953	2
-2606	4
-3915	6
6729	4
2239	2
30678	5
-5385	8
-4053	4
-8280	2
-5188	5
-3450	8
-9091	8
-3801	5
2433	8
-9519	5
505	2
-3850	6
-8807	5
-2495	4
-9006	4
105	4
-1506	4
-768	2
38786	4
-9144	2
-7779	5
-12305	8
2833	5
-7227	8
-3419	2
-93	4
6191	4
6221	8
-5743	5
-6877	5
-4597	4
44197	5
-1470	2
-296	8
-7881	4
-5346	6
-2034	4
10088	7
-6600	8
-405	4
-1105	5
4211	5
20981	5
-7655	2
-6417	3
9280	8
-1023	8
-611	8
-8806	8
22307	2
-5546	8
-4634	4
-2311	4
-5863	5
-2960	4
-4693	8
15743	5
-3204	8
1930	2
-6314	4
-7484	8
3778	4
-1532	4
-1962	5
15785	2
-6357	5
-4874	5
-2248	8
-7443	5
-1804	5
6640	9
-7210	4
-4508	4
-778	6
-3364	5
16886	8
-4100	4
7181	8
-6860	4
-6629	4
-5314	4
-2940	4
-4206	1
-4939	6
2914	4
47014	5
-4174	4
-7262	5
743	4
-6357	8
-10678	5
-8205	4
19396	4
-3136	5
10963	6
34312	5
-3924	4
8284	4
-2069	9
-5133	4
-5389	2
4995	8
3052	6
-4177	8
7897	8
-3932	8
-9746	4
-8244	5
-8618	5
12972	5
-5900	5
-6451	5
829	5
-777	5
-6793	2
-3903	8
-9013	4
-9522	8
23422	8
-3448	4
11245	8
-5876	8
-5720	8
34384	4
6365	8
14237	2
-5247	4
-608	4
-5953	8
6990	4
14768	4
6137	4
-995	4
-286	4
-2036	5
-12170	4
3144	4
16517	4
-5056	4
1504	5
-7916	4
-12748	2
32732	4
12102	5
356	6
-10352	4
-2675	8
6537	4
18146	5
-8420	4
-3453	4
-4492	4
-1813	4
23854	4
-4383	5
32722	5
-5557	5
-7517	5
-5930	4
-9080	4
704	4
-6635	8
10875	6
8307	4
-11336	4
-5549	9
-4443	5
-4355	5
7325	4
-1662	8
-5692	8
12095	8
-7924	8
4346	8
-8295	5
-6526	5
793	8
-9762	4
-6910	6
-997	5
-7113	4
-8241	5
-5408	4
-8902	6
1999	4
2979	8
-243	4
3616	8
2349	5
-1285	4
-454	5
-4765	8
-1439	8
837	8
7302	8
-7528	4
-6876	8
3949	6
-7290	5
-6799	5
-2514	8
-5008	4
10223	2
-2567	5
-8814	4
-7477	5
-6100	4
3163	4
-145	8
-4688	5
-6351	8
-12326	8
-3816	5
11396	6
14820	4
-294	8
-1281	4
-6154	5
-5173	5
-3516	8
-6376	4
-7963	6
34060	8
4044	8
-6523	8
-9646	4
-102	4
13759	8
-6429	4
1785	4
-9424	4
-4974	8
-9961	5
-6407	4
-2854	4
-3052	8
-6075	5
-6803	4
-6107	5
-3959	4
-8495	4
-6996	4
-6627	2
-7617	4
-6852	4
-1562	8
-4189	4
-197	4
-5423	8
-7425	1
-6147	5
13169	4
-5148	8
1415	5
5995	2
-221	4
-1014	8
-10311	5
13500	4
-4200	4
-4907	8
-1898	4
-5788	8
-2661	5
-7835	8
9565	8
-832	5
-9843	5
8163	5
2314	8
-5265	5
16417	5
-3911	4
-7863	1
1564	4
2271	5
-5714	6
-4877	6
-7782	5
-6771	4
-3370	5
-5974	4
-7273	4
-5282	8
827	5
174	4
-598	9
-1357	4
-5253	8
-5053	4
-11191	8
-4522	8
4458	4
3961	5
-4930	2
11134	4
-2234	6
5005	5
-6507	8
-10068	1
-9982	5
-8745	4
5174	5
-6504	4
134	5
653	6
-4134	5
-12495	4
-1962	4
2382	1
-8643	4
-11485	4
14522	4
340	6
3155	8
-313	2
-3451	8
-7990	4
-1548	8
-6985	8
-4919	6
11900	5
2935	5
-3879	8
-9729	4
-211	4
-4999	6
46	4
-6998	4
-6333	5
-8034	4
40160	5
31379	8
1563	5
2381	4
-6813	4
-306	2
-3893	4
-2929	5
-5210	8
-4628	4
1882	8
-6538	8
499	2
-616	8
-5500	6
-10624	9
23513	5
12743	4
-5598	5
5638	4
7688	4
-1475	4
-6517	8
-9041	5
5778	8
-722	4
-3756	4
-5170	4
-4973	5
-9865	5
-6677	5
-3325	4
-2454	4
-6443	5
2846	5
-6011	8
-9105	4
-7123	8
16394	5
10520	2
-6314	6
3074	4
-12518	8
14796	8
-6207	5
-2222	8
-6295	5
-3117	5
-5179	5
-7460	5
-7393	5
20589	2
45349	8
251	4
-9090	8
-8514	3
1498	4
-2219	8
-474	5
-9652	5
8389	4
-6412	4
4920	5
646	5
26880	4
-3267	4
978	8
5172	4
2110	8
-6836	6
2004	4
-3197	6
-1907	8
-4333	8
-5342	4
-484	4
-5090	5
740	4
-6212	8
2812	4
-582	4
-3401	4
-11101	5
-9725	5
-3153	6
7990	6
-6816	5
15569	4
-9831	8
-7075	6
6954	4
24723	8
20477	5
-4534	5
-3882	5
8128	8
-5190	8
-5589	4
-4867	5
-1244	4
7221	5
-3852	5
28877	8
-4851	8
-2529	8
-1794	6
-3580	4
9863	4
-2572	5
12261	4
-10469	5
-6469	8
-8184	4
8201	8
-9096	8
-8293	4
-5703	4
-4937	8
4781	8
22745	6
-4933	4
-9844	6
-3862	5
1494	8
-7149	8
-10507	8
6489	4
-10134	4
-690	6
-2196	4
-4544	5
-9886	4
887	5
-5662	5
5611	4
-11703	4
92	8
10557	5
-6422	4
19094	8
-3942	8
-9894	5
-5707	5
4603	4
-1396	1
8648	5
-4801	5
-6894	4
33822	8
35930	4
-6454	5
5044	5
-6720	4
-5164	8
3866	5
-2989	4
-7366	8
-7585	5
-7026	2
-1369	9
1416	1
37669	8
-8177	5
16308	4
5599	6
18796	8
14930	8
-2983	8
5136	8
-5279	4
-4806	8
-5454	8
7376	5
-4672	4
-10306	4
-6146	8
-6294	6
-2582	2
31340	8
-7329	5
-11116	4
829	4
-9724	6
-3018	5
-10093	5
-2833	4
-8456	8
4101	4
-9166	8
-6611	5
9683	8
-6202	8
-9338	8
6064	4
-6490	4
998	4
-1859	4
-2830	4
-8237	4
-3956	4
-8565	4
-3716	4
-3051	6
-8075	5
18625	4
5346	4
-7593	8
4966	5
-8978	4
13833	4
-1695	8
-2755	5
-4865	8
-5188	8
43923	4
-8684	4
-3775	8
1268	4
-8054	8
3789	8
-6691	4
-10084	4
-5839	8
-7797	4
-2625	5
2860	4
-2161	4
1677	8
-8403	4
222	6
1759	8
-8478	5
-704	8
-9257	2
12754	4
5605	4
-2034	5
7040	5
-1105	5
-6293	8
11499	8
15833	8
6639	8
36643	6
1499	8
29473	8
-3791	4
7885	4
22558	4
2193	4
5191	8
-1604	8
2636	4
3220	4
39875	6
-6120	5
5156	8
-5740	4
4979	8
-6664	8
-598	6
3081	4
-2874	8
-4460	4
-3197	4
-5101	4
40862	4
5253	4
14840	5
1794	4
-8125	8
-4912	8
-14074	4
-8422	8
-2752	5
995	5
-6203	5
-4338	6
20543	5
-7974	8
-6695	4
4114	2
-5195	2
-2898	6
-2792	2
-202	8
-1006	5
-2986	5
1977	8
-6037	8
-1833	4
-4089	5
-8279	2
13515	4
17138	4
-6758	4
5621	2
-8209	5
2376	5
-8577	4
-2221	8
853	4
-11688	4
5500	4
-5010	4
16249	2
-1423	8
2682	5
-8729	8
-9411	4
-5951	5
-4597	5
-4709	4
8468	8
-5795	4
-9457	4
-7613	5
-2479	5
-9654	4
-11100	4
-8423	2
21110	2
-10841	4
9067	8
3772	4
2775	1
-192	8
-11397	4
16041	4
13905	5
9435	5
4664	5
-6427	4
-918	8
-8767	8
15377	4
-2956	8
-402	8
-6887	5
-7707	8
-9379	8
20257	4
-6578	5
1140	6
-9653	5
-4020	6
29848	8
-7499	4
16553	5
4741	4
131	4
-5811	5
1485	8
-6910	5
-5894	6
-4475	5
-1611	4
36717	4
-8418	5
-5073	6
-8619	2
13588	8
12792	8
-4770	8
-8509	5
-9357	8
-9190	2
13066	4
29262	8
-4922	6
-6683	8
-4592	5
-430	2
-8838	4
-3584	5
7550	2
-4205	4
-6143	2
-3472	8
-7170	2
12743	8
-6107	4
-301	9
-6666	4
12036	5
32564	1
7782	8
-380	8
-7872	4
15278	5
-10882	4
24056	5
-6035	4
-8047	1
1465	8
-5167	4
-3506	4
-6277	5
20799	8
3963	4
6146	4
-7957	5
2873	4
9105	4
-2853	5
3136	2
-4368	5
-16786	8
-4785	4
22567	5
373	6
-7786	2
-7371	5
-5607	4
-5271	8
-3715	4
-853	5
-8100	6
-818	4
-7121	8
-6711	2
-5252	4
249	5
2510	4
-5571	5
2839	8
-10121	4
7297	5
7853	8
-2234	4
-3170	8
6130	8
4905	8
11423	4
-5860	4
-6137	5
-5938	4
-10694	8
-747	8
-7512	8
-7029	8
-5944	2
35852	8
437	6
-8249	5
-4204	8
14846	5
-8797	8
-1561	6
18862	8
-8467	4
-7218	2
20605	4
-812	5
4858	4
46666	4
18572	5
-6695	5
-971	8
-2785	4
2103	4
6210	8
-2422	5
6876	4
25847	4
-12812	5
-1470	4
7203	8
3281	5
-9384	8
-786	8
-1858	4
-4582	2
3349	8
1210	4
-10562	4
-7935	4
-5286	4
-11828	4
-1540	4
-1800	4
-1887	4
-8443	5
-9651	8
-6017	4
-2057	4
-11361	5
6766	4
-5484	4
-14156	5
-4801	8
-11779	4
-8173	5
3285	5
4822	4
13343	4
14822	5
20320	8
16272	2
-2634	8
-9343	5
35495	4
16788	5
-9191	4
-4908	5
-7156	5
1751	8
3512	8
-7148	4
-8956	4
7613	4
-2702	5
-9115	4
6296	4
-3246	5
-9286	4
3586	5
-6179	4
-3595	4
18580	2
-6765	2
-6207	2
-4902	4
-5772	5
21508	4
11319	5
-6605	8
15510	4
-10297	4
22270	8
-2022	8
-5336	5
-2060	5
18223	8
-4215	5
-5654	5
-2927	6
-6019	8
-4891	8
8329	8
-11039	4
9914	4
-5960	8
-3094	4
5321	9
-5384	8
-6140	8
-12827	8
-903	4
-4977	2
-6280	4
7088	8
-10444	4
-10518	8
-1798	5
-6707	4
-7886	8
7302	4
13909	2
-9097	4
-3409	8
-1937	4
-7770	4
-7539	4
8545	5
-5934	5
2779	8
44529	5
-3049	8
-4006	4
-3594	4
6187	4
13723	4
-9832	5
28614	4
10342	5
-4030	4
2166	4
-7760	8
3461	5
5111	4
-6614	4
-7519	4
-3714	6
-5763	8
-1613	4
10452	4
1055	4
20566	4
-7348	5
-5689	4
-5598	5
-5133	5
-5498	5
4731	4
12722	4
-6580	8
-714	4
6709	4
-6968	4
-4158	8
-5961	4
-9670	5
-4688	8
-1310	5
2785	8
-5084	5
1986	4
-6062	4
-5548	2
12738	8
-5249	4
-6386	5
-3039	8
2592	5
-1354	8
-5329	4
-10899	8
-8246	5
-8738	5
-4031	6
15645	8
-507	4
2312	1
-6813	8
-7038	8
-6407	8
2587	8
7036	2
23622	8
-7604	6
-9943	4
17061	8
10632	5
-6531	4
1701	4
3590	4
-7510	4
-1478	4
-7142	4
-2968	4
721	6
-3220	2
-2221	4
-1168	8
6096	5
22072	4
-6537	8
-7533	4
9011	5
-9683	5
-7739	4
4572	5
1624	8
-2598	6
-3631	8
3035	5
-4742	6
3503	6
-6581	4
9314	4
-1751	2
-8155	5
1572	8
-6497	5
-4429	8
1196	8
-7158	6
-4486	6
-7006	4
-5954	5
-2880	8
-7480	8
-5679	6
9010	8
-7844	4
-901	5
-5037	4
-5274	5
-4037	5
5034	4
-356	4
-7497	4
2526	4
10514	8
9959	5
-9016	4
-236	5
13927	4
8711	4
4996	4
20170	6
6903	4
-2423	5
7355	4
15551	5
24382	4
-10127	5
4985	8
3618	5
6525	8
-3278	8
-5891	8
6009	5
152	8
1338	8
1676	4
13412	4
6734	4
13720	4
-1709	5
2666	8
-8184	4
-6544	4
1106	8
-1211	4
1101	4
-738	2
-1721	5
-6141	8
39287	4
9087	2
128	2
993	8
-5219	8
-9953	6
-5272	5
2989	4
2461	8
-9765	5
44753	8
-4773	4
-3666	2
4541	8
8744	5
3474	4
-185	6
-7418	4
-8033	8
-9690	4
-7415	4
1061	5
18256	5
-6459	4
-168	4
-1309	4
-7769	6
7159	5
11097	4
6719	4
-6872	5
13940	4
16206	2
5464	2
25462	5
-4422	5
-2666	4
-1993	4
13953	5
14518	4
-8425	4
-4816	4
-6633	4
-7739	4
-876	1
29256	4
-8109	8
-1710	8
-7863	4
-466	2
21506	4
17838	4
11140	8
11341	4
-4386	4
2926	8
-9661	4
4522	4
-868	8
3512	5
-600	4
-3384	8
-11019	4
-9683	5
1980	4
-4903	5
5585	8
-4868	5
-2401	6
-10696	6
-10452	4
2688	4
-4229	6
4293	8
374	5
-7147	5
-4265	4
5845	6
33470	4
-6519	4
4309	4
13356	4
-2312	6
-7995	4
-8797	5
3	5
-8725	4
10212	4
-8868	5
-8853	5
-1187	8
1608	5
20432	6
-1109	4
-6375	6
-9210	4
-1618	5
-8625	2
-3060	4
-6972	5
3715	5
7607	5
5888	4
-7099	6
-7331	8
3396	5
-8984	4
2081	5
310	4
-9542	4
1771	1
-6344	2
-7209	8
-7025	8
25369	4
-7632	4
-3939	8
-5878	8
-6815	5
-289	5
-8618	4
5701	6
-1619	5
2642	4
20165	8
3547	5
12843	4
-7347	8
4201	4
-8925	5
-51	4
5297	4
-4912	8
-4911	5
15710	5
-11949	8
1051	2
-7569	4
-2178	4
-3095	4
-5905	4
-8465	5
-1060	8
-9475	8
-4744	5
-7590	8
-6603	5
-3936	2
27996	5
-896	4
-4579	4
-10505	8
16968	4
-8865	4
-9112	8
-5997	8
-7239	5
-4856	4
-5008	5
-6298	6
4883	2
12910	6
13543	5
5410	5
23862	4
-7440	5
15466	5
-1055	4
-6719	4
-2170	4
-4317	5
-1558	1
53	5
3385	8
4597	4
529	4
12296	8
-2638	5
-3111	5
-8375	4
21166	2
-8747	4
-8259	4
3480	4
-5250	6
-5085	4
-3275	2
5880	8
-4103	9
7292	4
3191	2
10440	2
-5420	8
-7519	4
9310	4
1412	5
4141	4
-10948	4
-6705	8
-11547	2
-10282	8
3525	6
-10145	5
-9436	4
-6585	4
6647	6
7	8
-9594	5
-3666	5
11734	6
25362	5
-5583	6
-5823	8
-3619	4
-3062	8
-9273	6
24931	8
-2583	6
-3405	4
13049	8
-53	8
-1648	4
2759	2
17012	8
9999	4
-5193	5
1334	5
11776	8
-8286	5
-2617	2
10043	5
-4308	8
26917	8
3872	4
-7977	8
-6270	4
-235	8
3638	5
32374	2
-8964	4
12179	4
465	8
-3431	6
-5232	4
-41	5
987	4
2245	4
-6121	4
-4834	4
9995	6
-1123	8
9243	4
10322	6
4435	5
7283	4
-4608	5
-2533	8
-3455	4
-6266	8
5669	5
-4235	5
2068	8
-6592	4
413	4
-8277	5
7079	8
-3390	6
2909	4
-6650	2
8401	5
6631	8
16246	5
1722	2
-7945	8
58	5
-7944	4
-10834	5
-6484	8
-6773	5
-5334	4
9016	5
21650	8
-10015	8
11226	5
6346	4
-11170	8
8463	8
-2918	4
10311	4
-6586	2
-7378	8
-10469	8
-8732	8
-2701	4
-1446	5
-7675	5
9743	4
-8684	5
4037	5
7826	4
19339	4
-9249	4
-10341	4
-4281	8
3628	5
17484	4
14202	5
-7016	5
-5012	5
-4000	5
-5768	4
-127	5
1440	2
-349	4
-2283	4
-7416	6
34638	8
20742	8
-6799	8
-2308	4
-3621	5
-5853	8
-5798	5
-4601	4
-3157	4
25136	5
-8624	4
1520	5
6889	5
12343	2
-9832	4
-10525	6
2014	4
-7379	8
-7873	4
-5027	8
-2110	5
2129	8
-3312	2
1889	6
3211	2
-8880	2
2454	8
-7284	2
-3583	4
-864	4
-4149	6
-8936	5
-1709	4
-8266	4
-6102	2
1674	8
3706	4
1937	4
-4268	5
-7218	4
-6942	5
-1518	6
-8358	4
-11285	4
-7997	5
-9653	8
-3953	8
35063	8
-2623	5
3251	8
-1723	4
26618	8
-2580	2
-4754	8
-3831	5
22892	8
554	4
-11772	8
1668	5
-3680	4
7509	4
10860	4
16288	5
-10245	4
-7110	5
6479	5
24496	5
8146	4
-6939	5
-5762	6
17686	5
5904	4
-7870	4
-6196	8
-7715	2
1549	8
-7370	4
-9088	2
15910	4
-9139	4
4058	8
-5108	6
8369	5
-6487	5
3970	2
-5290	2
-804	4
-6299	8
15549	5
2161	4
5353	4
6672	8
-8917	5
-5814	5
-6331	6
-4035	5
1823	5
-9561	4
3692	5
-5065	2
-6416	6
-6497	8
-5662	5
-5153	4
-7004	1
-4188	1
3309	6
15737	5
2228	8
17319	8
1171	5
3853	5
-11357	4
-4266	5
10400	4
1524	2
18957	4
-2612	4
-7397	8
-5558	4
-6948	5
-7831	4
-3911	8
-5458	5
-6426	6
17993	4
2055	8
-6145	6
-7241	4
-9053	6
-8650	4
-5275	4
-792	4
-2610	4
16485	4
-7177	4
-6115	4
-9602	4
-6987	4
7745	5
-4891	8
8401	4
-1325	9
-3764	4
793	4
838	8
10492	4
4715	5
-4238	5
-11868	5
-3358	4
-2730	2
314	4
3636	4
2526	6
808	8
-8122	6
7602	4
-9302	4
-7489	4
1138	8
-7883	8
-8237	5
-9695	6
36366	4
3672	4
-7794	8
27729	5
-3969	5
-9248	4
-9588	4
-6258	5
-1039	4
-10723	5
-9427	5
-9947	6
2373	8
-315	2
14765	4
-8120	4
-6487	5
-7962	2
-7811	8
5515	8
-1008	8
-5355	5
856	4
-7155	8
-7802	4
-1985	4
-7597	6
-83	6
-6088	4
-9663	5
5968	5
-2136	4
-5493	2
-9737	5
-4026	4
-1566	8
650	8
-6134	8
216	4
-997	8
-9844	4
14978	8
9616	4
-5260	5
-5947	9
22961	2
12957	4
-9684	9
-8645	4
-7679	6
-8474	4
-102	6
-2253	8
-7461	2
17332	4
-8270	8
-788	4
-7226	5
-5932	2
7258	8
2659	2
5130	4
-10251	8
-3523	4
3858	4
-3906	5
-2972	4
16844	4
7631	2
-2684	8
-7260	4
513	9
-5485	2
10147	2
-10870	4
-5250	2
4976	8
2687	8
13812	5
-5923	6
5536	4
25767	8
-10863	6
19244	5
-9135	5
43963	8
-2910	4
-3019	8
-5763	5
11115	5
3040	2
-8318	5
11511	4
-2828	8
-6392	4
-6274	8
3946	5
8177	8
-7764	2
-4377	4
-4990	4
-2521	8
5028	5
19196	4
48715	5
25263	5
-1157	8
-5331	4
-3472	4
29277	4
5540	5
-669	5
-5735	4
2386	8
-4746	5
-8045	6
-6528	4
-1104	8
542	5
-5928	5
35834	8
-3732	8
-9442	6
-2718	6
-7371	8
-5808	4
-3725	2
57	4
-8557	8
-3223	4
-1276	4
-6824	8
32300	8
-11073	2
-6390	1
-119	5
-371	2
4813	4
-5580	8
20690	4
-8599	4
-7565	4
6701	4
-3841	4
115	5
-5012	4
-7799	8
-8095	8
-5207	2
-10317	8
-803	8
736	6
-2620	4
22604	8
-6797	8
18026	2
-4758	5
11923	4
-2828	8
19550	5
13465	5
-7205	4
9417	8
13927	8
4322	4
1972	5
18735	4
29966	4
-3867	4
-9886	5
-2404	5
1125	5
11314	5
-5463	5
-8346	4
-3274	8
-9962	2
4882	4
-4468	4
-11485	4
-11604	4
-10127	4
-5578	8
11129	4
-8744	8
-7203	4
-914	8
-1499	4
-1873	8
-5498	5
-8566	4
-1656	8
6360	8
9834	8
-6544	8
-3827	6
-6169	4
-7510	2
-6261	4
1165	4
-9240	8
-6162	5
886	8
-1254	4
-5418	4
-5571	8
5756	5
-8753	8
-7197	8
355	8
-1799	4
-5866	6
-3929	5
21908	8
11026	8
-9421	5
-5326	5
-8894	4
11120	8
982	4
-4705	4
-1426	8
3832	4
-13837	4
10388	8
1001	5
-6241	4
16200	8
-1603	8
-3245	8
-9405	8
-4118	4
7212	8
3905	4
1369	6
-12074	4
-4462	5
-985	5
-6885	4
6430	4
-2086	4
-6320	8
14266	5
-10138	8
-3839	2
-8939	8
1705	4
19827	6
5370	4
-2511	9
16554	4
6369	5
-7609	4
26527	4
7545	6
-11714	4
-2398	5
19368	4
22973	4
-9135	5
6671	5
-4256	4
3553	8
-4808	4
-6689	5
22941	4
-6868	5
23919	4
-9463	6
9274	5
-7346	8
986	8
9489	6
-10744	4
-7519	2
-7818	5
30889	8
-9780	8
260	5
661	4
-7771	4
-13547	2
-2090	4
395	2
-7873	8
18681	8
-6129	5
37722	5
-10450	4
-6134	5
-12456	4
-6532	4
4961	4
-901	4
-1837	4
-2590	5
8956	4
-7860	4
-5792	6
-4592	9
-6412	4
-5788	8
-7320	8
249	8
12180	5
-5716	4
-5604	5
1849	4
-11551	4
-5362	8
-4902	8
-3063	4
-8019	5
-2191	9
-6244	6
-6477	4
-6733	8
6397	4
-8655	4
-1983	5
-4920	4
-3972	5
15493	5
-3265	8
20794	4
10093	4
3913	4
-3901	4
18904	8
-4748	4
17813	4
9898	2
-858	4
-8234	5
8537	6
-116	6
-10682	5
-6845	4
24263	4
1151	4
-5681	4
6657	8
24663	2
-3483	4
10782	5
-5228	5
-4235	8
-2319	4
-6390	4
4207	5
-8734	8
-7049	5
2844	6
14579	4
-6109	5
10728	2
-9051	4
14496	2
-4116	2
-4676	5
-9705	8
-4159	4
-7515	2
-6868	6
-5198	4
-10237	5
-9161	8
25	5
-6249	5
-7837	4
9839	8
-8018	4
13809	4
-3366	4
7575	5
1553	2
-7632	8
739	5
-4698	2
-5533	6
-9602	4
-8793	8
-6101	6
16697	6
1441	6
19778	5
-990	5
1650	5
-4431	2
-5201	4
-8169	2
-8170	4
8636	5
-5638	8
10873	5
-6816	4
-7744	4
-6371	4
-4965	4
-1499	8
-883	5
-3104	5
-2801	5
9714	4
17105	2
-6802	4
-4139	2
-8687	6
-1143	6
105	8
3546	5
-10084	8
-6719	8
16327	8
36596	5
-3899	4
2724	4
-6119	8
-2583	9
-2820	8
3704	6
-2895	4
-7022	6
-2091	4
-7583	8
-6151	4
-134	5
16328	6
-1739	5
-6821	8
-2619	8
-9737	4
-1903	2
-7103	4
-2935	4
-9655	6
2355	5
9297	5
-6867	2
-7344	8
-6883	8
-904	2
-7907	2
-9036	6
-11406	5
-3785	4
-4084	6
11033	8
-3080	5
998	4
8555	2
-7244	8
-2287	5
-3652	8
19529	5
45774	8
-5812	2
8975	5
-6896	5
-9982	8
-4533	4
-1016	5
-4371	4
-4575	8
-5508	6
-6135	8
-4628	8
-9101	5
-2884	5
1720	8
-982	4
-1314	4
2517	5
-1781	4
-4841	5
-7575	4
916	5
-8119	5
-8857	4
1578	6
4369	4
26433	5
-9205	5
-5227	4
28763	4
-6016	8
-6318	8
-9660	8
-5321	4
-3403	4
-1787	4
-3110	4
-2472	4
-4457	5
-7507	4
-1415	4
-94	5
-983	2
384	9
2621	5
8098	5
-9018	4
-3870	5
-2374	8
14402	5
-3022	4
-3001	5
-10991	5
-5129	4
-6621	8
-5892	4
3026	1
-4338	4
10315	5
1842	5
8194	4
-4839	5
-4411	4
-8617	5
7843	8
-2838	5
-6342	5
-3457	4
-3440	2
-6529	8
18448	5
-5829	5
-1747	8
-6552	8
6967	5
25426	4
13073	8
4732	4
-1386	8
1773	2
-2340	4
17300	5
-5533	8
17968	5
52367	8
-5553	5
-7697	8
-5951	5
-4798	5
2887	5
2937	4
-6893	4
-9403	5
-7526	5
-418	8
-7366	5
22967	8
3081	2
-5943	4
-9732	4
-9898	4
-3280	6
6460	5
8269	5
-5416	8
6913	4
-9691	8
-7773	8
3679	4
-10508	5
32	5
-7700	4
-9023	4
-9471	2
-7521	8
17706	4
-384	4
-8342	5
-5593	5
-6761	5
4019	5
-452	5
1686	5
19125	8
2173	4
-13338	2
-1578	8
3036	5
9808	4
-6674	4
-1899	5
15350	4
3663	6
-3068	8
-8299	4
-5130	4
9903	5
-10343	5
1025	4
-5824	5
3932	4
-4074	5
241	4
-1263	5
-8480	1
-5853	8
-5060	4
-5707	6
-8266	8
-7821	8
-3588	4
-5150	4
19577	8
15141	2
-8477	4
-3045	6
6543	4
-5761	6
3425	4
3527	5
-1720	5
-4519	4
-2432	4
-2232	4
5385	8
-2600	6
6800	5
-5143	4
14661	8
7288	5
-7821	5
-10380	8
-5476	4
-7400	2
-4878	8
-6123	4
26686	8
-7443	4
-3226	5
-8624	5
5405	4
-7534	5
-4463	6
11204	8
-5358	4
-2146	5
-6589	8
-4222	4
15853	4
-4226	8
10148	8
-7290	2
18646	4
-2833	8
10510	4
-3125	8
4767	4
15361	8
7245	8
-2919	5
19343	2
-1731	5
-5321	8
3425	8
-7169	5
-557	4
-2243	8
3365	4
-2913	5
-5073	8
-7045	4
-536	5
17592	4
7581	4
1775	8
-4357	4
27892	4
4560	5
-8685	4
17018	8
-11805	6
3760	5
-7477	5
6068	5
118	8
-4291	4
-1781	8
-2047	4
-1497	4
-5711	8
-6290	5
-9059	5
-7880	5
-8349	6
-6590	8
19057	4
556	4
-7716	8
-2401	4
-6422	8
-7025	4
-3510	4
30574	6
-1136	8
-5184	8
31437	5
-900	2
-7423	4
2218	8
2501	4
-5913	5
-4397	5
-110	8
-5151	4
9516	6
-4781	8
-2154	2
-11877	5
-5664	6
-9031	5
-5203	5
-7754	4
-8142	5
-3485	4
26933	4
-9829	8
2211	2
-832	4
-6236	4
-5488	5
-3786	4
-4285	5
-6128	5
3156	6
-7307	9
-669	5
7130	4
-7963	4
-7134	5
1087	8
-10309	8
1376	8
-5691	4
8072	8
-4042	4
-4513	4
-8222	4
-1899	8
-4656	6
-7374	8
5083	8
25172	5
-2523	8
-6504	4
3506	5
-7252	5
29088	8
-7793	8
41096	8
-5813	8
-3371	8
9559	5
7131	5
-8149	6
-8215	8
-6169	4
-7393	6
10575	4
-4730	4
-3948	8
16840	5
-1811	4
-899	2
13306	5
-9119	4
17402	5
-3230	4
-1937	8
-1855	5
-588	5
-5719	2
-3625	6
2954	6
801	2
-8024	8
-1583	4
3321	4
25316	4
2388	8
12786	4
-7673	8
16659	6
-3693	8
-5663	8
3746	6
-3371	5
-4085	5
-9536	4
11997	4
28306	2
-4163	4
-2201	8
16395	5
-770	4
-7777	8
-2603	5
-7883	5
-5315	4
-10178	8
-2797	8
-1564	4
-3908	2
-2771	5
229	8
1069	5
-7881	2
-12339	4
-6517	5
-4346	2
-3811	8
563	4
-7685	8
-3235	2
21836	6
4581	4
3285	4
3717	8
-6123	6
-6295	8
21495	4
16376	4
-10137	5
5409	5
2474	8
-10355	8
-10177	8
-3167	6
-6073	8
241	2
9139	8
-871	6
-2188	4
4729	8
13361	6
7845	5
-4649	8
-4316	2
-6897	2
-4535	5
-6502	8
1966	5
-10237	5
11549	4
24104	4
-8313	1
-5073	8
1360	2
-11049	8
7479	2
1714	6
1289	2
-1616	5
3023	5
35	8
14619	2
-736	2
37460	5
5864	8
8748	8
940	2
3025	8
-7803	4
-3098	5
7220	6
-3846	6
2928	8
13357	2
-3207	4
-7403	4
26841	5
-10714	8
13119	4
6334	4
15768	8
-6832	2
-3093	5
2804	2
23180	4
-645	5
-3970	4
-5030	4
-8124	4
-2683	4
2392	4
-3769	4
-8322	5
3469	5
-1031	8
6538	8
-8866	6
5219	4
-5707	4
-4086	5
-5974	1
-1724	8
-4916	5
-3036	5
12944	6
2089	6
21454	4
-236	5
-7106	4
-6767	8
-7271	5
5664	4
1988	4
-7271	2
909	8
-8655	5
-1523	2
49087	8
-4610	5
-8657	8
-6937	4
-4073	8
-2018	9
-5723	5
-2948	5
-6452	5
-3133	2
-3302	8
-5452	8
29744	5
-6555	4
-7816	5
11905	4
2112	8
-1844	2
-3334	4
1062	6
2202	6
-8319	5
3859	5
9	4
-6328	8
-4131	9
26905	5
10267	4
-4641	4
275	4
-8541	4
-5761	5
-4257	5
-7819	5
-8591	2
-447	8
-98	4
-4915	5
-2236	4
-6375	2
-543	5
10472	8
-6200	8
21449	2
-750	8
29075	5
17453	2
11409	8
-7401	6
-4934	8
715	5
7113	5
-3844	4
-2175	6
-3161	8
-3439	5
-6752	4
-7773	8
-2878	5
-2846	8
-1926	4
2980	4
-4751	4
-4666	2
-7198	4
-726	5
-8535	5
15053	5
-6123	8
1774	4
21254	5
-1900	5
-6228	8
-9272	5
1625	4
-8546	4
-4911	4
-8210	8
6603	5
1583	4
1013	8
-6111	5
-2031	8
-4554	4
-9373	6
3200	4
51878	4
-5149	4
30775	8
-7115	4
-264	4
-5989	5
-3835	2
-5361	8
-5784	4
-3664	4
3159	4
3172	8
3471	2
-3677	6
-2307	2
-1422	8
7736	4
-6661	8
50268	4
6028	2
16409	5
50858	5
8426	8
-4915	4
6905	4
-7784	8
-228	4
-8771	4
14889	5
-3546	5
-11375	4
3970	4
-6122	4
-7063	4
-7649	4
-8037	4
-8734	4
3810	4
-8013	4
4295	4
-2889	8
-1799	5
7954	6
-1542	6
2023	8
-5677	4
2364	8
-9354	4
-2347	2
-7757	8
16330	2
2927	8
57489	5
-6717	8
-6956	5
6385	4
-4164	4
-5217	6
-6641	4
-9547	4
21387	4
-4390	5
-10451	4
-4141	5
-8791	4
-1570	6
-4367	6
-1080	5
1138	8
-8660	5
-8238	4
-6052	5
-5274	6
-8214	5
10001	8
1321	4
-3424	4
35722	2
-559	4
-10171	2
2303	4
-5205	7
-10251	5
-7590	2
29	4
-9889	4
908	4
-6867	5
-6085	4
19064	4
20815	4
-8329	4
-3051	4
-9738	8
-348	4
14234	6
2016	4
22981	4
6770	2
-422	4
-1840	5
-11898	8
17531	2
-11642	2
-4575	8
2259	5
-4414	4
5848	5
-4980	5
-5659	5
-4767	8
-13232	4
-4262	4
3777	8
-10314	5
-470	8
-6938	8
-5734	5
501	5
-8490	4
1232	5
8419	2
-1462	1
6184	8
3013	4
-9641	4
3441	8
-4509	4
8389	8
-3391	8
537	5
-1899	4
-9858	8
2701	5
-2370	4
-565	4
-2752	5
3735	4
-5555	4
-7734	8
-1523	4
-6665	8
-9126	5
-917	4
5405	4
-4537	5
4962	4
-10672	4
-871	4
-6603	5
-1911	2
5907	6
-2449	4
-3053	8
-5139	4
-8171	4
3327	5
-8972	4
-9754	4
28387	4
-7850	2
-10720	4
7725	4
8902	8
-6900	5
3742	8
-873	4
-9762	8
-3858	8
5452	5
42650	8
-9886	8
-7586	4
448	4
-3096	4
-4568	4
13025	8
10304	8
-277	8
18702	8
5328	4
2901	4
-2274	6
-7893	5
9166	4
-6739	8
7864	2
-7216	8
6211	6
1361	8
3886	2
-924	4
14515	4
-5710	4
994	8
-5647	2
2325	4
2641	4
3999	5
-4298	8
-2076	5
-575	4
6114	2
-7652	8
14889	4
1906	6
-6226	5
311	2
-6968	5
-6533	6
-8074	8
776	5
5529	5
-3940	4
-10917	5
-10394	5
-9723	4
-4236	5
882	6
-6181	2
-10010	8
-7778	8
2298	8
-8660	6
-9324	4
2180	4
547	4
-1302	5
3453	4
-157	2
5151	4
-6706	4
25050	4
13221	5
19073	5
-7456	5
3338	4
-4970	5
-1990	4
-2323	4
6226	2
-11370	4
20801	4
-5415	4
-8528	8
27786	2
-9345	5
1794	4
-401	5
-999	8
-8582	8
-6652	8
4292	8
-6870	8
-2609	5
-9118	5
-8916	4
-8986	4
-4351	6
-4451	4
-2191	4
-2865	4
28669	8
-1355	4
-3430	4
-5905	2
3972	4
601	4
-1950	8
-8889	2
-5040	4
-11580	4
22834	5
53	5
-4102	5
1179	4
16453	2
-6194	4
-6139	8
-3055	5
-6530	8
-8493	5
-8606	5
1479	2
-104	4
-5843	4
3997	1
-5583	4
-7743	5
-7903	8
3907	4
-4073	5
-4006	6
-733	4
-2983	6
-4936	8
-2273	5
2668	9
4853	4
-6323	5
-5494	5
-5355	4
-2264	4
-1970	5
-9764	2
-5488	8
-4039	8
-1990	5
5608	8
18933	8
-8232	8
-7625	4
-4410	6
2264	6
2678	4
-7350	7
-2540	4
-5969	5
-914	6
12459	4
-3506	4
-3998	2
-9730	4
-4537	2
3661	4
724	5
17599	6
-6677	5
-4046	4
-10311	6
-3228	4
-5130	5
-10374	5
26627	4
-2425	5
4286	5
6789	5
-8054	8
-7615	4
-9944	4
-1072	4
4261	6
12575	2
8208	6
-5520	8
13881	5
8776	2
-8417	2
-7567	8
-6328	5
18094	5
-11474	4
-4442	5
-8394	8
-4540	6
-6192	5
-1526	5
-7840	8
-9114	4
-4260	5
6771	4
-12092	5
-8394	4
-4530	4
-2786	2
258	5
6779	5
-3570	5
10	5
-5428	4
18177	2
-2187	5
1875	6
8893	8
9042	4
6371	4
-4958	5
7606	5
7227	4
-310	6
10336	4
-3361	5
1025	5
-897	8
-2612	4
-522	5
13292	8
1078	9
-1357	5
4740	4
-7682	8
2009	8
2539	4
-7139	4
-1146	8
1912	8
-4239	5
-7477	4
-3685	8
-590	5
-187	4
2472	9
-357	4
6328	5
-4582	8
7670	5
-7238	4
-3938	5
-8522	8
-7948	4
1081	8
9685	4
-6150	8
-9455	8
28545	5
5054	6
-540	5
-4867	4
621	4
-5515	8
6643	4
-2665	5
17965	4
9454	5
8413	8
-533	5
-8793	5
-3880	4
47304	9
-9735	5
8625	2
-5563	8
-4228	5
7689	5
-8016	4
357	5
-1623	8
-9594	8
-4215	4
-6837	8
14310	6
16556	4
-1476	5
-637	8
9766	4
-7597	4
9033	8
-6985	4
-9084	2
-6246	9
3429	8
-4821	5
-927	4
-3988	8
18029	4
2592	4
-5857	5
-3192	5
-1653	2
53531	4
-7933	5
-3359	4
11148	4
-6535	4
-6606	5
-6008	8
-3862	2
-3613	4
-7016	5
1721	8
-6232	4
6491	4
-6962	6
3658	4
-7689	5
19032	5
-778	4
23529	5
9684	5
-7328	8
-1857	5
6877	8
-9255	5
5161	6
-454	4
5910	4
-9792	5
-4706	8
30396	4
-4139	4
6075	4
-3785	8
-2733	6
-6257	5
-7073	5
-7564	5
-1554	8
11978	2
-9571	8
16427	2
3554	5
-3445	8
-4476	4
-3769	4
4339	8
38690	8
3906	8
9586	5
2046	8
11047	5
5063	5
-8379	6
-1852	8
-4565	5
-8687	4
-5477	4
8279	4
3132	4
-9099	5
6771	5
35725	8
9086	5
-2347	8
-3287	8
1093	4
-4194	4
-4832	5
-6238	6
6192	5
8390	8
-2864	5
-7399	5
-7120	8
-10256	5
-9779	8
-5496	2
-11836	4
-11172	8
-7371	8
4701	8
-7278	2
-5338	4
-7713	5
-5315	4
-4093	5
-8308	5
-7297	4
-9204	8
5552	2
-4468	5
10375	1
11507	4
-2496	8
1457	5
13500	8
-3589	2
5489	4
-8534	4
-9020	5
18915	8
-8161	4
6383	5
-8857	8
-1462	8
12793	4
-4020	8
-3392	6
-6713	4
-5340	8
344	4
38659	5
-5815	6
1470	8
-8508	8
-1573	4
12425	4
-8360	4
6007	5
25198	2
3228	6
-1485	8
-7045	5
-10493	2
-10548	4
-5752	5
1898	8
-4585	4
6926	6
-15397	4
-2740	4
943	9
-3022	5
7539	6
-6797	5
-7882	6
-12	5
15895	8
