4090	58204
-13339	-8832
-4624	-4248
-4624	-3898
-4624	-4246
8447	8802
12804	-3170
4090	-6934
12804	-4343
12804	-7554
-13339	-3489
-8981	-293
-13339	-4982
-17696	-6601
4090	-6595
17161	27010
-4624	2832
-8981	-2426
8447	-745
-8981	-8088
-4624	-13752
-267	-8975
8447	-3203
-267	11603
8447	-6089
4090	-2987
-267	-7080
8447	-6403
8447	-1235
-267	-7142
-4624	-2984
17161	3114
12804	-6588
-4624	-5527
-4624	-5137
4090	11101
17161	-3795
-267	-4716
12804	-3123
-17696	3852
8447	11471
-8981	16098
25875	23585
-4624	-1736
-8981	-4724
12804	-6433
-13339	-1500
8447	-3838
8447	-5676
4090	13887
4090	6122
-8981	20070
-267	-5387
4090	-9067
8447	-7419
-267	-7626
-8981	-7229
4090	-6022
-13339	-5717
-8981	-6070
17161	-2901
-8981	-8862
-8981	-7753
-4624	-9133
-267	-2061
-17696	1137
-17696	-12210
-26410	-8118
12804	-4620
8447	5490
-4624	-3795
8447	-2865
12804	-8237
12804	31940
-8981	-4387
12804	-6716
8447	-3215
4090	-5897
-267	-4562
-8981	-604
4090	-5426
21518	32316
4090	3263
4090	-5610
-4624	6011
-267	1696
4090	-2037
-8981	4381
8447	-3392
-4624	13264
8447	33959
4090	-9360
-8981	-9196
-4624	-571
-13339	-11382
-4624	-2589
-4624	20728
4090	-5517
12804	-1107
-4624	2040
-4624	-3511
17161	-4184
4090	-2706
-267	-7182
-267	-3704
-13339	2506
21518	1467
8447	-4651
12804	20232
-8981	21184
21518	-3762
-8981	-5622
-4624	24667
-267	19802
-267	-1406
-4624	6942
4090	-4750
-267	-8468
8447	-1044
12804	-4345
4090	-5467
12804	19133
12804	4425
12804	-2400
-4624	-8752
-4624	-7377
25875	-6802
-4624	-10681
4090	-10023
-8981	-3442
4090	-1879
4090	-4292
8447	-2879
-22053	-3413
21518	-4519
-13339	7831
-13339	-3065
-4624	-2553
12804	-6708
-4624	-3518
8447	10866
-8981	-2827
25875	-6938
8447	-2635
-17696	-4614
4090	-6350
-267	33143
4090	-8325
-4624	650
12804	-4346
-8981	6597
-4624	14450
12804	-9376
-8981	-2918
12804	-8881
-4624	-10934
8447	-4786
-267	-3370
-267	-9196
8447	-3046
-13339	-5558
17161	-8680
4090	-5610
-13339	-3562
-4624	6047
-4624	2967
-13339	-9355
-13339	-7105
4090	-1281
12804	-9149
8447	-3585
12804	-4935
-13339	31489
-267	-10351
8447	-4866
-13339	1218
-26410	3379
-4624	-8155
4090	3791
4090	-5308
-4624	-8251
-267	-7731
-8981	-4598
-13339	20801
-267	-6292
-8981	-3576
-267	-6660
17161	-46
17161	-6045
-13339	3036
-267	-10528
-4624	-9879
-8981	14322
-4624	-1312
-267	-3497
-4624	10174
25875	-4990
-8981	-3405
8447	14896
-8981	-3255
-13339	31626
-267	-2615
8447	48813
-4624	-3850
-4624	-4680
-267	93
-4624	-3460
4090	-3616
-22053	-12958
-17696	-5228
4090	-2939
-8981	725
-4624	-9550
-8981	-7206
-4624	-7174
8447	-5636
4090	-4190
12804	-615
-13339	-3131
8447	-14774
-4624	-2958
25875	-5733
-267	-6424
17161	37381
4090	-6487
-4624	-8064
-267	-3849
4090	-8740
-267	-1102
-4624	4409
-4624	29370
-267	-5031
-267	-6439
-17696	-6126
-8981	-3178
-8981	-3140
4090	-6111
4090	-5039
-267	-3483
8447	-5396
4090	-5554
-17696	-6625
-13339	-3561
4090	-9044
-4624	-7307
-8981	6563
4090	-3111
-8981	-4995
-13339	-8823
-8981	-7328
17161	-1615
-4624	17337
-267	-3378
-267	553
-13339	-4552
-4624	-4871
-4624	5998
-17696	-4421
-17696	-4059
8447	26678
-13339	9089
-8981	-4874
-8981	6337
4090	-3784
-267	21350
17161	-4898
-4624	1757
12804	-475
-267	-8325
-267	3639
-4624	-1726
-8981	-6102
-13339	-607
-4624	-5840
8447	-8957
-13339	-9174
4090	-4993
-4624	-6407
-4624	-3274
-4624	-6879
21518	23359
-4624	3307
8447	-1610
8447	-1542
-267	-3657
4090	-13156
-8981	-5874
8447	16922
12804	14511
-4624	-6557
4090	14462
-13339	-5430
-267	-3316
21518	6497
8447	-4833
-13339	-1971
4090	1117
-4624	-2966
-4624	-4933
4090	-3081
-4624	767
21518	28509
-267	-989
12804	-11595
8447	-6572
-4624	12145
-267	-11891
-17696	-5341
-8981	-1368
8447	-3982
12804	-1513
4090	8457
-267	-6554
4090	-5363
-267	-8134
-4624	-6124
-17696	-2291
12804	-12973
-8981	-6233
-8981	5180
-8981	-6434
8447	30959
-8981	-7927
-267	-10067
4090	-7891
-4624	-7729
4090	-4682
21518	-7996
-267	-8684
8447	-2498
4090	-9604
4090	-12901
-13339	1574
-4624	-3654
12804	-4484
-4624	1288
8447	-3311
-8981	-9696
4090	-14096
-8981	-5896
-4624	11000
17161	457
-13339	-7746
12804	-5179
-4624	-7946
-8981	3206
-4624	-7318
4090	-7740
-8981	-878
4090	21665
-8981	-6569
12804	-1816
-22053	-5531
-267	29440
-4624	-7769
17161	-3903
-267	-5292
-267	-2798
-4624	-4743
8447	-2228
4090	-7878
4090	13612
-13339	5052
-8981	-11075
-267	-2469
4090	-9277
-4624	-8346
-267	-6083
-4624	13467
-13339	-309
8447	-4105
8447	16114
-267	-2947
-8981	4878
-13339	-1734
21518	7926
-8981	-6226
25875	-929
8447	9751
4090	-4399
-13339	23125
-13339	-2161
-8981	9620
-267	-4925
-267	2075
-8981	469
-13339	-4371
-13339	13724
-4624	-3890
-267	-5509
-4624	-4241
-4624	5815
-267	-6212
-4624	-7331
-8981	-4381
-8981	-3119
4090	-9612
-13339	-4041
-4624	-4009
-4624	-6283
-4624	23646
-4624	-7392
8447	-4029
-8981	-11278
-4624	4528
4090	-3749
8447	5012
-267	-8035
12804	-4340
-267	-7578
-4624	-4315
-4624	5730
8447	3762
-8981	-8747
4090	-1451
-22053	-5339
-8981	-8594
12804	4562
-8981	23872
-22053	-4117
-267	757
12804	-5382
4090	1877
8447	7689
-4624	-4022
12804	-5986
-8981	-5322
17161	7175
4090	-1921
4090	33815
12804	13624
-22053	-637
4090	-8708
-4624	-4339
-267	-4354
-4624	-9614
-267	594
-4624	18384
12804	2231
-13339	16448
-13339	-4712
-8981	-6869
8447	-3439
-13339	-3872
4090	-11461
-8981	-12474
-8981	-6347
-17696	484
-4624	5054
-267	2420
17161	-5377
-267	-7217
-8981	-207
-4624	-9866
8447	10417
17161	36254
-8981	17773
8447	-5191
-4624	-885
-267	-3942
-267	-5363
21518	21819
-13339	-3824
-8981	7824
-4624	-5914
4090	-2818
-267	13356
-267	1769
8447	356
4090	-4186
8447	-7224
-17696	10429
-4624	-2496
21518	-2310
-8981	-11617
-4624	-8382
-267	-2417
8447	-2614
-267	-11923
4090	-1850
-8981	9832
-267	5723
-17696	-9961
12804	-7717
4090	1684
21518	-5910
4090	-7388
-267	2142
-267	-2284
-4624	-5127
-8981	-6749
-4624	-4659
-4624	-1972
-8981	-68
-8981	-8163
8447	-11834
-4624	-5588
-13339	-7645
-267	-4354
-4624	-3250
-13339	11769
4090	-3225
-4624	-4461
8447	-6516
-267	-4105
4090	-6108
-13339	11628
-8981	9927
4090	-583
4090	-5987
-267	-1569
-8981	25375
4090	-3988
4090	-6601
8447	-3882
-4624	-6530
4090	8307
8447	-10029
-8981	-4689
8447	-9836
-8981	-6908
12804	26557
4090	112
-4624	-3854
-267	13178
8447	-2109
17161	20887
4090	-133
-267	-5101
12804	-6140
-267	-7541
4090	-8559
12804	2698
8447	-8447
4090	-4441
25875	917
-4624	-7295
8447	-4713
4090	-3430
25875	-1643
-4624	-2543
-267	-3681
8447	-1085
21518	-3226
-4624	852
-17696	2199
12804	6021
4090	-7975
-13339	-4134
4090	-1282
-267	28398
-8981	2264
8447	-4966
8447	-6559
-13339	5193
12804	-9227
8447	-4031
-8981	23061
12804	-2714
-267	-5924
-4624	-6811
4090	399
-8981	25928
-17696	28551
8447	-2450
12804	-3830
4090	2215
4090	-1381
-8981	-6270
4090	-2736
12804	-9805
21518	-7725
-267	-5209
-267	-8561
-4624	-4077
-8981	-4884
-267	-2675
4090	-1505
-4624	-3852
4090	8465
17161	-1768
-267	21590
17161	9275
-8981	5113
21518	-4999
21518	-3255
-13339	-7041
-267	3699
12804	-3596
4090	11191
-267	-5309
4090	-4262
-267	7325
-4624	-3882
4090	2524
-4624	-1029
-17696	-6006
-13339	-10791
4090	-3371
8447	401
-267	-1283
-8981	-5631
-267	-4675
-267	-7224
-267	-7592
-267	8840
-267	-4187
8447	1904
17161	16951
-17696	-1473
-8981	-2427
-4624	2954
-8981	-5486
-13339	-7409
8447	5983
-13339	-5160
-8981	-3767
-13339	3315
17161	-4757
4090	-4720
-267	-2811
-22053	-4419
8447	12318
4090	-4554
-17696	-6228
17161	-4715
-267	-2402
12804	10392
-4624	-6299
-8981	6331
4090	-9330
-8981	2406
-4624	-1290
12804	-3529
-267	-5487
-13339	31439
-8981	6392
-267	-3695
-13339	-1926
-267	-8500
-4624	-5452
-267	-4779
-4624	-7848
4090	-4005
-267	-2633
-4624	-5522
-4624	6402
-22053	-6795
-267	-3876
-8981	-5088
-4624	-5323
4090	17
-267	-6991
17161	-2061
-8981	-4703
4090	-330
4090	2715
17161	-3271
-4624	-8854
-4624	-1315
4090	-3845
-4624	-7711
-4624	19822
-8981	-2789
12804	477
-267	-4289
12804	-7377
8447	-773
8447	-7971
17161	-9063
-8981	-1420
-8981	-10276
8447	-7822
-4624	-6780
-8981	-1973
21518	-4635
-267	-3741
4090	-2116
-8981	-9692
-8981	-5432
8447	9173
-4624	969
4090	-4909
-267	15797
17161	-5793
-8981	-6414
-267	-1721
8447	-4287
-4624	5951
-267	-6781
-4624	1948
-267	369
-13339	-2190
17161	24450
12804	85965
-13339	-7927
12804	-3271
-4624	-3224
-267	-4660
-4624	4446
-8981	-6815
4090	-3914
-267	-6855
-13339	7513
-17696	3334
-4624	-2489
-4624	-1431
-267	-3376
4090	-12259
8447	13298
-267	-778
-8981	-3778
8447	-9004
8447	42772
-8981	-338
-8981	-9194
12804	-8037
-4624	37776
12804	25384
17161	31597
8447	-2911
-267	-4350
-4624	13818
-8981	-6674
8447	-4721
8447	-8792
17161	-6448
-8981	-3489
-267	-1937
-13339	7185
12804	-6537
30232	1509
-13339	-5333
8447	15793
8447	-3705
-4624	-2544
-267	9160
-267	4236
4090	6537
-267	13993
-267	650
-8981	5663
8447	19174
8447	2127
4090	-4267
21518	-4127
-267	-232
-267	-13025
-4624	6218
-4624	-6083
-8981	-5204
-13339	-4356
-22053	33350
4090	630
-267	-8066
12804	9012
-8981	-6638
-4624	-4278
-267	11377
-267	-7137
12804	18899
4090	-3034
4090	-639
-13339	7788
-267	24235
12804	-8583
-13339	-3673
4090	-3950
4090	-3003
-8981	-4518
-13339	-9733
-4624	5129
-17696	-8305
-4624	-8539
8447	11762
-13339	-10007
-267	-9742
8447	9125
8447	325
-8981	-1889
-267	-10065
-267	31037
-4624	-5739
-13339	31192
-13339	-5756
25875	-4498
12804	-3334
-8981	-4006
-267	-790
-267	-7555
-4624	-8550
4090	6652
4090	1087
4090	9920
-4624	18084
12804	-1093
-4624	-6483
4090	-10536
8447	-2016
4090	-5758
-4624	20467
-267	28793
-4624	-3277
4090	-13097
-4624	30097
-8981	-5582
-26410	-3806
-267	10080
-267	-7257
-8981	-4329
-267	-1529
-17696	2772
-4624	-4183
-17696	-4957
4090	-8892
21518	8642
21518	-4710
-13339	-5500
-13339	-761
8447	-3963
-4624	-2666
-267	21494
4090	-6635
4090	-1888
-8981	-4245
4090	-8925
-8981	-7062
8447	-9742
8447	439
4090	-5963
-13339	-2442
-13339	-12017
8447	-882
4090	-5270
-8981	-855
-4624	-542
4090	-2503
-267	-5515
-4624	2908
-267	6547
-13339	-458
-267	6551
-267	-1084
-267	-4753
-267	-4692
-8981	-9033
-267	-5154
4090	-1663
25875	-8031
-17696	-3560
-13339	-6830
-4624	-6653
-4624	-3281
-8981	7972
12804	18270
-267	-6496
-267	-7023
-4624	-8863
8447	-6581
21518	19266
4090	-10579
-267	-6977
12804	1219
8447	4330
-13339	-3348
12804	-4841
12804	-7292
17161	-8980
-267	-3108
-4624	-9298
-8981	-4706
25875	-2154
4090	-3517
17161	-13041
-22053	-6346
17161	-3273
-267	-5464
4090	-1489
4090	4554
17161	-5404
4090	-4074
12804	-7323
8447	-8499
-4624	-497
4090	2085
-4624	16980
4090	-7593
-267	18712
-4624	9226
-13339	-6430
8447	2037
4090	-2612
12804	3836
8447	-7579
-267	845
17161	7727
8447	6225
-4624	-497
-267	-3127
-4624	50212
8447	1793
-8981	-5475
-13339	-114
-4624	-4725
-13339	-1161
8447	-642
8447	-6931
-4624	-5294
-267	-3166
-267	-5178
-4624	4719
8447	-5174
4090	-4103
-8981	-5778
21518	-398
-8981	-6274
8447	5244
17161	-1379
-4624	-1183
4090	-2388
4090	-2940
12804	4506
17161	788
-8981	-4506
-267	-389
-4624	2195
-267	-2688
-8981	2823
8447	-398
-8981	-4079
4090	-4113
-267	-4359
12804	5810
8447	2247
-267	22227
-8981	-1896
-267	-10069
-13339	-3942
12804	3894
-4624	24323
-8981	-3695
4090	1239
-4624	25393
4090	-2294
12804	-9021
8447	-4159
-4624	-316
-267	-1542
-267	-6461
8447	-7751
-13339	-6057
8447	-8710
8447	-481
-17696	2308
-4624	-4837
12804	-7374
17161	-4116
-13339	8133
12804	5135
25875	-12434
-8981	-5506
12804	-4927
4090	7559
-4624	-8491
-8981	-218
8447	19136
-267	-4841
12804	-5629
4090	-6084
4090	-8412
-26410	-5861
-267	-5037
4090	5976
8447	-7241
-267	20442
4090	-2333
-13339	3957
-8981	14712
12804	4222
-267	17288
-267	2406
-4624	7783
-8981	-7335
-4624	-8118
12804	1053
-8981	-4570
-267	-7757
17161	20288
4090	-4697
-267	1369
4090	4956
-17696	-7986
4090	-3110
-267	-1345
8447	-1347
-30766	-742
-267	352
4090	-8105
21518	15736
8447	-4919
-4624	-602
12804	-3937
-17696	-7720
-267	15414
4090	-7338
8447	-7090
-267	-5487
-4624	14455
21518	-6316
-267	2001
-17696	4276
25875	-1324
17161	-4255
-17696	-3832
-267	-2146
4090	3503
-267	7788
-8981	-4807
12804	15878
8447	-7339
4090	-7894
-13339	-9692
4090	-974
-267	-3691
8447	-2776
-4624	-3401
4090	-697
-4624	5416
-267	1666
-267	-5994
4090	45
-8981	-7893
-13339	-9072
-267	-5945
8447	-6111
4090	-6326
-13339	-10651
4090	-3301
-17696	1620
-8981	7860
-267	-1497
8447	4860
-13339	6963
-267	-4904
4090	700
-267	-4754
-8981	-3370
-8981	-9436
-267	-4319
17161	-6272
-4624	-5340
-8981	11677
17161	1089
-267	-2540
-8981	6347
4090	-3236
-267	-4068
-8981	-6412
-4624	-1839
-4624	14121
-4624	17741
4090	-9081
8447	-7658
-267	6337
-4624	-3500
-8981	-3466
-267	-8502
12804	437
-17696	-896
4090	-405
4090	-4019
8447	-6022
17161	-3154
-4624	18210
4090	-1924
4090	-6408
-267	-7164
-13339	-2298
8447	3167
-4624	-871
-4624	-6555
-8981	-4410
-4624	6867
-4624	1013
-4624	-10887
-8981	-4483
4090	-4525
4090	-8918
-4624	23958
-8981	-2012
-4624	-4268
-4624	-3987
4090	-8303
-267	-10378
8447	-6603
-4624	10455
-13339	-1293
-4624	-7124
-13339	-6471
-8981	-4633
8447	22972
17161	-9223
21518	-1040
-13339	-3151
-8981	-299
-13339	-3075
-267	5466
12804	21383
17161	-7696
-267	-3064
4090	3743
-267	-832
4090	7749
-4624	-7322
-8981	743
-267	-2343
12804	12928
-267	-11540
8447	16472
-267	42650
-267	11126
-4624	-1594
4090	1156
8447	-4735
-267	-6071
4090	-4920
12804	22901
-267	24833
4090	910
12804	25102
12804	-10390
-8981	8361
21518	-4082
12804	-1810
-4624	-6011
-267	8123
17161	-8991
-8981	-11823
-17696	-6018
4090	-1680
-8981	-7120
4090	14130
-8981	1035
-267	12807
-267	-3829
-13339	-10129
-4624	-3076
-4624	2156
4090	-5951
4090	12092
4090	-3250
-4624	4285
-4624	-1158
-8981	4486
-17696	-6667
-4624	-6087
12804	-2312
-8981	14053
17161	-20382
8447	-4634
-267	-823
4090	-3771
-13339	-5111
4090	-11365
-13339	893
-13339	-7807
-22053	2419
8447	-2862
17161	-4943
-267	-8597
-4624	-2313
-4624	22855
-4624	7470
12804	8091
17161	-6441
-17696	-5459
-267	20234
12804	-3908
-267	8671
-8981	-3384
-17696	111
-8981	-4841
25875	-8555
8447	-3364
4090	-4754
-8981	-293
8447	16641
-267	-8354
-8981	-4377
-17696	3681
-8981	-4273
-267	27999
17161	-9190
-267	-5341
-13339	2142
4090	-6027
8447	3877
-267	-6000
17161	122
12804	-7142
-8981	-4297
17161	3480
-267	-6899
-267	13883
-26410	-3288
4090	-5497
-4624	-13552
-4624	10004
4090	-2969
-13339	-4796
-267	-6686
4090	38789
12804	-8004
-4624	19734
-8981	1194
-4624	-9515
-8981	-2319
-4624	-5825
4090	-9337
-267	-2399
12804	36120
8447	-1643
21518	-4736
-267	1306
8447	-1235
-267	1405
-13339	7413
4090	10364
-267	3813
-267	1259
-4624	10446
4090	-513
8447	-4875
-8981	-2810
-8981	10565
-267	-3802
4090	-9389
12804	6518
-8981	-3022
17161	13628
4090	23
-8981	1618
8447	12477
-8981	9081
-267	-1785
4090	-6517
-4624	265
-22053	-6778
4090	-4768
-267	-12394
-267	-4606
-267	875
-267	-6707
-267	-6206
-4624	14819
4090	12168
-4624	19170
-4624	-3869
-13339	15572
12804	16580
-4624	9924
-13339	-1278
21518	-6513
4090	-3766
-267	-8604
4090	-2854
4090	-5122
4090	-5422
-267	-5553
21518	-4942
-4624	-5129
-8981	-2630
-8981	-5564
-267	-628
-267	11531
-8981	-547
8447	3974
21518	-1835
-267	-6198
-267	-3755
4090	-7449
-8981	-7492
4090	7729
12804	2917
-267	-4583
-4624	-7822
-13339	-10081
8447	3805
8447	-8422
-8981	-6571
4090	-3996
-267	-1844
21518	2412
4090	-5983
17161	16624
-267	-5513
-4624	9534
-8981	47992
12804	-1303
8447	9514
8447	11132
-17696	-8165
4090	-2565
17161	5183
-267	-2462
4090	-1918
-4624	5868
4090	-3053
12804	-12
4090	-6985
-4624	-3619
8447	-2971
12804	-6519
17161	10054
-4624	-7642
-4624	-6940
17161	-1922
-267	-7460
-4624	-5093
-267	-4744
17161	-2204
17161	-3300
4090	-5807
12804	-9404
4090	-6042
4090	1974
-4624	9546
21518	-4139
-267	9198
4090	-1871
-4624	-7462
-8981	-354
-8981	-2908
17161	2718
4090	-4424
4090	23304
-8981	-10321
30232	-7770
-22053	-9765
-8981	-4435
4090	-6651
4090	-1900
-17696	-6367
8447	519
21518	-3468
17161	-5644
8447	13001
8447	-4231
-13339	-8399
-267	-5682
8447	4896
-4624	9519
-17696	4299
-4624	-2453
4090	-4788
-267	5206
8447	9199
12804	-1901
8447	34810
-8981	-2380
-267	9476
12804	-2754
4090	-3952
8447	-4351
21518	-7382
8447	1989
-4624	-7863
8447	-1734
-4624	8750
-13339	-11082
25875	-2903
4090	-2773
4090	-5810
-13339	773
-4624	-4890
-267	-4833
-267	-2620
-8981	21983
8447	-4991
-8981	11197
-4624	66
-17696	-3908
-4624	7469
-8981	-5288
-4624	-310
-4624	116
-4624	30994
-13339	-6374
-267	-4920
4090	3017
8447	19658
21518	-5075
4090	16431
-13339	-7891
4090	342
-17696	30480
12804	-6730
-8981	-6056
-13339	5204
4090	1890
17161	-8458
-267	-3726
-4624	-356
-267	-5454
12804	4427
-4624	398
12804	15334
-267	11973
-13339	-5170
-4624	-10664
-4624	-3557
-267	42199
8447	-7949
12804	16861
-4624	16123
4090	6480
17161	5864
8447	-659
-8981	-13948
-4624	-2329
8447	-2153
4090	-6920
8447	-2732
-13339	-4048
-4624	16938
4090	-540
-8981	20197
-8981	791
8447	-9260
-4624	-10570
-13339	-1311
-8981	-4433
21518	-4255
4090	-5958
4090	-9091
-8981	-4878
-13339	-6189
-267	-1335
4090	-1574
-267	-287
-8981	-2752
4090	-5222
4090	-1692
-4624	-4246
25875	10210
-4624	-3151
-8981	-4243
-4624	-4444
-13339	-4624
-13339	-10641
-4624	723
4090	19247
-4624	6364
8447	-3098
-4624	6084
12804	10216
-13339	17000
-4624	-4174
-8981	-3626
12804	582
4090	-9351
-267	-6344
-267	-6284
-8981	-5797
-17696	-5371
-4624	-2413
8447	-2837
12804	-5807
12804	-148
-4624	-3271
-13339	-5147
-267	-5336
4090	-4571
17161	-3160
-4624	-5395
-267	-3409
4090	14287
-267	-206
8447	-5236
-8981	-5119
-267	-7281
-17696	15158
-13339	-3661
-4624	-4484
12804	-7143
-17696	-402
-267	-5521
-4624	-5360
-17696	-9518
-8981	-8536
8447	-5792
-4624	-137
-267	-4483
4090	-2952
-267	-6473
-4624	-2714
-4624	-3700
4090	17192
-8981	-7462
-17696	-7129
-4624	9391
-4624	-7192
-4624	-8172
-267	-1444
12804	-6472
-8981	-7112
12804	-3525
-8981	-12241
-267	-6964
-8981	-498
-267	-4686
8447	31551
-17696	-2949
-267	-4459
-4624	584
4090	5447
-8981	-7908
-13339	5934
12804	-3998
-4624	-5036
-8981	-5311
8447	-8519
21518	3484
-267	-1745
-17696	-3708
-267	-2298
8447	-1123
8447	1798
-8981	-4615
25875	16422
4090	-4731
4090	-887
12804	-3567
-267	12778
-8981	-1575
8447	-1534
4090	-686
17161	7306
21518	12734
4090	35236
-8981	-5362
17161	-8160
-13339	-6031
4090	12348
-26410	2639
-4624	-6484
17161	-3309
8447	23701
12804	8421
8447	-185
-267	6372
8447	-4149
-4624	12748
4090	-2232
12804	6372
-4624	9889
-8981	-9388
4090	12858
8447	-9170
21518	-3619
-8981	-6640
-8981	9199
-267	9449
-8981	-4123
-267	-6913
4090	-6227
-13339	23577
17161	-4590
-13339	-8116
-4624	13846
-8981	-5852
-267	-8182
-13339	7607
4090	5365
-17696	-7479
8447	-421
8447	6838
-8981	-6022
-26410	-5620
-267	-3502
12804	2709
17161	12237
-267	-715
-22053	-4723
-8981	3811
8447	-1361
-26410	-3702
12804	-7394
4090	-9282
12804	-6387
4090	5138
-8981	-7884
-8981	7414
8447	-7324
-13339	29744
-4624	248
-22053	17454
8447	-3777
-4624	789
4090	-5594
-8981	-2619
8447	27775
-267	-4741
8447	-24
12804	-1449
-8981	162
-26410	-7859
4090	-10594
8447	-7982
17161	2933
17161	-3835
-13339	410
-267	8328
-4624	-3746
-267	31517
-267	-5150
-13339	-6249
-267	-9575
4090	-8820
-4624	3736
12804	-7164
-267	-7033
4090	7870
12804	11900
12804	6964
4090	-2343
8447	11857
-4624	-3701
12804	-206
-267	22924
-4624	-679
-13339	-3202
-17696	-376
21518	-502
-8981	12021
-267	-4594
-8981	8403
-267	-1556
8447	-8961
-13339	-5068
4090	-3013
-267	-8724
-4624	-11344
4090	-5842
8447	-2178
8447	-6225
4090	916
-8981	2424
-4624	-9308
-8981	944
-267	-12700
4090	-4398
-267	397
4090	20879
-267	-2232
4090	7306
-267	9663
-8981	-4958
-267	2123
-8981	-9846
12804	-6916
-4624	-1562
-17696	-2798
8447	-8470
4090	15848
21518	-7581
25875	13575
-267	-5054
-4624	-7297
-8981	-8186
4090	-1388
-8981	-4403
-267	-7138
8447	20752
-13339	-12880
4090	15755
4090	2118
-267	4021
12804	5636
-4624	534
-4624	-11013
-267	-7828
-13339	-7563
4090	-6169
8447	1463
8447	-7916
-4624	262
-267	-1654
-4624	8394
-8981	-6636
17161	-2425
-267	-2077
4090	14878
-4624	2236
-8981	-4871
-4624	-4670
4090	-5638
12804	-5234
8447	9512
8447	-3960
-4624	-3170
8447	-1852
4090	-5217
-267	8022
-267	-4098
4090	-4179
-8981	12408
8447	18471
-267	9204
8447	-303
4090	-3089
-267	18878
4090	-478
-4624	-8394
-267	-4557
-4624	-3924
12804	12133
-13339	-7301
12804	-1760
-267	-6424
-13339	-9506
-267	2901
8447	-2613
4090	48317
-267	-6101
12804	2164
-8981	23479
8447	-7946
8447	-6308
12804	3195
-8981	-8780
-267	4052
17161	-6064
-22053	18436
-4624	-3772
17161	2671
-4624	-864
8447	5680
-4624	-5757
-4624	-4005
-4624	-5082
-17696	6022
-17696	9513
-17696	-5436
-13339	-4266
-4624	-3771
-267	5240
4090	-5665
-267	-7072
-8981	-8900
-17696	23782
-8981	-5345
4090	-3867
21518	-3928
-8981	-2669
-8981	-10243
25875	-6835
-267	-2254
8447	25035
-17696	-740
8447	15220
4090	-5268
8447	-261
12804	1887
-13339	-5082
-4624	43180
-8981	-4423
-267	-8492
-4624	-4484
-4624	19462
-267	-477
8447	10550
8447	-6949
17161	15962
-4624	12452
-8981	4067
-13339	-5971
8447	40584
-4624	-1737
17161	29562
-267	37626
-4624	22365
17161	-3395
4090	-6574
-4624	4723
8447	-5094
-13339	-7412
-8981	13695
8447	-6330
-8981	-1955
-267	15941
-4624	-7318
-13339	-5234
-13339	-3212
-4624	-3498
4090	-4184
-4624	994
-267	-4741
-8981	-1340
-22053	17260
-8981	-3749
-13339	-6036
-8981	-4136
-4624	454
12804	-7738
17161	-3658
-13339	-249
-8981	-8780
-13339	-3063
4090	12074
-8981	-10517
-4624	10660
-267	-8979
-17696	42302
4090	-3536
4090	-1537
-267	1806
-267	14358
8447	-5171
-267	1172
12804	-6677
4090	-4921
-13339	-63
-17696	5858
-4624	-4935
4090	-2521
-8981	-5589
-267	555
4090	-2097
8447	4277
-267	-5184
21518	8843
-8981	13758
4090	768
12804	25098
-267	45510
-267	-325
-267	-3610
-267	2191
-8981	-650
-267	6910
-267	-1399
-8981	59509
-267	-3946
-4624	-8377
4090	-2908
-4624	-6842
21518	1179
-8981	-6940
-267	5437
-17696	-6384
4090	-4447
-17696	5405
17161	-2775
21518	28305
-4624	-10816
-8981	-8296
-30766	-6778
-8981	14950
-267	-3836
4090	-1029
17161	-3075
8447	-2584
-267	-5605
-267	-14699
4090	-7833
4090	2464
-4624	-1138
-8981	-10551
-4624	-2588
4090	-967
-8981	15473
-13339	2910
-4624	-6831
-8981	-4640
4090	-4458
-267	4301
-267	-3641
-26410	8693
4090	-6907
-17696	3525
-267	12874
25875	14337
-17696	-815
-13339	-7698
-8981	17147
-8981	-1461
-13339	20552
-4624	-6257
-8981	-3321
-8981	-6347
-4624	-9085
-26410	-7519
-267	-2950
12804	-1633
4090	-4001
-17696	-5266
-4624	10588
8447	-5467
-267	45
4090	3736
8447	-5189
-17696	-4020
-4624	-3796
4090	-9459
-4624	2166
4090	15528
-13339	-2110
-8981	-5208
12804	-4421
-8981	-3904
-267	-1823
-267	-6121
-4624	-1094
-267	13144
-267	-6603
17161	-11012
4090	22319
-267	-9138
4090	11719
12804	-1878
-4624	-13591
-8981	-1878
-267	-4896
8447	-9116
-13339	-2243
8447	39078
4090	-6585
-4624	-7699
-4624	6311
-17696	380
-13339	5964
-4624	36575
-267	206
17161	-2277
-267	-4079
4090	-1316
8447	-3581
-4624	-8634
-267	500
-4624	-5361
17161	-8366
-267	9472
-8981	7903
8447	24759
-267	3853
-4624	-10683
-267	204
-22053	-6561
-26410	-4293
-13339	-9268
8447	-6356
-17696	-2616
-8981	-4602
4090	-6494
-4624	-5949
8447	762
-4624	11733
-4624	-4022
4090	-2129
-4624	-6873
17161	-11385
-4624	32263
-4624	-2536
-13339	357
-267	-931
-4624	-6843
12804	-2420
-17696	7543
-267	-4957
-4624	-3650
-267	25996
-4624	-9484
