-7936	3
-3487	13
-7009	9
-48	1
3227	3
-1671	13
3321	9
-3957	11
-10495	9
-2039	1
33938	3
-3023	5
-5492	9
1961	13
-6318	2
-9108	9
-4152	9
5304	1
7313	3
1987	13
-13347	9
10703	9
8269	13
2453	9
266	12
1442	13
459	1
298	2
2256	1
-246	12
310	13
13373	12
-4518	1
3205	9
-7095	1
-220	9
1072	12
-7836	12
-6166	1
1038	4
-54	9
-2294	12
7341	12
10732	9
-3789	9
-5767	13
10610	1
7553	9
8493	12
-10758	12
-7084	1
-7476	2
862	9
-2398	8
-5000	1
9264	1
-7872	1
-1062	13
-5126	12
-10927	13
-5121	12
2129	12
-11784	9
-11934	9
-6923	1
-7721	9
-3530	12
-7411	9
-5343	3
-8656	9
-11074	2
-6957	9
18144	12
-3786	12
1481	12
-10845	4
-335	12
2199	3
9610	4
4382	9
32106	13
13804	4
-11423	8
-10953	1
-3294	1
5678	12
-13165	9
-12479	12
28666	4
-2285	2
-10434	9
14347	2
-6033	9
-8762	12
3267	9
24171	13
-4937	1
9051	9
15426	9
15219	12
-1481	13
-408	9
-7757	9
-1196	1
13291	13
-9460	1
15958	12
556	12
19254	4
-1178	12
4548	9
4201	9
6648	1
-5224	12
2259	9
-7787	9
2358	12
-6013	8
414	13
-9166	2
-12429	1
-2374	1
-6194	3
20560	13
2021	12
-11149	8
25935	12
228	2
34231	12
-62	5
-5334	10
-672	12
10256	11
-3247	1
16261	13
11632	12
-4165	9
761	4
-6472	12
-9019	13
-4986	1
-236	12
-13753	13
1695	3
-7875	13
-8368	8
3126	9
-2570	1
2131	9
-277	2
-1950	3
-3819	2
-2409	1
-3090	1
-2487	9
12105	3
-10779	12
-12808	13
-8232	13
2214	13
-878	12
-2726	13
-15645	10
12487	3
11927	1
-10026	2
5316	12
30488	13
13054	1
-2736	13
-323	4
910	12
-8423	13
6681	12
-7746	1
-2590	12
2129	3
259	12
34	12
-375	12
10151	9
8648	13
17403	13
-2149	9
-3528	9
-7426	9
-205	12
-1457	9
44062	12
1230	9
18260	13
-2014	9
-10662	9
549	12
-2034	2
5148	13
-4165	3
19253	3
597	13
-9331	2
-1890	2
1108	4
-7011	5
-8174	9
4963	12
-5983	4
12633	13
-14210	1
11278	2
2434	12
-3015	9
1339	12
-2379	9
22397	1
11958	13
5898	3
9494	9
-579	9
-8809	12
-1028	8
-10796	12
-6257	12
1396	9
19200	12
12111	4
-3590	9
9565	3
-10843	12
-3213	12
5433	11
548	9
-6529	12
-4097	4
2574	3
-11583	3
-2797	12
-1731	13
-675	12
-7290	9
-8488	4
-10097	9
1453	9
-6391	9
-6757	1
-5162	12
11153	12
-8756	1
1622	13
-8680	8
17106	2
-296	9
1592	12
-1138	13
7292	13
4872	12
26799	12
14956	8
3313	9
3073	9
47543	9
-595	12
-1511	12
-3840	3
22053	12
-1444	1
1957	3
344	12
-3427	13
867	12
-11235	12
5998	12
-11302	1
-5373	11
6565	3
20801	12
-5116	1
-1354	1
-1747	9
2079	13
-10910	4
-7254	4
8720	9
-1599	13
-5756	1
-10484	1
7080	9
-1017	9
-10349	5
-10340	12
-12807	12
-8794	1
-8906	4
-8750	2
-5984	12
-6910	1
19764	9
-2069	12
-7116	9
-11033	9
9921	3
-6292	12
-11312	13
-5170	4
12437	1
-9134	9
-7669	13
-12383	8
17840	9
-2359	12
-7958	12
6807	12
-9447	1
4844	9
3778	13
-7616	1
25268	9
-2943	1
-8388	9
-7632	3
-12896	12
-5464	9
-1165	2
10218	9
-1238	1
-3479	9
1208	12
-6884	5
12324	12
-468	1
1207	3
1410	9
14154	9
-3216	9
-8990	8
-6019	9
-5342	12
8649	9
-2577	9
4631	9
6870	1
-7904	8
11777	9
2523	4
-3097	9
-12049	10
-2529	13
6223	12
3938	12
15642	1
-12639	12
6160	12
-9617	9
-9735	3
-10584	4
7610	9
-715	8
-1248	9
-9670	9
-11038	2
12525	9
-3521	12
-178	11
10650	13
-12513	5
3197	1
-2115	12
-8331	4
-1495	9
-13425	9
-759	4
-1821	1
7095	3
11163	13
-2335	12
-2237	12
-8942	12
-1319	9
6347	12
-3560	12
-10994	1
12223	12
-10957	11
-6297	12
-14779	5
-3325	1
915	1
1585	12
38397	12
21582	12
-2623	12
102	9
-2451	9
-9053	1
-2867	13
24610	1
5852	1
-10825	3
-10404	9
8295	13
-9500	3
-151	12
367	9
-12123	13
-1097	9
-3129	12
6857	12
51828	9
-2149	12
-19766	13
-8206	1
-7523	9
-12757	9
5595	1
8408	9
5963	1
2799	9
-9262	12
3197	12
1661	9
-7756	1
-9959	1
13108	9
1999	9
-10204	9
-2654	1
-9456	4
-1365	12
-7867	13
4119	12
-3318	1
-9035	9
-6048	2
-11434	12
-7604	13
-15133	13
-7382	9
4623	9
-7683	1
-10372	1
558	4
8091	12
36724	1
2458	13
1586	9
18500	1
1551	3
48680	9
-6741	12
4989	3
2676	1
3496	1
18529	12
-14758	12
-4575	3
372	13
-8156	9
-2089	9
-10549	5
-1894	5
11964	9
5317	13
1443	4
-2383	1
1200	12
29995	9
-1587	12
3130	9
10043	12
4156	9
7080	3
-317	8
12260	12
-7933	12
-1739	1
-3108	13
-9018	9
-989	9
5198	3
-8854	13
-11881	10
6707	1
-3787	9
832	9
-9836	4
-9191	1
-12016	2
-4106	12
1424	1
11580	9
3837	9
-11008	4
-6699	12
15839	13
-2350	12
-4333	9
11689	1
7647	13
-10041	5
-5568	1
8032	12
-11129	3
15045	9
2963	1
2060	12
12725	13
-437	13
-851	9
-3744	12
8845	3
-8603	9
24791	5
-12967	8
-8511	13
7189	9
18256	12
-4015	1
-16548	13
-2549	13
-9360	12
-8944	9
-956	12
15116	13
-1595	1
9693	12
-9610	9
109	9
1242	12
-7835	4
2659	9
-1772	13
-7279	2
-8364	11
850	4
-8623	11
-12207	3
12062	1
9234	9
-11345	3
5552	1
2904	12
9894	9
-1463	1
3399	1
-6681	4
696	9
-8628	9
6229	13
55582	2
-12955	9
-7449	12
-3150	9
-8674	1
-11940	8
-9479	12
1897	4
1198	9
-8381	12
8634	1
-4395	1
-421	12
8324	9
-6409	12
-6463	12
8659	1
5580	12
6089	1
-8390	13
-9792	1
-8389	2
18673	3
3153	13
-8330	4
-6056	12
11767	12
-622	9
-7783	1
-5349	9
15943	1
6089	2
6989	13
-1613	9
1087	12
20194	9
-5243	9
-5158	9
18636	3
3119	12
-2134	12
8531	9
13116	12
-2350	13
-10116	9
3551	13
19898	13
-2475	4
-5468	9
-6486	3
-10083	9
-6428	12
10420	12
-3634	12
14834	13
-6640	12
6457	9
-512	9
13687	13
-4550	12
14582	9
3706	13
949	1
9968	12
-9433	3
5547	13
-7283	9
-4553	4
15840	1
-11466	8
5633	1
2541	12
-6520	12
-3141	9
-11629	9
16722	12
-8767	9
-5653	1
-1669	2
-1244	9
-270	3
10567	12
-4625	12
-7742	2
-16912	12
-6357	9
6548	9
789	4
23894	1
156	2
-3536	3
13472	9
12843	12
25600	9
14010	3
-11185	13
-8554	8
-3865	12
-2653	1
-5457	13
4018	12
5633	4
-13377	12
-6833	5
7949	12
4493	13
-4687	12
119	5
-9964	12
14249	12
-5355	9
-9102	9
-6934	1
9511	13
9463	13
-5465	3
-3148	11
-7667	9
15330	13
-3262	5
8361	12
-6914	12
4501	9
-1668	4
-3085	1
-12720	12
1416	9
744	9
9456	2
-12672	4
3576	9
12030	9
-4800	12
8424	9
3673	13
-10477	9
-4957	9
4211	12
-2190	1
-4204	1
689	13
62	1
-14731	12
21	9
-8455	2
-7373	13
-9590	8
1849	11
6703	12
-781	13
11251	4
-13435	9
8230	9
851	9
-12577	9
-3375	9
12778	13
-8393	12
-17444	9
-5738	4
1104	9
-2737	12
-7971	13
-180	12
-11318	3
-7583	12
-1230	3
-7572	12
-6773	9
-8094	1
10502	12
-426	1
-1817	9
-8035	9
-13297	12
-6297	9
-10293	13
-1599	9
-5211	13
-12884	12
34177	9
-4621	9
-4875	9
3447	4
7108	12
6	3
-2351	12
-4731	9
-6925	12
-3947	12
-4986	3
1588	13
-8512	13
-2458	12
-1192	9
6319	13
18187	9
-10661	12
-2368	4
-13884	12
-15312	1
19715	9
829	9
2937	2
-3133	12
6511	4
-218	9
-2683	1
3239	12
-8024	9
11148	12
-8175	9
-9217	1
-10269	1
3972	1
-6479	9
16873	11
-11853	4
-4725	1
51957	12
-8321	12
19348	12
6940	9
-13580	6
19930	1
-12505	10
-4452	1
3339	9
-11817	13
-9857	4
-10704	13
-11563	4
-5804	9
19806	1
-8496	8
-8672	12
8715	4
33156	3
-3848	12
14879	13
-10246	12
-2921	12
-8295	12
6320	12
2767	13
4852	12
9547	1
16738	8
624	12
-940	12
-11217	2
3259	12
-6698	12
-12972	1
4862	12
-5264	9
1597	12
-7022	3
-4797	8
-6772	3
-13446	9
569	12
3988	13
27268	9
7001	1
-9965	12
-1971	1
3878	13
-7806	1
9331	9
33965	12
-7500	13
1864	4
13623	12
-12946	9
-6720	12
-14388	12
-3233	12
-2487	9
-7911	2
-2377	1
-861	3
-13852	12
-3396	1
7036	13
15338	12
7656	9
-1020	12
-11697	13
13082	9
-6563	9
5664	13
-12710	9
-8591	11
6500	9
-875	12
-5650	12
10182	1
2865	12
13388	1
21115	13
-1856	4
8159	3
552	1
-1649	9
2293	9
11229	9
-6816	9
10458	9
-1692	9
3785	1
-2388	12
-3942	12
9141	1
15632	4
-509	12
3298	12
-8097	12
17630	9
-6966	12
8444	1
2774	9
25567	1
-1817	9
9110	9
77	1
13838	12
-9422	12
-572	9
612	12
-13196	8
-3226	9
-10565	9
-10767	9
-3519	12
3054	8
-9484	2
-2501	9
-8446	1
-4966	12
3635	11
-3334	1
-3213	12
5571	9
-7979	8
-7861	9
-3305	13
-7765	12
-5982	1
-9312	5
6475	12
-1266	12
-8700	13
28820	12
-2588	9
7185	12
7354	9
-4861	9
-2357	4
-5506	12
8492	12
3275	12
-12017	13
-4034	13
-4986	11
6829	3
-4342	13
-3469	13
-10913	2
-490	13
7805	13
-5930	9
-1049	3
-5913	9
-8838	12
10890	12
-372	1
-1638	9
-10529	5
-8869	4
-4452	9
-1117	12
-7456	9
-10543	9
41294	12
5348	13
5467	12
-12063	12
-7677	5
28106	3
2874	9
-361	9
13610	12
-1303	5
-10924	8
1192	4
4739	10
7150	9
-13480	13
-11336	13
-9395	8
-9731	9
6670	3
2833	1
1140	9
-6568	9
15726	1
-584	12
-1443	12
-6520	13
2336	9
19672	9
24968	9
8355	9
-9406	12
-8472	9
-13631	8
8339	1
15730	1
4847	13
-7068	9
-6461	1
-5244	12
6694	9
4307	13
-3140	9
-4736	13
3636	4
-2417	9
-13906	2
11345	1
16336	12
1533	13
-6936	1
16487	12
8325	13
-8450	13
-2824	13
222	1
3775	9
-10865	12
-11726	3
9053	3
-2502	12
-2640	13
-508	13
-4625	9
-9808	13
-10156	2
-2619	12
-6261	9
-7167	1
14832	4
2895	1
11465	12
1080	9
-10929	9
19481	3
-10249	13
7	3
-2379	1
-7384	12
-12198	13
5959	4
-6743	4
8548	9
5687	1
1019	12
-9415	9
-9827	13
3661	1
-992	13
-5280	12
9204	12
6808	9
2657	8
-9486	1
973	9
-671	9
-6028	4
-3589	13
-1433	9
-9053	12
-7287	3
6796	13
-1224	1
-2425	1
4484	12
18860	13
3315	3
-8252	13
-980	1
3497	1
8150	12
-7128	13
-3114	9
-6648	12
-6442	3
9197	12
-3595	1
-4685	3
-11481	1
3436	12
11708	3
-7009	1
-1692	9
-14294	9
-7922	12
-14407	9
-3428	12
-2401	12
-12137	11
-3523	1
1368	12
23645	13
-9506	12
-7364	1
13050	3
24886	9
1885	9
-9283	4
-2599	13
-9521	9
-4944	9
23407	9
-12596	8
16108	12
-2905	13
-6564	9
22533	12
14527	2
1408	4
4152	9
-4864	11
-7418	2
-6996	9
-3447	2
-2890	12
-3159	9
5488	13
-1967	12
6994	1
15802	12
-8644	9
-45	13
-1620	9
14105	9
4814	12
6291	13
-7596	12
2942	4
25586	9
-6490	12
-422	9
-12393	1
-8484	8
-12837	1
12192	12
-11905	3
-7015	5
-6031	4
3799	1
-3454	12
-4197	11
-5746	1
10276	1
-8660	3
15418	3
4622	11
5051	3
1729	3
-10483	9
-2597	9
-4164	13
9687	1
-3704	13
-5719	9
432	12
-9182	3
-406	12
-5245	12
18172	12
11853	12
6261	4
-3433	12
21908	12
-2158	3
-410	9
-3251	13
11946	13
15050	9
-12798	1
26192	12
1976	1
-3868	12
11469	4
3777	9
17202	13
-4851	13
-400	1
13204	4
-4802	13
-1309	9
-4987	12
-3327	12
9119	4
-6778	1
-6782	1
10147	13
-8579	12
-3594	1
-927	12
3625	9
-2538	9
6274	13
8532	12
-8047	13
20668	3
-9051	12
-9869	4
-3166	13
-1319	13
9151	1
-1851	1
16328	13
-7123	13
13714	12
-2822	9
8459	9
-7366	12
-13231	9
10311	9
-4274	13
310	13
-12222	2
2678	4
-1922	13
-11514	9
-10504	13
-1340	13
-4698	8
-6874	9
-8446	12
3515	9
-9879	13
-1079	12
-3835	12
11435	9
1540	12
1236	12
-11101	13
-12728	9
-3561	12
-4677	12
2489	13
-1992	13
11957	12
73	4
-8606	13
2968	9
11071	9
-10507	13
2380	4
-6402	12
5640	1
-7015	12
7949	13
-5033	13
-7867	13
9599	9
-6277	12
9675	13
4125	9
4447	4
-3479	13
-2169	12
-368	1
2707	9
-9591	9
-6702	9
1704	12
7605	12
-8849	12
-7927	3
2364	13
4469	12
466	12
14364	13
-6387	4
-14310	9
-12274	12
-69	13
2032	3
-1833	13
2647	9
-1786	12
-1861	12
12120	13
2663	13
-2039	3
-1644	3
867	12
-2284	12
-1418	12
6259	1
10696	13
1452	3
-6891	5
-1216	12
1366	9
8244	13
3580	9
-8679	9
-11610	3
5983	13
-2061	9
-9595	9
-1915	13
13953	12
-4217	12
-8367	9
26377	9
-9194	9
-6376	13
-16802	9
4753	3
1230	13
-11155	1
2853	12
2650	12
-2022	12
-8885	1
-12432	13
28245	9
2990	12
-6095	12
649	12
-12585	12
463	4
311	13
-10011	4
-2564	9
4079	9
23772	9
534	9
4388	12
-736	12
18333	3
-5179	13
-2684	12
3375	13
-3200	12
-6626	13
11442	13
-2258	2
-9732	8
7343	13
-8142	12
785	12
2152	1
8583	9
-6851	3
-9203	12
-7583	13
13328	9
-4352	12
-11556	9
5331	12
-13123	13
44341	9
-12307	1
-182	13
-7217	1
-4117	9
-8803	12
-9977	9
-13512	9
18020	12
-4781	3
16935	12
-8951	1
-9863	12
7746	12
-8620	13
551	13
-10460	9
11075	9
-3164	12
-11525	13
1015	1
8056	12
-3873	12
-9445	13
-5481	12
-3903	13
-4879	8
31999	1
-12027	13
-9280	9
-11059	13
18866	13
22248	12
-12128	12
19217	13
-12111	11
11721	9
-11399	3
-1369	12
-6253	9
8786	9
-2913	13
-11080	13
40426	9
-14261	2
4612	12
2395	1
5504	12
382	3
1943	9
-6886	12
-3938	11
-2057	3
-2048	13
1114	13
-13855	13
9492	11
-9971	12
-6528	13
15017	3
5489	1
-8084	12
-1190	9
-1045	3
-8533	11
-7904	12
-2427	3
-3677	3
8882	9
-46	1
-3921	3
2167	9
-3770	11
-1554	2
13265	13
-7007	12
756	9
-15140	12
2814	12
-8262	11
-951	11
26683	13
7158	3
3324	9
-2000	3
51692	1
-11380	13
7523	9
2301	3
3297	4
10277	12
-3323	13
10018	1
6406	12
30539	12
-6979	13
-914	13
14884	4
-8042	9
12800	12
-1016	1
5364	2
9342	8
-46	12
12088	4
10321	12
-12969	12
-198	9
-4282	13
-706	12
-11454	12
-5473	8
7098	12
-9302	1
-270	1
14670	9
-131	3
-7199	9
9747	2
-10931	9
-9547	12
-9644	2
1900	9
-7644	4
-6556	11
-4923	9
-3118	12
37	12
-8375	12
-8549	13
4472	12
-13700	9
-7430	3
-9063	12
-6648	1
-3156	13
-3151	4
-2687	9
-5406	3
14964	13
-2893	9
1760	12
-11988	2
9640	3
-7856	9
-3507	12
-3900	9
-6272	13
-8727	13
-4629	12
25322	3
8941	2
-11961	12
10133	12
-2705	12
3131	8
-13525	2
-2467	9
2323	9
-6698	4
-5988	1
-369	13
-7068	9
-6620	13
-5610	9
-2617	9
-7899	3
-4720	13
-9261	3
-4141	9
-14226	1
2328	12
-5309	12
-940	2
-11637	5
1417	9
14793	9
41641	9
56147	12
-4649	12
6035	12
1608	13
-9588	8
14108	13
-8928	9
-12236	12
-7504	12
-8519	8
-5105	5
33409	1
-10466	8
7352	3
24292	13
1106	2
11498	12
199	4
-13149	8
906	1
-3547	9
-7452	13
-7815	12
1976	12
-9996	1
-2277	12
18334	13
17219	13
-3239	1
-9134	12
-8193	8
-3162	9
11282	1
-9494	9
-7011	8
-6990	13
-646	9
5671	9
-5402	1
4208	9
-3787	9
10532	9
12807	12
12060	13
-7932	2
-4183	12
-6005	9
-1063	9
-1167	9
6070	12
3482	13
14110	9
4184	12
-5338	2
4278	9
-11163	3
19670	1
-1221	12
-5460	9
10585	13
-611	3
-1754	3
-11741	9
2384	3
347	1
-5151	12
-319	11
-10448	2
-11632	12
-11479	9
-8418	13
-4350	9
-4109	12
-5775	12
2751	12
7847	4
-12737	2
2	12
-13118	1
-4058	9
-3448	9
3566	12
4501	3
3418	13
-4136	12
-3408	9
-8307	9
-4118	9
2158	12
-1565	12
4329	9
-13350	9
-13585	4
36781	13
12062	3
11396	1
-5054	9
-2664	13
-11273	8
-9259	1
-9968	12
-1079	1
22808	9
-8975	13
-3017	1
4097	13
11834	9
9782	13
-12628	5
-3040	12
-9726	12
-6509	13
-6418	12
-8448	13
-7981	9
-6204	3
2765	9
-1435	1
-8484	12
-3269	13
-6124	1
-11905	4
-12389	3
-7147	2
-2910	3
11432	9
8521	3
535	12
4180	3
6090	1
23147	1
-6150	2
-3895	13
-8388	4
-8364	13
536	12
9540	9
-8810	13
-1501	9
-1168	9
10264	12
9079	3
-6741	13
-12281	3
16118	12
10419	12
-2852	2
-290	3
-1585	12
-12082	8
-12510	3
-7257	9
-2197	12
-7898	9
-8580	12
31823	9
26299	1
2062	9
-401	12
5258	9
30502	9
-6182	12
-3225	3
-12780	2
-3067	9
-10784	12
9755	12
10706	13
2585	9
-7363	13
-871	12
1163	12
-6086	13
1608	12
2330	2
3544	12
-9791	12
1783	9
14731	3
6311	12
-11836	1
1006	9
441	1
-2955	1
-2312	9
10368	9
-3377	4
-3727	12
14865	3
22509	12
-3912	12
2897	13
3995	9
-10317	2
-3900	12
-12415	5
12882	1
-4531	12
10146	12
5549	9
-2091	13
3506	12
-6774	12
-2786	8
-3766	13
304	13
5621	13
-6969	2
987	12
-3986	9
670	9
66	9
9918	12
-9821	1
22120	13
-1912	12
30421	12
-4519	3
-3808	12
-7098	1
24480	9
954	12
4261	9
4425	12
-6363	4
-7476	12
-3615	9
-11445	2
-4967	12
13345	12
-546	12
-4503	4
16320	13
-13867	12
-3911	1
-13851	13
-7713	12
-6805	13
-6813	3
-9769	2
-954	3
39578	4
489	13
-4457	9
9479	9
-12482	12
1039	9
-8869	9
-8906	9
7873	1
16628	4
9719	9
10999	3
-13414	5
-9059	13
9748	9
30912	12
-495	3
1772	12
17150	2
-9040	4
-3796	9
-7580	2
-9457	12
-7969	4
-7738	12
-7044	9
-5300	9
-6546	3
-7030	12
12011	9
-7868	5
3127	13
-4889	1
-8182	12
10640	1
-11007	13
-5459	9
-7734	13
-11753	9
-891	2
-1910	1
-13334	5
3961	1
-11843	12
2332	9
14371	1
-16700	8
-10970	7
-7527	9
986	4
30499	9
13138	9
-1783	9
-2126	9
3202	12
7080	1
558	9
-11533	8
-1806	12
-8259	12
-14475	4
-6884	13
-6554	12
-94	13
-8125	9
6501	9
-975	12
4774	9
-4304	9
16127	12
-4822	1
-12145	3
-10723	4
-8058	1
-10360	13
-2984	12
-7048	9
-10652	13
-2501	12
1515	9
19914	12
-5050	13
-1790	1
4941	9
-12472	9
-6032	12
-11920	13
-6918	8
961	8
-5170	12
14492	9
-424	1
-7538	12
-10493	9
-952	13
10306	13
3241	13
-4742	9
-1368	12
-12523	8
-10392	9
-8735	2
1150	3
-4051	13
-15	12
-6731	13
10976	12
-9395	1
-1687	1
5277	9
-3806	12
-7453	9
-4967	1
-8891	9
11654	12
-4071	12
-4394	9
-1566	12
4021	12
2596	9
8004	13
6951	13
-4276	12
-5082	12
-3656	9
1810	3
-522	9
-11190	9
-916	12
-2947	1
-1048	3
4153	12
-10109	9
-9714	1
-3884	9
14920	4
743	1
19554	12
-9740	12
482	13
-9534	13
-5031	1
-9568	4
10537	2
-14775	2
-10910	12
19772	12
-13281	8
11952	9
2523	9
-11174	12
7169	9
1753	12
-6782	9
2295	9
1946	12
12347	9
22303	4
-4625	12
60	4
13776	1
-4493	9
1294	9
-3770	13
19683	9
-4532	13
-11785	8
-8246	12
523	12
-7146	9
-9664	4
2294	12
77	9
-135	12
-1184	13
-7005	9
-9435	8
-3735	12
-6473	13
-12641	4
-4962	4
3630	4
8123	9
-1985	9
-3022	2
-3586	1
-8123	12
2015	13
-9919	12
-7545	5
20165	12
-7253	9
6673	13
-3750	1
-523	4
1184	9
-3915	1
-6125	12
3656	12
544	12
38408	9
-8622	9
3275	9
-5667	9
6009	12
-8817	9
-6290	1
1997	13
-7818	12
692	12
688	12
-1287	9
-8559	12
-1045	12
-8207	12
6376	1
-8057	12
19758	9
17313	1
-10545	13
-4538	9
5626	1
-3153	12
-6202	9
-4389	9
69	8
-2026	3
13130	13
-9320	9
-9608	5
16823	13
-6431	12
-13235	1
-14022	13
-12066	1
-5564	11
3286	9
-1469	9
5245	13
-1238	9
-1317	9
-2363	13
9713	9
249	9
-6918	13
-7178	13
9156	9
-10365	9
-12614	3
-10164	3
-986	13
-239	12
-7938	12
7345	11
-3876	4
9921	1
-2668	13
-12435	1
1297	13
-2733	4
-8905	8
15455	9
12282	1
-2501	9
-7719	4
3013	4
-7967	2
-631	9
7968	12
343	13
12196	12
31344	12
-13276	9
6552	9
1060	9
-8901	9
-5111	13
20509	3
-7970	1
-2967	13
4145	12
1342	13
-4708	12
4410	12
-7711	13
176	12
-8408	12
3059	12
-87	1
-1255	9
-7739	1
-10962	4
806	3
-9118	12
4716	12
11836	12
-7923	11
-7468	13
290	12
-13327	12
7759	13
479	9
-3430	4
1514	12
2241	1
4248	13
594	12
10072	1
-9359	12
6092	5
-2091	1
-8556	2
-2909	9
-1327	12
11470	12
-4340	12
-4524	3
453	1
-8909	4
-2481	4
-10139	12
-3184	9
-2377	3
-6876	12
-3840	12
-5978	13
-5030	9
-4370	3
-10677	1
-4149	12
-2932	9
-3162	13
-2565	12
-5888	1
8601	12
-685	12
-4551	3
-6100	9
1488	12
22755	9
-439	9
10010	3
-5356	9
-8350	12
-989	9
-7832	13
-1081	13
11437	3
819	12
-5017	12
17623	2
-7688	8
5624	9
1588	1
-13937	4
2297	4
-5975	1
-7531	9
-2075	9
4504	12
5274	2
-7970	4
1762	4
11080	9
5850	13
15528	13
-782	13
-7891	3
-2520	13
-8315	1
10365	12
15650	13
21020	9
-602	13
-7125	3
-481	8
1922	13
-10077	13
1679	9
-8692	5
-9426	1
-278	1
-8544	12
-12819	9
-10932	12
-9875	1
12963	1
-6985	12
9985	9
13598	13
21307	12
8919	9
-6891	1
1312	13
1116	12
-10214	2
-2103	1
1573	3
-10226	12
-544	12
1200	13
-2413	9
5992	1
-1085	1
5963	12
-12274	13
-7143	9
6801	9
-3535	12
-5653	13
-6081	13
21175	1
-6626	13
724	12
1194	12
-1379	12
-1822	12
-2983	12
7410	13
-12928	9
29581	12
-10811	9
-12131	8
-13039	9
-3139	9
-6359	12
-1270	13
2884	12
-13189	11
-10195	3
8261	1
-3920	3
-736	1
18757	13
6285	12
6969	3
13753	13
-8806	12
6670	12
-5714	12
-15824	8
9537	9
13119	9
-8050	13
-12429	6
-12841	8
-6761	13
17493	9
9893	9
1743	1
11649	12
6535	13
5506	1
14070	12
15132	9
8427	12
-1363	12
-12692	1
-7363	12
24560	12
-1700	1
11556	13
396	9
-11122	12
-334	9
3258	2
-7006	12
-8963	4
-8115	2
16167	12
-8635	13
19978	2
6374	13
1070	12
754	9
-9310	1
803	13
-5007	9
9232	13
-5040	12
10506	12
-1783	9
-13447	3
6752	9
6490	9
1412	9
-6107	9
13840	1
-5667	1
2434	13
9589	12
-8175	9
-1836	3
-8163	9
7087	13
-8995	3
-10366	1
15522	12
7439	12
8105	13
-5120	3
-2118	12
-2156	11
12504	3
16898	9
2520	4
-10424	9
1858	13
-6635	3
-3927	13
-11575	12
8395	12
-13241	13
-7926	12
-11462	12
-6179	12
-776	3
14207	9
1620	9
13857	9
2515	11
-10099	2
6955	13
6839	13
-5987	9
20438	1
10829	11
-10334	13
-8134	13
-483	1
1482	12
16920	9
-3332	9
11239	1
-12702	4
-12318	13
-7783	12
-8720	1
26418	13
14547	12
-4854	3
19824	12
18159	9
-9485	9
-9055	13
159	3
996	12
-6650	13
-9805	13
9296	13
-5726	5
-8599	8
11496	2
-8961	5
25441	8
7996	9
-3226	13
-112	12
10106	12
-10858	1
-7657	9
-16370	12
-8134	13
38612	13
3685	9
15075	3
1489	3
-3094	9
1776	13
-6443	13
-11990	13
2553	12
-14526	2
13222	12
-7217	12
3365	1
27835	1
-8469	8
3401	1
-6081	12
-9254	12
620	12
-4315	9
-6142	13
-327	1
17984	11
2499	3
-7939	4
19986	1
5237	2
-3283	2
-7452	12
1874	12
-1432	1
10819	12
5370	11
-2258	2
-5780	12
7204	4
-1707	13
5007	1
-12438	12
-2902	5
19056	11
12638	13
-1564	12
7933	12
-4457	1
-2080	9
-8477	12
-8829	4
-6172	1
21952	13
-4145	9
12550	1
-12585	8
-14284	9
-3825	12
-16603	9
1445	9
-8026	1
4045	9
1636	9
-7850	1
3125	12
-8740	1
-6315	12
-1368	9
-2452	8
22577	13
-13636	4
12147	13
-8495	9
-10626	12
-8348	5
-10385	12
22053	9
-10519	1
-6814	12
-1500	13
-9233	12
-5281	9
5111	13
-9650	1
-2406	9
-8334	9
-5271	9
-8463	1
-13424	2
-1323	1
-15229	12
-12951	3
-8492	12
650	12
-1713	12
12576	13
-7808	2
16798	12
2389	9
-9202	4
-3470	12
-7113	13
6995	12
-3007	9
3856	13
-2311	9
42888	12
12306	9
-3007	1
1514	9
12237	1
1198	12
62	12
-9034	9
-5121	4
657	13
19348	12
429	1
-3990	12
-9595	13
20284	12
31	1
-4155	1
15705	1
-3875	12
-11295	1
-95	3
15421	13
45432	1
2871	9
-3218	13
-1810	13
4125	13
-5947	12
-10517	1
15840	7
-5731	12
-8502	1
7106	1
2914	4
-11212	12
17995	12
-4217	1
2968	4
-7318	13
-3520	9
-20000	13
-2352	9
4658	12
43700	1
-5934	4
12638	13
3355	4
-13214	8
3929	9
5393	12
-8641	9
-4149	13
-11180	12
6986	12
-6806	12
6491	8
-12678	9
-8103	13
953	13
-43	13
-1386	12
6847	12
12893	13
6491	1
4825	2
-1789	9
-443	13
-1762	12
-2532	9
17628	13
9999	1
-8304	4
-2391	13
-3392	8
9564	12
-2269	12
-1903	8
11652	13
5037	4
-4724	13
6294	1
9422	12
-13579	2
-10403	3
7952	13
-4936	5
-8840	12
-7446	1
5905	12
11896	12
-11764	6
9392	12
10955	9
-4551	13
9009	1
-2031	9
-6718	12
2887	12
976	12
3189	13
30725	12
-6635	13
-1690	1
-11430	13
21153	9
12727	12
-11535	13
2890	13
-9450	13
2329	12
12686	12
500	13
-3128	9
-821	13
-12785	5
-7598	9
10013	12
28822	13
-1273	13
1833	12
-5931	3
-6895	3
12979	9
15968	1
-499	12
3195	12
-4606	13
4933	9
-12279	2
12999	13
-5645	3
1594	12
-13970	9
202	9
-2574	12
-2071	2
14947	8
-4013	9
7494	3
-154	1
-2116	1
12970	12
-1754	12
-4614	5
-6195	12
-14111	3
-10510	9
-1884	13
11778	9
1047	13
-6521	13
18576	12
-10244	4
21801	1
-11020	13
-5910	12
-6699	1
-7650	9
-9213	8
699	9
9070	12
-7670	12
-1088	13
-2019	13
-5237	2
-11268	5
-10130	2
-9659	13
-6248	11
-4595	13
-14393	5
-13192	9
-7339	12
4416	11
-3510	9
-7851	12
-1421	13
-2510	12
16856	3
-4217	1
-10339	12
7007	8
-9136	12
-389	9
4772	9
13388	13
3299	12
-11316	9
-5160	9
1002	9
-10134	9
-9970	12
-4586	12
-11721	1
-2239	12
4404	1
3112	12
20014	13
8765	12
-14879	8
25077	3
-9366	12
-11525	5
-6334	9
-8200	8
-11665	9
680	9
-7504	4
16198	9
17454	12
4073	13
-12213	13
10110	13
12580	12
-7035	13
4371	8
-626	13
4337	8
-10118	12
-8012	13
5674	9
-8571	1
3019	13
-5773	12
-5024	8
-1781	9
-4903	13
-2995	13
-943	3
15361	1
11415	9
26433	9
-4312	12
16266	1
-8674	2
-9130	13
11815	9
14063	12
1647	12
-15401	3
-9850	12
15273	9
-14395	8
-7942	12
-7659	1
6560	1
-2480	9
19734	1
2227	13
-2780	13
-3999	9
19362	9
-8751	1
-3144	9
23707	12
5145	13
10632	9
-4810	13
-944	9
-588	9
17406	1
-6082	12
3298	13
17512	12
-7064	4
-11467	12
-6420	12
-5890	1
-2604	13
8450	1
2608	3
-5587	9
-1865	9
-284	12
-5761	1
-3623	12
-16843	3
1434	9
-7759	1
38716	1
-3694	1
-4252	9
-4606	12
-4547	9
1155	9
5506	12
-12491	2
-5235	4
-7081	1
-1858	1
4875	13
495	13
-129	12
-587	13
-871	9
-2569	9
-4134	1
6131	9
1609	4
1564	9
58106	13
-5992	9
9802	9
-8361	3
17861	9
11696	13
-6407	9
29581	4
16814	13
-4297	13
6706	3
-11526	9
-3168	13
4184	12
15588	9
-3898	13
-10126	12
-12507	9
-6242	3
-518	9
6964	13
-11816	12
2429	12
-5930	1
-16401	4
4628	4
-4973	1
-11283	4
29119	9
-11349	8
-7138	13
22509	1
11094	13
-2003	1
-2435	13
-1787	9
-1900	12
-3552	3
-12024	2
-552	13
-5127	1
-14654	4
-7199	1
9102	13
-9175	12
316	11
213	13
-6566	9
-6981	1
-6158	8
194	12
18927	9
721	9
-1251	1
-12074	3
4765	12
-3446	2
-7953	13
-9423	1
11561	12
-13409	13
1008	12
4819	9
-6105	4
2176	12
4238	12
-13609	8
-3146	12
-9835	13
10568	12
-130	9
-8329	5
-13313	3
-7371	12
-12696	12
1825	13
-2597	1
-2344	13
-9462	12
457	1
-12092	12
-7339	9
-2143	12
4364	9
-647	12
12252	9
-4451	2
-10143	4
3978	9
-2068	9
2950	9
-2550	9
-565	3
-5993	12
-12373	2
-2834	1
-2861	12
3752	3
-886	3
12479	13
2075	1
-14740	9
2054	12
-10972	12
-7726	9
-10173	1
-13058	13
11979	4
18872	12
34100	13
-2167	12
-9591	12
674	9
945	1
11430	9
-1955	9
1094	4
-4337	9
-10765	3
2472	1
-2287	3
-4676	11
-14715	8
-9971	13
-15147	9
-8543	12
33446	3
-7300	12
-2212	12
-3354	13
4722	13
-8228	1
14838	12
-11628	9
-7842	1
-9370	8
-2665	12
-1303	4
-4393	12
-7072	12
11405	13
6902	9
-10521	13
-3249	13
-107	13
-1316	13
4833	12
-5269	13
-8206	12
3395	12
4610	12
-5731	8
-814	4
-2617	8
-3879	9
34	12
873	13
-7753	9
-7933	4
-7404	13
-1828	8
-8237	12
-4133	1
12252	13
-2734	9
-6697	8
-9753	1
5119	3
-7645	9
-4098	12
-3044	2
7589	9
-3937	9
-803	3
12627	13
-1604	12
-4960	9
-1352	9
3382	12
-4660	9
8528	9
-4472	3
3094	2
-338	12
13586	12
9913	9
-10396	3
-8410	9
7425	9
6983	9
-1858	13
-8103	1
-2927	12
10685	9
3675	9
12526	12
-167	9
-562	12
12653	9
24790	12
-11800	9
-12572	8
30991	13
-7958	9
-953	3
-11529	9
-5617	12
-14558	8
1060	1
9933	9
26108	3
-604	1
6196	12
-6972	12
-14921	12
-4575	9
5916	13
-13537	8
-1721	13
-7551	4
-3158	13
-11181	4
-1552	9
2909	9
-4904	9
-7764	1
328	13
-9458	9
-9861	1
-4901	12
3368	12
14118	13
24918	12
-3891	9
27196	12
13479	12
8365	9
4942	9
-1953	13
-3205	12
-9640	12
-8067	9
-1343	12
20517	8
-11363	12
123	2
-4451	13
-6179	12
-5272	9
-7324	12
-8100	9
14302	1
-9827	13
10694	12
-6122	3
-3498	1
-8568	12
-2885	12
-3437	12
11254	12
7835	9
561	12
-9263	12
-10021	12
-6109	13
20211	13
15317	12
286	3
-8856	9
-6164	12
-9315	13
10043	12
11099	9
2261	12
4611	3
-628	1
-9146	1
-1792	12
296	4
-10309	12
-8042	9
-4615	12
6682	4
-8071	1
-12793	9
4072	13
2527	9
-9019	12
372	1
3631	9
398	9
1441	12
-5848	12
-1174	12
-11036	13
-3864	3
13409	3
-13554	2
6359	9
1379	13
6963	1
1462	9
-9419	13
313	9
-8394	8
4320	12
-1061	12
-137	3
-1154	13
-9087	9
10862	9
9225	1
90	3
16	9
19733	12
12061	12
-8271	13
-7694	2
-8037	2
-14082	9
-9482	8
24638	12
-6024	12
3823	3
-4288	9
19255	12
-712	13
-11061	4
-10943	1
-5639	13
-477	2
1259	1
-8969	9
12834	13
-9281	1
3649	9
-1276	13
-5507	12
-1750	13
-8785	8
4358	1
-10318	12
-3361	13
-5124	13
-14232	8
-10923	13
3311	13
-1703	9
-3096	13
-8054	12
-11275	13
8548	9
686	12
-3886	8
-2454	9
-626	10
15752	12
-2224	3
-13089	12
-1311	12
-4061	12
-8685	13
-7132	1
662	12
2547	9
7738	1
7422	13
-7553	13
26295	9
-4120	9
456	9
-560	9
13899	12
-4888	12
-13545	13
-6699	9
9846	9
-1318	9
7690	12
14792	9
-4160	9
2139	1
10465	9
-4664	12
27050	1
5999	9
11148	13
-134	3
-4739	13
305	3
-4933	12
4363	1
12310	1
-2006	9
-1683	12
3619	3
-10496	9
-2566	9
3917	1
4230	11
-5392	12
-382	12
9907	1
-8149	1
-2877	13
-12128	1
-9854	3
8000	9
-5908	12
30000	2
-5495	1
-2974	1
-9118	2
-1962	9
-10019	1
-11876	2
3115	12
9765	1
-1857	9
12006	12
-2581	9
-325	12
-13640	12
12997	2
-14822	13
-10209	2
14089	12
21919	12
-4691	3
-7953	1
-8754	13
-5335	12
-4645	9
-11138	13
-6494	9
-5053	12
-3286	9
-5777	3
-5670	13
-1597	1
5381	1
-3532	3
-13952	13
-9741	13
4651	12
-3859	1
13741	9
-7526	12
3719	13
-7902	9
-2388	7
-11440	1
17240	12
-1803	1
10770	13
-10208	13
1872	13
-11636	13
-3624	9
2425	1
-4002	9
6588	13
-10415	2
1991	13
-5677	12
6466	12
12617	9
-6129	3
-2474	13
9289	9
3930	12
14062	9
-6703	2
18383	13
-5726	12
-3643	13
-10679	8
-8947	11
11281	1
-7002	13
13470	13
2518	9
3803	13
-3396	12
-5556	13
2405	12
-13619	12
2780	13
3194	1
-3180	1
-3477	9
-2014	4
12785	12
-9311	9
-6869	13
7569	1
3373	9
564	13
-5802	1
-9690	12
-507	13
-69	9
1330	13
-9500	1
1192	1
9935	2
-1534	12
-8280	12
-7440	4
-9521	13
-6046	12
-2110	1
-10135	12
-4593	4
29740	1
-2649	9
8143	3
362	3
7989	3
-5253	9
-777	12
9834	12
-14876	13
-4503	3
319	9
-10419	9
11847	1
1912	3
12212	13
-8665	12
-8813	9
-6201	13
4424	12
9552	1
4968	12
-7299	13
-3231	12
12792	3
13768	12
10185	9
3706	3
-4573	13
-10013	13
-8647	13
3181	9
-880	13
-958	13
-3018	3
-5140	9
-9144	4
-15172	2
11155	13
12008	12
8566	9
-12671	4
-1134	12
12064	9
13207	13
-13566	12
-5047	9
-9962	9
-3689	9
-1693	5
16094	12
12284	12
-5661	12
-1579	9
-10766	4
-7818	9
-9485	13
-11544	9
-9491	8
12355	13
-2902	12
-1777	1
2052	12
-6787	2
1723	13
-9248	13
-5744	3
-6367	13
-2621	9
561	13
4712	13
-12524	2
-7051	12
8554	12
9166	8
5842	12
-12520	13
-6920	9
-12638	12
7692	13
3776	12
8784	12
7451	12
11717	4
-10102	9
-2532	1
4056	12
3536	12
-9482	13
-10241	13
5540	12
-12632	10
5216	12
11662	12
-2902	3
7199	13
241	9
24064	13
14027	4
-4561	13
1416	5
-2206	12
-14673	9
-5172	4
9558	9
-5840	13
-11462	13
-2156	1
-2564	12
-5956	4
-2349	4
-4856	12
-2843	13
-4057	12
13435	12
2860	12
23025	12
-11590	9
-7993	5
-9806	12
11544	1
-7510	10
-8001	9
-4265	9
-4072	2
-889	9
-3065	9
-10196	12
11014	1
-5985	12
-13139	5
-5475	12
-5280	3
-215	12
-9562	5
8586	12
-800	9
-679	12
25408	9
1700	12
17353	9
902	4
-7520	13
-4529	12
-7140	13
-526	12
-7427	12
-4842	9
-6795	13
-9632	13
-10692	9
18043	3
591	1
1720	1
13866	13
8522	9
-8620	9
18334	3
-5806	1
-754	9
1876	13
2340	12
62734	12
-8848	12
-10598	8
-8888	9
1625	9
2376	12
-3178	12
2870	9
-13268	1
11929	13
7828	3
-3165	12
-447	13
-5418	13
7117	1
-9262	5
14018	1
-3054	13
-7099	9
9271	13
-7553	1
13563	3
-9991	11
-1016	12
-5616	13
-8722	9
13775	9
-11008	8
-791	3
-1504	1
-7120	4
-7916	13
15920	9
15307	12
2573	9
-7899	13
-4144	1
5729	12
40139	12
-10890	13
-5349	1
-13864	5
-3685	9
-384	3
39080	4
-3248	12
-3101	9
14625	9
-4971	9
7842	13
-9009	12
1238	9
-11982	8
-2112	8
10561	12
-5272	4
6192	5
23777	9
1614	3
643	12
-14713	12
-3216	9
1686	1
10354	12
6408	9
-11776	2
2384	1
-94	12
-11664	4
-4731	8
-5949	12
-12785	9
-6237	12
6485	9
-303	9
-1222	9
-1116	9
11111	9
6040	9
3889	9
31404	12
10581	12
-7795	9
11387	13
-10419	2
-6348	9
-6886	9
-11819	9
-5485	11
899	9
1542	9
5985	9
12840	1
-7232	1
-4884	12
-2513	13
5109	12
4116	13
-9887	9
11844	3
-5197	12
306	13
3633	3
982	13
6271	13
-6929	1
-2528	9
-6534	13
-10176	12
-5306	1
31695	11
7745	9
-2259	5
-12982	9
25170	9
-7382	3
2753	12
10530	3
-4278	3
-11950	9
-10101	9
-9023	9
6038	13
-3927	1
-9554	1
20571	13
-14691	4
13513	12
19	12
26827	13
-4021	11
-13892	9
8734	12
-1140	9
-2170	1
-4847	1
-878	13
-8977	9
-1837	12
6800	3
20647	9
74	12
-4340	11
1276	3
21096	13
165	12
-5760	12
15118	12
-1495	12
17814	8
-2595	13
4295	9
6573	1
10046	13
-915	9
-218	12
-8470	12
-11815	1
22333	11
13660	9
-3713	12
17190	12
-10417	12
2907	4
-2993	9
-10141	5
-12181	9
2011	3
3446	13
-981	9
-11892	1
-9444	2
-9923	13
2294	9
-5531	1
7587	2
21017	9
17767	4
2020	9
10785	1
889	13
-4154	3
-3633	12
-7348	9
-8343	13
-7931	12
5617	13
-6300	12
2366	4
6922	12
13733	9
26239	13
-9858	13
847	13
-7197	10
-2036	4
2285	13
-588	12
-8436	1
-9866	13
29999	12
1107	12
-6028	12
-11011	4
-6067	9
15782	3
-4537	9
-14386	4
-2758	12
-11489	13
-670	12
-5460	3
-7508	3
9274	9
-6300	9
14221	1
14789	12
7151	13
-3955	8
-3398	11
-953	1
23683	9
-10784	5
-12425	1
8936	12
-2578	13
-6468	13
375	4
-15427	9
11418	10
2040	1
9400	12
5833	1
-4485	8
2201	12
-7696	5
-1852	9
4300	13
-13167	9
-6833	9
-2755	12
-6509	13
-6498	12
-5195	9
-8448	3
-11922	13
-2860	9
2979	3
-12123	13
235	4
-2226	9
19669	9
16156	1
-6614	13
-9307	8
11025	3
-11682	1
3231	9
2778	9
-10996	13
-10606	13
1608	5
-13092	9
1228	9
9730	9
-1392	12
4674	12
-3959	12
-1010	1
-3665	9
-4522	9
-12082	8
-12309	5
7150	12
-10089	9
7724	12
13102	4
-3065	13
8530	12
2642	13
-7781	13
-9910	12
-8791	9
27817	12
15	9
-10539	3
9570	12
-4539	12
1915	12
-6310	9
-8713	1
-5391	13
-2443	9
-6816	13
14874	1
-10722	8
-984	1
-1147	1
20487	3
-12179	1
15949	13
10275	12
-9452	3
968	9
10501	12
-8333	12
7029	13
-2133	9
-8555	12
-6637	12
-12493	9
9652	9
7096	1
765	9
2354	12
30070	13
-7046	9
-525	13
23483	9
-13177	2
-5356	12
11045	1
18968	13
-1939	9
1281	9
-1902	12
231	3
-9134	1
12196	12
-145	1
-4741	3
30331	9
8938	9
10949	12
-11317	9
-6052	13
17144	9
-12444	12
-5635	13
3815	11
7213	3
12893	4
1364	3
-12230	3
-10103	3
-4023	3
-1517	12
10195	13
-5007	4
6126	9
48001	1
13227	12
10507	12
-8062	12
441	9
7870	13
7360	3
-13202	2
26503	9
-9275	13
-1648	9
613	9
3160	4
114	9
-2320	9
-6263	9
1712	4
-2907	12
108	9
-66	13
197	13
-6032	13
-11573	2
14650	13
-2332	13
-11072	1
-3297	3
-78	13
-9879	8
-10250	2
-4618	12
-1848	1
14733	9
-8600	9
-190	12
-744	1
17024	13
1618	2
-4034	13
-7331	12
-4707	9
-9747	12
-2809	9
-5101	1
8142	3
-935	12
-7676	9
-11369	9
12000	12
-2904	3
306	9
-2272	13
10568	9
9480	13
9223	12
-9345	5
-5663	1
-443	4
-140	8
-8069	12
1351	12
-2100	12
6097	3
-1581	12
-2514	12
2041	12
2260	13
2897	11
935	3
-14009	12
9677	3
-7437	13
2086	3
8047	13
-13548	9
6412	13
-5216	12
9543	13
-13797	1
669	13
-6446	13
608	9
-889	12
2358	10
11560	9
1904	12
-1158	3
-8621	9
3614	12
-9378	13
-3179	13
-14466	9
8876	1
-9626	12
16280	9
-8275	8
-5032	12
-1360	9
-6071	9
2759	2
4437	13
9639	13
7902	12
19610	9
-6392	3
2202	12
-9360	12
13234	12
23964	1
140	12
-4964	4
7227	12
8759	9
-11127	8
3776	9
10162	12
-3330	3
777	1
16858	13
16680	9
-722	13
-12214	9
2071	9
-6965	9
-4278	12
3028	9
-14883	13
-5357	1
-5017	12
-2948	13
-8325	12
-4231	9
-7566	12
-2006	12
-11552	1
8417	12
-10281	13
-6253	13
22418	12
6877	9
6267	12
-4221	13
-6506	3
13814	13
15177	9
-8117	9
-6703	3
-13960	12
11351	1
-3750	12
-16386	12
-7299	2
2714	9
9344	13
10718	12
6026	12
12282	12
-4443	9
14814	13
-9989	8
-7397	13
-10604	12
17482	3
10638	12
-1828	9
-2323	12
6048	1
23760	12
7181	13
7616	9
-8061	13
14058	13
-237	3
-4783	1
-11276	1
-8129	11
1389	1
-7852	12
-4893	12
-13349	9
-17521	12
-13538	12
-8575	13
11853	9
-2590	13
-3497	12
4628	13
35311	13
-14499	3
-3840	13
18547	1
24428	13
-1320	3
1247	12
-8	9
-179	3
9483	1
8775	9
-1204	11
-6672	13
339	9
-10250	4
-2921	8
-5716	13
-568	13
-7988	9
24005	12
4121	9
-7349	9
-10672	11
-5878	12
-10870	9
-1803	12
13858	9
4120	1
11693	9
-1294	9
-11352	4
4248	9
-3538	3
-10945	4
8713	9
4192	12
1850	1
-7167	9
11364	12
15608	1
-7798	12
10484	12
2096	4
-6744	2
-7086	9
-4534	13
-11968	12
-8254	9
134	4
-2149	12
9005	9
2046	13
-1276	4
-780	9
12981	9
793	13
4543	3
-8784	9
-10804	2
-2029	1
1796	4
-7287	9
13498	12
22120	13
-3949	12
5886	12
5144	13
403	4
-2924	9
13955	12
-3555	3
-13528	13
19796	1
28448	12
13255	12
27187	9
-10916	9
-7998	9
514	12
-4487	12
-556	13
13972	13
-2038	12
-3852	11
47030	13
-1180	12
-12404	12
7043	1
-9138	12
-4785	9
-7678	1
12790	13
-6770	9
-6652	12
-10614	12
8353	9
-1640	13
-11184	1
-2789	1
-2803	9
-3309	12
-4800	3
-8998	12
-9637	5
-1512	12
4170	3
31177	12
-3775	8
10968	12
-10828	12
-10467	9
17097	9
-5925	10
-6867	13
20007	12
10567	12
-10048	12
-7057	5
-630	12
-3447	4
-9636	9
-4880	4
10630	9
11274	9
-7985	4
23046	12
10576	9
-9791	12
4199	13
-3944	12
18891	4
-11932	9
5912	13
12312	9
-1196	1
-8037	12
2455	12
-1359	12
-5200	13
-810	13
-4810	11
-11339	12
237	3
-6006	9
-16528	12
258	12
-9607	12
4120	12
-8091	12
953	13
-1667	13
15665	12
4163	9
10035	1
-4148	9
-8407	13
7571	1
-2345	3
3090	12
-7520	13
3422	1
-7593	12
-8249	9
-2144	4
-3234	12
-260	9
10306	12
-10179	13
-10747	12
-2117	9
528	1
-3911	13
-2389	13
-1049	9
-9054	13
23701	13
1528	13
-7911	1
7449	9
7630	12
-7493	12
-10967	4
-2394	1
-2920	12
-5602	9
5353	1
24380	9
1690	13
7761	1
-3585	5
-6420	3
-10961	13
19170	9
6598	9
7133	1
4026	9
-157	12
-6649	13
-4716	13
6524	12
-2710	13
-9768	2
-11505	12
-3254	12
-13662	9
11729	12
-6339	12
17457	12
-10980	12
-10506	9
-14028	5
4212	9
-2780	9
-7145	12
-7027	12
37227	9
2833	12
-1425	9
-3707	13
-4866	9
-5780	9
-8188	9
814	1
-2377	13
-12936	9
1528	9
