-12711	-5654
5385	4056
3674	-10391
-28544	5809
2195	21932
-18	11333
-10418	8107
-3903	8398
-1353	-10685
11733	11623
-6220	9534
1339	-7886
-883	2250
-16363	7274
-16924	5011
8297	-18914
16607	7694
-4787	-506
-7043	-3779
4662	-17677
-24150	-5082
-2838	-2101
3026	236
-5134	15
-15718	3895
2241	-113
1163	3470
572	3460
-4183	11047
4592	6871
525	-12992
343	7681
-2941	-10312
3793	13294
18089	-9758
8006	3242
-1212	-6055
-9769	-1324
-1540	-3501
6044	14605
-11010	-4640
20248	-17972
14966	7906
5489	6985
20782	9751
2076	-17211
-3735	9464
4479	-1071
11175	3485
-1333	17486
3701	6495
-2574	-9736
-8947	22647
-300	-5329
11454	8693
4675	6428
6110	2514
2964	-2619
-143	5558
-12616	-6882
9804	558
-8918	7104
-6123	4650
-12337	16644
-12752	253
-2228	8964
-30608	-12403
-5415	-5166
2743	-2183
-1493	1762
-14778	12639
6074	986
7171	-2034
-11110	-12405
3964	-777
13501	4633
-3274	-17330
3308	12792
-296	-1084
7903	5572
-34856	6254
13249	6842
-17150	-3774
8622	-4536
4802	3557
2987	5067
-6502	-10091
15510	-2653
-12100	-5266
-14540	-5173
8309	-5377
-4831	-26074
17821	3667
16017	8325
1810	11244
-2714	-13365
494	-4044
-4089	-1743
-1388	6493
6834	3210
12848	3226
4357	-15895
12155	-1959
11246	-5136
-9276	-1076
-12987	14088
5355	4503
6916	-3824
-1365	-3205
-789	143
-18747	3359
-5677	18457
231	2538
2698	1837
6896	9381
4557	8253
-4144	-12666
-10905	-9252
-20069	-4980
-10727	10444
6552	-298
-15116	798
836	12144
-549	12221
6275	-6475
-14593	-8658
7684	6189
-8902	5438
-9637	12134
-259	-19884
10429	7521
-7259	8272
-1759	-9505
2712	-4087
-16329	11770
-9198	-2350
3648	6481
-979	-16270
2495	4816
-5418	5578
-14378	3643
-10321	7206
-2986	-208
29163	2234
734	11802
-7383	-12587
27415	16039
17438	2420
-1413	9749
5083	-7336
8038	5067
-2063	-12921
-964	4702
-7207	-639
14708	997
-3862	8826
2397	-243
9268	-13420
945	-6857
-37803	12914
-3456	-700
-9294	-8094
-9183	-4664
2484	3780
-2927	4467
-604	-385
2731	-9748
-5027	6256
-3122	4319
-4718	18369
-5268	9745
18836	-6439
-964	-24736
-771	8305
11464	8619
-8723	-1806
11181	9013
1691	4084
7458	8245
13372	-7418
-9018	6905
-5003	15199
-232	1630
-5490	13848
13962	3908
1412	-365
-24332	8828
6828	-7
-6766	11349
14999	-10466
545	8391
9576	-714
-19915	8653
10633	-1664
7378	6742
-5549	-3466
-5336	-6379
-8160	-4217
23940	-19746
3185	17562
-8003	5544
9045	5891
-12211	-8122
2597	14676
-77	7028
1126	10045
-2923	13478
10955	17604
-436	1847
5967	16237
1456	19145
3386	-6239
-4117	14942
6187	-399
24341	8456
4278	-9942
-3937	5283
2387	-9192
-4567	-2766
3826	-2502
-11350	942
34854	-13644
5036	6444
11437	-13035
-347	2924
6484	5404
-2541	-42
10070	-10263
-7612	8236
-8147	3775
-108	4711
5486	-9841
-17564	-18630
-2462	3147
-15267	4866
-3920	-5163
-6302	2690
-2782	-3079
9507	3695
-4380	2548
12465	-493
2988	-3173
14035	-15307
-11096	-17162
-16353	-6982
-8501	24469
11761	4375
-1374	-1346
4535	15493
307	-970
20402	69
598	2925
1671	-19396
-2040	6500
-7558	-2357
2906	-24989
-21431	-9938
-5250	2837
3285	7500
-11629	-10716
-2179	11536
23892	-6749
11338	-7543
-9952	3316
9198	-2280
-9158	-27545
-3456	-10675
-1204	-307
-6480	9816
-12306	-3500
6613	2725
-21673	-632
9380	-7504
7480	-9717
-9436	-18450
6240	-2664
-8317	9415
-16128	-7982
-3082	-10855
-1904	5483
-9627	22863
-5018	-18185
8649	2600
-10686	-6017
-5638	5131
-7334	-1574
6688	14167
-6262	3412
-1562	-4377
-4133	9102
8798	-2847
-308	16903
-3970	-9698
5918	-29857
15466	6393
-5983	8902
-7803	-3952
1893	12428
-6652	624
298	6403
-12833	7118
-9858	-12624
-7371	-6274
-13781	4201
-11014	21125
8551	6386
6387	8669
6379	11553
5111	-629
2139	-7400
2574	-4706
-34119	-352
-2812	7924
-4790	4162
-6452	657
-5250	4915
8296	-2374
-11433	17759
32398	2752
-4672	-1047
-7979	20378
2340	4746
5721	-985
2749	13043
10140	-1410
14478	-3143
11630	8186
3895	-6928
-886	5897
-6187	-25494
-17525	-342
6973	-1574
-2553	-21588
-17481	-11466
-1309	-4277
-5182	-467
-11269	14992
-7784	12068
-7343	13061
1903	6731
-10579	8113
4358	-4356
781	-4471
-1472	-1367
-3371	-8654
-1798	211
8440	57
18509	-6853
-9673	8846
-2072	-5274
-7953	-2355
14968	-9518
15579	-9736
-79	-9912
-561	-720
-3235	12310
16675	2812
-8022	-5237
2524	-14431
-1658	-20248
-11027	1595
10923	6352
10372	-3269
-12149	1404
-7790	-11133
13732	22787
-15392	-480
-10299	21397
-2974	15072
-4018	-7383
-2965	9353
-251	-3044
-1256	-22171
-3391	-677
-5313	8661
694	15989
-3597	2250
1890	756
3470	2402
6961	-5992
-5930	8367
-4977	-5555
6196	2786
3502	-720
-2117	11464
-2389	-2975
-3686	-24245
732	-1639
-4659	3599
-4074	-692
-12371	7825
7534	2036
-4375	5950
-1689	-9040
-8243	3641
-13231	-6103
-328	-14548
1420	2041
-3638	5082
326	934
-507	-15864
-5171	-2051
1630	-12237
-10378	-2489
-2508	-15752
11732	10137
-3461	13065
2203	-9377
14659	-3523
6247	4197
1873	-5301
-4086	-9436
5739	2655
6899	14828
11535	-9987
12204	15277
10888	4388
11878	8988
-12062	11572
-2277	15822
7072	15413
6258	6877
-10123	-762
6801	4467
14148	-9526
6064	6986
-1137	-4743
119	5817
5370	11899
-20201	-5065
-19848	3443
-867	-16524
-12511	-20013
26796	-11367
-2895	-6915
-10424	14295
722	3841
6925	622
-9364	134
2651	-21319
3515	2655
20045	-5756
-4102	-10688
-579	12732
-6434	2071
-1652	16557
13064	-6249
-10964	69
-1952	-3948
4293	5398
-21965	1861
1770	-7202
-9619	5503
-6916	-15644
2834	20239
-13865	-7822
-12697	-9673
3297	352
20615	941
-5442	2252
-1909	-1571
-11136	-12740
6645	-900
-11027	134
3666	8015
-8998	4712
-4749	11569
-4163	-14007
9539	-478
-1379	5096
3776	94
-2538	269
-6708	-20010
-1105	18414
-2766	151
8020	5054
1074	1563
54	14373
-4660	-4290
15403	-762
-16909	5779
-12680	-9824
-7122	-1519
-7830	-13349
-3506	-6895
17515	1621
-576	3744
3153	508
-7548	-27380
-1986	6234
-385	-797
2347	3341
4197	11901
1715	3025
4060	-11090
-1242	-6512
-154	-14589
-5862	-10062
14450	-3545
851	-847
16689	7184
25800	-16090
-7618	17531
-4430	-20314
19963	9344
-5908	4322
-15501	-4533
-16977	17144
179	-2989
1956	2210
18200	-5497
-3401	-15155
8580	25762
4095	-14299
-5609	-937
8841	6620
7147	5115
-199	-16320
-11506	-6300
4701	-3751
-1244	7069
3403	6764
-541	-15250
16689	-7024
13171	-8398
12195	16206
13381	5198
59	5715
26890	12773
-4422	4466
-410	10686
19707	-12967
93	-4937
49	-973
-1065	-20260
-4006	-2034
644	-8637
-8088	-4682
15456	401
5670	-9121
14957	-8998
8044	-12785
-10044	-1810
-10921	4793
-7254	3026
8415	-4202
-17835	13886
-10375	2877
1881	-9216
6199	-2225
12211	-12
-5644	-17787
-25794	16390
1138	-11277
-2561	-39616
1498	-626
-3294	2513
-3063	1528
-975	12773
216	13999
21320	12131
-3885	14819
2085	-4273
4324	-2538
-766	12310
6921	691
-13402	1858
-3829	-4738
-717	455
-2537	8231
4296	-14566
-8021	9507
-2195	18031
1577	-3076
-1039	6467
-13130	-2645
-4757	-3128
4975	-1725
-6835	9326
1654	5480
6724	-1310
8512	-6873
13186	16840
1346	366
8836	11096
-3340	6811
-1538	5026
-6959	-4713
-22189	3887
3800	14127
4413	4094
2937	2459
5113	-11288
20038	-13680
-2209	13105
9649	-32451
3357	-3942
14178	11632
-13319	-11458
-3746	14140
-736	22677
-3939	-17455
-7949	22626
-5683	15980
6035	2722
-1597	-9432
-9591	-6152
7802	21643
-7865	12871
-5267	-875
1469	-15727
-5723	-5104
-3626	-11562
-13634	653
-10696	2971
6738	-5289
16390	1565
-6951	1163
-15111	14804
13705	10947
-9575	19468
-227	-1397
4479	5203
-5161	12608
-8067	-10683
348	17200
16581	-7820
7652	6772
13168	14696
3437	4369
7082	16652
-10323	-8366
-735	4067
12432	2804
1883	-3135
-13747	-12087
966	-416
-1724	15391
6743	8274
10801	19926
2410	-18429
-12306	-1649
8848	-10565
-7313	843
-355	15426
14438	11682
-8456	-18227
-488	5149
9219	8257
945	3741
-8943	-5875
-3867	9749
21131	-640
6584	8450
1252	5778
-9425	-4946
3070	3893
-1256	-8653
15820	13259
27958	6403
-11388	-7674
968	-6151
5864	19836
-8260	8312
7544	-13786
-1466	-15702
-17472	-8330
-6300	-14643
-11704	3677
15373	-2158
12043	12398
7092	12529
10378	-9304
196	-9367
-10835	1273
3185	8432
699	-4222
19450	-12733
-5122	11949
6333	-9893
-19089	-6495
-14981	1766
-3613	-6947
-2484	-6086
13241	6577
17524	3164
-3172	-10234
8790	-1568
-1381	-4299
-4164	5261
-13597	3152
-24788	-11106
11650	-21405
6391	9761
3525	-1207
6646	-11485
19388	-12347
-7565	-17158
21424	-1605
-9409	5723
-1457	-1436
-5190	-10239
325	-9714
-10852	-310
-801	3856
501	-1939
-5837	-32575
12536	20084
-4314	-15958
3792	673
-25413	5210
9208	-3898
-11088	-9040
-15822	-2646
-17356	25550
-13860	-7852
544	-1319
-30870	3148
4991	-1577
-4756	-2226
11572	-9452
-7921	-10161
5906	9767
1739	-7868
-17411	-10773
-9748	1739
10575	5589
-153	-12276
15999	7933
19864	-8883
-1708	7897
-3986	-3374
17963	-28622
-4482	-6989
395	12520
4985	-11793
-993	1032
-8082	20962
15591	4361
10230	-5805
4951	-19449
10667	442
5887	-2947
6351	-8617
13973	10119
15314	2444
-1843	-20137
25111	15775
1263	184
7661	-1077
-1492	-9070
17176	-79
-5065	6262
-6954	-5568
4806	-7181
-4840	-4187
-6750	1907
2789	17887
2877	-7713
-7591	-6174
-17930	128
-3007	10704
16569	-12687
-747	-13038
-1642	258
3532	4126
16963	-696
10334	-2
8997	6781
16680	8422
-1322	-5453
-11128	5598
1380	-1238
5880	19874
-18644	6857
-9791	13756
7126	11607
1139	-5612
10447	2879
5714	-4289
11491	1965
-14106	-7138
13504	1067
7803	-8425
3704	9417
5035	4038
-4369	-3387
-14254	-3155
-1077	-2793
-1557	5205
5437	10299
-10303	-4170
12355	4012
13018	-9436
-6570	-27986
3191	16689
-6395	-4903
724	-10098
-13112	614
20444	-3986
6008	4627
-696	-3017
9622	4982
5136	5874
-830	2748
5524	-6574
-4504	-418
1236	14878
-9863	-1354
-1551	2268
-6814	2451
-10494	-15949
12541	8980
-5935	8222
2859	7845
16621	7172
4735	11398
2744	-19653
-21054	-3036
-7119	11325
-25723	8018
5739	8348
-1157	4712
-16968	-11714
3202	2476
-22826	-13000
-3036	565
-4311	6434
-5604	3
-11553	-9963
-7543	9018
12830	-10294
9814	3006
-5825	5754
8579	4099
8233	-7041
2695	-7386
9293	-9928
-6660	8826
-4365	-1470
-9335	12427
22960	11509
7886	1178
-5579	1300
5313	-5369
-2281	10100
-7508	5860
4660	-875
-28612	16004
4051	-7183
2513	-7476
-4162	-3215
-20318	-2259
-4450	-218
-15110	1203
-1347	-398
-11583	1792
-5270	15196
-11151	-3637
-2501	-9907
3674	-3361
17041	16869
6851	1607
-2547	10717
1436	2987
5588	13097
8750	-3506
2403	-1335
-7910	3149
-6864	3590
-5085	14637
19244	2568
-8078	-1663
-318	6645
-9038	-9526
7378	13652
-12762	-9750
18721	-2039
-2380	-2117
-17638	-4147
273	-5151
-241	-8792
-22309	-9120
25874	3137
5791	925
4423	-2048
1062	6485
-2923	-4166
10153	10858
-5635	9029
10492	-14228
12389	9172
7269	-2202
-14306	-7777
5608	11377
-4800	10280
6468	10263
522	2939
20959	-3817
2364	-16785
-6919	19623
-1262	-14966
-4563	-9779
-5120	-21
-27426	9146
3983	702
6292	-1810
-3068	9521
-2852	2140
-10144	144
12693	4871
6443	-4025
-1283	7655
16164	-15
-757	-4972
-15830	-9401
-2897	-2151
-349	5656
9722	-9425
-567	-2614
-7990	22747
4977	1074
6640	-3840
12253	7570
15528	6156
17297	9007
-6931	3449
3814	-22054
-4106	1898
3524	-11693
1610	-7620
-7917	1998
-5199	4219
-21855	-1762
1048	10623
-7570	3502
17467	8186
-13937	-7587
6351	-4082
6602	-7431
2138	244
-5856	-13232
7144	-6024
-5091	-21423
-7069	1250
-7951	-10850
4302	-5122
-5339	-37022
9089	-16144
-9902	-19354
-14131	-13790
1006	2464
-6077	-7561
-9307	-21358
-10368	9047
-10358	-8491
10493	2662
9042	-7269
5676	12863
-15108	-25778
9130	-1492
873	-3386
7412	-24951
3294	20551
-7018	866
4862	10733
15292	11552
-3049	-7654
1388	5263
4713	11167
2936	-8337
-2502	-18413
-4656	-15533
-4653	-1671
-2221	-786
14419	7601
228	-27588
-12011	12255
16791	986
3015	18117
-2921	-10435
2310	-958
5631	2135
-8867	14564
3863	18323
-6537	15834
7085	4781
-5933	213
4777	-3851
2453	5897
-8131	-541
15707	-24741
1515	-5827
-1546	2306
11796	-11907
-2637	-5644
6262	3450
10464	3389
2997	-908
-9575	572
-10749	8880
6252	2349
2129	8637
22859	-4671
9594	-3913
-8601	-7666
-16954	-5739
-12605	-4610
-8372	2199
-948	4771
3685	8133
-1326	7757
6281	639
-15328	-11865
13403	17679
1736	12198
-18568	-5461
-5746	-17483
26390	-7394
3848	780
-7031	-4145
-20890	-10209
114	-2328
3857	1449
-1689	1506
-10609	-5635
5084	41
162	2648
-5494	-7920
10435	127
-1180	-3165
-657	-7894
-5503	-189
13789	-4336
741	-13229
-2371	-34636
-833	-7079
-9598	-4290
-27679	-12432
12663	-1048
-4484	4468
2470	-2729
4521	-30843
-10439	430
-22098	7938
11499	3975
-440	11652
-3346	3553
-8760	-11234
8630	-2056
-16982	-5433
-3834	7195
23487	-9850
255	9677
-8182	16137
3424	3902
-19462	3238
5387	1460
2461	-13109
-4879	-18102
566	-2432
8269	-7209
22494	-26618
17232	10074
7851	4163
-8015	-8641
8332	11046
1136	3086
21281	10482
7306	-4049
