-8295	2484
-5406	7575
-10554	-5151
6756	-2606
-2909	-5151
3605	10120
9250	-61
-8730	-5151
-3122	15210
7555	-61
3253	-2606
-9188	5030
-627	7575
3328	-12787
-4838	5030
8087	2484
940	2484
5125	-38239
1454	-61
4907	-20423
-2488	-5151
11192	-2606
1533	10120
9749	-5151
-900	-2606
-776	5030
-10457	12665
-7729	-61
550	-2606
511	5030
-2745	-10242
-3262	-61
-7336	-61
3058	2484
611	-2606
-1188	-61
1378	-2606
1595	-12787
-22334	-12787
-17133	17756
1277	-7697
9366	5030
648	5030
-3183	2484
10475	5030
5010	-61
-4575	-2606
-7245	5030
-7295	7575
29292	-5151
574	5030
-7271	-61
-7845	-61
17588	-20423
-11373	-7697
-5454	2484
-5091	-61
-5874	5030
368	-61
3599	12665
-4778	-33149
-925	10120
-2930	2484
16948	-2606
3052	-20423
-10487	2484
-8728	-33149
1365	-30604
15299	5030
1048	7575
308	7575
-3170	25391
-9995	2484
-11703	2484
-8137	-61
-356	-61
-1955	-2606
6721	2484
-7018	-61
9501	-12787
2557	-7697
-10694	2484
4713	-61
4794	-2606
3223	-17878
-13081	2484
-1065	2484
-13961	27937
-8014	17756
-1320	-7697
1509	2484
-8481	2484
-1134	-5151
-3204	5030
5242	-61
-3485	27937
1482	2484
9151	-22968
-5430	-10242
3974	5030
-5125	-5151
-8458	7575
-9263	5030
-773	-61
570	2484
472	-15332
2481	5030
-7755	2484
10627	5030
688	-17878
-6479	-2606
10046	-61
2209	-10242
3454	-5151
1838	-15332
10554	5030
-1225	12665
2496	-61
-5820	2484
-6368	2484
-11008	2484
5812	-28059
-7576	-5151
-3023	-2606
1375	-22968
-4055	-17878
-6345	-10242
-1331	7575
-24387	-2606
-9863	5030
-7877	-61
-10991	7575
-6069	7575
-2966	5030
-1965	-2606
6033	10120
4515	7575
-149	-5151
-8707	-10242
-6731	-20423
-4054	10120
1294	-15332
-4431	-61
-8961	20301
-6342	15210
4365	-61
4180	5030
-17	-10242
1869	5030
5529	-61
7315	-7697
-9430	-17878
-2406	-61
-10775	2484
885	-7697
-3832	-61
-1326	7575
-3043	-25513
-6551	-10242
-6411	-20423
7731	7575
-13194	10120
7819	-2606
33404	-5151
-15643	-2606
12193	-61
8671	-7697
5771	7575
-1884	-61
5680	-5151
1457	-12787
7577	-5151
-2666	-7697
-3131	2484
1054	5030
5388	-61
-2515	-61
-4859	-2606
-15241	12665
-527	-61
769	-2606
-7298	10120
-544	5030
7038	-12787
-2567	2484
-1856	-5151
-819	2484
-4551	12665
-1935	5030
7292	-61
-8374	2484
2134	7575
23823	-28059
8928	-10242
-1966	-61
45290	10120
-6229	5030
-3015	-7697
-9871	7575
7952	-2606
-1010	7575
-716	-61
-8507	2484
-3152	7575
-1157	-10242
-1198	-7697
-4578	-22968
4392	5030
3738	-5151
-12629	17756
-1566	-61
6150	-17878
13431	7575
6723	-5151
-862	-61
-13356	12665
1490	-15332
1474	-22968
-22287	-5151
-4358	2484
10042	7575
-10203	-61
-608	7575
-4931	2484
1817	-12787
6241	-5151
2319	5030
-5298	12665
-4007	5030
654	2484
-852	-2606
13933	2484
-2416	5030
3700	5030
-593	-10242
3698	-20423
-14794	-2606
-1129	2484
-1444	5030
-773	-61
-2647	-10242
6902	-15332
7298	-61
-1635	2484
16111	2484
1160	-2606
3280	5030
-1848	5030
13465	2484
-5531	2484
2261	2484
-9677	12665
27379	-7697
10672	-61
-9288	-61
-1920	5030
-8650	-2606
598	2484
7099	-61
-3745	-5151
6200	-7697
-5796	5030
-11009	-17878
-7610	-61
25854	-61
4574	-61
-6394	5030
-4141	-12787
-6802	-2606
-15587	15210
-7847	-61
4815	10120
-849	2484
-781	-12787
-2904	-61
17153	2484
6583	10120
-10179	15210
-2754	2484
-19838	-15332
-3524	-2606
-1649	7575
5651	-61
-6349	2484
-11355	10120
5430	5030
-6974	-61
-310	2484
4994	-7697
308	5030
-6630	2484
12780	-5151
595	5030
-8055	-25513
-1464	-25513
1204	15210
-12160	10120
-12148	2484
-6079	-5151
-4300	12665
-9799	2484
272	-61
3816	-2606
-3357	2484
-3594	7575
-1135	5030
7900	2484
-7853	-5151
905	-20423
4252	-12787
6824	-2606
-1734	7575
-2274	-61
20584	-28059
5565	5030
-10831	-12787
6596	-17878
6699	5030
-11727	-10242
-7792	-2606
-12890	-61
13758	5030
-11505	7575
5638	7575
-3605	5030
10818	-61
2744	-7697
12460	-7697
1925	-12787
272	-2606
1217	-22968
18	10120
3450	-61
6661	7575
3393	-7697
-8873	12665
2591	-12787
3565	-17878
-2927	7575
10754	-5151
-2585	-2606
-2319	-17878
-773	12665
-388	17756
-3903	-2606
-5030	2484
-665	2484
-6573	-15332
1441	10120
12784	15210
40	-15332
-5768	7575
-6313	-25513
-7317	7575
7145	2484
-271	-12787
-5506	-2606
9144	-61
-1921	10120
-2908	2484
-7061	-12787
-2852	5030
-10876	7575
5938	7575
7171	7575
6330	-15332
-14633	-2606
-3228	-61
-25	-7697
-11808	-2606
2037	-12787
-10649	5030
-2905	-2606
2358	-2606
-7366	-61
530	-20423
-1458	10120
-272	-10242
-11775	7575
3420	-2606
1912	-15332
1960	-61
-747	5030
2559	-17878
-12187	15210
31782	2484
10	12665
3692	-61
9878	10120
-3385	-2606
-4440	-20423
6632	5030
5470	2484
-1138	-10242
-3406	7575
-3691	-2606
-18914	10120
9868	-12787
1020	10120
3033	5030
-4589	-5151
22867	-22968
-11188	2484
4301	-2606
-1270	2484
-6733	10120
-5566	-5151
6264	-15332
-5502	-15332
-4126	2484
-16964	2484
-8607	-7697
4047	12665
430	7575
-14933	5030
-9183	12665
-6	10120
417	-5151
-5343	7575
-5595	7575
3559	-5151
4191	2484
-3012	7575
11741	5030
-9116	2484
2675	-61
9931	5030
-2832	10120
-8182	10120
-6803	5030
4629	-61
1623	-5151
3086	7575
44729	-12787
258	10120
1039	10120
934	-61
248	-5151
-10961	7575
-6535	-5151
-11208	5030
6353	-22968
-15914	5030
-7275	-61
8106	2484
7409	-12787
1776	-7697
5089	-2606
-10784	7575
412	-7697
-16988	5030
8906	-2606
13058	-7697
-4938	2484
-1778	7575
-3787	-2606
-7444	10120
-411	-17878
82681	12665
-17446	-7697
12709	-10242
-501	12665
-5231	-61
1488	7575
27312	-61
-2501	-2606
5365	-61
11889	5030
2949	-61
461	-7697
3771	15210
3200	7575
-8713	2484
-1690	-2606
2006	2484
-13216	5030
15781	-25513
6381	2484
3960	-7697
18884	5030
-5363	5030
-144	-22968
3813	-5151
2467	2484
-11655	15210
4225	-7697
75	-2606
-7340	17756
-13576	5030
5273	-61
4648	5030
-128	-61
4810	-28059
7584	2484
12540	-20423
-14737	5030
7067	2484
-4978	5030
-3030	10120
8116	-61
59	-7697
-8518	2484
20094	2484
-944	2484
4327	5030
8404	2484
-5832	17756
-4127	7575
-13759	10120
-14527	7575
-5020	-5151
5114	2484
-625	7575
-11760	-10242
3337	-61
5231	-5151
15681	-7697
4018	2484
-1167	-2606
-4942	-5151
-5431	-61
28534	-7697
374	12665
-856	5030
3286	7575
-3598	10120
-5485	5030
-4672	2484
8865	-15332
1926	-2606
-5605	-61
10879	10120
-11123	-61
-185	-61
8082	2484
-9469	5030
-16577	-5151
2549	-22968
17471	2484
-1519	5030
5503	-7697
-4179	-20423
98170	15210
10544	12665
-4871	5030
-9803	-2606
-2877	-61
-2047	5030
-8649	-61
-2698	5030
34992	-61
5142	7575
-4783	-2606
1164	-5151
-2642	-2606
4675	-10242
-6864	-5151
-6485	10120
7182	-10242
-1735	-5151
10425	-12787
-6397	-10242
-6301	7575
-4925	-61
-5936	12665
4018	-7697
-8040	5030
5171	20301
-1248	2484
-13613	10120
-4831	-61
-1269	2484
-329	2484
2066	7575
-4965	-7697
3036	5030
6821	-10242
6605	-5151
6450	12665
19181	12665
-5634	-61
10764	-61
-1232	7575
-6108	-61
-4416	12665
-4118	2484
24795	-25513
-4599	12665
-638	10120
3103	7575
-16786	5030
-6766	12665
10760	-12787
-5022	-33149
15643	7575
-541	15210
-3006	12665
816	-12787
423	7575
2170	-7697
-13224	-10242
-265	-61
-975	2484
-7904	5030
3134	7575
-437	-5151
3973	-2606
7663	-10242
-11042	5030
-8087	20301
-5602	7575
1753	2484
-13123	-10242
-5669	22846
1060	-61
3777	-17878
540	-33149
-393	2484
13672	2484
-1261	-12787
-2313	2484
2895	2484
9934	-17878
-6410	2484
8489	-17878
-11451	7575
1414	2484
7569	-2606
-4773	5030
1820	2484
16497	-7697
1568	-7697
22026	12665
-6858	15210
-10237	12665
-3733	-12787
-3337	-15332
-337	7575
5033	-12787
8197	-7697
4803	7575
6643	5030
-499	2484
279	5030
8022	10120
-9508	5030
1922	-61
8577	5030
-878	2484
-7816	-2606
11279	-17878
-10268	-2606
-9341	15210
5014	-17878
-12609	10120
4051	2484
5013	2484
-2950	7575
7337	-5151
-2938	-10242
1955	2484
-3460	2484
5140	12665
-420	-25513
1765	-2606
134	5030
2391	5030
12753	-2606
-6574	-5151
5504	12665
2790	2484
-134	10120
-1705	-2606
-1131	-61
10310	5030
-2487	10120
-3009	5030
-3986	-15332
-14101	-7697
-2692	7575
-700	-61
-11689	5030
-4627	7575
260	-10242
5956	-5151
-6659	-5151
-10503	5030
-440	-7697
16328	-25513
-2448	5030
6838	2484
-2107	-2606
1558	-5151
-4887	7575
4652	-5151
-4570	-2606
2033	-12787
-5276	-7697
3189	12665
2811	-2606
291	7575
-196	12665
1019	2484
9012	12665
-2584	7575
692	7575
-4021	2484
1006	-61
-451	15210
-4547	5030
7114	5030
3788	-61
-19772	7575
-2782	5030
-3144	2484
-2297	2484
-5889	7575
2220	-61
-506	7575
2298	7575
-2225	-7697
-8597	-61
-6698	7575
-2179	5030
-2285	5030
-6223	7575
3312	-61
-9373	2484
-60	7575
299	-61
-2493	7575
14258	-61
-11814	-61
-7792	-61
-58	2484
711	-61
5362	-61
3965	-5151
2136	5030
-2300	-2606
-10393	7575
-4418	-2606
-3602	7575
6523	-61
5278	-22968
5591	-25513
-5256	-10242
14490	-2606
4034	-5151
384	-12787
-8862	10120
3462	-61
611	2484
-6675	-5151
-16064	-17878
-3702	-2606
4800	2484
-8594	-10242
1681	2484
-1329	-17878
2107	-17878
-4085	5030
3474	-61
-13668	5030
-1248	-15332
-2186	15210
-5447	7575
-10570	5030
222	-61
4187	10120
-595	-5151
12639	-7697
5056	-5151
-868	-5151
2892	-12787
-3191	2484
-2670	-2606
1778	-17878
-4556	7575
6638	-7697
-6199	2484
8842	-7697
16001	-2606
-1257	10120
3884	2484
-446	10120
-1910	-2606
-2729	7575
32751	-25513
1826	12665
-11900	7575
3186	7575
-4548	5030
6363	2484
7008	-28059
-6787	10120
73975	-2606
648	-61
-2447	-7697
-2544	2484
-2805	-2606
23412	5030
33620	-2606
-8240	17756
6137	-2606
-5677	-61
2307	-5151
2453	-7697
-539	-2606
-5308	-61
-7556	2484
5985	-5151
-7672	7575
10875	-61
-1992	12665
2875	2484
-3974	-61
7402	10120
-1210	-5151
-1515	7575
-5346	2484
5839	12665
-1648	-12787
2882	10120
-21952	7575
-2046	2484
4943	-30604
3913	-5151
7499	-15332
-4772	7575
4291	10120
774	7575
-1497	-15332
-2516	-17878
7953	-61
21202	5030
-3610	-22968
-9499	-61
-3727	-5151
5072	2484
-9508	15210
7960	-2606
-9367	-7697
-7140	7575
-8995	-10242
-9209	10120
-7108	7575
-8466	17756
-5954	-7697
5442	-10242
8367	-15332
5239	-25513
4582	-61
5109	5030
-12925	10120
3790	-5151
11805	10120
-4384	-5151
5856	-12787
4971	-61
-4201	-61
-17021	2484
3256	2484
6589	5030
-9946	-5151
-5387	10120
-3890	-7697
17357	-12787
-348	-2606
-5980	20301
10761	-2606
7059	-2606
-5471	-17878
-1749	15210
-432	15210
-2321	2484
-12257	7575
-462	-2606
1064	15210
-4285	10120
-2720	2484
-8682	-17878
-12615	22846
9727	5030
-1464	-5151
-795	-10242
-3643	-2606
5223	-17878
-956	-5151
-473	7575
-227	12665
-3649	-61
-5680	5030
-4939	12665
4769	5030
9462	-7697
867	12665
417	-2606
3756	10120
-3922	2484
-7194	5030
-11308	15210
-4318	-61
-4615	7575
3387	-5151
9456	10120
16429	-2606
-6850	2484
-1095	5030
5089	-7697
8182	-2606
-5505	5030
2611	5030
14244	-15332
-3539	-2606
5825	-7697
7715	5030
-4571	12665
2833	-10242
9410	-5151
-8760	-61
28	-61
9249	-61
-6713	17756
-8194	-2606
-4048	2484
13419	2484
9863	-5151
4650	10120
-358	5030
-7618	10120
-4375	5030
764	-2606
2281	-15332
-17852	-2606
-1431	2484
-3338	2484
312	5030
-959	2484
-2601	-61
1153	-7697
5564	2484
2698	-22968
-6489	12665
6083	-15332
-2942	7575
-3949	2484
24737	-61
-1795	-61
-4252	2484
-4641	-12787
-6387	-2606
-6731	10120
-3864	7575
6881	-17878
-12109	25391
-4255	-25513
6281	-7697
6883	-12787
-7330	17756
11506	5030
-11302	-28059
-2359	-61
-80	-7697
1393	5030
-562	-61
-6448	-5151
4208	-12787
4153	-28059
5745	-25513
18995	-61
10757	-10242
36	5030
5777	-20423
3581	-35694
-209	-5151
-2832	-7697
989	5030
-4756	15210
-1035	-61
1427	2484
32282	25391
-5172	-61
3456	-2606
7170	-61
-830	-2606
1520	7575
1416	-2606
11856	-7697
-21	-2606
1447	-61
-11734	-61
1921	5030
-9618	7575
2332	27937
2794	-61
3192	2484
-15731	-7697
-7070	-61
-12591	12665
-9677	10120
-854	-61
-4394	2484
-4163	-7697
-1871	-12787
9763	10120
-5697	20301
-25899	-2606
328	-15332
-2925	5030
604	-10242
4823	7575
-2288	7575
-1703	12665
-5030	-10242
-7597	-22968
-7533	12665
3799	5030
8602	-5151
1187	-10242
-3446	7575
-6399	-5151
9823	-2606
2963	-7697
5691	-2606
-9971	-61
-2951	7575
987	-7697
5696	-5151
7779	-5151
-9055	10120
-7751	2484
7559	-15332
-16348	15210
-5035	15210
3925	-15332
-1673	-15332
-5269	-61
14712	-61
-6240	-61
-7368	10120
-10590	10120
4079	-61
826	5030
-7877	2484
3886	7575
-1824	2484
4830	-30604
-11328	7575
-11379	-22968
6496	7575
-842	-7697
-5023	-12787
-4473	10120
-5888	-2606
-276	-10242
-7707	10120
1069	5030
7244	15210
-1787	7575
-5881	-61
613	10120
4784	-10242
-13813	-61
13088	-7697
-176	-61
4715	5030
30069	-61
6378	10120
-3953	2484
6930	2484
10662	5030
-4355	5030
-1056	5030
-4544	-45875
-10362	27937
-8700	-7697
-4157	-33149
-11489	-2606
-121	10120
4844	2484
-1661	-2606
-439	-61
1797	10120
-12558	10120
-9616	-25513
-15845	10120
6702	-15332
9622	-12787
-3949	7575
5500	5030
2056	-2606
3176	2484
1928	-2606
11287	2484
-3412	15210
-3833	12665
3895	10120
-4329	-61
-5728	2484
6817	-15332
4923	-15332
-8493	2484
-1884	2484
5735	15210
3326	-12787
22917	-2606
-7857	5030
-5671	7575
1121	-7697
-7780	10120
6355	-15332
-4227	25391
1558	2484
-3184	-12787
-4317	12665
-6929	-10242
3023	5030
2865	-7697
1459	-61
-4719	-5151
-229	7575
1501	-61
-6413	2484
12114	5030
26934	10120
-10504	-5151
-7407	5030
-8529	-2606
-6309	-2606
-5608	-12787
-6289	2484
2386	7575
-3355	-30604
4967	2484
-5149	-2606
8596	-2606
-5031	7575
2928	-61
-506	7575
8462	-7697
-2236	-2606
-10722	-5151
3899	5030
19531	2484
3069	10120
-4847	7575
-6335	-61
16312	-17878
-7047	7575
-4958	17756
9919	-5151
5997	-5151
-4019	5030
1260	-2606
-3227	-17878
-9737	7575
-8256	-61
3940	-7697
4970	-2606
9557	7575
6268	-2606
1706	-28059
2373	-2606
11050	5030
3486	-61
-2374	-12787
5760	5030
1823	-12787
-33684	20301
-3400	-2606
27979	5030
-7171	5030
-4723	-61
-8940	5030
-6069	7575
86	7575
-788	-2606
24959	10120
4711	-12787
2954	-2606
-3840	5030
15907	-7697
-12615	5030
6528	5030
164	-22968
-3668	5030
-329	-22968
-9884	5030
6201	-61
-5587	-7697
-9227	12665
-16345	-12787
80	2484
-7028	2484
4032	5030
-7750	7575
8673	2484
-8333	12665
-7780	2484
-6198	-61
-3317	10120
-5746	12665
-14211	7575
-8646	-2606
-4967	5030
2430	-5151
3036	2484
-186	-7697
-19465	-61
100042	15210
-3585	-61
-2715	2484
-2095	5030
-11286	7575
8035	5030
-4915	2484
-5836	-2606
-8351	2484
10332	-61
-13671	-2606
4406	-5151
6261	2484
3583	-30604
-16593	17756
-12503	5030
-7279	-17878
-8509	-2606
9143	-2606
-5081	-2606
-3241	12665
8426	-12787
-3195	-5151
3297	-10242
-5493	17756
-4441	2484
1575	10120
1687	-7697
-2270	5030
18285	5030
4537	-10242
4864	2484
-5280	17756
-2441	-17878
-2432	-7697
-3683	7575
-4917	-5151
304	-5151
340	-61
-6754	17756
-9126	-10242
-4665	-2606
1528	2484
4513	2484
5580	10120
-7167	-12787
-5334	12665
-5950	5030
1615	-28059
-5130	10120
7515	-5151
-5957	-2606
-5585	-5151
16886	-2606
35789	-5151
-5228	7575
39635	-20423
2434	-61
-2784	-61
-284	-61
8309	-25513
1654	-61
-1819	-61
-7046	7575
2570	-2606
1113	-2606
5526	-61
1325	2484
25154	-5151
683	-61
1170	-30604
-11610	7575
-5592	10120
4294	7575
-998	-61
3100	-15332
-17396	-2606
-6902	5030
-160	-7697
71018	-5151
4938	-25513
4644	10120
-2062	-7697
1016	-12787
11103	-10242
7615	5030
-1353	5030
-10306	5030
-6189	-2606
-3816	-2606
-6744	17756
-2384	15210
2717	25391
-9488	7575
7277	-12787
-4601	2484
3365	-2606
9843	5030
5304	-12787
30738	-12787
2726	5030
3820	-7697
1528	-7697
-10545	-2606
6425	-20423
-11994	5030
-4467	5030
-7247	-2606
-6001	-5151
-8982	7575
-7107	-2606
-4503	17756
6608	7575
1972	-61
-3712	10120
7155	-7697
-8743	-61
-1141	-17878
1766	7575
-5964	7575
2445	10120
-5586	7575
-537	-5151
-4934	12665
2109	-2606
-9503	30482
4678	-2606
-14094	15210
3651	5030
8249	2484
5180	-25513
-5040	-5151
2669	-7697
763	-61
-1366	-20423
7008	-61
532	-7697
-4603	-2606
-9963	-2606
4584	-2606
1342	17756
-1915	12665
-1274	-61
136	-17878
2607	-2606
-7265	2484
-6752	-17878
-3120	20301
-11006	-61
-17231	-61
-4160	-7697
731	-7697
-5188	7575
16302	-2606
-16197	2484
5074	7575
-2557	5030
-1079	-61
8238	-17878
-10659	7575
7669	5030
14600	-7697
-4554	10120
3114	-2606
-7141	-7697
-108	-61
7475	-5151
-6735	7575
3400	-5151
3894	-61
14186	2484
-1659	-61
1063	-61
-1951	-25513
6938	-12787
-1582	17756
15706	5030
-4310	-61
1189	2484
3184	5030
-4090	-12787
-8097	5030
-5670	10120
-2770	7575
-8182	-2606
650	-61
-1419	12665
-2108	-2606
48301	-7697
-3097	15210
-9940	2484
4009	-22968
-9222	10120
-14883	12665
-2097	5030
10722	-15332
1319	2484
230	15210
-917	12665
-2836	2484
-9421	2484
14428	-12787
-4278	5030
-3868	-10242
-5309	10120
12733	-17878
-2540	10120
-4364	-2606
16842	7575
765	-5151
18796	10120
1229	2484
-1088	2484
-9945	-61
-1117	-2606
-2551	7575
5336	2484
-12906	-38239
-3459	5030
-14706	-7697
17824	7575
9812	7575
43621	-61
-3768	10120
-324	2484
4889	5030
-2057	12665
-2397	5030
-9982	12665
-4736	10120
11486	2484
367	-2606
-3700	-2606
-4161	5030
1318	2484
10173	-12787
-3904	-2606
9092	-7697
1458	-33149
917	2484
-7129	-12787
-1408	12665
6219	5030
1367	7575
38	7575
708	-7697
-5580	-61
15462	7575
4346	-5151
-6645	-17878
-5741	12665
-2884	-12787
-7322	5030
1738	10120
400	-2606
2331	-40785
-6806	-61
2650	-7697
-2755	-2606
-10485	15210
1821	10120
8614	-10242
4681	-22968
-299	-61
-4038	-7697
-4184	-7697
-6677	-61
2209	-28059
-10957	10120
2171	-61
-2907	10120
-5214	-5151
26659	-2606
4660	-61
-1745	-15332
-1431	-61
-5820	10120
-8736	5030
-9490	7575
5681	-61
-2959	7575
-4434	5030
-613	10120
-5352	-61
-7319	2484
16228	2484
1898	7575
-2620	7575
-3038	15210
-5040	7575
4699	5030
-6972	12665
635	10120
5871	-61
-3018	10120
-7656	7575
7174	-2606
3509	12665
1505	-61
-1139	-61
-1750	-5151
704	7575
7859	7575
-5261	-15332
-3272	2484
6643	5030
-7488	-61
519	-25513
-227	-61
2484	7575
2109	-61
-2456	5030
2316	7575
-3166	2484
1227	-61
13525	-61
89974	-10242
1083	10120
-11394	-15332
-3331	-61
-18925	7575
7635	-61
6134	-2606
-7677	15210
-7707	10120
16620	-61
-11869	10120
-11085	5030
-9628	7575
14011	-61
-1311	-5151
-17866	10120
21389	5030
1167	-61
4827	-2606
5740	-2606
26268	-15332
-14566	-5151
-903	2484
16487	-7697
187	-61
2128	-61
334	12665
-2485	5030
620	5030
-12963	20301
2283	-61
6600	2484
928	-5151
1023	12665
-5107	5030
-4842	-2606
15087	-20423
-952	12665
3401	-61
-3676	-2606
2634	5030
7531	5030
27516	7575
-1036	2484
-7813	2484
-9153	7575
16668	-2606
-1199	-7697
-4905	7575
-492	7575
24484	-61
-2307	-5151
10909	-2606
-6856	12665
2606	-5151
-17044	12665
4032	7575
5938	10120
-7442	5030
5480	-61
1382	7575
11994	-15332
6729	-61
-6443	-61
-2700	-5151
-6788	-12787
-4643	10120
2710	-2606
-436	-61
1962	5030
492	2484
1424	-7697
5765	2484
-8498	-61
-3976	5030
3697	-61
975	-5151
1778	2484
-3591	17756
-7347	-7697
-5498	12665
-9973	-61
13140	-17878
2924	7575
-11613	7575
-8751	7575
-11884	5030
-223	5030
-2444	-61
8774	-61
-11354	5030
414	5030
-5121	7575
9428	-12787
6745	5030
-474	5030
18782	5030
-2211	-61
2697	-10242
-7432	17756
3913	7575
10992	5030
-8747	2484
3231	5030
1063	-61
4699	2484
2894	2484
8276	-5151
41	-5151
-10490	20301
517	-5151
3028	12665
10905	-7697
-19130	7575
2406	5030
3995	7575
7892	-2606
-8254	5030
-873	12665
-2514	5030
-8562	15210
-1021	-5151
-6918	5030
-15155	10120
-3209	7575
-1615	10120
-19995	-5151
2709	2484
3474	-61
-4087	7575
1551	-5151
-1034	-5151
6140	5030
2623	-7697
-10545	-61
875	-15332
10157	2484
-1060	-7697
5135	-10242
-1288	5030
-10677	-61
-5792	-15332
-6646	12665
-2807	-17878
-1983	-2606
-1402	-10242
-1834	10120
3583	5030
-5640	-7697
-8635	10120
4997	2484
-8165	-5151
-41	2484
1038	7575
-12964	7575
-2483	2484
-5533	-7697
-726	10120
-1882	-61
-2143	-10242
-3335	2484
-887	-2606
7295	-61
42164	2484
15493	-2606
10009	-2606
2737	-61
-7480	-5151
-4549	7575
681	7575
-921	-2606
5721	2484
11139	-61
-4904	10120
2165	-5151
-9447	10120
-3450	-61
-8112	-15332
1951	5030
112357	10120
-7357	2484
-1082	15210
5165	12665
-1068	7575
-2638	-10242
-1794	-15332
4316	-61
-7233	2484
3576	-7697
8366	-5151
2646	-2606
-6739	2484
5270	5030
3990	-2606
10643	-61
5932	7575
-18058	15210
-20285	-12787
3748	7575
-6029	15210
-7009	-20423
-6568	7575
-3337	-45875
517	2484
-14555	-2606
-106	2484
-11611	10120
-8531	12665
1940	-5151
-2150	-61
37857	2484
-9859	-2606
105	2484
-11331	-5151
6231	-2606
-802	12665
15929	-12787
5431	2484
7060	-5151
-174	2484
-7733	5030
-2447	5030
-12483	-61
23319	-5151
-10820	5030
1168	-61
-4476	5030
8302	2484
27346	-15332
3633	-61
15061	-30604
625	-5151
1008	2484
-5257	7575
-3864	2484
7580	2484
19532	7575
-3135	-61
4604	-2606
-3235	2484
-8324	-61
-9725	-17878
-4143	5030
1885	-61
-6695	-5151
860	-61
-8226	17756
-7425	5030
-3849	2484
-3926	-2606
17070	-12787
-3430	5030
-4423	7575
26130	-5151
1621	2484
241	10120
6882	-2606
-312	-5151
-3512	-2606
528	-61
-12101	-2606
-6022	-25513
1843	5030
-11829	-5151
-10487	15210
3218	-7697
-3021	5030
4217	2484
4465	2484
-4711	-7697
-8849	15210
31	-2606
10010	-12787
-5200	10120
-5571	-10242
15527	-10242
-772	5030
-1553	-7697
3263	10120
14472	-2606
-1919	-5151
10797	-17878
3679	-10242
7244	7575
-9668	-35694
3114	5030
-1188	5030
-8800	10120
10674	-61
6726	-61
2517	-20423
-8013	7575
6777	-61
-4888	7575
-1536	15210
4849	15210
60	2484
-10205	-17878
4518	5030
-2157	-61
10674	-7697
-556	15210
-1776	2484
-11506	-61
48784	5030
8176	-7697
-8141	-22968
5163	2484
3096	-5151
2757	2484
-4731	17756
989	-2606
5240	2484
-12685	2484
15783	2484
-92	7575
-5654	5030
-8369	10120
-183	-22968
-4765	22846
-4203	22846
2879	-61
-3380	-10242
-339	-5151
4212	-2606
1284	-61
-863	-61
-6975	-61
7825	-61
-3266	17756
2869	-17878
-4642	12665
-4075	-7697
7994	-2606
-6252	17756
-468	12665
-7059	-61
13844	12665
2908	-2606
-9527	12665
7140	2484
5529	-12787
-4415	10120
8623	-5151
1824	-20423
3720	-22968
-10520	12665
-6198	2484
318	-2606
10424	-5151
1604	-25513
-803	-10242
346	7575
15872	2484
26173	-61
24153	-15332
8592	-61
-10874	12665
15900	2484
33011	7575
-11205	5030
8478	-12787
-12042	-15332
-399	-17878
-8370	-5151
1177	2484
-1119	5030
18657	-5151
-10995	2484
-1608	-7697
-11413	2484
-9279	-5151
-8356	5030
-6478	-12787
-1700	10120
12229	-5151
-12191	12665
-9271	5030
2074	12665
6529	-5151
-755	7575
4062	2484
3522	-5151
-4181	7575
-4800	5030
-13325	25391
3547	-5151
-463	-5151
5996	-7697
542	2484
1896	7575
9307	-7697
13334	-22968
1627	-7697
4861	-30604
4921	-10242
-3003	2484
9486	-2606
-2972	5030
-15526	20301
-7826	-61
958	10120
-2732	-12787
2553	-61
-10416	2484
-5527	5030
-1541	5030
6837	-61
1106	25391
-12716	5030
7287	-5151
-2034	5030
857	10120
4324	-12787
-4912	7575
-11642	-2606
-2673	-2606
-11376	10120
5461	7575
10080	2484
8451	-25513
-8924	2484
-5250	2484
-1704	2484
934	7575
-9847	20301
16115	-25513
-6329	5030
-994	-5151
-5911	5030
-880	5030
5078	-61
1545	12665
12112	15210
6521	-7697
15804	-2606
-15503	5030
-4138	-10242
22889	2484
4366	-12787
1652	-7697
-12227	-61
18768	2484
1879	5030
-3299	-61
-2807	7575
2650	-17878
8379	-61
-3729	-7697
4973	-10242
-10075	2484
-981	-2606
5786	5030
-106	-5151
-8239	10120
10003	-61
28984	5030
-24564	12665
-6625	-10242
-3405	-7697
-3105	-2606
-6343	-7697
-4892	-61
-3712	25391
61	-7697
-10164	2484
-14037	-10242
4731	-61
6562	-61
-1952	-61
7420	-2606
4703	7575
10223	-25513
8652	-5151
102	-2606
243	-12787
-7751	10120
-3092	-61
10148	-7697
-3381	2484
-5123	-5151
-8092	-61
7122	2484
-620	2484
1431	17756
-8916	-61
6640	2484
-16011	-61
7449	-20423
303	12665
-4418	-2606
1256	-2606
-15675	12665
-4652	2484
7048	-2606
1536	-61
-1843	7575
2446	-10242
567	-5151
1030	2484
10903	-2606
1188	7575
-7506	-5151
4447	10120
-3766	-2606
4278	-61
9971	-5151
-10773	7575
-216	-2606
-2447	-2606
-6730	-61
14352	2484
-1373	-2606
4161	-2606
6853	2484
-2099	5030
-5243	10120
-2329	2484
-2158	10120
5210	-10242
17850	2484
2591	-12787
4386	-2606
-1873	-61
-16381	-2606
-1609	10120
-540	-2606
-8050	-2606
-3640	12665
1364	-61
-375	5030
11187	-2606
-6287	5030
2455	5030
-8091	7575
-2838	2484
-8873	7575
-4436	7575
-5271	-17878
9248	-15332
2442	7575
-1257	7575
-10885	12665
4973	-7697
-17423	7575
-6836	-2606
1187	2484
-1103	12665
-7362	10120
-17863	20301
2384	10120
-2150	-12787
-3490	5030
-895	-17878
-2941	-7697
-7574	5030
-4110	-2606
-4182	2484
-560	5030
-4561	7575
10280	-20423
-5234	12665
-2955	22846
-7604	-61
-5314	7575
-7284	-7697
-8335	-17878
2882	-10242
8081	2484
9226	-61
8064	-2606
3624	-7697
-4601	-61
2835	-12787
2692	2484
-5788	5030
-12389	2484
2355	-61
2554	-61
-2351	2484
-5607	-28059
413	-17878
19989	5030
24538	-7697
6394	-61
-6233	2484
-8166	12665
-732	-2606
49688	2484
2253	15210
14506	22846
-5306	-61
-5043	-5151
3908	-5151
1830	2484
-3480	2484
13393	-20423
-3242	2484
-3428	5030
12580	-7697
-12362	15210
16959	7575
-12727	2484
9109	-2606
2231	5030
-1719	-7697
-747	-2606
-377	5030
4420	7575
-436	-7697
207	-20423
-1003	20301
6772	-61
-4013	2484
7078	-2606
1125	17756
-5326	-2606
8377	5030
3859	12665
10150	-61
-7311	10120
5125	2484
-3886	7575
-2611	-61
-3450	-20423
1148	-2606
2215	-2606
-9160	2484
-1730	5030
-6001	15210
1783	7575
-5671	-2606
-1806	7575
-4203	-61
-13685	5030
8133	10120
-5083	7575
-6332	20301
5402	-5151
-4616	2484
4521	-7697
-7903	5030
-3596	-2606
553	-15332
5633	2484
135708	-7697
-24	-61
-1612	-17878
-6718	7575
-2355	12665
-3857	-15332
-12212	10120
-600	-2606
-10887	2484
-599	-15332
-6112	10120
-9065	-10242
-9620	-5151
-8889	-61
-11673	2484
4661	-15332
6773	-5151
-2660	-2606
5626	-2606
7943	-2606
-3749	-35694
-8001	5030
-257	-15332
-2797	7575
-7561	7575
-5277	-2606
920	-12787
8302	-12787
44870	5030
-2884	-2606
1681	-2606
2247	5030
5720	5030
2766	5030
15411	-61
-22831	7575
-488	12665
-173	7575
4058	-10242
5930	-17878
561	7575
-3278	5030
-3299	5030
-2222	2484
2971	7575
180	5030
20010	5030
-7501	-15332
-3803	-2606
-5638	12665
909	-2606
1859	10120
-9382	15210
35241	-2606
-15062	5030
-5983	20301
3629	2484
-3742	2484
616	-15332
-2444	15210
6126	-20423
3023	7575
522	-10242
22455	7575
2091	10120
-10581	2484
5179	10120
-2576	5030
-12200	-61
-3961	-61
-1501	10120
-2951	-2606
-14699	-2606
1800	2484
-3030	10120
-5887	2484
12003	-7697
11124	2484
3851	5030
-4248	5030
8149	-61
-1500	2484
-5642	2484
7225	2484
-1614	2484
934	-7697
8615	2484
-4820	-7697
-12605	10120
-1519	17756
-7107	-7697
-9884	7575
-5721	5030
-2886	20301
-6863	2484
-7102	5030
9948	-61
-4633	-5151
-2297	5030
-7293	5030
-4923	2484
9409	5030
3534	-12787
-562	-61
1873	5030
-5011	-28059
-5340	5030
-14425	12665
-2638	-61
-1667	-2606
-12536	-61
11033	-5151
488	2484
61	7575
14567	-5151
-1432	-7697
-741	-61
-286	-15332
7199	-5151
205	15210
-2413	-2606
-10536	2484
660	-7697
15160	-5151
2492	-10242
-17980	2484
2420	-2606
2475	10120
-3184	-5151
-7582	-2606
-1284	-61
1892	5030
-10408	10120
-5162	2484
556	-28059
5141	-12787
1166	2484
-9268	7575
-3638	-15332
1304	2484
8250	2484
-5268	-61
-10956	7575
4103	-7697
-4540	-17878
14817	-61
-5219	-12787
-8562	-61
7659	10120
-8352	7575
3910	-2606
5582	5030
5410	-5151
-374	-5151
152	-15332
1554	-61
-5933	5030
-4713	-2606
2741	-12787
-1254	-5151
-16229	25391
7687	-10242
-9245	2484
7347	-2606
2346	-2606
1708	-20423
15339	5030
-1986	-5151
15551	-7697
-10165	2484
6166	2484
5369	-61
-7665	7575
1033	-15332
-4878	-2606
-6150	12665
1432	-20423
-13514	5030
-280	-61
-7674	10120
-4156	-7697
-1096	-2606
-8508	5030
-5643	12665
-8807	7575
2334	10120
852	7575
10921	-61
6964	-10242
-16183	7575
-8844	7575
-1953	2484
7935	-15332
6362	-5151
-7629	-17878
11557	-5151
-9485	12665
3838	-61
-6809	10120
-11368	17756
3706	5030
5934	5030
-3828	-2606
7105	-5151
-8033	12665
7804	-10242
3697	-2606
-967	2484
-3791	2484
2032	-5151
-4883	5030
-3797	-2606
-2214	7575
-12175	7575
-42	-61
-6546	15210
6216	-61
-12939	5030
1198	5030
-9063	-5151
-8039	2484
1209	-10242
6194	-12787
-3398	7575
-13260	-61
1922	-2606
7413	-25513
116	17756
-1440	10120
2714	-2606
-3898	5030
524	2484
3003	-15332
8439	-12787
183	2484
10483	-15332
307	-10242
-2664	10120
-3493	-2606
-5226	5030
-17917	-61
-8655	2484
-6601	10120
-3950	5030
-14326	7575
4149	5030
-11006	7575
3687	-25513
-11272	2484
8240	2484
2956	7575
-2071	2484
-5198	15210
-1662	-61
1183	-10242
-7891	-12787
12125	-12787
4757	-12787
-598	-2606
275	-17878
2640	5030
3465	-15332
5873	-61
7374	-7697
-918	-7697
1103	-61
17482	2484
-12829	15210
22907	-10242
6753	22846
2803	-2606
2832	-30604
-14382	10120
447	7575
9674	2484
3611	-61
-7008	7575
-10692	2484
4118	12665
-5786	5030
-7178	5030
-4579	-7697
-12819	12665
51969	-7697
-5806	-2606
2661	-22968
-5698	-25513
4768	-2606
-1286	-2606
5050	-5151
50582	7575
-1892	7575
-17072	7575
-4786	-10242
-13108	-5151
10242	-61
-10433	2484
7839	-20423
-836	-20423
3183	2484
83	-20423
-1416	-5151
4138	-61
-6232	-61
-8001	10120
-1655	-61
21030	2484
8792	5030
-4638	27937
9025	5030
-5908	5030
1452	-61
1171	5030
-2887	17756
7525	-61
3743	2484
-11031	-2606
-3686	-61
-7397	2484
9214	-15332
1114	-2606
-590	5030
-10998	-25513
-963	7575
3385	7575
-7367	-7697
-6630	-7697
4767	2484
6830	10120
-14301	-61
-8473	7575
-3386	-2606
4491	-22968
-1981	15210
4908	-10242
18769	10120
1482	-2606
-5183	10120
-15104	12665
14482	2484
-362	7575
-12752	-2606
-5442	-2606
4311	-61
8501	-12787
-7327	7575
-9393	7575
5854	-10242
1594	-5151
6205	-2606
3757	-33149
7505	10120
-15620	12665
2524	5030
4436	-12787
-1553	5030
2643	10120
-11643	-2606
-7313	-15332
15977	-10242
9338	-5151
12763	-5151
-12399	2484
-6943	-15332
2453	2484
-5744	5030
-1643	-10242
1352	-61
1794	12665
13681	-61
-3382	-17878
6252	5030
6531	2484
6206	7575
-11058	-61
14785	-15332
-17998	30482
6751	2484
745	-7697
9812	-15332
-2990	17756
5152	10120
-733	5030
3847	-7697
-5723	20301
-6551	5030
-1765	-61
-4664	-61
12847	-10242
9907	-17878
1175	-7697
-11632	-33149
18615	-30604
-4734	-17878
-1600	2484
5727	-2606
15886	2484
-6206	7575
-6468	15210
-5716	17756
-6062	5030
662	-2606
-9144	2484
11055	2484
-2061	7575
14202	-61
1409	5030
2386	10120
5935	12665
10169	-2606
-5562	2484
-2774	-15332
14584	2484
-9832	-61
-4155	5030
-6533	15210
574	-61
-6437	7575
-3605	-7697
480	-2606
-4182	-10242
-445	-10242
3572	2484
-4273	-7697
-736	10120
-13853	10120
10719	2484
5316	5030
1590	-7697
34975	-5151
-15177	-15332
-4323	5030
-7496	-20423
1352	15210
-3195	-15332
16553	-17878
5337	10120
-25	5030
-1708	17756
5185	-2606
7818	2484
-6604	-61
12366	-61
-14841	-10242
-12058	-2606
-19301	-15332
10521	-61
-6923	7575
-4506	-10242
-2955	-5151
1439	-2606
-7957	-10242
846	7575
-4036	-5151
-5755	10120
-5357	2484
3003	7575
11105	5030
-5550	2484
-3677	12665
-4704	2484
-313	-10242
-3326	-5151
-6750	10120
964	-10242
5575	5030
-1815	-61
-2975	-12787
-482	-12787
-11090	7575
-9289	5030
-4137	-2606
2423	-7697
4725	5030
-1186	-61
16756	-10242
-1998	2484
-4979	-15332
1507	-20423
-3675	-10242
-6675	-5151
-11550	-5151
-2461	15210
-3946	-7697
-14165	-20423
-11361	10120
3938	12665
12671	-61
-11955	-61
-3616	7575
-4784	-7697
-3059	10120
730	-7697
-2247	-7697
-14345	-61
-2497	-5151
-6934	12665
82801	-61
-3417	5030
1435	5030
-9134	-5151
-5601	-2606
-6988	10120
-5753	12665
-9702	-2606
-11908	2484
-5838	-2606
-325	5030
-9878	-61
1858	-25513
-2980	12665
-13214	2484
-5504	-5151
10544	-61
-14611	-15332
-1289	-17878
4612	2484
-561	10120
-1459	-15332
-9950	7575
-10847	-61
3792	2484
-5309	5030
-242	10120
-6568	10120
6967	-7697
-11504	-61
-5591	10120
-7354	7575
-1335	-17878
-5730	15210
-6743	7575
-1059	5030
2572	5030
4253	2484
-8761	7575
-13220	-61
-11038	5030
1755	7575
-6383	7575
-5970	5030
9745	2484
-15376	33027
-1777	10120
10917	-22968
124	-12787
8316	-7697
-12933	17756
4337	-17878
579	-10242
-6210	12665
-873	-2606
-540	2484
-11798	-25513
1215	-7697
-2091	12665
1889	-10242
-5719	-61
-8756	-2606
-2157	5030
2638	-10242
21245	15210
-7615	10120
-4045	15210
-4609	-17878
3554	-2606
-399	10120
-5250	2484
3493	5030
-912	10120
-205	-61
4272	-61
4030	-12787
-781	-10242
-3538	-61
-47	2484
6047	7575
-4321	-2606
925	-15332
912	-61
24392	2484
-15320	2484
-4300	12665
11145	-2606
-15263	-2606
14192	-61
3377	2484
-1469	2484
-6625	-61
-6935	10120
894	15210
-5564	10120
10066	-20423
-2724	-5151
7746	5030
4379	7575
6137	10120
6323	-2606
330	-2606
-6972	-61
15470	-2606
-3390	7575
-11948	-2606
-3428	7575
6473	-15332
223	-2606
-12862	17756
-5093	-7697
-2861	-10242
4977	-7697
1445	10120
-7531	-61
-9827	5030
-8539	12665
-4077	7575
-14381	-7697
-1549	2484
-1857	7575
4774	-7697
-3118	5030
513	-5151
11895	-61
-15599	-5151
-9240	-15332
2103	-2606
-2777	-61
-494	5030
240	5030
-1538	2484
3122	-61
10412	-2606
-4044	-7697
13431	-2606
-802	-7697
-14986	15210
4437	7575
-15614	15210
-6813	-25513
11470	-61
1398	-61
1820	-15332
-6614	5030
-7608	-2606
24978	-22968
-8268	7575
-11848	15210
-4264	-5151
2479	-61
-7200	12665
-1305	12665
-6076	-61
-6760	7575
2330	-5151
-2519	12665
-5431	15210
-12830	-61
-4584	15210
-6117	-2606
-4343	5030
4530	-15332
-125	7575
5608	-61
-13719	12665
4936	10120
-11947	5030
5524	-22968
18978	-61
4886	-5151
-773	-2606
4947	2484
-7292	-20423
9815	-5151
4008	-20423
-6625	-5151
-987	-10242
1772	-5151
1644	-2606
-2780	-17878
12555	-25513
621	10120
8941	7575
9201	2484
-13167	-15332
-10603	-5151
-1524	-28059
-8684	7575
-13764	33027
-4048	5030
6110	2484
-5368	5030
-5423	17756
-9838	10120
-3772	12665
-8692	-2606
-7147	-7697
-13682	22846
-3640	-61
-3187	5030
4633	-10242
-7870	-61
-15778	-17878
9404	5030
5237	10120
-7821	17756
1799	7575
3927	-2606
-4641	-2606
3541	-7697
-1734	15210
2839	-2606
11815	-7697
9344	7575
-10188	12665
-18016	7575
-79	-2606
-1966	-20423
-4619	-10242
-1195	7575
-8320	2484
-3158	-5151
4144	-2606
610	-61
2402	-2606
9470	-5151
-8087	-61
-5391	-2606
9708	-7697
-2121	7575
-11220	-12787
835	-5151
8099	-10242
-4024	5030
-5904	5030
-3117	-10242
333	7575
7859	-20423
-14824	20301
-2563	-2606
24703	-2606
-4204	17756
-6096	-61
-2894	-2606
4691	-7697
10152	-10242
-4695	5030
-435	-2606
-4136	15210
-1730	5030
-3644	7575
-3258	-10242
-5215	-5151
1627	5030
-794	5030
-8989	7575
5622	-15332
-5092	2484
-202	-22968
22149	-5151
4796	-2606
-6705	-2606
1975	5030
0	2484
-4397	10120
8452	-61
1935	-15332
-2681	5030
-5600	-61
-28054	10120
6166	-61
-1081	-61
503	7575
796	-17878
-3533	-61
-4473	10120
39452	7575
-10340	10120
-3368	-5151
5292	-10242
17963	-61
912	5030
-9248	2484
8113	-5151
-1765	5030
2716	15210
2867	-22968
4341	2484
114050	-61
1760	-61
-5172	-10242
-5461	12665
8444	-10242
-15187	22846
4436	-12787
-11105	-61
-1270	15210
612	15210
2970	7575
-12713	7575
-5128	-61
-7040	7575
-3133	2484
4934	-5151
-5033	10120
2739	5030
-904	7575
-5158	7575
-7923	22846
3135	-20423
-11725	10120
-2118	7575
-6719	-5151
2585	-22968
9444	-7697
14274	-2606
-9693	12665
-4317	5030
-1707	10120
-5427	7575
-2237	-17878
-5493	-5151
-88	-17878
31325	12665
5942	5030
3162	-7697
2080	5030
-2627	-61
-31933	-5151
-8694	15210
5592	7575
11646	-5151
524	5030
1554	-2606
-14314	5030
-13774	10120
589	12665
45	-7697
4432	-61
4524	2484
-7045	-12787
-7026	-25513
-1540	10120
-7257	2484
4768	-15332
8716	7575
-6635	5030
-3009	-61
9628	-61
7242	-28059
-8061	-2606
638	-10242
-4124	2484
-579	-28059
-7934	-12787
-5985	5030
-1197	-7697
-10334	10120
-4535	7575
50703	15210
571	-22968
-6198	-10242
-1566	-2606
7022	5030
-1329	-7697
-14302	15210
-6048	2484
-6096	17756
3702	7575
12243	5030
-18379	2484
-7578	10120
-4053	-61
9276	-61
-4869	-2606
5709	-61
-8741	-7697
-9195	-5151
-10078	-61
-11520	-5151
-9215	-15332
-5606	-2606
-7096	7575
1823	2484
-3994	5030
11129	-2606
-9735	12665
-7663	2484
-1834	10120
-11384	7575
-218	10120
-5196	-61
-7054	-15332
1896	5030
5858	-7697
-1235	-5151
91	7575
1613	-5151
645	-7697
4416	-2606
1233	-61
6670	5030
-8718	2484
-7279	-2606
9132	-22968
-14319	2484
-4311	-10242
1657	-10242
1343	5030
3527	-61
-1646	5030
969	-2606
-10535	-2606
-7066	-61
-5761	22846
-1134	-38239
-5707	7575
171	-15332
2256	12665
5269	-2606
-4702	10120
-3456	5030
-1301	-10242
3383	7575
3180	-22968
15940	-5151
185	2484
2741	2484
6053	2484
-5585	-10242
615	-5151
-1216	10120
-2514	5030
-4318	-2606
5326	-15332
1761	-12787
-5595	10120
-7250	-61
-13853	5030
1491	12665
-17375	12665
-2671	-61
-4216	-2606
-9083	-61
2777	5030
-4625	2484
3669	-61
6618	-15332
27350	-61
-10785	7575
-4898	-22968
-7487	5030
1417	-5151
-1770	2484
-7095	-17878
7955	-22968
2086	-61
-4651	-61
3760	-10242
-6818	22846
47198	-7697
-3428	-61
-502	-7697
-2714	27937
5413	2484
-6781	-61
-4514	2484
-118	-61
14158	-20423
-18131	-5151
9392	-5151
-7292	12665
-844	-10242
2706	-2606
4209	2484
-12837	2484
-9404	2484
24845	-61
-5525	12665
-2080	-5151
13806	-61
-7262	-7697
-16155	-10242
-16791	15210
5227	-2606
7788	-5151
9191	-2606
1313	-7697
22938	-2606
-3920	12665
-3181	5030
789	5030
3051	2484
-167	2484
-1857	2484
3996	5030
-7712	2484
105	-7697
19125	2484
5567	-2606
3602	-61
8719	-61
4512	-10242
4044	-2606
-6872	-5151
-5651	10120
24116	-15332
3819	2484
-201	-22968
18709	-5151
-8347	-61
8716	10120
812	-61
-11731	22846
1613	-12787
-768	5030
2074	2484
9915	-2606
5183	2484
3607	-7697
658	12665
-1026	10120
342	2484
183	-5151
1364	-2606
6556	2484
23551	-2606
-7265	17756
5912	-33149
-5674	-61
-9499	-7697
-7248	2484
352	-10242
-7282	10120
-2953	-61
-12174	25391
4239	-61
1728	-5151
-5177	-15332
-426	10120
23523	10120
-1687	2484
-6149	10120
1766	5030
5225	-5151
-5561	12665
-3285	-2606
-2140	-12787
1350	10120
8884	-61
-13250	7575
15440	-61
4146	5030
-7553	-10242
5763	-10242
-5798	20301
17344	7575
3430	7575
1005	5030
-4270	-5151
2039	10120
-1149	-7697
17096	-61
-2343	10120
27006	-5151
9436	-61
-11061	7575
3031	10120
-8599	10120
2521	-10242
3938	-61
-13358	10120
-260	2484
-6601	10120
-7173	-10242
-9734	7575
3340	7575
1853	-2606
4891	-2606
752	-7697
7196	10120
2381	12665
-7175	-2606
-644	-10242
-6613	10120
-424	7575
-3430	7575
13455	-5151
-9637	-2606
-8200	-5151
5127	2484
3740	-5151
11374	-22968
10533	7575
-5021	-61
11534	-7697
6759	-7697
-5558	-61
2374	10120
-5046	-15332
-4198	-2606
-3299	-10242
-3491	-5151
1781	-10242
1562	2484
-12342	-61
330	-61
1310	5030
-6914	15210
-6986	10120
-1727	5030
2695	-7697
860	2484
2297	-28059
2644	-2606
-6531	2484
-18108	2484
-3172	-7697
17556	-15332
-4035	17756
1561	5030
-8221	22846
2545	5030
810	5030
7521	-7697
-3557	5030
591	2484
-3172	-10242
-7383	-15332
-18877	5030
6221	7575
7427	2484
-6915	-22968
-6930	7575
4191	5030
16802	-7697
7828	-5151
4421	-7697
-5286	-10242
1593	17756
-9647	-61
-127	-5151
8014	15210
26285	-61
1892	7575
9620	2484
-3238	-5151
74	5030
-3745	-61
-7557	-5151
613	-61
-1133	-61
4606	2484
-2820	10120
-7501	15210
2203	2484
13416	2484
19870	7575
3274	7575
3944	7575
-4684	-5151
8110	-5151
-583	7575
525	-20423
-10365	7575
5514	5030
-3569	2484
-82	7575
1067	-5151
15427	-2606
-3669	7575
-3661	-61
-2707	-5151
599	2484
5631	-20423
119	7575
3081	-10242
-5615	5030
-4367	-2606
1129	-17878
-5865	5030
639	-7697
1100	5030
-12535	17756
17332	5030
3319	7575
-2888	2484
-5747	7575
1558	-10242
-5309	2484
-7883	-10242
-1110	7575
389	10120
-7796	15210
-3188	-61
4248	-7697
-19819	7575
1	5030
-6951	7575
-6377	5030
-25254	10120
1712	-17878
9595	20301
3246	5030
7407	-61
-11345	-7697
37	-2606
-12136	-61
-12512	12665
11094	-15332
-10786	2484
-14017	7575
4330	-2606
-3863	-2606
-7997	-2606
-6316	-5151
-10591	10120
-1047	15210
-7649	15210
-6129	7575
-145	2484
-791	-7697
-1774	-7697
27076	-61
-14101	17756
6296	15210
15784	-61
-1369	7575
67	7575
-5018	7575
6382	15210
-10608	-61
2276	-5151
483	-5151
-1640	7575
4514	5030
-2691	-20423
-846	-61
-4079	17756
4615	-10242
1061	-7697
-2167	-61
-11257	-61
4860	-7697
1895	10120
1324	2484
5307	-12787
36	-10242
-3950	-7697
-3856	-7697
4043	-2606
-9260	12665
-3592	5030
-9715	7575
-2931	20301
-3064	-61
-5847	5030
-12073	12665
-3268	-12787
-3846	2484
-2931	7575
-1533	10120
2397	-7697
4580	7575
-52	-61
-1125	5030
1658	5030
-3891	5030
2169	7575
-3983	-61
4093	-17878
-4955	2484
14877	-61
5600	-10242
14254	-28059
-873	12665
-1857	-5151
67	-2606
-2780	7575
-4519	-10242
2040	2484
-3095	7575
-1918	-61
-1296	-15332
4880	-5151
15863	-2606
-350	-22968
5519	-61
-8400	-15332
18260	-10242
-7946	-61
2416	5030
-5150	10120
-9042	10120
-2092	2484
2952	-5151
1951	-5151
-4284	-12787
-12130	2484
1792	-7697
4731	-17878
4267	12665
3922	-5151
2486	-5151
-5862	25391
2544	2484
-1770	12665
6682	-61
8617	-5151
-7042	-2606
-1819	-61
684	-61
-788	2484
6388	-5151
15379	-61
57277	2484
-3722	2484
-3833	-5151
4707	-2606
-9517	5030
-15608	15210
387	7575
-2902	5030
-11420	-61
-6507	-61
-401	-5151
-17282	12665
32127	-2606
14944	-2606
14160	10120
5403	-7697
-3648	2484
-5409	7575
-10902	5030
23321	-20423
-6512	-61
-3946	2484
4032	-17878
-3575	10120
-3345	-15332
-10155	-17878
-2207	7575
-2765	2484
1686	-20423
-2195	-61
-613	-2606
4574	-12787
-8055	-5151
2662	-10242
-2173	-2606
-420	5030
-3801	5030
2009	2484
1838	-61
-5150	2484
5914	7575
-775	7575
-1886	2484
-4027	5030
-7282	-17878
-14407	7575
365	-10242
-858	5030
10777	-5151
-2881	-33149
-946	15210
-11973	20301
-10058	5030
5336	-2606
5881	-5151
3536	12665
1865	-2606
2838	12665
-14516	-61
5602	-7697
-3925	-2606
-8320	-10242
885	-61
-13871	2484
-5756	10120
20549	-10242
-8930	7575
6111	-61
-2840	2484
-4378	-5151
-3284	5030
-12287	-5151
-4474	2484
8226	2484
-5088	10120
2704	5030
25850	2484
-7309	2484
-5629	-28059
-743	2484
-11333	10120
16565	-10242
3492	-15332
-7082	10120
-17286	10120
-6512	22846
5886	2484
-5012	7575
-13180	30482
-3253	-2606
-5270	2484
-81	-61
-6324	-33149
4335	-5151
-4295	-5151
-8854	2484
11493	5030
-1603	12665
-2676	-61
-754	5030
3294	-7697
6853	-7697
10511	7575
-12757	15210
-4932	7575
12104	12665
806	-61
-2151	-7697
-3844	17756
-526	10120
-5450	7575
-10112	5030
5646	2484
-5161	-10242
-5656	-30604
4710	-61
-2960	-20423
2536	-5151
-885	5030
-7047	-2606
-1563	2484
-503	-5151
-8096	-2606
-2734	-7697
-13238	12665
-5118	-12787
7806	-5151
-2436	2484
7125	2484
2074	5030
3057	7575
-3225	2484
7579	-10242
-2779	-12787
2941	2484
-3916	-7697
-11877	-61
8089	-5151
9618	-10242
2652	-61
-12962	5030
18795	7575
-2564	15210
-13603	2484
-5731	7575
-4068	7575
-4995	10120
14335	7575
-15565	27937
-1791	-61
4218	2484
4579	-2606
-8288	25391
-4206	10120
34683	-22968
-4530	-15332
4928	-2606
-7813	-7697
-1242	7575
-517	-2606
678	-2606
-5460	-2606
13449	7575
2800	12665
-11041	-7697
492	-2606
12390	-61
-5485	-5151
-6129	5030
-6293	-2606
1309	5030
1372	-61
-11332	7575
-5780	7575
-10800	7575
-65	7575
-7284	20301
-10065	10120
8595	7575
13916	-5151
-189	-7697
1554	2484
-8551	-61
5516	-25513
-8812	-2606
3443	-10242
10695	-7697
6183	-61
-16804	-10242
1289	-2606
12268	-10242
-4087	2484
1415	-2606
-66	-61
-8675	2484
-1433	-20423
-12276	15210
-123	-10242
3667	-5151
-7330	7575
-1352	-17878
-6352	5030
-2167	10120
-5827	15210
-4296	-7697
6289	5030
3730	-5151
1948	-61
1511	-2606
-6529	10120
-6378	-17878
4505	7575
2487	10120
-4743	2484
8630	-20423
-6156	2484
1281	-17878
-448	5030
-428	2484
-925	-7697
10886	-2606
-4441	12665
1042	-10242
-9701	-61
19074	-61
24957	-5151
-446	10120
-2645	-20423
3647	-7697
-8120	-12787
7322	5030
5359	-5151
-741	-61
299	2484
-8969	7575
-1231	2484
-1737	-12787
4376	-7697
10175	5030
-2526	-10242
-4459	-20423
-401	-10242
-7092	5030
125	-25513
-5602	2484
2519	5030
-2417	33027
-6407	20301
-12857	7575
-9992	12665
-4159	-61
2445	-61
-4207	17756
-6027	-61
2277	-2606
6449	-20423
-2982	2484
-2629	5030
20074	-7697
-6063	-10242
30229	-5151
2245	-7697
5304	2484
-5662	25391
34144	10120
-7865	12665
-10359	-17878
-7666	-15332
-525	7575
-12326	10120
2855	-2606
75189	-7697
-2733	-61
651	-10242
348	12665
7674	-5151
-2202	-7697
-3075	-2606
-5002	7575
-5339	2484
-4099	-2606
-4367	-2606
6849	7575
10841	-22968
-14850	-61
-12130	17756
45254	-22968
-7780	22846
894	-61
353	-61
1334	5030
-1337	-15332
-1750	5030
-962	2484
-4	2484
-3986	-5151
-14962	5030
27970	5030
-1125	15210
4264	7575
2330	-61
4801	-7697
-5031	2484
1781	5030
-514	-5151
4459	5030
-7008	7575
-1528	-61
-2306	-2606
2240	7575
23577	-12787
-13282	-2606
-3557	2484
7482	-61
12712	2484
-5299	10120
-423	-61
-8596	5030
5204	2484
15265	-2606
5665	7575
-2557	2484
9739	10120
5825	-10242
1389	-2606
3171	5030
1601	7575
9126	2484
-7582	-7697
-4351	5030
-5415	-2606
56	-17878
-4544	10120
1229	-15332
-2044	5030
228	7575
1937	10120
18656	-2606
-4254	12665
-1242	10120
-7698	-61
2077	-17878
-295	-15332
-4655	5030
-3469	-15332
462	-61
126	-61
14495	-28059
-7563	-2606
-4023	15210
1722	5030
506	5030
-691	-22968
-1987	2484
924	7575
847	-7697
-1626	5030
-12939	10120
9066	-2606
-15820	20301
