3360	1036
2467	-5829
1571	-7131
556	6873
4992	-5696
4008	1145
-16257	24471
-1986	5272
2003	-12089
-1642	-5606
-6186	-7549
-6770	6480
-2917	-9075
3275	-1331
-5799	3655
-28717	13936
3918	1652
-6472	-10895
4004	-2949
4037	30069
-503	-5902
4569	91
3002	-5079
3008	-7110
3196	2576
3850	-1773
-9885	653
-119	-5960
3728	1443
-5214	12008
3866	6223
4002	-15986
3772	-6211
3925	-5899
-10816	11094
4004	12786
3441	-583
-13139	7924
3730	-7014
-2149	-5843
3823	2093
2142	-5929
-9118	-3003
-268	-10419
3848	3967
-1255	24327
3984	-7108
2093	-5946
3852	16227
3969	-5879
-26356	-5859
2202	-4913
-15427	-11266
2084	7231
4006	-13910
-1970	-4333
3805	-7169
3452	5637
3016	328
3182	63366
4083	11092
3967	-2068
4003	-565
3927	26677
4093	7267
3749	6920
-53124	-1658
-793	23191
2140	-2373
-978	-4394
3566	752
425	-6458
3835	-3497
402	29465
4703	-1652
4032	28929
-14459	-7009
-76671	-1958
-1240	-934
-4580	-5742
-8308	10886
4002	5611
3804	-5852
3988	7693
4791	-2194
3342	-537
3976	-8165
3882	-2379
3977	-3995
-5200	9478
3989	3112
3894	23182
2151	-4060
3872	2746
3913	-1951
-10991	-6053
-1736	-9893
1537	275
3292	-3311
4002	-5800
4206	-5848
2967	-4317
3965	5297
-16950	1025
1591	-5421
3203	10255
3790	-5451
-305	6830
3717	10618
2228	-4930
2766	-4075
386	-5816
2868	3351
3949	7594
3999	-252
4012	-3232
3555	-5326
3695	-26245
-5859	-2675
3862	-4514
3714	11459
388	-5855
1907	5329
4001	-10219
3811	5990
-6802	-4665
4009	-3642
-391	-10450
12800	-1857
3090	1982
2226	7506
-2085	265
-1285	-5123
1767	-10906
4731	1416
-10998	3600
-5281	-309
4001	-2987
2485	-1089
4177	425
4093	-3962
1336	-2595
2989	-7879
3405	1136
3240	-4542
4002	6232
2138	11719
-10501	-2610
-2090	-276
4043	-131
1144	-1564
4704	10962
-11817	18051
3529	5591
1700	1893
-821	243
4321	-4345
-233	-2649
4002	-6557
1966	-863
-2345	-5507
2195	-5535
3958	12884
4146	6273
3390	-5226
-4631	-14853
3509	-6566
3996	-4047
-1254	-2668
721	-5854
1358	5972
-4322	2042
3829	2252
407	-5705
746	-3861
4256	2779
4121	-5052
-1594	168
2774	5852
1133	8362
2911	-2737
4015	2665
934	4732
3823	-8629
3789	-2560
3971	-1619
3485	-5175
-1731	15026
-31	1327
1871	-5621
4002	-5820
3981	12656
3851	-8543
-5941	4880
3705	-5181
-14135	7323
-311	2751
-12847	789
5050	-5123
182	10147
3822	-4931
2597	-2892
-164	-1938
4099	7990
2046	3811
1931	-1670
468	-5411
4254	-6596
1778	-6264
-1284	60605
-8117	-2747
4473	-304
3752	-5676
1828	-5802
-354	34561
299	-5864
4002	-12811
-1824	725
1779	9036
90	-4511
893	1094
-5788	-5301
3181	8229
3819	3306
-5299	13064
-6737	6050
-8998	-5686
3919	-8015
4326	-5465
4002	4756
2240	-2136
4002	-7297
-9846	8881
4001	-4151
3472	-5394
-974	-687
3581	-5773
2634	6855
-5179	-5602
1505	-2914
1643	-5887
3705	18439
3988	-5877
2003	-5024
2566	-5285
4050	-6703
2278	-1204
3417	14591
3974	-4412
5446	2510
1042	-2372
-2477	-258
3365	2879
3992	12400
-5989	5623
4000	14804
3319	114
3370	488
3621	20702
2416	2256
-4877	13757
3335	-5653
-34400	-8443
4002	8038
3950	-2908
3940	3470
3415	-5931
3820	-5873
-15685	-410
4342	-3669
-8594	-5987
1833	-3493
2076	8243
-10811	16805
1820	8808
-6931	12452
3098	-1697
4007	4768
-47587	-4390
758	-331
-8415	-7026
3993	-5925
2964	20054
-3842	-5794
3564	280
3254	-10496
2475	-6282
6143	-3756
4009	-2326
1222	5748
-615	-2684
3989	-3042
1179	-3121
3878	-10265
-7291	-5227
3547	-7157
2535	-5859
3512	-115
3673	-6089
3490	2515
4000	8307
3523	-5869
2032	-3528
2397	10885
3970	4366
4248	-8542
2835	10858
1279	-17248
4028	1262
3958	5257
475	-6409
-13671	-5790
3370	119
4001	8095
3997	-5225
-210	4536
4038	-3948
1697	-1033
7649	504
-9178	-7803
3998	-6181
-6636	-5878
3903	96
3961	4983
-2133	-6180
3124	823
3957	-5848
2797	6342
-7423	7461
4002	-8229
-7844	-4576
-7871	-4034
-13427	-3201
3683	-2608
3855	-2347
-4561	-5860
2023	-9961
4002	-5329
4000	-856
3976	-5487
-11486	-3117
5989	13275
3880	-4477
-6199	-4928
-20340	-4188
-1923	-7616
3202	15276
4002	-729
-282	561
4002	-5859
3773	-5736
4012	-4529
1404	-5744
2810	-3902
2353	-5105
-1005	-3746
3696	-36505
3218	-9362
2549	-3796
5010	16705
274	8908
4325	-3801
3235	5567
-7639	-7681
2871	-6354
-3666	-4764
3479	-5835
3704	-5859
4007	11126
3705	11475
1757	14289
-25554	2841
3970	-4769
4007	-3686
3783	-533
-12712	-1692
-7292	-1667
3179	1360
-10838	-6006
4089	-379
3908	806
709	-7271
4203	-5636
-2623	13266
3335	-5973
3670	-1908
4002	5363
2695	-2668
3922	168
2646	-3689
4011	6881
3829	-6132
3937	6794
-5225	8921
3393	-12149
3619	-7534
727	-5102
3331	-2754
1263	-437
-3077	-5858
5269	-5582
3783	-696
-1346	5215
4002	-6338
-1380	1999
3957	-2541
-11766	-4476
4001	-5983
2245	3646
3983	-5834
4002	15527
-23388	-11710
3630	696
4040	-2900
2164	-3075
-362	-4820
6	22703
3993	-2378
8101	-8698
1202	-3265
2495	8794
3317	-6638
-9290	-2785
3577	1310
1295	-3030
3786	-5859
735	19902
4323	-5859
4609	3556
2993	5816
-3725	1919
-1935	-4006
4020	-7646
3808	1780
3398	-6130
2651	26561
-2390	-2231
-62	-11460
-26398	13209
-2653	12006
3715	2802
-7	-4433
2967	10999
2633	-8603
-1145	4130
-2844	-5702
-5308	-5849
3476	-5315
3554	3267
4487	-4221
349	-11240
3326	-6557
-1535	-6082
4002	12384
4046	6692
-2152	-3938
-16294	-8387
3612	-6385
-5367	4161
2608	-199
124	6412
1389	-42171
2929	-5639
-329	2749
-756	1771
1930	-2324
-2564	-5868
1140	1801
4106	-4786
3416	2787
-29316	2376
3954	-4915
-2521	-1417
3881	1716
754	-27215
-539	-8862
697	4265
3943	2651
3577	-6316
3723	-4887
3680	-2401
1913	-5682
3575	-4844
4001	2837
3956	-6111
-12181	10089
3988	14593
-6294	3257
-4534	5171
-8	859
5339	-57250
-13678	-3733
4002	-12420
3939	12907
2757	861
3568	-2916
3995	4434
1835	5148
3513	35502
-5951	1927
1350	-4508
4022	-5566
3983	-1872
-1902	160
3468	15675
-308	10166
3927	-4956
4061	-6300
3633	-5986
3963	-1767
3595	1550
-54930	-4206
4002	-3842
4063	1275
4001	-4127
4022	-5378
3992	-2965
4085	-5856
3712	-3844
3144	8282
2189	-4069
-2439	-904
4662	6966
-1689	21
4002	6007
3505	3504
4168	-1496
3131	-2014
3998	28
3416	-7345
4651	-3675
-716	14453
-10378	-6541
4510	-5886
3004	2708
4003	-3658
4007	-2393
-4967	3539
1387	-6739
-9763	-478
-327	-6854
4002	-2188
4595	2804
3763	-4812
-13406	-9920
1956	23425
3151	-5838
3952	-1459
3965	-3248
3771	-6399
4003	21409
-22589	-8687
3681	1267
3921	1166
4017	11699
4033	-5774
3794	2868
-16165	-3712
-71463	-4998
-1707	6075
2675	2523
4109	4003
4002	-5983
4002	-5859
-8168	905
-4065	-3858
3872	-5599
-3512	-5852
2198	451
4002	1430
-2385	-7910
3978	19406
2749	-5505
3796	-1301
3916	-1204
3511	-3614
398	12918
-3416	-5857
3930	4029
3601	-1264
3997	-2956
487	-2949
4017	-4754
21	10656
3372	9388
-2296	-13655
-1263	13095
3996	-3091
3384	35672
2713	7411
3951	-13455
4059	-5939
3921	-4422
1902	-7828
3800	10735
-3340	-3721
3569	-3240
-24914	-4513
2163	-3061
393	-2980
5354	516
3630	-7995
3948	28248
968	-7460
2131	-892
-5086	-5495
2005	-4725
3865	24667
2310	11855
3662	8747
859	-301
3878	1781
-200	3483
2115	-637
4051	-5022
3739	11416
-477	-6092
4370	-3360
1815	-3363
-493	-5822
2744	-368
3553	-29802
-5799	-5883
3699	-5817
4052	2107
2215	7096
-9207	-10235
-28438	-5834
4063	-5797
-4179	8405
3879	-12739
4410	-5732
-3561	6373
3982	15014
-8196	9917
4064	-6349
4088	-6887
-38383	8628
4209	-5843
4002	-4808
4002	1698
2890	-5543
1820	-2031
-3896	-5863
2774	13393
4000	-5675
-18073	1011
4030	16740
4186	13793
3964	-43
-6424	-5859
1333	-5873
2002	5927
-15347	2121
3451	-5554
4002	51663
4007	6367
71	-577
1321	5353
-5477	855
-5231	-1058
1870	-15862
-1517	-4570
1918	-1493
2764	-2305
3611	-5850
3871	-6122
-1817	-8487
-29745	20780
4070	-3826
-899	22439
3865	-5831
2811	266
-5586	-5997
-7802	-6148
3535	-6145
4003	-1707
4049	6502
3458	3297
4019	19661
4002	2073
7881	-5548
3914	-4776
-3040	-62
3588	7482
3633	1784
4074	-3200
2989	5165
-3364	-5876
3888	8882
2424	-5181
1059	-2571
740	5570
2765	-8878
3881	5976
3101	2123
-27237	-2259
-1846	-807
2010	-2351
4002	-5866
-14648	7264
4004	-11378
-413	-4436
2510	8828
3295	-3033
-9882	-5406
-6931	-5859
-31951	8661
-102	13577
3993	-698
2432	1666
2751	-34
4002	-528
-9446	-5700
3593	-3982
2351	-6262
3741	25887
2481	-1461
-7009	-7349
-81802	-5871
3607	-5869
4002	-5307
2759	-2666
3978	-6115
-4371	-3431
903	-6754
-2185	1500
979	-3114
-40031	21806
4001	2091
4939	-1040
785	3831
10187	-2264
260	-4515
3552	-7859
4078	-4217
-1750	11036
-1375	-9487
3775	12277
3871	13178
3606	663
-23253	-980
-2307	16049
4247	-5878
-11079	8566
-6261	-4549
1937	-5859
4002	7133
3061	-5538
-13479	25238
2679	296
-8163	10603
-1072	-1229
-34019	-8473
4072	-4853
-791	-5859
-11042	-2385
3990	6187
3030	-6348
3505	4473
3674	5251
3700	-4626
3927	-5855
-1519	812
-204	4513
3700	27679
1936	-8033
3951	31823
3972	2083
3182	26873
3959	-5801
-8511	-5826
3501	-1088
-629	-4608
2821	2817
1098	12951
2761	-8167
3922	-1380
3994	10139
3383	-47712
108	-1630
3614	-1636
2695	5683
2643	-4500
3337	-13164
-194	-6719
3949	-4087
3817	-2387
-7089	-1649
4002	9939
1039	19233
2438	-5948
3934	360
468	-6706
3998	-4701
3973	-5500
-323	-8001
-8102	-2399
3993	15428
873	-3432
2885	-5795
-456	-9542
-2638	392
3897	10000
3845	-5869
3926	7161
-13521	-4796
2373	-3817
2941	613
3744	-5075
3800	7097
-24	-5859
3827	-3568
-3006	-5900
55	18237
-4170	3798
3630	4863
4011	277
-2071	-3480
-25105	14371
-3620	-1076
4002	-5540
-12909	-3594
4031	-2598
1131	4742
3623	16818
3911	7039
-290	-5774
4746	-3642
2528	11755
4378	16371
3748	15390
3742	-5374
-16748	-3372
-6026	3687
-2702	3326
995	-8604
2669	-1315
3983	-26334
3989	3467
-1217	-4881
4011	5538
4056	29295
985	1450
4098	11557
1033	-5160
3983	-25299
4032	-1927
3923	-5919
-1752	1670
2806	715
789	5968
3889	5358
4001	-2852
-1005	-6234
-1256	-6764
-9141	6325
3248	-4812
4312	-5664
-597	-5952
-12205	-4173
3066	960
-12115	-5857
-13099	-3299
4254	-7369
2829	1694
3427	-3495
1115	-973
4129	5355
2136	25383
700	-4718
1337	2205
4050	21600
3499	-1047
3363	-5857
-1681	201
3984	1857
3467	-3785
3969	21003
3990	-5819
3082	-4504
3987	-5862
-73	-5660
-5133	13041
4000	-4181
3796	-3882
4002	-4487
802	-5724
5443	-2718
-1107	-4488
-14085	-884
3467	-4046
2607	-5856
-898	30764
3999	-4070
1957	446
2870	876
-6056	2986
1859	-2164
3967	3413
-2387	-8200
3981	-4540
616	-4706
4048	-5859
3090	27376
3086	-5532
4033	-5609
-9786	-4815
4002	-3642
3981	2995
2572	1762
3727	12431
4001	15798
-4740	-1023
3972	-314
3295	-135
-656	-547
-7361	704
-5250	10605
4025	3487
2568	-22488
8566	8665
-671	-6269
3704	-5733
-108	4748
-1302	-18330
4012	-6722
3956	13968
3276	1643
-6731	9205
4198	-2522
-7031	-2725
3872	-5082
3866	-153
3597	-5903
337	-5680
3563	-5679
2764	-4224
3693	-3150
744	-2036
4013	2435
-33142	-12996
3145	-3175
3859	4358
-21699	-6904
1906	63632
3739	-23077
4037	-2699
-1223	-5361
3717	-5817
3949	7791
3632	-9325
3917	-1094
3996	-5757
4007	1370
-9401	-5430
3778	-6366
7691	759
2355	519
-1546	-2373
2182	-5997
-6446	408
-3796	-1962
4407	4286
4168	-9626
2934	-5954
4055	-1407
3980	-4101
-1716	-5859
-9141	-2138
-4389	22241
310	-1706
16247	169
442	-7741
8972	-2523
3512	-1791
3541	-4890
3841	-4850
-7177	-1387
-5211	-3154
3502	-4719
-8859	25340
2476	-4984
3992	-3536
2146	-3416
-433	-11884
3828	19316
-21110	-238
3595	-1110
-4480	5354
-9185	106
-14502	3724
3928	31215
2228	-4966
3795	26490
3996	-2307
-11540	-3820
2725	-4709
-11292	-3087
3975	-3803
3596	-4130
3983	-483
3165	416
1201	20808
4452	-5858
3177	-6625
4007	-5218
4268	-5859
-7295	-3267
-1874	-103
-813	-10812
1536	-5859
2097	-3147
2442	-3794
928	35366
-37535	2328
-3064	13799
4831	-1762
556	8925
3115	-15429
-21008	-15696
4257	680
3443	-5189
-8496	-2586
1327	2139
-704	2276
1893	-4158
4002	-5109
-7213	-3304
-12481	-748
3926	-5990
3642	13760
2720	-5302
-4488	-2388
4093	-6358
-2468	644
3879	353
2524	15862
4462	3617
4002	-23235
4002	-5841
1013	-1884
3053	625
3125	12683
4426	13241
-15331	-4810
4002	-4591
-1338	-3192
-8666	3148
2714	1684
3160	-5252
-96	-2068
-352	-660
4002	1271
3967	-4293
3677	6502
626	-7625
3195	15106
-9829	-6343
-6610	14872
-18116	-5075
4001	-3174
-254	-5846
3083	-5473
354	-5108
-2647	5486
4115	36494
-9508	12369
2262	-4086
3513	-5251
214	-9031
3865	-2284
5546	11620
-950	-3116
4066	-4261
3998	7542
4367	-5707
4024	-4921
4213	-387
4132	720
4001	-851
2692	-5765
3543	-6344
1029	-5287
3373	-13571
3299	-5678
4002	-3507
405	-4902
-4330	409
-23348	-5008
3853	720
4044	-5869
2985	665
1303	5846
2655	-5874
3458	3446
-4074	-2686
2208	34645
-14671	-5927
3943	-4554
3688	-5880
3345	-3641
-7267	-5362
-2641	8426
-3811	2913
688	1037
4002	-7644
-1884	-4287
3975	-1300
-4837	13287
4005	-6253
536	3402
-41895	-4412
3602	-2231
236	-5815
4124	-4854
3323	-165
2869	7081
4002	-5456
-2241	204
3121	-4126
4030	6937
-17459	-5859
3125	11598
-11365	5427
-1763	2305
-8426	10942
-3099	15929
4006	2046
3406	-460
3316	2357
3655	39859
3651	-5758
3160	-6623
-8000	-5659
3994	-7380
3933	-5606
1659	-4563
-2926	6379
3695	-3665
-519	-5859
-540	205
29	521
4137	-5784
3205	5653
3772	-4900
1485	-399
4028	-2891
2526	-29015
-23586	-5812
-15457	14054
6704	-2243
3952	-5333
1109	-558
-4935	12129
3062	1271
1462	-5261
-20269	-3745
571	-6677
451	-1509
-63936	6437
2727	576
-9747	-2792
4011	-6287
2506	209
2862	-5838
4002	-3364
-4554	31
-4241	-4659
-16768	-18705
7168	-975
2983	1486
3959	-15178
3650	12574
4011	-5849
-5175	-2217
3201	-5634
-1387	-1630
4045	1436
-7098	14875
3703	-357
-3961	-34903
3690	-4309
-3214	-5164
3686	-7253
4331	-805
3338	-6739
3197	6998
3707	-1242
3975	-3749
2193	4690
4019	-4538
3503	-4608
3575	18167
2756	9471
3678	12123
-834	-3753
4642	-3158
3236	-708
4139	-5587
3984	5618
4268	-1432
3457	-5859
1786	-5912
3557	-4095
4073	-5700
3888	-1530
5499	-3479
-769	3050
4598	-5370
-1825	-12524
3872	724
3207	-5751
-516	-5058
-1276	-3619
401	2447
-410	-2932
-3939	-3264
1572	-659
-176448	337
4230	-4343
4540	246
3923	-5879
-3957	32365
1638	-6570
2108	11012
1037	-5775
4044	-3523
-1756	-2489
-23724	1739
-2924	17084
702	2073
-592	25619
2972	10199
-473	6987
2026	-5189
865	11789
-2771	-6909
3867	5487
3151	-5849
-32500	3940
1958	-1792
2705	-3406
1231	-5638
3670	-4815
2036	5540
2912	6825
914	-22995
-1558	6866
3690	-5714
-5266	66811
3502	-5295
3915	7132
6746	-5810
3572	-2870
3955	-5859
3943	-5925
3956	-2807
3864	5524
4079	-1171
-6023	-5838
3143	-4477
2341	-5535
2046	-5102
2047	-5852
-37796	4937
-1031	-3319
3195	-8379
-996	1423
899	-5902
3713	-5089
4002	8740
3666	-5869
1707	233
5061	3269
3791	16824
-14787	-5763
4005	25543
2343	-186
3330	-5227
-2791	8586
-32	-7419
-16179	-6051
-66972	4677
2323	15706
4062	-5294
-305	-5109
-84462	-130
4002	1453
1395	-5802
333	-1452
3996	-7105
3475	-5846
-1974	-17080
4049	6973
4317	-5848
2250	-6806
3747	6841
3690	-5770
-179547	-10247
3397	-5725
2655	-3022
-10025	22965
-4519	-5361
4533	-6328
10450	-4235
-3479	-1564
3766	-6731
3836	-5303
3996	-4220
3930	552
-2715	-301
4107	-4141
4580	-4969
3744	-5895
606	-6212
2111	-2804
610	-5233
1982	-4177
-5572	-2675
4143	-6847
1411	-1232
3897	15695
3826	-1918
3977	-7302
3812	-163
-218255	-5614
-37490	81
3829	-5859
3771	-12488
4031	46128
6028	5886
3608	-4904
-19746	-20014
1234	-3299
1290	12795
4130	40514
-37254	169
3609	-16377
-2580	-3657
4002	-12738
4011	-3960
1956	-24916
3568	73810
-5742	-1487
3590	-3253
1069	-6758
3636	-1532
4002	7159
2485	-5832
-4249	-2363
-6488	5529
4201	-5861
-852	907
-1938	-4268
1618	2844
3143	241
2962	-5833
-14950	1345
4959	-6456
-6601	6380
-8496	-6682
4002	-4011
4012	-1909
4064	26382
3940	9602
-23534	4898
2082	12948
4002	14215
-403	-5830
-30148	12015
1785	7242
2909	-6347
-1309	-3115
2801	2204
1740	1150
3086	-5727
308	-19306
3148	-21959
-1239	-1482
3195	6997
3555	-5859
3935	18764
-4386	8857
1400	34954
3835	-5859
4034	-3120
-5052	34
3875	5719
-3439	-4676
-14446	8749
797	3275
4002	-13372
2347	-4294
3545	-3865
3650	4916
2758	-1918
3980	-5826
-5509	-10670
-4232	-3656
4001	1257
2786	-3226
4133	-4048
-3350	14773
-461	-1114
3993	-29902
3405	-4388
4026	1290
3113	-1632
2106	-2775
4019	13327
2578	-7679
2582	30835
3902	-3787
3098	700
3586	884
-3835	-1322
-10555	-5912
3072	-5859
2178	14089
1141	9999
-619	13672
4002	-5871
3902	-5434
-19879	-652
-5964	-5859
4560	-6377
3876	-2351
3099	-5456
-215	13899
2393	-39674
16237	-5614
7889	-5879
952	-9449
-4259	-2262
-10283	1292
3750	-1418
-10914	6497
-15296	-3329
3355	-90
3983	13589
2020	4251
3928	787
3994	2777
2778	-5565
-7194	-5902
4369	-1157
-196	-3904
3506	-347
-1902	11968
3967	10513
-1730	-4023
6161	-4167
4752	-2156
-586	-1884
3737	-4671
1557	-5164
-717	3024
1704	-12623
4001	20397
2082	-4699
2899	9429
3338	-2444
3269	6501
3849	-4189
3624	-6332
3993	5478
2893	-6425
4028	-85
3893	151
5703	-4024
2418	-5208
4002	-3501
2548	196
3803	4436
3994	14209
1933	-5766
3491	7829
3994	-5884
4002	5158
1175	15028
4052	108
5832	-5859
3434	3063
2371	-757
560	9465
3128	9064
4148	16297
4423	7502
3733	-2157
4002	-5853
-4847	-1964
719	-7244
2159	-5813
17	725
1189	-4894
1181	-5082
4002	-13374
3835	-3970
3143	2825
-577	-8118
3542	8737
3737	-8449
4008	-6794
3921	15378
4205	4991
-31	4712
4002	5955
4055	22728
3756	-4810
-395	585
3626	-15397
-8990	-2145
-798	-1060
1237	15321
589	-5483
3338	-7490
3985	-1318
-1460	-4821
909	-3983
-57949	-4237
3896	-5846
4115	5130
-5674	12742
3368	7878
-10464	-5291
-5348	-6841
3514	16644
1049	-6473
3183	3554
1944	-5687
-5237	-6251
3975	-2697
3690	-5883
4940	3136
608	-1641
3137	-1315
4361	-4265
3986	-22
3633	-5124
3511	-13977
103	1427
-5998	-13388
377	-4625
2904	-3981
3679	945
4002	-4440
4001	-14139
-5570	-5446
3639	-7882
4737	-50386
-17168	-5907
4565	-21416
2230	-1452
3030	-2150
489	-5840
2238	-10267
3468	-4611
-3065	2013
-3601	-4612
3654	26873
2833	2972
3953	228
1531	-9809
4031	-5287
608	-5625
4007	-5193
-2399	23149
2257	5446
3185	3375
-11252	-5541
-3656	3095
4068	10528
3960	-5667
630	324
3993	-4841
3293	-5819
4048	18287
-2685	-5859
4002	1828
3116	-2661
-13850	-2694
1764	4278
2734	-6926
-15759	2098
-5292	-4334
2061	151
5413	-6075
-2906	-55
4000	-3012
2293	69908
6837	37086
3862	-3596
3726	-4095
-20037	-3851
3666	-6430
-14855	11390
486	-5904
2463	-4556
5358	33485
3912	-12776
4356	-6249
4010	-6314
952	-3987
1190	9605
2614	6736
1960	1129
3779	-5646
3274	-3983
1639	-2852
-596	2061
3994	-319
3188	-2863
1166	-4697
1181	10567
3454	18158
4005	25341
3951	-2191
546	4019
863	-8821
3476	-227
-855	-1353
5243	11530
2653	-5859
3535	-4993
-7387	259
4018	-12183
2979	3693
-22482	-7874
-3145	-4030
2415	-6559
4002	4308
2675	-5871
581	-5832
3756	-2563
2250	-3207
1307	-5118
3788	-126
4010	-4005
3851	-3058
3863	-7980
3962	-262
3997	-7262
-40976	-4705
3213	-331
-18570	-1048
2399	2727
977	-2864
-277	-5514
-6011	-3229
2625	-5859
2786	-5875
3673	12102
3835	-5576
8548	9128
3993	237
4002	119
3045	-5412
4014	9799
409	-5113
4414	-37619
830	-3859
3995	-2841
845	7008
4014	-1682
2250	-2934
1820	543
-6763	2584
3999	-3974
-1923	84
3998	-18137
965	225
-35	-4887
3310	535
1488	-3999
-3023	-153
4002	-877
3789	-6936
-7463	4160
3898	21194
-1576	-474
-9047	-4802
1990	-2475
1761	-6562
-7202	-3768
3849	-1139
100	-1822
-251	-4834
3928	-13091
3996	-5622
3943	24962
3183	-1530
3861	1089
3685	-672
4000	2349
4170	-5038
977	4541
4009	25888
-9102	-6888
-14203	95034
3896	-4599
4014	-2598
4002	-16577
4001	-5513
3200	-4309
4002	-5138
-16902	-5971
1985	-2683
2114	-5997
4002	3274
1438	-4437
-943	-15543
-427	-5859
3218	-3573
2815	9825
3708	14706
3585	-1137
2266	2569
4002	-5415
3904	10637
2722	-8796
1563	-5859
-21830	6454
1407	6519
2822	-2964
4482	-4995
2214	717
-13999	-5856
3959	-2262
-996	-5456
-12061	2525
1876	2515
3582	-1485
3403	-460
3743	-8463
1207	-5860
3727	-8394
4002	-5886
3835	-3339
3988	-3651
3995	-5994
2932	-1492
-6930	-4126
3740	22503
3979	13819
3680	3143
2642	-4001
3963	16509
3409	-2343
1096	1643
3762	20159
3819	1201
3956	-444
-19056	21967
-34707	380
651	-1048
3994	11867
2985	-3415
-43822	-280
271	-2305
-12104	-5832
355	-5932
-37633	17437
8800	-6039
3178	-5774
-424	-6129
4011	-6639
2543	4762
2099	-6072
3998	-21318
1854	-6675
3964	-5564
3974	-1847
-6583	3113
1889	-3312
850	3115
3559	-1376
1875	3606
1278	2216
4073	3100
3927	101
-2175	8398
3582	10038
3888	10782
3688	6023
3993	-5073
1740	4219
3157	-6945
4003	-5570
4007	-2090
4001	-281
3938	5037
3306	-6234
4003	-5455
-5755	396
3883	1424
3546	-5467
3673	-5647
4025	1440
3022	8714
1807	-1436
3820	-5961
-10243	3991
-5763	-883
-2399	-4757
-596	2259
-552	10164
-4542	-322
3615	-5233
1919	-6652
3034	-3954
3639	-4517
4512	10451
-3541	-6121
4002	-4566
-646	7737
4313	1123
-5792	-5255
-2359	-149
-15429	-13182
-277	-1826
2389	-5790
-2878	5782
4002	-3431
1909	4856
1956	-5598
2789	-4136
4002	5735
-50287	19632
4312	-5888
1322	-549
-19171	-5944
2273	-8959
120	9295
2685	3279
386	4460
4002	-5859
2424	-2758
4021	-4730
3828	-6183
494	6712
3830	-4751
2314	2261
3885	-3939
3923	-867
2699	834
4002	-5859
3905	6095
4033	18921
-8804	23354
2882	-219
573	4427
-5019	2942
3451	-6867
3994	-5872
3811	-5859
1383	-36
676	-4317
3147	-4608
-3451	-9424
2824	-5928
3721	6727
413	2620
-7551	-6030
3844	-9949
4305	-3194
-1855	-9148
5270	806
3811	-6857
2204	-1160
737	-3106
3813	7206
4017	-3778
3620	3168
2059	-2093
4002	-872
4001	5302
3999	-5878
3530	20367
3933	-5867
3994	-5102
2932	11328
2993	-2820
16487	-539
-12562	-3695
3495	-5744
-863	788
4116	-6768
2433	2622
-6155	1235
-582	-5359
4002	8817
-3678	-16590
4041	-3834
4048	-1888
3931	8239
1509	5701
3955	-3908
1929	-7879
3686	15546
4004	23129
1996	-11848
-3714	-5859
-28631	-1457
4010	20199
-14338	-4687
3937	-3806
3967	-1618
4152	-5233
3122	-3649
-2907	2216
4002	-1725
-2232	-6699
4218	-3034
2245	11115
-4176	-7196
2005	-2660
3934	-3239
1209	-704
3941	-5639
-33251	-4249
-2204	8827
-1714	-5863
3800	-6325
4003	-22478
524	-3542
3788	-7015
1336	6853
4221	12997
3967	-5796
-3447	3880
1999	1164
2957	2494
-3817	39234
4002	19012
162	-6520
2593	-6082
838	-1773
2147	22773
4037	-4404
1407	-6819
-2289	4538
-4608	5588
3998	53629
-1458	6146
1034	-1040
4002	-4188
2531	1752
-2039	-5426
4002	-7954
3824	-4730
3751	-3312
3917	-2941
-18968	-7139
7640	-9073
1263	6960
3351	-5856
3984	-6016
2395	-4298
2923	-10018
4054	-4545
-8831	31205
3298	7329
-1748	18123
-1837	238
-4699	-14126
4061	-5859
4946	-4067
3414	-6117
3327	-5535
4116	-5826
-3364	-472
66	5666
3811	11787
3952	-8634
-1551	13131
4007	6543
3998	-5859
-1701	-2848
3360	-6064
-1526	3921
3902	-4481
3145	-5839
2397	-8849
3745	-5610
7112	-1465
2514	-4723
-128	1423
2152	-5104
4001	-3035
-8729	-3931
-2340	-3811
4023	23625
68	-1114
1216	-5599
2533	-5774
2885	-6299
4499	8713
4002	-5881
-342	-4983
4004	-3453
-11950	-2119
-10575	21034
-3978	-2444
3420	10066
-10527	8786
3997	3558
3047	-6704
-543	-3160
4040	-5171
3944	-565
2998	-1751
1340	8381
-33033	2414
3979	5388
-14	7124
1220	1407
4756	13352
4002	-1402
-11202	-5920
2563	1105
3356	11308
3986	-2764
3998	-3927
4166	-4911
3905	1383
3930	-4701
4002	6556
2625	-5108
3018	-4100
-1977	-4212
-2103	-6692
4036	-2212
-3352	-2712
3174	-3148
3987	-3881
-2088	-1657
3370	-5089
3824	-2557
-9968	-3951
-4123	-1098
1721	6456
-20539	-5864
-244	2769
-9190	-3015
-764	-2468
3941	-1297
-2449	-5826
1337	-13963
3990	-3867
4046	10385
-398	-6922
-15243	6102
-2855	-7475
3993	-5859
3471	21902
3999	-4597
4002	-1994
-9711	1333
3713	-712
1600	37747
-32235	-4585
4154	6403
7465	6552
3987	-4437
3946	-2119
-1285	15340
-21678	-4785
3864	-6651
3997	12351
2806	-2558
-1465	-8071
-2256	7044
582	-5905
3796	-3922
3981	-485
1067	-12513
3958	-308
3348	-4803
4430	-5099
3844	-69
-8239	-6890
-1415	-3891
3838	-2031
983	-5875
2884	-5859
3478	-1346
5008	-3252
3969	-5860
3150	7167
-25050	-1778
3410	-2930
3028	-2270
3904	-4901
4080	-247
4055	-5767
3996	5370
-4971	8489
3007	-1835
1818	-4607
-5203	-5466
-1581	-5902
3962	-1794
-3012	4082
3660	-10118
307	-5010
-1538	-3850
1653	-1334
3865	-6969
878	8114
3945	-5197
4000	-6570
-276	-5118
-2588	-5278
3868	-2365
-11883	-1389
3919	7889
4638	2301
3952	-4184
2669	-5624
-7222	-816
3194	4503
2292	7172
3913	-1373
4002	-238
-1728	-6422
1789	1455
-1776	14549
3280	-4622
8959	5487
764	-2932
4003	-4028
-1166	-4227
4678	-5759
4010	-5913
4315	-19035
4041	-4211
-6712	-5431
7663	-5316
3081	-5843
-1132	-1935
2297	20511
567	-2018
3293	10969
4000	-5859
3976	-6233
3561	-1039
4002	-10222
3601	9655
2640	5491
2043	-4674
3374	9726
3970	2444
-7150	-5734
4001	-4211
1906	853
4219	14207
4253	-1393
2206	-2746
3543	-5858
-646	-1598
1313	-4675
-1578	4173
2007	-5893
2240	-6280
2055	5186
-5537	637
-4400	7080
-3869	2372
-7238	-3600
-9807	-4789
-326	-2372
3894	-2336
3835	-1354
-864	-5286
2415	8808
3929	12322
4266	3289
135	13477
107	-2855
2416	-2728
3612	21239
4247	443
-467	8868
4116	-806
5288	2032
2991	7978
-27472	25581
3695	-4953
4002	-9186
-14960	5974
3276	13763
-1465	-1700
3098	1205
4382	-732
3469	-5784
1803	-5191
2383	373
5116	-5753
3704	-5906
-11149	-2453
3923	-5354
2703	2453
3325	1122
3296	-4905
4001	-3682
3932	-5649
-10343	-3949
-18505	10476
-26627	10621
2217	1743
4002	-5813
4002	-4305
2188	-3695
2610	-5455
3956	-4140
-624	-17783
4077	-5851
-4729	-4199
398	-6120
-10117	-5862
618	-4564
1522	4826
3996	-5586
87	-6047
1045	-5404
4001	-4664
-3487	3123
3147	390
3984	-3680
4002	-5685
4000	435
3965	-4486
-708	-2814
-10332	3694
2831	6466
4003	-361
4011	1356
2880	4082
4074	-7575
5501	-1372
-11484	-5614
4466	-4627
-9180	-1279
3587	-5864
3778	-6142
4955	-3664
4002	-4606
1407	-5431
4002	-12626
1082	-3900
3510	-3498
3256	62
-3347	-5903
1694	16305
3728	-5921
4002	-6710
7361	-963
3288	-5256
-9806	-1238
3420	-6730
766	1895
1830	-45899
3654	-3189
3276	4550
3869	-4553
2997	-8539
4002	15283
4224	5508
2239	-6924
2989	-5611
3695	-7496
3195	4620
1240	9279
3024	1817
4006	5410
4397	-1725
2624	919
181	5551
4048	-3872
2924	-7478
-77	-7696
3931	-12648
3969	10223
3993	5266
2168	-1154
3290	-7335
676	6846
1668	3924
1011	-5813
2542	16172
1114	-5394
3990	2239
391	-845
-757	878
3898	15587
4087	-106
3627	-3782
3924	6371
-19316	-5857
3151	-631
4033	-4144
4063	-5986
2805	271
-7089	-5917
4000	-409
3951	-3350
2376	-36317
2945	19770
3999	-2316
4002	-4384
1739	10654
4048	-1891
-6951	-7887
953	25603
2086	-1252
4037	-6452
-25668	-5094
3914	33530
2715	-273
951	3328
2841	-5455
5975	-15689
1749	-2722
-3078	-4685
2970	14615
4005	23998
3445	-5695
3328	-1390
3764	-7296
1373	-5855
-1062	-5657
2485	5498
3596	-3650
4011	-31090
-3416	1754
-4860	-5960
-1929	-4017
3410	30555
-4314	-3678
4280	14104
3668	-5824
3757	1863
4159	-2493
1077	5514
1854	-855
-12137	12485
3967	8277
3754	-5112
-3912	1994
-52	-1618
-9305	-1322
-7659	7369
3151	-8558
3990	-5801
3650	3634
3954	-5157
1358	-5891
3636	-4957
8234	-5487
2832	-1793
3044	-2246
1130	-5504
3853	-3069
3087	15652
-46449	-6166
3293	-4431
2215	987
4007	-5609
4062	2744
3892	-5260
-8538	-7662
3895	-1625
-27288	-2797
3844	-4838
-739	-5973
3642	12059
2672	-1006
-6726	31378
-11885	-8472
3914	-4469
-255	3584
3997	-5879
3979	-7084
1322	-3067
3992	1080
3763	2835
3611	-5921
15935	-12176
3999	-10420
2385	22526
4002	16867
5101	1081
3983	4152
3619	-1344
3086	-5769
-5718	-4749
-2982	-5857
4089	-5863
-2635	-4690
-9760	12794
3676	-5889
1298	3669
3912	509
2403	-3209
2006	-8918
3785	-5834
2722	-8942
3733	-5807
687	1804
111	14212
-80382	-3648
-8631	-339
2961	-4677
4002	-4243
4002	-5183
3783	-1172
1835	6179
4005	-4176
-3193	7599
3121	-5665
4024	-4273
4262	1406
5787	5819
-9730	-5812
2407	-2965
-4947	-1480
-1771	-4169
3698	-5541
3762	2466
1312	-3990
4225	-5181
1452	-5117
-7303	-5157
296	8543
1923	-1628
3949	-4495
4000	-334
-1583	5480
1716	-21248
2756	-12034
1871	-5379
5282	858
1891	-493
4002	-272
1709	-5299
2166	-6014
-5966	6780
4002	-2974
-482	-15435
4001	-7840
3830	-5599
4027	2470
65	-1743
-2551	-5620
4359	-3776
3264	-1748
4068	-4805
-13090	-3232
-16508	-8253
-2154	-7962
-4177	10703
2584	-3502
-14377	-6102
708	-4895
3744	-5811
4023	3043
3985	9698
3927	4669
4002	2183
5178	2183
3073	-4969
-9568	5267
3687	-4550
-10263	20042
-5933	-5064
677	-2054
3626	591
3627	-5789
-8930	-5894
4019	-5844
3508	-2958
-7508	-5607
4028	-4067
3384	-3850
-170	-444
3370	-4398
2851	-9399
2021	9470
-5573	-5859
2642	25416
2705	9796
3287	-6254
-621	7598
3989	-4516
3983	-5313
-13345	28625
4124	-5246
3761	1925
3784	-3943
2175	-13916
1651	3951
3902	-2422
1693	1592
-3389	-5794
3932	-1587
3982	-14111
-6923	-5919
4002	-4915
3707	-4409
3860	-19229
4002	-5413
-13363	-4098
426	3739
3967	50
857	-8880
1906	11247
3997	-11089
2376	-985
-11717	-8761
3690	-5858
4001	-3879
1687	-1066
2682	20066
-434	72
2108	1994
-17963	-7621
4009	-9947
3814	-1233
-7621	2123
4025	14094
1169	32299
3280	11578
3783	-2465
-1342	5409
3900	1095
3999	-5222
-32382	-5847
-11851	-6022
3767	5535
3805	4456
-1574	-677
3956	-5613
-5049	-5286
264	-1214
4002	-7695
3695	5327
3818	-15979
-1688	2272
3502	-11788
528	-2482
4002	-5859
5486	4212
1015	2150
3959	2403
3998	-6509
1929	-9194
1813	511
126	7506
-6841	1972
8276	18295
4337	-9963
4007	-5682
3757	-5593
3868	-24495
4006	-16709
3967	-2235
3707	4831
3979	-5587
3835	-4503
3197	3066
-251	-3007
3319	-5072
1652	-1572
4001	-1918
-8463	5379
2607	5897
2959	1802
3408	3192
8175	-703
2588	17335
-4953	-5274
4067	-3955
1173	-2229
3844	10385
2834	4651
-8360	5210
-1095	352
3125	16858
3875	-6331
4002	-62
2175	-6598
6264	-1146
3878	46233
-1936	8788
1037	18801
3166	-3848
3982	-2127
4037	5073
4792	11901
1897	-5361
2540	-3095
-5713	-6567
4097	-7259
4106	-5386
2540	-1842
-464	-8028
3746	5145
-1184	-475
3484	-2012
4002	-6069
1795	-458
3586	-1738
2123	-1254
3998	-3961
-14050	-3325
3944	4170
4002	-6601
4353	917
-11588	-1080
4002	-4847
5163	-2787
-1134	-3556
1892	-4875
3006	22416
3854	4751
-7693	-4621
2584	25784
4885	2615
2616	-960
6048	-5881
4001	-2998
-17434	5008
4314	-5676
3285	-1665
3888	-3554
1421	3512
4031	7609
4003	-5859
-8254	-5977
-7166	1755
3835	-3363
-1754	-2013
-6038	-1907
3604	4518
-1382	-5868
2336	-3415
973	-3746
-6046	-5705
2902	-4014
4002	-1579
3106	-5763
-1365	-4986
2131	-5066
3637	-4424
4010	-1843
3970	45970
5425	-5850
3946	646
733	-11244
-1801	-6159
4002	-4996
2540	-5670
4017	-2377
2813	16138
3182	5082
2500	-5696
873	-6124
3007	-580
1512	-5799
3990	2642
-709	6292
466	-952
338	-18191
4009	5
-2837	-3968
2602	9225
4097	13830
3975	10500
12	-3484
3786	-9474
-24503	-9037
-34661	13882
3989	-5858
3082	9634
2379	-2905
3070	-4425
4002	346
197	-5858
4042	2154
648	-3930
2668	9317
904	-12155
4002	4662
1106	-853
-3975	23474
1217	-7446
351	-1972
-7703	-3765
3125	6791
2483	-5859
-1569	-5822
2024	-2318
4002	-4420
3976	33637
-129	11748
3300	9347
-4118	-4637
3347	2052
3845	-5732
4022	54798
3198	-3691
6082	-6028
246	17572
746	5932
-4548	-2124
3983	3486
-360	-1783
3974	-5852
1382	18991
4002	-14448
3651	-5701
1843	-4275
-3847	16267
4243	-6002
1396	-2087
1343	-6475
-205	-8894
3771	3080
3953	-7400
-16568	-12461
4002	-2114
3212	78681
4002	-5614
3610	14701
2432	5868
3959	-5057
3383	6223
-64034	-5804
2085	-5859
3449	-3834
1323	3190
3997	-2998
2395	34917
-3348	9244
3774	-2328
5198	-20705
3947	-5920
-816	-5601
3897	19084
-17357	3969
2597	-4192
628	53
92	-1207
3557	-4343
4363	-2933
1136	-5803
-25471	-5609
4237	-1365
5519	12301
2430	-3566
2337	-3293
1278	1336
-8632	1794
-2794	972
4249	3821
3911	5302
1512	-6236
-8419	1296
3761	-2707
3978	-2811
4002	-4939
-32404	345
-10028	-6037
-750	-4797
-15379	-8982
4013	10192
2087	-5553
359	8234
1681	-5850
4106	-4856
3592	3617
3511	-3411
3721	-2376
-7377	3583
3588	-4897
4193	-5599
2003	-2477
590	4007
1256	-8711
3707	37179
4013	-5864
3900	-4238
-15227	-3081
5652	3445
-10088	7926
4002	-2994
3835	-4336
-111288	-1853
2526	-3136
3906	-5938
4433	-2342
3820	11944
3871	-4880
-23985	5390
4248	-5924
-1708	-3979
-3423	-2888
1550	9659
1915	2216
3451	15607
1752	-3412
3572	-2571
3449	18234
8315	-3673
-365	16125
3977	-6232
3968	499
4633	18983
3945	-4699
4004	-5713
3782	-4236
3878	7652
2579	2422
-4499	-820
3471	5615
-6625	-1213
-491	9443
-3209	-2248
4002	-5794
-2134	-2464
2896	-6203
4133	-6781
-7059	-5034
-4661	-10571
3462	-5611
3642	-4237
4005	16949
-5056	11583
3953	-5859
4002	-5190
4070	-5877
3829	-8669
1110	-5853
-6222	-5863
2836	-1427
3647	-5846
-356	-2103
4032	-6267
-35324	-3613
3930	5565
1021	9673
3466	-1932
3548	-4069
4001	2247
3994	400
1941	81152
-19415	-3618
5968	-2595
789	-2987
4007	-1144
3820	-4488
-7203	5601
301	329
3928	-4514
-15015	-8256
3563	-5802
-18494	514
3966	-3245
-9609	-6495
2906	-2224
-16646	15032
1941	7144
3607	-5635
582	-5470
1775	-3323
4039	-1182
3498	11386
-29243	3275
3980	-1297
4027	6838
4002	887
-9625	-1117
3971	-5152
4452	-6969
2977	4413
655	-5385
3739	8827
3079	3007
3372	15301
3276	-5434
5262	-2858
3990	4581
3935	20002
-11312	-750
-3948	-3375
-2103	11396
3991	17953
3837	-12867
1556	-5708
2981	-4604
-15319	-4840
-11651	491
1384	-3969
1707	20068
-162	-1038
4008	4423
3797	-5543
4008	-652
4054	-3228
-9316	-7151
-446	14747
-4557	35928
2552	797
337	-5689
2817	2921
4002	-34638
-9123	-2998
3563	-983
2097	-2675
3808	-6308
4307	5248
1657	-5036
4067	-4275
-11369	-661
-610	2840
-32107	17970
3574	-3902
-124667	-3195
-2561	15494
-4179	5856
4002	45618
2046	-3805
3476	28282
3520	-4763
3043	-2845
3994	-3208
-3594	803
-1656	-5746
-29192	-4664
3637	19205
3984	-15516
4002	-623
3534	-691
4022	-5533
4193	6070
4090	12642
3873	28563
46	-1717
1184	534
1240	7969
3989	-7592
4604	-7843
2844	-4317
3995	5653
3930	34155
3866	-4326
3955	-6707
3966	-7347
3999	10845
3737	8102
4033	10049
2334	-4604
-4086	7144
-1372	-433
-3480	1408
-2302	701
3957	6089
3676	453
1258	1084
797	20758
-5541	774
4002	-5539
-636	20358
1033	-4863
4013	-3964
2039	1604
3723	-5918
3972	-284
3802	-1768
6605	-5763
3735	7742
4002	-4301
2257	-7919
3938	18449
-14681	-5859
9071	-12884
847	44929
3970	4164
-4871	10765
2748	7552
3420	-7005
4142	-6368
2687	-5853
-7020	-4733
3854	-23794
4019	7146
2239	-154
3925	-4832
4484	-2424
2978	-5862
-18235	5742
1840	-1810
4000	9513
-43205	289
-1805	-5954
-1975	-5409
3346	-5580
3706	-456
4005	11330
2439	4206
2044	-9640
3896	-5726
2382	-5542
1741	18626
4005	3035
-8262	-5676
4006	-3441
3523	-4911
1773	1402
4002	3565
2590	7164
1389	-119
3998	-3353
3965	-769
3640	-2542
-1723	2804
2754	-2858
4017	-11974
4003	2966
4002	62413
-2275	2686
-11223	-6195
-131	141
4002	-4764
4002	-77
3140	-5385
3838	-5709
-116	-6706
4030	33828
-1564	180
4343	-5848
1226	-5372
2305	1299
3879	-1070
-1069	-5725
-14599	-4995
3987	-3317
3970	64262
3007	-13160
-110	3726
1468	-6902
3677	-245
1382	-2893
-1801	-235
4002	791
-12557	9907
3710	10338
3485	-3886
3666	-4680
3214	-3513
-9267	-7209
-22	-6876
4294	12632
3553	333
4002	-5121
-2131	-2214
3008	-6658
-1921	-1691
3518	-2310
4055	-5181
-782	-5392
3348	4542
-1054	-5867
4010	-22827
4016	-4714
4012	-4020
3915	-4160
-1844	4001
-204	-4336
4569	7683
3975	-5471
694	-5808
2318	-2305
-5445	13714
3882	-4982
3451	17870
3539	7630
342	301
3929	-433
-6750	2265
3988	10095
-3012	-5825
2355	-5663
-13892	12142
-2451	1769
-12029	239
3838	24046
-874	-3656
4058	5166
2992	24685
3491	414
3213	17611
3966	8799
3967	16463
2691	2986
-15266	-5929
3802	8117
-9072	-415
3657	3156
3905	-5143
-1273	5928
3940	31071
1978	-5820
3747	4196
-28526	-1522
4001	-6922
-23108	-5899
-3593	-15847
3900	4347
2080	-462
4887	-2760
3857	-14417
-7632	-5864
4000	-5730
2353	-9233
3742	20865
3993	1608
3848	-4297
7599	-9038
3581	6424
-273	5928
-8668	-5832
-12663	-5810
2993	-5862
4002	13693
467	6144
3677	14963
4025	-4615
2825	-1519
-10845	325
-39749	-50
3984	-2461
-1955	-493
4001	-4456
-21599	6698
-91	29966
3081	21195
159	-5875
-4717	2408
3971	-16872
5791	7298
2139	-4897
-3357	-5960
3919	31332
2692	-1308
4012	-5905
3501	4191
1048	-3736
2331	-5712
5620	1504
3414	-2864
1439	-4766
-14848	-307
-2514	3009
3884	-4379
3186	1681
2694	-4449
4042	-5876
3777	14997
1841	-4429
4007	873
3398	7593
1691	-1319
2336	-5658
4002	828
4827	1965
2385	-5901
1779	1734
2840	531
3785	-3093
3926	-5892
1611	44926
4865	-7381
3965	4751
1856	11267
3031	-5872
-959	-4858
3906	25053
4985	-1657
3997	6568
-6020	9794
3974	-5815
2597	-6912
3979	-4763
-2723	257
-9936	10828
-8641	-10782
3590	-844
3874	-4910
-11528	-713
3809	17067
3972	-4875
4002	-6178
2112	6014
-9660	-1304
993	-5385
3406	-1467
4067	-5037
-7540	-3837
4040	4505
2620	2964
-2795	-4736
697	-5296
-4477	-5870
-1104	-2401
3993	14826
48	-4497
3997	7020
3992	-4496
-41821	-5201
3583	-5354
4000	-3698
3917	-2347
2860	-5856
5200	-7160
1373	2549
1349	2746
2861	-828
-16697	-3320
3346	4328
-1434	1742
-6687	-5931
1872	-1693
-8707	-8181
-1592	-6167
3928	-144
3816	-3528
3994	4810
-1212	-5614
4002	-5871
3721	479
2306	-6162
4015	1868
91	7179
1584	-14588
2400	11081
3767	576
-11822	6650
4002	-4278
-3837	8843
1800	-5847
4056	-6284
3949	-13481
-2706	-1775
1819	-5884
-8852	934
2210	257
1571	-5428
3812	9128
3859	-9197
3918	10962
2728	-3063
-12076	26
-10905	-3506
-1847	-7966
3904	5518
2322	-4844
4074	3725
2824	14812
3179	4216
3892	-7160
2223	-16826
3605	1739
4177	1689
3973	18389
4016	4518
-16028	7717
3966	17106
3564	-4643
3425	5902
3209	-4361
4955	-4567
-1399	-6454
-1992	14099
3879	-1572
-895	16424
4003	-1383
-2101	273
3884	2736
-15731	-373
-21503	-5859
-1033	-5370
2558	29037
731	11286
-23308	459
-2502	-5320
4003	-6011
1331	-2220
4000	-4621
3985	5947
1128	-4674
3977	23912
4042	-9813
3984	8055
3522	-5454
4526	-8955
-4243	-11474
4918	-5516
713	-6254
3328	-3368
1149	1048
4019	-8666
-3897	-5403
3890	3773
-574	13113
3762	6051
3997	-5466
3707	-2830
4038	-5056
-16945	12933
1408	4896
3925	-5845
3862	-7392
-17783	-4994
4002	-5866
3195	3194
-4113	-4918
3967	-3323
3967	-5859
449	-10808
9762	20521
-17545	-5570
2450	6456
1753	-10540
-3358	-1898
-7140	-5859
4001	-5966
3919	-4601
-2901	-14240
-3480	-4470
-3030	16108
-29849	-9523
4006	-4960
4049	7959
3912	11028
4808	-5299
-324	-2138
3534	-3673
-688	-4163
-9963	-5377
4002	60365
4069	-5866
4002	-5781
2209	-9473
4003	8042
-8191	2337
-15762	3844
703	11136
2469	-5540
-3615	1069
3975	-1786
3806	12450
3893	-5780
-344	3114
8320	-5371
-3594	-9137
4001	-808
-2081	1982
3991	-4269
3424	913
723	-3994
492	1910
2465	6840
-613	-5854
2559	-5859
4513	-5859
3892	15394
9166	-9084
3823	24922
4002	4239
3313	-3220
2213	13220
1895	-5647
-5958	-10601
216	-1709
3633	-1549
-40181	-1422
3546	-3474
4022	-7862
3934	-4033
4008	-5816
-180	17639
-16620	-6051
4001	-15217
3355	9415
2827	-3555
-1812	2430
3401	-5858
-6959	2707
