14	-14263
14	-4892
14	-4206
14	4749
21	3387
21	11247
14	-6794
14	-5815
1	2451
14	9621
14	-10230
20	-5825
3	5216
14	3439
9	-5263
14	-618
24	-1452
14	1166
10	8334
14	3792
14	1477
14	16214
14	7619
14	10920
14	-11047
17	-13692
1	4683
3	-3057
14	6724
18	4859
1	12378
14	-1123
14	8131
14	5248
21	-4563
14	269
29	2065
14	-8188
14	10253
26	-8430
14	-6578
14	1542
14	3915
14	9021
14	-2140
21	-1169
14	10818
14	-5903
14	6547
21	7851
14	700
14	12858
21	-4947
14	-8317
8	-53
14	-2179
1	-7805
1	10907
14	12578
14	14758
1	5709
27	1739
29	-11429
14	3469
21	8182
14	-6295
21	-19304
14	-4170
14	3130
14	5171
3	-13597
14	5953
14	-7047
18	-9318
14	2250
14	405
14	1099
14	-12055
14	-5465
14	-5769
29	3515
14	4098
29	-2907
14	5900
14	17496
26	-8607
7	5547
30	-10469
14	-8301
14	-6109
25	17780
25	-7782
26	-1578
14	-10270
1	-6342
14	2563
14	-9557
20	782
21	7540
20	2359
22	-3298
14	38461
7	6177
1	-6912
14	-11565
14	6521
14	10630
14	12294
14	13504
14	6187
14	-2736
21	-12614
21	5191
29	10489
21	10021
18	1301
14	-10700
7	-715
14	-4619
14	-7189
15	-4719
7	3332
14	8872
14	-3619
15	-14058
14	5089
14	7164
22	-4917
14	-7919
14	10553
20	5124
29	-7058
21	8916
14	-1880
18	-13071
14	-3375
21	7220
29	-9338
14	-4449
14	-11431
3	3552
14	-2422
5	705
25	1266
14	16931
3	1381
14	-2504
14	5453
29	-3804
14	7662
14	-4805
14	5124
21	-10956
7	14081
21	731
14	-9883
1	2754
14	-14166
14	7319
14	-869
21	-1394
21	-5121
14	-6878
14	-6992
26	-9604
9	-3110
20	-10133
21	2425
17	-14683
14	-4280
14	4339
14	7273
18	-5740
27	5908
26	-4854
20	1872
26	-9743
21	2957
14	-1847
20	8919
20	8097
29	-3102
8	-5946
14	-5334
14	-3985
14	1729
1	-8262
12	-8213
21	-7241
14	-13059
14	-9072
14	-2563
1	-16847
29	41828
21	-2919
29	6785
14	4462
14	-4532
7	589
14	11826
14	647
20	2162
21	-9332
1	1136
14	3942
14	4765
1	9253
14	-4569
14	10276
27	561
21	-1736
26	9493
14	-2580
14	5227
3	1380
21	8677
1	2788
14	-7368
14	12056
21	-4632
14	-8766
14	-13572
14	-17484
3	7592
18	7751
17	-15670
14	8015
21	8326
3	4254
7	109
14	-472
14	-6794
14	-1968
1	983
1	12581
29	1811
14	4157
22	4602
29	-6607
3	-2524
14	6995
14	3735
21	4973
14	15293
24	-3364
14	-1159
14	-9685
18	-3832
14	-1871
29	-6527
18	944
14	-6570
5	-3236
18	-7909
18	6265
18	1468
2	-10413
22	-6651
17	-1176
14	-2158
1	3495
14	5441
21	10984
14	7716
14	-5902
26	-6411
21	2587
21	-3629
21	8215
14	5523
21	-6669
14	8569
30	6027
14	-10409
1	6543
14	-6596
14	-3431
24	-18142
14	3742
1	11666
17	-1723
14	-11886
9	4225
14	-17374
14	1423
3	-1264
25	522
26	9371
1	-8180
21	36821
14	27696
21	-4646
7	-731
29	-13439
14	-733
8	-2329
14	-7038
18	3799
14	-1822
1	51571
21	-639
4	-145
14	4522
14	-2142
7	2196
18	9101
21	3366
14	-10370
17	405
15	-14840
9	-10355
7	-1303
14	9891
14	225
22	3280
1	-5748
14	-5974
14	1504
14	8747
1	13878
14	8088
14	8850
29	-2598
21	-3516
17	-6723
3	-6842
8	-10540
21	2810
14	10887
14	-20480
12	-9186
14	-2385
30	3145
21	6952
14	-8716
29	-3589
14	496
14	-6328
27	9710
1	-4895
29	-1853
20	-59
14	-2405
14	-4548
14	-10330
14	704
14	-7838
29	-9594
1	-3124
14	11733
14	-4697
27	7406
7	-8515
14	-10445
14	2475
3	-859
21	10046
14	-6230
30	8231
14	-5177
1	-8574
1	42751
14	-990
29	-7215
14	5640
14	2546
14	4770
21	6188
7	-7880
14	-3740
14	-15422
14	-3147
12	5854
14	-4699
14	27380
14	5017
29	143
14	-3439
1	-1658
14	6081
30	-1265
21	-13843
1	7000
14	8520
14	7610
14	-951
14	-3220
14	9056
14	-2478
14	-944
1	-3574
22	1431
14	12817
21	5007
29	9935
29	-8118
14	4462
14	12683
29	-1830
18	-5917
1	-2879
14	-4381
29	-17997
21	-3428
21	2879
29	-1347
18	1760
14	4102
21	6608
14	14941
14	9155
7	-4533
10	2567
1	-14615
14	-9569
18	-6341
14	-2914
14	4634
14	-6490
14	-3891
14	-4126
14	47467
29	-15500
29	10444
18	43126
14	5370
14	13735
26	-526
7	1524
15	-5351
20	3177
14	3195
14	-12357
14	595
14	9684
20	-3399
7	6653
14	-8450
14	4
26	3239
14	10592
27	3147
14	236
14	5793
14	35406
29	-1156
1	-16017
14	11060
14	1891
14	9282
14	-14810
1	-1737
21	3661
29	6512
7	-474
29	4055
14	37288
14	-10849
15	-3450
14	-12124
11	-11745
14	2702
21	3311
1	-11754
14	6210
14	-1545
14	-6042
14	-46
14	-3847
26	-14459
14	-10147
14	169
29	-5288
18	364
1	3606
14	-10475
21	12397
26	5054
14	-4340
7	-5148
14	21881
20	-4197
7	1299
14	3130
14	8119
21	-9228
14	4490
1	-3421
21	-852
14	13614
14	10536
14	-2842
1	-9891
1	-3625
19	-9176
14	4197
21	-9042
21	-7468
1	-9247
12	-10319
1	-11662
14	-367
14	53644
18	-12011
14	6477
21	9835
29	4783
14	6592
14	4798
21	220
18	16005
1	-4264
14	-9551
7	3209
14	-2090
1	22839
14	9987
14	-16497
14	7326
14	1754
13	-7652
7	-7300
21	5658
14	5021
14	-9621
21	27331
7	1266
7	1189
8	-8679
14	5338
21	-3259
18	6237
20	-7429
14	-2807
1	1681
19	-7639
14	13445
14	480
7	7185
14	3490
30	-12664
14	12579
25	4860
23	-6252
1	-2343
14	-1384
21	-4670
14	-17658
21	-1856
21	-12726
21	2898
7	-1395
21	57544
26	1162
24	-1454
1	-2009
29	-6758
1	663
14	-8262
14	14726
14	-8281
29	-8357
14	2105
14	4312
14	-9933
19	48183
21	-12798
1	7364
21	-842
14	2040
14	-4362
14	-5783
29	5996
29	-1084
21	-7449
14	-4387
14	-1392
7	3943
14	-4585
14	-7537
14	-20638
14	-6437
18	-12612
14	4416
14	-4686
21	6911
14	-10627
20	-14113
14	308
4	-10971
26	-16727
14	-10924
3	2159
26	-206
14	12157
14	3235
21	10959
14	-1162
14	-9940
14	7339
14	11406
1	-4901
14	10745
21	2954
1	1901
14	-14136
14	2800
2	5434
14	9095
29	-14209
14	-10608
12	6223
29	-7534
22	-66
14	2570
21	-4567
4	-8455
1	-7908
14	-13805
14	-12835
14	-10290
29	5741
14	-12284
14	-6994
14	-8887
30	740
7	-4816
18	-419
18	4170
14	5262
14	-19469
14	340
14	8952
29	2926
14	-10912
14	11943
14	-7806
14	-13135
30	-7056
14	8740
14	-1932
21	5709
14	-1217
14	11289
29	-3624
14	2250
14	6409
14	4418
14	-9390
29	-10908
1	-11209
1	-11206
14	-12923
18	-5301
7	63512
29	3720
18	-16884
3	1149
14	-62
14	8966
14	-5679
8	2894
14	13412
14	5337
21	2858
21	-1285
10	2156
27	6941
4	3475
7	-497
14	-2609
1	-2881
15	-352
15	619
18	-7636
14	15870
14	-12842
1	-2242
14	8311
20	7110
14	1361
21	11303
14	4939
14	5111
14	-3164
14	-2666
14	5199
14	-18474
14	-4520
14	13372
14	4686
14	-5193
14	6690
5	-13590
14	-7414
26	-7000
21	57383
21	-1612
14	-13696
14	9171
21	-1889
14	1796
1	-2846
18	-6121
14	-2090
14	-4784
26	5754
14	4113
21	-10489
14	-6019
14	13830
14	-4022
14	9455
14	5006
7	10591
14	11962
29	33681
14	-4061
12	-4159
14	6178
14	1461
20	8795
14	-17095
8	-6774
19	-9534
7	-757
14	-957
29	26034
14	8360
26	6623
15	1051
1	2876
20	-9031
14	17266
14	-11773
14	4872
18	-7573
30	9778
14	4187
14	-4504
14	-15889
14	11401
14	-8021
14	5221
1	7280
14	10936
14	4376
21	9464
22	8231
14	6436
14	-1752
1	7330
29	-9326
1	-7993
14	1741
21	1018
14	3512
18	-9740
21	-2858
7	-7215
14	-1313
14	2499
14	-9439
4	4387
14	-5804
20	876
14	-7684
1	2486
21	-2045
14	9577
14	2160
14	-10169
12	-7003
7	2289
14	7522
7	9524
1	-2327
14	-16143
19	-15505
29	-8877
7	-13279
14	-12538
21	2053
21	-2936
14	10382
14	2867
14	19724
1	-1363
18	2719
14	-14878
14	-13408
14	-4259
14	-8978
14	-3357
14	5519
18	-7550
20	-11867
14	1126
7	18005
1	-13301
21	-10513
14	4845
3	-9724
21	-9923
14	-6583
3	6178
14	18425
14	-7367
14	-7745
14	-2865
14	-7085
3	-5899
1	2488
7	3384
14	6344
1	-7244
26	-2062
14	5680
3	-12438
14	7266
14	-2219
17	-6803
29	-10311
14	41831
14	-4172
14	762
14	2031
14	9062
1	31473
14	-8164
26	-12738
21	-3160
14	-9744
14	-7726
14	-5900
21	6027
14	11892
14	13318
12	-7115
18	-5096
20	3288
1	3404
14	4980
3	-5863
14	4652
7	9799
11	-10231
29	32655
26	-923
1	-11398
14	-21575
21	4752
21	9214
1	2872
1	4566
14	-10457
14	-1612
14	373
14	-8348
1	3175
3	3845
21	-3260
1	-1569
27	639
10	-12496
14	6808
14	-8589
22	4529
21	-13416
18	-9593
29	2106
14	1722
20	55334
1	-8862
3	1
14	2472
21	7110
20	6173
14	3475
21	36185
1	18812
3	-1984
27	3835
14	-4394
21	45985
14	-3996
25	1251
21	6925
21	-8869
26	-10307
14	4756
27	12119
14	7676
1	-11547
14	-7639
14	-10982
21	9347
25	-6268
27	4850
7	-13468
5	-7695
14	-7978
26	-3258
14	1575
21	-8862
1	1902
21	-10492
14	-5411
14	6776
1	7622
29	7354
14	7664
14	3197
11	-12827
14	991
3	-5704
14	-9865
14	1049
14	8470
21	5047
8	-5650
3	-3439
1	-3507
3	5351
14	13450
14	-3660
14	-8153
14	37716
14	12608
14	-2733
14	4618
30	2800
14	1550
29	12892
19	-7093
14	6419
3	-1696
14	-267
14	6172
14	-748
25	-5180
1	956
14	-6482
7	15443
14	10999
14	2357
14	-7385
14	-8381
14	4819
17	-5563
29	-197
19	-21744
14	-7167
1	6304
14	-1848
14	-9835
14	7101
14	-9802
1	17331
14	-4784
1	2386
14	3502
14	3646
14	-373
14	-9740
14	1765
7	-8438
29	-12647
6	-11547
7	-204
14	9031
20	5265
3	-5308
21	2640
14	2877
7	-14442
14	3013
21	12648
14	-9108
29	-6203
14	2682
3	-5812
21	-2450
20	-5715
14	9382
29	681
14	-4366
22	4721
21	3066
21	-7316
29	-1433
29	-11832
14	4301
29	1570
11	-1738
21	3252
7	4793
1	-3817
7	3247
14	-78
14	-3608
21	-6608
14	15026
14	-2416
14	-9549
14	4298
14	9157
14	403
14	16449
7	3351
14	4858
7	-2570
14	-5734
14	-11921
20	-10470
18	-6239
14	5018
14	5407
1	2029
14	-14268
14	112
14	-3079
21	6116
17	8449
14	-8313
26	-751
14	5908
8	-9920
21	-4686
20	-1607
21	-2852
21	-6267
14	-6307
14	-3010
14	-14538
14	35527
26	-941
14	10245
21	-16004
21	-8941
14	-11648
7	2795
14	9302
10	-14392
14	-11325
14	7644
14	5946
22	7960
1	-296
20	502
14	-4001
14	-4776
26	-10225
27	5219
29	12726
14	44916
29	-4263
14	-4458
14	21
14	-4707
18	-8385
14	-4022
29	466
1	4309
1	2757
27	-544
7	-8891
14	5830
14	-13064
20	9567
3	4886
21	-11126
20	-1140
14	-11500
1	-12257
14	7182
14	-14845
14	-11329
14	-5715
14	-8536
23	-5148
14	-8185
14	5205
14	-4256
14	-11321
20	-8762
29	5454
29	6028
21	-6277
21	14473
3	-9410
29	18343
14	-9722
14	31852
21	11179
14	6857
30	7558
21	-634
3	-9000
21	-9090
14	10362
21	10623
3	14904
14	-7700
29	3095
14	-11280
23	1569
14	8079
14	-10972
14	50280
14	9656
18	4604
1	8384
14	19373
14	-9709
13	-5253
14	-11240
14	-7535
21	5252
14	11273
14	-1439
14	6657
14	8956
14	3292
14	-18186
14	2611
14	-7486
14	-6485
22	7204
26	8310
8	2029
14	-13368
21	4681
14	-8059
14	4559
14	11594
14	10072
14	3302
14	-7851
14	15185
9	218
14	-9478
14	-7976
1	-5083
14	-3285
14	-14458
18	2986
29	7232
7	3450
3	10767
14	-8783
14	7616
1	-17519
14	-5666
14	17075
14	4752
14	4106
25	-9542
5	-9993
14	3758
14	-5331
29	-14682
11	-7930
14	8328
21	8167
1	3711
2	5760
14	-4027
7	15474
3	3800
22	-2492
7	2396
20	-9103
14	2229
14	8320
1	2610
14	22160
14	11199
3	-1295
27	-7468
3	6282
8	6997
7	-14253
14	-10914
21	5200
14	12255
14	9247
14	-12929
14	3999
14	2702
14	-13282
29	22492
14	7917
14	-3184
14	-449
14	-1903
2	-940
14	-5425
1	14805
1	-5871
14	-358
25	-2078
21	6706
14	8233
14	13748
18	8930
14	-9245
21	-7264
20	1390
14	5151
14	-2487
21	-4466
14	-4780
29	-10118
14	14312
14	9904
14	-4151
27	-10997
14	-13527
3	-3422
1	2609
14	5796
14	287
17	2694
1	9322
7	4095
14	3827
21	-3786
21	6846
26	-12743
17	672
30	137
14	305
1	10017
14	258
30	6463
14	12720
18	7590
14	10572
21	3604
14	8151
21	-10740
27	9844
14	-4967
21	8891
14	7823
14	-2572
14	-4903
14	5586
8	-4435
7	-7
19	-7786
29	-10489
3	9086
14	-6134
14	-14550
14	10155
1	2115
7	-8646
27	1082
14	3008
14	-3382
14	7614
1	6331
1	4944
14	6266
1	-5568
14	13967
14	-349
21	-7516
14	-13904
14	10245
14	5047
18	4863
29	-7883
20	-20428
21	-8126
21	-5468
18	-10825
20	-13708
1	-3966
14	11003
21	-3562
21	7105
14	-11831
1	-4055
18	758
1	-7710
21	-8157
14	3385
14	3797
14	8534
14	-16349
1	-8066
14	-1728
18	738
26	-2729
20	-5220
14	-8700
14	-17074
14	2882
14	-173
14	-14464
14	5093
14	-6702
10	-16606
14	9238
1	-5552
14	-5714
14	-3055
14	-3993
14	4387
14	21270
21	777
21	13060
26	-1458
21	-2249
14	-1248
14	-4071
14	7611
1	14529
26	-2502
18	2618
21	33357
21	-12892
14	14109
2	2944
14	1106
14	-7438
18	-8935
1	7704
21	821
21	-5396
14	-1144
21	-23750
21	327
14	833
14	4415
21	5746
12	-12711
7	-11089
14	1506
3	8796
21	8820
1	-6944
14	4379
14	-368
21	-1008
14	-5265
27	5986
14	-5739
21	-154
14	-19823
14	8214
14	-6067
14	-3380
21	9419
29	-167
14	-1208
20	-1323
21	-3890
1	11066
14	-3661
18	2490
7	-7280
14	2141
7	-3112
20	3018
14	28902
1	-3926
14	1679
27	-6541
1	-688
9	-3713
1	-4498
29	-14100
21	5118
29	-9611
14	3593
19	1994
14	-16341
14	8239
29	3471
14	6536
30	-13368
7	8765
14	-8751
21	-11892
18	1555
21	13823
14	-16241
14	-8998
13	-9574
13	-12990
14	-8661
14	9124
14	-8241
26	-3589
20	517
14	6525
14	30705
1	-3468
14	-4708
13	-4941
1	6629
21	15268
14	6892
14	5570
14	3949
14	-9247
14	-2049
1	904
14	1781
7	-3175
26	-8160
7	-3548
23	-13120
14	-350
14	6334
14	-9241
14	33168
21	8318
30	-2003
14	28658
7	6495
14	-5614
14	12753
14	-9014
18	4586
7	-482
14	-11647
14	5214
26	-2106
22	6721
14	-5026
21	13803
14	-4989
14	1963
7	7664
21	5950
14	7360
14	-2091
3	1750
21	4409
14	-2127
14	37256
21	2696
26	-14291
26	5753
14	12135
14	-9505
29	-4686
13	-4402
21	-12652
8	6310
3	5410
14	8892
14	2268
14	-5716
14	11093
14	-10221
14	14578
29	-10466
14	-10099
1	-3856
26	114
21	7321
18	452
14	2076
21	-5477
1	12719
14	-4615
26	-766
20	4899
14	-11877
14	12179
14	3856
14	-401
14	-7942
1	-4027
14	4645
7	6324
27	-7357
30	3757
14	-5886
14	5219
14	-10672
7	5094
14	11611
14	-6729
14	-1584
3	-13538
14	58824
14	4107
21	2329
14	10692
11	-1403
21	-1195
14	6796
18	1021
21	-3591
24	1165
14	-4158
14	-834
29	-9598
14	34759
14	-11599
14	9776
14	-3929
7	-15494
14	-14309
30	4153
14	-6739
21	-16797
14	-6810
30	6795
1	9403
1	5214
21	-19671
14	-4687
1	-10385
21	-2596
14	58259
14	4301
20	4130
14	-5990
14	-6337
14	-1129
14	-2746
18	-6847
15	-5826
21	2067
25	-10501
14	-5575
14	4771
1	740
9	-7409
14	-726
21	-1468
26	10458
21	-4812
7	-6598
29	2210
21	-8070
3	601
14	7045
29	-5983
1	356
20	-5901
14	11682
1	-8020
17	-3460
21	10201
30	39020
14	7792
7	-13476
14	7724
21	1024
30	14345
14	-12086
21	-2049
14	5289
24	-14072
21	-6172
15	-8058
14	-566
14	13858
14	3520
14	-1899
14	14044
29	4605
14	-8443
30	-3763
14	866
14	-7606
4	-402
14	5814
27	-4775
22	-13028
29	-6574
21	8027
1	-4402
14	3804
1	40538
14	1355
14	-4529
14	2977
18	-19225
14	-5850
26	3658
15	1211
14	2218
14	-1355
26	-3960
7	10949
14	5780
14	7398
14	-12222
22	-11080
14	-5701
14	6434
14	-21423
14	-3489
14	-13243
14	7028
14	3312
21	5144
21	-6938
14	5647
9	-10225
14	-4502
18	-1352
14	703
4	25044
11	-6719
14	12007
14	40769
14	-7024
14	13126
19	4190
18	-14522
10	-4693
14	-5859
14	6889
14	160
14	-120
20	40122
29	-5275
2	-12875
14	-14705
21	-7925
14	-14416
14	9112
14	-265
18	-3804
21	-4374
19	3019
14	9815
3	-12582
1	-962
14	-1171
14	3774
14	-7474
8	3259
18	-10350
18	18114
29	12008
20	2970
14	14723
14	-9094
14	8812
14	10098
29	7622
7	8259
1	-2006
14	5813
21	7738
14	572
7	3653
1	692
14	5804
7	-1517
30	-7128
3	11492
9	405
14	-17401
1	1025
1	2943
21	-9386
14	10107
14	-6336
14	-6653
14	-2992
14	-6297
7	-15834
21	6932
21	6572
14	8603
1	8215
29	-11288
1	450
14	-1260
4	20978
11	-6071
14	1684
14	-7774
14	-3838
14	6277
14	974
14	-2970
14	-11183
1	-3671
21	-10309
14	-5418
20	5759
21	4807
18	-940
30	-3273
14	1924
20	3382
21	9462
14	9582
25	-3757
7	6607
14	9038
29	-4048
1	-16133
14	-13288
14	-11686
14	-5575
7	7216
14	-10607
2	1277
14	-914
1	4383
24	-16392
29	3393
29	-8854
20	-14287
14	-482
21	-9621
30	-7942
14	-8518
1	7635
14	-11730
14	-12885
14	-1897
21	-2228
7	-3137
8	6033
14	2487
14	-5722
27	-3622
14	-990
29	-472
14	599
14	17542
20	-10808
29	-7659
14	-2828
14	-6336
20	-453
21	8844
14	32047
14	12314
14	-6049
14	3603
14	-8867
21	-4416
14	10276
14	3502
18	3661
14	6875
14	-5088
21	8006
12	2100
14	-11396
21	3181
14	-4308
26	-9489
14	-3526
14	-10653
17	-10878
14	-6479
3	-13864
18	-5832
19	-5659
26	8614
14	18268
3	-4478
14	-13581
14	5861
12	-3510
14	-769
14	-2120
14	-11081
14	4238
14	-16797
14	-9123
18	533
1	-521
14	-10429
7	6096
7	3125
29	-12753
7	8771
27	2418
21	-6173
4	-12795
14	5741
14	-7195
14	-20889
18	5819
14	7048
18	-9071
14	5478
14	7180
14	-6651
7	785
14	5960
18	230
20	-7529
29	2711
14	-7150
18	12227
1	6582
1	2451
14	2460
14	-2069
14	14146
29	301
14	3726
1	5250
14	-345
14	-917
14	5068
14	9291
14	16712
24	-5475
14	10702
1	8816
14	-12642
14	6213
9	-7677
18	-5685
21	-16864
21	-1382
14	-9751
14	-12987
1	-5544
14	12530
21	22178
14	1846
14	499
14	283
1	-7084
14	2308
25	2489
14	-10428
29	5665
14	24014
14	9384
14	-6395
3	-9919
14	-6344
29	11767
30	-9855
21	-7900
18	3431
14	6862
14	628
3	-3407
21	17092
27	-829
14	5758
14	-17321
14	-866
14	-2406
12	-5842
14	-12354
14	-8435
1	7084
14	4300
14	8436
7	-11704
22	-6745
14	-8843
14	6057
29	-8306
14	-16817
1	7658
14	4510
18	-552
14	1778
14	-9221
14	-1298
22	-7022
14	-2956
14	-3430
14	565
14	-8707
14	3305
29	-5864
30	-8990
14	13750
29	4864
21	-1735
29	-4681
14	-6424
14	22
29	2971
24	-1146
1	-12447
14	-6721
18	-11328
29	-1414
14	21722
14	-8876
21	-5324
1	-16066
1	-14550
26	2877
14	1762
3	-309
21	-14664
14	5804
14	14118
21	-9984
14	-9827
14	2252
22	2829
14	-8216
17	31918
18	6725
7	-8513
14	8056
17	-12118
18	-9632
14	-7379
14	8488
14	-1100
14	6237
14	-18341
14	3902
14	-12244
21	-11100
20	740
21	18078
14	-19076
7	-877
18	23786
14	10892
19	-11552
14	2620
21	-6392
14	3063
21	9442
8	2071
21	1191
1	-12844
11	1445
14	-10827
3	18512
14	-12412
14	-14987
14	-5092
29	3424
14	-8245
21	4019
21	9150
9	-16448
14	10651
20	4398
16	-9993
21	-7350
29	-5502
14	-7840
14	7713
14	5614
7	12207
14	16784
20	9578
14	-1591
1	-1043
3	-11544
14	-4277
14	68
14	-1458
14	1146
7	2016
14	-2122
14	13246
14	24355
14	9459
14	-2452
21	-14911
14	-12135
27	2519
14	45448
21	-11549
14	-7440
14	2703
29	-8331
18	9205
20	4940
14	10160
18	-13830
14	4062
27	5668
14	-5236
14	-20200
3	-17051
25	-3678
14	5292
18	-16106
1	6433
21	-11903
14	-5866
21	-9515
5	-14059
12	13070
14	1658
14	-16287
8	5290
14	326
14	5378
14	-4276
14	51236
1	3137
26	-12046
29	2433
29	-3552
14	1087
8	2617
1	-6630
14	-6668
29	1353
21	-10366
18	8631
1	-6595
7	-3986
14	-3025
14	-6061
14	-774
3	-1978
21	-7295
14	9477
29	-2964
14	2933
14	3158
14	4718
14	4994
14	27501
21	-2246
24	-3792
14	6435
14	-7313
14	14610
1	10132
17	-7523
14	1899
14	-11473
7	-21328
1	-753
22	6388
1	12377
21	11739
7	-2661
21	4414
14	6121
11	7062
14	-8339
14	-14669
14	-6843
14	-10738
21	5178
14	2168
14	-2905
14	8234
7	-6949
14	-636
14	2710
14	6388
14	-15246
29	-2051
14	12004
14	-14475
1	3578
14	-9414
3	4800
1	7839
18	6055
14	-7635
7	-28637
21	-11192
14	-3477
14	2973
14	4490
21	7536
14	-8021
12	-16830
14	8620
3	3027
26	-8683
27	10832
21	-15164
14	-5948
21	3336
29	6364
14	-6918
21	11117
29	-4885
7	-7010
14	12061
18	-11302
21	7476
14	14620
1	-11772
23	-3970
14	-5491
1	-5329
14	2480
29	-2784
14	-2722
21	13759
1	2202
1	5786
14	-9202
1	3236
14	6639
14	530
29	-10252
14	10456
14	-2092
14	-12215
4	195
21	-6586
14	5293
21	2976
14	-9203
14	7115
14	2610
14	-2319
30	-11602
14	5745
29	1738
14	7864
14	1133
7	-4362
29	8575
14	-11308
14	10649
20	-11003
18	-2523
14	-16410
26	-2374
7	8671
14	-14429
20	-4550
14	-20816
14	-21391
14	9219
19	-3738
15	1955
14	-9683
21	-12209
14	8441
26	-5305
14	5578
14	-8792
22	-3856
14	3244
14	7825
14	5973
14	-14725
14	10541
18	-2091
14	11120
14	5151
14	10859
21	3074
14	-4361
14	-7093
14	-1355
29	-726
29	-13897
14	-6269
1	-10534
14	8204
14	9959
3	6709
21	-8337
14	-13807
30	11487
5	-19128
23	3053
14	7209
14	8175
1	6548
14	7542
14	5901
25	1587
19	-14959
14	4628
7	-17231
14	20737
14	776
14	-11419
16	-4829
14	39947
14	-6680
9	-4010
21	-6413
23	-12581
14	-11848
14	315
14	-6350
7	-1399
1	14490
14	2409
3	-7938
21	-1084
19	-9405
29	3597
29	-10578
14	1637
29	5847
1	7504
5	-8082
28	-991
14	12257
14	1159
14	11837
14	-9217
14	-3649
10	3591
14	-2282
14	-866
11	-6814
14	4085
1	5689
21	5794
3	-800
21	6995
1	-6490
14	-131
14	1317
14	-3659
14	-7308
14	11221
14	-4766
29	-948
14	6766
1	20270
29	-8509
14	10005
1	-13755
21	-9844
14	2948
14	4282
14	-2133
14	196
12	17362
14	13226
29	-9803
14	5872
24	-13076
14	11512
29	-3277
14	2728
1	5671
7	-10985
14	10429
1	-10710
15	-16969
26	-16961
14	-11714
14	-6294
19	31803
30	-85
21	414
1	3433
26	847
24	2454
7	14
21	-2064
14	-7794
14	-5023
29	7912
14	-9269
29	2269
6	-11090
14	-8453
7	10336
8	-7569
21	974
14	-4876
30	-13286
7	6576
14	-12484
21	6715
14	-379
18	-16581
20	-7200
21	-2873
14	-11412
14	-527
28	-5170
22	-18954
14	-7089
1	-20392
18	-1293
14	223
14	-8622
25	-10955
14	-6967
14	-1014
3	-8936
14	-3711
1	12454
14	-354
14	-16583
21	-4052
14	-918
21	-791
20	1168
22	-5320
14	5062
14	3433
21	-14791
20	2053
14	8708
21	-1677
14	3822
29	7483
1	-953
19	1683
14	58485
14	1070
14	10477
21	-9551
20	-1263
14	2288
14	9178
14	1890
14	-3522
1	-12816
22	8970
14	-12986
14	-15103
1	-11530
21	-4436
7	-5862
1	-15572
7	11181
21	13054
21	-10803
1	9569
14	14500
14	7609
26	-3644
14	687
14	11048
26	183
21	1804
14	511
14	1301
19	2467
29	-4089
14	12302
14	9720
21	-4630
1	-8768
27	4735
14	8345
14	-3455
14	12866
14	-5468
21	-9537
7	4189
14	-9646
14	-9680
29	-5746
14	-6355
14	-679
21	-7819
14	3904
12	-851
14	5826
3	2889
17	-3233
14	9986
7	-1494
30	-1132
21	471
21	5140
14	5444
18	5932
14	-3173
15	566
14	-2396
14	-3619
7	-313
30	-10973
14	-8670
14	-2623
14	9558
14	1986
21	-5378
14	9238
3	-7858
14	-5513
17	7993
11	-6343
7	-7649
26	3914
29	5018
14	-3480
21	62259
14	7495
14	8349
21	10658
14	-4380
14	3152
14	5867
29	6054
14	4820
14	-8553
14	4549
3	-5816
18	6232
21	5234
14	6919
1	-5714
14	9834
9	-27
14	9165
21	3435
14	-47
14	-5681
3	3487
1	-5769
14	-12171
21	7655
25	5111
18	-3392
1	-11969
21	-3101
29	222
14	-659
14	23348
14	-2636
14	6474
18	-4271
4	3861
14	-4303
14	-9460
14	4328
21	15071
14	-5161
14	-5398
14	399
21	10288
1	11786
14	-5302
14	1317
21	-16604
14	2629
18	-7223
14	-9261
1	-7663
21	-6398
14	-2537
14	-8720
14	-11595
14	6806
14	18801
1	8079
14	-7517
29	-8910
29	10000
21	20
14	2913
14	-13533
3	6050
19	4470
14	2719
14	-4448
14	-13151
14	1856
7	-7280
14	9825
14	8479
21	10976
14	639
14	-1481
1	4846
14	3942
1	2112
29	-12320
29	6818
1	-6970
21	-6141
21	-3075
12	-11852
1	3852
14	-3233
29	-13380
14	-14539
14	-2217
14	967
21	7239
14	27311
1	1964
4	-3402
14	6408
1	-2092
14	2035
14	-1018
7	-9248
29	2912
12	-7993
1	-5430
14	-5090
21	-6490
1	14366
14	14080
8	-1651
14	-567
14	11771
1	4374
14	5927
14	268
14	-12606
10	2779
14	-742
1	52697
24	-3922
7	6402
14	-362
21	-1145
7	-12818
14	-5297
14	-7629
7	1306
21	-4556
14	5498
14	1958
21	8630
14	-333
14	3336
22	-3777
25	4574
14	2932
29	1274
14	5544
1	4907
14	8070
21	1070
14	11241
14	-2608
1	5424
14	-4866
29	-7304
1	-8533
14	-5666
18	5078
7	7461
4	-9399
14	-2796
14	4131
30	3940
30	-5327
29	856
14	6011
14	19073
29	-15343
14	1705
27	-3455
14	-12914
18	9870
14	3690
14	9930
14	7722
14	-1678
14	3689
7	7761
27	-8171
14	12681
12	-5099
29	-1191
14	547
14	-3994
7	-10867
14	691
18	-10443
7	4034
14	-2376
14	22470
14	-11368
14	-9595
14	-1429
14	2969
14	15005
1	-1323
14	4306
14	-8832
29	3070
20	-10269
21	4396
22	-8992
20	8279
1	2583
15	-82
1	-2476
1	10037
29	-5184
9	-10862
7	1395
14	2854
13	-11862
14	-7200
14	-5474
7	-2244
21	-1008
26	-13935
21	-10450
24	-7286
14	-10094
21	1289
14	-9771
26	5037
1	-4072
18	-7626
21	13059
14	-11001
14	10272
21	6817
26	-2718
25	-904
5	6771
24	-5092
18	20
7	6917
18	-7913
25	-13131
14	10817
14	-10931
14	2840
14	-7347
14	5257
14	-8513
21	-3735
29	11735
26	-3761
14	-3495
14	22087
29	18961
14	178
1	11585
14	-4293
21	-7691
18	13698
15	1812
1	-12287
3	8994
17	-510
14	6223
14	-4569
26	429
14	-9952
14	5055
26	-299
21	-7665
29	9596
21	15902
18	14830
14	-8808
14	-10948
29	8579
1	-9357
14	7950
14	-10110
24	-19231
21	10888
18	11236
15	5648
14	6136
29	-4422
14	16218
14	-1134
3	3978
14	3724
18	-3954
14	2104
14	-9027
21	-2738
21	-3802
21	10299
7	3090
14	-4649
29	7781
1	-8717
14	109
14	4868
1	13614
14	-10102
14	-7533
3	-3021
14	-3755
14	-4998
29	7971
4	-15844
14	4924
21	4368
1	-5621
29	-3105
14	574
14	1649
14	-2861
20	-8907
3	-5940
14	8269
14	5278
18	-8234
21	6279
29	-13070
21	6646
14	7711
18	2074
14	-10483
26	4491
29	-10520
14	30370
30	-5518
3	-6748
14	2280
1	-4363
29	-2549
14	-9035
14	12678
18	578
14	-3742
14	-8189
29	-3286
2	-2881
14	-1974
29	-6776
14	-7981
14	31719
14	4348
14	484
14	4317
14	-14642
14	8674
12	-4494
14	-2503
14	-7788
14	-2185
6	-6934
3	-398
21	95
1	5533
14	-2574
14	4245
1	4831
7	14933
14	931
7	-2976
7	-5540
10	6236
30	-2586
14	7082
27	43179
1	5350
21	16026
14	41200
14	11547
8	7801
14	2431
21	-4403
14	-20664
8	-6697
3	4699
1	18549
29	-6419
18	12089
20	-6102
14	1899
14	-18024
20	-2934
29	-5839
14	-2568
14	-6161
14	-868
21	-9021
14	6731
14	-9538
14	-8049
18	5034
20	-3244
14	-13307
7	16181
14	1353
21	35162
1	-5814
1	-5982
1	-11718
30	4578
29	-7325
14	6904
14	-19015
14	2059
14	-5989
14	3423
14	5838
29	16263
29	5521
18	-1099
1	-1340
1	7956
14	13547
14	-457
18	-5568
14	2477
21	6037
14	-277
14	-14111
7	-8018
14	-5126
16	-4780
14	6733
14	10543
11	3321
18	8539
1	5473
14	9303
3	-7914
3	-7521
14	-4204
14	5167
14	-6508
26	238
26	-12172
14	-7104
14	-5811
7	-5092
1	10694
18	6334
14	-7097
14	-5755
14	3387
21	14866
24	5003
14	-1330
14	-382
14	-5114
14	-7548
14	-2402
14	6390
14	-9425
14	5658
14	2955
14	1933
28	-1614
14	-8802
14	7892
27	-3977
26	2320
5	-8426
1	18732
14	-5133
14	-2142
29	-6998
4	-3345
7	12300
14	-5457
10	46927
1	-10415
1	-4229
21	19160
29	-1452
14	-10917
3	-16765
14	7224
14	-9507
1	-3384
14	11117
29	4361
14	10175
1	-13232
1	-5020
14	-2807
1	8829
1	-2555
14	-7030
1	-7891
1	5200
14	8223
21	8398
21	-3630
14	-1149
14	-13256
2	-3120
14	-6969
21	1249
21	-7892
14	-6478
14	-5945
14	-4802
14	1468
14	-9066
14	-3558
7	-15179
21	-2263
14	-5965
21	883
14	12374
14	8885
7	-5380
3	5503
21	-11793
21	-1695
14	1913
14	10715
20	-2847
14	2839
14	-11339
14	4935
7	-7267
14	-7243
14	-20816
14	413
14	4779
3	-7311
21	2664
14	34631
14	579
1	286
14	1803
14	8841
1	-9495
1	-5991
29	-2868
26	-10327
29	2350
22	3971
14	-7157
14	-6807
19	-2458
14	-12865
1	1160
14	-12313
21	7440
14	18794
29	6552
28	-19581
21	-330
14	-18814
14	-1612
14	-7297
7	5716
3	-6270
29	3070
21	2682
14	9515
1	4486
14	11545
3	116
14	9753
14	-2965
14	-7730
18	4595
1	-5234
21	9818
21	6163
14	-5525
14	7485
1	-2559
29	-8713
14	-2423
14	7944
14	-3918
14	-8725
29	-6190
14	-997
14	9734
14	9265
14	4527
18	-7322
14	-10609
3	8533
18	-4138
14	4140
14	4514
14	13571
1	1249
26	2418
14	-4884
29	6739
14	4251
14	515
18	46722
14	-3681
14	2101
29	4140
14	59701
21	-582
14	1131
1	-10293
21	-5438
14	-98
14	677
4	2354
14	11904
14	6912
13	-6035
14	13997
14	10582
14	-591
20	-7666
23	-11554
14	8056
7	-5359
14	1642
14	-13154
14	8145
1	-5562
26	-12363
14	-9012
1	17249
14	-13859
1	1335
14	9399
14	-10969
21	-13108
14	3351
14	923
14	13034
4	-7706
1	-7442
14	5917
1	14110
14	-6746
14	-6589
14	-11585
1	3436
30	-3518
29	-1564
29	10979
1	-7323
14	7039
14	-5278
14	5786
9	-6560
21	-6586
14	-6422
21	-7173
14	6114
14	-7153
1	-4859
7	-8109
14	-3510
14	4956
1	-473
14	-4605
30	-7918
21	-11757
14	9439
14	-14638
14	470
1	-2209
14	-2067
14	4005
7	680
3	5872
26	-79
14	5505
14	5476
14	23425
14	2497
14	5752
14	-4904
21	10956
26	7153
27	6741
1	-13660
29	-12312
14	360
14	5892
14	-923
3	-8698
1	-6008
14	12769
14	511
14	-7636
14	11669
14	8275
21	6460
14	6263
21	-8819
14	12025
14	-6821
14	4049
14	-14421
29	676
30	1744
21	3272
14	-4529
14	-1429
14	60407
20	-1582
1	22683
14	-3779
14	-18987
21	-1798
14	-8072
14	-3527
14	41820
14	-4968
1	3873
19	-5676
26	8359
21	7770
21	-6734
14	-3478
21	-2792
14	2474
26	3529
1	2938
14	-5606
21	2685
14	-6230
29	-1926
21	-15272
14	-2668
14	-3407
21	5651
14	-2318
14	-4242
17	-447
24	-19884
14	8756
21	1574
14	43572
25	-5545
14	51
10	13002
14	3098
14	-20511
14	-3914
14	-934
14	-6280
22	-24164
17	5022
14	7405
21	-2152
14	-6587
14	-2939
1	-2933
17	-12831
14	3917
14	-3020
21	8444
2	-12290
21	-12964
14	10930
20	37907
1	-19423
14	9741
7	-5301
1	-2775
5	-13646
14	10843
21	-30
21	-7687
14	-90
14	-203
14	625
14	-482
14	2758
30	-8787
22	-6831
2	10970
14	3526
21	7613
14	1883
14	-2619
14	10853
14	-11860
18	-7669
12	-3694
14	3727
1	-11721
14	-2088
14	5987
27	-2164
14	3291
14	-3561
2	-11850
14	7766
18	-18006
14	10982
1	-6340
29	-2043
14	3561
14	-6543
14	11399
26	-3264
4	-11104
14	-9351
14	4234
23	4641
18	-1631
14	-5002
14	-5400
1	4406
29	8980
14	-13072
14	7467
21	28557
7	-3291
21	-7378
14	6093
1	8186
14	-8736
14	-8721
1	2720
14	-6651
21	-2835
21	-16725
14	-11182
14	4376
14	3765
14	13365
14	15500
7	-691
22	-5567
21	-5151
21	-5161
14	-6258
26	3958
8	-7735
14	-4003
17	-3141
14	6835
1	-8646
1	5585
23	182
14	701
21	-5603
14	1262
21	-9161
14	-646
14	3744
14	-1115
14	-5921
21	9266
14	7862
26	4517
8	3204
14	-965
7	4844
14	5788
14	8252
14	-7435
25	-9403
25	-6837
21	6450
30	-4505
14	1097
1	-14988
14	-576
3	-7485
14	-9358
14	-13346
12	2994
1	12894
21	89
14	24941
21	4685
26	5698
14	-2257
1	8261
14	-4522
25	1216
1	10850
1	14126
14	-3792
21	-8163
26	-3397
14	-5782
29	864
14	-510
14	-298
14	5590
14	8822
7	21359
1	4690
1	7745
14	719
14	-1882
14	-14592
14	-4070
3	866
18	-9220
14	-2281
21	5044
14	8844
18	-9935
30	-4475
21	-2588
14	-6756
14	44
14	-11317
14	-4261
29	-370
14	-8911
3	-7435
14	-7056
18	-18024
9	-5135
14	1073
14	-14367
11	-8878
14	7434
21	3187
14	7088
24	10772
14	-18442
14	7017
14	2436
26	98
14	7803
29	-22792
18	-6603
27	-3232
1	2825
14	-14521
14	389
14	-204
29	2768
14	-14506
14	-6249
14	-6064
24	-18244
21	-6587
14	-11038
7	-3018
14	-8805
27	615
14	23870
14	5957
5	-8065
14	-7041
21	-7504
7	-13210
14	7008
14	-1437
14	-13629
21	3218
14	6023
14	-1146
21	-12076
10	-53
27	3323
14	4208
27	-4364
7	-5885
14	10744
14	-6156
21	-4610
14	5792
30	-10420
3	8338
14	11717
15	-4152
14	1982
14	-7199
8	-8082
14	1201
14	-1175
14	11728
14	-6252
14	-9811
14	9866
29	-2815
21	4068
26	8515
14	-9314
20	-9949
18	8344
14	-22934
1	-2301
14	4156
14	-12682
3	12094
14	-3309
14	-4988
14	-888
29	5590
14	2183
14	8986
29	-6181
14	14690
18	10085
14	12381
14	1157
14	-5143
14	1043
14	4081
24	-4994
14	-2614
29	10856
21	10838
21	5093
20	-4510
14	-10526
29	-636
14	2795
21	3337
14	1325
14	943
14	4318
14	2246
1	2845
14	-1545
14	591
1	-8071
14	8472
14	7173
3	-5768
14	4705
14	588
30	7107
29	3357
21	-4879
14	-6100
29	-6061
14	14397
29	-8458
1	-4161
14	4146
14	4900
1	-12098
24	-7872
14	7909
7	18015
9	-15028
14	-857
14	-1948
3	8606
14	7735
4	-647
14	3781
14	6012
14	-2088
14	-10836
1	13443
14	-2670
14	-12982
26	-7189
14	-1207
29	7556
3	-2304
22	2716
14	-10176
14	5533
14	11645
14	-7444
14	-9814
14	-6791
14	-9872
14	6202
14	9592
14	-10486
21	1396
29	-6202
14	-1374
14	-3518
6	-16327
29	-3612
20	-3121
7	-5540
5	-8431
14	-5727
4	-582
14	-1608
14	-8190
29	8778
1	-17169
7	594
14	-15575
20	3658
14	10111
1	-6234
7	-6806
7	21568
14	3026
14	5502
21	7969
14	12612
30	6104
21	-753
14	-5226
14	-10309
14	-209
14	5524
29	-4334
21	-8220
14	-2596
26	6716
14	2214
5	-11871
14	11979
14	10991
17	-14438
22	1966
14	-6153
21	-1448
30	209
7	-11728
14	-7801
14	-6344
21	-17077
14	-2571
1	6426
14	6992
21	-8677
29	15564
14	-15697
14	5430
14	3582
14	5053
14	4272
14	-136
1	11558
15	-11380
21	2702
21	-10027
14	-2668
14	1294
14	8651
3	-13273
14	-4542
4	-10552
26	-7186
14	-3757
14	-67
14	-1032
21	12329
21	5339
21	7673
14	9309
14	1078
14	10148
14	-7999
14	-6313
14	3056
21	-30
14	-2055
7	-8250
25	-3243
1	-7836
14	-11098
14	6963
14	10218
26	-801
21	37430
21	5889
14	-8370
19	303
21	-11627
14	-5096
14	9992
18	-12025
1	-22234
14	-219
29	699
14	-10710
29	-3858
1	9954
14	-11086
14	10910
14	10717
15	-18365
14	8118
21	8636
21	-10205
20	8900
14	11028
14	-2143
27	-11308
1	-10269
14	-3625
18	5131
14	-15169
14	-12895
18	2034
14	-7556
7	9210
14	6009
21	-1821
26	-9630
21	296
14	-10781
3	1680
20	-325
1	2135
14	-7197
27	-5510
21	17967
14	-6904
29	604
27	-11733
9	-2280
7	96
18	-9827
21	3054
14	-2420
14	4665
18	-14044
14	8723
21	7613
14	1728
30	-8631
21	9091
14	-8250
14	-11087
24	781
21	7134
3	61875
12	-12188
1	-11050
27	3474
14	-8638
21	-4472
14	-103
14	-8480
21	11964
14	-11061
14	3331
14	-3880
14	4246
14	7066
14	-9084
3	-8592
14	9835
14	3888
14	2299
14	3773
18	-9509
14	-7776
21	-9620
14	-12840
21	9042
1	-13279
14	7443
14	14667
25	-12052
14	43778
14	-12841
1	-6062
14	-5496
21	2949
21	1885
1	12296
21	-7853
1	-650
14	4504
14	-1009
1	-11382
21	3324
14	-2297
14	-7433
14	7009
26	4921
14	4703
17	-5623
14	3299
14	7546
20	1401
18	-5048
30	479
7	-18511
14	5616
14	6972
29	5513
30	7000
14	-6520
14	-10759
7	-193
26	-8061
18	5128
14	-8221
21	2744
24	-5978
29	2290
21	-4914
14	-1095
14	1892
21	-5187
12	4967
21	-9774
14	-6892
22	-8739
14	5762
21	5564
21	11833
18	8887
21	-4699
14	-8798
21	-3475
14	3891
14	25410
14	2338
14	6696
14	6772
14	4651
14	9189
29	-14062
14	9312
14	-254
1	633
21	1179
5	-10430
14	2493
29	-5155
14	-6546
14	98
14	15797
14	1712
14	2624
21	-6822
14	1382
29	3442
14	-3816
14	-3378
26	-16375
24	29730
14	18374
14	-1436
14	6140
14	-15857
7	3349
21	-5638
14	-5450
18	22966
14	-22018
20	-1577
21	-9837
14	-6758
26	-18281
14	-7774
14	3663
14	-2057
22	1376
29	3969
14	4776
1	11586
3	9271
14	-5828
21	5227
14	-4832
14	5424
14	-9384
14	-2463
18	8922
14	1527
14	3335
14	476
20	-8923
18	-306
1	-7536
4	1075
21	4264
1	6709
21	4440
4	-8156
21	2100
7	-14338
14	3866
21	9859
14	-3751
14	-21328
1	-12224
14	5773
14	14
21	-2371
17	-312
14	8955
29	7331
14	-5041
14	6513
14	54862
14	-411
10	24767
3	-10375
14	1869
30	1414
7	6503
14	-1360
14	14149
21	10803
29	-5452
14	-8448
22	6775
14	-2091
14	-13283
14	-9676
21	-227
14	-13340
18	-2186
14	9867
15	5485
4	-7390
14	-2830
26	3802
26	-6813
14	-1067
14	-3321
14	-6729
21	9399
29	-4966
1	2734
14	-3891
14	4215
14	54587
7	58172
14	-2940
7	-1333
14	2706
10	945
21	1415
21	3717
4	1314
12	1719
21	-4131
21	9048
14	9396
14	-10633
14	-418
14	-8346
1	8330
18	7114
3	-10310
1	6797
20	936
14	2948
21	2243
21	-658
14	6558
1	-8383
14	-8720
6	-9670
29	4852
14	23136
3	-14752
21	-8211
14	1441
14	-18155
14	-2816
14	-10078
14	5344
14	-3514
20	-4417
14	5720
14	13449
26	-1133
14	14702
14	-5914
26	-11832
14	2492
1	-2092
14	851
14	1621
14	-3208
21	14329
14	7409
1	2000
29	3878
7	-5597
1	15695
19	-5319
1	8114
18	-8054
14	5616
14	-3224
14	-9797
1	-1530
18	-9297
1	-6038
14	1900
1	-5509
14	-20203
14	9175
21	11953
1	5773
14	-14100
29	-3737
14	11946
21	-17913
27	3494
14	3966
7	384
14	4308
14	-15593
24	-4410
14	11459
14	4853
1	-2132
21	-6298
14	-12821
14	15309
14	-3333
14	-102
30	-24719
14	-2137
27	-2034
21	4917
14	6188
14	-2226
21	3419
8	4683
14	3581
29	15623
14	10459
21	-10683
14	2554
2	-9461
14	1697
15	-6113
14	3648
14	4880
14	5535
14	-6840
14	-8766
14	8642
14	1495
21	26836
21	2456
8	2679
18	-1396
7	-1080
14	3536
14	811
14	-12134
21	-12169
30	-139
14	-18772
1	1992
14	-7909
1	8857
29	-4202
14	17852
14	-401
29	8637
21	6240
5	-5192
14	13122
14	4877
14	8385
1	-1231
1	7798
14	-5322
29	-8617
14	-3565
22	-1665
14	13764
21	-5181
29	-3940
14	7323
14	48144
14	-1326
14	-13150
7	-6117
22	2825
9	1845
21	-10455
14	-8756
14	6636
14	-4558
14	-1414
21	-6734
14	9670
21	-776
14	-7979
21	-11051
1	9558
18	26110
10	-14741
14	4949
14	-1939
14	-1830
11	2103
30	-17386
14	-15268
29	-11005
21	393
21	-7514
3	-3489
21	16711
1	-3178
3	4667
14	-2338
14	-8525
18	23699
14	12491
21	2479
14	-7705
3	-15446
14	5099
20	2591
14	-879
14	-8508
14	4246
14	3839
3	-2298
14	10734
14	7726
21	5819
3	158
14	-7209
14	5794
3	7840
14	-7027
1	3700
14	13626
3	-15687
21	-2933
29	3135
7	5029
14	1216
14	4482
14	2158
29	-8878
29	11666
14	11627
17	5081
14	-10256
21	-6205
12	-7902
1	6916
14	8519
18	2817
21	19822
21	-5849
14	-5504
3	9396
11	4903
14	-6695
14	7364
27	170
17	-2077
14	-7885
1	-4972
10	3507
14	3378
20	1567
30	-3091
14	-14930
14	-6672
15	-14086
20	-10493
14	14723
1	940
14	4030
14	-5736
14	-3167
14	-8998
21	40280
21	6203
1	9324
18	4989
14	2331
14	5870
3	6617
21	-20204
20	6849
29	1769
1	-7625
14	-15199
14	8540
14	7356
14	11215
1	-5598
14	49307
14	4396
21	3934
14	10664
1	-5386
26	-6703
2	1581
14	15821
14	-6144
29	1017
14	-11072
29	-6600
14	-2470
29	-12827
12	1139
14	7275
14	-3924
14	-3905
14	9824
14	8691
9	-5906
14	-2849
14	3920
14	-10172
14	-4223
14	-11428
1	-8570
14	-4547
14	13622
14	2589
14	11742
14	42052
14	785
26	-11781
7	-4153
7	5513
14	-6929
14	8205
14	-16005
29	3122
17	-5569
11	978
14	7867
7	3931
14	14681
14	-13498
14	3116
18	-7381
5	-3358
4	-12421
21	4932
14	6113
14	8601
14	-9301
14	14983
14	-465
14	11000
14	8973
14	-2752
21	-9925
26	-14287
14	2799
14	7219
14	261
14	-8481
21	10848
14	5844
14	7149
14	-14785
14	-2577
21	-7149
14	-3236
22	-10147
3	6369
14	11689
14	-15759
20	-566
14	14601
14	3257
14	-566
21	-8089
14	8329
14	-9951
14	-1974
21	15272
14	4407
12	-4749
3	-1142
14	4718
14	2301
9	-13139
23	1030
14	-4916
1	1370
21	6756
30	4040
14	414
14	-10325
14	4006
18	-11219
1	-1159
1	-5191
14	3869
18	-9647
14	238
14	-13683
14	16412
22	2913
14	8356
14	8901
14	-2174
26	-7745
21	17032
14	-2081
14	-7317
18	-17333
8	-2908
29	3665
14	-2619
3	-9948
14	-342
14	1089
6	443
14	-661
3	-12604
21	-897
1	-11307
14	-13119
1	2232
18	-3555
21	-14019
14	-12397
14	12818
14	715
5	-2320
14	-11154
14	555
22	7249
7	-8370
14	1448
14	-2336
14	-5982
14	652
21	5449
1	12379
1	-5719
14	3437
10	-2993
14	-2567
21	-273
29	-8636
14	-5547
14	-509
29	10065
1	6934
14	-10493
4	1692
14	-15177
12	-1852
14	-12197
14	-11856
14	-12713
14	-13825
14	6134
14	4624
1	7155
22	1397
14	5696
21	-12118
18	-330
14	6191
14	8216
14	10915
1	-2055
14	1365
2	-4210
21	-6510
1	9126
26	426
14	-178
14	-2631
15	4576
1	-4573
7	-7116
29	-8595
14	-1414
1	9402
29	-6104
14	6473
14	-3400
10	-5945
14	4261
21	-6018
29	-13262
27	10138
14	-10608
14	-1223
14	-4940
14	304
14	26007
1	-15402
14	5765
12	-10847
14	-4538
14	-12429
14	-12196
14	-11448
14	-12400
14	-7186
14	3308
14	11254
14	-217
21	-3228
21	-5577
14	11928
21	8621
14	25362
14	7433
14	11289
14	-776
1	4868
7	2871
1	9783
3	-619
1	-4242
14	1590
14	-5907
14	-6114
14	8755
21	-4565
14	-7528
14	9257
1	-10261
14	3647
14	-244
1	-4227
27	798
14	-9319
1	9595
22	-10918
14	-5887
20	1699
30	-4999
1	28147
14	-5695
14	-12561
19	-5124
14	-6741
14	7000
14	-4893
14	-13740
1	1078
14	6034
14	-10685
14	15529
30	-9125
21	-5751
14	1007
1	1433
21	-5405
21	3752
14	9632
1	5305
10	-3735
21	1674
27	-4497
14	5448
21	-1869
14	-4292
14	625
14	-8827
14	16037
19	-4896
14	1873
14	2982
14	-8350
20	-9667
7	1733
21	2055
14	8024
14	-10583
17	2748
14	-891
26	6473
14	-6224
14	-2239
14	-3561
3	-1543
14	-15810
14	-14951
14	8408
14	5482
7	11352
14	2607
14	3277
14	8225
1	-7014
1	-13536
14	6486
14	-1157
29	2698
14	-6332
14	-13406
14	2199
21	5415
14	3441
7	-4492
29	9440
21	496
21	-1087
14	-11961
14	-6851
14	-66
20	-8245
7	-6289
14	-3913
14	-14327
14	-1373
18	4281
21	-6647
21	6749
14	2524
18	-8192
18	-12221
14	-14949
14	-6550
14	-2115
29	-11351
14	-4520
14	-13200
25	-15581
14	8531
14	9710
14	-13213
14	-1815
21	-8332
14	-13253
16	-7965
14	-7278
7	-7737
14	-4746
14	-2321
14	23084
12	21293
7	-8132
14	-2723
14	-8435
14	2405
14	5627
21	6187
14	-12594
30	-11360
14	-1827
2	-2113
14	-6673
14	6946
14	11269
14	6968
1	5385
21	21958
14	2452
30	-11337
14	9993
1	9260
14	-1902
20	1676
14	-11073
21	3575
18	21671
14	10047
7	3038
14	6505
14	2404
14	3493
14	8498
14	7713
14	7498
29	-16458
29	-20351
22	3041
23	-23234
14	-6572
1	-13012
16	-5193
14	8140
20	-12990
21	5373
14	-1615
3	-14271
14	-11467
14	-7970
14	-11193
10	569
14	6727
3	555
14	-1916
14	9793
25	-10986
12	-6401
14	8834
14	6179
14	-7680
14	-10685
21	10365
14	6412
29	2026
14	8376
14	7278
14	-12071
14	-1924
21	2740
17	3481
29	2477
14	15077
21	5741
14	-12245
14	-12496
21	2451
21	7590
21	-13674
1	7934
14	-7374
14	8567
20	-9068
14	-5506
14	3569
14	2106
21	-5966
7	-545
21	12003
14	981
18	-6761
7	8583
19	2587
22	-8435
14	4261
21	3346
12	4004
14	-2186
14	523
14	-7570
14	-5289
14	6469
14	13976
14	11512
14	-3188
14	-2066
14	3657
14	3801
14	-13779
14	8553
14	3774
14	809
1	-8987
14	11049
14	-8001
14	-7154
14	-16388
1	3661
29	-13033
7	-10301
14	-208
1	-2993
3	-18537
14	-5922
8	-16421
14	5652
14	1290
21	-8377
30	287
14	2510
26	-8346
27	-5783
18	-10223
14	-8479
21	-6919
19	-612
21	-9710
14	-5333
14	4537
14	2007
27	-2405
19	-3859
21	13194
14	47300
21	10434
1	163
14	6903
14	-5299
14	7828
19	1875
21	9471
14	5236
1	5351
29	-17825
1	-1655
14	5148
29	3267
14	-6770
15	1174
29	-6559
14	-1144
18	5652
14	975
14	2515
14	2636
14	349
14	720
14	9203
1	3217
18	-9480
14	-9750
14	-4184
18	-9091
3	4368
21	2403
14	-8452
14	2590
29	-5149
12	4507
14	-11816
14	-6285
14	-314
14	-5392
14	917
14	-5050
14	-1695
4	-14259
14	-608
14	1255
14	-11007
14	18110
20	9046
14	-1236
14	6372
14	14114
18	9816
21	26369
14	-1609
21	-8958
27	-2868
14	5971
21	-13540
14	17441
14	7068
1	8105
14	-2186
1	4038
14	12421
7	-683
14	-8445
21	375
14	6333
14	-1595
7	14729
7	1658
7	9321
14	10843
1	12261
11	19942
21	-2264
1	-10556
18	2028
13	-4706
21	1696
14	7433
26	-1708
14	1819
21	9085
14	-8901
14	4051
21	7446
26	25224
25	-275
14	-3698
21	-7743
1	4473
14	-1798
14	8012
14	-6456
11	-8170
14	949
27	8190
14	3161
21	-8768
1	14872
14	5289
14	-4004
14	-4539
14	28433
29	5293
14	5745
14	13464
21	6926
21	5395
1	18730
18	3476
14	9291
18	5844
7	2730
14	6531
14	-7397
1	-14210
14	2360
14	3528
21	6063
14	18061
12	-3023
21	-4333
30	-3134
14	-10231
21	-6413
17	-9680
21	-6435
14	3780
14	5867
14	3471
14	3662
21	5845
14	11855
30	-8380
1	-3158
14	10024
14	-3995
21	19125
21	-5623
13	-15591
14	135
14	-6649
14	3680
29	-19770
18	-83
4	-868
14	-10029
14	1005
1	5762
14	6268
14	-2362
14	6074
18	-2684
14	-4452
14	-1037
14	12436
20	6832
14	16974
14	-13071
29	-546
12	-4327
21	4006
14	5513
14	-6166
20	-4726
12	431
21	2585
14	-140
14	7638
25	-4694
14	-6959
29	4257
14	-7749
14	7280
14	8743
27	1609
29	-8606
8	-556
21	-496
14	-11747
14	-12843
12	13446
21	5038
14	22103
21	15094
17	19787
20	8428
29	9053
29	-3293
21	-15089
23	-14973
1	6874
14	-8172
29	7509
14	-12098
26	-9394
7	-4790
18	6370
14	3518
14	7715
14	6969
14	-9597
14	-3131
21	8039
3	-10948
14	8672
7	-3158
21	-6849
18	14199
20	-13402
1	-795
29	1692
29	5854
14	10246
18	-2723
1	2959
1	5777
21	5470
14	2927
21	9184
14	6380
19	-17863
3	-12694
21	-7037
14	-6723
27	-819
14	-9772
3	156
19	-9507
14	287
4	-8852
14	1504
30	-15323
14	-3513
14	4361
1	3851
14	-10364
29	738
3	10994
18	-14044
29	1067
1	724
14	-15004
14	-11908
29	1961
29	-3118
14	1014
29	-2131
20	9030
14	43396
14	-10765
14	521
1	3328
14	-3453
14	3093
27	4387
14	-14775
14	1817
14	8793
7	-6679
19	-7869
21	-5001
3	670
14	4728
26	-7210
14	-19531
21	1834
21	-14201
2	653
1	42355
14	-3095
22	254
14	-640
14	-3672
14	1229
14	-7513
26	-4574
21	-14194
14	-2695
20	-8594
14	14181
14	1576
21	13903
4	6729
14	-14566
20	-8165
12	3717
21	10299
2	-1625
1	-1379
29	-1890
7	-10610
28	-10338
14	-6257
14	-5586
30	-1428
3	7250
14	4004
14	-207
14	13848
14	2600
14	9220
1	10737
14	6640
14	-10979
14	15136
14	-9487
14	-3571
17	-8901
14	7460
11	-11420
14	10019
1	3691
1	-7840
14	-7403
21	34048
22	-599
14	6877
29	-20785
18	9427
29	-8761
21	-2198
14	-5555
14	743
1	13992
14	-6008
14	8705
7	-9588
14	-4035
14	2843
14	-9888
14	67787
14	6917
14	7022
1	8675
14	11892
14	14572
21	4822
14	10154
21	-8486
23	2463
14	6810
7	1631
1	6530
14	12434
21	9980
14	-4421
29	-9077
29	-3995
14	-3685
14	6905
14	-2411
14	-9475
14	629
20	4120
1	-1355
14	7933
14	8713
14	-8698
14	6053
15	2725
1	3792
21	9226
14	3627
14	-6778
29	-11104
14	206
14	2761
30	-2506
14	2101
7	-16092
21	5949
14	-8664
21	-388
14	2360
22	3780
14	31
21	3285
14	2000
29	-3251
14	-3514
1	-7667
14	968
14	-5187
14	39830
14	-2420
29	11398
7	-4848
7	10561
21	517
7	-794
14	-12572
14	7185
14	1771
1	-8179
1	-967
14	-9751
22	-7355
21	2015
18	42527
14	4747
14	-6251
14	-535
14	-6725
7	3762
3	-15754
14	2372
29	5460
14	243
26	-1043
14	21405
14	6030
14	-11250
14	-4278
7	8870
21	-4858
8	-3667
14	4740
18	-6141
7	-965
14	-6136
14	-3718
22	-9251
21	-9789
14	-5282
14	-5748
14	-10367
21	9067
14	-9869
1	-8108
14	-9073
14	-2441
1	-21994
14	459
14	-3168
1	-15471
22	-6191
14	-421
14	2733
29	1129
3	-211
26	-15981
14	-2677
14	-662
1	717
21	-8933
14	7441
19	-492
14	-3397
29	-9329
1	-13015
14	-9894
29	-2552
14	10892
14	6813
14	-1336
1	-2377
3	9404
4	-6023
27	-6041
14	7622
3	9775
14	-22371
21	-1350
1	-11609
14	-4031
14	-4738
14	-6060
14	5469
14	15100
14	6756
14	2605
18	-3567
14	-5499
22	-6618
18	-10546
29	-3186
1	7447
14	4716
10	3195
14	2779
11	9138
20	2501
14	-2605
14	-5293
21	7862
14	-622
14	-3162
14	2664
1	333
10	2006
25	6833
14	-15696
21	2119
26	-4038
14	-5342
14	-7389
29	7331
1	5954
3	-4425
14	-6446
7	-8122
7	6783
14	-12497
30	-6499
14	6149
14	2446
14	22
29	-4811
14	-18868
14	-163
21	-8968
14	23559
14	3194
14	6127
14	-12527
29	-12178
27	-12237
3	-398
14	-4700
14	17203
14	2682
29	-7559
21	-4762
14	-1469
1	-2068
2	-10982
14	15179
1	-5203
2	-3255
1	-8720
12	5789
21	1651
21	1656
12	-726
29	13867
14	13219
14	2523
14	8174
14	9652
11	-4340
1	-11581
29	-12
14	38171
21	-8023
14	272
14	-10734
21	-4671
21	4401
14	9234
29	-1956
14	13304
14	-12828
2	-6642
18	-8966
3	-5363
11	3937
14	10475
10	-12939
12	-4941
14	-3043
1	-13719
14	6431
14	6291
14	2646
14	802
14	4250
1	4902
14	8788
14	-8205
14	43
14	-8280
29	262
14	-2898
26	3321
14	6766
29	-2177
14	15765
12	20581
14	7538
14	-2174
29	8791
21	15230
29	-28
1	10799
25	-15413
14	-4419
18	2936
22	-724
14	-12524
14	-13360
1	-6113
14	-6771
21	10094
7	159
7	-12027
24	-10090
15	-5059
14	5241
21	8786
18	2722
4	-11965
23	-5596
12	-2276
1	-1472
21	5513
1	-8735
29	-12334
29	1614
1	-5088
14	9004
14	23326
21	8374
14	4939
1	-3539
14	-8505
29	1986
1	51364
14	-14257
22	-11566
14	6231
21	-23007
14	-11564
1	-5051
14	-7812
18	-1257
14	-18816
14	776
7	12524
14	-16415
21	6013
18	-7035
14	-8441
14	2479
14	-68
29	-1891
14	1918
19	-14957
22	6629
26	-11788
29	5483
21	854
21	56846
10	-1965
30	6117
14	-124
14	-309
14	3163
14	-4251
14	1170
14	-8954
22	12516
14	11218
3	1874
14	483
14	-7847
14	12495
7	-8911
30	-12381
14	-17968
14	-4446
7	-10636
14	-1896
30	2329
7	1769
14	4662
17	13318
14	-103
14	-6418
26	4370
1	-698
14	-3290
18	1757
14	10012
3	-3393
29	20248
14	2802
26	17673
14	6311
14	-6860
20	-6252
21	-10487
5	-8372
14	4196
14	-5005
3	-2305
14	5991
14	-1617
14	-6613
2	-2436
1	5788
14	-2863
14	-4737
29	7266
3	-7395
14	-9665
14	1221
7	7990
14	-3809
1	8421
14	-3016
1	3990
14	-11929
14	-14721
1	14481
8	13395
14	-2440
29	-4610
14	-4482
29	3757
29	4110
14	10334
1	-3483
14	214
14	5875
14	-12779
18	13369
14	-1694
14	-5097
14	-3002
14	-14528
14	2787
14	-8462
14	-9659
14	-15530
1	-3271
14	2463
18	-8286
18	565
21	11057
14	12394
14	2504
14	2250
14	-8848
10	2331
10	-14697
29	2130
14	9515
14	-8495
14	5402
7	10245
27	-8615
30	7818
8	-3355
14	-4476
26	-370
14	-9779
1	5002
14	5728
18	-9499
7	-15211
1	6983
8	2793
14	18672
14	3614
14	-3755
14	-3934
14	-12010
14	-3781
3	-2310
14	15174
14	2999
14	-4267
21	1484
14	-2850
14	-12038
14	-11084
14	1044
14	-11400
14	11739
14	-6175
27	1971
1	137
29	9632
22	178
14	-7745
1	9167
14	-12453
7	4958
14	-14853
1	-4124
14	-10869
7	5749
14	1581
14	2346
14	-7080
14	-3947
14	3838
7	14268
21	39416
1	-6640
21	-1585
14	-10448
7	5194
1	9359
1	-10464
14	2367
14	-5665
14	-5131
14	3209
7	-10991
26	45490
14	1988
21	7168
14	458
14	-8557
14	881
14	-10951
3	4515
14	-8030
14	6223
1	13950
1	-25876
14	-2948
21	10509
14	-1029
14	-194
14	2691
14	2154
14	-7059
14	-1153
29	5957
14	35316
14	-13414
21	-1510
14	5963
14	9254
1	-4531
1	-8053
29	6016
14	1192
14	-5666
14	5543
20	-9610
14	-6887
14	-15033
21	-3842
14	6645
14	-10341
1	-864
14	12637
14	7036
14	5338
14	-4702
14	1886
24	7727
14	-3563
14	92
3	-764
14	7060
12	-5703
21	-13830
29	-16174
14	12527
21	8368
7	1291
14	-4242
3	1807
14	-3835
27	-11621
20	10621
1	649
21	-405
14	17040
14	894
14	2517
21	-3036
14	5237
14	12490
14	3113
14	1018
14	9850
26	5785
14	-5796
14	-7962
23	-14281
21	-3180
14	-851
20	-555
27	14594
18	-1195
14	-1683
1	7137
27	-3805
7	-7712
1	-5944
14	-3827
7	-2572
14	-4854
20	-492
21	-4696
9	-710
14	-12910
10	4922
15	5355
14	5413
14	2224
14	11349
7	-3874
14	-3594
14	-9998
26	-8889
14	-10838
14	5948
14	-12164
14	18282
14	-3737
7	3984
21	-4957
14	1012
14	-1058
1	-2748
14	-8201
14	9715
14	-4736
19	-8892
14	17169
26	-2667
14	7096
14	-5376
18	2840
18	-1509
14	-7331
29	-12112
7	32659
3	-9234
1	2399
6	-9821
14	4904
10	-6319
14	10621
14	2757
14	5983
21	-7996
21	32894
14	2255
27	-2041
14	2184
14	10919
26	6141
29	-6540
29	1068
14	4341
25	-6549
21	42935
21	4058
21	-7258
14	-9324
14	-10302
21	1070
14	-5380
14	-4850
1	6617
20	-6351
17	2973
23	-9875
26	-10006
22	5118
14	-9214
21	-2529
3	1109
14	6232
14	20777
7	-426
14	14779
14	1619
19	-11634
4	2769
21	-5956
14	6875
30	16700
7	-14808
14	4494
20	-12984
14	4640
1	-2865
14	4827
11	-10162
27	3533
14	-1021
24	-7287
21	190
10	-12332
29	10855
24	-3227
1	443
18	26050
1	-2156
14	7169
21	22077
14	7292
14	8026
14	8720
14	-1579
21	11485
18	-9678
14	-11382
14	4739
3	-671
21	-5322
14	784
1	-9793
19	-1759
27	6336
14	-4692
7	5004
26	-4846
21	3750
14	17361
14	2786
14	10674
14	-5249
2	-15691
29	5496
14	-730
21	3604
14	-7324
14	-1962
1	-5289
14	-9069
29	6575
18	5029
14	1857
14	-8336
14	11086
18	2503
14	1355
14	6442
14	5442
20	-6331
21	5322
21	-7192
14	9942
14	21148
14	1453
14	-8166
14	-18277
14	8164
21	7836
14	-325
18	-7074
1	-1710
21	26963
29	-10207
22	-4258
14	1080
14	7751
21	-4029
14	-6004
25	-6811
27	-9673
3	-1649
7	3357
14	-1451
14	8994
14	4535
1	-17788
14	6327
8	-2059
29	7498
14	5217
27	2877
14	381
14	-13224
21	-7801
14	3083
14	6424
14	4083
18	-11523
14	10345
14	-9885
15	5016
14	5943
14	5221
2	-1041
14	1631
14	-7081
14	11217
7	7614
14	36518
14	1282
1	3353
14	-12342
8	-11032
14	-3702
7	8048
24	-4323
30	-13130
14	3967
18	-2481
14	-7539
14	-5963
14	7889
7	8472
14	8979
14	-1892
25	3173
21	11042
8	-1104
14	-10566
20	4026
21	-23957
1	-3333
14	1006
14	-4397
14	-10721
13	-10419
17	-341
7	-13594
29	11295
14	1292
1	6319
14	9735
14	-3743
14	12462
14	-8500
14	20004
29	9404
7	-16285
21	7655
14	-10474
19	-5175
25	-1179
21	1666
21	365
14	6713
22	-9039
14	-2546
3	1493
14	10963
14	-17213
20	6129
14	-251
14	-453
14	18544
14	-12590
14	3546
14	8450
20	6588
14	21029
29	-574
14	5219
14	-1520
18	11183
14	-3283
14	-2930
14	2766
14	-7632
14	28408
17	-7244
14	-8349
14	-4964
14	4127
14	9747
14	11378
30	13346
22	-8762
14	-11235
20	-6633
29	-11155
21	12705
14	14018
1	1790
14	-6584
14	3406
14	-3518
14	9740
8	4349
29	3809
21	15042
27	-2016
14	-11169
18	-1634
14	2890
3	3407
14	-10748
1	3475
14	-12976
26	-5621
14	-12030
14	10358
18	-10016
14	-8524
4	-8921
1	-13317
26	-1473
1	-353
21	105
9	-2988
14	-10058
20	2170
27	2869
21	2717
12	-10541
14	-800
1	-4575
14	-5606
14	-5310
9	-358
14	4006
9	1792
30	1094
30	-13816
14	-179
21	2787
1	-14214
25	-8732
14	-6506
14	7580
14	9052
14	-9385
14	-2994
1	-13320
14	-9550
14	-9577
26	-5021
14	-3142
21	-8919
14	-6019
1	6402
14	-817
14	-2864
14	-4247
21	623
14	7933
3	-9745
1	-3241
1	6801
3	-2843
30	-748
21	-6479
14	-6620
14	3705
27	-9719
14	-19058
14	6326
21	-8900
14	-6499
21	3647
21	6796
14	-4918
26	4384
7	5427
14	55911
14	1662
14	77
7	-5178
14	4542
21	-17459
29	11109
29	6725
14	-14598
21	-18922
14	-14134
14	-5322
10	-6018
4	-3412
1	6553
21	6469
29	5871
29	6186
2	-9789
2	2788
14	-3482
14	-3247
1	4670
7	-319
12	1398
1	-4688
7	-6757
3	9269
14	1309
29	5129
30	-7990
14	-6962
26	15363
12	6530
14	6199
14	-6485
7	-3489
7	6085
26	3761
21	3993
14	-5165
29	-1716
1	-706
14	16809
21	-3945
14	11671
1	-5021
14	7731
21	17109
29	235
14	-12666
1	3735
14	2098
20	5806
21	-1828
14	4796
14	9506
29	-10440
14	-93
21	1060
14	-7134
14	-3927
11	-3907
14	24218
18	-9824
21	-7580
3	-3787
21	4761
14	1654
14	-9567
14	4912
21	-4435
1	5162
14	3005
1	5002
11	-12528
1	-2091
14	-656
21	2790
29	-1995
3	2108
14	5715
1	-17484
14	13656
14	17201
14	-5019
21	-7767
14	6535
14	1456
14	-1710
29	-4455
14	10147
29	11139
29	5283
14	20139
3	-6049
20	-7972
14	-6052
14	5683
14	9223
18	-5944
14	4771
21	3307
1	5613
21	2878
7	-14737
8	-10046
1	-12408
11	-9944
1	-1832
14	-4226
23	-11519
14	4495
21	4752
26	-5877
14	-8158
14	-8343
14	5166
1	-11560
25	3136
14	-456
1	-4746
14	-1457
18	-14330
14	-4995
18	-5392
14	9093
21	280
14	-845
14	-754
18	-3202
10	1872
14	7743
14	3305
14	6217
14	-6945
14	-2089
14	4546
14	-10889
10	-8149
7	-288
29	-10500
7	-3830
14	-5285
7	-2131
1	10133
14	18431
18	968
1	19091
14	1457
1	-13489
21	6402
1	30253
14	-12863
21	-689
18	-6660
14	882
7	-5223
1	-4372
15	-11777
1	61189
11	-6939
30	-13127
14	-13321
14	5879
14	-5843
14	4493
14	-9950
15	-14692
14	-4609
3	11176
1	2227
24	44056
1	-9356
14	-6801
29	4312
18	4105
14	3886
14	177
14	-8604
14	-8588
15	-2806
21	7619
21	-6741
14	-4315
26	-6118
14	-5225
14	-17104
14	2067
1	7207
14	-2650
14	42177
14	-8561
14	-5240
14	-6705
21	5983
14	2092
26	11627
14	-1079
14	-9287
29	1869
14	-4836
14	-4196
29	-19228
1	788
14	-1201
14	-5153
17	2692
14	6737
14	-11187
7	171
14	619
7	-13743
14	-9084
21	16451
14	-14883
14	-5874
14	5935
1	7166
21	-7580
18	-10513
14	51888
3	-3746
14	-1430
21	7216
14	-963
14	7705
14	9794
1	2720
14	1012
14	-17342
14	2588
18	6642
14	-7451
21	-5493
14	-7860
14	4002
18	-17548
21	2684
7	2345
14	9596
14	-9786
14	459
14	-6658
14	4395
29	-16149
12	-749
14	-4900
14	7464
14	4524
7	-8164
1	210
1	4285
27	2494
14	2128
1	8343
21	-10797
14	118
21	-12310
14	2937
21	2558
14	1290
21	6820
14	1715
14	-6042
14	-1833
29	-13657
14	1147
14	-13881
1	-10131
14	2887
1	-11481
14	-10415
29	-17875
14	6260
18	4002
29	8057
18	-6737
21	-3358
18	-11161
1	8807
21	-16392
14	8455
14	-11107
7	11017
14	-17864
14	-4103
7	-7207
10	-10543
1	-5933
21	-1239
21	8944
14	8580
18	6097
14	2730
14	4487
21	8039
18	6005
14	-5494
21	-4564
1	-3293
20	-7449
18	-2689
14	-7096
21	3510
25	-3974
14	7345
10	-1007
14	1614
3	-7050
21	-82
14	6993
14	-8920
7	-4889
14	9944
14	4776
24	-11386
1	-1407
20	155
21	-9298
14	4240
1	-2811
14	-5879
14	-4404
14	6485
22	-1367
19	-11938
14	-1332
14	-1821
27	-6888
15	-1615
29	-4549
21	-16223
14	-1676
14	23107
14	-15086
21	66
26	8766
29	-3932
21	2710
21	8314
14	-8910
30	7817
21	6231
14	-12976
1	-2419
14	5959
14	-9541
14	5210
14	-5092
1	4096
14	8316
14	-10094
14	-13925
1	-14156
14	2239
7	28105
29	-11734
26	-13577
11	-5876
14	-1758
26	1168
14	2768
14	6466
14	-8618
14	2207
14	4652
14	-7325
21	-682
14	3777
14	-10381
14	-433
21	4551
14	-13938
2	-15947
18	10087
1	8590
14	2431
21	9131
14	4160
29	-10201
18	6898
14	-13506
7	4246
14	-8315
1	5914
1	3057
3	-13221
14	-3993
14	4921
7	3604
21	-13801
14	-7290
14	7524
14	-12048
21	-3424
20	7865
18	7563
14	8941
1	1755
14	6834
14	-8955
1	-7952
7	10894
14	5895
1	4129
14	5816
1	31019
14	7727
21	-1620
14	3756
14	-5241
14	11743
21	-9728
14	-215
14	16146
26	-395
7	5370
21	6400
14	8609
14	-11973
7	-7229
25	-17215
14	2125
14	-15489
7	-3370
14	-6007
14	1800
29	-5648
17	-2202
21	-3495
14	16980
18	7248
14	-12927
14	3156
1	-26
21	2032
14	8891
22	1678
1	3654
21	6895
14	6056
1	-1565
14	-456
27	10308
14	3397
14	-14053
14	3896
14	7541
18	8729
7	9154
10	-9304
21	-582
14	-4864
14	-8540
14	8334
14	-4527
14	16646
14	1115
21	-13297
22	3013
19	-5616
14	-2328
14	6589
14	11341
14	-6101
14	2119
14	8480
14	2489
25	-6672
21	-14479
14	-8144
29	-147
14	25119
21	5085
21	-12603
21	-10091
14	2905
14	980
29	8844
7	94
14	-5517
6	-9709
14	-6391
1	-1605
3	-376
15	3346
14	-9843
14	-4233
14	-3892
24	-20030
14	1225
14	-6202
20	-136
3	321
21	35670
14	15241
14	-7809
1	-6036
7	-5007
14	3176
1	-9867
18	-3115
24	-13570
14	-7776
14	9161
14	9013
7	-1526
14	-2637
14	1704
1	-8490
1	3208
7	9175
1	-3205
21	8492
22	583
14	9084
14	-5012
26	-13335
30	5244
27	-2659
7	-4106
21	-6751
14	-3003
3	-991
11	-11416
14	-1787
14	34621
14	-367
27	-283
1	-9744
14	7173
7	1057
14	-1371
1	-2290
7	-2584
14	903
14	5097
1	-2516
1	16636
7	-13665
14	-8443
14	-1650
29	-2381
14	-13107
14	562
29	7092
14	2867
1	-8329
21	2745
14	2372
1	6437
14	-2488
14	-6567
27	5104
4	3825
7	2711
30	-5495
14	28331
21	5402
21	3998
22	-5806
27	-2715
1	-7485
21	-12043
14	1721
2	-4069
14	4241
2	6678
14	7929
7	3511
1	-4713
14	-3022
14	2320
7	-518
14	-806
29	4202
22	5248
21	15861
4	-11382
21	1294
3	-9287
29	14079
1	-10615
14	7016
26	12517
7	2659
14	-7155
29	-908
14	-21978
1	1343
21	-8137
29	4141
26	-3580
7	-9451
14	17492
14	-8046
22	-10803
14	-6380
14	1547
21	-1132
14	-1671
21	-6766
17	-3736
29	-4420
1	6599
14	3191
1	5190
14	-5977
14	-4760
14	-2977
18	-8407
7	816
21	-9584
14	2976
14	45
14	-4272
14	3776
1	7196
23	-4074
14	27119
14	-13811
14	-1977
30	6264
14	2878
14	-13301
29	-3172
21	-1687
14	-13412
1	1740
18	2372
14	137
21	7770
1	-11618
20	-6214
14	-7144
9	-6321
14	2915
14	28842
1	-12142
21	2730
14	-7363
14	16616
21	-2320
21	-14856
29	-12097
11	-6984
1	1051
7	-277
14	-10991
14	6126
14	-2770
21	1683
14	3714
14	-2542
18	-116
14	1424
21	-2188
21	-11889
24	-11624
14	8156
14	-301
14	-8988
14	31217
14	15407
21	-5974
14	-7086
14	-9010
4	-1327
14	-22624
14	5429
7	10271
14	-2492
14	6386
1	-8854
23	667
14	-14568
14	-3692
12	-7265
14	-1855
14	-5744
14	557
21	6144
14	44059
14	4804
14	-24856
14	6460
21	7462
14	-9469
25	-227
14	-2425
14	-6279
14	-7487
14	-16384
19	-2752
14	40970
14	4667
14	51643
29	-11155
7	-12039
14	-9650
7	2134
14	10972
18	8195
3	-2771
21	-15129
14	18366
1	-8564
26	8462
3	-1427
21	4655
29	6463
14	6420
14	9062
18	4689
1	-11734
1	36734
14	-2125
14	8366
14	-6464
18	-12179
14	-3631
21	-18198
14	10484
14	4626
7	-11800
27	3968
14	31145
14	3428
18	-1540
14	5297
1	-6581
7	2779
14	9041
22	321
29	4969
14	-6315
22	3830
25	7503
14	-8141
14	3215
21	6346
14	-10288
30	-9264
14	-13321
17	1133
14	-253
1	-9495
14	-3474
14	14887
21	-2390
14	2684
8	-7763
14	7248
23	-6630
2	-16295
22	-2198
14	-1482
1	-4474
14	15990
1	11818
18	-25720
14	-12947
14	-17155
14	-12152
21	-5424
14	4478
14	-6802
14	703
14	4933
14	-7
21	10475
14	-6660
29	-12960
21	-14685
18	5137
20	-6396
1	-1938
14	-12820
14	7026
14	-6996
18	-2918
29	15039
14	8498
14	6692
14	5984
14	10055
1	8990
14	3349
1	4619
21	9495
7	2208
14	-18036
12	-11847
21	-6366
1	-10654
14	4761
21	-2821
21	1891
14	-324
14	490
14	-418
14	1248
14	2880
19	-10734
14	9795
20	197
14	-1721
14	-13042
30	6101
14	1680
14	-16652
14	9444
14	-13270
24	-4720
7	5361
14	3509
14	3679
18	-1623
21	-3286
8	-545
14	3106
1	-284
14	-11350
14	-1670
14	-13297
14	5587
14	-11548
29	-14680
14	-3148
14	25195
14	-2288
18	-11695
14	-4564
20	8267
25	-9610
1	-9260
5	-8176
24	-14507
15	-7969
30	-7634
14	10218
2	5542
14	-1510
25	-9868
25	6572
7	-2092
30	223
29	-8118
14	4969
29	9768
21	9636
14	7413
4	-6534
3	-21370
14	-2574
14	8181
1	-1680
3	6126
14	-5362
1	44055
14	5860
14	19559
14	7255
25	-7672
21	-7985
20	-13493
14	-10993
14	-9105
1	1955
29	13355
1	849
14	-7049
14	-14042
5	-804
14	16845
12	12247
14	-8884
14	-4374
26	-8638
14	8459
21	3958
1	6194
29	4809
14	-4336
18	10201
21	-6271
14	10573
10	5882
14	-8275
14	-15014
14	6187
14	19527
14	-13914
21	10118
14	-12324
21	-8637
14	-681
17	-19202
14	-18641
27	2681
21	-2866
29	-8087
7	1170
14	-9407
3	2385
14	16065
14	-6625
14	-4651
14	-12279
17	-10766
14	-7188
12	46034
1	13071
14	-13083
7	-3979
7	-17556
21	-73
14	-2902
14	-7051
14	-2924
20	1808
1	-150
14	3393
14	-1357
14	9576
14	2737
14	-4769
14	20587
21	-5122
14	7185
21	-10513
18	755
21	5335
10	-12573
14	306
21	-1081
20	-5028
14	3001
14	2197
1	-8490
14	-6852
21	-5200
21	382
14	-9293
14	-4370
21	-931
19	-5610
21	5938
14	-12495
14	-11402
21	1169
14	567
21	-4121
20	-9922
3	4121
14	-15818
10	1264
22	191
1	2984
21	12016
21	-9124
29	7318
18	-4960
11	898
14	-1615
14	2802
1	-231
14	2198
14	-3752
14	-2818
14	1877
29	-6018
8	-17056
1	-5525
30	22751
14	324
7	-1226
14	-12869
14	-5085
14	5206
14	2289
1	-1728
20	8616
14	24562
14	-7236
1	-6135
7	-2549
1	648
14	3965
10	-15015
20	-891
20	-747
1	-8776
10	-11539
21	-9119
18	-453
14	9804
14	1834
15	-6638
14	6595
21	-6670
14	7380
1	1552
1	-7020
14	2307
15	-3176
1	8428
14	7995
29	-10621
25	-19726
19	-3026
14	-7120
14	4387
14	12800
14	-9108
29	6215
14	1226
14	-995
29	12360
14	-7527
22	280
8	-5410
1	-2131
29	2389
3	6963
8	-7999
29	11519
21	4760
27	3287
14	-10428
19	-2216
14	4605
14	9435
14	-5741
1	8787
11	2215
29	-255
14	1453
1	-7100
14	3650
14	-14396
14	-668
18	5832
19	-4231
14	3486
1	-6308
29	-3087
1	-663
4	-13694
18	4472
14	-9428
14	5206
14	8992
14	-8195
21	-14875
14	-18927
17	-11347
14	781
14	3035
14	1874
14	10222
13	-11848
21	2613
21	2180
21	-13772
14	-6569
14	-6310
14	-10162
14	-13252
21	-10835
20	-11950
21	-5444
21	1093
7	-6142
20	10377
14	8235
1	1045
14	8579
27	3184
14	5232
14	-308
14	4568
2	-3525
14	3114
14	8496
14	6607
14	353
14	4451
14	2020
14	-9365
21	1917
14	-16442
14	-12250
21	7394
14	4082
14	-8447
14	9135
1	-3673
21	11531
14	11334
19	-5683
14	8673
14	-3630
10	-2021
14	873
29	2397
21	10464
6	-13864
14	-7394
14	467
1	-2030
14	5162
29	8502
1	-12501
14	597
7	-6952
3	2932
14	-14938
12	30828
3	2729
7	4415
14	-8389
21	1837
14	8320
20	-642
18	-2451
14	3970
1	11946
21	2343
3	-14114
14	-6157
23	-7122
21	-4942
14	2998
14	-1114
14	-7548
14	60316
14	4302
1	-2474
14	-8763
14	4942
15	-12368
21	313
14	-12673
14	1940
14	2882
14	19836
14	-7325
30	-5112
21	-7227
18	1076
14	8490
14	7219
21	-3630
3	-8550
14	-11744
10	-1900
21	-13615
14	25191
12	-4976
14	30895
18	2346
21	-8690
14	-6928
14	2531
14	6011
14	10264
1	-8202
21	1889
21	-11036
14	34323
22	-5941
18	19063
14	1828
21	-14019
29	21802
7	-13264
21	-7442
14	1151
20	-23319
14	2102
7	-6346
14	-4283
29	6271
14	-2360
14	-8821
14	552
14	-10047
14	5481
1	-4673
14	2127
21	-17831
1	-9500
18	5986
14	-7043
29	849
1	5895
1	18847
3	15963
14	7458
21	7083
14	-16062
1	-2400
1	-1305
20	-5468
7	-478
14	-2205
14	8176
14	8080
29	17510
1	-9063
14	16771
7	-12178
22	11882
1	36748
14	6551
21	-6032
14	-6918
14	7542
14	5254
14	198
7	32691
14	2064
21	-4812
14	5795
14	-6348
14	7654
6	1059
14	-6188
14	-5977
14	-3823
1	-12692
14	6571
7	10989
19	-11430
14	6305
21	8100
14	2999
18	20200
14	5108
29	-15483
26	3620
2	-17090
26	-7622
14	8274
1	-18288
14	1075
14	-5461
21	-4765
13	-8688
14	1826
18	-3906
14	8269
7	-14528
14	-7601
14	2288
14	-7454
14	-6204
1	-5861
14	4664
3	-1024
14	3239
9	-6259
14	7912
29	-11622
14	1018
29	1386
29	-2803
14	-1717
14	-11786
21	-19057
2	-21246
5	36296
14	-8258
20	10568
7	5671
29	-4769
14	3331
14	-7169
1	-4365
14	-11299
6	28062
21	-6739
1	3051
26	-13311
14	-15759
14	-9831
14	-6
14	-717
14	-9336
14	2696
21	8939
1	637
21	-10964
14	-15832
14	-3177
29	10190
14	-22849
26	-4079
14	4189
14	-23095
1	3973
21	-1534
14	-3001
14	5886
1	-6452
1	2346
20	731
14	-5663
29	8917
14	5727
20	-6275
14	16491
21	-10721
21	-3702
30	-8714
18	8840
20	6908
14	5905
14	-6028
14	5368
14	-7660
1	-10163
14	-13756
14	3450
14	4952
20	-8655
14	-11502
14	343
14	3411
14	-7363
27	-12412
14	4839
30	308
29	-614
21	3784
14	2685
14	13841
1	8076
14	5872
29	-12216
29	-7785
1	5084
29	-10733
14	-4633
15	-311
14	2633
14	4899
21	11478
1	1040
14	-9742
24	-16681
24	-801
14	-10324
19	-8001
1	-6084
21	10557
14	11172
29	-8358
12	1967
14	618
14	14517
29	-747
28	-16441
14	-13549
14	524
14	-4071
14	-2120
3	10212
14	3844
1	-11379
1	-15905
14	3054
30	-2477
5	8478
14	-1629
29	-6363
21	-6762
14	-2321
20	6425
21	5900
14	5147
14	8328
14	4933
1	1485
29	3
14	-9328
1	-4928
29	-270
29	-6008
30	-10585
14	-13925
14	57242
21	-7923
12	-3655
14	5739
18	-18606
19	-5246
21	3252
30	2539
29	5420
1	1707
14	-8181
29	10207
14	3877
14	-2987
14	10730
14	2510
14	-6316
14	-9924
14	3353
14	912
21	-12266
14	5375
1	-12724
30	6547
14	9397
10	-12066
29	40550
14	-6750
3	-6720
14	-9359
14	7531
14	6658
21	-12093
14	-6302
14	12426
1	5074
23	-402
21	5112
14	2041
14	7482
21	-4398
1	-15560
14	11336
14	-10082
30	-7320
21	5153
14	6990
21	26896
1	-368
30	59183
14	378
21	-1842
14	12221
20	-12205
14	-6873
3	32380
14	2121
1	-8685
14	-15298
1	1166
14	-6073
8	6565
7	-3348
14	15448
20	1034
14	-2514
1	-5868
29	1608
21	8443
14	-13304
14	5965
8	-4146
26	-1446
14	555
21	-7947
14	-5082
21	-14839
29	6835
14	-9817
27	-2763
21	11601
14	6077
21	-10213
21	-371
21	4723
14	-1745
14	-8283
14	15187
12	5590
21	2792
14	7086
1	-6437
21	810
14	-11863
14	8926
14	-5272
1	9647
14	-5874
14	-11337
4	6844
14	-5039
1	9112
18	-2141
14	10622
14	1024
21	5531
16	-18961
14	27758
14	13534
14	-119
18	1139
14	8593
14	-2557
14	-9049
4	-2036
14	-9274
14	6247
14	6901
14	7181
15	-761
19	-4950
29	9676
14	6200
29	4183
14	-17025
3	10278
14	-13893
14	-2911
29	-9236
14	-2591
15	-14940
14	2979
7	-623
14	-3004
21	4174
14	1138
1	-12842
14	10019
1	7384
14	9015
21	22841
1	-334
3	-8634
14	9922
14	-4138
25	-2303
14	-2615
4	-13200
14	3227
29	1449
21	5958
1	2323
14	-5946
4	42296
4	-12089
8	-6468
14	6934
14	-14597
21	781
14	1430
14	-3119
18	7030
14	-10912
14	-6095
22	-1319
14	-12063
21	-2281
20	8582
14	-9697
1	6974
5	3160
14	11878
1	-3674
24	3168
14	-7623
14	270
14	-2362
18	4743
14	47998
14	10812
15	-2344
3	-5993
3	-2039
1	-21024
14	-2249
14	-3417
14	4017
20	773
14	6799
21	5908
26	5829
21	8687
14	-9622
14	7622
16	-3516
14	-6366
7	7404
29	-11091
14	819
14	-1874
14	27500
14	-5961
20	5073
14	12867
17	-1670
14	9815
18	1213
21	4398
14	39060
14	8818
11	-3290
14	6736
17	4650
14	-834
29	59113
14	-3123
14	4814
14	-6774
21	-16503
20	5028
21	11561
14	-1897
7	-1750
21	-3492
14	6884
14	5121
14	8207
14	6673
14	725
21	-12879
26	1185
1	6218
18	-2362
14	5512
14	-2751
14	-6091
8	-3283
21	3905
26	-6377
15	-1405
14	10262
14	-3714
14	-2562
14	-15310
14	-20058
29	182
14	5611
14	1692
14	-266
14	-10053
1	-5504
21	8215
14	-6489
18	-9417
29	-6963
14	5930
14	-1634
7	-12460
14	-10738
21	7807
14	5335
18	-6146
14	13490
8	-7521
8	-15860
1	10814
26	-13345
21	1083
14	17353
14	5847
14	4251
2	-3877
29	-15045
19	794
1	9776
14	-744
7	16310
14	-11244
14	-8649
1	-11172
26	-1515
14	5388
29	6937
7	10464
7	1419
18	8566
12	-6816
21	-3220
21	29645
14	-925
14	-4511
14	-5437
14	-3855
14	-15995
14	-5321
18	-2018
1	2925
1	820
14	11041
10	-3044
9	-8008
14	6757
21	6929
20	-792
14	6611
18	6610
21	1419
24	6048
14	13489
14	27565
1	-8002
14	-4493
2	2177
14	1545
14	-5440
18	-18166
14	-13918
21	-7933
14	-7055
1	4366
29	15705
14	-7679
18	-10437
7	1473
21	7978
14	-766
8	-2640
14	2580
14	-3677
14	3128
3	9751
21	-382
14	5390
3	2773
3	1913
14	3494
14	6356
14	-1806
14	-1497
14	9967
1	-25415
11	4462
14	-9010
14	-1453
17	1201
14	-11643
1	526
14	-665
1	1050
14	4818
21	7315
14	8805
21	-10048
14	-2132
7	4150
14	-8116
4	-6678
7	8973
14	136
20	-7698
14	7324
25	-9007
1	-9687
14	-9913
14	8275
21	-1340
14	5231
1	-9209
1	10096
29	43194
21	3416
1	-6675
26	-7293
7	5553
18	-6802
14	-588
14	-9049
7	-1902
14	-9716
14	-9908
3	-9401
14	-10592
14	-9326
1	4465
3	7056
14	-4644
22	6027
14	-17589
14	-5732
21	7956
20	-11324
14	6145
21	3406
14	432
7	1894
3	-13293
14	3524
14	-4199
14	-9082
14	5212
14	-3242
14	2582
14	7104
14	13783
18	1564
4	-2331
1	58462
14	7759
1	-14107
14	10594
14	3315
14	2783
15	-8889
14	16423
14	3903
11	-2988
14	8134
14	9081
8	9155
14	-6776
14	7201
14	2019
21	-1075
14	-8030
7	-10504
14	-6833
20	2635
21	-12180
14	7555
14	467
14	3624
14	1010
29	-6998
22	-7610
14	7656
21	-3074
14	5484
14	8838
21	841
14	35750
14	-6924
14	-2221
21	-951
18	-1533
14	-7880
14	8952
14	-740
14	-2141
7	-9618
14	5870
3	-8396
14	-10230
8	1555
14	11148
21	6001
14	690
3	-12810
14	1951
18	-3100
14	5381
21	1550
29	-374
29	47848
20	3220
14	9076
29	-2663
14	-3401
27	-7634
3	-891
7	-4078
14	12723
21	-2171
14	-6011
14	-11151
14	3695
14	-3229
20	-14696
21	11144
14	-6602
14	5450
3	-4010
7	19505
14	7669
3	-16172
14	14208
1	-4399
14	-9539
14	-1641
14	-11814
14	7315
17	-3564
14	-10408
3	-134
29	3580
14	3874
21	4486
14	750
14	6557
7	10569
25	8613
14	-6571
20	938
14	-4867
21	-23606
21	4633
20	6623
14	10537
14	-417
3	2114
26	5485
11	-6889
14	-13786
21	28281
14	-10303
21	-15208
14	-6337
21	34453
14	7961
21	662
30	-8765
14	5732
16	-14876
21	20816
14	12814
1	-6902
14	3713
7	6995
14	-1880
24	-12825
14	-5343
7	-4202
21	-4562
14	2857
20	-8197
4	-5637
14	-2771
14	-5642
14	-6522
21	23931
14	10617
14	-9445
14	-8120
14	-13374
14	-3892
14	-1629
29	-3448
14	-6434
23	-7420
18	1368
14	148
21	-2375
25	-13114
25	688
19	-689
18	9802
15	3834
29	-8053
14	-8461
14	-10197
29	-7565
14	-9189
14	-62
14	17043
14	12938
14	-251
14	-5816
14	-259
7	6755
21	-14759
14	7752
14	6111
4	-3056
14	2204
14	6765
19	1531
14	-5348
14	-2924
14	-1036
7	2137
14	-9601
21	3504
14	-3054
8	-1650
14	-1904
25	-2155
14	-1953
18	659
14	-651
14	28807
21	20515
14	296
14	-3338
14	13577
7	3747
14	-517
14	4063
14	-14976
21	9798
14	11556
21	-7456
3	-5649
7	-10756
4	-1896
26	714
14	9330
14	-6466
14	5975
14	-993
14	-14413
14	-2582
