-14980	-12849
8085	-9967
-2932	-1998
890	-5060
-5493	7220
6197	-7173
-14129	1416
-414	-15
-17190	-9851
-7794	-7120
-9705	-1648
-184	-9643
11390	-7159
-16668	-4044
-5003	3624
15596	-4131
310	-2444
7767	-11418
-8192	-5511
-6365	-404
9588	-6761
-2378	-11345
-1175	10506
4580	-1766
6845	4890
12557	215
12461	-6583
-2542	-10623
-2173	-7807
-17370	-5526
-17447	-527
-2845	-4261
-11743	3992
1495	-3345
13233	-6903
14827	-3440
16290	9595
-17357	27717
-8917	564
-7113	-4640
17205	282
6443	-6422
11748	5848
-1839	4851
-9923	-2391
-4737	-8942
-10568	-549
-9872	-3630
5228	-4477
5587	2183
-8272	-8869
-7726	22789
-13138	-8435
-10913	-5291
14782	-836
19742	15183
-647	1907
-8410	352
21883	11027
-3206	-2141
-4453	-5615
-25	-4934
-15317	-7799
3067	-5239
8323	-6312
19795	31704
-11664	-3332
8934	1097
-13715	325
-13957	-8165
-10287	-10956
14495	-460
-4229	-770
-6511	-5698
19612	36765
-10977	-5894
-1454	11890
11669	-5198
-5824	-6369
-10194	-4036
2760	8262
14429	1387
13179	-208
-3839	-1487
2935	-3999
7801	-2823
-13638	-2848
12629	-4859
13279	-3728
-7590	-3982
7180	17426
9422	4139
-958	-1237
-12031	5946
12149	-2659
9555	-8361
1876	-3607
-14220	4557
14662	-5095
7797	-10754
6767	-14002
-1835	-5788
-14998	17749
7577	-1734
-4811	-1573
17198	5624
9146	-10003
8803	1225
-8397	1645
12294	-6431
14264	8641
8364	16912
9490	10849
784	-5817
20782	21107
-7136	-4080
-10314	-11427
-13182	18133
-3199	-9232
15526	5533
8473	759
3513	-8482
10530	-6899
-2037	-8294
11733	-1300
13680	7850
-4195	-6911
8274	13244
18593	9946
11748	-2491
-1395	4841
-9119	-2321
-8221	10018
11082	-1267
8198	-5998
-8341	5557
15688	3312
13354	-2618
-8853	-3500
176	-4360
-9435	-745
-10171	-1197
-5549	1931
-7860	274
-5417	11680
-4130	-7379
11122	-6973
-8746	-12678
-11796	-9435
6339	260
-6587	-1064
6062	-5348
-3996	-7296
-10085	-7270
4224	-4607
-2000	1754
-5945	6046
1346	-2971
-14908	-3201
-4097	-4267
2374	-6615
695	-8470
6246	-7349
-6647	1351
5979	4356
4242	20672
-13538	6272
-5814	322
12590	-6355
-6885	-3133
17717	583
-6168	-7947
-13821	-6828
-7396	-3936
-3032	945
13332	-2158
-3897	-4363
-3625	2807
-14398	7332
10880	2408
-7572	8065
-4987	-8119
14569	-3535
10339	-4386
-1125	18854
16910	13359
-3387	-6825
6301	-10719
2069	-179
9995	5318
-13543	-4849
-13272	3744
4774	-8970
-12470	3476
-11875	1558
-1128	1147
6467	-3727
7189	13609
-9916	1847
20316	10474
-5897	625
-11472	286
6782	5661
3491	8653
-3979	-167
-14060	10997
-3417	-6405
-9531	1681
615	-3087
-13028	12412
-14204	7330
-13660	601
-10240	-6971
10822	-5265
2477	-966
5662	-6741
-8135	23487
-1714	-11887
-2432	-4897
21489	12852
-11277	-7480
-8217	2769
16061	893
-10181	21028
14201	7714
5519	-2927
2815	-2628
8110	-5732
6288	-11408
3603	-4310
-13780	3657
-1627	-2123
-12502	4615
-10019	-2735
11817	683
9529	-950
-6029	-10137
9492	-2881
-4845	4040
-542	-2002
-2958	-8790
13087	-2498
-5408	-80
16216	2188
-2418	-4454
14511	96
-9193	-9516
-12866	-2863
11924	-303
-8599	-3320
4518	8080
-2332	10988
1754	8150
-6264	20576
10795	-1899
8251	-8327
15099	15764
-119	-8148
-16585	-7497
-10806	-1367
8809	-1240
-13238	-10634
4272	-14507
-9993	5363
3413	-1173
-6156	7534
-3803	-6976
-6922	-1811
12078	-3703
-11188	-10606
7844	-2029
-2453	-10314
-6296	-3115
-6605	-1049
17700	2829
11536	-5627
2056	1443
18116	781
14641	-353
-6052	7637
2932	3443
-7502	2095
13782	-3380
2360	-2420
-16177	-4733
-6260	-7508
17982	1790
-11336	-10263
-3150	-6792
-6103	22189
6152	-10214
2627	32934
5290	40474
-881	-4696
12387	-6187
5949	7417
1226	-1168
-1860	1277
8594	25519
-4219	-5190
-10329	-3155
-13570	1327
341	2723
1332	2699
-14382	255
5597	-6488
-6186	5139
-7591	-12411
11164	-2798
-1171	-2065
451	-1634
3353	-6063
3535	-5850
16918	5653
11640	-3404
-9502	5953
-2267	4691
-9399	-6367
17262	11568
-14540	15451
12445	1692
-14898	-2144
-1168	-834
465	-1130
-7183	-10269
166	-10231
11331	878
-8793	-8771
13379	-4443
-1559	502
-3687	-3776
-9419	3516
10726	-2576
-1927	-1564
3076	-6816
10842	8611
2767	-6049
8668	466
-9420	29749
-9945	-2507
8216	-1202
12259	-9301
352	17382
364	-11806
-13127	-8112
8428	3567
2288	4202
-9470	-4580
-7328	18948
-11442	25200
-968	-9189
16039	12228
-4301	-5442
-843	817
16383	4563
17706	5388
826	-138
3640	10421
9169	-5261
-7602	-4429
7406	-18
-14765	-2596
5226	6284
14719	-2467
16477	-2738
-936	640
11703	-8851
-3505	5898
10307	-1281
-13657	1782
-10752	12677
-15629	-5989
2515	-9830
14116	3154
-4605	2577
-10634	2771
-11944	13931
2890	2063
6186	10715
15233	-1725
-2205	-6183
-3832	-384
13150	-4631
11248	-4538
-15379	-2427
-6702	1006
-6356	6560
-12035	-7165
-8224	-4538
16423	-95
-3789	-3790
-1788	-1670
-16432	-2572
15405	-498
14801	-2708
631	-7243
-2734	5528
8685	-2894
-15864	-5874
3282	8421
-10404	-9114
-11033	1822
-5558	-4160
-5862	10742
11334	-9294
15949	-586
-13787	-2592
6438	-8303
7147	1192
9161	-5503
-5664	-10540
-4332	2964
-7526	-6666
7442	5261
-4795	533
7357	-3710
96	-3073
-9416	10712
-8954	3051
10496	1230
3173	-1691
7387	-6454
-3774	5745
-4497	1143
8230	-8536
-10233	-13198
-13555	3717
15834	-669
-14757	15241
-2548	5403
-11178	-4250
2113	-2536
-1535	-2879
4122	-14121
19461	3378
-4406	-6614
13339	-4469
-7087	-6136
3430	8284
8750	-1511
-2944	-5454
17449	3219
-256	-7213
-12521	-7178
-4955	-4791
2687	2462
-14441	-7671
916	-291
-10786	-8959
-5104	-206
-5338	-4022
-6142	-876
-4671	610
-15725	13007
-9926	-3000
1092	13522
-8268	-6545
-2700	-3359
-1887	-7312
718	26587
2806	-897
-14684	-2232
-8276	8097
-1991	-1028
-12277	-3967
-7218	-5145
2673	-12017
4955	-2371
9298	3791
-1217	-3985
14031	5901
-7568	-1460
-12154	-2775
7691	-1507
-482	7265
19104	20821
10640	-5272
12152	1352
831	-9706
12293	-3484
8671	-1049
6018	119
349	2283
-5762	-9458
-5291	-431
-5025	-7894
-12961	-1718
-4177	-5500
-12191	-6632
13602	8773
-15394	-8267
6901	-5595
-8668	-7180
-7449	-10840
355	-4702
-12764	17324
-5656	18829
11658	5931
1785	-6913
-8950	-2631
-3095	-7466
-15767	-3672
8186	15944
14575	12743
3557	6462
2290	-6363
1186	92
8930	-6367
-12797	-6249
-14680	-9858
-3859	-11827
8895	-7479
-7983	529
14471	2738
-3992	6608
-6015	-3752
-4813	5483
-6742	6639
5402	-3485
5650	-7908
-12762	-7944
-12724	-1173
-12548	-6196
16660	15197
-7062	-6472
9547	11607
-15012	-8053
-155	19628
13891	13014
-501	-4368
14264	-3485
479	10350
13996	2854
-1165	-1549
2620	-3435
-11975	-582
-10535	5174
-4815	-12255
9482	-6340
9903	-8202
1188	7350
5093	-268
15055	1069
-11440	-9376
4054	11629
-6263	-5479
-13889	71
18048	38002
17612	10270
-6286	-7712
-13367	-5788
6563	-3046
3744	-4085
-10331	-2149
-3355	-3359
-12639	7708
-14265	-4982
5347	-10327
-9535	8391
10140	11349
-15118	-10116
-9600	5299
-7696	-8592
-5115	8521
6048	-6426
-8575	-1005
-12719	-7272
-7577	-210
-13841	893
-10343	4269
11096	-1498
15960	15851
13111	5444
12884	271
-7617	11681
16936	2961
14297	2379
-14138	5152
9104	-6812
-13603	-10097
10926	3436
11011	-2826
-12713	-4183
-14390	-5257
13239	3031
7422	-9081
-11536	-3841
-3578	-2553
14774	-464
9223	-5573
-11518	379
5365	4977
-13751	-4847
-5334	-11136
16715	5533
-6861	-4987
6965	-8174
567	12550
-13128	-9567
15668	-889
11880	-8613
6648	-10577
3608	5219
4938	15053
-209	813
-12407	-6825
-3645	6380
16796	2838
-660	385
15801	808
-8732	-4864
-15147	-10453
-13234	35401
-4171	-759
-12669	-6589
-16791	-6067
8635	7628
19021	17829
12330	-7464
-7452	1740
7735	-5839
3365	4654
-9711	-10738
-4656	10030
-12566	-4702
2924	6692
6982	-4849
18270	12363
-407	17894
-1215	13128
3160	-9449
7099	-4802
-18331	-3028
7856	-2196
14870	-2048
-12275	12334
-13875	-7148
-18402	-3175
-9048	-7911
3459	-522
12647	-4578
-7218	-2404
-11343	-4451
9406	28837
13506	12093
-15201	-5345
-5185	5163
13584	-1860
8087	-3024
-9547	-5590
-645	3569
14619	-2223
1063	-4282
-3162	27338
9902	-5415
13176	8544
9919	-7776
11233	10672
-1556	-3522
-7267	-48
13157	-5925
11126	-2991
7474	6603
1091	5106
-1749	-626
-9584	-10960
-7878	-1450
2075	4350
-10270	5683
-7880	806
15231	11894
11587	1577
-7710	-8605
-10707	-3529
-10344	-3641
12513	-9613
9645	-3193
19903	9161
-6333	-5661
8632	-1927
14751	-6251
-11084	-7252
-3838	-4171
13039	-8161
1417	-3350
16674	7907
15275	100
129	821
-15904	11020
-12159	5536
3615	-3519
3847	2907
-5055	-2500
-8296	-5853
8300	8481
-1951	4162
3646	-5965
-1427	2494
12910	-1989
-5	-4037
-11706	890
-7758	-8068
16729	21127
11373	-5873
-14338	81
970	-5399
-2615	-217
5636	3301
11355	-5077
12430	-2816
-3411	-2729
-9322	6486
-12183	-4003
-14653	2613
-10869	-4803
15210	44
-2845	716
-6381	270
-3556	-6286
-6334	7721
15521	11717
12114	-6520
-1968	10558
6256	-7652
-11234	-6717
-10998	-6986
-7794	11024
11651	-4730
-3794	2082
18470	10108
15062	-1785
-6651	3450
-7140	-6424
3272	-8733
17229	3744
10463	4242
829	-5705
-7039	5138
-8447	-1864
-191	-6807
-7062	2019
-809	-4793
-4219	36349
-10990	1870
-7484	-6712
-11900	6279
14623	-4131
-9546	-4669
-6526	-336
14369	7192
-5676	7794
15498	8048
13899	-5683
-9058	7482
-4034	-496
-11018	-1990
1708	-1380
11385	-4107
2789	-8756
9077	-7519
-9750	17647
-5343	-3546
11569	-5812
4388	6427
1179	1853
-13445	-6205
-516	1325
5338	-3478
-11865	480
11992	-2178
1368	-9676
-4544	-4456
11993	-4693
-205	-4182
-5646	104
13502	3999
7446	-4959
-2698	-5263
-15301	-13091
-3288	-7393
-6705	5736
6937	-12848
-3759	-4019
18659	13506
-10528	-3200
-10801	3569
1376	-5837
-4501	2309
-12710	-7986
-6322	1969
-4969	-4210
-15374	-7434
-21877	-1209
10580	-1280
-16672	-12549
-3926	5775
-2409	-2857
-822	20664
10856	-5996
-14043	726
-7383	-3852
-356	7919
10522	-6501
-15861	-6360
-3337	-698
-8698	-9934
-1695	-12457
-1611	-5104
-4716	-531
-14428	-3580
4432	-14271
19367	6186
-5446	2588
-12815	4886
-5194	-4865
8768	-5085
-3081	-4110
-10019	-3674
-7174	-4636
-7721	18983
-16312	-2581
13384	-3126
657	6101
8994	-5723
-2425	-5655
-6309	5299
-10511	172
-3014	-426
8055	13723
2195	-3525
-6076	-7461
-1719	-5252
-6177	5392
8028	-6261
-799	1174
-5984	1196
-9109	-1450
9213	-2331
-12417	529
-3651	-8405
16859	-2354
-7429	-12587
-2369	-6745
-8433	-3600
2743	-4821
-9744	5249
-1732	5085
-18660	-4823
10947	-7034
-5828	-452
7028	-2102
-12663	2607
-2143	-8984
-8144	-4956
-11987	-9930
-11128	-12178
13549	-5625
-2513	11274
-9585	-6491
616	-5134
9565	7427
-8122	-4902
16771	4871
-5294	-3661
4337	10916
15485	-695
-11864	-10772
-10273	-4360
2671	2277
11143	-9640
12962	7024
-4198	-2551
15751	-2110
-2673	8719
-12579	-456
-13270	-1815
-10863	3351
-13430	-7964
-13132	-7490
-12724	-3472
14778	-4408
-8680	-6478
-1077	-6824
-5982	-1505
4939	-292
2078	-3775
-9002	-4232
-12031	-5338
14804	-1120
-169	2957
-10191	-3866
12068	-8261
3463	2110
-6175	833
7975	9137
16049	1235
-12281	-5473
-12059	-5171
3327	8403
-14690	-2954
-13432	-8221
-3420	16328
4532	9066
22336	18422
-7511	-2855
8706	-6431
13703	12812
7299	-11821
17176	83
-9536	-5205
7603	7573
4415	-4222
-10626	-957
-13304	-5211
-6922	-10443
5445	21572
-9622	-4599
-5069	-4799
528	-1707
-6168	-2974
9016	-6174
-19326	-8719
-18737	-3938
-4144	11954
-8361	11866
3995	6239
-16736	-2963
-4842	5252
-10770	2606
-12026	-6423
-9185	-9054
12887	-1568
-7223	5775
-11004	1378
-5762	-2504
-3198	-7945
-5654	5856
-4933	1373
15792	3854
-8402	-5911
979	-2700
16800	833
-13069	-6519
15671	-2199
-15074	-6411
324	-596
15842	-449
-17549	427
2468	-4906
5779	-7593
-2412	-1722
-13164	-5199
-3580	-928
18169	14902
4100	-4300
-2640	-6138
13304	-6595
7553	-8665
71	69
20572	24955
-5632	484
-6125	-2670
-9900	-2326
11771	-3922
4601	-3939
8981	-1
-13462	-10731
-4520	398
-1978	-7225
-5268	-1270
4945	-2985
-2376	-4790
15134	-51
-4500	-3796
10330	2739
9924	4006
-1120	1978
4718	1165
5443	-3937
12294	-3467
3667	-5839
1798	-3403
492	-6235
14828	-2255
-13801	-283
3412	2687
-14749	-8099
-6116	8443
-4346	-9606
-1418	-145
399	-10269
-5560	-2473
144	-3483
13536	-3358
-7534	-50
-8472	5866
7097	-5184
-2380	4820
13320	18040
8116	5068
2396	-3943
10928	-3785
-12714	-1735
15484	2421
-10656	-5149
6966	-13557
-11962	74
-8277	-4812
-3783	3329
-10858	1173
7869	2752
-662	-637
-7677	-10324
-7461	3635
16795	4547
-6093	-10517
185	-1349
-7246	-3438
8289	22344
-3398	-7756
-1123	-315
-11335	-3049
4459	-1761
16846	15738
-15878	985
-10629	-7605
-10591	-13145
-5258	6204
14748	11630
-5220	-863
-15601	-3925
-2130	-4040
-9013	-666
-13620	4217
-9248	-10957
17833	2611
-7692	4442
2294	-5362
9131	-4473
8350	-8065
10597	-4523
10253	2074
3373	1929
5594	10052
-939	21843
-2066	11356
10961	-1654
-9800	-6031
12096	-5035
7704	22606
7452	-11953
8936	19436
2679	2168
-7766	925
-6402	2063
-1631	-260
-2402	-7192
-8834	-767
11792	28781
-5248	12978
-6559	-4056
15381	-97
-5667	-5484
-10185	-2280
22438	19706
7939	-7051
-12477	5774
6289	3763
-15413	-5565
7290	-5548
4456	-5706
-8576	1168
974	-5170
-2082	2437
11717	-5805
5025	-3106
2634	-4377
-12213	13538
-10164	-9399
-553	-1842
-7993	14816
-10778	3049
-5463	-5257
-11193	-12361
17234	6059
10807	-895
19602	7804
-8311	12399
10997	-6073
-3310	-3680
-5049	23739
11098	-4873
-8369	5412
23618	38853
-3130	-3024
-12160	-4611
4877	-7303
82	3728
2362	-680
13101	2971
5237	-4753
-5983	-3674
275	-6492
-9130	10001
-4509	1433
7168	-9520
-4235	17183
422	-10580
-960	2792
-8750	-4716
5190	-14470
-3286	-1894
-8430	10675
-7654	-7248
3232	17034
-6584	-878
-4153	-3930
-18447	-7130
2258	-665
17522	1311
-16051	-8077
-2519	-6927
-8688	10874
-7135	-6091
-5955	-2192
-9813	847
568	21472
-3214	4522
-12058	-1094
-10536	1506
10561	-9094
-8400	-4965
-10953	2143
-10722	307
15212	-1228
7918	-2558
-13121	5916
-4240	15454
-15520	-7795
-12265	-5398
-19989	-1242
-845	-5403
-6956	-7239
-8366	-4391
3801	-2290
-3365	2801
8400	-2130
14409	-1843
-8358	-6474
-206	-7490
-14321	-12349
13616	-4529
11671	-7451
-3456	-4088
-7142	125
-3918	-3805
12616	-3936
10965	895
3206	-4067
-7692	14565
15482	-6648
4054	21900
6015	16052
1326	-2218
-1902	-2512
-15061	546
-19653	-7047
4656	4236
-11857	-5627
14903	1213
4909	3372
7355	-1394
3334	-716
-1501	-6483
-1338	12932
13655	-5603
18274	8175
-796	-3607
15199	-996
5999	15682
-3835	-5500
-2259	20633
16612	4806
8430	11724
5540	3273
-14677	8062
-6805	-4156
536	-3225
12340	-3784
12834	-1934
-12166	-3911
15324	3703
8461	-9548
8849	-7095
10536	5405
-6802	15058
-5427	-7898
17111	3259
9550	7896
-5664	929
-12321	-5806
11422	16547
-10333	5482
-8993	-6476
-2296	-4253
3510	-10809
-5205	13164
7000	-2843
9381	-9009
8818	-7301
14536	-2234
-10151	-6030
-7371	5473
2596	-7521
158	-2325
4246	-1013
13723	11176
-4817	-12362
3445	8175
-6497	-8223
795	2684
-9731	-8060
15543	1954
-49	11943
-11588	-7496
-9762	-2750
-4868	-4716
-13015	-760
16072	-136
13609	5068
-10411	-3915
-9059	-3049
13002	2913
-11896	-3411
12992	-1018
779	-7634
49	-3570
-13480	-8167
-6496	-11640
-13273	-6199
6825	7049
-3037	9354
10997	511
-8537	-1857
7938	6627
-1736	9252
12000	-3425
13843	-1075
-5516	-10402
7085	-9395
11863	-50
-11129	-3536
1101	11391
4084	-5559
12386	3129
-10910	-1323
-9604	-7639
-3753	-6261
-12229	-4245
-929	-2670
-7929	4182
-11595	-5810
-8002	13214
9136	-10765
-331	2197
9505	-7837
6827	-7397
-11342	-4015
-5358	19858
-5844	8467
-11723	83
-8693	-3717
7842	-12395
-2670	-2825
13143	-1666
-4887	-6788
15027	-2163
-1971	3519
12354	-7378
-569	-2416
12860	-377
2622	-2814
-9943	-4422
-9962	-4902
-10671	-7072
3869	8151
6455	-137
11249	2558
-2832	8046
-2960	3195
-1985	-5708
-11101	-1418
15947	3427
-15018	1975
-3144	10187
-12035	-11443
11704	-534
-9035	372
-12782	17786
-1427	2992
-4273	-3836
-10816	-1875
-2595	-7415
-10308	7978
9719	-6363
12476	-3635
-9738	-2115
-13218	8835
10550	-2885
19191	4624
2618	-16149
-6113	-8303
-8107	-4785
18294	9712
4950	3296
2029	-16
3857	5456
5805	-401
-3171	-5711
-18743	-9503
10220	-4199
-12359	909
14029	3352
-5299	-7550
-6407	-2287
15100	1774
-2654	-2822
26260	28361
-5082	2276
-670	5833
10835	-10603
-1971	-5106
11094	-2748
-12106	-295
-12353	-3013
-18623	-5612
13267	286
-14890	-6385
-11567	9285
-9155	-2608
13028	-1793
3955	822
-11115	-1476
17402	3172
4430	-10042
-3960	-9281
16042	5225
-1730	14794
-6718	-1218
-7706	1397
-17918	4893
-1606	999
-3283	-5072
-5663	6846
2810	5861
14650	6536
-11867	-9935
10407	-4824
-16463	8288
-14215	-4808
12834	-7499
14507	-309
1045	-5110
6465	15505
6856	-11347
-2986	-12937
12252	-3643
-14164	2149
15257	-306
15502	6312
9191	-5210
-13826	-8795
-8613	-7909
6138	-1281
94	-4083
-13528	-5870
12801	9095
7614	15898
-1995	-3763
-2318	14869
11059	3996
-8221	-7267
1880	-4317
12897	-2555
6917	-3750
-4910	-3151
11597	-6559
11918	-636
12146	-4457
12469	6141
2921	-3510
-10475	4999
9488	-7734
4661	8859
-3684	307
-1055	-175
848	-1851
2811	5901
-2310	-3664
-1507	-426
-5594	-1690
3169	-6214
-6894	331
-10772	-2318
-8689	-5765
-7122	-274
-11454	-2515
-3751	-3835
-2630	15191
-778	-6277
-9428	-4194
10331	-4024
10379	-3723
10121	7926
-4308	-902
12338	7167
-9780	-8720
-14689	-2621
15283	-507
-11873	-7851
9308	281
-3678	14979
-6755	4203
-9341	5166
-6987	2424
-490	-5474
-10252	1718
21488	8142
-113	-6069
21647	14264
-20106	-4151
-7830	8991
-11484	-2744
-4975	9341
-5694	-440
-8666	-8576
-4496	1910
2972	1018
4272	-6780
-15887	-8775
9012	-4247
1641	1087
2750	-9402
-3927	-6228
-6450	-4518
3138	-8108
22230	20803
-5356	9009
17300	2393
8070	-6848
398	7938
3299	761
12358	-937
-16974	-7908
10559	-6190
-1091	837
13537	-2663
-9105	-3435
20287	12589
-923	5236
13197	-3350
-4674	1507
9974	-8393
-12260	17592
-5975	9508
-6833	1997
10391	630
-10076	-10752
9912	-888
7839	3125
-12581	-1271
-14008	-4548
13113	-1279
-7673	-6598
-6589	-1367
-10189	-3057
-711	15704
-7585	-1216
-12597	-7586
10546	24274
-5089	19254
-522	-8068
-9003	-2397
3036	9303
13171	592
-6256	-381
7263	-8759
-8724	-5612
-5961	17144
-2700	-4911
-4887	22147
830	4514
-2858	-6910
15475	1363
-6582	2551
-17164	-6077
1564	9956
6355	-11831
-12006	8576
-12542	-7329
-10592	2254
-1284	-112
-7989	-8000
9371	-349
7793	-4755
-1616	-6934
14013	2094
12677	202
553	6541
-12202	-5255
15291	-357
9101	-2913
9801	-4790
-6163	13991
11579	5525
6622	-3393
-9141	-8974
13691	6170
15281	-2546
-14124	4927
-4302	-1287
-14699	5337
263	2242
18217	2534
15607	8850
-11411	-4819
11075	-8452
-6795	-5795
-7615	59448
-11991	-3251
4116	-6423
18246	12681
-10131	-3207
-15669	-8361
5565	-5711
11437	-4744
4050	-8436
12554	1830
-15043	-12512
-13715	-9087
-10693	-1052
4153	-6129
8644	-9591
-7052	-4566
2181	10125
-15588	10820
15403	3554
-2498	-21146
15291	-1734
12379	-756
2733	8938
-14534	-3394
16716	1698
-3596	738
-11062	504
-2051	9463
-12276	-1658
-3009	-1395
9178	-8315
-15214	-11010
-8257	-2102
12260	-1220
-3192	-10224
-7346	-1264
10253	-1356
20349	28781
13583	-1641
-5353	-4098
15148	-1149
21150	19380
12246	-4390
-8794	3783
11758	-7034
19672	8466
17801	4674
9178	-7553
19633	3924
10703	-7884
11134	-4315
-12266	-13000
1953	6529
3944	-6134
-6741	-2541
-8861	-1527
-3530	29882
1164	11008
-4176	-3847
11815	-5841
2538	-5284
1258	-7908
445	-1483
-4959	1269
-7077	17240
12213	17201
-7987	-4372
-110	-6246
2701	-3249
-12455	-9906
-8899	-9182
-9675	-5001
-14026	5479
15848	4263
13371	-4757
886	1855
-11781	-782
-7575	-4934
11494	-1530
-3818	-6930
11272	4058
3369	-1022
10259	-7490
-9085	-69
-2397	-4451
14962	-2922
-922	-8092
6148	-9906
-14811	146
4277	2259
5233	-3821
-8654	-2494
-9834	-410
-8077	-7956
-1279	-3787
-6588	-5433
15908	13444
-4180	2095
17308	-483
-5001	1133
-7627	8783
4752	8166
9614	-1014
-11138	-650
15386	-127
-10326	-10174
18610	16654
-11462	-4564
179	12946
-9477	3026
-13484	-7793
-729	3537
-10181	4167
-8281	-4852
-7656	10274
3293	-8938
-24867	-11717
7897	-7150
-3198	-3546
15920	-4168
5059	1492
-6932	-1497
6312	23460
12313	-1973
630	13968
9364	2695
9544	-8949
-5915	-5631
8502	2301
-10144	-3764
11609	25721
-13757	-3858
-10954	-702
-10273	-6947
11330	-1085
-320	4249
-9813	-8712
10815	7973
-5003	-4977
-16086	15651
-3324	6166
-7258	-4686
-161	-4941
-8178	-5918
8851	-4459
-3030	5323
-11277	7261
-10941	469
-2154	-219
-10166	14777
760	-5453
10394	-6142
-13094	-766
16714	11280
-4149	3418
-1918	-2386
-6315	126
-3345	-6752
-8770	14755
-6899	541
9979	2266
-13347	294
-9955	20168
-5432	-7526
-7927	-1593
-17589	-5327
8027	-2974
-4139	-10528
-17726	-1518
5553	-11569
-4624	-1643
-1750	-7414
-12527	-2288
-3111	10483
18033	2073
15570	23561
-11675	3602
491	1571
2034	-1335
-13763	20817
-4847	10614
20	-8107
9622	4237
-5547	909
12929	1501
8908	14059
-14973	1462
-7054	-4532
-11314	-1900
12460	-7835
-8831	33951
-775	-7161
14681	-2409
3584	2090
-11997	3823
1780	10631
-1352	-6398
13009	-3699
-10284	-4042
9751	2587
20172	12157
3179	3035
-9593	-2648
3344	-1375
-6024	4007
-8767	2023
-9952	4772
234	221
10681	-4924
-7056	1682
235	-5615
15565	5022
18131	3006
16138	-2897
-10864	-7144
-6498	-593
-9992	-526
-2295	-9088
-1095	4673
3381	-9260
5227	-5523
-9315	-8282
7774	-9605
-5015	-7639
-4764	-164
-11765	-9409
6978	-7586
-11474	-7999
-5358	-6553
8652	-9135
-10113	-7396
-14404	-5859
684	4973
19518	5846
10518	-7888
-8974	-5885
15981	-753
9567	8322
-8398	-7808
21929	15312
5055	18944
9774	-5812
16461	2195
-13848	-3609
-3177	-6636
-8847	2225
13658	2384
1313	-7232
-3311	-769
-8223	-6924
10198	-9390
-10215	2458
-11683	-8319
-1984	-2685
-14148	-10578
9029	6928
-8911	833
14002	12967
-11921	-9396
17609	3287
-7753	-7717
-3639	-18672
2883	5626
-13994	-7499
13878	562
-9581	-9538
8382	-4376
12977	2339
-8320	-7322
-9252	-6221
-53	-4019
-7348	14298
5607	2076
-8870	3995
-4930	-5855
7838	-9247
-17286	-4989
-14404	16757
1952	-2651
9029	-4804
-14231	-370
-2894	-385
12461	-5304
9561	-6638
-163	-5291
20177	17811
14355	13449
12301	-4544
-8870	-7635
-6135	2075
-2585	-3184
13088	2000
16228	3871
1042	110
-10406	-10086
-11716	-5572
2629	-7934
-5657	-8816
-1364	-760
-8259	-2957
-15086	8719
-9249	-5474
-724	6125
-9121	-15306
-3100	976
16626	7357
-2775	-10460
-5154	-885
-1169	-3691
-6181	-6115
7043	-4171
-8587	-2923
-12491	9805
13863	-6552
11097	-4243
6150	-1634
-5146	-7336
7415	-4461
-3334	-4212
-5756	-6838
12917	-799
10020	-144
2847	-8051
4458	-584
20125	18545
-805	6943
-10073	-5088
10910	5317
22223	24212
-7866	-2328
10585	-5871
8864	-12086
-3032	-1562
-472	-5673
-12221	-13631
-8741	2187
-7837	6002
13302	-3001
201	-4561
15872	8733
-12120	-6464
12184	2836
6810	-3511
11164	2562
-6207	-3843
800	-2717
-16060	-6499
5573	-5341
-5042	-2997
9896	-95
-3557	17558
16264	284
10315	-3222
20302	10895
3744	-8054
-9786	-2266
-19370	-3003
10936	-3379
16263	5376
13775	-1635
-8076	13090
-7432	-6450
3695	-4768
5377	-2815
16338	4985
13603	-6958
-17489	-6696
-2390	-2422
-10749	-2556
-402	2737
17161	1536
15502	2104
1385	-6253
-3761	-763
-5203	389
-4169	3879
-17777	-3426
12882	4630
6965	-4807
15400	3132
-3915	-8427
1152	-5468
7115	1269
15184	19737
-10712	-6825
11002	-10412
-4539	-5561
11290	-7730
-11506	4590
27961	59047
5185	2461
2722	16965
6627	12279
-10735	-8716
1014	-4191
-14918	-4496
-9506	-3963
-16074	-3379
5288	4069
-15335	-7572
18002	1441
10818	235
-2824	-5679
13439	11621
-2341	-7033
-2610	-9725
-8909	-1051
2286	-7765
7458	-5185
14396	2796
-13955	-12516
-6611	10244
-14462	4550
12570	-4706
-3023	-3818
10202	-2864
13863	-1908
-5355	10692
833	-3395
14669	3027
-9871	-5171
-12321	-7756
14156	15195
11910	-8436
3334	-4569
-9319	17981
10844	7992
4352	-436
-1286	18640
-16957	-3416
12979	-3076
-14439	-7496
-13111	-8756
-9085	26434
-4140	-1928
-7694	-4396
-852	-4522
14773	-2075
10360	-7918
-14664	-9446
16923	2509
-15655	-7945
-4447	-3737
5767	-6277
-2626	-4135
-2272	3948
-11266	-300
-6678	-6462
-2417	-9398
-12443	-9150
-8520	-3264
13423	3047
6312	7377
-5483	-3636
-1988	-5602
3557	1022
-13011	6899
-6052	-2603
-16623	-16782
18654	712
-14249	842
-386	-456
14521	-2064
-12931	-4110
-8984	17472
4803	-71
14301	231
-7956	4830
2515	11104
-545	-2654
-13298	-3477
11145	-6142
7750	3007
7580	1388
9296	1928
2556	-5548
-4206	-6622
13991	8366
-7769	-3569
11044	-7747
-9575	2051
-9687	-662
-7001	-6476
-3980	-2723
8704	-2569
-5279	-1509
-2995	5159
-7380	-9867
13607	-127
5615	-2354
8309	-1260
-6237	-5636
-891	2805
13465	-2679
-280	-1685
-6873	-3783
-4292	-244
14876	13642
-6406	1691
-7207	-2611
-10121	-12112
-11039	-229
-8040	13940
18213	6338
-15647	2863
14895	-4741
15124	-1143
-6134	-6521
12115	5716
13267	-4058
-10744	-4253
14929	-3459
-8403	1685
12054	-5325
5338	-10593
-3135	10795
-1553	9338
-22781	1145
-14201	-10237
19509	7731
-18031	-5128
-17415	4699
-10029	-788
7779	-4724
-13450	-4194
4709	-2713
-5033	-6537
-3378	-1837
-1461	-1689
2058	-6990
-8440	-4602
-8683	-11023
-7995	-4486
15026	-1257
-9391	-1213
-1718	-1248
-4058	-2485
9376	-9629
-6496	-1887
-3895	-8160
-3760	-3363
-722	821
-2418	-2832
-7574	282
-7784	-4736
11103	289399
-993	2051
-6609	-438
-13476	-398
12431	-4344
-11048	-8050
917	4396
1985	-1787
-6807	6940
-7576	4000
2679	1168
-4466	13448
17514	-526
1917	-546
-3789	2941
9064	-3485
1183	-4016
11904	-2756
18253	10123
-10084	-342
7976	-5028
14413	-2293
-3294	-6596
728	5960
-18449	-282
-9589	33361
15261	1400
-9950	-8317
-1155	-3088
3336	-4057
-16539	-7313
-12126	437
845	-4238
-13068	8717
-10380	3114
17020	850
-14780	-9030
-507	1452
-5575	-2374
7975	-9947
699	-4799
-7196	-4287
13711	6870
-14586	-399
-2370	-5474
12792	7938
-9293	-5588
-6744	17043
-4937	-6711
-12442	12991
-1426	-6123
-5912	15084
13184	-2162
-11184	-8758
-1741	15156
8012	-6381
-6968	-4023
-12204	619
-10440	-5242
10431	-2949
-6249	21716
16973	4417
22089	10106
-5755	17308
8528	-11423
407	-6976
22000	19492
6716	-6982
4258	20996
-7144	-4593
-6239	15088
-6186	17519
17694	6006
-7851	2396
8989	-58
-12968	2526
14440	-2785
14497	13800
-6115	1481
-13605	8778
-7830	-5778
14102	-4585
11649	-8008
-12206	1339
-7288	-6354
-5187	-5974
10941	-3357
-8838	-9320
8456	8936
-11903	1879
9033	-7661
12674	-4345
2995	-4118
13301	-3684
-9945	-764
-4765	-1353
-11028	-2741
-9092	-12835
8371	14371
16189	7244
-7851	-4856
-11621	171
-13797	-6075
-3289	24723
791	-8524
-2538	-7429
-2581	-1051
-3767	5142
-4190	-136
-9902	-4587
7684	14280
16708	-84
3330	-3232
10597	12150
13400	-2892
-2890	-8080
-8345	-4174
14336	-2610
-8857	854
-9594	-3266
-5442	2091
-7075	-7240
-8023	-2418
-10319	9484
-9507	-6658
-4098	-540
-2918	-8296
7386	21062
-20521	-8920
-10495	8906
-3330	-463
-9559	-2835
-3467	36110
-571	2565
-9557	506
-11812	-7882
-297	-2993
15770	2247
2935	-7321
7862	-10263
7834	-6292
-7293	-1733
-10647	-1435
4173	-8204
-11665	-3532
-9422	-10973
12534	-3849
15036	-697
11529	-5733
10779	2982
-6351	-4201
8648	-15046
-2126	-3323
2840	11922
-9814	-8754
-14054	-5807
10590	-598
-7695	7012
-6112	-7403
12845	-5696
-5802	-4544
-10418	-4147
-5117	-3675
-2622	-6348
10399	3371
2431	-1049
-8214	-4595
-9871	-6769
265	-4134
-7159	-798
3664	3572
8903	16944
-5313	1525
22209	28748
1016	-7353
-5687	-1051
-16379	-1587
-9554	-2237
8206	-11326
14655	-1947
-7338	4591
8213	-7288
31874	58380
-13773	764
15453	-1947
-7196	1782
5685	-13983
-15285	-4351
1888	-5636
-7706	-3587
2758	1020
15520	31
11302	414
-7975	-9487
13040	654
10163	-7652
9987	-6755
-978	-6378
11059	-7246
-9702	-2636
-385	-8351
9359	-6651
-9747	3375
11446	-2901
3488	-7674
13558	690
-10505	7824
-4421	30879
7348	3552
6701	7127
-781	-1717
7176	-3021
13666	-3802
14640	6670
-6675	-10687
4992	14167
10931	-3380
-2859	-9009
16683	2005
-8941	-6412
3880	22273
12941	-559
7334	-789
-4183	-11442
4020	-10178
-3208	1824
1356	2772
-12040	447
-5198	-6760
2932	5990
6866	422
13394	-8307
14220	-3067
-3372	-3365
67	1268
-12302	2228
8652	-1489
-9474	4797
3268	-5289
-10293	3090
8108	-13919
-5988	-1533
14490	1837
-8874	-3859
-11525	8300
9931	-6215
3532	-5761
16819	10509
78	7812
9020	-4730
-8941	273
841	-5958
-10405	4633
7509	-3976
-10966	-196
-414	23627
23502	34910
-15077	-2473
76	-4005
5194	19444
-11914	-3014
18025	943
8719	3272
15775	-1927
7840	-7867
-11351	-5821
7110	24297
2742	-2436
-3414	3677
-12677	-8595
14165	18629
15210	-3454
9395	-5350
9426	4258
-7598	2374
15818	48875
11725	-9747
14602	806
-13869	-6944
8989	-11756
-4619	-8240
-12206	2353
1254	165
-2280	-8691
6214	-4411
-6643	-2240
14583	-5215
1863	-1083
17282	6725
-9550	-6678
-5821	-5194
-9062	-5603
-15638	909
-6358	-7863
-9416	-1983
-436	-4051
-15626	-4179
-11646	-3822
-8402	-3876
2490	-3805
-14680	-3911
9512	-8665
-10288	2602
13425	-1958
-7169	-7897
12457	-1731
4871	16499
7907	1219
-13387	-12215
12999	-6624
10876	5012
-876	-263
16187	-2970
-10078	-7065
-5050	-7641
5409	4365
14921	-2835
17614	5756
-9708	-10912
-2427	1888
-4481	-1705
3173	4400
-5898	-5054
-2157	-1689
-946	-2904
3660	-1583
-758	-945
-663	-2609
17215	1611
147	2283
-8500	12322
5203	-11926
-14807	-7609
-11281	-6941
-6893	3869
11618	-2103
-14776	-1779
-7350	-848
7470	-3077
1174	-229
15777	1619
-3071	-3972
15016	-2145
-915	-1998
12066	-6720
-12977	-3761
10526	-5587
15093	6290
-11304	-1395
-7489	875
12717	319
-12114	-6880
-5318	-6719
-3425	-4446
13478	4460
-5700	21527
736	-6421
-5646	-2616
6365	3990
-9127	-2728
14275	-1142
-7910	-262
13649	191
-15726	13493
939	2775
11071	-4403
7857	-6073
-7716	-10443
12611	-2455
-681	-700
6888	1424
-7217	5349
-4079	4046
11344	-8065
8128	1250
-6086	4969
7750	-4823
-10288	-3610
7455	-12048
12302	-4032
12541	-2435
-4455	-1769
-9428	-5214
-16180	9445
14928	2247
-2986	2319
11339	-3158
-6033	-9254
5507	-7314
1348	-1612
21203	12475
9264	-11462
15825	10741
-3286	8599
14252	-1470
-1910	9567
-3248	126
-9283	-7876
10446	-3941
-8991	-20
-3189	-7536
-13706	-6327
1805	55
6068	-9114
-2448	9337
-11913	-6469
8082	-11491
13749	3257
-6260	-8913
15120	-2585
2966	-1358
11643	21219
17841	2287
8963	13837
2654	3138
-1928	-5842
-11659	8645
13948	-2368
-5880	-3428
3809	-7853
-267	-4663
2010	-648
16398	8410
2041	-5775
-8878	-3003
-617	-9335
10674	2269
4546	1007
-7833	-1861
13618	570
154	-2897
7854	-2227
1076	314
-1319	-6407
12016	-5589
-3089	1458
443	8578
13554	-3067
-5814	-2848
11238	9998
20210	5887
-8610	-8253
20879	16046
-11940	-13154
-11233	-9222
-4202	5415
-11930	2196
3545	-1888
-5144	-1819
17161	2318
-9066	3153
3002	-4247
-5822	9221
3783	-6848
11993	-4383
-12754	-7453
-4639	-8126
-10109	492
13187	-8642
-1726	-2566
5265	24104
14133	-4202
-5976	33731
-7250	533
1148	-7583
12119	-4979
-7579	-9432
-13380	-2421
-5547	-4650
-2542	-6047
-11949	-7788
-9956	-9057
-381	968
15447	-1872
-8917	5561
7064	27206
-10496	6901
-13473	14777
-3764	-290
19580	8573
-16465	-11031
-4826	-7728
-3845	-3277
-8266	9566
-2428	2240
3363	-3792
-14675	-8609
15503	2701
-13369	-8109
15755	364
-423	-3517
11360	53423
5765	-864
10733	-11381
-8742	2591
7572	-8189
2812	16202
-12101	-252
438	-3399
5667	1287
4342	-578
-9043	-9063
-6840	-9942
9779	-649
11419	-7644
-5011	6221
5808	616
12490	1301
-6782	-637
-8066	-2628
-11897	15931
-12799	-6952
-8632	-5722
15520	8666
3329	20510
17996	2901
10824	-2358
-15321	-8697
10836	-8028
-10056	-6957
-6966	8856
-1927	4771
-898	4848
-11426	-8865
11384	-6226
8582	-5017
13553	-4138
-5932	-8447
8610	2053
-9668	-3127
11990	-1300
-2026	-888
-6638	-10157
13579	-1244
6213	-10567
-20133	-12390
-1980	-4012
10068	-6225
19480	10501
2820	-1576
-9416	-11440
-4877	-327
1335	6773
-11257	-11150
-7789	12471
4591	-8852
-426	-3374
-10495	-2245
-79	-6329
-9015	8390
5263	24691
-1988	-2809
-14318	1921
-1281	-3445
18603	17373
-6016	-12967
11080	-7852
-10230	-4010
-1361	1615
-8376	-4767
-3148	12997
-10132	-1319
-4654	8731
-6377	-3894
8417	-3332
9319	9184
12174	-4087
11071	-2352
6068	673
12723	8080
4852	-11052
-4961	82007
1317	-6644
-11372	6831
5807	-6435
-7974	-10777
-1634	5399
12512	-2574
-7853	818
-15390	-837
3633	-7291
15484	-2587
-7055	4649
15568	5912
-1065	1085
-11775	-6790
-10006	-10655
-5686	-5713
-918	-288
-11482	-3017
-3338	17062
16139	742
15100	879
-7432	4161
-2850	-4642
18421	-1861
-9481	1952
1960	-5957
-2208	-6743
3154	18097
-2069	-8159
-3495	-7789
-6784	2542
-2969	-9082
-1992	120
-10330	-6793
3736	28784
5925	-11341
-2348	5244
-4929	10351
-2796	291
-13707	-5600
-10240	-4852
11278	2644
-9629	-3869
-13060	-2253
-1956	-2059
-6967	49
-12378	-6988
9148	15406
6914	-7298
8629	4617
20100	18344
-13179	851
1199	2390
-7883	-7758
-5962	7792
11118	-9324
-2839	-6588
7084	-4029
4021	-2113
1438	-1127
13786	7110
4998	13701
-6599	6810
10175	21105
9337	-2102
-5096	-5614
-7566	5271
-10709	12650
-12718	-4788
-6478	-1448
8152	-10319
8783	9502
1612	-4797
11340	-5652
3888	-7425
-470	19357
15013	385
-4210	1246
-1482	923
12358	-2805
6772	-4733
10171	2433
19376	13706
2084	904
10717	-3740
12599	-7084
13324	-6397
-3625	-923
-5604	-5361
-16318	-2442
12424	2355
-7953	4864
-4475	-5877
-9673	-14392
1797	12046
-8720	-196
-12075	-5593
4071	1715
-9187	13236
3504	28
11988	-9495
12620	3311
14835	13392
17705	1616
374	15331
-12489	-8755
-996	-1585
-1669	-11948
-11384	4286
-9651	26254
-12683	25540
14528	6534
-7083	-12033
7171	8407
-5909	-5091
-8234	10322
-1015	-2096
-11252	34043
16463	12168
3162	-5528
-2972	-349
-12186	6324
3799	-8776
10099	-2949
18831	7574
-1673	-5323
-356	28922
-7545	124
10202	-6420
-3691	-8797
24770	26467
4286	23019
-12557	-6970
20481	14669
-11095	-8400
-11785	-698
9570	-2014
-7216	-5782
1323	-12942
-11559	-9123
-7985	110
10893	2619
12884	-1724
1630	-460
-1640	-2219
-11344	22209
-10133	-4887
-95	18717
15271	7565
832	13703
-1556	2631
5048	-7985
-939	-6349
-11647	-10683
15186	-1104
1371	-4521
-9662	-5875
-6336	4210
-7729	16988
-8568	4655
43	1342
-5119	-5346
-3948	-5447
-9971	-2309
-7596	16241
5874	-5591
5030	9685
13113	-948
-8100	13496
802	47439
-5653	-545
5489	-422
372	-7093
6666	-7833
-11591	2956
-10849	-9802
17591	4639
-19549	-3546
2175	14662
-4716	-9826
1637	-3481
336	1191
13639	4931
8345	-8041
-4809	-5943
7680	-1824
14829	-9330
4256	-5156
8978	28753
-13	1388
17882	4105
13039	-7765
5894	3439
-6289	18471
-4165	-2315
8348	1166
-6430	-7364
8023	-1939
-17307	-4659
-7153	-4991
-3160	-10264
9431	6066
6688	753
7674	-1368
-8543	-10986
10985	-4670
-4691	3533
-9882	683
15008	-4135
13608	10030
-5317	7606
-14527	6329
5911	876
-3928	-11872
-6826	-9003
46	921
-13402	-10273
10557	1603
-907	12045
-11495	-6003
1571	14381
14015	23660
8057	-2482
3783	-7243
14101	-6276
9980	-12656
-11565	-5915
9470	-2210
12860	14736
-9260	-2970
10768	-6420
-9331	-7219
-4733	-7032
-10922	-7849
14961	6663
-9764	4519
-13664	-5908
-1415	2944
-16071	-6088
-9566	-7490
-8638	-8626
7389	12621
15613	9145
-11027	-5096
12597	-8013
803	-6128
1917	771
2134	-3092
-3546	-4836
1538	-2993
-3234	1903
-141	-1328
9006	-3924
11003	-6357
-6720	2386
11474	3449
2205	4280
3391	-12040
14880	-2509
-12684	4389
6151	-12471
9718	-8183
-14741	-9899
-10821	-4809
-14897	2804
-9331	-1570
1196	-6566
-10336	-4196
15536	-240
-11675	-76
-14609	2113
9668	-1077
2256	-3455
-10077	-5189
-9614	-4041
-540	-2045
-9980	-2329
7828	37898
-4569	-7218
-10177	-12306
-8337	-14549
-13789	4831
-14692	-10750
11605	-4664
14479	-3832
-11487	-7747
20203	10937
-7517	20170
-4792	-7724
-2359	800
6717	-7949
15389	-740
-5035	-11454
-13286	-7151
-11126	-8878
14776	3978
-14225	-10493
20471	42394
9099	4930
-4933	12557
-4611	10657
12922	-3900
10103	-8026
-4371	-3206
6985	-6214
-3445	9729
11878	-3519
527	-8047
-13294	19523
-11818	8983
-3299	-6613
-13669	-6810
-14397	6459
9370	-4681
17418	7556
18151	4572
-6255	-10363
14930	-643
1331	-7449
4208	4483
3959	-4088
-17247	-8047
-10776	3550
-10197	-5117
-7272	-2495
-8360	12967
-3192	-6030
8749	-1657
-5062	249
12497	-10008
-2698	-11158
11170	887
-8963	-13850
12927	-3948
-5702	14398
-12428	-9261
12739	-1963
-13962	-614
17733	20732
-3934	-1108
13828	477
-7696	8409
-10898	-2926
-4494	124
-11742	-2564
15446	5661
4200	-9262
-2828	-12485
-8860	-6639
1188	-9929
-8492	-1467
7183	687
-1324	-4158
17698	453
10123	-5808
-17065	-5291
-5410	-6891
16407	2052
-4732	-257
21230	17202
16670	-471
-11791	-1514
-3222	1231
6791	-3233
-14234	-10602
-10004	3014
-12672	-8185
20938	21999
11635	-7788
-2110	2758
-10932	-4788
-7083	-11898
-21354	4517
-7694	7742
1807	-8103
-15166	-3631
8328	-2169
-12224	-5709
-18039	12244
-6710	-5605
-13685	-7345
14676	-1529
11094	1844
-6603	-8904
14022	-1358
-2302	2160
-12833	-3799
11307	-8992
-6344	481
-831	11934
6373	-3991
16190	2789
10772	-2213
-3637	-6499
13145	3325
-1272	10207
-12627	-8608
-2763	7366
17388	2340
-9068	-4528
15442	3729
13235	-2194
-9163	-1436
8169	6427
-8768	-4471
-773	-2025
5383	3244
5979	17201
2065	-9891
9131	-2408
281	3396
10221	-9269
15472	-11
-14261	3567
8458	-9082
-10766	-10108
-13249	-9208
-1415	2498
1917	783
-1672	-793
2098	-1566
4322	-1581
15089	13637
15776	3525
8634	-11032
-7921	3233
-11403	31778
-11204	1392
10289	176
-4505	-4281
12428	25172
-3728	22476
8702	17401
11854	53676
-5092	14169
5974	2005
14946	1239
-13993	-12884
-8937	-2109
20591	18739
-8372	-8715
-6357	-2308
2224	967
-10321	-3558
-14078	14625
1353	-12483
15028	2777
-4756	2779
-5212	25852
-8908	8815
-13281	-3168
12444	-5831
11264	-4924
-4574	-6417
-12280	3753
-4695	1643
-5102	9237
9332	-3068
-10979	-1607
12020	-7500
-11927	-8373
-10017	-7701
-6202	-4511
-6092	2381
-14166	-4886
703	-5774
4458	39386
-9202	24
-17759	-4889
11915	-7044
-4666	-285
-11456	17166
12819	-5393
-105	811
-33	2146
720	-9614
-10663	-7099
5040	-6370
-17271	-2945
5650	-4751
-2172	-1503
-3539	-5154
-7756	-7024
-4437	-7797
12582	-2223
-6000	7409
-3688	4655
-6234	3409
-9435	-6178
838	17661
1121	4161
-3398	-3892
13187	-2222
-6818	-5631
-1879	-3866
1107	-7711
2076	1765
-6520	-1375
-4653	15594
13205	2335
-3834	-5128
-4845	-4969
-7410	-6111
11158	-4725
1822	19094
2952	25822
-7483	3984
7241	-7724
11071	-4659
-10058	-7740
-3380	-3766
-6702	-466
-3636	-4981
-15496	-6557
-8120	-12485
-4690	-7374
-11034	469
-17589	-3301
-17899	-6840
-8529	7273
4890	-7027
-8669	5306
1129	-4836
11192	-8055
-16306	-13757
-11513	-4223
-10646	-4160
14272	-3151
-8470	2967
15489	-2777
4159	-770
5582	31784
-2619	12576
10293	15894
-1763	-3327
2211	19713
-7938	-3492
1176	-3534
-4014	-7010
-4099	-6222
10028	205
4400	-1643
1152	-4481
-18335	-108
-8821	4912
-4219	8517
-7492	-6020
-7621	10341
-15049	531
10748	-6630
8083	-10738
13822	-3772
992	-4273
12055	676
-553	10040
18099	3024
-9396	-4451
-7064	-3776
7458	-2490
-8334	-2765
-3463	33
-8207	6505
-4090	-2457
-12784	-2343
-15151	-8922
-3803	36407
11699	-9426
11579	-3051
-4946	-8203
-11740	-5812
-2154	-7287
-15127	-3854
15402	541
-1450	18836
-2161	-6020
-11174	-5364
2678	-2782
9325	21722
-9146	-6572
-13656	-6657
-16758	-5469
4050	194
-16042	1551
-7235	-1561
8861	2384
10945	-7336
22784	19192
-13356	-3143
-6442	-622
-11037	7454
-3612	-2587
13079	-4313
-6832	-6209
11160	-7545
-7067	22342
13225	-2604
-10105	854
-6192	2382
-16413	-3955
-12118	-11841
-18123	22650
-4496	-8040
-13181	4266
-6226	-2312
-4531	7937
-12872	339
-5977	3698
-8845	-7676
16861	25561
781	-5531
5034	-4099
17641	-2005
-12751	-18
11050	-8711
-2808	12287
-2766	5578
11791	-5984
-1137	1006
-14728	-3422
14520	-2513
-3032	-102
8922	695
-4612	-4449
-2945	-9427
17422	6198
-10143	-6221
-3588	-401
15148	4406
17021	2607
-8040	7556
-7123	346
9854	3195
9603	8240
4884	-5597
-4711	12146
-9539	5454
19486	10721
5259	-5472
-6731	-8389
-9395	-4133
331	5691
-7466	1506
-7920	-3622
-5859	-1512
-2486	-2135
-8054	-2463
1419	-2768
-9735	354
-9634	-8586
437	8827
6462	-1059
-1609	-4718
-10883	-9012
-9999	-8255
-7441	-8460
-10896	-3375
-16125	-5556
-9442	-1518
14762	356
17536	-4044
10325	-5712
7017	4488
-14033	6338
-902	-2327
22203	31189
16993	4429
-9893	6448
18350	6561
11263	13095
10386	-6831
-7240	17034
-1258	-8483
-1273	20737
1055	-9630
10065	7442
