16142	4917
-84	-5107
21638	14942
-11449	-15131
205	-95
7388	-95
-14069	-5107
-9490	-15131
820	9929
-11981	-5107
12532	-10119
1725	4917
18397	9929
12138	19954
2110	4917
9373	14942
5871	-5107
-1534	-5107
-14239	9929
-1623	9929
-2489	4917
3920	-5107
-322	4917
6818	24966
-2080	-95
7314	-95
-6334	-5107
-8565	-10119
-7354	-10119
393	9929
24067	4917
10864	19954
16550	9929
-1993	-95
-1776	9929
9337	9929
-8641	-5107
3480	4917
1024	-95
7925	9929
9180	-5107
2832	-95
2201	4917
4529	-95
11747	9929
-783	-95
8476	4917
-5854	-5107
7867	14942
291	4917
-4990	4917
-12727	-20143
-6730	-10119
-12165	-10119
18693	9929
-11477	-10119
-9166	4917
11526	14942
2666	-95
-12015	-15131
-12646	-10119
-7500	-5107
10296	9929
-11634	-5107
10658	-95
-4304	-5107
-8981	-10119
-14596	-10119
-6264	-5107
-14572	-10119
-17587	-10119
8698	-5107
-6726	-95
5755	-95
-5088	-95
6573	4917
20128	9929
12331	-5107
-8843	-10119
-9420	-5107
-4020	-5107
-17983	-15131
12767	9929
-1583	4917
6109	14942
-1537	4917
-1415	-5107
-13092	-10119
-9914	-95
4278	-5107
-11316	-10119
10593	4917
7811	9929
-24079	-15131
771	4917
14070	14942
-5238	-95
-2209	4917
17794	-95
-10385	-5107
-1435	-95
3350	4917
5053	4917
2029	-95
-5126	4917
11273	9929
9223	4917
-4750	-10119
-7642	-5107
-4705	-5107
-2977	-95
-10438	-15131
-6264	-5107
7794	4917
5950	-20143
-5256	-10119
-12370	-10119
4243	9929
15544	19954
-3923	-15131
-2779	9929
12095	9929
10516	4917
1942	-5107
-2183	-10119
2755	-5107
5488	-5107
-1737	4917
4370	-10119
23463	9929
-8575	-10119
2395	4917
3727	4917
336	14942
-10863	-10119
-5119	-10119
-3077	4917
-1648	-10119
-8166	-10119
23408	19954
290	-5107
4006	-95
13689	4917
-2841	4917
-2053	-95
10970	-5107
104	-5107
-2668	-95
-2720	9929
-12802	-10119
-11029	-95
7027	9929
13163	14942
-19112	-5107
4904	9929
10656	-95
-4982	-5107
-604	-15131
2111	-95
-14313	-5107
-1496	14942
-4912	-95
-4915	-95
23952	14942
3829	-10119
-9950	-15131
-907	4917
749	4917
-3542	-5107
13370	19954
-2929	-95
287	4917
-3799	4917
14831	9929
1850	4917
2446	-95
-5956	9929
-8061	-5107
7251	9929
15462	9929
-10358	-95
6228	4917
-2545	9929
12382	9929
-11244	-95
-4001	-10119
3080	4917
-4203	-25155
-5272	-5107
-5893	-5107
1016	-5107
-2577	-5107
6171	4917
-14230	-5107
5134	14942
4614	14942
-4852	-5107
7311	4917
2335	9929
3305	14942
-178	-10119
-8597	-25155
-2019	4917
-3081	9929
2723	-10119
4452	4917
13956	4917
9182	9929
7224	14942
12605	19954
7757	9929
7166	4917
-7273	-10119
-5999	4917
-3116	-10119
2142	-5107
8707	9929
3977	-95
5732	9929
23536	14942
-1813	-95
-8656	-10119
11794	9929
12451	-95
4896	9929
-8229	-15131
6970	4917
1247	-95
-6180	-95
295	29978
-16928	-10119
9432	9929
8191	4917
13412	9929
10513	9929
9483	-95
-10108	-5107
1129	-5107
-338	-5107
-623	-5107
-374	-5107
-15435	-15131
7186	9929
-566	-95
-8398	-5107
-14899	-10119
4728	-95
7807	9929
15309	4917
13441	4917
-8378	-5107
-4326	-10119
-7701	-95
-5234	-5107
3620	9929
1783	9929
-5381	-5107
21758	24966
6010	19954
-1826	4917
456	-95
2056	-95
6338	9929
-815	9929
1616	9929
-4961	-5107
-23478	-25155
-4309	4917
-19381	-20143
-11997	-10119
-70	4917
-8526	4917
3914	-95
-13802	-10119
12943	9929
3425	4917
-2351	4917
3354	-95
6217	-95
2968	4917
5470	4917
-685	4917
3438	9929
10422	4917
-9370	-5107
426	-95
-4044	-95
-21774	-25155
6328	4917
-5711	-5107
-9687	-10119
6633	9929
5124	14942
3735	-95
-6273	-10119
-8260	-95
13539	24966
8696	-95
10058	9929
191	-95
-4943	-5107
-18898	-15131
2964	-10119
10722	4917
1611	-5107
5303	4917
-2023	-95
355	9929
2740	-5107
-14098	-10119
12837	9929
8642	9929
14071	14942
-65	-95
-1138	9929
881	-95
28349	9929
-1412	-10119
14331	4917
-3658	-5107
5385	9929
3053	4917
-7373	-10119
-7217	-5107
-2769	-95
8273	-10119
8479	9929
7544	9929
-16573	-10119
-14137	-20143
-12457	-95
-16859	-15131
22292	9929
-6679	-95
-467	-5107
-6377	-5107
-20700	-20143
3101	9929
-3593	-10119
898	-5107
-14680	-15131
-11788	-15131
-27247	-30167
12334	-5107
4377	-95
19103	14942
13416	9929
-3297	-10119
-18454	-15131
-1712	4917
-3533	-15131
-11898	-10119
-12970	-95
2427	4917
-8776	-10119
1493	-5107
-2121	-95
-8905	-10119
-9503	4917
172	9929
-2309	-95
-8028	-5107
-9380	-25155
-1947	-15131
-9905	-10119
4848	9929
4222	4917
21186	14942
-4948	-5107
16057	-95
9495	4917
11893	4917
9314	-95
-14668	-10119
8653	4917
465	-5107
13749	4917
3563	-95
108	-95
3216	-95
-8318	-15131
9223	14942
-2959	4917
7982	-95
6020	9929
-14080	-5107
-6413	-95
-4697	-10119
-6987	-95
7759	19954
-7098	-15131
5552	4917
864	-5107
11395	14942
1185	-95
-15970	-5107
-1042	-15131
6064	-95
-13361	-10119
8959	-5107
-1111	9929
-3264	-10119
8107	9929
-7646	4917
-19269	-15131
-3038	-5107
10711	-95
-5584	9929
-829	-10119
-1849	-5107
18882	14942
-6821	-95
4258	-5107
13977	9929
1808	-95
8517	9929
-2220	-5107
-13992	-15131
5492	-5107
19940	14942
7609	19954
5169	14942
-17241	-5107
-7710	-10119
-2665	4917
12308	-95
-4723	-95
-9187	-95
12935	4917
5170	-95
-4899	-5107
2021	-95
10857	4917
2462	9929
11927	9929
-11357	4917
-2105	-10119
-3198	-5107
-45	-95
-1149	-5107
-7663	-15131
12371	9929
1185	-95
-16106	-10119
3105	9929
-1210	-10119
4738	-5107
-15549	-15131
-28289	-35179
5228	-5107
-432	-95
7556	-5107
3648	-95
-26	4917
-1582	4917
-6697	4917
-7196	-5107
-17460	-15131
10714	-10119
-3024	-95
9811	-95
-12372	-20143
15570	9929
-16324	-5107
2327	-95
615	-5107
2597	-95
-1582	-5107
-4716	-10119
-274	4917
3995	4917
8903	4917
817	-95
17783	9929
-4177	-95
-5514	-95
10104	4917
7579	-15131
5144	-95
2160	-95
1096	-5107
6945	4917
3904	-95
92	9929
-5772	-15131
-13807	-10119
-3065	-95
7057	-5107
-4602	-15131
-8734	-5107
-11025	-5107
-13116	-15131
509	-95
-3284	-5107
11780	4917
-3689	-10119
4972	-95
5673	9929
-13774	-10119
-7787	-5107
-992	4917
9077	9929
5535	-5107
-7121	-10119
-9366	-15131
-1680	-10119
-4544	4917
7400	9929
-1813	-5107
-2803	-95
-982	9929
4886	4917
-19905	-20143
6806	4917
-12432	-5107
786	-5107
10953	-95
-18069	-15131
17976	19954
-4385	4917
-3672	4917
-338	4917
-12386	-15131
4101	9929
8948	-10119
4203	9929
-6775	-5107
14210	4917
3741	9929
1934	9929
-2918	-95
-11102	-10119
-13685	-10119
-15670	-15131
5810	-10119
7617	14942
13293	-15131
12635	9929
11041	4917
3614	-95
-48741	-110360
-27192	-20143
-4972	-5107
-5571	9929
16598	4917
8830	-5107
11830	9929
20446	14942
320	-95
-23815	-15131
-1737	-10119
-7992	-95
-5675	-95
2190	-5107
-604	4917
-9991	-5107
-8765	-10119
19396	9929
-1528	-10119
-15734	-5107
1655	-5107
-16357	-30167
22641	14942
-15243	-15131
-11266	-5107
25499	9929
5701	9929
-5012	4917
3753	-5107
16135	4917
15117	4917
-11019	-5107
15289	9929
-13981	-95
-2709	-5107
-9069	-5107
6120	4917
9146	4917
-7864	-95
2631	-95
9160	-5107
10439	9929
-16964	-15131
4845	9929
3962	-5107
7689	14942
14904	4917
-162	4917
-14875	-15131
20289	4917
-7110	-5107
-7587	4917
6537	9929
-18686	-10119
451	-95
-20584	-5107
-14208	-15131
-6521	-95
-2361	-5107
15169	4917
-10170	-5107
31040	9929
192	9929
4203	-10119
8311	14942
2968	-95
7345	9929
886	4917
17085	9929
3981	-95
6958	4917
15712	14942
3746	-5107
23141	19954
-1639	-5107
2479	-10119
4367	-5107
-1572	9929
-3438	4917
-1137	-95
-20360	-20143
-15247	-20143
-13409	-20143
6399	4917
4414	-10119
1747	-95
-20318	-15131
9865	9929
7438	14942
-10617	-10119
483	-5107
7435	9929
-7315	-95
-15309	-5107
-6629	-10119
-5331	-5107
6493	-95
8705	9929
-508	9929
-11135	-95
9153	9929
-16605	-20143
-2703	-5107
11413	4917
-91	-95
1500	-15131
-19880	-15131
-8113	-15131
6426	9929
3610	9929
5718	4917
21006	9929
-22846	-25155
-5866	-15131
-913	9929
-2756	4917
546	-5107
-10085	-5107
-2733	-95
13806	4917
-3249	-15131
-6516	4917
-6643	-5107
4500	-95
1677	-5107
-3936	-95
16970	14942
12507	14942
-10967	-10119
9010	14942
1000	-5107
22966	4917
1276	-95
3826	4917
6659	-5107
18657	14942
-38	-95
-4522	-5107
-16025	-10119
22190	4917
-1502	-5107
-5807	-95
-6366	-10119
2391	4917
6302	-95
-12453	-5107
-9765	-5107
-1395	-5107
-7605	-15131
10201	4917
2887	9929
6949	9929
22899	19954
20253	4917
5151	4917
-2903	-5107
12041	4917
-4887	-15131
-12176	-5107
-12239	-5107
-9137	-95
4821	9929
-2775	-95
-1683	4917
22114	4917
5412	4917
-2708	-5107
-12571	-10119
-12891	-10119
1601	-95
-2122	4917
6824	-5107
1292	4917
12765	4917
-10512	-5107
11710	9929
-8584	-10119
-10803	-95
-4603	-10119
-16856	-95
1446	-95
-21522	-20143
5983	-5107
-2947	-95
-4654	-95
-13148	-10119
-1251	-95
-10129	-10119
3674	4917
-8479	-10119
13147	9929
-3651	-10119
-11974	-15131
-11343	-95
-3108	9929
10143	9929
-3034	-5107
8445	4917
-16854	-15131
12566	9929
484	-15131
-22830	-15131
4977	-95
-16207	-5107
-8190	-5107
3894	-10119
3929	4917
12625	-95
-6350	-5107
-4841	-5107
6268	9929
-14083	-10119
3334	9929
11889	14942
-2499	-5107
1594	4917
-8965	-10119
-1895	-10119
13400	-95
-7649	-95
-19497	-15131
6630	4917
-21815	-15131
5912	9929
13190	-5107
-4011	4917
21847	14942
2834	4917
-10924	-10119
-1120	-95
4135	-5107
12515	4917
-16157	-10119
11700	4917
-16917	-10119
-3819	-95
10875	19954
-10404	-10119
-4827	-5107
993	4917
-1523	-95
-14345	-95
-11753	-10119
-6550	-10119
3006	-5107
14943	14942
4710	4917
12624	14942
2214	4917
5151	9929
848	-95
-186	4917
6942	4917
13040	19954
4835	9929
21945	4917
7502	4917
5022	-95
-5049	4917
12189	9929
12276	-5107
2264	-5107
-10905	-15131
3786	4917
-2834	-95
-6524	-5107
-13428	-15131
5652	-5107
17014	9929
5791	-5107
9500	19954
5313	9929
-1818	-95
11968	14942
4965	4917
9299	-95
16005	9929
-1237	-95
-5909	-25155
-397	-95
-6972	-95
-14439	-20143
19601	4917
7673	-95
8679	-5107
-15511	-10119
9913	4917
-33	-95
10030	19954
12383	9929
6036	4917
-3993	-15131
12492	4917
3088	4917
4526	4917
22782	9929
-17987	-15131
4479	-10119
-215	-10119
-8342	-5107
-401	9929
-6260	-5107
-3770	-95
-8993	-10119
5908	4917
12284	4917
7807	4917
16835	9929
1041	4917
-5961	-95
19946	9929
-5561	-5107
-4831	-10119
4223	-95
16922	-5107
-21562	-30167
10380	14942
-3527	4917
4538	4917
-7986	-5107
8852	14942
-8	-5107
-15196	-15131
2644	4917
8867	-5107
10295	-95
7050	9929
14444	9929
-3913	-5107
-2598	-95
7435	9929
14156	14942
-10451	-95
-9527	-5107
435	-10119
-23396	-20143
-4518	-95
519	-95
3373	4917
10313	-95
-5578	-5107
17600	14942
-8052	-10119
3679	9929
6019	4917
13047	4917
-23251	-25155
4449	-5107
20108	19954
-6986	-5107
-3729	-95
9800	9929
1663	-5107
-3220	9929
8533	19954
2140	-5107
-10629	-95
-16378	-10119
10437	4917
-8270	-95
-2705	4917
4642	-5107
-6860	-5107
13022	4917
11952	-5107
-1423	9929
5084	4917
2405	-95
-5416	-95
10485	14942
6933	9929
-9191	-10119
-2230	4917
-117	4917
6336	-5107
-2449	-95
9349	9929
-7428	9929
-3583	-10119
187	4917
12777	-95
8958	14942
-8688	-10119
3085	-5107
-5265	-95
3490	-95
-1384	-95
-3685	4917
-18579	-20143
14225	9929
12840	9929
-4624	-5107
21769	14942
-9660	-15131
-10347	-5107
-7123	-10119
23004	19954
12882	9929
-11165	-5107
7254	-95
-4899	-5107
6202	-5107
3114	-5107
-4202	9929
11376	4917
-3487	4917
-1593	4917
2614	-5107
4379	-5107
6968	-5107
-7421	-5107
-342	-5107
-15687	-20143
-7276	-5107
-3335	4917
10707	9929
-489	-10119
-16737	-10119
-5143	-5107
-40	4917
-7574	4917
11104	-10119
-10725	4917
7910	-95
9424	9929
1387	9929
-893	-15131
8727	-5107
3158	-10119
-12232	-5107
-3620	4917
-4204	-5107
-21	14942
13161	14942
-18535	-15131
-7879	-95
4968	9929
-14292	-15131
4430	4917
-3060	4917
-538	-95
-968	-95
-2568	-5107
8964	9929
10536	-5107
23563	14942
-12572	-95
-7358	-10119
1777	4917
14425	-95
1293	14942
7726	4917
9791	9929
2216	-95
-2557	-10119
11300	4917
-1841	-95
8216	19954
2730	9929
-10855	-10119
127	9929
-7352	-10119
-3517	4917
1548	-5107
5603	4917
1794	-95
3916	9929
-16608	-20143
19749	9929
-17211	-10119
4057	4917
-9262	-10119
13842	4917
-4049	9929
1482	-95
3259	-95
570	4917
10850	4917
-8322	-95
-4473	-95
7652	14942
25217	19954
6605	-5107
-234	-95
2838	-10119
-4752	4917
-3081	9929
12890	4917
9872	-95
13603	4917
4996	4917
11797	-5107
-4215	-95
11227	14942
-15642	-10119
12791	-95
5428	-95
16887	9929
-9194	-10119
-9169	-15131
-8012	-95
-4852	-5107
-2511	9929
26807	14942
-30649	-30167
2715	-95
8194	14942
-741	-5107
-2929	4917
12957	14942
1891	4917
10644	9929
1798	-5107
19087	9929
-10305	-10119
-5616	-10119
6840	-95
16896	19954
-18252	-15131
-8615	-15131
-3707	-5107
-15736	-20143
-17737	-20143
-7388	-5107
-4661	4917
5821	4917
-701	4917
-1820	9929
-4495	4917
20180	19954
1157	-5107
23832	9929
1596	4917
13214	14942
-1426	-95
13608	9929
-8550	-10119
1730	-5107
1556	-5107
10728	-5107
-5402	-15131
-9495	-10119
-3887	-95
23344	14942
-4280	-95
-27346	-25155
8441	4917
-12293	4917
18181	4917
-13671	-10119
-9940	-10119
-2000	4917
-13794	-5107
-2338	4917
-172	-10119
-225	4917
-5177	-95
7369	14942
-3642	-5107
-4881	4917
-10722	-5107
10160	4917
22595	14942
-6041	4917
5273	4917
-5261	4917
15459	29978
-4580	-5107
-2591	9929
671	-95
7295	9929
-8613	4917
-5108	-5107
-3470	4917
-286	-5107
337	4917
1924	4917
6220	9929
6552	14942
-8571	4917
8800	9929
2826	-95
13386	4917
-8233	-95
11667	-95
474	4917
12796	9929
-19838	-20143
-286	-95
5607	9929
-21812	-20143
4046	4917
-10782	-5107
4212	14942
26460	14942
-13694	-95
5720	4917
5304	-95
10603	9929
2693	-95
-8747	-15131
-2163	4917
-1244	-5107
-966	-5107
4888	-95
-24199	-25155
8007	4917
2214	9929
-20211	-15131
-18387	-10119
-19273	-20143
5523	14942
-329	4917
-8476	-95
16413	14942
25810	9929
5394	19954
4708	9929
6666	9929
10155	-5107
-12006	4917
18729	9929
5323	14942
-19804	-20143
45	-5107
5968	19954
-7511	-15131
-14288	-95
6150	-5107
10101	9929
-24673	-20143
13900	-5107
-3246	-95
20660	9929
-4703	-95
-8664	-95
-8591	-5107
-4973	-95
-4045	-15131
-108	4917
1545	-5107
1321	-5107
-14933	-10119
-10326	-10119
2148	-5107
7583	4917
1878	-5107
-24963	-25155
10152	9929
-8238	-95
-7377	-95
17594	9929
6214	4917
-9626	-5107
4876	9929
6300	4917
2190	-5107
525	-95
-1811	-5107
12794	9929
-8872	-5107
4358	-95
-3462	-10119
-22771	-25155
-15064	-15131
-1112	-5107
1381	4917
5060	4917
-2305	4917
-3148	-10119
-1079	4917
6228	9929
17552	9929
8023	9929
6214	4917
-5553	-95
-1953	4917
14286	4917
2192	9929
11245	9929
13616	9929
-9402	-95
340	4917
-8692	-10119
3214	-95
-3544	-95
6254	-5107
4557	-95
4190	-95
-8428	-5107
6721	-95
-11721	-5107
5709	4917
780	4917
9707	14942
-1321	-95
4695	-5107
-5921	-15131
-10315	-95
-335	-95
1541	-10119
-1519	4917
5893	4917
-13809	-15131
-3949	-95
-1685	-95
3683	-95
-6147	-95
3403	4917
3003	-95
154	-5107
3891	4917
-8311	-5107
2182	-95
1755	9929
-14069	-5107
-25898	-20143
-2235	-95
6015	9929
-614	-5107
-16769	-15131
-5756	-5107
10734	4917
2032	9929
23491	14942
-2134	4917
10631	4917
-11864	-10119
8993	4917
-1802	14942
-9682	-5107
4321	9929
-12799	-5107
14595	14942
-4322	4917
-7498	-20143
-5855	4917
-12452	-10119
-10069	-95
-3541	4917
-2615	-95
-7371	-95
-342	-95
-475	4917
-6621	-10119
25773	9929
-11178	-5107
-7167	-95
11191	4917
443	4917
-10961	-20143
-1727	14942
22778	19954
19741	14942
22112	14942
-10714	4917
4294	-5107
3428	-95
-2891	9929
186	-10119
-8429	-95
-11726	-15131
-2001	4917
-1288	-95
-5331	-5107
-10681	-95
364	-95
2736	-95
-9687	-5107
22149	14942
2479	4917
5340	9929
-3651	-5107
8149	-15131
-23440	-25155
8621	-15131
4096	4917
8121	4917
19890	-95
-11669	-10119
11004	14942
8790	-5107
-9772	-5107
-2782	-95
4789	9929
-10142	-5107
-16760	-10119
-2055	4917
17151	4917
13491	14942
-5682	-5107
-8308	-95
5171	-5107
-8633	-5107
64	-95
7515	4917
4095	9929
-5639	-5107
-9955	-15131
-5320	-10119
-13294	-5107
1547	9929
-1262	-5107
-20393	-10119
-2969	-95
-3401	-95
2248	4917
7081	-5107
-1122	-5107
11548	-95
-7578	-95
798	4917
-15298	-5107
-4101	-10119
18428	9929
-9131	-10119
-7520	-5107
10500	14942
7898	4917
-8034	-5107
666	14942
-10467	-10119
-4841	-10119
14077	4917
15829	9929
-2165	-5107
-13869	-15131
-5572	-10119
-3488	-20143
3992	-95
14906	-95
-8824	-5107
-7894	-95
-496	9929
-21501	-15131
-12067	-5107
-14734	-95
4911	4917
-7014	4917
-7642	-5107
-21738	-15131
24429	9929
347	-95
-746	4917
-8236	4917
18231	-10119
-12084	-5107
3412	4917
1778	9929
-21019	-10119
-4748	-10119
-5297	-5107
9509	4917
-20476	-15131
3589	-95
13344	4917
23870	9929
1291	-5107
4495	14942
-15469	-20143
12065	-5107
-9183	4917
11016	14942
10704	4917
6467	14942
-4511	-15131
15369	9929
-6458	-95
-500	4917
-1921	-95
4263	4917
-15138	-20143
-9769	-5107
12808	9929
-11227	-15131
6758	9929
-16731	-5107
-6768	-5107
-5204	-95
-1951	-95
-21519	-15131
1802	4917
1077	-95
-9659	-10119
-12546	-10119
-9913	-5107
6857	-95
11532	19954
17842	24966
-6516	-5107
4856	4917
21816	14942
-13838	-5107
-4076	-95
4037	4917
10091	4917
-8141	-95
-3796	4917
8157	14942
4148	9929
-12281	-10119
2526	4917
6731	4917
-25634	-30167
-709	-95
-428	-95
-15581	-15131
-7910	4917
-7596	-10119
7411	-95
14422	4917
-2971	-95
-11030	-15131
6739	4917
-9261	-5107
9982	14942
6404	-95
5317	4917
-6267	4917
7815	-10119
-20519	-20143
-11960	-20143
17416	14942
21450	9929
-2245	-5107
-3112	-95
-155	9929
-15128	-5107
-11919	-15131
17301	4917
11372	-5107
-12247	-5107
-2540	-10119
421	4917
1738	-95
16742	14942
7188	14942
806	-95
-933	-5107
-9112	-95
8565	9929
-3711	-5107
-773	-95
-9241	-10119
-14196	-15131
-10286	-5107
-11908	-15131
-5938	-5107
-10068	-15131
-137	4917
-13291	-10119
-4846	-10119
-23707	-25155
6795	4917
13346	9929
-4496	-10119
-1400	4917
3205	9929
-9036	4917
-4513	4917
12183	14942
10536	-95
-12845	-25155
-4729	-15131
-15505	-15131
11168	9929
3799	4917
2217	4917
-455	-95
-4716	-5107
-17455	-20143
2602	9929
3576	-15131
-7010	-95
-575	-95
26649	14942
18780	14942
14079	9929
7787	-95
-15522	-10119
-2952	-10119
5009	-95
-1826	4917
-1607	-5107
3698	-95
-14628	-20143
-2918	4917
-2885	-15131
8980	-95
7242	-95
5318	9929
15051	9929
499	4917
-4802	-95
4204	-5107
3904	9929
6409	14942
-392	-95
-25246	-20143
11412	9929
4510	9929
20710	19954
-11126	-15131
-4193	9929
3294	-5107
-5533	-95
2249	-95
-4903	-5107
4985	4917
-1749	-10119
-3163	-5107
11412	9929
-2603	4917
9353	9929
-12103	-15131
-16303	-20143
-7403	-10119
1814	-95
-5242	-95
20424	9929
6295	-95
7122	9929
-12227	-95
14811	19954
-2993	4917
-22622	-20143
-10347	-5107
-425	9929
-4681	-15131
4871	9929
-4895	-95
6264	4917
8545	24966
-17916	-5107
-21956	-10119
-3010	9929
-18863	-10119
19565	9929
3399	19954
497	4917
-13206	-20143
-7307	-10119
-3489	-5107
12155	9929
7916	-95
2445	-5107
-402	4917
-426	-5107
-11234	-5107
3707	9929
11352	4917
-9493	-10119
-7180	-10119
13606	4917
2649	-5107
-12095	-15131
12967	-95
-12837	-15131
22954	9929
6284	9929
10062	14942
1645	-5107
6421	-95
-6430	-95
4356	-95
1736	9929
2110	9929
4536	-95
9839	4917
3562	4917
5930	4917
-1623	-5107
2342	-95
10475	9929
19621	9929
7610	-5107
-21656	-20143
-1986	-95
-3697	-95
2369	-95
-727	9929
-2948	-15131
-3038	-5107
4941	-95
-5208	-5107
7345	9929
-27110	-30167
-2006	4917
-3800	-10119
6992	4917
22003	14942
8036	14942
-21137	-15131
5843	-10119
-2338	-95
-6355	-5107
213	-95
-14835	-10119
-6948	-10119
16120	4917
9986	9929
1239	-95
-8675	4917
-2540	9929
-8089	-5107
-5221	-5107
-4622	9929
12799	9929
-1572	-95
-4826	-95
8209	-5107
6151	-5107
-10237	-10119
-4353	-95
12374	4917
-548	9929
-6605	-5107
1129	-5107
3249	4917
10183	4917
-346	-20143
16445	14942
-2628	-95
574	-95
2594	4917
-5439	-5107
17544	9929
-9366	-5107
-4960	-95
-9855	-20143
-3746	-5107
9860	-5107
8503	14942
-4214	-95
6146	-10119
15283	4917
-16265	-20143
12639	9929
-14782	-10119
-4987	-10119
10450	14942
-9127	-95
4839	-95
-19693	-15131
2216	-5107
8563	4917
-10047	4917
-3306	-5107
4323	4917
-649	-95
-5610	-5107
3195	4917
2191	-95
-5669	-10119
6983	4917
-256	-5107
-25648	-30167
-5232	-10119
-17627	-10119
11796	9929
-10142	-5107
7085	14942
-1406	-5107
-19450	-10119
16175	14942
-25669	-30167
-12002	-10119
10183	-95
-2048	-10119
-3762	-15131
-3257	-95
3117	4917
-19721	-15131
-620	-5107
17294	14942
-14824	-20143
-12918	-5107
8358	4917
3796	4917
8241	14942
3144	4917
-13914	-95
882	4917
-10949	-95
586	4917
-1536	-10119
-9106	-15131
1805	4917
3666	-5107
-14975	-10119
-2731	4917
-7436	-5107
-4229	-95
-5601	-15131
-15105	-25155
10351	9929
-10968	-15131
16810	14942
18511	14942
14650	14942
-17323	-10119
-11723	-5107
21901	-95
14360	-5107
12363	14942
15711	4917
397	-95
-2176	-5107
-15819	-15131
5934	4917
12200	14942
3382	9929
-2056	-95
15337	9929
14167	4917
-14704	-15131
-6173	-5107
2992	14942
6780	9929
-3832	-95
9513	9929
14288	14942
9505	4917
-29893	-25155
-34394	-40191
2909	4917
10346	9929
5572	-95
19177	19954
6008	4917
-6654	-95
-12268	-20143
14302	9929
-13720	-5107
-13716	-5107
-10992	-10119
3704	4917
7174	-5107
19687	9929
-6491	-95
-1954	-95
8756	4917
-11562	-20143
7856	4917
3904	9929
12002	19954
3055	-5107
3953	-5107
16336	4917
2419	-5107
634	4917
-4647	4917
-63	-95
-2724	-95
22427	14942
-5701	4917
10346	-95
-7336	-5107
-8796	-95
7496	14942
-11346	4917
16418	4917
28	4917
-16048	-25155
-89	4917
-16603	-10119
3208	9929
7149	-95
11099	9929
-11171	-10119
9129	4917
3047	4917
12376	4917
-7401	-5107
-17152	-20143
-12074	-10119
3103	4917
-5354	-5107
-4102	-5107
2317	9929
-2899	14942
-10898	9929
1976	4917
-15007	-15131
-20950	-15131
-16145	-15131
16435	19954
5121	4917
-12614	-15131
9601	4917
-3366	-95
-725	-5107
-8928	-5107
-110	9929
10994	-95
17025	9929
-2756	4917
-1668	4917
-5345	-5107
9420	9929
-2147	9929
5881	-5107
1782	-95
-2523	-95
16103	9929
12530	-5107
-338	-10119
9412	4917
1909	-5107
-8524	-5107
-10938	-5107
-1973	-5107
9641	14942
12049	9929
-9626	-5107
-15180	-20143
5349	9929
8942	14942
24749	24966
-16120	-15131
-226	-95
-8858	-95
13450	4917
6250	9929
-6296	4917
-6808	-15131
14925	29978
970	9929
-152	-5107
-13984	-5107
-6526	-10119
416	-95
-4750	4917
-735	-95
-4042	-10119
13244	14942
-4864	4917
18573	4917
-4988	-95
-7650	-10119
-8545	-5107
17146	4917
-17227	-20143
4986	4917
-4863	-5107
10419	4917
10301	-95
1077	4917
-21283	-15131
18323	24966
10202	4917
11375	14942
12496	9929
-7818	-10119
-2708	-15131
-1223	-95
255	-5107
-4207	4917
-4547	4917
-1222	-95
13690	-95
-23590	-25155
14938	14942
1769	19954
-14873	-95
5610	19954
-10119	-10119
-6432	-10119
312	-95
3773	-95
6327	-5107
3004	4917
-4889	4917
-10003	-5107
-6343	-5107
-2145	-10119
-1158	-10119
-5263	-95
-35107	-50215
-2492	-5107
5136	14942
-8659	-5107
620	-95
-1099	-5107
-7732	-5107
-4020	-5107
-1023	-95
-5541	-5107
-2016	4917
-2755	-10119
6482	9929
9046	-5107
2471	-5107
84	-95
-11049	-10119
-9703	-15131
-2814	-5107
14052	9929
12183	14942
-13088	-15131
-7908	-20143
-2748	-95
5468	9929
-19914	-25155
-2269	-10119
12136	4917
-6107	4917
8532	-95
-10963	-5107
-5324	-10119
5944	4917
3637	-95
-9598	-5107
-1749	-95
2987	-10119
-12411	-15131
3632	-95
-11380	-5107
6699	-95
-7890	-15131
10519	19954
20581	9929
-4962	-95
-9703	-10119
-19970	-20143
15224	9929
-52	4917
19482	14942
2819	4917
14553	-95
9387	9929
7788	9929
9805	-95
-17690	-20143
-5838	4917
-14610	-10119
-4358	-95
-2082	9929
5633	-5107
9253	9929
7113	9929
6649	4917
459	-20143
3378	9929
7402	-95
2268	4917
13476	14942
8253	-10119
13484	-95
4462	4917
6444	14942
3669	-95
2267	-15131
16564	4917
388	-95
28690	4917
1474	14942
1020	-95
3174	-10119
4915	9929
4487	-10119
3871	9929
17077	9929
-1833	-95
10921	9929
3951	9929
-25314	-40191
-16207	-10119
1845	4917
689	9929
-6412	-10119
-3692	4917
20104	14942
-9782	-10119
751	-10119
13990	19954
3132	-10119
12507	9929
-5331	-5107
6759	4917
-6756	-95
8442	9929
-17433	-20143
13604	14942
-8460	-10119
-5999	-15131
5691	14942
1906	-5107
-9609	-5107
11717	9929
47	-95
18039	14942
-7448	-25155
-1313	-15131
-3233	-5107
761	-5107
2071	-95
-6469	-20143
1820	-95
9111	-95
-8537	4917
17141	14942
-5046	-5107
-13557	-10119
-5972	-10119
-801	-95
11260	9929
-11389	-95
7766	4917
2252	-95
-5181	-5107
17674	19954
-12981	-95
-12008	-15131
17845	9929
361	-95
9258	4917
6767	9929
14960	4917
-630	-95
10455	9929
-14335	-5107
911	-95
3068	9929
-2044	4917
409	-5107
8312	4917
2802	4917
11996	4917
6385	4917
-2463	-95
-2552	-95
-2615	-15131
-1708	9929
-10762	-10119
-20080	-20143
10749	9929
344	4917
-1449	-95
289	4917
-5140	-95
-8576	-10119
6921	4917
2085	-95
7897	-5107
-2430	-15131
15293	-95
6002	4917
19119	14942
-6795	-95
3577	14942
-21076	-15131
4569	9929
-5207	-95
6107	4917
-3094	-95
-260	-95
-3727	4917
8519	4917
847	-95
8618	9929
-1186	-95
-4880	-10119
-4343	4917
-8249	-15131
-2096	-5107
7671	4917
13473	9929
-15612	-5107
2685	-95
-17287	-25155
-1540	-95
-1195	-95
2259	4917
-7872	-95
12089	4917
-1860	-95
6483	9929
14210	-5107
3812	4917
-13045	-15131
741	-5107
6023	9929
-13593	-5107
1449	9929
-848	4917
-6755	-95
-3050	-10119
75	-5107
6856	-10119
6131	4917
-1217	-95
-9050	-5107
9771	4917
20005	14942
-17005	-20143
-11091	-5107
974	-10119
13470	14942
5531	4917
-7031	-95
-23865	-15131
-7686	-95
-16927	-20143
-3084	4917
3909	-5107
-16336	-30167
3305	9929
8167	9929
16023	9929
23321	9929
-159	4917
6219	9929
20609	4917
22415	9929
-5863	9929
2970	4917
1186	-95
-1598	4917
-3742	-95
13236	4917
11494	4917
-439	4917
6086	9929
13385	9929
-5264	-5107
-10054	-95
7081	4917
-4897	-5107
1000	9929
-15089	-10119
-2786	-5107
-10564	-95
10084	4917
4855	9929
20395	24966
2687	-95
18610	14942
-17569	-25155
-6436	-95
7669	9929
-2542	-95
-1081	4917
4197	4917
1459	-10119
7867	4917
12736	14942
-14417	-15131
-14381	-10119
-140	-95
-12263	-5107
11920	9929
-3530	-95
-4325	-5107
-11991	-10119
-991	-95
22225	9929
-4670	-10119
-11499	-10119
17751	9929
9263	-5107
-8674	-15131
-2002	-95
1134	4917
22454	24966
-3697	-5107
-1743	-95
-5544	-5107
-5025	-5107
-8473	-5107
-10107	-10119
-14378	-15131
1947	-95
1366	-15131
-635	-95
-6496	-10119
4183	9929
-2016	-95
-8323	-10119
26778	4917
-17611	-15131
-12629	-5107
-10705	-5107
-1762	-5107
-7534	-95
-6628	-5107
5631	4917
-8586	-95
-4081	-95
12054	14942
-11194	-5107
6360	14942
24257	14942
-17014	-15131
-26349	-25155
-4961	-5107
-5242	-95
-20668	-15131
4688	-5107
1503	9929
-2372	9929
7929	4917
-941	4917
11300	-95
-4808	9929
8757	4917
16611	14942
-705	9929
7178	4917
-7860	9929
-1503	-95
6165	-5107
-29875	-30167
4333	-5107
-2360	19954
-15122	-5107
-361	-95
8649	4917
2648	9929
-10324	-20143
-11499	-95
1621	4917
21121	14942
5597	4917
8854	9929
5579	9929
2448	9929
15371	14942
-1963	9929
12595	14942
5982	9929
-611	-95
-6434	-5107
7801	-95
10029	14942
-10022	-95
3525	-15131
1995	9929
-8011	-5107
-12119	-5107
10829	9929
-20319	-25155
-4845	-10119
12029	9929
-3262	-5107
3525	4917
18174	19954
-13352	-5107
30335	14942
-4542	-10119
-9319	4917
1066	-15131
18348	4917
-3105	9929
-5985	-10119
4519	-95
-5104	-10119
-14588	-10119
1872	9929
-11827	-15131
-10740	-15131
1320	-5107
12874	4917
3892	-10119
2106	4917
-5616	-10119
-15206	-20143
-8007	-5107
-3238	-5107
5611	4917
-1734	-95
-12633	-10119
3458	-10119
4599	9929
-8014	-95
-14189	-5107
-6403	-5107
1348	-95
13239	4917
6163	-10119
307	-5107
-2247	-95
-503	-5107
8208	4917
2843	4917
5124	-95
-12824	-15131
-4179	-95
14698	9929
9651	-95
5484	9929
8719	4917
-14508	-10119
-3368	-95
-11121	-20143
8504	9929
-10107	-95
14075	14942
8757	-95
-3579	-95
-7798	-95
-1376	-5107
1277	4917
-7858	-95
6094	9929
4919	-95
6479	4917
-11077	-5107
6879	4917
-13636	-10119
2336	-95
11694	9929
-2848	-5107
-5032	9929
4271	-95
-11811	-5107
4544	9929
9353	14942
4239	-5107
2012	-5107
-1444	-5107
844	9929
-2759	-95
-570	4917
-7706	-95
-20812	-25155
-671	-95
-12189	-20143
-13034	-5107
-18100	-10119
13818	19954
2793	4917
-5158	-10119
-15131	-15131
8708	14942
-7014	4917
-13253	-15131
2246	14942
-671	-95
20741	9929
8830	-95
-3572	-15131
-5165	-95
29040	19954
-3044	9929
-6825	-95
-4601	-5107
-4230	-95
-12850	-10119
-5194	4917
-8130	-10119
9878	60050
6418	-95
-9934	-10119
3276	9929
2605	4917
10998	-95
690	9929
-18622	-10119
-6594	-10119
-11679	-5107
-3778	-15131
-6247	-95
2056	4917
825	-5107
12507	14942
-4188	4917
4481	9929
4257	-5107
5506	-95
11079	9929
-7790	-95
-4712	-10119
8253	9929
-6953	-10119
4996	9929
13484	19954
18063	-95
3178	9929
12851	9929
9901	9929
-4585	-95
15156	19954
-3060	-95
11671	-95
12962	9929
-9926	9929
15384	-95
27244	9929
8398	-95
6405	-5107
3647	4917
-16689	-15131
-8788	-95
7187	-95
1909	9929
-9583	-95
-2133	-95
-2302	-95
-1790	-95
6758	4917
3483	-5107
8192	9929
11858	9929
836	-5107
-3078	-10119
-4012	-95
880	-95
2931	-5107
-6322	-15131
-11872	-95
-7519	-5107
21757	4917
-10351	-95
-13633	-5107
-9441	-5107
-634	-95
11329	9929
5675	-95
-5667	-5107
14458	4917
-9830	-95
3726	4917
12459	9929
-14965	-10119
8189	24966
1899	-95
-5634	-10119
-13855	-95
-3636	-5107
282	9929
3735	9929
-5705	-95
-20096	-15131
14615	4917
-1993	-95
-4183	-5107
-8732	4917
326	-5107
-3302	-15131
20226	24966
-13056	-5107
-8021	-5107
13944	19954
-17405	-10119
13441	9929
3521	9929
-10699	-5107
5345	-95
-9177	-5107
22972	19954
-3386	-95
1295	-15131
-10701	-5107
-4026	-95
-2042	4917
6950	-95
-3653	-95
5437	14942
-2721	-10119
5111	-5107
-755	4917
7672	14942
-8596	-15131
9821	-5107
6772	-95
3203	4917
4626	4917
-14308	-15131
2018	4917
-2327	-95
-12656	-95
-5468	-5107
11290	9929
-6034	-5107
8985	-95
-9908	-10119
-18686	-15131
-56	-95
-20471	-20143
1076	4917
-15644	-20143
-6361	-5107
2593	-95
-8422	-95
-3571	-5107
-14743	-95
8124	14942
902	4917
-10879	-95
8148	14942
8026	9929
11172	4917
-6134	-5107
2504	-5107
11479	4917
-14207	-20143
-7949	-5107
2702	4917
-9710	-20143
17884	-10119
-13933	-20143
9313	4917
-2616	-95
-6739	4917
2621	14942
-15121	-20143
14727	9929
-6136	-5107
-7327	-5107
-8283	-5107
-4118	-5107
10217	19954
2345	-95
-5547	4917
-8991	-95
-8080	-95
3412	4917
-1062	4917
2110	-5107
2224	19954
-9248	-10119
-3703	-95
15386	14942
-21118	-5107
-2229	-15131
-7335	-5107
5035	-95
-9749	-95
-14082	-20143
1467	9929
11756	9929
12045	4917
2478	4917
12992	4917
4636	-95
-8094	-20143
-2644	-5107
1630	9929
-5234	4917
-14795	-10119
5335	9929
-11750	-5107
22763	9929
-15172	-20143
10159	14942
10409	4917
-75	-95
2214	-95
11510	4917
854	4917
-6732	-5107
-581	-95
3004	9929
-4212	-5107
16425	9929
-404	-5107
-11679	-95
-8747	-5107
9590	4917
8737	-5107
17349	9929
-18932	-20143
-13524	-10119
6525	-10119
-1347	9929
-11899	-20143
-20972	-15131
-2432	4917
8480	14942
3123	9929
-2851	-10119
-15671	-10119
-5241	-10119
11583	4917
7881	9929
-4280	-95
-1217	-5107
6543	9929
-5763	9929
-1686	-95
741	-5107
4621	4917
-3344	-95
-8703	-10119
-20610	-15131
-33221	-30167
-13492	-5107
3186	9929
-2155	4917
-4792	4917
-18218	-5107
-6883	-10119
1201	-10119
9151	4917
6905	14942
-14131	-95
4358	4917
-5168	-95
-19577	-20143
-1639	-95
24051	24966
-27847	-30167
-1876	-5107
-11790	-10119
-4031	14942
6334	9929
18439	14942
-14815	-10119
7594	4917
-15827	-5107
-7554	-5107
-10541	4917
4326	14942
3643	-5107
-8734	4917
831	-95
1926	4917
-3175	-10119
-8877	-5107
8189	4917
-3457	-95
-5733	-95
-26471	-15131
18503	4917
5369	4917
8761	4917
-14551	-95
-7238	-5107
-5690	-95
12518	14942
1904	-10119
4910	9929
-13357	-10119
-5042	-15131
-1390	-5107
11831	-95
-15938	-15131
-2711	-5107
-13565	-15131
11053	14942
-6644	-10119
16558	4917
2027	-5107
3637	-5107
2729	14942
-6265	-10119
8943	4917
-5719	-95
1031	-95
4875	-95
-778	4917
-2264	9929
14303	9929
-14966	-20143
-6358	-10119
-5288	4917
10957	4917
-3584	-5107
6534	-95
5178	-5107
-1469	9929
10752	14942
2712	4917
12069	4917
-10528	-5107
-6530	-35179
-5992	-10119
1343	4917
6989	9929
-4209	-10119
-8415	4917
-7172	4917
6328	9929
4212	-20143
-8641	-95
994	4917
10822	9929
-16310	-10119
6168	14942
-12289	-5107
1696	4917
-4433	4917
9489	-5107
1392	-95
-919	-10119
3280	9929
7140	14942
2115	-95
-1023	19954
7302	-95
6556	4917
6259	9929
787	-5107
512	9929
6873	4917
-13982	-10119
-11030	-10119
-4044	-5107
5833	9929
-10541	-5107
5490	-95
10440	24966
18158	14942
21508	14942
-2091	-95
-5107	-15131
932	4917
-13793	-10119
-1889	-5107
2457	9929
-5700	-95
-8495	-95
-8205	-95
-9017	-95
19675	19954
-7661	-5107
-504	4917
826	-15131
-11442	-95
-17304	-10119
-15052	-10119
2713	9929
-7620	-10119
-5688	-5107
-6525	-95
-14266	-30167
5220	-95
-7885	4917
-16565	-20143
-10382	-10119
-4846	-10119
13045	-10119
2641	-95
-5190	4917
12600	4917
-5466	-95
-2658	-10119
-12403	-95
2846	-5107
6795	-10119
4030	4917
10317	9929
-6551	4917
-3157	4917
-6113	4917
4380	9929
8309	4917
17267	14942
-6429	-5107
-2936	4917
6854	-10119
6870	4917
1848	-15131
-326	9929
-9370	-10119
1504	-95
7260	14942
645	4917
-7661	-95
10829	-95
-2615	4917
-2173	4917
-8472	-95
5304	9929
6962	-95
11548	19954
10772	-5107
717	-95
9864	9929
7560	14942
13568	9929
-6068	-5107
-10705	-15131
-14703	-10119
13715	14942
11364	-95
-13396	-5107
6607	-95
-2805	9929
-314	-95
917	-95
-336	-5107
12517	4917
9256	14942
10970	-95
-308	-10119
3843	14942
-7793	-5107
-3475	4917
19107	4917
13664	-95
6408	4917
-4512	-5107
-864	-95
8370	9929
-2464	-5107
-180	-95
16746	-95
-507	-95
9043	-5107
1205	-95
-4261	-5107
6470	-95
1488	14942
-12028	-5107
-22129	-15131
6006	-5107
3430	4917
13229	9929
-2644	-5107
11959	14942
5433	-5107
-10586	-15131
11385	-95
-2533	-5107
-15879	-95
-4865	-10119
9400	9929
17849	9929
-1676	4917
11649	4917
-3828	-10119
-3819	-95
-1513	14942
-5261	4917
-1668	-5107
1044	-95
-8460	-95
-3013	-10119
-12131	-10119
1152	4917
7384	4917
8223	9929
7513	14942
-5562	-5107
9644	19954
1445	-5107
-8904	-5107
-5392	4917
9648	9929
23559	-5107
13032	14942
1172	-5107
4238	9929
-7730	-95
-16366	-20143
7712	9929
423	-5107
-12722	-20143
-169	4917
3218	9929
15908	9929
9978	4917
-8380	-15131
-7850	-95
-20351	-5107
-9222	-95
13116	4917
5825	-95
-6932	-10119
6275	9929
-9291	-95
-4276	-15131
-13928	-10119
9919	9929
-17607	-5107
20931	14942
-6621	-5107
-1676	4917
-13413	-10119
-7835	4917
-15271	-20143
17652	14942
13311	9929
-7793	-95
9245	14942
-16329	-5107
-4268	-15131
12853	9929
20206	14942
4011	-10119
-1049	-95
-647	-95
7825	4917
9382	9929
-4748	-95
1799	4917
6789	9929
13199	9929
26792	4917
701	-95
3746	-95
1165	4917
-19724	-20143
5401	4917
-4842	-5107
15608	4917
-25405	-20143
17849	14942
6697	4917
4997	-5107
8642	-5107
14292	9929
3015	-5107
14568	19954
213	-95
-3052	-5107
-1522	-10119
190	14942
-645	-95
-21752	-15131
387	9929
7695	14942
1451	4917
-10508	-5107
-110	-15131
-3312	-95
4277	-95
-29820	-30167
15521	9929
4321	4917
492	-5107
-915	-10119
-11798	-10119
10251	4917
-13763	-10119
-9729	-5107
-7652	4917
-11576	-15131
-279	9929
-4085	-5107
9143	9929
-698	-95
1646	-5107
-7327	-5107
-2130	4917
2083	-95
919	4917
6352	-95
-13193	-5107
14062	19954
-2104	-95
-5540	-95
16169	4917
-13225	-20143
10920	-95
-33	-5107
17608	9929
15699	14942
3544	-95
4854	9929
-11670	-10119
-5980	4917
13627	14942
-20951	-20143
-4975	-5107
-10126	-5107
2368	4917
2955	4917
10224	9929
4371	4917
-15085	-10119
-4976	9929
-5021	-95
-7060	4917
-7385	-5107
-10569	-95
5796	9929
13448	14942
-5885	-95
1814	-10119
-12066	-20143
-2056	4917
-7767	-10119
-3869	-95
4739	4917
26306	24966
-418	-95
70	-95
15841	4917
10629	14942
-6767	-10119
4913	-95
9001	4917
-18615	-20143
11744	14942
-12008	-15131
-8374	-15131
-6741	-5107
13174	19954
-8817	-95
12361	-95
-4727	-30167
-5507	-95
17980	-95
-771	9929
-1290	-95
10372	4917
-15754	-15131
-11846	-5107
-17468	-20143
2871	-95
16619	9929
10663	9929
1920	-95
-7244	-5107
8439	4917
-10623	-10119
13431	9929
-12666	4917
-11970	-10119
7030	9929
433	-5107
2077	-5107
-8767	-10119
-2793	9929
-4566	4917
4586	-95
6658	9929
5423	9929
1242	4917
1399	-95
6453	9929
13498	9929
-1519	9929
-4455	-5107
13933	9929
-21186	-20143
129	4917
12225	4917
11056	4917
-7574	4917
-2265	-5107
-12916	-5107
-8364	9929
270	-95
11170	-95
1231	4917
-6825	-5107
-12004	-10119
404	-5107
8120	14942
-3446	-10119
2718	9929
52	4917
6117	4917
-5344	-95
1603	4917
3956	9929
-22641	-20143
4847	-95
-45	9929
-9836	-10119
-18291	-20143
-5327	-95
6957	4917
-7584	-95
-3268	4917
-1884	9929
10170	9929
13895	4917
-2800	14942
-6230	-15131
7628	4917
6784	-95
-2921	4917
6982	9929
-15345	-20143
-2179	4917
-543	-95
-2376	-95
-5735	-95
4431	9929
-4585	-15131
-550	-95
9827	9929
4308	4917
2474	-5107
-918	-25155
-2595	-95
-16809	-25155
-13430	-10119
6484	-5107
1709	-95
-8458	-5107
2311	9929
1042	14942
-22720	-25155
-6064	-10119
3773	9929
426	-5107
-12229	-95
-7513	-20143
3338	9929
-1422	-95
9353	-95
-2833	4917
-5363	-95
9200	4917
-5766	-5107
11364	9929
-9160	-10119
23	-95
-3991	-95
9491	-10119
11711	-10119
320	4917
-7788	-95
-12083	-10119
-8971	-15131
501	4917
5309	-95
-1430	9929
-597	4917
-3407	-95
-10204	-10119
4758	4917
3374	4917
-12928	-10119
252	4917
-3432	-15131
718	4917
9962	-95
19695	14942
17537	14942
-6102	4917
-20020	-15131
-3999	-95
-1585	4917
-11495	-95
-6268	-15131
-7098	-10119
13542	14942
-2194	-95
14475	14942
-884	-10119
6519	-95
-4473	-5107
-10825	-5107
-10548	-5107
4360	9929
1127	-95
-21733	-10119
-6015	-95
4030	9929
-10998	-25155
3341	-5107
8177	9929
6332	9929
-22258	-25155
5671	4917
9761	-95
-7618	-95
-16424	-15131
14858	-95
14883	14942
-11322	-20143
-463	4917
-9835	4917
-1333	4917
-7014	-95
-6889	-95
13652	9929
-11181	-10119
-1380	-95
1490	-5107
9365	9929
1951	4917
5353	-95
-6565	-5107
-3561	-5107
63	-95
-2594	-5107
199	14942
-7897	-95
8144	14942
-5770	-5107
5733	9929
4325	9929
3508	4917
-12661	-20143
-13138	-5107
6298	-5107
-6379	-95
-3462	-95
-9492	-15131
-13099	-95
-2031	9929
4481	-95
-11435	-95
-2503	9929
1080	-95
12345	4917
-12625	-20143
22677	19954
1859	-95
-3357	9929
14751	14942
-10795	-15131
11312	9929
3231	-95
-1348	14942
5685	14942
12777	-95
3949	-95
-8568	-10119
3473	-95
787	4917
-4909	-5107
13692	4917
-1276	9929
11054	-5107
4261	4917
13491	9929
1511	-5107
-3682	-5107
-3177	-95
-16142	-15131
13183	9929
13261	19954
-5307	-10119
2305	9929
-7433	-95
-7225	-10119
-6047	-5107
-9282	-10119
-11667	-95
-5391	-95
-9481	-15131
16176	4917
2319	-5107
2836	4917
3463	-95
-2636	-10119
-1831	-95
3042	4917
1463	-95
2130	-95
-3390	-95
19200	-95
-2780	-5107
1495	-95
-1349	-10119
-9609	4917
9145	9929
6601	-95
7637	9929
-9784	-10119
-14193	-10119
-9122	-5107
-3036	-95
247	-95
-1087	4917
-7866	-5107
7866	-15131
-1461	4917
7800	9929
-726	-95
13458	4917
-815	-95
10127	-95
-2007	-15131
-2636	-95
-3735	-95
-16451	-15131
-5166	-5107
3197	9929
-5927	-5107
18754	4917
4312	4917
9799	9929
-1716	-5107
-4270	4917
15502	4917
-11491	-10119
-46	-95
18885	9929
6473	9929
-8714	-95
-11111	-95
2148	4917
-2559	-10119
12280	9929
15672	9929
15669	-95
-12043	-5107
26808	14942
-7086	-5107
5239	4917
-8818	-5107
3338	4917
19987	9929
-665	-95
-11872	-5107
5992	9929
-7334	-10119
-6428	-15131
5793	4917
6145	9929
-4327	-5107
-9303	-10119
-7299	4917
1499	-95
-10283	-5107
17285	4917
2541	4917
8460	14942
-1512	-10119
140	-95
-8862	-5107
4436	4917
6788	4917
3775	4917
2728	9929
-5980	-15131
-225	-10119
-24059	-20143
-7991	-5107
-471	-95
-7357	-10119
-8700	-20143
2704	-5107
15995	14942
-2581	-10119
5453	-95
7990	-95
6039	19954
-5133	-10119
6183	4917
-21149	-15131
-5185	9929
8915	14942
-8099	-95
15864	9929
7831	14942
6823	-95
6511	-95
-4833	4917
-6887	-5107
-4977	-95
4519	-95
28337	14942
3092	9929
-8322	-10119
4602	-95
-4179	-5107
-6115	-95
-19118	-25155
-10128	-5107
803	-95
-5703	-95
-15882	-20143
2786	4917
-7779	-95
-4752	-5107
-5338	-5107
19367	4917
-680	-95
5231	4917
-3400	-5107
-629	9929
7857	4917
-11394	-20143
-9665	-5107
8469	9929
6408	-95
-5719	-95
13882	-5107
-6857	-95
-7306	-10119
-4384	-95
-302	4917
-2983	-95
10437	4917
-14917	-5107
8751	4917
5991	9929
-8355	-15131
2532	4917
-16029	-5107
938	9929
1470	-5107
6924	-5107
-6372	-5107
3282	-95
13985	4917
864	4917
15284	9929
2095	-95
1467	9929
-5185	-5107
2378	14942
-10696	-10119
6330	9929
-6873	-5107
10964	9929
-15290	-95
-5270	-10119
-6726	4917
-3180	-95
16245	-95
20371	19954
-6340	4917
8251	9929
6515	9929
13589	9929
-1987	-5107
-2147	9929
5749	4917
9931	-95
-9851	4917
5182	14942
7554	-95
2833	4917
2638	4917
-8756	-95
-640	-95
1189	-5107
2787	-10119
2781	-95
-7876	-5107
13712	4917
-9251	-95
-4070	-10119
2617	-5107
-13627	-20143
-12666	-10119
13382	-10119
14784	4917
-3914	-5107
139	4917
-4317	-95
-15989	-5107
-14791	-5107
-17525	-20143
3487	4917
8135	14942
8898	9929
-13471	-5107
4101	4917
3558	-95
-12638	-5107
-7900	-95
6017	9929
17312	9929
-20834	-15131
3374	9929
23289	14942
-3707	-5107
-5249	9929
2920	-95
6188	-95
6286	14942
9752	4917
1430	-5107
-184	-95
-5345	-5107
-7968	4917
-52	9929
1522	4917
11270	9929
-1170	-95
-12601	-5107
-8237	-5107
14147	9929
-2493	-5107
14243	9929
2740	-95
-2823	-95
17848	14942
-11455	-95
909	-15131
-14645	-15131
8699	4917
11728	4917
-6571	-5107
3699	14942
14621	14942
17042	-95
5224	-5107
-15906	-15131
-1838	-10119
-15654	-10119
-10308	-15131
-3852	-95
21106	14942
11139	9929
5175	9929
-6340	-95
5737	14942
-10308	-15131
8641	-5107
-543	-95
-492	-5107
-5170	-95
13860	14942
16438	9929
-1277	-5107
8293	19954
-4293	-5107
-6163	-10119
-10318	-95
926	4917
-2644	-95
10660	9929
13180	14942
-14293	-15131
-1836	9929
-7784	-5107
-16034	-20143
17070	4917
7613	9929
149	9929
1078	-95
-4083	4917
6918	-5107
8361	4917
-6900	-10119
-5945	-95
-12487	-5107
10420	4917
12564	-95
-4823	4917
512	-95
983	4917
7621	4917
-10576	-10119
-1339	-95
-11708	-5107
-12314	-95
-7154	4917
4345	-95
-349	-95
5074	-5107
6122	9929
3863	9929
-6959	-5107
-13552	-15131
7314	-95
7556	4917
-8878	-20143
-7786	-10119
-19705	-15131
-8604	-10119
7985	9929
1731	4917
-5467	4917
-12398	-5107
8966	-5107
-10319	4917
9841	-95
2329	-95
-12878	-10119
8983	9929
4273	-5107
9538	14942
-5418	-15131
-5870	-95
-16596	-10119
7298	9929
9567	9929
-3411	4917
-16988	-20143
14600	14942
10921	14942
8835	-5107
10304	14942
-2694	4917
10820	4917
-770	4917
-2029	-95
9129	19954
-932	-10119
-14857	-5107
17884	9929
-13215	-10119
5787	9929
-7627	-5107
5089	9929
16823	19954
-7859	4917
-8538	-5107
2963	-95
-12631	-5107
-6128	-95
4085	4917
4096	-95
-458	-5107
6413	-5107
12101	9929
15061	4917
4160	-95
-19846	-10119
-1636	-95
-12784	-15131
-291	-95
3518	14942
108	4917
-6894	4917
-3974	-5107
11203	9929
-15230	-15131
16739	14942
-16292	-5107
13670	4917
14656	9929
-13280	-15131
7333	-5107
-10009	-10119
-10762	-10119
9436	-95
674	-5107
11171	4917
-14003	-15131
-506	14942
-8986	-5107
-5140	-95
-7840	-10119
-10197	-15131
-1077	14942
3110	-5107
-7538	-20143
10885	4917
-11288	-95
3795	-95
6039	9929
-3778	4917
11512	9929
-13926	-10119
11046	-5107
-897	-95
-4837	-95
-6631	-5107
334	-10119
-10912	-10119
-4172	-10119
-3982	4917
-5305	4917
6628	19954
10259	9929
-8827	-20143
6381	4917
-1431	14942
-36747	-50215
25906	-95
-10559	-95
9474	9929
23092	14942
26506	19954
2208	-10119
2089	4917
13073	14942
-10964	-95
-7008	-10119
-7110	4917
24047	14942
1571	4917
2529	9929
19289	29978
2956	-95
1185	4917
-1770	4917
8574	9929
9146	19954
9902	9929
5886	4917
-917	-95
-10824	-95
-5901	-10119
-10490	-5107
9925	14942
14531	4917
34659	19954
8806	9929
-4528	-5107
-12047	-20143
2667	9929
4319	19954
-8407	-10119
-10950	-10119
-6503	-5107
-6118	-5107
-490	-10119
-414	-10119
5819	9929
-18994	-15131
-888	4917
2854	-5107
8176	4917
11315	9929
-10748	-5107
-9579	-10119
7520	9929
-3065	4917
487	-5107
-5854	-10119
3876	4917
-7442	-5107
2842	-5107
-3977	-10119
7278	-95
13375	19954
-5409	-5107
6551	4917
-2290	-95
23715	14942
3240	4917
-18315	-5107
-5592	-5107
1413	-95
-4524	19954
9900	14942
7166	4917
-371	-95
927	4917
-45	24966
-1315	4917
3458	-95
2665	4917
-14910	-5107
14206	9929
9313	9929
4447	4917
-18621	-15131
-7415	-10119
15660	14942
-7828	-95
-4198	9929
9341	4917
2560	14942
-7102	-15131
2874	4917
-746	-95
15617	4917
-3347	-10119
-8132	9929
822	-5107
-3191	-95
-4057	-10119
-7161	-95
-11088	-10119
-2261	-5107
-6036	4917
-6448	-95
1390	4917
9846	-20143
21514	14942
11	-5107
4033	4917
-221	-5107
-10099	-95
7937	4917
-837	-5107
-5923	9929
16373	14942
786	-95
3860	-95
-4102	-95
6344	-95
-10511	-15131
9140	4917
-5252	-5107
-6962	-95
-3312	-5107
-14660	-10119
18980	-95
-6535	-10119
5396	14942
-14868	-10119
-7289	-5107
-7755	-5107
-7817	-5107
3627	-95
-5689	-10119
-8022	-95
4361	-5107
20419	19954
-22772	-25155
10955	-95
10307	14942
-442	-5107
-4537	4917
-14551	-10119
-10002	-15131
-8415	-10119
-5697	-95
-3492	4917
-25343	-20143
11716	9929
3633	-5107
8085	-5107
-10570	-5107
4041	4917
-2601	-95
4401	-10119
17681	19954
6355	-95
-9604	-15131
-8056	-10119
-3682	-5107
18499	4917
7953	4917
-18440	-30167
-3915	-95
-2826	-95
-5449	-95
-15108	-10119
7801	-10119
19235	9929
5221	24966
5250	-95
1843	-95
3803	4917
197	-95
-4726	-95
10439	9929
6642	-95
1383	4917
-19780	-20143
12518	4917
-891	-5107
-8239	-5107
-485	4917
1667	-5107
9492	-95
2738	-95
5549	9929
-14145	-20143
11123	4917
-2693	-95
-5091	-5107
-832	-95
14653	9929
5467	4917
-21667	-20143
3850	9929
-4380	-10119
-435	4917
-356	-95
4968	14942
-3458	4917
-13813	-20143
-6212	-15131
-19605	-20143
4798	4917
12930	4917
-2185	4917
-4445	-5107
-281	-95
-3510	-95
16916	4917
8645	-95
10648	4917
-3016	-95
-2561	4917
-12344	-15131
3237	-5107
1127	9929
-8977	-10119
-7294	-95
7775	4917
-4737	-95
-13684	-30167
-13368	-5107
-8030	4917
-16620	-20143
-13333	-20143
-11564	-95
-12898	-95
-6656	-95
2675	4917
-4233	-5107
-5893	-95
-4979	-5107
-6597	-10119
-1595	-10119
-6296	-5107
-10379	-10119
-8250	4917
7720	9929
4659	9929
-3407	4917
-9733	-10119
3114	9929
6511	4917
5371	4917
-5352	-20143
-651	-95
-8258	-95
-13157	-15131
12869	4917
17423	9929
-2391	-15131
-7662	-5107
-2828	-95
861	-10119
-7017	-5107
-6932	4917
-1210	-95
-4903	-10119
10026	4917
-9367	-5107
16279	-95
5274	4917
8610	9929
17130	24966
-7518	-5107
-22447	-15131
-3943	-95
-9015	-10119
-7214	4917
-21680	-25155
-21822	-10119
-15116	-20143
15278	-95
13801	-10119
2140	-95
6742	4917
3991	9929
-5545	4917
-8687	-95
2034	4917
-6498	-95
-6758	-95
-4351	-95
5185	-95
3166	4917
-971	-5107
12403	34990
-4118	-95
3236	-5107
3662	4917
-904	4917
-2846	-95
2246	4917
-18879	-15131
22866	14942
5739	9929
-7588	-95
-2919	-10119
12052	9929
-11348	-10119
-14631	-5107
14886	9929
-15940	-10119
-5945	-5107
-5450	-5107
-5373	-5107
26696	14942
-16731	-5107
1964	-95
17367	14942
6572	9929
20341	14942
-7810	-15131
-12081	-5107
-15318	-10119
-6519	4917
-19698	-20143
-14597	-10119
-6266	-5107
-9841	-95
-3972	9929
-4249	4917
18783	9929
-5754	-95
5878	-5107
5755	9929
-1517	-5107
5650	19954
-11910	-5107
-1997	9929
-2150	4917
-8358	-20143
11573	14942
-4263	4917
-9915	-10119
-10152	-20143
12252	19954
5644	4917
-10289	-20143
4534	14942
13737	4917
20617	9929
10865	9929
3805	14942
-7625	4917
-15541	-10119
-134	4917
-20245	-25155
-12552	-5107
4236	-5107
18843	9929
-10058	-95
10740	9929
6845	4917
-214	9929
-2491	-95
22150	9929
-3575	4917
8629	-95
18726	14942
-2185	4917
12134	4917
-1585	9929
8016	-5107
-11304	4917
-7901	-10119
-653	-5107
-142	9929
-4950	4917
-16919	-15131
-8449	-5107
-10843	-5107
-4171	-95
-1108	4917
-812	-95
-10067	-5107
2214	4917
1372	9929
-4426	-5107
-9007	-15131
6733	9929
-8783	-5107
-11497	-10119
2056	-5107
5948	9929
-549	-95
-18391	-10119
730	4917
-744	-95
15634	4917
-307	-5107
8658	4917
6118	-95
-9182	-5107
-18875	-5107
5194	4917
-3431	4917
11069	4917
-817	-95
7286	4917
-6419	-5107
3344	4917
18242	9929
-705	4917
17285	24966
-12933	-5107
15081	9929
-401	4917
15052	-95
-4147	-5107
4391	-95
5312	-95
27207	9929
-7480	-95
-18800	-10119
-2663	-10119
-3130	-95
4237	4917
15252	14942
-16689	-20143
-4242	-15131
-8994	-15131
-16326	-10119
4848	9929
6912	14942
8497	14942
19518	-5107
-10910	-5107
6777	4917
115	-95
-1598	-15131
2136	9929
-27173	-30167
6306	4917
8077	14942
9158	14942
-5833	-10119
-7945	-15131
4588	-5107
14691	9929
385	-95
850	-95
-4693	4917
-135	4917
3915	19954
-6918	-5107
-3809	4917
11223	14942
16236	-95
5626	4917
-4728	-95
16667	-5107
3912	-95
21964	24966
9746	4917
1871	-95
-4009	-95
11244	4917
4832	19954
-4811	4917
-3085	-10119
240	-5107
-5211	4917
2702	4917
3821	14942
-988	-95
-23612	-30167
4849	-10119
62	-95
-30	9929
-3129	4917
-9765	-5107
-1745	-5107
-11013	-10119
8331	-5107
6818	19954
-378	4917
11726	9929
8381	-10119
-2596	-10119
15721	14942
2372	14942
20184	24966
-1579	4917
8206	9929
3089	-10119
15520	4917
6077	4917
8831	9929
-1175	-10119
-3845	-95
-13439	-5107
18788	14942
14131	-95
-3581	4917
6482	9929
-2687	-95
-542	-95
11787	9929
-9489	-5107
9021	9929
17922	14942
-21869	-15131
5752	-95
-6154	-95
-1983	-10119
-16933	-10119
-907	4917
-176	-10119
25668	4917
25675	4917
-8778	9929
4721	4917
-4750	-5107
1751	4917
16075	9929
15504	-95
5616	14942
-7905	-10119
2725	4917
-68	4917
15345	14942
2136	-95
5226	-95
7983	-15131
8956	9929
-3505	-95
9024	-5107
19096	9929
-11637	4917
2534	4917
7397	4917
-14473	-5107
-506	-95
1803	4917
-7354	-5107
10820	-10119
3495	9929
9572	19954
-4193	-95
-2716	-95
-7128	-5107
9620	9929
-850	-5107
-3545	-95
6487	9929
4242	9929
-4480	-95
4610	-95
3865	9929
-11412	-5107
10158	19954
-6675	-15131
949	-95
7643	9929
-10963	-10119
10584	14942
-1054	-95
-12536	-5107
-3481	-95
-4868	-20143
-6353	-5107
-1896	4917
-2202	-5107
7604	-95
-3996	-5107
-5235	-5107
-2368	9929
5217	4917
6964	4917
1929	4917
23615	14942
6875	14942
71	9929
-6817	-25155
-13221	-10119
-2569	4917
20946	14942
14305	-95
11205	9929
1313	-10119
13278	4917
-5316	9929
-8905	-95
-4496	4917
-8924	-5107
-20475	-25155
-3177	-10119
7417	9929
-7623	-10119
8912	-95
-11386	-95
-3982	-95
-8391	4917
7631	-5107
-9470	-10119
17751	4917
-6660	-5107
-4242	-5107
-14833	4917
9230	-95
3795	14942
10088	9929
2175	-5107
6853	9929
5036	-95
-188	4917
5711	4917
-3121	-95
-297	-20143
-5899	-10119
-347	-10119
13091	4917
1614	4917
-2127	9929
3296	14942
376	-5107
15192	9929
-7189	4917
3995	9929
-5983	4917
-8521	-10119
-3025	4917
4963	4917
-9715	-95
209	-95
-9398	-10119
4538	9929
-12799	-10119
10300	-95
9465	-95
7033	4917
2193	-15131
10727	14942
941	-95
-13008	-15131
2988	-5107
4931	9929
12307	-95
-7590	4917
12705	-95
4496	19954
-471	-95
-8178	-5107
-9309	-10119
-258	-5107
-353	9929
7335	4917
1763	-5107
-10518	-5107
-3828	-95
-1450	-10119
-4857	-5107
4657	14942
-7053	-10119
-1038	4917
13566	4917
-2259	-95
-7602	-10119
12191	-95
14814	14942
-5031	-95
8144	4917
10205	4917
-16076	-20143
3689	-95
16437	4917
1438	-5107
-13252	-20143
-9757	-95
20774	4917
8840	4917
19452	14942
-10427	-95
7996	4917
5725	9929
3924	4917
3160	4917
-12654	-15131
5032	19954
2805	-95
-5298	4917
5812	-10119
-8788	-5107
1539	-95
2602	4917
2813	-95
16033	9929
-13623	-20143
2272	-5107
-2232	4917
-1012	-5107
-12559	-5107
-14246	-5107
-1170	9929
-5493	-10119
18224	9929
15571	9929
-2981	-5107
-17667	-15131
19477	29978
2147	4917
6596	4917
2706	4917
19406	9929
-7023	-15131
-8642	-95
5043	-95
-9961	-5107
-13324	-5107
8597	14942
-12092	-10119
6513	-95
9327	9929
6196	4917
-13395	-15131
-3131	-95
6620	-95
-7152	4917
18195	4917
-12831	-25155
-9195	-95
-4051	-95
816	-95
-6994	-5107
-6042	-10119
-359	-95
-9890	-5107
4698	-95
-6750	-5107
-7709	4917
-5795	-15131
4876	4917
-11046	-10119
14140	-95
5898	4917
-15713	-15131
-5482	-95
-380	-95
-8771	4917
-3803	-95
-14870	-15131
8960	14942
6222	4917
7445	-95
-4657	-5107
-44278	-75276
1437	9929
2925	-95
11773	9929
-6479	-95
-14248	-20143
15831	-5107
-4025	-5107
-8421	4917
-5173	-5107
6239	-95
1028	-5107
2830	9929
-8093	-10119
1124	-95
8483	-95
-6677	-5107
-4476	-20143
-11505	-5107
2076	-95
-1177	9929
-516	-95
11612	-95
12361	9929
-14631	-20143
8711	-5107
11732	9929
22235	14942
8866	-5107
4356	-5107
6566	4917
-3966	-95
-7472	9929
7071	9929
8130	4917
-6522	-95
-9012	-5107
6168	14942
5673	4917
-2649	-95
14167	9929
-13124	-10119
11315	9929
20175	19954
3076	-5107
7505	9929
-1041	4917
1902	-15131
-3022	-5107
15280	4917
-7655	-15131
13936	9929
15437	4917
-3579	-95
2946	9929
-7214	-95
-474	4917
-2076	14942
-1822	4917
-1153	-95
2423	4917
-895	-5107
-12004	-10119
4815	9929
1510	4917
-22019	-30167
7421	9929
-20289	-10119
-1611	4917
-1494	-5107
1770	-5107
2704	-5107
415	4917
6640	9929
-1648	4917
4373	-95
11032	14942
-13097	-5107
-10392	-5107
-4098	-5107
-325	-95
-2209	-5107
-24480	-30167
-80	-95
6630	-5107
-18004	-15131
-5591	-95
2505	9929
5473	-95
-9989	-95
866	-10119
2374	4917
-634	-95
2964	-10119
5462	9929
12874	19954
10469	4917
2759	9929
4458	9929
928	9929
-6157	-95
1476	4917
-4688	4917
1409	4917
158	4917
5558	4917
8574	4917
16951	4917
1335	-5107
14516	14942
-4510	-15131
-25236	-25155
17736	-5107
-14930	-5107
-2589	-10119
11138	9929
-500	-10119
-9981	-10119
3981	4917
-3258	-5107
1918	-15131
-4372	4917
-3059	-5107
-12992	-10119
11954	4917
-8633	-5107
12497	14942
10144	4917
20229	4917
-1319	4917
-10187	-15131
3780	4917
6683	4917
5641	14942
-9859	-5107
-6424	-95
-8512	-5107
7298	4917
12034	9929
15412	-5107
4276	4917
-4920	-95
-817	4917
-18572	-10119
-6016	-15131
311	-10119
3867	-95
-12704	-15131
2492	-95
-10459	-15131
4758	14942
-6357	-5107
-1926	-10119
-8407	-95
4967	9929
-9093	-10119
-15211	-15131
-24014	-30167
-6236	-5107
14359	19954
-12906	-5107
19809	14942
-6350	-15131
3721	-95
-1247	4917
-13051	-15131
7008	14942
-7761	-95
16432	19954
-3743	-5107
2198	-95
14404	-15131
1816	4917
1688	-5107
-8185	-95
19795	14942
7242	9929
-3906	-15131
22612	24966
-12462	-15131
-10447	-5107
-1648	4917
-19037	-20143
-1923	9929
-10887	-10119
2374	-5107
-18734	-10119
3632	-95
1430	4917
6259	-5107
22673	14942
1623	9929
-3776	-95
2339	14942
3103	4917
4722	4917
-2268	-95
-6768	9929
1374	-5107
-2629	9929
8151	4917
17381	14942
-18274	-20143
-3998	-95
-3848	4917
-3249	4917
-3742	4917
-7086	-95
-5545	-10119
3211	9929
2278	9929
4901	-10119
9002	-95
-3819	9929
-12433	-5107
10486	19954
11673	-5107
5026	9929
6229	4917
17213	9929
-9081	-95
-6291	4917
-2876	4917
-18226	-10119
-23403	-20143
3298	14942
-437	-5107
669	-95
3311	-15131
9218	14942
-598	9929
-11221	-5107
-1848	4917
-10103	-15131
-6957	9929
-7263	-95
-14288	-10119
1828	-5107
12242	9929
-6987	4917
-15395	-15131
-5789	-15131
17880	9929
-12221	-15131
-12924	-5107
5404	-95
-648	9929
15255	14942
-8735	-5107
-12153	-15131
-13028	-95
-11649	-5107
6506	-95
-6485	4917
-5835	-95
-11738	-5107
12308	14942
12784	14942
-16982	-10119
3658	4917
-1866	-5107
-15233	-5107
452	-95
9341	-5107
-4344	-15131
12850	-5107
8440	-5107
6934	4917
-2136	9929
940	4917
-26653	-25155
7923	4917
-12440	-15131
11326	4917
-6715	-5107
-13088	-95
11495	4917
14325	9929
27380	19954
-11747	4917
5027	4917
866	4917
7579	-5107
9280	-10119
6715	-95
-5337	-10119
6236	9929
11980	4917
6836	-95
12578	4917
-13155	-10119
7474	9929
1087	-20143
-13437	-95
6615	-5107
1574	-10119
2343	9929
5866	14942
-15946	-95
6999	-95
-10965	-5107
-6115	-5107
7611	14942
3546	9929
-13523	-25155
-5282	4917
-3657	4917
-28160	-35179
9209	4917
6171	-95
-8141	-5107
14359	14942
5567	-5107
1506	-5107
2012	14942
3203	-95
3633	4917
10175	14942
2701	4917
-7986	-95
5074	-5107
7426	14942
-15186	-25155
-24426	-20143
-9119	-25155
-1470	-10119
-16213	-15131
2304	9929
8394	-95
-1319	4917
-5570	-5107
-1534	9929
11032	9929
-4567	-95
-5428	-15131
4020	4917
-15573	-5107
556	-95
2858	-95
-12377	-5107
3309	4917
-8095	-20143
917	14942
-1342	-10119
23590	19954
5499	9929
-10936	-5107
-12156	-5107
-14564	-5107
13810	14942
-723	-5107
-7319	-5107
-2664	4917
-366	-5107
2229	4917
1046	4917
-8583	-10119
-3177	-10119
14277	14942
-9613	-10119
-118	4917
-3915	-5107
7356	4917
-6968	9929
2014	-95
-18986	-15131
8930	4917
-5507	-5107
-6451	-5107
13517	19954
14849	9929
-5080	-95
4109	4917
-15938	-5107
11329	-95
3521	-95
6139	-95
-20238	-15131
-2215	-95
-11197	-95
4617	9929
1313	-5107
7623	4917
-9757	-10119
5489	-5107
-8441	-20143
-1459	-5107
-968	4917
4387	9929
-10692	9929
-3186	9929
-12438	-5107
12605	4917
-3720	9929
-275	-95
8318	-95
4579	-95
-1042	-95
-17791	-15131
-12945	-15131
-4707	9929
9267	4917
1475	-5107
-10192	-95
5978	4917
-11835	-10119
23982	19954
10842	4917
12977	-95
12300	9929
-986	4917
26666	19954
3912	9929
-17117	-15131
17088	9929
-7849	-95
-16086	-20143
-1802	-95
7421	19954
8463	-5107
3454	4917
7500	9929
9510	9929
-2480	-95
9627	-95
-7740	-5107
-10036	-95
16313	24966
-8987	-10119
11550	4917
-5773	-20143
2233	-95
10029	14942
-14022	-10119
-4656	-5107
-3775	4917
-11974	-5107
-7999	-95
6526	14942
-2001	-95
15533	14942
-8856	-95
-5169	-10119
-13850	-10119
-2417	-95
11870	9929
-1163	-10119
-18582	-15131
15778	9929
-3346	14942
-6211	-95
3542	4917
1089	-95
-3595	-10119
-8189	-5107
6636	-95
-4263	-5107
-8038	-95
-6896	9929
-12958	-10119
16211	9929
-20950	-20143
-6293	-95
201	-95
3054	4917
112	-95
-10318	-5107
3794	4917
6756	4917
7641	4917
-10138	-5107
-3575	-15131
-882	-10119
-12899	-5107
-2764	-95
-4933	-95
1135	4917
8460	14942
-5736	-10119
23245	14942
-6251	9929
-15970	-5107
8087	14942
-22595	-20143
5666	9929
20378	9929
-6588	-10119
3668	4917
7565	-5107
1527	4917
-18757	-5107
-2054	-5107
-7706	-5107
532	-95
7405	4917
4396	4917
-8005	-30167
1573	-95
11626	24966
14027	19954
-9156	-10119
17306	14942
2897	14942
-1117	-5107
6848	-95
5943	-95
2218	19954
8243	14942
-7598	-95
936	-95
15494	14942
12783	-10119
-6387	-5107
29315	29978
-2286	4917
-12251	-15131
6077	-95
-11343	-95
-15697	-20143
-10021	-20143
-11033	-5107
-8274	-10119
5804	-5107
6342	9929
-6864	-95
5794	-95
-17087	-5107
-7387	-95
-6881	-15131
6668	4917
-373	4917
2647	9929
8305	9929
-21857	-20143
-6652	-10119
7442	-5107
-3989	-10119
-7281	-10119
2439	4917
-7199	-10119
-19540	-10119
-2611	4917
16585	4917
5936	9929
-13091	-20143
10981	9929
-4521	-20143
15814	14942
5172	4917
-18823	-20143
-4557	-10119
10771	9929
-80	14942
17971	9929
-14216	-15131
-2004	4917
-1892	-5107
25058	19954
6548	4917
-3206	-5107
12369	9929
-6964	4917
-7382	-95
16295	14942
-3976	-5107
8565	4917
-4404	-95
-3454	-10119
9559	9929
-3426	-15131
2796	-5107
-12169	-10119
12536	4917
1868	-10119
9013	4917
-15413	-5107
-5085	-95
2495	-95
11757	4917
-2302	4917
-4535	4917
508	4917
9130	9929
11038	4917
-1253	-95
-3636	-10119
-6010	-5107
99	4917
-1267	-95
5564	14942
-1628	-15131
2238	-5107
-1687	-5107
1485	-95
-13397	-25155
20174	9929
-6027	4917
11914	4917
16492	14942
12140	9929
10580	-95
3816	9929
-7675	-10119
-1065	19954
-9810	-10119
-4287	4917
3407	4917
4948	-10119
9614	-95
3998	-10119
-6793	-15131
-91	-10119
28238	9929
18171	4917
191	4917
18803	9929
3318	4917
5052	4917
-17133	-5107
-8674	-95
139	-95
-8712	-95
-905	-95
8166	4917
-3365	-5107
4788	4917
6277	9929
8714	-95
10962	-5107
-8883	-20143
413	-95
789	-95
-8176	-5107
-11443	-10119
-16902	-10119
2139	-15131
17960	9929
6119	9929
7358	-15131
-13170	-10119
-6551	4917
12074	4917
14915	4917
13391	4917
-10910	-5107
12011	-95
-3466	-95
9718	-95
4722	9929
783	14942
-1367	-10119
-1471	14942
-20344	-15131
1665	-5107
-5551	9929
6866	-5107
7416	-10119
14179	9929
-418	-95
698	-95
8743	9929
-11982	-10119
10455	14942
13116	9929
8484	14942
3205	19954
4952	9929
-12274	-10119
-17620	-15131
-4362	-5107
-6812	-10119
6338	-95
1963	-5107
43	-95
8961	4917
1006	9929
7538	9929
5753	4917
4755	4917
4240	-10119
6227	-5107
17539	-95
9770	4917
334	-5107
1371	9929
13871	14942
-4148	-95
23052	4917
7125	4917
-3915	-5107
5488	-95
-6929	-10119
-17468	-15131
-1657	-95
1676	-95
-13387	-15131
-13680	-10119
7095	9929
-7299	-95
18070	4917
-10855	-95
-5956	-95
748	4917
16041	9929
649	9929
-6835	-15131
-10444	-10119
-7410	-5107
-833	-95
-1485	-15131
-27501	-30167
6309	-95
5917	-5107
821	4917
-8358	-95
7914	14942
1291	4917
-7940	-5107
-1990	4917
-9797	-10119
17611	9929
-4681	9929
9868	-5107
1618	9929
-23499	-20143
13663	-95
13994	9929
-16339	-15131
8367	14942
5513	4917
-5600	-5107
-1173	-95
9610	4917
-16316	-15131
-2025	4917
3783	9929
-1713	-95
7359	-95
-3437	-15131
-626	-95
2385	-95
12021	-95
16239	9929
-5593	4917
18147	9929
6731	-95
-4849	-10119
-24535	-10119
-12027	-10119
-8035	-15131
-6660	-5107
-12664	-15131
-6586	-5107
-12760	-95
-3427	-5107
-13647	-10119
-2210	4917
-5761	-10119
9258	9929
-8276	-5107
4364	9929
-30272	-30167
11512	4917
11561	-15131
-5627	-10119
4822	14942
1335	-95
-8004	4917
-993	-95
12359	-5107
-5982	-95
-10622	-95
-10628	-10119
3840	4917
-14806	-95
-4066	-95
-13008	-15131
10633	9929
9821	4917
586	-5107
-11513	-95
-3068	-10119
-13188	-95
8658	4917
9816	9929
-10882	-15131
-9899	-5107
-11459	-10119
-15646	-10119
-1638	-95
-3667	-5107
-30106	-35179
-2169	-5107
-24419	-20143
-3659	14942
10311	-95
-530	-95
-249	-5107
-6060	4917
7281	14942
-4865	-5107
5343	-5107
10128	4917
16667	29978
23590	9929
19220	19954
-12513	-10119
-10700	-10119
-734	-95
2742	-95
4904	4917
8613	-5107
27	-95
16810	14942
770	9929
5469	4917
6483	-5107
9306	9929
-6698	-95
3321	4917
14203	9929
-12938	-10119
-2817	4917
-13494	-5107
7599	-5107
-13600	-10119
-7925	4917
7655	4917
-971	-5107
-7922	-15131
-17686	-10119
-16603	-20143
2	14942
-6128	4917
1967	-95
-12439	-10119
-4463	9929
-19099	-5107
-4623	-95
-474	4917
-11747	-95
3240	4917
5797	-5107
-6386	-95
11573	14942
-24026	-30167
6602	9929
-5057	-95
-3187	-95
-3511	14942
1653	9929
-29079	-25155
7480	-5107
17685	4917
5204	-15131
7714	-95
10705	-95
-225	-5107
2028	9929
24129	14942
5467	4917
11187	4917
8421	-15131
-2081	-10119
5073	4917
19072	4917
-10963	-15131
-17032	-15131
-7060	-95
1717	4917
7485	14942
12385	14942
10654	9929
-18471	-5107
14872	14942
1416	9929
1800	-95
-847	-5107
-2086	-95
-24291	-25155
1611	-95
-12705	-10119
-15510	-25155
4885	4917
-20082	-15131
-10240	-10119
-13077	-20143
2275	-5107
-9624	4917
-2180	-5107
-12115	-95
-13948	-10119
2393	-10119
13613	-95
2018	-95
2918	9929
10679	-95
3348	4917
4606	-95
-2665	-95
-5098	-95
-6991	-20143
-2442	-95
13934	4917
2754	-95
10285	4917
-9776	-5107
-6624	-10119
20826	24966
-13565	-10119
-9764	-15131
-17371	-20143
17788	9929
2358	-95
-862	4917
5889	4917
-18334	-20143
-15529	-10119
-5918	-95
5474	-95
-9393	-5107
-7903	-95
-15731	-25155
17674	9929
8390	19954
-17804	-10119
-694	9929
-3261	-95
-6429	-5107
-13845	-5107
-8937	-10119
-2575	-10119
2310	-95
-14938	-20143
2589	4917
-158	-95
-14731	-10119
12389	4917
981	-5107
6536	-95
12475	14942
-14298	-10119
6036	9929
-14037	-5107
5192	19954
4227	9929
10893	-95
9747	9929
-1176	-95
-8209	-95
-2167	-95
7951	9929
-8616	-5107
-7858	-5107
5130	4917
-5629	-5107
-6075	-5107
12678	9929
-17028	-20143
10009	14942
5874	-5107
12473	19954
3973	-10119
-4758	-5107
7076	-95
8490	14942
-17031	-10119
2009	-95
9470	9929
-3754	-95
-10574	-10119
35860	14942
16872	14942
7666	9929
5110	-10119
8877	4917
-6729	-5107
-12966	-5107
-7460	-10119
3130	9929
-16588	-10119
-3481	-5107
9352	19954
-2031	-95
-414	9929
10905	19954
-15625	-10119
16169	14942
3077	9929
4562	9929
-5397	-10119
17855	9929
11492	4917
7961	4917
12377	4917
9790	4917
-10859	-5107
1476	-5107
-25200	-20143
-5808	-5107
5702	4917
2553	-10119
3321	4917
-10021	-5107
-8082	-5107
7933	9929
4298	4917
-3142	-95
176	-5107
1698	4917
-19	-5107
-8344	-5107
-10063	-5107
14981	4917
1722	-10119
6822	9929
-1020	-5107
-8313	-95
-1091	9929
6451	14942
3224	-5107
-5967	-95
1203	9929
5283	-95
1791	14942
2895	4917
-4456	4917
-7615	-10119
8709	4917
9268	9929
-15379	-20143
15670	19954
8278	4917
13377	9929
-2615	-5107
-1456	-95
-3331	-5107
3992	4917
-2598	9929
15508	14942
-15482	-10119
-8250	-10119
-1088	-95
1196	-95
4488	-95
-6228	-95
6690	4917
3867	4917
-5621	-95
10224	-95
5935	4917
1358	-95
5857	9929
-199	4917
-1589	-10119
-2232	9929
-15680	-95
-9603	-20143
-4857	-95
3623	-95
-11147	-10119
2988	-5107
-12118	-5107
-1331	4917
15676	19954
-8094	-5107
-15184	-20143
537	-95
-5414	-5107
6950	4917
6292	4917
-7226	-5107
-3960	14942
6058	-95
-8232	-5107
-9489	-10119
5509	4917
-4443	-5107
-4699	-5107
2545	4917
-685	-95
11848	4917
-7550	-15131
-8136	-10119
-9888	-15131
15886	14942
-16309	-30167
16	9929
1210	-5107
-16450	-20143
-18913	-20143
-1744	-5107
3902	4917
-12419	-10119
1731	4917
-2443	-95
-12998	-10119
-6206	-10119
-2594	4917
-9852	-5107
22472	14942
-32352	-40191
15280	14942
16429	19954
-562	4917
267	-95
8514	9929
14449	4917
-3750	-10119
-11676	-10119
-3353	4917
1971	14942
2226	-5107
-18008	-10119
-18156	-10119
-9720	-5107
6936	4917
8562	14942
675	-95
12006	9929
4351	-95
-6572	-95
1320	-5107
-5339	-95
-3247	-5107
12965	4917
571	4917
18335	-95
-5798	-5107
-776	-5107
-4863	-5107
-7679	-95
-12274	-15131
-4051	-95
10272	4917
3256	-95
-3822	4917
6853	14942
2418	-95
-16517	-10119
-2810	-5107
2842	4917
-2244	4917
9144	-95
16181	4917
-580	-5107
8089	14942
8941	9929
29312	4917
1379	-10119
-12611	-15131
-2438	-5107
-4461	4917
1046	4917
-9813	-5107
9182	4917
-821	-95
-4848	9929
-7443	-5107
-3464	-10119
14953	19954
-5139	-95
590	-5107
-3914	-5107
-7900	-20143
10956	9929
1291	4917
4010	4917
-362	4917
8827	4917
1104	-95
9133	9929
-4530	4917
9529	19954
-14548	-10119
-6521	-5107
14280	-95
-15562	-15131
-3304	-5107
-12184	-5107
2426	4917
1937	9929
8924	-5107
1448	-95
-756	-15131
10288	-5107
19535	24966
-9809	-10119
-3142	-5107
-230	-20143
-8336	-10119
4666	-95
8337	-95
9744	9929
18891	4917
-8585	-15131
8272	-95
2836	9929
-1605	-5107
-1436	-95
-1465	-95
6984	-10119
-14996	-10119
-16925	9929
5263	19954
-1320	-95
8605	9929
-5255	-15131
-1870	-95
-1744	-95
-13435	-10119
-7193	-95
454	4917
12041	9929
-2189	-95
2751	-95
13787	19954
-18508	-15131
17346	9929
-16406	-10119
13177	14942
9273	-95
10728	9929
-16576	-95
19993	14942
1525	4917
-5588	9929
5189	-5107
-6821	-95
9757	9929
1541	-5107
-3689	-95
-1833	-5107
-5758	-95
-580	-95
12660	14942
2415	14942
18528	4917
13102	9929
-6609	-5107
5488	4917
19552	14942
-1603	-95
27041	19954
-10123	-5107
-29053	-20143
-1597	-10119
1731	-10119
-10596	-10119
13473	-95
-8118	4917
1084	-95
-14910	-15131
-15504	-10119
2565	-15131
7139	4917
-8349	-95
6895	9929
8680	9929
-5475	-5107
-7597	4917
6329	4917
1011	-95
-8	-95
-8834	-15131
4420	9929
14263	14942
16895	14942
-12961	-10119
3249	4917
10945	9929
-5304	-95
14142	-95
-17877	-20143
-8967	-5107
16066	19954
11649	9929
-1624	-95
-9587	-5107
-7864	-95
5200	14942
20455	9929
2053	-5107
8466	9929
7110	4917
-2573	-10119
4716	4917
6314	4917
5063	-10119
1425	4917
4588	9929
-8893	-5107
-2491	-95
-3890	-10119
-3588	4917
-47	4917
-9496	-15131
-6646	-5107
-2573	4917
8320	-95
-6236	-95
-9320	-95
3296	4917
437	4917
19167	14942
19755	9929
-15665	-10119
-1271	-95
4731	-95
-1832	-5107
-12317	4917
-12782	-95
-4193	-95
-13246	-5107
-3515	-95
-4342	-5107
4152	-95
-14497	-25155
-3659	-95
-20587	-25155
4178	-95
-862	-95
-1609	4917
-1600	-95
-5992	4917
-11902	-15131
-14157	-15131
3634	9929
1139	4917
-13225	-5107
2780	4917
-2049	4917
8692	14942
-2322	-5107
-2663	4917
5812	19954
-6649	-95
12811	9929
8072	9929
8085	-5107
-2126	-95
-1230	4917
11408	4917
-21031	-10119
-13499	-10119
-1475	-95
2198	9929
10355	-95
-5551	-95
4651	14942
-4621	-5107
11114	9929
-11535	-95
6817	4917
3571	-10119
-4415	-95
-2909	4917
1540	-95
-4547	-95
15867	24966
4768	4917
-1554	4917
-505	4917
-3230	-5107
21775	-95
384	-95
13811	4917
2144	-15131
3644	4917
-606	-95
11517	14942
-3195	4917
-17532	-10119
-21369	-20143
9393	-95
15882	-95
4935	-95
10874	-95
-5711	-5107
7794	9929
511	9929
5645	14942
10237	4917
-12733	-5107
4705	14942
12562	19954
-2747	-95
-6512	-20143
-10798	-95
-10771	-95
-900	4917
-4922	-5107
9631	-95
7574	9929
3829	9929
-9220	-5107
-9003	-5107
-10320	-15131
3866	4917
4471	4917
1761	4917
10231	4917
6388	9929
25976	14942
-2500	-15131
-16384	-10119
1191	4917
941	9929
3962	-95
23616	19954
16083	9929
-8991	-5107
4584	9929
-9179	-5107
-3254	-95
-9928	-5107
19016	14942
-12543	-10119
5816	4917
-8350	-5107
9704	4917
-23050	-35179
-4056	14942
-20762	-15131
-3749	-10119
-14783	-10119
-6251	4917
-4596	4917
-61	-5107
-18541	-15131
-27512	-25155
-14897	-10119
8444	9929
15638	19954
-2702	4917
-6225	-5107
-18196	-15131
512	9929
-9169	-5107
15428	14942
6145	4917
-54	9929
-12771	-5107
5401	-95
-9679	-5107
-5907	9929
-18616	-10119
-1718	-5107
9227	14942
2692	4917
-20751	-15131
863	4917
-968	4917
-7020	-95
8028	9929
8107	-95
4264	9929
10776	9929
-3799	-5107
-26171	-25155
-823	-10119
2189	-95
552	-10119
-10188	-10119
-15244	-10119
-5609	-10119
2913	-10119
-1678	4917
-4847	-95
18624	14942
-7071	-5107
20049	14942
10190	9929
955	14942
10935	9929
384	-5107
11412	19954
-9286	-10119
-6650	-15131
13042	14942
-8796	-15131
14383	4917
-4968	-95
999	14942
-15684	-10119
15705	19954
2285	-95
13369	19954
-4151	-95
-17976	-10119
-1981	9929
-2672	-95
-23695	-25155
-7482	-95
-9119	4917
-11326	-15131
-8988	-10119
941	4917
13343	9929
5052	4917
3427	-95
2958	-95
-1087	-15131
306	-95
-8572	-10119
818	-10119
-631	4917
21138	9929
-1331	9929
3180	4917
4305	4917
-13029	-15131
7427	9929
14986	-95
-10239	-95
-7255	-15131
6057	14942
1691	4917
2076	4917
4233	-15131
-4890	-95
-783	-95
3267	-95
12413	-95
8777	4917
632	4917
15504	4917
5095	4917
-16525	-10119
-6286	4917
-2070	4917
-10392	-10119
22758	9929
1701	4917
16872	9929
14985	14942
3541	-10119
3968	-95
2125	-95
-6171	4917
309	-5107
20573	9929
-1315	14942
-5873	-95
-47	-5107
1877	-5107
-4593	-5107
-8566	-10119
6821	9929
17735	9929
-15304	-20143
-517	4917
13735	9929
