30312	1488
7085	3988
-574	-10034
-450	17392
-9891	-3172
-4956	-1721
-2684	1328
7393	-11028
2267	-867
-10309	10461
-7460	-1226
-14055	12510
7601	-12202
2818	-4949
14727	-5722
-8348	-3516
-4271	-18133
-5466	4085
1009	-13288
-6286	-12227
-2396	3482
842	21408
31628	-15593
-1518	-10662
6620	13076
-405	-4390
-10902	-3535
-1075	6535
38916	-3340
-819	10351
5709	-11306
-18183	10880
3183	-3818
13845	-11716
14963	-3879
25207	-8651
-5580	12059
948	3956
9642	-9938
12249	-11501
-2914	-1061
-8707	15508
3070	1119
4399	-4350
2667	-14664
-2676	-5450
-10037	-12400
-7175	-11534
-358	9525
13278	-11392
-2419	-6209
19330	9090
-460	13517
3534	-4500
3517	-6955
15620	-7558
-10163	-13361
-13707	16909
11306	18781
1122	1976
-2554	-5512
-3260	-1053
-21146	6298
1449	-3670
-7889	13422
18499	553
-1848	-1558
7877	-2412
19482	-6826
-4444	-11893
-3321	16069
19121	-5923
-6241	-834
7174	13953
-13881	42730
-1151	5952
-6528	3890
2874	1192
2406	13213
5646	3402
5917	-2456
591	-6186
10373	-3452
-11040	-2627
1024	7575
-14971	10217
-2354	17915
6808	-5313
4951	-12696
7786	-13540
1002	-13497
5493	-2105
-4344	12990
1247	-3246
3468	459
-8844	-1710
-1874	-529
-13575	15378
838	350
-252	-1151
-1877	8027
-7660	-920
7417	-8473
4775	-2805
2384	-185
-5266	11745
9654	4688
-9849	-375
16381	-1472
-4102	-9118
-3236	5202
-60	-11460
-12816	5644
2730	3611
9523	-446
-3100	-8390
10881	-1174
-5197	3603
-6930	-1916
-6597	-79
-1714	16412
-3187	-12903
681	8424
-8186	-6116
-12527	14784
-10850	-303
4062	-14995
-2485	5643
964	-8886
4032	8665
-2787	-6934
458	12774
-6111	-1469
-9858	6848
-3640	-9306
-7469	-647
8573	-8410
3459	-10096
2311	-3623
-16951	274
1532	3454
4789	536
13260	-4188
15701	-23909
2114	670
-10225	-8459
-9175	13251
931	20116
8195	-8949
-5263	1934
-16870	8921
-577	2180
3	360
-11155	10845
-4537	7242
9473	6165
-2760	5960
5210	-5543
-3216	-10378
-10472	19154
13540	-5057
-5937	11378
-2445	15947
-11817	-2680
757	-7265
1963	1518
4697	-14396
-3317	-2655
-10401	-2615
6320	-8299
-2528	4475
1881	-16208
-8629	2312
3805	-19856
-5471	20272
276	-3650
-1583	-1706
-6169	15533
9284	10435
-5066	2115
-4263	2870
-8897	16070
17033	10115
5121	-7661
-3116	-11392
8974	-11049
-3714	-10278
4105	-9640
5188	-16025
-6150	9603
-8728	10866
-6689	-5177
10472	782
5206	-8231
-3835	-2646
-5374	21876
-14971	9334
-4011	812
2206	11904
60	-4466
-3599	11423
-10545	5187
90	-18522
-2139	2604
-7006	6481
56	-10478
1658	-11950
16757	-2514
-1866	-3239
-16319	28311
7394	-13021
-15311	20248
12947	4517
-7383	2037
-5940	-9868
-6064	-9949
6140	-4793
-17484	11865
10273	-5567
-186	-6256
-4887	7149
-4287	5791
8399	-2788
20851	-11983
7795	-8617
-13044	2757
13377	-10239
-8151	-4984
-8075	6907
-14569	36823
1928	-6620
12309	4563
6150	9899
-8170	3097
-5552	16708
2711	-6051
14470	-7464
6963	-11171
1207	-10474
-356	6077
2606	-12383
6479	-11010
4589	-11982
11337	-4399
-11113	13905
3649	-28388
-5685	-2799
-3106	24364
-7246	19315
10449	-6069
-9304	6248
8218	-6995
-234	-5201
-4975	-10659
-1162	3851
-9574	7597
526	-11876
-1543	6029
-9507	2352
17960	-16762
4817	-1707
-10995	9068
4378	-5435
5275	-7108
-13449	11204
-800	4346
-7705	-3348
2114	-17547
-13222	8183
1757	-22599
3630	-2416
-1746	4255
5773	9349
30660	-1240
8994	-4685
-6694	7882
-12438	-7153
5087	-7765
-1417	692
29	4175
1094	6648
-11304	27170
7086	-3020
-3403	-10578
-5365	20792
43422	5232
36451	-1387
-12381	-3891
17564	-5813
-3120	-2104
-5611	-3805
-8090	-840
-5056	-7276
3357	-4547
-6885	-4382
-1378	5692
18597	7608
-11556	2172
-8413	10117
-1630	4424
-3322	-18551
-1939	-1989
-8179	880
-8808	1928
4274	2500
-4098	1327
2833	7740
-17722	33651
-16044	8133
-16775	3430
-6691	-3074
-20936	9005
-17852	4165
22795	-13220
-12679	1165
3598	-4360
-15809	28062
-14951	2141
-1075	-14218
-5535	32414
2228	-17546
-6266	10680
-3806	-9849
-4155	10896
21088	-2856
-12945	4136
-1827	7247
-905	1448
-124	-6531
-7595	8989
-9037	7304
9511	-8334
13547	-10364
-1393	1880
5862	8650
8387	-2103
1405	-5401
-2403	-1777
21959	-12197
4802	2679
1944	3054
8526	-2113
-10049	28870
-2668	-6867
-17406	16347
-10395	14683
4169	-12071
-13513	8897
3606	6
1729	2675
1325	10159
-2479	2885
11904	1739
721	-2612
13503	-1178
8280	-3262
-1684	-3138
-4670	8513
-10613	7881
23865	-5777
-9517	14671
16563	-2677
-1760	16488
19800	5582
-1693	-1589
11843	-9338
-9807	6750
4613	-652
-4563	-7458
-15850	4609
-473	-3724
-1292	18942
-2338	-8262
-9700	25974
1358	29028
28754	-19697
-4000	5915
-1683	-14538
-3781	-2081
-5953	3639
3556	16924
-7374	2025
7576	-302
6215	-4480
-18589	-1181
-2121	-7773
8234	-5762
11696	-21378
1959	20
25831	-23108
-7658	-3705
1725	-9517
2230	-5027
6068	-24641
-14400	7199
1780	14992
-3304	-7967
5777	4432
-784	-5665
7454	-4148
-5080	23691
4590	-724
-9153	7778
-6656	-2657
-4382	12605
-11018	17019
12051	-6295
-6290	4857
-10325	22994
-11086	6734
21123	-2184
-7756	-1299
6237	-8193
-9796	-9015
4734	1585
6184	-25210
1175	787
-4057	-11287
-9531	12567
-5511	-14382
6063	-11582
-549	-1733
1023	-3264
4248	-2415
-5473	8258
5450	2548
-9093	2626
-9878	-11107
-10101	-2757
2493	16404
17872	568
-8764	-5631
5323	-8623
7881	13707
-3823	1001
3370	6370
-2003	2591
-9695	2530
-5944	-8904
-2530	-16145
-15212	10500
-7984	-6221
-10809	3552
-8016	26401
17677	-11250
-7785	-671
-7547	-8
-6521	23392
1664	-8958
10003	2181
-11021	14312
-5777	-4536
-8369	9273
-1974	1141
-348	-1196
16716	-14713
2310	-10584
2507	13224
-8654	7897
-15233	-6828
-5924	-17480
13461	-593
10638	3890
-6378	-3382
12799	-3034
-6464	3079
1544	-5414
9790	-1587
14856	7037
-10148	-4043
-9901	-4098
9501	-9130
1962	75
7417	17280
1807	-5325
6873	4846
-1166	-4946
-15982	1299
-16436	26298
-20962	22440
-4969	20665
26522	-9686
-538	3074
-13174	19633
-1746	-11293
-3860	6201
-5696	-5765
-11937	8308
-4785	-334
-658	-3753
-578	6620
-6323	1339
4998	-5072
-8440	6832
-14043	-175
-2464	-4158
7423	-11891
-19349	3149
2203	-1275
-8761	12629
7560	-11728
-10219	1684
-6305	-16502
852	-16915
-1540	11720
25885	8715
-584	-974
10957	4661
7559	-14615
-878	4716
1511	1178
11342	-17968
-16222	71055
-7632	3357
-7701	16851
-9921	-6619
-12388	13274
-8066	5367
10859	3431
-14857	-3994
743	-652
3278	18740
1216	-15979
6792	2195
6073	5543
-6027	11200
-17799	1943
14042	380
-7157	-12539
-7689	9257
927	-3367
16361	-35445
-7236	-7126
-9751	4379
-4169	26214
4445	2169
-3579	13175
-7710	30572
-11494	-338
3639	-2909
-3474	1522
16562	-13199
-3564	1295
-17649	10639
9018	-1389
-1324	-7696
-9563	14047
-1761	-2630
4188	785
10825	27953
-723	-8168
-4668	-11192
7682	-16539
-6043	1663
16844	9184
-136	-1462
-1787	4488
-8946	-3786
-1353	-10287
-7035	5959
-21473	23918
-12004	-3390
-6389	-1385
-9055	8328
3232	-15421
-806	-8452
2430	974
-4364	19289
11227	-4651
-10039	7437
-8259	11855
-3358	-4300
30196	-994
-11743	2528
-560	-7905
-99	-923
-6087	-1783
8278	-13818
-9929	-5013
-10591	618
-9353	1742
14006	-8223
-8868	20802
-10808	-6610
-5856	-3485
-13803	2193
2971	-2364
5514	477
-9698	8838
710	-8875
-11567	1194
-1963	19863
-1734	-8041
-4640	-5488
-11863	-10235
7025	10423
11291	-11219
-1119	4835
-15434	5461
8109	4280
22344	-9589
-3187	-7686
-2975	-9422
-1806	-9046
-6029	4860
1680	-14353
11725	-14782
-10493	-2145
3914	11469
-2974	-11919
4197	-18655
-7287	-356
9022	-6135
-5011	-3896
5482	-3571
-81	-1679
10718	5069
-14922	6371
1246	4171
28563	-6732
-7441	13867
-4323	6341
2835	1806
-13573	11831
-3397	1363
8366	-8216
9545	-5451
5443	-1163
-3693	-11198
-15860	3259
13355	-10456
-10577	7639
8008	2515
8649	3812
-5727	3053
8502	-31461
4124	9070
-8289	-416
-13367	3057
-835	-5449
17375	-5479
-9667	2559
-6537	7713
-1816	5207
8779	-16143
5582	-5666
-8212	5929
3877	11329
20604	-18043
-677	-11336
-13549	13221
-9294	25559
2047	-10269
3545	-1508
8986	-8152
27650	-4858
1956	-4143
-18585	-4075
25325	144
-3997	-9991
356	-3028
-967	1125
4862	1214
-11580	10692
-20907	-10835
-6827	-6363
-486	-7974
-9152	923
8183	-18587
-5560	1266
-5559	1804
-821	-30
4030	-1814
-10231	17348
-6095	9331
10012	4644
1888	6521
1813	387
1052	-9452
2143	575
683	-9695
-6750	-7023
743	1234
-4372	1967
-8541	4758
-3219	-3647
8988	8967
3457	-5478
-4233	17750
7764	2196
-1774	-2653
6156	3903
11027	20525
-712	-14479
-2183	-14585
-10727	-2212
2912	1682
-3977	-6776
-3524	2484
10150	-7160
8985	16139
-2550	-9687
-3397	-5190
12	25676
-2200	11505
-4292	5341
-2683	-240
-6418	2166
-5158	12770
-4668	4872
-13009	-171
19417	3358
16136	7926
-13524	3389
-6120	-1867
7025	7607
-11039	7295
-3405	-4312
4251	-10246
5354	-6930
5833	8557
15263	-13510
11242	-13080
3218	-14820
-8519	11639
3766	13914
-6099	16897
-17483	14443
1655	2633
17624	-8797
-13710	-3061
18773	-8922
29653	10345
14109	-10915
-6178	-12198
787	-460
22152	-7311
8432	-6197
2520	26272
-5960	8985
8845	-1589
-3793	-10462
2327	4079
-4867	-1240
-3788	-5718
-1656	-13166
19169	-4918
20608	1741
-952	-9936
-8062	-1379
-3214	-6455
2853	-9293
-14110	3589
-6675	15430
9180	-4378
-8910	5854
10189	-11300
4509	-8825
-1926	5478
-122	-4097
-524	-4869
-3597	-3942
-3235	693
3649	-5553
-6268	6168
-14396	5633
-3123	-3577
7083	-12015
4625	-1033
4659	-7593
-13033	9771
-5020	-2778
-6610	-3463
-2274	1660
-1390	7521
7240	-21429
-341	3647
13522	-7189
1170	-20552
438	2551
-8670	4561
2207	-16347
14504	-13989
-9941	-6889
-1186	-5825
-4380	-2796
-10190	2570
-9504	-10288
9975	1011
-186	14672
19319	-18265
-20147	20460
6974	11784
-7992	8874
-7030	3775
-6437	-6162
-6271	-2196
8808	-17504
-7456	-11077
2412	-12278
17261	-4781
844	-3502
-74	11168
-6410	6320
394	-13480
-1922	-9556
10967	7802
-730	1730
-16057	-912
11681	1975
4570	7390
-6617	1871
-10807	-7153
-3495	-10060
17263	7859
-197	-5144
-2712	11153
-1788	-6852
-2302	-3890
-4135	-4262
3259	528
4480	-1166
-6277	1956
5290	-915
28210	18923
-11236	509
-3813	10157
-487	8966
2853	-20121
-5081	-8375
-2055	8365
-650	-5149
-11034	14260
3446	-7279
11769	-13277
-13860	25959
382	-4337
-8484	230
-4380	-5300
-10589	23215
10520	-9839
-5871	5162
-4725	-7054
296	8092
-4061	3333
-10024	17243
-8518	11281
-9891	8638
-6055	-11912
-8035	-8019
2248	15482
-2148	-7036
6318	1567
-5994	19377
-8218	-9556
2883	-13737
-9517	18843
12370	-12351
-3218	-5145
-2773	-11645
-3185	88
-4646	-5270
13801	-948
-8143	5020
-482	4313
1247	-16446
5825	3773
-12874	-415
12368	2072
-404	-13129
-4954	-7939
9651	-972
14371	-26370
1576	5129
-4482	-5926
4320	-4272
-6133	1369
-16965	11550
-8647	11172
12579	-23983
-6303	17973
-1441	-10765
-5726	9080
-761	16247
-8647	4466
14677	-12286
15365	5231
11724	-6140
-10383	-3523
-8698	11023
-2596	-10081
169	8580
-3344	11617
-7292	-10687
-2972	-4681
-10656	-8261
-4402	827
6651	-11267
1170	-7053
5164	-9348
-16952	8541
4296	-11830
-12547	-7215
-323	-12221
14682	-9800
3936	-4520
-3659	826
-1587	-21711
13602	-15651
1449	5861
-14109	10789
10052	-5470
3211	4477
4092	7949
-762	-10360
-9523	9401
10161	6188
9215	201
-3968	-6814
-7356	6112
-14978	-312
-685	-7650
-6948	-3981
-10303	-1786
-6294	-14683
-3957	-99
23730	17119
-5451	9022
-1384	3869
13729	-3792
-5466	1643
17056	5480
-837	-16527
-4231	-2162
4645	-8202
-11458	17412
28349	1722
6291	-4118
-3598	-2533
-2405	-13579
1196	-6912
9479	-13069
-9087	12789
-10344	-963
-6830	9790
-16634	6801
-492	5276
-10674	-3728
-1187	130
-6769	8411
-5244	-10976
-3939	-6181
2535	151
1065	-8296
-11975	-3948
-14905	23295
-8043	-9903
-1385	14839
-13614	1762
20611	4206
3524	-7636
4461	-12852
26171	1636
-6755	934
-14182	7160
-1067	785
-4001	75
-12835	-4073
2737	-7716
50	-4982
2823	-2609
-2850	25631
6747	5152
-2468	-12417
20016	8681
6486	14692
-13399	-157
10079	3539
-5771	1679
-10560	2573
-10373	11719
-2882	-5732
-10486	-5067
-12972	25459
2102	-7332
-3182	7373
-643	-2778
-5205	10574
9781	-15325
-5492	5312
5527	11495
11682	-4993
5591	-4630
50	-8378
2086	-8685
2009	3683
-562	18368
-2992	-15954
5420	-11361
10999	-12723
3370	-8432
6122	-10720
-9910	10931
-3819	-12545
19830	-1490
7769	-3728
-1365	-8797
899	-2543
-11014	11624
8882	-2577
14817	550
41840	-2040
-9824	310
-14892	8306
-676	-4284
2771	10757
8422	-3160
11547	-6890
-1798	-7829
-9692	3640
-6209	16429
-7844	4442
-12095	-8725
1983	-7003
8178	-18
12334	-11590
15398	5245
-312	-11838
-12404	14857
-9702	21110
18828	9272
-5978	7849
1222	685
23476	6308
-11305	8063
-33	8567
3241	-1678
-704	-2286
1025	7698
17322	-7160
7839	-3534
5358	7215
2107	8773
10619	-9367
-2346	4723
-4068	1187
-5697	547
-6493	15731
-7443	-12826
2575	8142
-4794	-3001
225	4132
15511	-14484
-9048	8548
-4273	-7144
-16450	3192
-14863	4735
-13211	3447
-4780	11634
-8226	-4119
-2103	-7277
-8115	642
823	9452
1402	5841
-808	9183
-312	-15842
-736	2869
10655	3989
1656	3656
-7440	538
1404	-1245
-2574	-2930
6703	7321
-12464	25682
6493	1119
-3249	-4344
-977	2333
1540	2216
-28759	22950
-987	7636
-11049	325
1743	1895
3115	-11023
23805	-5022
-1671	-2510
10384	-2729
21471	-22935
8851	-8714
-12820	759
-7732	29312
-6983	12122
6374	-3120
-5314	-8222
-10909	9996
-10374	-5525
38348	-11775
5629	-2032
1300	-3339
12237	-2475
-2453	15561
12645	646
500	7970
-18419	25697
-517	2989
-2428	-19208
-3662	15952
-9703	522
17291	-7574
10367	10152
-507	-10778
-1810	17041
16003	14542
14080	1902
4255	6473
-7347	-413
-4501	3015
-14383	-7747
-4042	2334
-7847	4410
-11756	4917
-8584	3381
-6639	-6924
11292	6117
57125	12081
10038	-1154
11895	5438
1232	37953
-252	-2418
21415	7660
-5566	-1301
-4303	12154
-1590	-11098
9187	667
-5292	2537
4895	6965
-5069	-2363
-3305	-7816
-9804	-803
-9646	-1410
-4545	-13070
5168	12649
-9285	13773
-5513	8913
-5044	16410
24318	-136
-12266	13202
-2594	-8781
6321	-16042
-257	4084
222	-1379
-6579	-925
1896	-671
-431	18198
-3469	9977
-9576	-586
-5695	-17356
-10083	1234
-9550	-3447
-2858	13288
5568	-2894
8271	-15705
-8396	-1271
-1929	4517
20354	-19034
-13651	-1243
10705	2467
-99	-4330
-8641	3865
1309	9285
22170	-916
20371	-11394
4892	1408
12929	-12049
5041	-12019
-3904	13417
-871	6788
-6919	7183
3479	-1970
-8758	1754
47210	-12890
592	-1373
3789	12376
-26755	15892
2073	-10315
18892	-9675
1922	-672
12238	-17226
-4378	-17515
10970	2889
-833	10553
-14688	-214
-8409	-9800
16108	-13532
-7134	11688
-12331	1458
-4772	-3847
73	-8942
415	6004
-3021	-9187
1618	-2473
-2852	2563
3414	2306
-9718	10997
24976	-2594
11374	-16774
-14467	3921
-6728	13664
-3949	4605
28975	-2419
-7841	20611
363	-7426
19381	-17300
2300	-11259
977	-8518
4385	1284
-14914	16828
-5946	4692
-5097	-8813
-17214	11994
2625	-15416
-760	-8752
-10322	-7669
2366	-7550
5625	5571
20950	-5964
-1725	5752
17213	4663
-2564	1501
-696	-5464
3431	2686
-2298	6078
10717	284
-6874	-2788
1257	-2111
3690	14409
3140	-8314
9312	-21373
1170	2285
-331	7837
-8395	-84
3399	-690
-8223	-13803
246	-18107
-5253	4623
-12429	-7684
-10023	-2762
-9248	-152
-10882	-7379
621	-4822
-649	-10269
-10944	7003
27716	-7439
-6311	-4714
-12768	28178
570	3704
-2155	-9209
-8400	345
7682	-9036
-5454	3640
22818	6148
4130	2460
-9070	-9425
934	1155
9752	-97
1445	174
-14702	8502
-9718	9080
-16480	2026
11256	-10139
-6310	-4809
17029	-18106
-2736	306
-985	1532
-2902	7797
-2401	6678
862	-11349
8151	-5813
1848	-6677
-2087	16303
-9799	11062
-11505	1774
-18526	13089
-13052	-5554
-11892	12763
-9551	-4942
-3374	6342
-13842	7073
-3644	2029
6272	21001
-1410	-6308
57384	-3155
-3111	-5322
1953	8721
26117	545
-5040	2873
9765	-6550
-4320	757
-8657	8332
2616	4640
-17504	4255
-1480	5504
-16686	22344
-2790	-11833
1074	-863
-12410	8083
-5749	1648
5056	2806
7907	-19351
-5229	673
9157	-1202
-6155	10157
9879	-20961
-7678	3095
29666	-7416
16777	-5994
6010	4629
5408	-2075
-13440	-1929
-2740	-11917
2284	4971
2770	-9008
-7312	-8961
711	1162
3849	-2246
10529	5424
-5089	1596
-4564	11305
7075	-7222
946	1725
-10202	-7360
5365	2353
-16168	-9157
-272	8805
141	-10756
15649	-1965
-6841	9362
-5723	4228
3415	2687
-3500	-3056
-5157	-5830
-3044	16625
9821	-26772
1504	-7594
30346	-43105
-1073	5536
-12806	5476
-974	-11608
-10655	4828
34084	14681
1817	-8834
7210	-6070
1028	-5355
30383	-7245
5509	4301
-762	-363
-15528	13475
4538	1626
9971	-9136
-5796	16991
-14990	5081
-10719	-806
-1314	-6796
4755	-7569
-10489	26487
14616	-3874
8951	345
5231	-1901
-1216	5224
-6534	21370
1217	-10669
-1064	4100
-16811	9626
20070	-10676
-9737	-3104
-252	-8990
-7900	-10619
245	-31644
-1316	-1416
-2745	3396
-4596	11630
-2615	17999
2300	-3672
1165	1847
-12688	13454
21749	9635
1749	-4618
-8967	7632
-11140	9163
3542	-1827
3183	-3806
17408	-13622
-7336	16150
746	-2035
-4310	-2829
-7379	-3714
-2182	8909
5833	-9924
13724	-10461
-15148	2982
8083	-95
7895	-4452
-698	-4665
-2358	-7651
-1944	5600
3708	3847
-8852	6025
25102	-11520
9990	-8120
9148	4070
-3692	-1280
15112	4609
-276	-10730
-7943	7268
-9066	-7600
-6505	1324
3725	-4450
-15909	3874
-15752	11840
-487	3395
-10375	5045
8995	-7460
1882	-21348
-2152	14195
-4649	6033
-2420	2301
-3171	-6337
14666	-16304
13007	2326
28092	-19935
-4143	11499
1240	4714
-7546	2345
5110	5548
7200	-21806
-9502	3697
-5273	-8390
-9539	-11427
20850	-3180
5053	4852
-3954	444
-8440	9297
-1362	-1902
-1834	-12574
11925	-16948
5749	16239
-15668	7981
5071	-5390
-996	-1724
2277	-19046
-4319	6198
-6600	-6242
-3736	10920
-14424	3953
14313	983
4239	-3677
6196	3117
4818	-8809
-6905	128
14208	5881
-9127	4752
-6536	8923
-10578	3274
-6273	5029
4573	-14640
-3902	2443
4005	-3050
-9249	9186
-12778	-4365
16596	-10768
-8486	9782
-10609	12747
864	3905
8983	-12511
2400	502
486	-18149
1567	-6436
21971	-8832
7413	20268
-9530	-3541
2237	-211
-4656	9192
-1648	7745
5721	-6134
-3523	6552
-11514	4090
7507	-17636
-9629	2457
-14832	16574
23199	-8903
-4444	16729
-9075	-4611
-11329	12490
2929	4353
-4418	-4456
-10757	2413
-2681	-7991
14730	-1016
17113	-602
-19535	-1022
2423	4080
7042	-2355
-15619	8435
2458	-9167
3473	12625
-13762	19117
-7860	11180
10790	-14468
-13913	2560
1519	-12320
-8201	-1133
-11705	-2368
-3301	14787
-9320	1838
-3090	-3040
15646	21709
4168	-15180
11724	2665
-7077	22637
4852	13435
5639	251
4453	1125
-5576	-5224
361	-9534
-266	-2466
25020	-6535
-10710	8748
11797	-9296
-8578	-12265
6387	18678
7356	11472
11586	-9089
5052	-2821
4625	1486
28299	-13420
-14614	19801
-10108	-4628
-3995	10092
15028	-18951
-6085	10621
12757	-9664
1600	1310
-7286	-4086
8985	1409
182	-7386
-14475	9579
-3429	11036
-3078	-659
-2569	-8712
-6062	21965
15951	-5661
-1572	7172
358	7873
2861	35444
5953	-9913
-214	-7386
7330	7818
-11630	-9644
8051	-9229
10901	-11717
-1237	-8727
2125	-4636
-17939	4673
21392	5856
-3872	1082
2078	-6953
23532	-7229
7410	-2292
-12989	1763
-9255	-2465
6181	-9046
5320	-9140
-5601	-8034
5861	55799
2712	8670
11061	-15174
3355	-5333
8958	7898
-2670	-158
20491	6119
9763	8281
-10591	11403
1399	-10250
37642	9619
38305	-736
-4761	3904
-9477	20181
-6383	6943
-6597	-946
5465	3406
-2713	4162
2298	4967
10349	-5034
9659	789
141	-17917
28421	2005
1315	9684
15740	4816
2387	-4717
-1283	-7684
2343	-9014
34576	-10829
19934	8023
-3692	6099
10185	-8420
-5219	294
-2354	-1543
-3452	-905
-628	-19558
3220	294
18080	-4841
-4218	9009
-14810	15255
14005	-8780
2700	-3346
7462	-1514
-18348	5495
-4615	-1023
-3800	6300
-5929	2804
-7421	5384
10342	-12486
-3640	10256
-3408	-123
-2409	-2725
-6897	1910
-6676	-12026
2727	-15659
-4962	12615
5582	-24212
31547	-14033
-1398	3473
-1153	3175
9531	1629
2026	1490
-651	-15274
9181	35289
-8970	11739
-3523	-3179
6076	-13043
7118	-7262
-6207	7256
3703	-19201
-1256	2689
31450	-3184
-6889	5419
-4526	-243
7050	-886
-5491	-6179
23300	93
-9214	11088
-1112	24953
-3540	10782
5543	-9450
4441	628
-79	-6729
-19602	13490
17259	-19774
22046	-14541
9142	534
4714	-588
-22311	5901
10058	-17641
4452	-7597
-8856	-4158
5631	-11315
-3645	2607
8729	-1046
5169	-5187
2076	-9219
-4742	-2534
6710	-17544
829	9578
15207	-10953
3839	-9157
2472	3082
5114	-1625
-12026	5532
-1371	9087
2368	-16333
1410	-7749
11418	-5330
19565	-6947
-6412	-3640
-7121	12527
-6335	6902
2803	6024
-875	-5718
-8635	-7581
-7792	-1053
-3405	13128
3440	6045
5205	10537
551	3978
4434	-9046
10362	-17416
26857	-2075
-1329	-1523
-13114	8303
6429	-14752
-20538	17153
-6644	-6526
-865	8247
14673	-17088
-11585	7993
-7912	-5843
-7143	6566
-254	4086
676	-1813
7675	-10586
-8532	11409
-3697	-12286
9341	-10384
465	-5897
2010	-2521
5212	-11941
10110	15954
7027	-15888
-4733	-6846
-13211	-2900
10594	-2583
-1013	-4760
1310	-12832
-14011	-3981
-9070	2285
-6914	-12204
4007	-18572
9890	-1367
2952	-7039
-2806	-1269
12412	-21800
-12755	-19941
-2305	3059
-5782	-18348
-4617	9036
-3204	11108
-4392	9455
2924	8214
-3378	-8330
-12380	12214
374	9365
-12129	-10895
-14270	-6785
11452	5140
659	853
2577	-12321
-11998	9846
14291	482
3268	-665
-17856	14586
7460	-618
-15194	2236
-10135	10870
-4212	-6864
-13222	1918
12678	-10482
-20750	18082
-6596	-5882
10666	-2618
8233	-5877
5640	-5693
-113	-9341
4148	-8061
-3964	-4750
7964	-2321
7831	2289
11389	3513
-7893	-4166
-2050	-13413
-3862	1699
2781	-6972
-8764	-2746
-14059	12542
3109	11526
396	-16839
-2317	-11699
3581	-5487
-13354	11266
-12848	-4714
21701	-16264
3640	2205
5026	-18717
4876	7695
4054	108
-3128	11425
-131	-14938
-9867	16887
-7994	-9785
-5700	-4059
1697	-1663
-9002	-1546
-4138	256
364	-2844
19379	13162
-12837	-271
-2701	-7679
-7690	-5480
10551	-21917
10505	-13243
11991	8280
-2619	6491
871	-2413
-10946	5165
-2770	5465
5017	-11012
-6335	8468
314	-597
-5544	9961
2109	253
-6423	8331
3467	676
-4197	6606
-8330	-1489
-2887	-833
-848	293
-9302	10409
-12297	4190
-3509	-4858
1410	-5286
-7014	232
-5476	-11428
-5591	98
44859	-2088
4042	-9057
493	-4321
19091	-10785
-11909	3054
4497	7982
227	15292
6306	-10097
-7482	-10670
5572	8497
-8034	4774
3519	150
8010	8756
-9784	-3134
-13123	10471
-13038	9791
6317	10238
6023	-4884
-9064	13281
-11125	-2572
7711	-6654
-6471	-2261
-10676	-7356
-1578	5760
-9023	3193
-16710	5879
-4367	11140
7948	1345
9338	1000
-7671	12262
757	-13990
3278	-5197
-7153	-3830
-3884	24162
-14220	16027
-8879	309
-8901	14125
7075	-2131
-1030	-507
9547	-2331
-10817	-973
-190	-432
-11188	15512
8883	-12168
337	-839
4703	12981
6143	16462
-9877	9547
15254	7782
624	-5620
-9754	4035
12801	-19122
-1693	8260
-10323	22570
16767	-4068
-8618	-3807
-19101	715
-9825	6186
8249	-1549
41	-5829
-5987	7066
-10526	2522
-5264	-13434
7799	-8476
11161	1560
8741	-6440
11793	10125
16463	-3571
-3909	6273
9051	-7720
13350	-4512
-1618	4817
28476	1962
-1539	-8464
6943	-5255
5233	1730
9322	7305
-3687	-6424
6726	-3151
-1031	-281
-9100	2047
-7861	2984
-7459	10942
-14158	-1186
-276	-1979
-7601	3552
12280	-9161
-8485	-8373
-5460	1783
808	11398
23334	-11370
-8606	12454
-4241	2328
5063	-15713
-4838	-54
-8296	7304
-11495	-1215
2229	-10200
-2814	12335
72	5570
10397	3082
-6217	18927
-8293	8406
9813	-19549
-7368	29595
6374	-15206
1758	-15072
32178	15021
21005	-23218
9789	-23257
-1111	-14560
2464	-8015
-7222	20037
-9897	-2567
2246	4940
-10747	16962
607	-220
11140	-10191
-5158	7274
16650	-1942
21585	990
-5980	11948
2572	-10287
3823	-11628
40761	3534
-3739	-5124
-18486	10258
-6543	5115
-3496	-15223
1525	-6573
8249	-1764
8401	-1916
1648	-20824
-2320	-1359
-18107	927
11320	-10139
-15365	2778
4695	-10672
-10867	-244
-14635	-3461
4850	-4913
2432	-1677
9965	-5599
22310	1094
9170	-4524
-251	-10096
-11603	4806
-1214	-7436
-19785	4114
5281	-5746
-7254	-12442
8329	-5658
-5045	-5469
-3556	-7094
-4867	988
-2994	8070
-6888	217
-5757	-3804
-1698	4789
-4947	2368
-12891	3921
4680	9891
6592	-14451
11323	-8393
-8150	-5018
3999	-8168
-852	2001
8575	-7203
-3146	-9225
24980	-4471
-3430	6472
-9539	15483
15025	-10805
11074	-5638
-8385	-773
7139	14570
-52	13355
16449	-12985
11148	-10398
1301	5779
7704	11010
2515	-4519
12840	19645
-10237	19582
10080	-10258
10895	5033
-7516	20174
16159	-10809
852	-8666
-7388	2840
9485	-3761
-98	-6418
1969	12730
2466	-5100
-9773	12158
-1410	1611
-10628	6669
22892	5198
6200	-15089
13260	-6288
5792	-11631
-10711	3208
23189	-12425
-5028	2911
-10834	4891
-7007	-3496
-9251	-3460
-11066	14861
-8235	9024
-6179	-8864
-11138	8477
5087	-18980
-9530	8013
3605	-5125
-414	-6360
-7676	-15575
5710	17115
-9870	21996
5701	-5143
-2877	-10832
-4968	-11760
-7418	16380
-6365	-2905
-4742	-1939
8996	-4026
-457	6232
6592	-1712
7904	1647
-11359	-8119
-432	4450
-1520	-9946
-6333	5723
-13162	22074
18961	25807
-5148	498
-851	3419
-646	-890
-236	-2601
-17092	5462
-2692	-833
-4522	-10794
-3458	-2392
6422	-14659
-9009	-3711
6922	-6199
-4867	-8454
-7384	1002
-5025	-10494
54	-1957
10216	-17195
-5623	4230
-4963	-581
-9408	1647
10172	-14695
-10435	5869
44	2779
9456	-4791
7080	680
-608	10166
-5388	6932
1371	-5196
3104	180
-13581	-1492
-3503	-6956
-5179	-3968
15272	-8846
1094	-2943
-4223	-578
4958	-1791
-6929	8419
-5336	19151
5376	-9080
-6325	-18718
10650	-12045
-5166	14579
-512	11711
13135	-10746
-9155	443
-4612	-4852
-14897	-2203
-1964	-16171
11030	-13134
-7601	-6352
-4560	-1637
-5479	15404
-4205	7336
3223	13784
-14782	31697
-3001	5047
4918	-7555
3984	-5106
5380	11609
-6956	2476
-5089	6691
28475	-1247
215	-17530
3826	8615
9011	7878
17145	-14548
-9472	5857
11349	-17467
18891	6552
1044	3931
-8878	3957
16843	-6230
9498	7032
-9756	-6033
2806	-2137
9659	-4597
-3817	11554
-4811	14384
1273	-3540
10964	8506
-12880	6957
1868	5269
7515	-6891
-2050	-3848
-20640	21185
10417	-805
5716	1716
4710	-2483
-5048	-3830
4504	1768
-6961	874
5297	-8089
11891	65
12880	-5028
246	6503
-8513	1442
-8667	-6246
-93	-5294
-3430	6514
-5039	14121
-15311	6705
1096	3292
-896	948
7237	-3999
-7466	-9407
-6469	-1724
5211	-8013
-3471	855
-7214	-8079
10022	-11073
2658	-1889
16493	-1224
2196	-15853
-2023	-3283
-13375	8572
-13094	-532
-5888	20454
8872	3108
-14626	8039
11545	-2795
1706	1465
9273	-26365
2313	748
-7368	21905
-14720	11422
-6312	-7425
8274	-22299
-10472	14434
-9892	17113
-10485	11385
-484	-1700
32960	-11977
-6281	-16942
11290	5128
5985	-2845
1533	13494
14115	-2579
12694	-7227
-178	-12093
-2292	-1480
-5805	-5777
-8209	-7624
4732	-1914
-2139	-348
-7202	10737
4401	-3497
9262	-3193
5130	15916
-11673	962
-8841	-1882
-1570	-846
-19036	21344
-1903	7234
-902	-8674
-4589	210
3186	-1564
-12995	13880
-3309	10125
-382	-3624
-3459	1569
10441	-9612
-418	-7373
9760	-3258
45747	2694
1305	766
892	3500
805	-4620
-9343	782
8119	467
-2728	-5968
11174	-20466
-7073	-5504
2620	-3068
-3702	21880
3056	-4877
9898	-2587
-3590	12119
-8781	5359
1848	-4244
7286	610
-14030	4648
1141	-196
13923	-6378
-2686	2605
1626	1692
3166	-8030
14786	-26144
2594	-8844
-5360	7667
-9977	991
-9354	-1544
6291	-12718
-3578	9800
1229	707
-7833	-6836
-4389	9407
-6276	-5896
-1223	-3070
-11204	-2004
23765	-12145
-10781	-9612
12532	1334
-1998	-4683
-9517	5420
-15687	15127
-19307	16485
5686	18958
-12563	12627
-10252	10979
7506	-4526
-10135	-15070
16735	622
5484	8305
-11549	3978
-14978	9971
-12843	9789
-5540	6970
1183	-4177
-3328	16063
10539	4015
-604	9556
-3742	17110
7600	3392
348	-17198
5973	-8280
-4731	-3171
-6854	27661
3175	-11137
19448	-1421
-6980	-6907
-3315	-11453
12747	8370
-578	3006
-9344	22412
5310	3500
-4476	-10200
-620	4322
-6353	-7344
-8733	6023
-15580	20606
3726	-3052
-3902	9216
11675	-14033
5664	-11391
5073	1846
1507	-2162
-208	-3690
-542	7781
3240	-1938
-2659	-2769
-9223	4309
-40	-10379
-1219	2193
-5255	2275
4449	1647
-10220	7240
-9001	-2446
-9728	5574
-9989	-223
-16456	14997
2663	-13214
-2679	-7749
-13693	3383
-3381	-16322
-5397	-10177
9287	1797
-5607	-656
6813	3542
-4491	1146
-13218	19569
-10900	-11256
-12422	6858
-7220	-8451
-5411	2361
-3595	-3586
-8499	64
10768	-5777
6328	-17972
-3370	-220
-6028	4118
176	730
745	-5969
-6455	9111
2076	-22555
-10989	-3937
-8002	-1697
-2819	4798
1764	-15457
-105	5655
6610	-12888
11229	2469
28490	19522
14788	-14185
-18677	17328
-7993	3983
-4243	-2692
7233	10185
-8623	2860
1633	1398
-7855	-2431
-3596	-2679
-7523	6137
866	-14027
-3804	-1637
-2304	-1718
524	-2891
-5533	1010
-6193	-8971
2216	-3589
-7309	-3601
-9571	7347
-6830	2138
15563	-12944
-2476	-1981
-11439	8301
-11034	15870
-6425	-2535
-4576	-13640
-4156	6927
-5796	-5885
-16620	20348
-5032	-7784
4584	-6665
-10401	-4183
-1166	-1737
-8769	3410
-5948	16069
-8660	-1264
2035	3149
29890	-3321
5063	-20621
-5789	4536
-4094	-7779
1055	-5224
-8531	-9071
11321	-4841
1613	-13400
13323	1984
6793	3868
4170	-8732
-6121	-3471
-1839	17633
7681	-7793
672	1098
-4561	10126
2475	11913
-17299	13529
-1744	12101
3087	320
15759	-11127
-12458	11174
16379	-4958
-4906	9829
-9305	-4860
-2326	16649
4491	7807
-13151	-5847
-6267	-2020
-7062	-5749
6934	-3758
39571	3115
387	-3806
1314	-7161
-2831	-691
24852	30313
-11373	19056
-2382	5055
-10607	-965
-14622	10095
917	2097
-6730	-1679
1259	-8253
-13385	7457
2713	1754
1048	24366
41	-16493
6995	-12006
3907	-15587
9266	-9673
-12410	1006
-4347	-2392
1151	-8460
12532	-7990
7357	11083
13175	-13013
-1742	-2664
10731	17366
-8224	6718
-2207	-3732
-40	32042
-2472	8926
-12486	-638
2700	-9875
48697	15707
-10570	-188
-8218	-524
-10365	5676
-12003	-6792
-5610	-1491
-4912	2130
6632	-16463
-5294	5126
-9183	3042
-4245	-438
10364	1985
-4910	1112
-5514	998
14520	-14489
12688	-1987
-6244	5906
19116	-8406
1070	6905
-14442	9063
-3266	-15861
17662	19245
-5618	40
4549	7712
3278	-1563
-30	946
-6485	9523
-4572	185
-18139	21623
-3715	12855
-10558	4631
-2310	-8078
10201	-5275
3585	-18522
11680	-5239
17962	12304
3201	-3499
6879	-9449
9139	-14931
3445	-8262
-15118	-362
-374	7165
11039	-3590
7341	-6339
6597	-5132
-727	-14630
-2818	-12756
3812	-1578
-9758	7494
-2983	-6065
52585	-6218
18637	-5878
5381	18434
-9281	8226
-7349	7630
-10989	4470
-6833	7974
27562	-11376
-9077	2523
5909	-12028
5222	-17617
-793	141
-14992	1384
2073	-1915
15078	-2684
9727	-24957
5219	-10511
-6022	934
-6686	-7105
-16919	4830
1273	12090
-4322	4558
6080	12372
-3843	1786
8874	5108
213	-12377
5407	5627
-3607	5949
-3121	-9258
-11755	12967
7542	-2032
3124	-3812
-3148	8279
-8462	-2581
1198	3901
1325	-2172
-11482	2089
-11121	13367
-5508	2561
-8739	9757
1307	-6225
4500	-3817
-11695	12416
-2801	4596
2462	888
-6541	-10664
-9630	10273
-5251	-8076
-11115	13752
-196	-8722
-240	-2921
-8437	17897
-3190	-9547
-16588	8892
-5088	3891
-9795	7999
7691	-236
27425	-9303
-12676	333
20640	-7827
8491	4835
18508	-184
-1186	-4011
-538	-1158
3526	787
-11712	-7091
10225	-748
16372	-7299
-10354	-10558
-4900	11893
-18108	11379
5047	-5972
9208	4584
-6120	-10418
19503	5820
-3211	-5975
-15881	14408
547	-12840
1954	-4161
-12198	-6353
-4970	-12036
23363	-24108
-6653	603
-11270	2532
-3205	-10966
14160	-701
-14230	3627
7913	-7317
-10177	5241
2833	7239
6048	8741
938	6922
-6760	-2713
-10386	-11542
-6244	8705
7757	-3316
-2568	-9830
30	-10130
-12161	9352
-6725	-5832
-11381	7825
2950	-14474
2590	8864
713	-5613
-8348	15091
14969	-11928
10187	-5312
-8831	6246
636	3998
-4550	18231
1836	-12838
9372	6004
1895	278
-1496	-14890
47566	-1985
11154	-3343
-4157	724
-7733	778
964	-10474
-10883	-66
18028	-18624
1481	5502
-14021	3507
1366	-5855
-6110	1472
-10221	18736
-9992	-9617
2099	-9401
12716	-4196
-2048	-10380
11231	-17517
1969	1352
4851	-12781
2580	11707
-11677	-7253
-13478	-8161
-3717	-8112
-7441	-15113
4583	-3065
-4674	-173
-7308	5359
-3124	-5932
-6342	3333
3431	65
-2051	-8699
16064	-20281
14749	-16420
15590	-9733
2620	-4607
-3284	4645
-6217	-5926
9727	8273
-9341	20236
12025	4292
1080	13206
-5061	5842
5596	-1381
514	-20164
3953	9292
-4333	6272
-7829	13876
1578	-1717
-6260	7394
-7580	-2192
-13086	-217
10649	-7423
2070	8846
9850	-8900
-4926	1698
10828	-10974
13363	-1309
680	-5795
-6645	7746
1662	-975
7793	-2424
-6888	11486
-885	11553
-7759	-9834
-9038	10544
-2181	588
-7439	-7833
-7588	-4406
7829	-19216
40674	-12179
1060	-11914
6117	-15536
-13629	10702
-14981	5602
6144	-3764
7865	-12161
-5147	286
4061	-12865
11548	5251
-12578	9287
-18243	3616
3218	4531
-12703	11220
-1441	15093
7271	12601
-8723	126
2698	-11780
-16420	2216
12471	-4444
3251	-5072
-2447	-12051
-15070	1298
-2923	3642
9284	-4589
8933	-2207
6371	-5492
-4073	9802
16782	-2054
-10931	15853
9930	-5382
-7958	8897
6615	5041
-1697	10592
10152	-1423
10620	-5626
-958	-5302
-14586	14475
-5365	-5237
8406	-11495
-9872	-5416
15789	-2279
2774	10345
-11000	14110
774	-11988
10329	1507
-10357	3439
12644	9522
-1631	1617
-2400	-12873
934	-9434
-9681	7502
-9630	-7012
-17315	13558
-16484	8662
1212	-3763
-16640	14885
4304	-765
-5595	16274
7971	9409
-967	-13265
-5405	-1652
11887	-3987
-2203	-3636
-17307	5758
-1426	2409
22003	-13264
2224	-4846
8964	-5540
-1162	2088
16238	-2224
-5433	6044
1177	46
-4328	11715
-1095	-4233
-3052	5772
10447	-9131
12364	12956
6231	-1215
11124	4118
-14166	3392
5994	-17133
-8892	5599
-7897	856
8757	-29771
-4276	-2207
9643	-15471
-2259	9079
-578	-13223
-12748	20916
19073	-1703
8609	-5125
-3868	413
10618	2881
-2112	3699
610	-11175
8016	3090
-11017	12185
-7361	-11639
3853	-5739
18710	-11418
1883	-3125
-7479	23759
-1064	2103
-3372	16011
6343	-12703
-504	8842
-4166	4960
-6066	8899
4920	-6395
-14005	14963
-1570	-10773
-4154	-2167
-9	-3528
-7421	4215
4167	-3960
7702	-13278
-3716	10756
-5756	15260
-4438	6175
-6848	-8197
17665	-7015
-3094	-9575
-4964	20842
13551	-1869
-1926	-8969
773	-12767
1710	3882
1651	-1239
13174	437
-323	7572
14811	-2690
-2854	7019
-5669	-616
-13267	23318
3438	-6912
2336	5535
20530	-6504
7102	-4454
-9712	-953
-9254	5149
-7040	12701
1469	-254
-5964	4861
-6933	-7859
-2760	-5482
10067	-975
-2720	-670
11639	-20965
-4331	8109
-6282	-5442
-4548	7328
-1360	-6284
-9354	-248
-6512	11946
-1500	-9381
-4864	11116
-1550	4008
-1341	-4416
-6480	9929
11096	-2441
-7351	783
15088	-10039
