2870	-6230
9478	7679
1678	20430
5545	-3836
-4487	-9695
-5420	-4125
-7475	371
-2001	4259
-12296	-5456
617	-7958
3007	13774
-3072	-4148
204	6006
2397	4937
18645	1553
4659	17781
623	-5257
-9153	-9777
23458	36833
-18815	-5746
-2631	6352
-11878	651
8341	-785
-6012	-8900
4776	1590
-7065	-3780
-4786	-6801
-11227	-1589
-9835	-7352
-5295	-8382
-1727	-9437
13389	-6923
-11688	-9253
46802	67196
-4614	-4273
960	-9607
2267	2653
-5446	-9752
-2555	-1475
-6014	-5285
-2491	-4890
4689	-2743
3172	-1995
-6645	-6590
16639	24195
-11002	-7751
-6866	-9624
-510	-1842
-1601	3083
-6273	-205
12094	24475
-5102	-7378
-9285	-8001
-12230	-4715
-7571	-4333
-159	363
-871	-8266
-3830	-6550
-7668	-8069
-8838	-5280
-5376	-2394
5312	21929
-4091	2345
8243	4314
-7660	-5889
-6277	-2444
6617	-3678
7289	7570
-6196	-3544
-1788	-2902
-5754	-1600
-2586	1665
11159	18494
-11878	-7845
-1500	-802
-4049	13809
-2632	-1431
-2507	-9758
28432	19072
-4570	4421
-3796	-5193
6038	13987
1235	10902
10563	16986
907	8198
-3495	-9476
-5853	-1936
28190	20341
-5546	-6051
6175	8324
-2047	-7560
11093	15609
-4027	-3107
-11478	-7016
-3800	-5124
-980	-9309
-12279	-3851
-4054	17687
-2648	1819
3981	12141
11235	13572
12929	21492
-2221	4833
-9566	-9761
-2667	-7260
16367	19229
16812	11083
-8971	6147
-425	3348
-8671	-5823
-1005	-6933
-2761	4147
-2460	-2102
-9069	-2506
-422	7457
-141	-4408
13470	22233
-1788	-3479
-7415	-9258
3922	12230
1234	2473
-9231	-7501
-11174	-9071
-6196	4297
-6998	-663
50414	81133
-8310	-2378
10316	9001
-1349	-2720
8588	13023
-6700	2547
-7079	-9761
-5630	-9598
11987	18801
-4305	-6476
-714	-2483
17925	28727
-5744	-8550
1966	-7376
20919	35620
1384	7442
-4501	-9589
2720	-9781
-9719	-5010
23667	-4770
11257	8709
243	3335
-6676	-5178
6406	-8865
-9010	-1180
47230	23071
7623	-643
-576	-9483
-7849	-7091
-4401	-4930
-5526	-9437
-495	-164
11843	8647
15618	33028
-9453	-4185
-6240	-9794
-10124	-4941
-3926	3338
-386	2829
-10867	-9444
7005	-9644
-8563	-7140
1124	-5644
6405	4163
5376	2424
3862	2723
12786	6799
13930	31726
24585	41877
-10929	-5228
14384	15827
-6498	-8928
-923	4786
-10848	-8653
-2167	-1093
2129	2534
-9397	-8669
2522	-6154
2509	-534
-9858	-5921
-8287	-3201
253	-6179
-7211	-4273
5314	-5664
-12545	-9076
-1224	-5312
-6527	-3622
-8122	-3648
7341	-7897
7627	20850
11872	1000
-15335	226
6991	5585
-4014	-5256
4323	-9766
-13801	140
19552	7627
1769	5114
-4667	-9788
7692	9288
-2259	6665
-5688	-6322
-3652	-2734
-6583	-8800
-7574	-9771
-14268	-6790
-2400	5193
11050	6999
-863	-6529
23458	9273
-9798	-7815
42378	56550
-5868	-8067
-8698	-1294
-7826	-68
-15884	-7753
-4831	-6434
-9093	-9257
-3102	-8201
-4	-6264
-9960	3889
-9064	-8722
81	9843
-7365	664
-5842	3087
-835	-3231
-6255	-7221
29218	9073
-383	-3784
-9264	-8734
-808	7588
-3671	-3385
-3691	-4062
-23680	-7686
-6042	-5123
-3635	1267
634	-328
-5329	-8463
-4624	-4075
-3196	7504
-15843	-6594
31178	19927
2429	6448
29701	29715
4544	6152
804	-5551
21989	11398
-13869	-8555
14996	9469
4230	54
9457	17729
14598	55713
-16285	-7281
2792	-5720
-9155	2610
34745	21652
4087	-707
-9501	-6587
-17862	-8064
-8899	4655
2113	3531
4009	6865
-8563	-9549
-10220	3238
583	-9376
-15880	-6761
4891	-9746
-3803	-953
-7286	-7132
-5287	-5988
-13207	-1619
-9610	-7502
-4432	6322
-8681	490
437	9632
-4748	-8868
200	-737
-722	11587
-3617	-9769
1662	-7287
1339	-2939
-1901	-4245
-4280	-3904
1149	3726
-11636	-5952
4508	-9704
-335	3224
-5702	2113
-7800	-1267
-5190	-4962
6089	2959
5429	16749
-2162	1079
-3528	-3131
4507	9171
-13539	-9630
46145	-2734
1824	-9278
3100	2316
5377	22016
2979	5980
-5919	3892
3016	-25
-7506	-9585
19894	4613
-14408	-8327
-2340	-3342
1693	-9670
-2422	-9647
-17261	-9451
-2479	-1431
9349	-2434
-7800	1350
-4378	-4697
-13222	-5620
-2620	-9674
-149	-7900
-1493	-3680
-6200	-2837
-8944	2664
5483	7295
1563	-6511
5807	15362
-14510	-7868
27174	-3144
-867	-1716
10957	7439
-8848	2545
7820	-432
4081	959
-2779	-4175
-5792	-2572
-3716	-5811
-7472	-8045
-2478	-8946
-5325	-3712
-3485	-2444
-11523	-9250
241	-9680
-1827	-5689
-14462	-9237
-7725	-9787
1851	-9742
-6949	-8749
5929	5407
6474	-3120
-7863	12364
4188	8169
-8322	-1115
-8095	-9650
29943	-4346
3263	4621
-2049	-2046
-607	-6858
-9722	-8418
-1490	-9596
-4665	-2119
-8704	-3599
-3423	-8845
-9904	-5508
2441	14173
-7631	-7744
8442	-5168
-642	6142
21180	19791
-2368	2423
26410	30870
37	-652
-13707	-8391
-1821	6053
-7915	-1268
4354	10677
5340	-6989
5509	16712
-1819	300
-3128	-3166
4040	778
-182	-4622
23264	-4045
-14126	-8206
1275	-1221
3493	-3000
-3516	765
-1190	-9788
-3267	-9480
12502	-5333
-5906	-858
11174	4724
-5063	-6976
-2816	2479
1785	-5891
-3648	-8955
6812	-5246
16421	3435
-16408	-8629
-7534	-7920
-379	1225
-6978	1195
-2236	-6573
-528	2896
29998	27191
-7509	-8992
-946	-3384
-362	2958
6867	-8567
-24496	-9277
3745	11602
4603	3454
-6559	-6918
9587	-4643
-1357	11434
-7674	-893
5406	18877
-10196	-8253
-3307	5537
2397	4708
-5401	-2459
36310	16791
-713	6006
-1910	-4272
-6199	-156
4920	-9601
-9722	-9793
-14543	-5991
22633	8481
-831	1878
-2241	9280
3333	13236
-8572	-1804
24249	-8483
319	-5607
-4714	-7689
-4237	-2222
6610	12388
-16229	-6828
-11135	-486
1964	-6374
1044	-5435
-8425	-9560
905	-8895
10957	-7575
-3427	7185
10904	-8779
-654	-5020
3683	5835
541	4673
-5302	11083
-4630	-1724
-11209	-8062
6673	-9516
5431	6468
-13124	-1646
-1215	-678
-9321	-9636
-2480	-5586
-16022	-8744
-5491	-9800
-10527	-7876
1415	-8129
-3735	-6113
1306	1314
-2414	-5271
-4060	6039
7310	1849
-370	-2807
-3233	10859
2554	2617
13764	-8565
-5597	-9800
2458	25297
11368	-6088
-6871	-9114
17484	17201
41379	26072
-5919	-1884
-2051	-1664
10340	23870
-3166	-342
-443	-9801
-11105	-6753
-3208	-5841
-1520	523
-19658	-308
176	8911
-7406	-8861
-4533	-8291
-271	-8520
3239	-6896
-15632	-9680
4784	-206
-7625	-9084
-2852	2207
-3571	-8597
-1001	-450
-4490	-9751
1143	5834
16752	13879
31963	32174
8251	-8947
6435	49407
15184	10203
-9915	-5397
6732	-4378
-9468	-851
3848	-5220
-6215	-1686
7079	10370
14651	7806
9728	-9744
17917	10067
-7374	-1767
-4887	-1099
-9129	2099
-4644	-1197
5838	5200
5545	-9239
-2664	-8553
4703	11327
-3839	-9369
-6165	-5766
-3888	2982
-1730	2457
-14089	-4876
-19473	-7044
4953	3227
23052	21006
-2350	-7320
-2627	-7601
-9212	-7583
-13432	-8375
5251	-8247
-2011	1001
-5693	-8488
16120	19416
-378	-4979
-7576	2673
7384	2373
-3611	1762
15973	8328
-727	14525
-796	13173
15365	14098
2062	-4690
3631	-3591
-14701	-1034
14817	-9285
799	-3888
-9393	-1277
1732	5797
-8749	-8377
-18262	3410
10086	10565
21180	21035
-2745	-2529
-2797	-9777
-7957	-8146
-1731	-1996
3388	1463
-15122	-8640
-55	5365
-75	-2462
-6561	-7077
19	-8977
-2071	1867
23330	-9391
-4289	-5092
-7056	1657
-5812	-864
7343	16528
-1363	3936
-3262	-7754
9141	3235
316	2275
10180	20327
-9391	-5942
14095	24777
-1046	-979
27458	19775
-1437	-4125
-14122	-2225
8148	-4611
768	3893
-3119	-8349
9534	-2831
12541	6116
12563	3830
-14229	-4074
-6861	-8404
-16557	-9785
7571	29345
-4248	437
4195	20224
-18150	-3725
-6904	-7176
-5150	-4112
-4594	6335
-471	-1980
-7526	-9793
3828	-8114
-7167	-5257
-4492	-8341
-6210	-9469
-2019	9140
12652	-7606
46	-9723
-4928	3225
-13351	-119
9703	13006
-8168	-6332
4541	3911
5130	12750
10518	-2848
-10938	-8976
19866	-7902
-6720	-4519
-1969	25676
23587	-9776
-9710	-3697
-7263	-3830
-11328	-7998
615	-3393
-5350	-6322
-1142	-1214
396	4240
-1024	1099
-4676	-4607
-886	-4579
-4110	-5477
6819	13071
942	-6100
19560	24564
-3839	1418
10257	15125
-6218	-7035
-5281	-9803
-2114	-2980
-1816	-8566
832	3603
-4696	-6397
-9758	-3445
-11640	-9500
-1586	-3605
-3287	1836
-9931	-6844
78	-7723
-4444	2715
-7755	-8724
-3490	-6570
3699	-4442
-3790	830
-2484	2785
5010	-3872
-8750	-3870
18208	9413
-15047	-3134
8139	17315
-3449	8979
-2970	5026
-2869	2420
-3201	1281
-2681	-4499
-1590	-8691
7319	7351
-26529	-9673
6380	4569
-3234	-9231
-2230	-999
6983	751
-15180	-8529
-7785	4992
8616	12403
-5749	3786
9149	-8454
11390	10099
634	4476
-7002	-1356
673	5865
583	-3806
1672	-9760
-9770	-9641
1952	12502
-3471	-5110
2803	-4181
643	2831
20524	24385
-4709	-8628
-5188	-1818
-15820	-2910
1984	-1664
-9164	-9576
-9714	-4133
-11332	-8466
30550	16926
1460	-3947
1468	-2638
-6424	-2291
-7648	-498
6766	-246
-16514	-9170
8293	3417
-693	-6322
-3554	1876
-1953	-3269
-7565	-9741
11136	15904
-11040	-3375
19285	26182
-13356	-6195
-7834	-5013
1280	4217
-13980	-9738
-4416	-8016
7143	-825
5057	4433
696	-2423
-4569	9875
-1001	5054
627	2590
-1287	-4217
-528	9447
-7841	-5156
-10613	-3106
-761	-8594
676	1208
-997	-9320
7860	-9792
-3016	-3970
-6492	50
-8906	-5064
-107	-4295
2423	-9641
4034	6945
-924	-2877
8625	-4224
-773	-9716
2671	10599
-7845	-6646
692	3086
508	-9802
1799	-6926
20266	-9759
-1623	3850
359	-7103
-12162	-9319
6539	7852
-4175	-5593
-794	1681
-21354	-7580
-11470	-3415
-9666	-116
1908	3133
10476	571
-7175	-9725
-4301	13820
2130	1512
-7224	-9791
6256	-9779
7805	12107
-1796	1253
3059	-8073
259	-9641
-6572	-6961
-7014	-7598
9215	5950
-4114	-5773
8624	8770
-5027	-842
11171	-9076
-17680	-9458
-10936	-4978
1319	-180
18301	23699
-1494	-1909
-4843	-7995
-4299	-9803
1024	-4131
-11064	-9781
-1506	-8577
-273	-8939
5438	-748
8799	-8416
7753	5311
8275	-7278
4740	-7255
-8040	5220
10450	2968
13694	14675
-1848	-4808
-4922	8965
-5019	-8057
-15216	-8059
-12440	-7845
-6509	-570
-7836	-6833
-5255	745
-11069	-8099
370	-2772
4836	-8127
-4651	-3962
-1939	691
-6354	9192
6092	18321
-2118	12082
-13280	-496
-7706	-3104
-311	-714
13901	516
-970	-5571
8628	10753
-12274	-8378
12254	3248
20625	12548
2727	-4577
-11592	-6119
4054	-8666
-2265	-7652
-5691	-2916
-904	7228
4775	-9264
-12257	-7196
2941	-5629
-10032	-7591
-17313	-9378
975	-3113
-5396	-3026
-3766	-2005
6328	-955
593	2446
15477	11873
-7950	-9799
-7000	-2908
1843	-2568
-1727	-1992
11703	16879
-9247	4463
-10884	-3269
5848	1945
-4337	-4123
3589	-2500
11658	3026
7436	-6216
7232	24246
-24043	-7294
12680	-5977
-10904	-2281
-2371	-943
-136	-9800
29	3339
-1344	-3780
7656	-6267
-4560	-8164
-848	14821
-497	338
1108	-2082
-3429	1785
-8256	-8618
-5956	-6461
-14649	-5781
-2022	11442
-6642	4110
2737	-6774
3083	9546
-3637	1025
-11319	-2571
19984	21846
10893	-1317
258	-6967
-2433	7111
-7376	-7289
-4958	-5617
2212	-9767
-4788	-9633
-796	2552
6726	4244
14243	15386
-566	3351
-3065	-2532
-7973	-5936
-1287	-5516
-4263	-7472
-10206	133
-757	-4464
617	11565
17621	8796
-1063	-4069
12548	12580
-3593	-4965
47942	-4116
-3112	4228
-6858	-2125
-5377	1099
-7606	-9776
3749	-8208
-4375	-8075
-1282	-9482
33713	-9267
4823	3306
3001	7361
-7246	-8743
-545	-9663
1200	34178
1012	-8915
8734	9411
-754	14769
-922	-9510
-4041	-7660
-4853	-9374
560	-3094
-1091	7022
1151	-1784
-483	-6460
-8396	-4158
-988	-9757
-610	-4300
-7229	-6944
1455	-3525
-3333	-556
8460	8563
-390	-2229
-3063	9318
14910	34212
-1715	152
-6920	-1230
7385	-2289
-1687	-8859
9827	24670
-188	-7182
3075	-7545
-8958	7719
1520	18104
-4917	2287
11953	-3518
-12463	-9134
-999	-9598
6361	-6885
45312	55805
1576	2546
-2565	3957
-4177	-3369
-5117	-1712
48290	41645
-4541	-8596
2637	5647
-9347	-2915
-708	-245
-12772	-4268
-10289	-4765
-11578	17925
-1384	4490
13061	32370
86	-1987
7305	-1580
2423	9302
937	3454
-11422	-7264
163	1004
-333	-9583
5889	-9781
-8114	-4174
-462	7835
1927	-5717
-6700	-1757
11216	-6565
-4745	317
14551	-2660
-578	10195
30495	27114
-7814	-5599
-453	-8419
21695	29878
21957	9378
-4139	-1282
-2228	1650
5241	-5058
-6943	242
-17169	-3091
-11371	-4348
-3501	-6993
-7118	-9801
-3389	-9196
6294	-2236
-5722	3139
8548	5925
13994	-9786
-1520	-9704
2868	6158
-2597	-4319
-23255	-9651
4870	3121
10796	-4538
-9815	-5613
11001	2670
-19294	-9683
-6128	-9795
-13823	-9797
2469	-8499
-12271	-1603
-14869	-9362
-8006	-6755
78	12347
-15920	-4363
-8483	-9497
-620	9576
-7034	-6760
-9969	-7371
-2024	4721
-1170	-1058
-986	7056
15133	3966
-9536	-8099
-5291	-7564
4692	-5577
-5209	-7065
-4467	1768
-5633	-9479
-1252	6214
9556	25927
-611	-8278
-8104	-4586
-12575	-5965
3504	2888
3686	-1720
-3575	-5009
15003	20077
4012	715
-102	-765
-12815	28
-4718	-2122
-1151	1821
5100	-787
-1694	1862
-7993	-3898
-4237	157
12858	13536
4712	-9749
3931	-2309
-8419	-1483
477	10623
-10609	-7160
-7046	-6547
-4127	-9803
-6398	-9778
-2339	1477
-11616	-8648
-10431	-8903
-8371	-715
-4563	-9725
-11584	-9487
-15098	-9034
5262	5642
12482	-1583
-3743	-9717
5864	6324
-5953	-9002
-2312	-8597
-3909	-6981
-345	-9500
4682	3
4362	-9805
2088	-9751
2465	5763
-13768	-7357
3449	-7184
-2550	-5846
-11223	-7719
-2203	-1682
-10130	1144
-2924	-9805
25720	24995
-2324	-3519
-15442	-4535
18549	14516
-5045	-5473
12442	16986
-3474	3964
10177	-8285
-8607	-8296
3041	-9284
6992	726
2504	17638
3137	4710
-5877	-8681
18517	11461
-4528	88
-11626	-9801
4610	9761
1688	-9526
2450	-720
234	-1190
-2019	231
13295	15383
-8523	-8897
-1702	2774
10446	2139
-204	-6244
94	-9425
-1491	-4699
-2225	-4605
79	4372
756	4506
-6853	-5164
13570	37502
18791	13997
128	1098
-9630	-3885
5185	7236
-6050	-9419
18097	-9462
268	-8219
-11258	-6370
3557	-1909
-17876	-9569
-3551	-2398
3134	-1888
-2115	-4648
-5421	2097
-97	-5657
23934	25926
-17371	-8702
7709	21035
16764	-6937
-6142	2647
-11880	-4908
-4430	-8189
-3045	-3434
4383	13063
25962	28346
10047	-8517
-3188	1672
796	-4430
5630	11076
5975	-6243
-5597	-3208
3483	-1580
-7999	-9014
-3116	-9713
-16461	-7201
-4888	-2878
-5983	-1927
-4768	-425
-14411	-7454
-16942	-7359
12699	3578
2413	2809
-13850	-9803
3411	-5860
-1065	-9661
-10690	-5575
3001	-8672
-116	1794
-8183	-9678
-5226	-5437
-2719	-2724
-14435	-9401
-4263	-8830
-9624	-3445
-4463	-3976
5755	2661
-1033	13251
16455	11729
1628	2226
9027	-9776
-1078	6375
-3327	-302
4346	10469
-1309	7881
3368	5179
1384	-6039
-4992	-2038
1247	-2993
-3907	3532
-4169	-8182
38825	47110
10919	-4247
-661	-8089
27561	29932
-6521	-9097
4793	9247
-7722	-2733
2250	-3909
-5406	-6095
4254	-7908
9431	8129
15664	10601
-1555	-9393
-4647	1172
-6093	-9116
5890	12770
20963	29019
10134	22562
-11019	-4596
8148	2130
13114	11589
-7203	-2213
2586	240
32886	19976
1074	2853
-1838	-2202
1718	8757
8920	5912
18537	-9783
-4263	-203
-18855	-9163
-2328	-2861
-9262	-8423
-4046	-9805
-8542	-4417
-5321	-5193
5439	4064
5984	-648
3997	1851
-5940	-9450
-820	-2447
-2035	2705
-28	-9654
1306	11384
503	-2838
-1216	6064
4963	9004
-9032	-9802
-7025	-8604
13674	16716
-2643	936
-3643	-7213
-4738	1002
-2787	-9765
1541	-8908
-7730	-7957
3950	-9805
13273	6866
-3889	-8066
-702	-5071
1899	-9776
15889	12152
-4966	-8643
12196	-306
-3445	-300
-9104	-4293
14593	-8266
-8419	-9790
5018	-5198
-4332	-4492
-6957	-4825
1151	4705
-4089	4207
-1149	-7915
4219	-2519
-17046	-8351
-1462	-651
-9231	-8863
2426	2427
16376	312
-2145	335
2348	20293
-9041	-4243
-6982	-7098
-11127	-9399
-5711	-1741
6052	-9790
-3821	-8519
1914	-7937
7787	-8323
222	17778
-4127	-3997
7149	-8250
-2874	-3598
-979	-8679
-254	-9428
-5851	-1512
19387	31764
-19046	-9784
8740	15334
-2134	-7630
-5313	-1404
-4410	-9780
5082	-2842
-10909	-2575
13579	29948
1307	12238
-1691	-5759
-3650	-4721
4408	8677
-8331	-8021
11422	-9717
10912	1520
24416	15923
-1428	-339
-4689	-8501
-5609	-5299
-5841	-1908
14057	7265
-2023	-3640
-7708	-8238
-14094	-6786
-9856	-9512
-1911	-9167
-17918	-9784
-2755	3989
2723	13562
-5575	-9716
-8422	7886
4797	11878
7767	7473
-27666	-8628
584	-9803
6252	1309
19201	-9743
5239	-7209
18329	35657
2196	12098
-11419	-6804
-6118	-1946
-2971	4231
-1010	2085
-11754	-6450
-565	4693
-3894	-9505
-1062	-2093
-9426	-1108
449	2549
7435	-8198
-3855	-6970
-4877	6926
765	4489
11846	-7175
-9233	-5959
8114	9973
-4143	-5274
6449	-437
1686	6343
-3470	-3156
-9258	-4027
2822	-8998
-16862	-9749
8147	7188
-590	-2510
7632	30876
10150	12069
-10531	-5045
-5121	-5337
483	130
-89	-9012
19989	20133
17197	29727
-5321	2203
-1833	-2101
-5935	-2751
1735	-2788
-1781	-2488
-10893	-9571
33642	45283
10414	-5353
-2514	1267
-6560	-5769
-3205	-2576
-9696	-8501
-4291	5487
7121	-8190
2471	-5787
-4351	-7204
13093	-3346
-2364	968
10913	18371
1411	7854
-3545	916
-9367	-6869
-9587	-703
-688	12802
19876	28566
-4410	-7526
-9468	-3124
-10916	-7589
-1802	15
-9172	-9559
-9411	-7208
40430	63410
-3047	1358
-562	10736
-6208	824
-9019	-5143
-7767	-7669
-4891	-2814
-5824	1032
-6216	-1371
4586	12299
-751	-9713
-14694	-7435
1196	-3975
1162	-7094
-3143	2624
16407	14291
-1722	65
2225	9326
-2614	2595
-2510	-9804
15779	20471
-2182	-7125
-8698	-7452
20814	-7416
-1462	-3449
-13075	-8693
-1444	-8180
-2067	-9786
29029	15665
-1186	4457
-11844	4523
-194	681
8127	4402
-10827	-5766
-5939	-2168
1524	-3177
354	-5751
8293	24882
-5301	-4047
8323	-9791
9758	-9158
15375	11202
781	4819
-10212	-7548
-2365	4943
-6581	2712
5304	-8926
-4572	-4552
-5104	-5980
-11143	-8253
-12530	-4070
2549	-6345
-2544	-7740
8693	12378
-9733	-8182
12420	21318
-3750	-9765
-3880	-8924
-321	12111
9935	14370
-64	4331
16407	23651
4338	-2214
23308	20025
-2665	-9755
10508	5679
13259	16718
-9666	-4725
4293	26286
23039	6702
-3393	6468
-7260	401
-4857	-6441
11797	20491
7078	-5248
-5816	1520
-9722	-9647
5785	18679
3464	-3423
33966	13546
-8937	-8945
3583	-5929
-2602	10517
1999	-9780
-10086	-2207
-18079	-6547
-9486	-9294
4688	-3608
-13703	-9362
-2091	1401
17167	-8417
-8263	-1978
-783	342
-3277	1455
541	-5487
-12601	-9484
-2640	5318
4222	-8466
-6837	5201
-8797	-7652
22296	48302
3832	3871
4175	8858
-6682	-9785
-10194	-9792
-6912	-8284
-3386	5068
-1807	8762
-7747	-6036
-4316	-9622
-4924	5635
-3838	-4004
-21013	-9289
2336	9716
-4310	3064
-770	-4204
9320	-9774
-7431	663
13969	8681
17280	5803
-2456	8192
4770	-9449
-4753	-7810
-1557	3983
-4790	-429
508	-691
-8782	1525
-3740	-50
-2917	-9712
-8197	-9565
-8874	-4859
16265	9043
-14742	-7949
-3486	42
8757	15038
18028	-5529
3848	-2056
-3641	-9800
-4913	-7865
10517	734
-1607	1081
-3607	-9767
-566	3314
-4816	554
-4463	7077
-861	924
-6066	-1280
4348	922
-2779	1245
-5110	-4187
-4973	-3163
-7194	-4001
-5145	-2784
-2073	-4112
-2037	-3644
-7613	-9691
-12607	-4389
-1050	-2832
-2244	-2177
9193	4035
2035	9042
-1830	10941
-3043	-3257
-12218	-8326
-17190	-9580
946	32001
14558	13772
-8057	-3014
25602	6023
5339	1768
8692	-8969
-5358	-5994
-11986	-312
2250	71
-1914	-5821
9429	9670
10180	2451
-707	-3179
810	1849
-8772	-5211
3890	4301
6969	6479
-14830	-8306
422	-4488
22389	1379
18119	-6799
8882	-2711
-17197	-6106
2289	-9697
-6232	-3641
-324	-5958
-6989	-7703
-3574	-3920
-3317	-9479
-9203	-5879
12989	-9463
-842	439
-2515	-1609
-11152	-8877
-486	-9382
3160	5909
4435	11175
22318	19642
-14271	-9640
14484	-1184
-2347	-462
-9893	-5898
-9926	-7593
-8687	-2314
3079	5983
-6726	-6973
-895	746
-7225	-3983
527	16471
6075	4690
-9418	-9775
-1385	-1543
12088	-5882
5262	-5604
-1010	-7632
864	1678
-14449	-3965
-5040	9298
-11228	-9380
-6170	-3343
1871	-9804
-141	-2140
13732	23475
-3389	-5355
-6928	-4957
-9966	-9448
2815	1427
-9059	31
-1677	-3326
-7839	-9076
-21323	-9336
722	-1444
-586	3678
-5049	-3491
-198	-2093
1605	3506
-4514	-3228
119	17776
-7163	-9805
13486	16272
-5888	-878
7405	18143
-10929	-6200
9838	7118
-600	-9002
19211	-4210
-1696	414
-1407	-8007
8546	-8981
-9817	-3078
8482	-5743
-3341	-8184
25994	7847
6332	8305
-524	-3377
-15311	-8901
-4805	-182
24876	30986
-2536	-2970
1047	-9052
-6219	-4442
11859	-8503
-4480	-4851
7121	-749
5715	8885
17458	367
240	7062
45144	-1855
-954	-5468
3664	8983
5781	2939
6347	11412
-2685	-4529
-12266	-8220
-6618	-2341
-1169	10476
519	-2553
-13785	-6352
-2197	-9754
-11874	-9773
-9548	-348
-4598	10200
4531	8190
-3652	1148
-7943	717
-236	-9779
-5240	3990
-6960	-6717
11963	-4053
7741	17306
-11184	-7625
2797	-2385
-4514	-2249
-7611	2700
-6231	-9624
-6088	4696
3673	-9681
14709	7169
-1095	-3835
4562	-7499
3796	-4661
4366	2036
-7869	-4534
33	2828
-1933	-155
15943	-6032
6744	-781
13265	1426
-7980	-2358
-2894	-487
1736	3418
-1190	1635
-258	8704
-1538	-9572
-5901	-2119
3516	-7384
-2107	-1729
-6279	-678
-2823	-1007
-755	-8948
-9110	-7931
-4577	-3129
1114	1153
5356	-9520
-9477	-7587
-10271	-5163
-9530	-4334
-11885	-8426
10190	7372
-2925	-9582
4387	-4310
-6288	-8867
10750	14921
17333	-3986
5713	12947
-5941	570
1066	-8281
-3965	-7270
-3520	3419
6874	3450
-10783	1168
-7388	1511
8927	8178
5531	3408
14619	-8946
4243	-9787
-3254	-289
-3861	16527
-7446	-6800
3959	8941
-4853	-6986
16276	31441
-404	1220
-7210	-1215
6695	978
3546	1458
9390	932
-12362	-6844
-3360	-8124
-4300	-9792
-11114	-5574
4584	6060
-8026	-8554
-3412	-661
3408	-406
17866	15365
-6568	-9805
3464	9349
-6069	3427
3201	-2551
9059	11948
-5224	555
-11697	-5911
4933	-1263
-7150	-6503
-5936	-5602
-5079	-6190
20473	27090
6501	3496
9903	4143
9425	6104
5848	17268
-13122	-9794
-6781	14474
17660	32742
8159	11621
-8704	11593
-6202	-6129
853	-2332
-6951	-6722
28345	6810
-17930	-9346
-2376	-2240
-2466	-3625
-1928	597
23677	11924
-3640	-2953
-6752	-9798
5487	4458
7078	-9479
-15325	-8198
6744	-2872
-4201	-8776
4947	5335
-13645	-5858
118	6583
16247	-4607
-11710	9552
71	-976
12640	-9536
-4431	834
1875	-753
-4594	-8977
-6169	-1319
20690	-9309
2909	-7647
24449	5308
3851	-1895
6640	5129
-5406	-7672
20167	10722
3602	-9483
4700	-2024
-20819	-9105
-9465	-6231
-15073	-8030
100	-784
857	9875
603	-1152
-6469	-8975
-6582	-4759
-1037	-4113
-7034	-4002
-5842	-9761
42299	11233
728	-281
3123	-9804
6203	-3292
-8515	-6897
1931	-6110
-7926	-274
3677	15940
1813	159
2697	4160
-11896	-9366
4054	6541
1381	-9125
-3097	3232
-1718	-3295
-3614	-3894
-4667	-8100
-1256	-1983
2565	-4902
7489	-3555
17346	15033
-1656	92
7322	10224
6046	15345
-1584	63
-3199	-7114
1909	-8539
-9472	-8191
-2091	1732
6225	8467
6589	-8942
-3485	-2871
5910	9407
-617	-6277
-4074	7056
-924	-8554
5425	3343
2498	10209
32329	25556
-2616	8888
-3248	-9792
-6956	-3725
5973	-9766
5583	15785
8869	-5618
-4400	-8936
-5149	-1738
4265	-8395
8269	4485
-3494	-9231
-590	5075
-7131	-4339
4094	-7967
-2688	6894
-10311	925
18185	4846
851	3566
-6152	-9683
1492	4372
-2675	-257
-7989	-853
-46	-9706
-3211	-6227
-114	-632
-4129	-4675
5074	1409
-19041	-9523
1392	2948
-7270	1938
-12552	-3736
5035	2848
21089	26043
-1758	-9374
17999	27133
-1482	157
28146	22372
-13752	-9648
17232	34149
13086	1046
-16777	-9353
-545	4140
1972	7833
-1327	-2721
1612	-5173
3327	4960
23456	14376
-5066	9938
4965	5530
19363	8715
8151	6107
-6174	-6432
-4590	2670
-5973	-7331
-1291	1282
51314	37962
-16542	-7696
-13933	-8966
-8022	-9102
-14056	-8488
-4190	-8549
-8759	-5102
2372	1477
12081	-280
-4836	-2019
-4550	2768
-1911	-2003
-233	-9098
-5085	8584
-6754	1538
-2114	-8907
10915	16924
-6432	-2701
103	-3093
6206	1551
7230	11223
2414	5409
-7708	-3762
1977	8342
-2706	-8059
-10942	-1137
151	13605
-11165	-7857
-2230	7306
1339	4629
-5327	-8766
-17002	-713
-5310	-7317
2999	6055
-3479	-9804
-3313	-1659
1464	-4717
-1624	-6251
7271	-3251
-6342	-4829
-2919	-5446
-6359	-4089
28565	34394
-4193	-1873
28073	21791
-5614	3483
3851	4542
-10875	1013
-5441	-1068
-10620	-6651
-5700	-8402
19445	9459
-3332	2832
2268	2036
-2144	-8733
-4152	-4332
-14639	-8212
-2570	-8528
5864	13311
7410	-4081
14876	14831
2401	9750
26900	1288
-6732	-3949
-9656	-488
5156	-8618
2738	5968
-569	-6273
-1286	-2400
3468	4073
-4928	-9744
-4891	-3072
-1114	-3519
-16208	-6529
16460	11043
-2588	3071
-7004	-2578
-8529	3552
-7464	-9772
522	-2873
-2690	7230
-4455	-9804
-26792	-9368
-98	-9638
341	-9749
-8361	-4511
-3179	-849
-972	-6721
-4520	-7231
4163	4244
-3769	-9205
951	-9701
-7539	-2361
-10360	-562
-9521	3439
-8174	-3172
3271	6506
9359	7631
-573	6117
-10225	-9011
6448	11792
-8743	-8206
-5572	-9727
-5310	-5630
13877	-2858
233	-6427
-4347	-5709
-498	-174
2892	1790
2537	1092
7342	2011
-2668	-126
6192	-1326
-4929	-8849
-8117	-3700
24849	18984
24294	16291
-1791	9398
10154	8934
4793	-9526
-3483	-3497
-10852	-8240
-734	-9805
-1571	-4336
-4785	-2346
42888	28895
11857	9748
-8930	-8053
209	-9803
-10812	-5407
-5395	-2944
3629	-605
47385	69634
21160	25145
29079	39333
4387	1027
-5136	-7095
660	-4618
-11710	-9080
-4801	802
-2572	-8907
-9681	-4907
3808	-257
7153	5502
-4826	-9791
929	-9091
21921	25109
7864	7984
2883	4341
8178	9516
7983	1188
1125	3267
-5745	2855
-3461	4561
-3481	-520
3688	20342
1225	-7550
-4162	-9761
16377	7646
-1346	2682
273	7952
-1406	-2864
8868	-9601
7838	4159
-1795	4863
-1793	-543
-3285	-8919
-8234	-7507
1170	7062
-5779	1385
-5627	-9801
4687	-8739
-2564	3149
-7494	-3532
-2691	-7905
-293	11992
-4959	-7369
-3487	-109
-18044	-9344
46359	21959
-1360	-1668
-837	-4492
-1598	13753
5946	-9634
-4373	2641
362	-1295
-9022	-6123
-3060	-9453
-879	-8136
1621	-2675
-1699	6181
3711	-2863
1397	-1083
4078	5983
11854	1647
22001	6255
-10441	-6546
6557	386
24293	24268
22103	11416
-13464	-5110
4217	-566
-3691	-5884
-8535	-9331
2735	627
-3701	-3265
29427	18025
-3341	-7778
2849	-9732
13780	2842
3886	1815
-13208	-1433
-1342	3097
-6965	-5811
1684	-5070
-2000	-5126
-3038	3188
-18327	-822
24322	35438
-9368	-7399
1355	-8599
-14292	-7024
-835	-4419
-15	1735
9466	-8679
-16714	-9795
-2798	-6712
1897	-91
5122	-1411
-2010	-2300
-7937	-3529
-3576	-3790
8200	-105
-6426	1847
5032	12458
-29832	-8507
-9166	-5002
31	3037
25258	12509
-13765	-9126
12267	11767
-7147	-6995
2392	5899
-1155	-2776
-9983	-758
397	10038
-12173	-3735
-4766	254
3845	-2854
22376	-7831
5066	349
29622	43557
-802	-9800
