-236	16
3308	10
5877	10
2360	19
4830	9
5315	8
2487	10
-162	11
5826	7
-13635	6
-198	7
-11673	10
-5241	7
7982	18
5251	19
2405	14
2233	19
-4925	7
-2526	7
3851	16
1530	18
3583	14
-8237	10
3913	8
-9657	2
9083	10
3463	16
2672	7
5314	6
-13466	5
2379	3
4280	18
5954	11
5601	11
-971	8
3870	8
3098	7
1235	6
3295	6
4304	6
7924	14
3122	14
-3519	14
5384	14
4048	19
1359	10
-571	14
11393	18
20158	8
7668	8
-7498	5
4352	7
2119	7
89	2
-2049	18
-6798	19
3737	3
4719	19
3840	19
-2270	14
-1445	14
8006	6
8348	5
-21043	15
3064	19
1832	9
6621	8
-1367	11
102	18
3978	18
6412	7
5139	14
2978	19
4511	6
-10107	9
-4850	19
5511	9
-15068	5
-4914	14
3626	7
3372	14
8453	14
6019	9
225	19
1199	19
1508	10
11003	19
-465	16
10308	7
437	8
4005	6
284	19
3168	8
5715	19
-16947	9
7706	6
4084	8
-1364	9
-6104	7
3685	5
4415	10
2301	6
-2606	8
-1686	11
2713	7
2289	10
10154	3
8460	10
-2252	5
-1080	7
7451	19
-2205	6
2284	8
6806	15
4055	7
10447	5
-7432	10
5702	8
7610	18
1519	1
4560	10
-3124	8
8898	7
5175	14
-14330	5
-3097	7
-2712	19
2987	14
-1849	11
915	14
-104	19
-14915	5
4915	14
2757	10
-28346	6
-1659	6
-1837	3
5647	9
5353	5
4552	10
-24258	19
5405	16
1543	11
5468	19
-3842	19
-13591	12
1598	3
-5685	19
7903	10
5763	14
6517	8
5896	10
-3142	7
-2438	19
5210	8
3499	9
-2485	19
3632	18
-3148	11
12382	18
10915	14
10446	7
-4598	10
8373	14
-8437	7
-6063	10
-5249	18
2359	14
6416	19
6228	8
-8792	8
2662	14
400	6
5103	10
2499	14
8986	19
1364	14
7981	8
6512	18
5963	7
-43717	2
2137	5
1502	9
-17713	19
-1173	7
8336	5
-1931	7
588	8
-3086	9
355	7
1467	6
2030	14
4979	6
4144	5
3771	9
-35315	6
6634	10
-9019	7
4772	6
-3995	3
-2076	7
715	19
5818	6
6967	15
2633	18
-8813	18
217	8
4770	11
7990	18
5600	9
-14805	8
-2542	9
-908	9
-1420	3
584	5
7012	14
5234	19
746	8
-13566	6
8237	10
1869	16
-1025	9
-583	11
8950	6
-2500	11
3208	4
646	19
1369	6
-20588	11
5543	7
-15578	10
-4025	9
8106	7
2214	14
2041	14
3515	18
-7227	8
-4869	7
2673	19
-21609	5
2067	16
8775	14
14671	11
-1271	7
5611	11
-13	7
-1655	6
2825	19
4202	7
5066	18
-2319	5
11885	6
7534	3
8534	18
4197	16
7754	19
-4487	19
6002	14
2032	12
3574	8
6215	6
3522	5
10986	7
-2368	8
-5867	5
4073	11
-4176	5
-295	8
1988	11
2358	18
5590	11
3984	11
-1544	7
-13571	9
-5501	19
2047	11
2283	1
1773	8
2919	8
2824	11
-8001	16
2858	8
4419	7
3157	5
6389	5
-1996	6
4730	19
-18984	5
2078	8
9914	18
260	19
-6273	6
1744	10
-6713	19
-3992	8
-1827	10
6553	9
-17233	18
-15566	16
1590	14
3270	14
8702	6
4832	14
1907	18
646	10
4114	14
5143	15
1776	18
-1458	14
-8039	8
-5717	7
1861	14
261	18
-2379	14
3901	7
5031	18
4777	10
-37380	12
6487	6
5224	14
-73	5
2814	5
7442	10
10943	5
1548	7
-7886	10
3971	14
6047	6
-5947	6
-6706	19
5615	16
-5773	5
-1434	8
4272	19
906	16
5978	10
5816	14
943	9
7349	16
-6944	12
4334	14
2044	14
1257	6
1836	9
1428	8
9737	14
-2509	10
-9432	2
2967	6
6675	19
-2027	19
-8785	9
-120	5
1182	5
5630	18
3112	11
9548	10
7028	10
3705	14
5244	9
-2730	10
1540	14
9991	6
3812	14
2568	18
2969	14
-19466	10
563	8
7186	14
-6330	10
-272	8
4340	14
-815	7
4250	9
716	18
-2404	8
-59499	9
-6243	9
-19880	5
-318	6
7374	8
-13071	2
10673	6
4654	19
-1035	7
-3059	18
-19690	19
5214	9
2099	13
605	18
5964	10
-5884	19
-29222	14
-16557	7
10500	19
2408	6
2754	16
5011	14
7312	8
8634	7
3481	18
8209	6
7301	6
8706	10
-15778	6
7810	14
-31124	8
-824	8
2168	6
9295	14
-6551	1
-108	10
7263	10
-1441	7
-5222	11
4217	10
4636	19
-400	10
4045	19
-14702	19
2690	19
-22847	19
-441	9
3476	10
-140	7
6334	10
1773	5
2436	15
-2882	5
-2351	7
-1248	6
-20604	19
9237	8
3098	18
-14560	19
6482	19
4852	8
475	19
-13703	16
4010	6
-18345	14
-4382	14
-1982	6
7008	7
1722	6
-9711	19
1774	14
5361	11
2780	8
812	8
4875	10
2053	3
7514	6
-80	10
-4099	10
8671	10
2315	10
-305	7
1962	10
3517	6
-5189	10
-2937	6
-45158	9
-6728	19
6124	18
-17649	8
1251	16
379	9
-1390	10
1255	1
-14873	11
5618	11
5366	7
-639	9
-49057	14
-3445	8
4346	3
3833	7
-39808	11
-8089	11
6245	6
-12882	7
-1149	14
-649	19
7175	14
6191	8
-8668	5
-13205	10
23454	16
-1560	8
1317	14
7229	10
8089	7
-53233	3
-1652	10
1827	5
-1866	11
-2009	8
3222	19
6585	10
8412	7
6726	14
-18157	8
1858	6
-50965	7
9272	6
1943	14
3010	19
8843	6
2365	6
3643	6
573	18
-14665	11
3168	7
700	12
1299	10
1682	14
5776	5
-7126	9
-1588	14
7992	8
3805	11
-13357	14
9074	10
6481	14
6240	10
-603	6
5251	3
9877	14
-7119	6
5027	7
1650	2
7268	19
-36979	16
923	16
5763	2
1211	8
885	13
4247	9
-3878	8
1135	10
-262	19
-8725	10
6169	7
-6464	19
1112	19
-3881	11
4895	5
9989	10
-1456	8
4953	8
-19176	14
6084	6
2056	10
7060	8
4870	19
-6015	6
-2126	3
-14938	11
-6020	7
568	8
1636	18
-2289	6
8795	10
-1035	11
1077	10
-6910	15
-7063	6
6491	8
-579	5
6715	7
2565	5
3843	5
-1518	6
6461	10
-6766	1
-444	5
671	19
1126	10
-8941	10
3446	14
-16457	8
-1586	18
-10428	19
1293	6
8282	14
3204	9
7676	5
8436	18
1498	8
131	7
839	14
1457	15
-4726	19
4041	8
9315	19
-2237	18
4689	7
7727	5
-12241	5
7147	11
6430	6
-4951	11
3567	7
7119	7
-11317	14
139	14
-2997	9
1381	14
-5452	10
-1394	19
22748	7
6309	18
8674	18
-5048	14
1212	5
-9765	11
3606	14
3361	7
2996	14
238	6
-14275	8
-4839	10
2930	6
5134	5
8937	11
2977	15
1549	18
2244	8
9050	14
2570	19
-1853	19
6171	6
6870	14
-16786	3
6114	6
-5346	6
-3105	16
569	15
-254	7
1728	10
9736	15
-4703	16
2296	13
2192	10
2822	6
-1419	15
-14707	6
4537	14
911	19
-2101	5
-2290	14
1649	5
7941	7
2462	6
2700	9
1571	6
-4418	6
2644	6
3092	14
-7354	9
-744	11
-1732	14
3383	15
7825	15
10149	16
7226	8
3485	10
4555	14
11789	6
-8009	9
6086	6
-27899	10
7112	10
9390	19
10445	10
4656	14
2833	5
2358	9
2721	5
-3096	12
6039	14
-10208	10
3067	8
-2529	8
6852	14
-18039	19
3786	14
6673	14
6912	3
-8255	19
-2973	9
6640	11
-48	19
2664	10
-2925	14
927	15
453	10
5453	5
1934	10
1042	10
4039	8
5365	6
878	19
-4317	5
1520	8
-993	9
-21735	16
7372	19
-7231	8
4714	16
10853	8
2180	14
-1987	10
-19709	10
3280	6
3988	10
1064	19
6341	19
4293	14
-24222	7
-32623	18
-13921	8
7911	6
3465	14
-14558	8
-1661	18
2056	8
-1238	5
4184	6
3529	8
1033	14
2777	14
2841	6
5909	10
-1568	6
-16745	8
7668	7
-6898	7
5339	7
-265	5
-500	16
6987	16
-4285	9
3746	7
-1170	15
1733	19
-2302	6
2972	6
-4104	10
5954	8
8374	19
4711	19
1378	8
-1412	6
-4688	7
8381	6
2866	11
1986	18
1909	11
6708	6
2727	19
9339	6
655	11
-258	19
334	7
4518	14
1465	7
1715	11
-4778	19
-16380	9
7079	14
-3522	7
6699	8
765	7
-9272	10
-4705	5
7735	19
1657	10
3901	3
6342	18
5290	10
7101	14
6147	14
7199	6
12083	14
6043	6
-467	19
1669	3
3863	8
3428	11
-13712	7
-6943	16
-38114	10
-13181	9
7466	8
-8461	6
-2879	16
-7301	11
-26815	8
7238	10
2287	7
5835	18
14102	6
-2133	6
1978	6
1136	18
1425	7
5673	10
-7	12
1672	7
2020	7
2038	7
89	7
2177	19
-3608	9
535	10
1122	7
10393	10
-2226	7
4574	19
525	5
2060	7
-2772	6
-6602	16
5141	11
7950	9
-623	5
656	19
4515	16
-1594	14
11724	8
-1327	6
-24	10
3910	5
1368	1
6459	14
8914	8
-3061	3
6904	8
-1665	8
1724	2
3967	14
7087	18
3441	15
6714	19
-20348	3
4051	5
3357	7
-5818	19
31955	18
-557	9
3831	11
-616	13
6765	2
10106	7
3979	6
5362	5
7247	11
-9031	6
-2140	19
7875	14
-3230	1
1160	6
-9232	11
4186	18
3209	5
3808	8
4419	19
2420	18
-6537	10
2284	10
5999	10
-4649	7
5284	11
2945	9
5729	14
247	6
4244	6
-3580	11
-12639	14
-4156	13
7795	13
3676	7
2757	10
-593	18
2944	6
-10179	6
-850	16
22463	18
-2003	5
-13287	3
-859	10
3820	10
1114	8
5938	9
3907	7
-10740	8
5986	7
3714	18
-7059	18
6387	19
3738	11
2221	3
-2602	12
1936	7
6636	9
-13518	14
6115	10
-13862	6
5775	6
8822	18
-7	19
6306	14
-5128	16
6661	19
2693	19
6294	7
-1251	7
-1437	6
4713	7
7994	8
-4546	14
4133	10
-111	3
7759	8
2045	6
133	11
11301	6
1335	10
-2681	7
2012	5
3296	18
-1594	6
4971	8
-20391	7
-4521	7
197	19
10901	5
1	12
-2737	7
-12288	10
3665	15
-15323	10
-1298	6
-774	6
1992	8
3438	8
-6460	16
5891	8
2819	10
-18003	5
4362	6
9992	6
2175	14
7138	10
888	18
3871	6
-2882	6
3506	18
-3764	19
1045	10
4837	5
3105	10
4443	19
2753	8
-20056	3
-479	2
1888	7
7038	18
-4625	8
-23449	12
5760	8
1914	14
5326	14
-1211	10
-340	8
1491	6
814	6
-4049	12
2668	7
11222	9
5684	11
-262	15
6238	7
7259	15
207	19
5284	6
3535	10
10492	14
-327	18
-26353	10
-1848	8
-4538	6
-2513	18
6001	18
2902	10
-4499	14
-15471	5
-2963	8
429	16
-10369	18
3053	5
3782	7
3640	5
-54364	10
-4000	10
7526	7
1075	14
5763	14
3215	19
1032	9
839	18
-14411	6
-6599	7
4263	5
1051	5
3747	5
-37757	3
-4642	10
7109	7
1435	5
672	10
-3294	8
-466	10
112	8
4527	8
-979	8
6919	3
-2614	5
5675	8
-2300	6
6952	19
-3989	16
6124	8
-10385	14
2662	11
1007	19
4490	11
-7180	19
8277	12
6040	15
4907	10
3194	6
9017	18
3401	14
-1881	19
-1616	10
1718	19
-20085	7
-20914	14
-59667	18
-4571	19
-6274	10
-14331	8
-575	18
-3867	3
5623	8
-2501	14
4015	3
-3861	7
-6356	19
5681	10
5111	5
-499	16
-3683	5
-21358	6
-23200	14
7658	7
-11333	19
-53660	19
4866	9
3220	10
4716	6
-181	5
2653	7
-25831	6
4631	10
-1023	8
993	7
5490	5
3684	19
-602	6
-1047	7
6971	19
2317	14
-8785	5
5491	15
5775	14
2471	6
7695	8
200	5
-3323	14
1695	14
8361	10
2809	14
-15565	18
-4811	13
-493	7
4067	6
-20243	14
-2165	11
621	7
-882	11
-6635	10
6369	19
-48922	2
-838	8
2230	14
-3003	5
5249	14
5804	5
12354	10
-2058	5
-1415	18
2282	6
-2792	2
5826	19
1266	18
-2600	9
3824	3
824	7
-3261	18
5311	11
-19454	3
44	9
10799	19
4836	14
-2104	7
-5458	16
3866	13
-4006	12
2706	10
-3519	14
-8554	11
2918	6
9150	14
-3532	15
5006	11
-41052	14
-7248	3
2455	19
621	6
3633	6
1966	7
-1311	19
-7235	8
1043	11
8889	10
-2182	19
8925	8
9808	11
12713	19
-1618	16
4053	18
2666	18
11302	9
3908	6
-1192	5
-16937	1
-2464	9
6213	6
3217	14
7156	18
-9684	7
7524	15
4044	18
7016	19
3995	10
7706	10
5007	9
7558	18
10105	8
5589	19
-4274	6
-19824	3
1824	10
2289	18
-23912	18
-657	12
3319	14
3746	8
555	7
543	10
1950	16
1790	9
-1980	10
1512	9
3477	15
4420	19
5103	7
5341	9
6656	5
4931	18
2600	9
6225	15
4849	9
-3938	5
5622	9
6807	9
-1552	5
861	5
2877	6
3305	6
-6240	9
-10819	5
3636	9
-930	8
1659	6
-2259	6
645	7
3202	7
7562	8
3113	10
2319	7
-3096	10
3832	19
-25547	10
2262	14
9619	8
2901	18
-7922	8
10318	15
10210	6
9235	11
-5373	15
962	5
319	3
10285	5
3307	14
2838	6
-16360	8
-8992	14
-25273	9
-54343	2
4008	7
3098	6
10725	18
11516	7
676	19
7366	18
4121	6
5850	10
9264	10
9900	7
7212	8
-2930	8
-14701	9
3349	11
-2023	11
6257	8
5450	7
-2151	9
3032	7
-2647	9
6789	15
-248	6
-2743	11
-5529	19
5974	14
682	7
1308	14
-2746	9
6645	16
6818	18
766	5
6540	7
2847	18
227	18
6572	19
-1737	18
7729	14
47	10
2030	8
2829	6
1780	18
7190	6
9515	10
-8695	10
-1392	9
8071	10
3010	6
2375	12
-23238	7
3455	8
-23481	13
6511	7
5589	7
4386	14
4985	6
2786	10
1502	18
-1995	7
1555	16
-3743	6
-5575	12
4166	7
8126	10
1046	11
5371	10
-11269	2
-8546	5
-10071	10
889	6
6285	4
6652	5
697	8
-3803	19
6209	7
-7429	11
-2442	14
11136	8
462	10
7775	18
1073	9
2657	7
10602	11
5899	16
-4000	10
7591	5
-2440	11
3296	2
1809	18
493	9
-4052	5
-31620	16
8036	14
6107	10
2548	10
5933	6
5219	6
385	14
5374	19
1041	7
-22744	5
3509	5
6150	15
3921	6
7273	14
2554	8
-4324	6
3582	6
1122	6
3778	11
6240	10
6501	10
2101	18
2225	10
8972	8
-21952	6
4599	10
-1282	10
-38973	2
2550	10
7567	5
-698	15
-1509	11
4308	7
1344	10
-12686	18
5910	11
-30463	16
4347	14
1095	19
5604	9
10014	3
-11232	18
9574	7
1768	5
3694	12
2152	19
311	19
-29267	9
400	18
-9486	18
-10117	18
5326	15
7555	8
10079	9
4562	18
4175	6
5923	8
1091	5
-3451	6
4425	9
3416	7
-3013	10
-1985	8
3270	18
-54911	16
522	14
2155	7
1800	6
4793	17
1151	10
-16808	6
1994	8
7863	8
10577	18
-2819	7
4449	18
3475	19
9415	18
4250	11
650	10
-1878	10
6757	8
1388	7
-5139	6
745	4
4925	11
-23087	14
1442	16
7845	5
-6296	15
-4479	6
-588	10
6058	11
-4672	3
4462	6
-5893	19
11108	18
-8346	18
3688	3
-20119	14
-78432	6
9264	8
1687	11
-82490	12
-5242	18
-9036	10
5699	7
2470	14
-3204	8
-7677	19
6723	5
2342	11
-1688	16
1530	18
-639	14
-7738	11
2516	14
5944	15
3134	10
1406	7
-276	9
5350	10
871	18
-6569	7
5184	5
6618	19
776	14
1319	19
5583	19
-2364	6
-3877	8
675	18
3228	11
6257	18
1667	19
7357	19
-1173	16
3131	5
4549	7
-8585	14
2168	9
-15526	8
5380	6
-10418	8
-1026	14
3014	6
1637	7
6532	14
200	7
-15119	11
-10211	6
1547	6
-5177	14
6382	14
4206	9
-6473	19
-9239	8
5619	15
1412	19
2184	14
4671	10
3015	7
3707	6
199	3
9697	11
2236	10
-1379	15
6427	15
4115	5
1024	19
3173	10
5879	6
5416	5
2968	3
3581	14
103	10
9220	5
-26865	7
1464	8
-2062	7
5678	19
5625	14
4051	8
-8587	5
5785	8
-11582	7
7041	9
5752	19
3867	19
4184	14
1905	7
5671	18
5839	7
3702	6
-13925	10
5837	5
2130	14
-4905	10
1951	19
-7933	11
7554	8
3587	6
-13618	14
41	11
9834	10
5530	14
-2746	9
2054	11
1989	5
4115	6
-1547	2
2846	11
-4697	5
12621	7
7906	10
-3226	6
1956	18
3168	12
-16350	16
-1065	10
-254	1
5994	16
-6646	6
-3268	11
-673	6
-81516	6
-21568	3
6495	5
-1290	5
-7571	19
5601	11
5994	10
3493	10
4100	11
8851	19
-837	14
-6678	5
4211	14
8213	14
2889	18
4861	6
-14	7
-1102	14
4715	5
-933	16
-1177	7
3358	7
468	5
-2993	6
2596	19
-2813	7
6473	9
2872	7
7731	6
-11534	11
-6664	19
1183	5
-204	5
3247	6
-1217	10
-9830	7
-7198	7
4628	8
8021	9
2798	7
-528	11
7325	19
2733	14
3035	18
-6993	2
-2029	15
416	6
2253	8
878	7
10511	18
15284	10
-4029	10
3751	6
-5074	8
7462	5
-31437	5
2165	7
2476	6
5917	9
1092	10
3475	7
3784	6
6388	2
372	6
5667	9
399	10
2595	10
-7130	11
-7952	19
6197	12
-2594	14
2624	7
9251	8
-9748	6
-18262	6
1916	7
1609	9
4935	18
-3168	8
-45781	14
-1562	10
-15427	5
715	14
3934	7
7063	2
305	7
-7268	10
-12040	6
3616	3
2096	11
1268	11
-6744	14
-40787	3
5880	7
1593	8
-5356	12
-878	14
3325	6
4085	7
5310	5
1669	11
492	7
-2427	7
-6574	5
-5210	19
-14926	5
-7045	10
4608	14
-820	3
485	19
4425	14
5240	14
5220	5
-7984	19
2888	11
3519	5
467	9
9031	14
-1095	9
-1541	6
4689	19
-4358	5
-4903	11
5087	11
-12299	10
6903	18
881	14
-3407	5
-15225	5
6427	10
4214	5
3539	19
5498	5
9231	14
-9209	6
2177	7
-2751	14
7851	7
10065	10
9416	14
4391	10
-3191	11
5863	8
7438	10
9643	7
1112	15
6415	5
5993	14
5552	3
-15863	5
2347	18
-6068	19
5486	9
7130	6
2009	10
9149	6
1190	6
3772	6
8554	5
-8409	10
2097	6
-9482	14
-2927	5
7950	18
-13072	6
13022	5
-2188	11
6794	18
-979	10
-6395	5
1098	14
-2182	10
-11784	19
2230	5
1119	8
4973	8
1263	16
2640	18
8181	10
3724	9
2803	6
-4609	5
1927	10
3578	8
-2942	14
-8371	14
4965	19
6441	18
-38684	14
-6577	9
8657	19
5222	19
13774	8
717	19
2335	12
878	7
-8544	9
5240	16
7527	6
5408	5
-8293	14
12805	14
2022	5
-988	10
-8569	19
-98079	9
2214	8
-611	7
-412	5
6344	7
-1795	14
8608	7
-8120	3
2817	15
7295	14
-6361	14
-2755	8
-9648	16
1996	16
8354	8
-8591	6
-440	3
2550	10
-10747	19
3782	19
5755	8
-351	19
-9489	6
8560	9
12495	6
7955	18
3915	19
5077	8
5692	6
-12388	14
13504	10
2840	7
9217	8
-14456	6
-7106	19
7430	8
10537	10
-10175	7
4335	9
8776	7
675	10
-5002	19
8337	8
5494	15
-20417	3
8365	7
2697	18
-18507	8
2615	16
-34431	10
-2278	14
5976	5
3194	12
6063	8
784	8
6060	10
1303	7
4809	7
1771	8
-23902	2
398	19
3099	19
1287	10
-512	14
1309	11
-661	8
-2668	9
-1841	10
2002	19
-23162	18
-1298	6
2	5
-13630	5
6412	18
4105	9
2804	8
-16975	12
-5375	14
-10624	18
1246	5
1491	7
5704	6
3451	10
1982	5
5387	5
-38031	19
2844	6
-4442	9
3894	7
8697	6
1458	7
1166	14
-8737	14
5157	12
-3906	18
3449	14
-6243	19
-280	14
7586	18
6748	10
-924	6
-8672	9
158	19
-36729	6
825	6
818	14
-13460	14
1730	19
7000	6
6187	14
3599	15
6052	10
4982	8
1455	6
-6574	6
1170	5
-3531	6
-3129	15
5835	18
2868	8
2036	18
-16403	7
5331	19
13111	7
1561	10
1833	7
2919	19
1043	8
4269	14
13418	14
-404	19
-10592	10
-16989	8
-10029	11
-46061	12
-14506	10
-1985	10
-98	9
5369	11
-5013	11
-10247	8
6046	10
1671	6
6189	15
11091	10
-2520	7
931	8
586	6
-656	8
9310	5
8187	8
-14229	10
2271	8
-18050	10
9488	6
3755	10
-852	11
4580	7
1880	7
2185	15
4181	6
3656	6
2532	14
-5122	19
-50702	10
3323	19
8585	19
8265	7
11398	15
380	10
5723	11
10251	10
6748	6
1446	5
1797	19
4184	5
-12486	7
-5257	6
-3132	6
7426	15
302	14
1624	6
8515	5
-3228	14
5365	14
473	9
-57158	13
1826	5
5262	10
6701	3
-49124	1
9222	4
6015	18
-295	8
16118	18
-6463	12
2897	6
4634	18
-4091	10
260	9
-595	11
5288	11
3539	10
4354	14
-15377	7
-1200	5
-556	18
-255	11
9822	9
5933	8
2554	8
-2514	7
6955	7
5303	7
5019	5
2969	5
1249	14
932	10
1272	10
3856	11
7310	11
6051	14
-5797	9
-7499	15
-5221	19
4573	7
-9229	8
-14279	9
7740	7
-278	19
-7880	12
-18305	19
4183	7
-2498	7
-41396	9
-892	14
741	14
9156	6
4640	10
5305	8
1246	11
3142	14
10135	18
5216	6
1041	6
13821	19
2724	10
-7187	16
5147	10
-3179	7
7693	8
241	10
-45175	14
4570	7
-27272	12
11423	18
3362	14
8318	5
7290	14
7766	5
2756	14
-4348	5
5076	19
-3249	8
-277	8
8806	14
5012	8
5573	7
493	18
-6807	19
4365	6
7351	11
9416	14
-1965	8
1214	14
-20730	19
952	11
-7322	18
5295	14
-82842	13
2075	10
2027	6
1908	8
2047	11
716	14
4733	18
-3826	10
9707	18
731	10
3997	6
-3164	9
-2528	6
3566	8
10293	10
671	11
8149	7
-2275	7
-2230	7
-118	14
1517	5
1821	9
-600	10
8323	15
956	6
7099	19
11753	14
9284	7
10456	18
4163	14
-1205	6
14902	11
4281	15
8989	8
5391	7
-3823	14
6832	10
-96457	6
-10864	16
3489	14
-15271	10
1385	15
9851	5
4793	19
2295	12
2212	7
6303	7
-246	18
-8551	14
-907	12
3217	14
7699	9
2427	8
3442	10
4733	10
1415	7
-755	18
1705	6
-1400	11
3660	6
-899	19
-7223	8
3233	14
993	16
5998	19
-479	7
5972	10
-4734	14
2209	14
-84	11
-2855	14
4931	10
2689	16
-308	11
-1512	19
2374	10
-9572	16
-2946	14
1945	5
4998	18
-10686	6
2767	10
-33	7
-3273	16
-3194	6
-2266	19
9417	15
2307	19
7817	10
10982	8
13318	18
-6555	18
11076	18
8927	14
8543	19
-1152	3
820	18
1688	8
1062	9
5744	14
-1695	14
-186	7
-2986	14
-7773	18
-8602	19
3953	6
12821	7
-64	10
-2788	19
760	8
2919	19
3708	11
3153	10
6404	10
-8765	8
896	10
-3104	6
7429	10
-30299	8
4402	16
-8455	7
596	11
3593	11
-157	16
2419	14
3938	19
-2932	3
-16663	14
-18351	8
-815	11
9835	7
59	18
2085	10
-3119	5
1996	18
-2729	19
9187	18
6968	5
4220	12
2980	11
-6567	19
2354	10
3170	5
1182	18
1608	7
6185	18
6502	8
-17131	19
3714	10
6302	19
4483	16
-9358	14
107	8
2715	7
3066	6
-4166	6
11432	6
-3028	14
3887	10
-858	8
1515	10
-397	14
2327	11
4902	16
3672	8
-5536	18
-2672	11
2221	11
762	5
4991	5
4433	14
-2224	13
6812	16
-2451	19
-4076	11
5362	14
-2467	9
-8623	14
10129	8
7023	7
2106	19
1015	6
3001	14
8836	6
2626	7
-843	14
1715	10
3824	6
7731	6
5688	5
6540	3
4459	8
-888	5
8123	10
4074	6
-18238	18
431	11
4257	18
998	10
7467	9
-3909	8
10041	14
10903	6
-964	14
-888	7
-3127	10
8544	10
-1877	14
8283	11
5149	19
5427	10
-16907	3
7044	10
5492	11
2508	7
-5116	10
3284	18
1553	6
770	5
-6400	7
7292	5
941	6
3878	6
-3063	19
-5472	7
3344	15
661	19
-2831	5
1969	7
403	15
8141	10
-3342	18
-2369	11
6986	9
5945	14
1794	5
5716	7
-11526	10
4768	11
-11450	6
-9807	15
3402	7
5952	8
2781	8
6302	10
-1181	5
2163	10
6920	18
5775	6
-11267	12
3294	19
8261	6
5698	7
1910	8
7432	14
761	18
7804	19
4095	14
3125	7
4100	5
-20810	14
1449	14
4431	7
3140	10
106	18
-8759	16
318	6
1323	10
-2466	14
192	3
-24937	11
4294	7
3703	8
4244	8
-897	10
-7306	18
2832	14
-17783	5
563	3
5095	7
6636	11
4423	8
2117	5
2573	9
4656	16
-18378	5
-530	8
1613	10
-11048	5
-12077	14
-1432	10
-3076	6
-1636	6
-5451	5
739	5
9077	7
7776	18
6217	9
3583	14
8747	9
9406	14
6602	10
-981	10
3555	9
8270	19
4219	15
3850	7
-14917	6
-5231	19
-19777	13
906	10
1325	2
8702	18
8697	6
4947	14
5308	6
7535	19
10011	8
2753	5
973	10
-2052	7
-2016	8
3958	8
2557	8
7446	10
11382	11
4266	8
2687	9
3821	10
509	10
3985	14
4687	15
-3288	19
9887	14
-15078	1
-2954	9
-16739	7
-19021	19
-5494	10
8039	10
2640	8
1902	8
-2440	14
-2406	15
2005	19
2482	10
2667	7
-665	12
12157	19
-4032	18
3348	14
-2265	18
6368	10
-1091	19
4707	13
7180	11
7324	18
-556	5
5400	16
4978	16
3822	14
1276	5
6036	14
5215	11
5947	7
579	5
4261	6
4775	10
-713	10
7728	8
1986	11
1237	7
673	8
2961	10
3164	6
-4001	9
7175	14
-10070	5
8228	14
-24308	3
-12706	9
-1417	13
3687	16
10622	18
1707	18
-15665	16
7852	18
-4	10
9479	7
-155	14
10912	14
8642	14
6139	18
426	11
3614	5
-7127	3
-4513	19
6275	18
732	11
-10229	19
1177	6
8393	10
1358	7
2677	15
7256	19
-50002	16
6474	19
-1234	18
5459	7
-5598	10
5776	6
6255	13
-10424	10
8959	14
1888	5
-4962	8
4837	8
8430	19
10992	18
6817	10
7828	6
-42209	6
2401	10
-116	10
4007	14
2757	8
1666	15
-6131	5
-3323	14
-26956	6
-4463	8
1836	18
5512	18
3740	19
-8411	10
22718	10
-1798	10
9813	19
5167	7
1232	7
5104	11
4606	14
-14976	13
-15304	10
932	16
6342	18
-21070	8
6054	6
6001	5
1939	8
-5882	16
1007	6
-3042	18
8072	19
4330	14
-8674	6
3620	6
8765	8
-5985	5
1283	10
4581	5
3016	11
1364	5
4662	11
10542	7
-1567	15
3510	10
3221	6
3348	19
2669	8
4779	16
-15799	8
-532	19
-215	7
3215	8
2832	15
-2782	14
1482	11
-212	19
9151	10
9378	12
3606	19
1962	14
2778	18
4792	6
5362	7
2427	8
187	14
7919	7
5006	10
8317	19
6284	18
5817	6
2227	7
3258	14
3588	2
-1099	16
-2552	9
-4060	6
4694	10
4859	3
8031	10
3811	16
1841	1
-9379	14
2243	2
-10733	6
-6389	19
2776	6
2421	19
-32811	11
5275	14
-2483	7
-6663	14
931	7
-20336	5
2744	7
5545	7
2492	8
4192	16
-22901	5
-10488	10
6971	12
2202	5
4740	8
3242	2
158	19
3227	8
1206	18
5729	7
4845	12
5429	14
-400	15
-17708	7
3496	8
10288	10
1773	7
-2482	5
5645	11
848	8
-59355	11
6335	14
-4339	14
1258	6
14389	8
2344	10
6319	8
3229	10
8583	19
2501	11
-8711	6
9181	8
4748	6
389	6
-59286	3
4775	7
4709	12
-1123	8
5915	7
-6167	7
6454	18
5195	10
-1445	16
6854	7
1227	14
4652	10
3207	19
480	2
4090	10
3727	14
7717	10
4286	7
-5208	18
-7520	15
497	6
964	19
-2608	11
-1623	14
4627	6
4566	11
7692	7
3027	6
-5977	19
3277	14
12911	18
2538	15
-5528	19
10229	14
4610	14
-936	3
-1508	8
4218	6
4101	7
2549	8
685	3
3223	11
860	8
6881	16
1006	14
5034	14
-4542	6
-9323	5
2413	19
2044	7
3070	9
6386	5
2011	6
13361	5
5973	11
-803	18
6569	19
935	19
-7803	10
98	12
1781	11
-88841	2
-12600	5
-9343	19
3270	10
1031	14
-47567	14
12960	19
4248	14
8012	18
-4076	3
5627	3
-12336	11
2761	11
5526	7
-3469	12
14858	7
-1812	8
-18417	15
1711	5
846	16
-650	9
-979	19
2503	5
11112	12
1476	9
15607	6
-14334	19
1115	18
4022	8
1126	6
-5085	11
7638	8
8579	6
2950	8
-1232	18
4241	11
-20373	7
3772	14
-8769	8
7164	11
-1149	18
5280	6
-49753	10
5588	10
-59947	16
3892	5
-907	10
-310	18
10591	15
-43563	6
-1782	10
1937	9
-100895	5
7038	10
2591	14
3686	8
3085	8
2746	12
-3724	11
9919	10
3640	12
4730	9
1106	8
448	11
-163	8
4353	10
-25055	14
3295	10
6845	7
7119	14
742	6
2778	6
287	16
2550	7
-980	18
-5511	19
3346	7
3144	9
2421	10
5635	7
10000	10
7614	7
-5365	7
-5010	9
-1293	11
-9196	10
-17153	11
7195	6
8033	8
4442	7
4383	7
5317	11
2653	6
5428	18
2098	7
-561	10
10258	5
2990	14
4520	3
5831	7
3282	10
2565	5
-26984	7
5902	14
9961	14
10810	10
3515	14
-16	5
5080	6
4769	19
-26389	18
17535	8
1835	8
5518	11
7582	16
7317	7
6375	5
735	3
10390	10
-1325	6
-3038	7
2547	8
9132	18
-1731	7
-38364	6
-992	19
5030	19
-7088	16
-2535	14
-2412	8
-4635	19
10014	9
-16712	14
1919	8
-926	9
9270	19
7284	19
1816	7
4862	14
6289	10
5078	14
3964	10
13389	10
-4134	14
-6953	11
-12248	14
596	11
6384	7
6026	8
4869	14
1819	10
5637	15
-142	10
6671	10
6698	12
6599	6
-23095	11
4200	19
-25746	6
3365	10
-22002	10
-16166	7
20586	10
231	8
7363	14
8786	6
-12469	8
1598	19
-10840	5
-8541	16
7289	7
-5904	16
4914	11
-4458	11
2248	19
-69	12
8709	6
4764	10
-898	3
-39407	19
1250	6
9572	10
-13345	18
-25725	10
-16745	14
-22784	19
-3671	10
-2171	16
6824	10
5584	18
4371	8
707	12
702	12
-2083	19
5182	19
1365	5
-982	18
528	8
-3035	9
-1051	6
-1779	14
5757	19
15350	7
2835	14
4527	10
3097	14
5638	9
4057	11
-10508	6
10691	6
-7594	7
8080	18
1869	18
425	5
4482	6
148	14
-2920	6
3026	6
6158	16
10718	13
6577	8
6390	10
8215	7
6061	11
-4617	2
107	11
-12757	19
4537	14
6216	9
-107	11
8369	7
819	10
1971	10
4885	15
2771	8
-38152	9
-43994	8
11080	14
4970	3
5255	11
57	5
8471	10
-6181	8
7704	19
4612	11
6009	14
6622	5
2363	14
-5442	14
4458	5
1723	6
-8889	10
-163	9
4702	18
-743	6
-31712	14
5429	8
5885	19
-16617	5
10111	5
-33877	2
8207	8
2025	10
2788	16
2337	7
2511	14
6477	8
9357	11
3093	8
-3869	19
-5147	16
8779	6
5898	7
6858	10
5799	18
9947	10
3617	18
-2391	8
9769	11
-4029	19
-3191	11
3626	8
4105	5
3219	18
471	5
-5824	10
502	7
-14614	6
6826	9
7011	5
-6795	5
-38513	14
-4630	11
9325	16
7331	14
-5725	8
8887	14
-491	18
3463	11
-9884	6
1497	2
10704	6
2218	8
-540	15
7539	14
6273	14
-4466	15
3923	5
-11863	14
-14879	14
-172	8
768	16
932	8
-1042	7
386	18
2347	6
1934	10
10	6
-8248	8
-6310	8
4369	16
-4017	10
2772	9
4366	7
-2172	5
-2123	6
3286	10
5463	8
-7230	16
3314	5
11457	18
2238	5
7095	16
3176	12
-4800	9
-5222	8
-11511	3
2680	8
5610	15
-18287	14
1248	19
-7251	5
6356	19
7731	11
-2252	8
-34	19
10952	10
1955	9
800	7
4650	14
7348	5
2988	8
-3277	3
-2368	6
-9221	18
3134	8
7276	9
142	16
5135	10
4572	8
-525	13
2783	16
7932	8
3301	9
5971	18
2940	6
-2702	14
2082	6
2878	14
5097	15
2850	5
7931	18
1446	7
7008	8
2834	19
6761	8
-3284	16
3128	8
5423	19
2717	7
2604	14
5347	16
3274	18
1750	19
-9838	18
10195	19
-2616	19
-8998	5
476	10
-5789	7
-40372	11
3881	7
3350	8
4861	14
-2296	10
2254	2
-11874	14
1433	16
5689	8
1246	8
-69	10
450	18
7381	9
-11602	18
-1205	10
6219	10
1474	8
4765	11
4693	19
997	7
3258	16
1818	8
-1378	16
8158	10
-4615	7
5130	7
3763	18
-2073	18
7812	8
4916	16
1226	7
-36688	10
6265	6
-18277	19
456	7
-40	16
1227	7
5198	6
-2256	19
-2198	14
-4294	6
-15399	9
-5035	6
231	6
1306	6
5376	8
6006	6
-9270	6
5025	7
-5996	15
-10775	14
3734	14
6961	10
-19111	6
1014	8
1001	14
2525	14
-7286	14
-17887	8
-2444	14
-3537	15
-424	7
1492	8
-5362	6
1211	18
2862	12
3299	15
7587	14
10972	11
2926	8
-16530	7
-18706	14
-6908	6
-1789	11
940	19
2923	8
-4110	10
-2791	3
6603	9
3929	5
8207	15
-3001	7
-1683	7
-5430	5
-340	5
-15808	16
-7936	14
-8346	14
2707	8
2958	6
1388	10
14160	5
8237	6
2130	6
-10465	14
-37326	7
-1849	6
5799	8
-7842	11
-22273	10
-5055	10
2399	14
-7219	14
749	8
-2857	11
1453	10
-3022	14
1157	3
2346	8
3686	10
-526	6
9862	8
756	14
-24218	19
11402	11
1440	10
-4834	10
42	11
3587	14
1978	18
2739	8
2744	8
5168	5
-13428	19
1231	14
-171	8
6841	5
3211	11
209	18
11194	8
8488	19
-1296	6
3218	18
-130	7
1720	8
5980	7
1550	19
-5569	10
5670	10
4000	14
-17271	14
4355	5
8135	10
-1615	19
5963	7
-10604	7
-9599	19
2590	5
-8580	8
-290	10
6378	8
2039	3
1981	11
4438	10
-4340	9
-7897	16
6716	7
8207	11
-3236	10
7091	19
-9555	19
-98989	2
9783	6
-2516	8
4502	10
8756	10
-323	10
1010	6
-914	6
2132	7
-160	14
-24424	5
9355	8
3865	7
5737	10
4273	8
7692	14
5881	19
2887	16
11551	19
-6864	8
433	14
10930	7
-13787	11
-698	12
-1066	15
7584	16
-2442	6
315	8
3752	6
-3266	8
-15169	7
-28750	6
9072	7
1491	14
-5465	10
-46357	2
7097	14
13283	7
-3004	6
-9492	9
-1872	6
4220	19
12407	7
-45070	19
8958	5
2437	18
1108	16
-10305	7
5936	14
-36517	9
-873	8
1576	7
-36	5
-4102	3
3360	10
9397	8
-9353	9
2910	11
-21946	18
-7910	18
-5937	10
2518	5
5565	16
6411	5
11574	10
2225	11
-68103	5
746	11
3734	16
2779	5
5537	12
4723	9
1099	14
5150	6
7794	18
6751	5
-1531	18
-446	11
4598	8
5394	10
5127	10
-19122	19
-3534	5
3384	19
3720	8
4851	8
-9683	9
4678	8
6440	14
-1742	14
2796	6
-3359	8
2187	18
10708	7
-18608	2
-25536	6
6019	8
5267	7
2802	19
6250	9
-491	19
-4233	16
7093	11
-548	10
-1298	10
-3125	10
-921	14
-11883	10
-6941	9
7861	10
1004	8
-6846	7
1357	2
1147	15
10871	7
817	16
-5464	9
8662	10
7453	10
3551	14
-885	7
5011	7
4097	15
-10825	10
-3864	18
-406	18
1749	14
-11942	10
-10683	7
6640	18
-2164	7
1012	16
1562	19
2809	14
7633	19
4013	7
6341	14
1167	18
5113	3
10796	10
-1634	6
-1395	10
3992	8
-15762	16
2191	11
824	2
6505	9
6794	10
3293	8
737	14
9495	7
-4825	14
14551	14
1366	18
7085	7
-1681	14
29355	14
1362	10
-6010	6
5911	18
8296	8
11648	7
1154	19
-859	10
10883	12
1833	3
-938	14
43	14
-3054	8
4612	19
3193	19
3641	7
4673	11
8755	10
4774	10
12722	8
3851	15
1572	19
-1260	6
-61566	19
-408	18
3832	7
2349	5
2772	19
3832	10
108	7
-29578	10
4714	19
-41	6
2532	19
6851	10
5668	14
-16102	2
2862	18
4663	5
-729	16
136	10
-14195	8
3754	11
-20583	6
2197	14
2005	10
2576	5
2127	14
-44022	2
-229	6
1304	12
6715	8
3002	5
-16065	5
-22342	16
-11712	10
5841	14
4108	9
-9817	2
8018	2
3404	10
-4155	7
5503	8
-2239	7
862	14
1280	14
-22036	8
196	8
1018	8
-10360	5
-14307	18
3266	8
4156	5
4341	4
6854	18
1725	6
6246	8
-1235	7
3786	8
-7999	10
-1055	10
5528	14
5727	10
6987	19
5969	15
-22175	14
2750	6
751	5
-57237	8
1669	19
5219	8
-2738	8
13147	11
-40491	14
3338	7
5805	14
5678	7
4352	10
-12500	7
9134	14
3425	10
-6888	10
1893	3
-10366	6
6424	7
5479	10
5042	7
2853	8
4265	7
-9939	11
7873	14
-3302	18
4368	5
1529	14
-1521	19
8906	16
-112	7
8781	14
-2068	6
-1280	8
4017	16
4536	7
4323	14
277	14
-18860	6
2770	7
2062	7
-1077	10
-345	7
-8043	2
-9481	6
5384	6
2518	9
6296	10
4216	14
6432	18
3276	9
-1124	12
-1991	7
32	7
1363	8
7338	8
3340	14
3576	6
-2878	11
4160	6
-7106	14
-4699	10
9368	19
1145	8
237	3
11588	7
-448	11
-2670	9
5046	7
354	5
5679	7
4761	18
2445	10
3807	6
2172	9
8133	5
-2724	19
230	14
7370	6
-3834	8
7684	6
3006	12
8784	3
4516	6
-134	4
261	7
-698	7
-12294	7
10113	7
4057	14
-9973	14
3704	14
4971	14
4037	7
3871	7
336	18
7711	14
-7766	6
-2065	11
-16828	8
4703	8
4753	8
-6413	9
8175	8
-3533	11
-7841	19
-2077	9
2475	7
-5990	6
-37937	5
8146	7
-4763	10
-538	6
2049	9
4038	19
-353	5
1085	18
2130	10
88	8
946	6
-9582	5
-21853	2
5880	19
-3587	16
11955	8
-7157	7
-275	8
11711	6
4114	8
-1939	10
6905	6
4869	18
-4379	6
4970	7
7218	10
800	19
3196	11
2220	7
8530	9
3459	19
4104	8
6249	15
-4864	10
10544	8
2874	6
2978	14
-5183	2
7867	18
543	6
5972	11
2244	6
-2060	19
772	8
2	8
-2533	6
-5545	5
2726	19
4344	7
7785	14
-34272	16
3035	7
7445	18
-481	9
11987	2
2902	7
3144	19
7843	5
3308	14
1652	11
15257	14
2080	19
2907	8
3603	19
-1491	10
-7109	13
395	8
4080	8
6546	10
4904	8
5425	18
5848	7
-7108	19
3649	5
441	9
-7123	5
-4459	10
-6920	6
-3486	8
5200	10
2739	8
3934	19
5313	6
-4331	3
9534	10
2274	8
-1019	5
-2882	5
-3811	19
4003	18
701	8
9479	14
-5998	19
5342	8
10649	14
52	14
-1463	11
-684	6
2952	19
2459	19
2739	14
-1239	6
4312	10
2421	5
2870	14
5509	15
4418	10
5627	10
1844	14
159	10
-3703	3
-3379	3
3090	7
7241	8
-776	7
-5264	7
7707	8
3854	14
2529	7
5609	6
7312	9
5057	11
730	15
7753	6
-2156	8
-3852	19
1222	14
-7283	8
8667	10
8643	7
1780	3
4103	15
910	14
6193	7
10807	10
-1888	11
946	19
-3113	10
3711	7
1905	6
-4272	5
-4644	7
134	6
2441	8
3979	10
-14141	9
-1970	14
3563	10
943	18
9456	18
7358	19
1454	7
-8248	7
-372	7
-6668	11
-1862	18
5277	7
9496	8
-2114	11
3840	7
4549	12
2274	4
4079	10
545	16
1295	19
-12854	19
4500	18
-9588	14
3161	6
5896	7
4503	9
-5779	16
749	9
4722	18
1946	8
808	15
2283	10
7594	19
-1007	14
-5021	6
-2527	14
3522	9
-1455	6
4049	6
6713	14
4351	5
-37487	8
14201	19
-42444	16
10512	14
4827	14
1972	18
-1738	10
9184	18
943	7
4494	10
-7530	3
-1301	6
8894	18
3963	7
8215	11
2285	6
-271	10
4757	19
-11820	9
5791	19
4937	9
241	6
8667	7
10129	18
1565	8
7071	5
-2021	5
-939	3
-6395	11
3994	18
7188	6
-14140	10
-24429	12
3833	16
10983	18
1203	8
-7265	5
8071	19
-1399	19
4987	5
2972	10
-1458	16
-24338	3
-6515	15
2447	19
3945	7
6602	9
4189	8
2893	19
4804	5
-15934	7
-13669	11
-53847	14
-1241	8
-4482	14
-9402	1
-57562	6
3775	16
3166	8
206	6
1324	14
6178	11
8219	14
3689	14
-2657	10
6468	5
-3158	15
1701	18
-1589	11
2308	14
6447	6
8769	14
4224	10
2080	6
7055	10
-5355	18
-7932	2
5490	16
464	14
6311	18
5901	7
-7066	7
7596	14
-1413	19
3641	7
-15110	10
5348	6
5111	14
794	5
-10282	18
-5835	7
8542	5
-613	14
-1081	7
10574	6
2617	19
8768	14
5471	6
9568	10
228	8
3628	11
-12545	9
1892	8
1514	19
6892	18
1816	16
3729	5
9090	7
-756	8
-587	18
3523	9
4621	19
-2249	14
851	9
-2975	16
-22040	18
-1471	10
-4660	7
-25251	5
1723	9
3599	18
8191	6
-7456	10
6664	15
8449	5
-1657	15
9555	7
3514	14
567	7
11222	10
2167	7
-2087	18
304	19
6024	7
4880	14
-295	7
-22037	9
-22421	18
6923	7
-4108	16
5042	19
980	11
2098	9
3025	18
-1869	19
6872	16
862	5
5401	12
4205	7
-7003	19
-2189	18
-3438	5
-56754	6
-1088	14
-599	14
-12172	7
-2654	5
-837	13
1816	5
-2955	8
-1535	19
7010	15
-2824	6
7002	8
2587	7
6329	14
-2721	7
2877	10
5119	8
5074	9
3888	10
-10391	7
9050	8
7051	19
4753	10
7458	5
7836	11
6467	18
16	6
2564	7
5045	6
2937	7
663	10
2613	8
3057	15
-3137	10
4338	6
8502	10
-20581	11
1351	5
-9789	10
4589	6
4922	10
-14020	7
2786	6
2253	6
-62542	19
4629	5
3432	16
-4436	10
-4986	5
3091	16
3071	8
-4760	7
-1697	16
-4524	9
4029	11
4870	7
6061	14
7684	6
6670	6
-1239	11
-70	10
1498	10
4075	9
3841	9
-7964	5
-19953	8
-15358	10
4184	6
-5467	7
6779	18
-967	18
9756	14
9301	5
1638	8
6743	15
-105	6
990	19
7548	7
-2443	8
-1280	8
8936	8
6118	5
287	18
-189	14
6181	3
1446	7
6252	8
1393	10
2830	7
1884	18
6507	18
-764	8
-10919	14
9809	10
155	19
-877	10
-1004	5
-2140	11
-14980	7
4990	19
4369	5
3382	19
-7316	7
4548	9
14322	7
4113	12
9618	19
4448	6
-2295	19
-7132	18
3177	5
9084	5
5479	5
-11473	10
6944	18
4476	7
2374	8
989	8
-9102	8
5136	18
4789	9
10490	8
-12384	5
11986	7
1325	6
-2981	11
-447	10
4359	8
-2170	11
4545	9
1997	18
-673	14
6357	14
4094	6
9967	9
7668	19
10599	8
-10533	8
-3482	19
9252	18
3281	10
-3249	19
4468	19
4401	11
8472	6
9058	19
-22323	14
-5965	18
-29515	7
8611	6
4751	9
3495	10
4431	9
1860	8
8379	10
570	6
10399	19
5463	11
4398	18
2817	7
-12342	10
-26434	3
3707	10
5660	6
-3893	2
4296	16
-7745	18
-8180	15
-678	19
-4039	9
-15291	7
10265	18
-23459	9
9434	15
6083	16
-34660	1
1436	11
10321	8
-9087	19
1588	5
4187	8
6077	19
1110	5
-47881	2
-2344	7
2825	6
-6354	8
6592	9
8311	7
-927	7
-10	5
12535	5
-2358	6
4679	14
3895	6
1219	19
4270	15
4248	8
-7070	3
-19616	19
7477	18
-208	14
-379	16
1331	11
-3762	8
3796	10
-2596	11
11249	15
909	14
-2630	8
1314	19
12056	10
-292	14
-744	10
-12813	14
8242	15
4818	15
7124	9
830	9
6185	7
5665	7
7310	10
3255	7
1633	18
4694	10
2407	19
-2359	10
4713	18
-2322	7
-6095	3
8196	18
3529	8
-66509	2
8054	3
5776	14
1291	16
5103	16
130	14
1480	14
5881	19
190	14
6946	7
7793	19
2180	7
-4676	16
-408	7
6905	7
1614	10
-1886	8
2470	18
1913	5
-696	14
9990	8
-651	10
8421	7
3729	6
7610	8
2475	6
765	2
-415	13
22963	3
8999	10
-2028	5
-4886	16
542	10
7072	19
6172	18
-605	14
2530	19
462	19
7883	7
6682	10
8056	7
-15045	16
2724	12
-1828	6
4748	7
-3412	5
-7627	19
3318	8
4266	6
-7681	10
993	6
-576	19
-7280	7
5330	10
4950	14
6450	7
6705	14
6622	6
1837	3
-16578	11
-1085	19
2571	19
5916	10
-8135	7
8584	8
-14000	14
-306	7
4793	9
1655	19
4869	10
-3902	7
8866	5
7097	19
444	14
1809	9
3740	15
-6367	7
-3136	5
4185	9
5097	15
-5399	3
1551	5
-1110	7
10889	10
-1302	18
2486	9
-2545	18
6027	11
-14758	19
-32905	19
2108	14
-833	10
846	18
7499	14
1575	10
-2417	7
-510	7
5935	8
4939	18
-295	14
-254	19
4682	14
5468	2
3455	7
2436	10
495	19
8983	8
2793	18
-5586	14
6258	15
4838	14
2627	6
-4887	5
3545	18
-45	6
-4245	7
7185	3
686	9
3451	6
9950	10
-1778	8
2164	7
6078	6
-165	2
2395	8
-1148	7
3945	19
4440	18
-1471	8
4626	6
2458	6
-7366	5
5314	19
7465	10
3087	8
3762	8
444	19
739	7
213	10
3948	8
-7854	8
-1276	10
-293	12
1671	7
383	9
3317	6
7709	8
1391	19
-9361	16
959	5
1406	14
6178	9
8739	5
8259	11
922	6
4423	7
-134	8
-830	9
-3147	7
6730	10
9778	6
-2829	18
-9937	10
6307	18
5380	7
3125	6
-23291	3
-2869	6
-46352	8
1069	10
-7316	14
-1394	10
4241	8
-684	2
-3659	16
-5	10
9114	7
6497	5
2431	5
15317	14
4451	9
3402	10
2600	14
5136	6
-6801	7
10136	10
5347	6
-4099	19
-1403	15
4524	6
6930	5
1849	18
4252	10
4029	8
4821	18
-1422	5
2337	5
-940	14
6093	19
2819	10
1650	10
5796	14
-8911	8
-11734	6
415	5
10000	9
8606	3
4293	8
337	6
-2281	8
7093	10
6449	14
1302	15
-2940	19
4413	10
379	10
3937	7
6428	6
-2230	7
7877	8
3877	8
-13850	7
-5689	6
5349	6
-1295	18
4269	5
-4053	14
3547	7
1304	15
-15211	13
3021	15
-1565	7
-938	6
-23834	16
3964	19
-62364	6
7758	9
-11397	6
2561	11
7033	14
10003	6
-14014	9
-797	3
-3357	14
3273	6
8368	15
-3666	8
4707	7
2540	16
-5410	19
2812	16
-17577	11
30	14
5102	7
8126	7
5191	10
-23638	16
-9165	14
5822	18
-2167	7
-23671	6
3650	14
5482	9
-3075	9
3768	19
1944	15
-3984	8
-1597	10
5198	18
7076	18
-2377	19
7048	8
-1646	6
7160	6
1527	19
389	7
-1404	16
1725	7
7064	9
9037	16
5812	18
5769	14
741	18
3907	8
5509	8
2642	19
5157	18
4433	14
-245	19
3062	11
1105	18
3325	8
1922	5
632	8
4333	7
4899	6
-5929	5
-7298	8
-8942	2
-19786	7
-11061	12
4122	10
9647	8
2981	7
-8797	9
1006	19
2272	19
4640	19
6577	18
2228	6
-1816	8
-88	10
8689	6
5561	3
6847	19
6161	8
5890	11
2133	10
3292	3
9103	18
-1402	9
4989	18
-1204	18
3957	9
7568	6
3376	6
-2404	5
2815	11
-5339	8
4682	7
775	10
7784	8
8610	7
-2594	3
19505	7
4089	8
-97	5
6925	10
1536	14
4144	6
10790	19
7296	19
-9822	10
-4018	8
3522	16
6567	10
-1684	9
-1529	19
1785	18
-392	9
5849	18
11553	18
4846	18
8901	11
2659	11
2393	9
-29421	6
6986	6
7704	10
9293	7
-24	10
3486	8
996	8
-4958	10
4770	6
-4167	15
4750	7
12353	5
266	18
-3046	6
-16901	12
3492	19
-32984	5
1154	10
-332	19
6575	3
-4071	6
-10122	10
4108	10
828	5
-9188	19
-3291	11
10516	18
5263	19
-15726	10
-1324	11
2164	10
2104	19
2801	10
-1042	10
-4092	6
-1602	14
6814	11
-2167	8
9108	14
-1842	14
4102	11
448	6
-8820	7
4372	18
-9772	19
9388	8
4048	19
1297	5
2707	5
-1005	14
4808	3
-766	11
-1342	5
-277	14
10175	10
6855	18
5134	6
7241	6
-11379	10
-1432	10
-19419	19
4441	10
7073	14
2482	6
-31076	9
4004	19
4922	14
-10596	5
-21625	6
4895	18
4073	5
4424	7
10264	18
3499	5
9744	18
1405	18
48	7
5386	14
5335	18
-28126	18
8565	14
-9158	6
8424	18
-346	9
-2932	13
5477	18
2386	10
3021	16
3881	7
-29041	16
4905	6
7581	10
-1420	9
8627	8
-38399	3
1461	11
1560	14
3752	5
-3263	10
9358	10
11911	7
951	8
3815	11
4222	7
7350	10
6615	15
3453	15
2292	10
5333	19
3238	18
1975	9
-4999	14
-13963	6
2061	6
5810	15
6823	14
-9591	19
4782	7
2541	14
-8309	5
3691	11
-1367	19
4056	14
8692	10
1312	7
78	14
3741	5
6782	7
366	6
-16746	8
4571	14
8434	16
-15373	8
-4006	7
-4563	8
-10424	18
2023	8
-584	5
-2121	11
9774	8
6501	19
-2317	6
189	5
10362	10
-15080	7
3310	15
151	14
-47679	2
4889	8
-814	6
4494	6
4637	6
1234	3
4103	6
-1023	7
8400	16
-6696	19
3040	5
-7117	8
5157	5
-2682	6
-7277	7
863	16
6094	16
-457	9
7289	4
-2210	9
5998	14
4129	19
-4539	6
1528	14
7957	7
1191	5
1863	14
6277	10
5752	14
3177	5
6882	6
5476	14
-5492	19
5638	10
1883	11
5596	8
-5570	19
3160	19
7737	8
6639	9
2283	14
1619	18
4087	10
9865	19
1860	11
5172	2
1501	18
530	9
9423	7
2837	18
5120	19
1913	10
4593	7
7537	5
-17059	18
5800	6
-3444	5
6391	11
10371	6
366	11
765	11
6811	11
8283	7
10000	6
2708	8
-4936	3
6826	18
9668	14
-381	7
3526	7
5554	8
6139	14
3814	5
3982	11
1985	6
-1965	19
-3141	18
1904	19
2424	6
-1380	10
2271	5
1547	19
-16005	5
11056	9
6424	10
6397	19
3647	19
5466	18
-1437	5
-40425	14
-1735	7
-1338	15
8895	19
2586	18
4231	10
-2752	14
-2930	5
6625	10
2519	19
6059	14
8089	15
9665	6
5776	5
-9213	14
1899	14
-6601	5
-2310	10
