-2288	4868
-1420	-15141
3524	-10139
-1866	-7638
4873	-17642
519	7369
8443	-135
-1600	-15141
1422	2367
-502	-7638
-1846	-7638
4456	7369
-849	-17642
-1992	-135
-1886	2367
-1798	-15141
1716	-12640
-315	12371
-2285	-135
-2634	2367
179	12371
6346	7369
-1671	-20143
4454	7369
-2311	-17642
-1941	-15141
-776	2367
-1516	-135
-1890	-15141
-1528	2367
-631	9870
-1736	-135
132	7369
-1448	-12640
-1818	-15141
-1942	2367
-1867	-7638
81	-12640
-1708	-135
-188	17373
-1686	-20143
-1938	-10139
-2108	-135
-2336	-17642
142	-7638
267	-10139
-1689	4868
-2001	-12640
-1849	4868
5638	4868
-2040	9870
-1963	-10139
-1631	12371
-364	7369
-2108	-5137
-417	2367
-2039	14872
-1640	9870
3873	12371
-2033	-5137
-1344	-17642
-745	-12640
-556	7369
-2437	-20143
-1130	9870
-579	7369
-1063	7369
954	4868
-1026	24876
-55	9870
-1998	-25145
-1861	9870
-1728	-5137
-912	9870
-1856	-2636
-2471	7369
-2354	-15141
-1161	2367
-1227	2367
-1946	14872
-2443	-5137
-1919	-5137
2131	4868
-979	-15141
6142	2367
-1789	-12640
18466	9870
-2235	2367
-1529	7369
1150	-2636
-1513	4868
-1723	12371
-1332	-7638
-174	9870
-1736	-2636
-2457	2367
-2153	19874
5881	-5137
-1692	2367
-717	-5137
-1623	-15141
-1616	4868
-1460	-20143
1114	7369
-1613	-17642
-2004	-15141
-1983	4868
-1191	12371
-1401	-5137
-2090	4868
-2112	-2636
-1818	9870
-3	-12640
1533	9870
-874	-17642
70	-7638
-1189	2367
-2078	-7638
1247	7369
-2051	2367
-2076	-22644
-1654	4868
-2076	7369
-1562	-17642
-1775	2367
1998	-135
-1953	4868
1460	-135
-228	4868
-1558	7369
-1834	-15141
-1008	12371
-1385	-17642
-1567	2367
-2033	12371
-927	-15141
-1639	4868
-82	2367
-714	7369
-2049	12371
391	4868
-1915	-12640
5339	-7638
-72	4868
-2158	4868
-1055	-2636
-988	7369
-1919	7369
-1512	17373
-1903	4868
642	-17642
-1913	7369
-1897	9870
-307	4868
-991	4868
-747	9870
-1396	4868
-1207	9870
-1894	-12640
-229	-7638
-384	-10139
-1513	-2636
2274	-135
507	7369
-2258	-10139
2734	9870
-1365	2367
-2108	7369
-1632	-135
1969	-135
-1914	12371
-692	-17642
-1794	14872
168	-12640
-1944	-20143
-209	12371
-1156	-7638
-1908	7369
-1468	12371
-1648	7369
-908	-5137
-1094	-135
-2023	4868
-1878	9870
-1015	-5137
-2121	-5137
-1034	2367
-754	7369
-2228	-10139
7390	12371
-2136	-135
-1931	-20143
-2449	4868
-2496	4868
-1588	12371
-476	-10139
5365	-12640
-2020	2367
1838	4868
-1869	2367
793	-17642
-2041	-5137
-1798	-7638
-2208	-10139
-2147	-135
-1236	-17642
1905	7369
-1230	2367
-1927	7369
1426	7369
1384	7369
-1528	-135
-1189	-135
-2045	4868
-2783	7369
-2158	4868
-1264	-15141
-1680	-15141
2968	14872
-1270	2367
-2738	-2636
-1312	-12640
-281	7369
-2167	-135
-285	-17642
-1867	7369
-2456	4868
-2086	4868
-1885	7369
2862	-135
-2240	-5137
-1751	-135
-1889	4868
-1631	4868
-1912	-22644
4959	-12640
-2597	-135
-2047	-17642
-2391	2367
-2119	7369
3968	4868
-1323	2367
4326	2367
-2235	7369
-786	-135
-1556	2367
-1638	4868
-2070	9870
-1685	-10139
-273	-5137
-1965	2367
-1012	-7638
1114	-15141
668	4868
-1545	2367
-2172	-5137
-1883	2367
-2367	-135
-876	7369
-1163	7369
17486	-12640
-109	-5137
-1191	7369
-2219	7369
6037	7369
-1095	9870
-2380	7369
-1786	4868
-1943	7369
-1707	-15141
-1752	-135
-1606	9870
-1358	4868
-1878	-2636
-642	-135
7412	-2636
-2410	-12640
-2175	4868
1813	-15141
-1015	7369
4852	7369
-1657	12371
-1432	7369
-1772	-15141
-1334	7369
-370	2367
1610	12371
-369	2367
-1848	2367
-1388	7369
-2099	-7638
-974	-10139
-1591	7369
-1646	4868
6744	4868
-1759	7369
-1758	4868
-1153	12371
-53	-7638
-2196	-135
-1617	7369
-1556	-10139
-342	-10139
-1550	2367
6946	17373
-1421	-5137
-1512	-135
1063	-135
-2259	-12640
-1740	2367
-2006	-2636
14980	2367
-610	-10139
-1646	-10139
-887	-5137
-234	14872
-1232	4868
-2221	9870
-384	-7638
-1891	9870
-1593	7369
-1666	-135
-1473	-12640
-1832	9870
-555	2367
-2162	-5137
-113	-5137
621	7369
-2041	9870
-2162	-5137
-1851	4868
-1637	4868
-1632	-2636
1102	7369
-2150	-10139
3886	4868
711	14872
2039	-12640
-1793	7369
-1576	2367
2640	-135
-2281	4868
-1947	7369
4114	-135
-1345	-5137
1852	2367
-1017	7369
-2039	17373
-1684	-12640
-1885	4868
-2168	2367
-2052	-135
443	-20143
2635	7369
-1141	-20143
249	7369
-2212	-7638
-2552	-7638
-2062	-10139
2227	-17642
-2142	12371
-1632	-5137
-541	9870
1204	7369
-2097	-7638
-1766	-5137
-1571	9870
-565	7369
655	2367
2164	-12640
62243	-10139
-2098	-135
-2005	2367
6008	-10139
-2110	-12640
-1576	2367
-2414	-2636
-2020	-10139
-1430	4868
-164	9870
6161	7369
-2003	-12640
-935	-10139
-2145	-5137
-2030	-17642
-2067	7369
-480	-5137
-2428	9870
-780	-5137
-261	4868
-1219	7369
-886	9870
-1984	14872
204	19874
-956	-135
-1627	-15141
17941	4868
-2125	-20143
1082	-2636
55	9870
-1485	7369
-2436	4868
-1583	-5137
140	-2636
824	7369
1104	2367
-1146	-10139
-2000	9870
-2222	-7638
-1690	2367
-2504	4868
1940	4868
-2322	2367
-1747	7369
-355	-10139
-1152	-17642
-1999	14872
-2311	-5137
2240	-5137
-2190	-10139
-260	12371
-1878	-15141
7962	19874
-2537	22375
5070	-15141
-1877	-2636
-2059	2367
-2345	-7638
-1697	-5137
404	7369
-1714	-10139
-1364	4868
-1381	-7638
-1752	-7638
-1803	7369
-585	2367
-1278	-10139
-2930	-17642
1438	9870
9456	12371
-2246	-12640
-37	-10139
1575	4868
-1902	-10139
-2041	2367
-2582	-2636
-1911	12371
-1451	2367
-2466	7369
-2354	9870
-154	-7638
-2401	12371
-1487	7369
5595	-12640
-2516	7369
-1544	-5137
-2063	-17642
-1568	-17642
-1374	7369
-1392	4868
-1745	-2636
128	-17642
-1130	7369
-829	7369
-1890	7369
8940	7369
-2297	9870
-1623	-12640
-1623	-15141
1240	7369
11797	2367
-1914	-7638
2612	-5137
-951	-17642
-2032	9870
-1651	-12640
-1204	-2636
-1665	-15141
-26	2367
-1854	2367
-1468	4868
-2081	7369
-1967	7369
8499	-10139
270	2367
7068	4868
-2451	9870
-2228	-135
-2068	2367
-1540	-17642
-2176	-17642
6959	-12640
-1837	-2636
-2133	-5137
-1517	-15141
-1565	-17642
-2493	7369
7074	2367
-1982	2367
-2402	-5137
2554	-7638
2320	2367
-2069	4868
2216	2367
-1219	-12640
-510	-10139
-1300	-7638
-2109	7369
-685	-135
159	4868
-1987	-2636
-1739	-5137
-1804	2367
-443	4868
-2032	4868
-2233	2367
-1783	-5137
-1943	2367
-2294	-12640
-1459	4868
-1776	-7638
1035	-7638
-2382	-7638
-1638	-12640
-2258	-7638
8614	4868
-1822	7369
-20	-5137
99	12371
-1593	4868
-518	-7638
-2176	-5137
-2424	9870
-2016	-5137
-2072	7369
-1907	-15141
2544	-15141
-2194	-10139
908	-10139
-1140	9870
-1527	14872
-1662	4868
-1912	2367
204	9870
-1610	-135
-1981	22375
-2158	14872
-2055	4868
-2294	-135
2449	-2636
-1307	9870
-2813	-17642
661	-17642
-2479	9870
4723	-15141
4463	4868
571	4868
-1017	-15141
-2017	12371
167	7369
913	7369
-2407	-7638
800	4868
-1925	4868
-2115	-135
-1356	-12640
1102	4868
-245	2367
7295	7369
3925	2367
-1058	-12640
2250	-17642
-1768	2367
-977	4868
4073	2367
2793	-12640
4589	12371
-2018	7369
-2211	-20143
2808	-5137
-1723	-135
-1915	9870
2251	7369
-1470	-12640
-1315	-5137
-1299	4868
-86	-10139
-1973	-12640
-2246	2367
-1454	22375
2881	4868
765	9870
-583	-15141
453	-2636
3115	-5137
870	12371
-1625	-135
6994	-15141
-2003	-5137
-1795	7369
-1304	7369
-1855	2367
14	12371
-1235	2367
-1654	-5137
-128	14872
-1849	-2636
-1746	14872
-1835	-135
-1305	-10139
-1731	19874
9366	14872
-1292	-7638
-1497	19874
1859	-15141
-1518	12371
-1432	-17642
6687	-12640
-2021	-2636
-1410	2367
-1953	12371
-473	-17642
-1478	-12640
18032	4868
11465	-135
-126	2367
-2023	-12640
-1531	7369
640	-17642
-482	7369
189	-20143
-1679	-15141
-846	7369
-2110	-15141
-1529	-2636
-2473	-15141
317	2367
-1570	-2636
6688	7369
-2311	27377
-1000	-135
-1525	-5137
-1636	-20143
-320	7369
-1874	4868
-1350	-17642
-1524	-7638
-1839	-17642
-1500	12371
-1889	7369
-1614	-7638
8992	2367
-785	-7638
-1980	4868
-1792	4868
-977	9870
-2185	-7638
-1238	-12640
-1255	-12640
-2332	7369
-2355	-135
-1823	12371
-1233	19874
241	-17642
-1741	12371
-1594	22375
-2057	-7638
-2175	4868
2170	-15141
-2222	4868
-2371	-17642
-1978	4868
-2305	4868
-1017	-10139
390	17373
-1752	12371
-2573	-10139
-1267	12371
432	-12640
1127	-15141
4500	12371
-100	-135
-2080	-15141
-450	-10139
-2137	7369
425	7369
-1969	-12640
-1821	29878
-1811	7369
5356	-5137
13018	12371
-853	19874
-1946	-135
-222	7369
-1680	-17642
-2201	-7638
-1752	7369
-541	14872
-576	-135
3294	2367
2891	-17642
-1339	-20143
-1390	-135
-1729	9870
-3	7369
12298	4868
-575	17373
3070	4868
-1208	14872
-1335	7369
-1795	-135
1596	-10139
-1758	-5137
5930	-135
3544	-7638
-2339	-12640
43	-135
-1700	9870
-2011	-5137
-692	17373
-595	-10139
-2016	-2636
-1216	-15141
3728	7369
4506	-7638
-1781	-2636
2289	7369
-1600	-15141
-588	-20143
2582	17373
-1686	12371
-2022	12371
2394	7369
-1984	7369
-2296	-135
10841	-7638
-1114	4868
-1451	7369
16780	12371
1999	9870
-1557	9870
-2770	17373
-1762	9870
-607	-17642
13757	-5137
-1713	7369
-1416	-2636
-1536	-12640
1506	7369
-974	-12640
-1482	-12640
5274	7369
-2454	4868
3993	12371
-2838	-5137
-1676	2367
489	7369
-2119	4868
-2011	7369
-1459	-17642
-1674	-12640
-2001	-20143
-2192	14872
-2181	-10139
-1621	12371
-905	7369
-1742	-15141
-493	4868
-1864	4868
176	4868
-1844	4868
-1860	7369
949	9870
-1570	7369
-1994	4868
-1229	4868
-1732	-135
-1798	-2636
-2240	-7638
2235	-15141
-1441	-2636
-2108	4868
-159	14872
-1448	-20143
-1719	-5137
-1375	-5137
-1465	-20143
540	7369
-1669	-15141
-1749	-15141
-2164	4868
-335	-17642
53	2367
-1808	-2636
-2000	-7638
-1529	-135
2491	-10139
7028	7369
249	2367
-2165	2367
10554	-10139
433	2367
3287	4868
-2141	7369
-1550	7369
3634	9870
8490	-15141
6317	4868
-2264	4868
4096	-5137
2961	-12640
-1327	-7638
-2063	-7638
-1759	9870
1633	-15141
-2086	2367
-1692	-7638
-1431	7369
-1739	2367
-1867	4868
2206	-10139
-1806	2367
-1410	-135
4444	4868
-2320	2367
-1751	9870
-1666	-10139
-896	9870
-1576	-7638
-2135	-17642
-2101	4868
-1734	-12640
-1468	-2636
-1497	7369
-834	-15141
3036	4868
-2143	12371
2552	-15141
140	-15141
-1662	17373
-2276	-10139
-2063	4868
-1938	-10139
-2130	4868
2233	19874
-2254	-10139
-1877	12371
2853	24876
-1570	9870
604	4868
-1603	4868
-1863	12371
1813	2367
16264	-10139
-1946	-12640
-2491	4868
13817	7369
-2179	-7638
-2075	4868
-1817	-7638
-1571	14872
5599	-20143
-1137	4868
-1759	9870
-2387	4868
-1804	7369
650	-135
-977	7369
-1943	2367
13056	4868
-1804	14872
-1278	-20143
-548	-7638
-536	4868
507	12371
-1844	17373
-2104	4868
327	4868
-1771	-135
4081	4868
-1713	-5137
1743	7369
-572	4868
-2271	-5137
-279	7369
559	-2636
-1692	12371
499	-2636
-2440	12371
-1854	4868
-2104	4868
-1438	17373
3080	4868
-1644	2367
-1378	-20143
-32	-17642
-2005	-12640
-1558	-10139
-1659	9870
2381	-5137
-1764	-7638
2166	-2636
-1014	-10139
-1915	4868
-1403	4868
-1895	9870
-1625	-7638
-1680	2367
-1850	9870
-1656	-135
-291	22375
-2621	9870
-2089	-10139
-1936	9870
-1877	2367
-1094	4868
-1005	12371
-1542	4868
-699	-135
-2567	7369
-1077	2367
1263	-135
3505	-17642
-416	-15141
-2007	-10139
-2326	12371
-1973	7369
-2314	-135
-2630	24876
-1052	7369
5434	2367
252	2367
5599	-20143
-1808	-10139
-1295	-135
-370	9870
-1697	7369
3367	4868
-1341	-12640
-863	-15141
-1392	2367
-227	9870
-1914	7369
-2114	-5137
7101	2367
9349	7369
1248	12371
3498	7369
4989	-135
3300	29878
1448	-2636
-1378	-15141
-1887	9870
-2511	-135
-1651	-10139
-2172	-7638
4731	-5137
-841	2367
-1487	7369
-2406	4868
5937	4868
6094	4868
3036	-135
-750	9870
7031	12371
5782	12371
-1816	-10139
920	-12640
-2395	-12640
-1719	4868
2151	-10139
-736	-15141
-1766	2367
3608	-135
-1803	-12640
-1346	-7638
-1714	-10139
-1355	7369
-1703	19874
2015	4868
-238	2367
-548	-12640
-1591	-135
2311	7369
-1699	4868
-710	-10139
215	4868
3522	-15141
-2238	7369
-721	-5137
-822	14872
-2483	7369
1939	2367
563	2367
-1591	12371
-2000	-12640
-2286	-12640
-2436	-15141
-860	-20143
595	-135
-2012	9870
-1665	-7638
-2760	-10139
4479	-12640
-1815	7369
-1235	-12640
-434	-12640
-527	9870
-1930	12371
-1863	12371
2394	7369
-1823	-12640
-2030	4868
-975	7369
-177	-7638
-812	7369
-1878	-135
-53	14872
1505	-7638
-1789	12371
-1748	-12640
-1603	7369
-1172	7369
-1944	4868
-2303	-7638
-1582	2367
-2268	4868
-707	-7638
-2156	7369
-1074	-135
-2142	-135
-1252	7369
-1709	7369
-1496	-2636
3341	-135
-2125	7369
302	4868
-2006	-17642
-1173	2367
-1821	-7638
4918	12371
683	-10139
503	2367
497	14872
-1344	19874
-2009	-135
-1507	2367
-1780	7369
3780	7369
-1393	-7638
-1837	9870
-2229	7369
4360	2367
-1087	-135
-2159	9870
-1741	-10139
3378	-7638
-1792	14872
-2373	-12640
-1316	2367
-882	-2636
-2009	7369
-1663	4868
-445	12371
-2007	-10139
-1537	4868
3018	-2636
852	4868
-2145	7369
-1992	-12640
-559	4868
534	-10139
-1714	17373
-1929	-12640
-1688	-135
588	4868
-1563	-22644
-68	2367
-796	12371
-1349	2367
8577	2367
-1840	9870
-1284	-15141
-1749	2367
-2473	4868
-885	7369
-1611	7369
-1126	-2636
6	9870
1557	-135
-1999	14872
-2185	-12640
2874	7369
-2218	-2636
-2029	9870
5850	-135
-2132	14872
-2264	4868
-1421	2367
-1336	7369
18328	-2636
3103	-2636
-2417	-15141
-1115	-12640
-11	7369
169	12371
-2543	9870
-1697	2367
10470	12371
-1663	-12640
-1825	7369
1	-10139
-1163	9870
5215	7369
-344	4868
-389	2367
-1895	-20143
-1237	-10139
-2332	9870
-1018	7369
-1841	4868
-2267	7369
-2168	12371
-2	-12640
13764	4868
-2542	4868
-2033	12371
-1861	12371
-152	-135
-2038	4868
-258	-7638
2617	4868
-1408	-15141
-1478	7369
-1737	-15141
-1763	4868
-1025	7369
-2154	9870
-2016	2367
138	9870
614	-15141
-484	-2636
-2063	7369
5144	-12640
-1791	4868
8907	17373
-1534	2367
-1007	7369
-29	4868
3935	9870
-1650	-12640
-684	4868
-502	4868
18078	17373
-392	4868
2605	2367
-1883	2367
3823	14872
-2888	-12640
-2328	4868
-2334	-10139
-1787	-12640
938	-5137
-1422	9870
5542	7369
2126	-10139
-1441	2367
-1109	-2636
-1850	-12640
-1017	2367
-1912	-10139
-2050	-2636
-1551	-10139
-1987	-2636
-2482	12371
-2441	9870
-2001	-15141
4893	2367
5730	-25145
66	-12640
2037	-10139
-1574	-17642
1199	-10139
-2028	4868
-1570	-15141
-1642	-135
391	7369
1368	-7638
1371	2367
-1875	-7638
-2218	4868
-2149	-7638
-1862	7369
11464	12371
4672	2367
105	4868
-1965	-17642
-2096	-12640
-1524	-22644
-2330	12371
-1987	-135
-1736	-15141
-1731	-10139
4652	12371
-1669	9870
-1270	7369
3581	-15141
164	4868
-1877	4868
-990	7369
-1229	-15141
-961	-5137
-1833	-12640
-2181	7369
-2168	12371
-1793	-7638
648	7369
-2561	-5137
-1266	2367
-647	7369
-1860	-5137
260169	-2636
-988	12371
1319	-17642
-1375	7369
-2015	2367
-449	4868
-2416	2367
-881	4868
-1815	12371
-922	2367
-1250	9870
-2195	-12640
-903	4868
-1660	4868
-348	4868
1907	-7638
12639	-12640
-2075	-10139
-1889	-2636
-2227	12371
4218	-5137
3445	-10139
-1977	7369
-2095	-12640
-812	7369
2673	-2636
954	-2636
-1970	-17642
-2047	4868
-1797	-7638
-1180	12371
-1938	7369
-1455	9870
-1706	-17642
-1651	12371
1331	4868
-1816	-7638
-1442	-7638
-2508	-20143
-1243	12371
2119	-5137
-475	7369
660	2367
-180	-10139
6206	-10139
-1189	4868
-720	7369
168	4868
-1967	7369
658	2367
-8	14872
-2035	-20143
-2658	-7638
890	-12640
-1884	-2636
-1284	17373
-1938	-5137
4441	4868
-1364	7369
295	2367
-1925	-135
-1948	-15141
-2378	-5137
1974	9870
-1013	-22644
-1987	2367
-1775	7369
-1620	-2636
-1963	-7638
-2387	12371
-2148	2367
3545	4868
-1003	-5137
-2046	-20143
2980	-10139
-326	7369
-648	4868
-136	9870
-1981	-15141
-1861	7369
-2001	4868
577	-10139
-1272	12371
-350	-135
-1711	-7638
-1361	-7638
4957	-7638
1380	4868
-736	9870
-2301	-12640
-1909	2367
-1459	9870
-2136	-135
-2556	4868
-865	2367
-2150	9870
-1728	-10139
-1441	4868
-1800	12371
1428	4868
-1558	12371
-2076	2367
-1247	14872
1707	-10139
-1855	7369
-2374	2367
-2179	-12640
-859	-15141
-2749	14872
-1771	4868
433	-5137
-2407	7369
-22	-12640
2032	2367
553	-2636
-923	7369
-1505	-17642
279	-5137
-1372	-17642
-1468	4868
6498	-12640
-61	-7638
-1592	9870
-1088	7369
-2107	-7638
-1418	-7638
-1388	4868
-2360	-2636
-1844	-10139
163	-10139
7103	9870
457	14872
-2393	-17642
-1603	7369
-1966	2367
-250	4868
-1304	-135
-1891	14872
4905	-15141
-1896	-135
-1177	-10139
6083	9870
-1450	-2636
-2238	-15141
-2508	-135
-1940	-10139
-2182	-15141
3395	7369
-2179	4868
4636	4868
8078	-135
-1934	7369
-1700	-15141
-989	-15141
3953	-7638
-1021	-7638
-8	-12640
-2179	12371
-1861	-20143
-2676	4868
3214	-10139
-1811	2367
-977	-10139
-418	-2636
-1812	4868
-1583	4868
-2213	-7638
-1375	4868
-2303	-15141
4333	-15141
-134	-5137
4838	2367
-1745	9870
-1993	9870
-567	-7638
-2389	14872
-2429	4868
-2149	-12640
2237	-135
-1181	-2636
-1307	9870
75	-135
-2213	7369
-1696	4868
6803	2367
-2361	7369
139	14872
-2373	-7638
-1977	7369
-2457	-10139
-1719	-10139
-1849	-15141
-2106	-10139
-2259	-135
-865	9870
302	-135
-1104	17373
305	4868
-2029	9870
2428	-5137
-1777	4868
-1352	-17642
-1287	7369
-1963	-2636
-2110	7369
-863	-10139
-1580	4868
-2707	-12640
-1936	7369
304	2367
-1661	9870
4178	-2636
5403	12371
-817	14872
-2156	2367
-1610	-10139
-2000	-12640
-1533	4868
-1361	-135
-1536	4868
-443	9870
-1581	7369
-1810	7369
-1487	7369
-2365	22375
-1958	-7638
-2362	9870
-1414	14872
-1834	-12640
-968	2367
-2108	2367
-405	7369
-1357	9870
-2236	-7638
-1101	17373
-1215	-135
-1854	-17642
-2091	4868
-1149	9870
-1269	-10139
3261	-7638
-1425	-15141
-334	-22644
-2366	-17642
-1583	7369
-1671	7369
-1461	7369
-2218	-135
-1840	2367
-1238	7369
-946	9870
2377	-15141
-1345	-12640
-2327	14872
16960	-22644
-1990	-2636
-1242	-2636
-2384	-135
16881	7369
-1192	-10139
-874	14872
-1012	2367
-967	-17642
3221	4868
-2747	-7638
-1722	17373
-2222	2367
652	-15141
-1411	2367
-2313	4868
4189	-12640
-1258	7369
-1304	-10139
-1379	-135
2377	-7638
-1397	7369
-1726	-20143
-2154	7369
-1745	9870
-1768	4868
-1897	-12640
539	9870
4737	12371
15344	-15141
-1198	-2636
1065	12371
757	9870
-1692	-135
-1878	2367
1033	2367
-2090	-135
-1826	4868
-1485	4868
-2006	-15141
-1929	12371
-1424	7369
6213	-7638
-1339	17373
7158	-20143
-1822	-12640
-1772	7369
-1051	12371
-1965	7369
-1801	-2636
834	2367
1464	9870
-1609	7369
-1679	-15141
4526	2367
9355	4868
-2075	-10139
129	4868
5972	4868
-1958	7369
-1359	-12640
-2022	-2636
-1849	9870
12215	-10139
1740	4868
112	-22644
-1106	-135
76449	-135
-1242	-15141
-1300	-20143
-1786	4868
-2153	4868
-185	-135
-2246	2367
-1434	2367
9474	-135
-2108	4868
-1988	-10139
-1127	2367
-1797	14872
-1095	-135
-1983	7369
1264	-7638
3395	9870
-2221	-20143
7406	-7638
-1594	4868
1038	-2636
-2044	14872
-2183	-12640
2886	-20143
2650	-135
11167	14872
-1967	4868
-2076	-135
-2152	7369
-2052	7369
-2211	12371
-1168	-12640
3476	-7638
-2125	4868
-1973	9870
-1442	7369
-2064	4868
-2200	-7638
-1539	9870
4229	-2636
-2282	-7638
-2036	17373
-1838	-15141
-2254	-2636
-2234	7369
5138	7369
-2086	-2636
-6	12371
661	12371
-2453	4868
-2011	19874
-1982	-20143
-2217	-2636
-1685	4868
-1868	-20143
-2227	-17642
-975	7369
-2024	2367
-1244	-7638
-2074	-2636
-1699	-10139
-1938	2367
-1875	2367
-1801	9870
-1809	-135
-2143	-15141
-2036	2367
-915	2367
-2153	9870
-2024	4868
654	-7638
-1776	-5137
-2643	-22644
-2596	-10139
-1741	7369
-1140	7369
-2550	9870
-2016	9870
-1356	-135
-1270	-5137
-1793	-17642
-1581	12371
-1931	-7638
426	-135
-1869	2367
-1770	-7638
-1359	9870
-980	9870
-1315	7369
-1909	-12640
-2013	-7638
-1732	4868
-1793	2367
-2387	2367
-2370	-5137
-2104	9870
-1448	-7638
-1705	14872
-1794	4868
-1931	4868
-1829	2367
-2194	2367
-1665	-17642
2485	-17642
588	-15141
-1927	4868
-1792	9870
-2058	-135
2932	-135
3746	17373
-2207	-135
-1981	4868
1368	4868
5129	-10139
-1481	7369
-1871	4868
-1127	-20143
-2315	4868
213	4868
-2107	-135
7062	7369
-645	4868
-1941	-15141
2076	9870
-137	14872
-1594	-10139
-2087	-135
-715	-10139
-1527	7369
-1513	7369
-1751	-7638
1952	-10139
2171	7369
-1539	-7638
-1247	-7638
-1516	-27646
-10	-135
-2009	12371
-2176	-12640
2181	2367
-2252	9870
-1524	4868
2874	-5137
-2268	4868
-1930	7369
-2248	2367
-1736	-5137
4531	-135
-1476	-2636
-1907	-15141
-1627	-2636
-1117	4868
-1524	-7638
-819	2367
-2205	9870
-1994	7369
145	-135
-1829	2367
-2481	-17642
-2171	12371
-814	9870
-2727	-135
-2121	14872
-1878	-7638
-130	-135
-1382	14872
-1590	-5137
-973	-5137
-2063	9870
-1730	-7638
4491	-12640
-1798	7369
-140	-15141
6469	-135
-1536	9870
-539	-15141
-1167	2367
-2240	4868
-1732	7369
2449	12371
-313	-2636
-2079	9870
-1808	9870
-779	4868
-269	9870
8168	-135
156	-15141
-1672	2367
-1755	9870
-1598	12371
-1993	2367
2495	12371
-1141	2367
503	-7638
-1591	-10139
-2184	14872
-1638	2367
17896	-7638
-2012	-15141
-2239	4868
-1797	4868
5615	-7638
241	2367
-2074	-10139
-1483	2367
10400	2367
-1533	7369
-2184	-12640
3717	4868
-1256	4868
-2393	-7638
-2426	-15141
-2074	4868
-1860	17373
-340	12371
5489	-10139
-1364	2367
-1013	4868
14282	-2636
4743	-15141
5561	19874
-2067	-10139
-1590	-135
-1854	2367
-1748	-22644
-2103	4868
7782	12371
-796	4868
-581	-5137
-754	4868
-2013	7369
7934	-5137
-2256	14872
-1052	-20143
1493	17373
18083	-7638
-1973	7369
-1511	4868
2275	-5137
-2010	4868
766	4868
-1894	2367
-1638	-15141
4493	-22644
69	-5137
-63	17373
-2349	4868
-2044	-17642
3311	-2636
-1483	12371
-1600	4868
-1674	-5137
344	14872
-1879	7369
-1548	9870
13727	-7638
-268	12371
-1980	12371
-2074	-12640
2452	2367
-2425	7369
-1971	2367
-309	4868
-2210	9870
2604	12371
-2053	-5137
-2284	4868
3626	-135
296069	-135
-1628	-135
-2485	-2636
-2213	2367
949	2367
17351	-2636
-1482	-5137
1036	2367
-1512	-17642
-1915	-15141
3839	4868
-1178	2367
31	-15141
-1794	-10139
-95	12371
-2051	9870
-1992	-2636
3677	-17642
-1999	-2636
-2321	-7638
-747	-10139
4701	-15141
-1797	2367
-1795	-20143
583	-22644
-1368	-22644
-1936	-7638
7218	-7638
-1636	7369
-1500	-7638
-1632	-135
-1219	-12640
83	4868
-739	9870
-1937	-12640
-1500	-7638
-2468	4868
-2073	7369
7229	-10139
1081	-135
-1783	-12640
16005	-135
-1860	4868
1228	2367
-1333	7369
-1671	7369
235	9870
-1823	-17642
4010	-5137
2850	7369
-2210	2367
-1724	9870
-1046	12371
2715	-5137
-1602	-135
844	7369
-1966	2367
317	12371
-2125	-12640
-2201	-7638
6094	-12640
-721	-25145
-2297	4868
-1304	2367
1726	19874
-481	-17642
-222	2367
-1834	17373
3808	-15141
-833	-2636
-1367	-7638
-811	-7638
-1808	9870
-1919	2367
-1070	14872
-1917	-135
-1374	-20143
-1849	-5137
2882	-15141
-1749	-10139
1500	12371
-920	-22644
-1990	7369
-1669	-17642
-2382	-5137
-1855	-7638
-1172	7369
10055	-15141
6077	-15141
-2015	4868
707	-12640
-1815	9870
-1467	-12640
-1553	9870
-898	-10139
5775	-135
-1722	4868
-1233	-12640
4164	-2636
-1835	17373
-2219	9870
-2173	-12640
-1674	12371
-1458	-7638
410	-12640
-1929	7369
-2087	7369
2644	4868
-1940	2367
-606	12371
-1579	17373
-1883	7369
-2089	14872
-2192	-20143
-2109	-20143
-1256	9870
-1599	-15141
-2250	-5137
-1608	22375
-1430	9870
-2012	-15141
3923	4868
-2121	-5137
-1766	9870
-1493	-135
-256	2367
-1582	-2636
-1035	7369
-2393	-20143
-2205	12371
-948	14872
-1972	2367
-1424	-2636
-2181	12371
-1068	7369
1587	-7638
-1774	-12640
-162	4868
-1559	2367
13868	-10139
-2322	2367
472	2367
-2092	7369
-1973	4868
-1883	7369
-1448	-2636
1373	-135
-1877	-135
1953	7369
1293	-2636
-1117	9870
-2143	2367
-1834	-135
5664	2367
2279	-5137
1476	-10139
-1301	9870
-1648	-17642
-576	7369
1913	-15141
-1387	9870
-865	12371
2934	2367
-1804	-20143
-2073	4868
-2125	-15141
-1226	-15141
5016	-20143
-1868	-15141
-1408	-15141
-39	9870
-1620	-135
18141	2367
-1040	-135
2182	7369
-575	-7638
-280	-10139
-1661	-135
-1622	-2636
-2414	4868
-4	-135
2093	7369
-1615	-135
-1871	-10139
-458	9870
-1539	-7638
-2144	2367
-2135	7369
-734	7369
1815	-12640
-1213	4868
9721	2367
1371	2367
-2384	-25145
-2092	12371
77	-10139
-1347	-2636
-1833	-2636
-1861	2367
-1980	-135
361	9870
4982	-10139
-720	-10139
1185	7369
1898	4868
-1534	7369
405	-2636
-2419	4868
-1461	-17642
6461	9870
-1246	14872
16846	-5137
2187	2367
-1548	-5137
-380	-12640
897	-10139
-1966	2367
-710	-12640
-916	-5137
-2113	-5137
-1993	9870
-1468	9870
-1871	-2636
1975	7369
-1593	-10139
-1356	12371
-2552	-7638
-1846	7369
-2279	-7638
-2011	-12640
-1726	4868
-2233	-10139
5165	2367
1739	-2636
-1651	-5137
-2066	-135
-1443	9870
-1701	-12640
-1654	14872
-1506	-5137
4600	-12640
-1603	4868
-1874	-2636
-1810	2367
-1637	2367
-2509	7369
-1769	4868
-2290	4868
155	-10139
-2304	9870
-1535	-7638
2888	2367
-1316	4868
-1661	7369
1063	4868
2204	4868
1063	4868
-390	-135
6584	-15141
-1391	2367
-1931	12371
-1746	9870
-2102	4868
-1755	2367
-910	4868
-2267	2367
-1038	12371
1327	-135
-1845	9870
-754	-17642
-1943	-5137
-1741	-10139
-2152	9870
-1878	12371
-525	4868
-1300	7369
-1792	2367
-1804	-10139
377670	4868
-2231	19874
-235	2367
-1826	27377
3361	2367
-1697	9870
1630	-15141
-1728	-12640
-1152	12371
-997	-10139
-1178	-5137
-89	17373
-1900	2367
-1706	-7638
-1929	9870
297085	-5137
-1720	-5137
-1934	-5137
-1904	-5137
-1887	-7638
-2361	4868
-1722	-135
-1891	2367
-170	2367
-1458	9870
-1672	-135
-904	4868
33	-5137
-1121	-2636
-1202	-5137
-1990	-2636
-2015	-5137
4319	4868
-1060	-5137
-1969	14872
-828	-2636
-2006	4868
-268	9870
1918	-10139
2164	4868
-1466	-135
-2535	-2636
-1926	9870
-2458	-7638
-2177	9870
-130	2367
-708	-5137
744	4868
-1894	-2636
15721	-135
-2107	-15141
-1387	14872
-1485	9870
-2067	4868
-1791	9870
5347	-15141
-1676	-10139
-1715	7369
-1904	-135
-192	-2636
1518	-12640
4104	4868
-771	2367
-772	4868
-2005	7369
-2273	22375
-2147	-2636
-1890	2367
-2152	4868
-3116	14872
-1076	-10139
1625	2367
-1517	-22644
13568	-17642
1281	9870
-1221	7369
-1413	-2636
-2124	-135
-2224	2367
-1006	-2636
-1805	-7638
-1999	7369
2586	2367
4427	7369
-2000	-7638
-554	12371
-2045	-7638
-2414	-135
4223	12371
-1921	9870
-1703	-7638
-148	2367
-1763	4868
-1567	14872
-1415	-10139
6924	4868
-1849	4868
436	12371
-1743	-135
-1216	12371
-1812	-7638
-921	4868
-2216	7369
-1780	-15141
3507	12371
17827	-17642
17036	7369
-1092	-15141
-2018	-12640
38	2367
5161	2367
-2319	2367
2719	4868
2095	-15141
744	-5137
-594	24876
-1000	-7638
4366	22375
850	-2636
-1428	-5137
-1801	-12640
-1640	-12640
5404	7369
-2850	-5137
-1648	-7638
94	4868
-1564	4868
-1177	-5137
-1833	2367
-417	17373
3441	-135
-1651	7369
-2147	-2636
-664	-10139
-1628	-10139
-1512	7369
-1848	4868
-1340	7369
-1856	9870
4108	-5137
407	9870
-1714	-135
-2171	-20143
-2084	-15141
187	4868
-1491	4868
-2035	7369
-2015	-17642
-794	-12640
-1437	12371
-2269	-5137
-1984	17373
-1890	-7638
-1488	4868
-1692	7369
870	-22644
-2302	4868
-2009	2367
-1637	4868
-237	9870
-1897	27377
-2632	-10139
-2252	14872
4844	2367
1125	4868
-536	-7638
-1845	-17642
-1645	4868
1048	-15141
-2519	-135
-1583	-15141
-19	7369
-2302	2367
-1737	24876
-2882	-7638
-2331	2367
-1781	-15141
-906	12371
3968	7369
-51	7369
-1823	9870
2583	-20143
-975	4868
-1845	4868
-1294	-17642
-1219	7369
-2281	-135
-2028	-12640
-1843	7369
-2145	-12640
-1488	7369
-698	-17642
-2211	-5137
-1992	-22644
-1101	-7638
-2075	7369
-1818	14872
-2001	-12640
-1809	7369
-1575	2367
-1571	7369
-1994	19874
-2148	7369
-1318	7369
1380	-2636
-472	-20143
-2397	-10139
-1485	2367
-1266	-15141
-1444	12371
-2047	7369
-919	14872
13563	-7638
-2178	-20143
2732	9870
-869	4868
-2007	-10139
-2362	-2636
75	-135
793	-12640
-2459	7369
-1851	-20143
-2366	2367
5313	2367
7371	4868
-2210	4868
-1424	-135
-1134	-12640
47	-17642
4898	-12640
-1430	7369
-2271	-5137
-1339	4868
1905	7369
-579	14872
-398	-2636
6653	-7638
-1825	7369
-2424	9870
-2066	12371
-1577	4868
-1950	-12640
-682	4868
-2586	-2636
1963	2367
-1749	-7638
-1541	2367
-1485	9870
1815	-15141
-1786	19874
2341	4868
-2345	-20143
2550	-2636
-2460	-17642
-1860	7369
6275	-10139
2948	-7638
-2371	-10139
-2231	4868
-1925	9870
-1496	-7638
-260	9870
-1913	-10139
-2081	-135
-1042	-20143
-2296	-12640
6364	-17642
1164	2367
-664	-17642
16748	14872
-135	-17642
-1697	14872
295	-7638
-1823	-15141
-83	7369
-1835	-12640
-2535	2367
-862	-10139
-1659	2367
-2066	2367
-2331	9870
-1005	-2636
-1989	9870
-2389	-10139
72	-22644
1002	4868
1253	2367
-1630	9870
-1948	-15141
-2155	4868
-2770	-12640
-53	7369
1133	4868
-1782	-5137
-684	-2636
1091	12371
-1608	7369
-2446	7369
-1544	4868
-1686	14872
-1420	-5137
-2085	-12640
1092	9870
8431	9870
-1127	-135
5536	2367
-1648	-10139
-545	-135
-136	12371
17991	-10139
-1909	7369
-1699	-2636
-944	-135
-933	7369
-2120	-10139
5526	7369
2903	-7638
-1843	12371
17466	-20143
-257	-12640
-2165	-10139
-1001	7369
-1772	-25145
-1322	12371
-364	-7638
2806	9870
13231	17373
-43	9870
-1983	4868
-2730	-2636
-2631	-12640
-1966	-5137
-2299	9870
-2436	-7638
-1856	7369
197	4868
-1966	4868
2709	-12640
-1388	-12640
2027	2367
5902	-7638
10353	4868
-2103	-15141
-2121	9870
-1567	4868
1287	-135
2615	12371
-1742	-5137
-1380	-5137
-1544	7369
-2282	9870
-1233	-5137
-2290	4868
5033	-15141
-360	19874
-1411	4868
-1874	9870
-1650	-15141
-74	9870
4711	-135
-1686	9870
-2096	4868
-1524	4868
-1690	-12640
-2188	9870
-389	7369
-1834	-12640
6082	4868
-416	-5137
-1151	-7638
-124	-5137
-2265	-7638
9168	27377
118	-7638
-1864	-7638
-1106	-12640
-1771	9870
198	2367
-1711	-7638
6323	4868
-111	7369
209	9870
-1063	7369
-188	4868
-1425	7369
6977	-7638
827	-22644
305	-15141
-1671	7369
-808	-135
-1971	4868
-1334	-7638
-2181	4868
-1630	9870
-1441	-5137
-682	-10139
-2496	-17642
-1546	-2636
2787	4868
2537	7369
1686	-135
-1743	-15141
4998	7369
-1514	-15141
-1502	7369
-1582	17373
-294	7369
-2202	-7638
-285	-7638
1412	-15141
-1886	7369
-1749	4868
-2236	-15141
1448	9870
-2182	-15141
1201	4868
1181	7369
-2294	4868
2014	-12640
-1467	-7638
-1020	2367
-2264	4868
-1456	9870
-1151	-12640
4021	-5137
3333	4868
-1206	-7638
1091	-12640
-1680	2367
-1309	-2636
-1665	-5137
-1918	-135
-11	7369
-2154	12371
-365	2367
-2064	2367
-1805	-135
-1820	9870
329	7369
-2150	2367
-1843	4868
-1861	4868
-2265	12371
-2273	4868
-558	-2636
-1615	2367
-108	7369
-2196	7369
1177	4868
-115	2367
-793	-10139
3708	-7638
-1562	2367
-1808	-5137
-1690	-17642
-680	-17642
3399	4868
-631	4868
-2007	7369
2359	-5137
-742	19874
-997	7369
-2190	-5137
-2044	-12640
-1844	-20143
-1619	2367
-2276	-15141
-705	7369
3347	4868
-1958	9870
-2018	-2636
3758	-17642
512	12371
-1871	2367
2997	4868
-1438	4868
5136	7369
3586	4868
2451	-15141
-1752	4868
-1376	2367
-911	4868
-1791	-10139
2943	4868
598	4868
2496	4868
-1499	2367
-352	4868
-1777	-20143
-1909	-2636
-1749	9870
-1431	9870
-2500	-135
-432	4868
-1402	2367
-1841	-15141
-1766	9870
-1472	-15141
-1855	-20143
-2136	-10139
3640	2367
8036	12371
-2833	-17642
947	-2636
-1927	17373
-1735	-12640
-2173	7369
2128	-5137
-2394	-7638
-774	14872
-1741	7369
1322	14872
-1869	4868
-2066	7369
-13	-2636
-1021	12371
-591	7369
-2109	-7638
-1398	2367
1091	9870
-1995	-17642
6744	2367
-1533	-7638
-2159	-12640
-810	-2636
448	-15141
6761	-2636
3717	2367
913	4868
-2108	19874
-2517	-15141
308	7369
1569	-135
-1879	-20143
-1518	-7638
134	17373
-107	-5137
-1762	-20143
-1275	4868
-1877	-7638
1803	9870
-2274	-5137
-1583	-12640
-2124	-12640
-1011	4868
-1387	-2636
-1875	-12640
-2403	-12640
-1030	9870
-760	2367
-2171	7369
-2043	-10139
-2481	-12640
-1563	-135
-1838	-12640
-349	4868
-2223	2367
-2393	12371
-1382	4868
-1746	9870
-1200	-135
-1975	-15141
2082	-10139
2835	-15141
-2095	4868
-1970	7369
-1850	-17642
-1461	4868
-1948	-2636
-473	4868
-396	-17642
-2824	4868
-2328	2367
-1998	12371
2346	9870
-2239	69896
898	-135
-869	-5137
-2206	-2636
-2142	4868
17330	2367
3930	17373
-1919	-135
-2659	2367
306	4868
-1642	-15141
-1258	12371
-2447	4868
-1043	7369
-2114	9870
1772	-10139
-1735	-10139
1540	-17642
-1837	4868
-2104	7369
3195	7369
-1609	-15141
-2280	9870
-2058	9870
2360	2367
-2171	-5137
-1568	4868
-2494	12371
-1200	-10139
-364	9870
17846	-12640
-571	2367
-2050	7369
4761	-5137
-1528	-12640
4528	7369
-1034	14872
16064	9870
-2131	7369
210	-20143
2228	4868
-215	9870
104	19874
-11	-20143
-1880	7369
-2057	-15141
-806	-135
-240	-12640
55	-15141
-2764	9870
-1809	7369
-2491	4868
-1723	-10139
-2177	7369
946	-12640
-2206	7369
14195	7369
-1892	2367
-575	4868
-1981	17373
-564	4868
1775	7369
1128	-10139
-178	7369
-1639	-17642
-1701	-5137
-1838	7369
2607	-12640
-2103	14872
-1731	-12640
1964	2367
29	7369
5754	7369
-2218	7369
-716	4868
-2264	-7638
-2164	7369
55	4868
-1649	7369
3362	-15141
2384	-17642
1304	-5137
-1801	7369
-1734	-7638
-2096	9870
-1860	12371
-1787	24876
-2198	-135
-2737	-22644
-2469	9870
3015	7369
-1430	2367
-1456	4868
-2299	-17642
259	-5137
15576	2367
910	-17642
-2006	-135
4490	7369
182	4868
2953	7369
-1715	2367
-2577	4868
-1906	4868
149	-5137
-1562	-15141
-1869	4868
-1668	7369
-762	-2636
5535	7369
-1909	2367
-2551	14872
2044	4868
-837	-12640
-1431	-12640
846	4868
1242	4868
-1267	14872
5270	12371
-1611	-15141
1683	-12640
-1806	9870
-1476	7369
5383	9870
-1583	-2636
-1707	9870
-129	12371
-1396	-7638
7795	14872
-1793	19874
-1522	-135
2355	-135
122	-12640
-1341	-17642
-1554	9870
4979	2367
-2493	-10139
-1520	-7638
4457	-135
-1021	4868
17479	19874
-40	4868
-2258	7369
-1431	2367
-2056	-7638
6545	9870
-1817	7369
-1705	-7638
-2108	-12640
-1735	-2636
-1559	4868
2137	-5137
-2064	2367
-1092	-10139
2003	-7638
176	-15141
3831	9870
-1384	-15141
-1585	4868
-1814	-5137
-2004	9870
-2049	2367
-1474	-15141
-1620	-7638
-2141	7369
-2024	7369
2824	14872
867	2367
-1623	2367
-1193	9870
-2171	9870
-2052	-15141
-2813	-15141
-1493	2367
-2803	9870
6093	4868
-1130	-7638
-1582	-15141
-1948	12371
2200	-135
-531	7369
-1001	4868
272	9870
-2070	-12640
-245	-15141
-911	-17642
5627	9870
2027	4868
-2362	7369
-2023	-15141
6756	-10139
1511	4868
-2600	-10139
-2298	22375
-1120	-12640
-1093	-10139
-2615	-2636
5254	7369
9531	7369
-1895	12371
-2414	2367
-1799	-15141
-1938	2367
-891	14872
621	2367
-1332	7369
-1838	-12640
-2551	-10139
-2389	4868
-2465	-5137
-1780	-15141
-2061	4868
-2168	7369
-1877	-12640
6071	4868
4769	-10139
-1387	12371
14159	-135
-1490	-135
-973	-10139
1917	-17642
-88	4868
-1122	4868
107	-12640
3080	-15141
-312	4868
398	7369
1755	4868
-1496	2367
-938	-2636
-1932	-7638
-1944	12371
-1669	9870
2799	4868
-1414	4868
-1700	-17642
-826	4868
554	12371
-1692	-10139
-1832	7369
-1896	-135
-1944	9870
-2466	-10139
-1044	-15141
-2258	2367
1548	12371
-618	12371
-2241	4868
5942	-10139
-2181	-10139
-1586	-2636
-2376	7369
-1617	12371
781	4868
2291	2367
-2446	19874
-296	14872
10455	2367
-1909	7369
-2005	7369
-2246	12371
-2325	-7638
-1746	-135
-2161	12371
-1344	12371
6523	7369
-1891	-10139
-62	-135
-841	7369
-952	-20143
-44	9870
1145	4868
-1536	-15141
-1049	12371
3053	-17642
-1969	-5137
-990	-5137
-1723	-2636
6888	14872
-1399	4868
-1691	4868
-1606	4868
-1701	-135
1288	4868
-2015	7369
-1768	14872
-2064	-10139
5077	-17642
-1322	9870
-1660	-135
-1686	-12640
-1254	9870
-1510	-7638
-2122	9870
-1490	7369
-2149	-135
-1379	-17642
-1445	-7638
4967	12371
-1851	12371
-97	-135
5278	-5137
-1714	-10139
1587	4868
11421	7369
4144	-5137
5061	17373
-343	7369
-1867	-17642
-2043	7369
-2154	7369
625	4868
-1619	-135
-894	-135
-2141	7369
1613	-15141
-1432	-15141
6314	-5137
484	4868
-1820	-15141
-1775	-12640
-1929	7369
1669	7369
-2660	-20143
-1329	-2636
16035	4868
4450	12371
778	-12640
-526	-15141
348	-10139
4626	4868
1320	7369
-2310	-2636
2969	-12640
-2061	2367
-1795	4868
-1909	4868
-584	-12640
-2074	-135
-1940	-15141
-960	4868
-321	2367
-2577	2367
-1358	4868
-2080	-10139
-548	-22644
-1408	-15141
-2766	4868
-1734	9870
-1293	2367
-2768	9870
599	2367
4070	2367
-1523	-2636
-1295	-15141
-748	-12640
-88	-7638
426	7369
612	9870
-1915	12371
-2103	7369
-1804	-10139
-1535	-135
-2361	14872
-1621	-12640
-1250	7369
-1754	2367
-1193	17373
1250	2367
-2231	12371
4708	-17642
-1875	-12640
-2458	2367
-900	7369
-1529	-5137
346	4868
-1455	-135
290	12371
2240	-15141
-478	7369
-1209	12371
-2143	-17642
-2086	7369
-2116	14872
-2281	12371
-1324	19874
7808	-5137
-1703	-135
-810	4868
4350	9870
-1156	2367
-822	9870
-1994	-12640
2831	-135
-395	7369
-2068	-5137
-1858	7369
761	-135
-1604	9870
-1970	7369
-1494	24876
-2456	-7638
-2307	14872
2991	12371
-1777	4868
-1029	-10139
4442	-12640
-568	14872
-2007	2367
-1754	7369
-613	-2636
-1923	-10139
1544	9870
-2184	14872
-2246	2367
321	-12640
-625	4868
-995	4868
-801	2367
-1879	9870
-2122	7369
7727	7369
-2155	-135
-1168	-15141
2695	-12640
1172	-10139
655	9870
-1520	4868
-2695	4868
3668	-15141
81	4868
-2223	-135
-1587	9870
-1700	7369
-1596	2367
-1536	4868
10145	-12640
990	-10139
314	7369
-1103	12371
3172	7369
-1477	7369
-1669	4868
-2657	2367
4190	-10139
12435	-5137
-2138	-2636
-956	-10139
-2236	-17642
-1837	2367
-193	-15141
1958	-10139
-2075	-5137
-1552	4868
-1726	12371
-1791	-5137
2617	-12640
-2005	-10139
-2092	12371
-1885	7369
2260	9870
-1081	4868
-713	-5137
-2441	-10139
-612	4868
-2101	-7638
-1482	-2636
-852	17373
277	-12640
-1663	4868
-845	7369
-1648	4868
3210	-5137
265	7369
-1907	4868
1999	12371
41	2367
201	-2636
690	-12640
698	12371
-702	9870
1560	-7638
-2007	-10139
-937	-5137
9397	-5137
-1559	7369
-1831	-135
840	4868
-1736	7369
-2130	-15141
-2125	-17642
-1300	-135
-1622	-10139
-2235	-15141
505	4868
17161	-10139
5293	7369
426	4868
73	7369
-1923	-5137
-547	9870
-1482	7369
-1184	2367
625	4868
-1325	-10139
-1685	-5137
-1180	14872
-2349	7369
-2052	-12640
4978	9870
-1679	2367
4041	7369
-1776	-2636
-2160	-7638
2950	-20143
2999	-12640
-1992	2367
1774	-10139
-1626	-10139
-1456	-2636
-1873	-12640
-1749	2367
2569	2367
10853	-12640
-2371	-12640
-876	-12640
-2103	22375
296	9870
-1723	-15141
528	2367
5300	-135
4900	-15141
2579	12371
-1871	4868
-1569	-20143
-1705	-17642
-910	2367
4133	-135
-1557	-15141
-1270	4868
-1604	2367
17500	2367
4491	-10139
-1557	4868
-1168	-10139
1224	-15141
-1530	7369
-1838	-135
268	4868
7797	7369
3103	2367
961	2367
107	17373
3312	17373
-113	4868
-1407	-22644
545	4868
-1592	-12640
-1970	12371
-753	2367
7073	4868
-2254	-12640
-840	4868
1488	-10139
-2090	-20143
-489	2367
-1153	-135
-905	-20143
-1592	12371
16759	-7638
-2422	4868
-1998	-12640
-2514	4868
-1347	7369
-2274	-15141
-647	-5137
-2056	4868
-2256	-12640
-1868	4868
-1609	-20143
2521	12371
-205	9870
-872	2367
-142	-7638
-1803	2367
-2072	4868
-1001	7369
-1501	4868
-220	-135
-1694	4868
-1896	-7638
7665	4868
-1943	2367
1055	7369
-2446	-7638
-2309	2367
-2460	7369
-2411	-135
-2034	-7638
1770	2367
-226	-135
-451	12371
-1594	-17642
-2308	-135
-1924	-15141
2133	7369
-1972	9870
-997	-5137
-1880	-7638
1969	7369
1348	-12640
-2416	9870
-992	7369
782	-2636
1891	4868
-1364	24876
-191	-5137
-1467	14872
-1621	9870
-158	2367
-1953	-12640
-2423	2367
-2286	-10139
-2182	4868
-1768	4868
-1517	-10139
10577	4868
-2488	9870
-703	24876
-1573	-135
-1966	-5137
-1542	-12640
-1873	9870
-1335	-15141
-2325	-20143
-2246	-15141
48740	-7638
-1764	9870
4549	4868
-975	-7638
-2020	12371
-1426	4868
-1375	-12640
275	7369
-29	2367
3570	-20143
-1644	-135
-1405	9870
-113	4868
-1428	7369
-1570	9870
-2017	2367
-691	4868
6864	-135
-1749	2367
-1453	-10139
-1327	9870
-501	2367
-2162	-7638
-2089	-15141
-1157	-12640
-1502	-135
-2435	-15141
-2038	-15141
-1828	-20143
1710	-10139
3077	12371
-1739	4868
-968	-12640
-1697	2367
2877	-5137
-1483	-15141
-1692	-135
-1284	-135
-2464	4868
-1823	12371
-2067	-5137
371	-135
-2254	-10139
-1072	-135
142	9870
-1963	2367
-1424	-135
-1458	4868
-2660	7369
-2325	-15141
38	-2636
2747	7369
13598	12371
-1206	-25145
-645	4868
-2194	-135
-2125	19874
-1815	-2636
-2245	4868
1403	-10139
-602	9870
-1455	9870
71	-135
-2520	12371
-2393	2367
-1897	-10139
1669	7369
2441	7369
1292	2367
-1957	9870
8166	4868
-2106	9870
-2449	-20143
-2109	-20143
-1368	-2636
2298	-10139
-171	2367
-2531	7369
-2278	-7638
-1686	7369
1558	2367
-123	-12640
-2303	7369
-1459	12371
-2304	7369
-777	4868
2767	-2636
4217	4868
6423	4868
-337	14872
1299	2367
-1157	2367
-1833	-15141
6675	7369
1349	4868
8868	12371
18141	-7638
-1455	-10139
4660	12371
-2379	-10139
-1764	-25145
-44	-135
-990	-135
-1541	4868
-1906	14872
-1226	2367
-1701	-2636
-1734	9870
-1976	2367
-1854	14872
-1719	-12640
-2122	-12640
-1312	-10139
-2357	17373
6011	12371
-1926	4868
-1717	-7638
-244	4868
-111	-17642
-2527	-7638
3219	-135
-86	-15141
-1378	-7638
-2089	2367
-2152	7369
2007	-15141
-1373	9870
4119	7369
-1927	2367
-671	-15141
-350	17373
4563	2367
3649	12371
-1937	7369
-2228	7369
-1665	-7638
-1874	-135
-1619	-135
2728	2367
1826	-2636
-1820	4868
7682	-135
-1594	-12640
-1751	2367
-1546	-17642
-783	2367
-2454	-12640
597	-10139
-1502	-15141
-2167	-10139
-1851	-2636
-2190	-7638
-89	7369
-1701	-17642
5829	-7638
-2010	-12640
-1858	-10139
-1064	-17642
-2598	7369
-1419	2367
1563	-10139
1207	-2636
818	-7638
-1598	4868
-2316	7369
-2187	-7638
-1856	12371
2206	7369
-2150	-22644
5162	7369
-1356	-10139
-287	7369
-2090	4868
3614	-15141
-2399	7369
-1093	-17642
-967	-15141
-62	19874
-969	-2636
-2062	2367
2513	-10139
551	9870
972	9870
-2078	4868
-1795	-135
2038	-15141
-591	9870
-2762	-135
4377	-2636
-390	-2636
-1948	4868
-1941	-17642
-2156	7369
14566	-15141
-1950	-15141
-1791	-15141
-2090	-135
962	-15141
-2221	7369
2159	-17642
-1132	4868
-2216	9870
755	4868
-1005	-7638
-1574	-25145
-533	-2636
-1931	7369
-1554	-15141
-1995	2367
-2227	-5137
-2290	-2636
-2084	-12640
-1817	12371
-2092	2367
-2051	-135
4968	-135
-449	14872
-2231	-12640
-2004	-7638
146	-20143
8180	-2636
-1746	7369
4979	-15141
-2124	-17642
-2116	2367
-1745	-10139
-1826	-135
-1815	-10139
11829	7369
-1271	7369
2269	14872
-2303	9870
-1573	4868
-49	-10139
-1674	-20143
-1227	12371
455	-7638
130	4868
-1535	9870
2231	-2636
2200	9870
-1778	-135
-2165	9870
-1843	7369
-2239	-17642
2928	2367
1243	14872
-1988	7369
2358	-15141
391	-15141
-1447	22375
-797	17373
-1094	-17642
-1630	19874
-1707	-17642
-1911	2367
-2343	12371
-1678	-135
3416	9870
12772	4868
7100	-5137
-2634	-5137
-825	7369
-1436	-135
-1827	-12640
-2652	4868
-1611	-2636
-1927	2367
-728	9870
-285	-135
-2343	4868
-2109	2367
-2028	4868
6098	2367
-1823	7369
202	-135
-1683	7369
-1990	-2636
1776	7369
-2004	12371
-2021	2367
-1734	2367
-2433	2367
-2321	7369
-2139	2367
-1965	-135
-1821	7369
935	-135
-1772	9870
-2359	-2636
3634	-15141
-1034	2367
-1547	4868
-401	7369
-1431	12371
-1126	4868
-1711	-7638
-119	12371
-1839	7369
-1436	2367
3842	9870
-2215	7369
4725	7369
-1106	-135
5396	9870
-1351	14872
5311	-10139
2535	9870
-2136	17373
-1793	4868
-2502	7369
-1567	-135
-2483	4868
2136	7369
-1342	-15141
6234	-10139
-1754	4868
-2351	-135
1451	-12640
1168	2367
-2087	4868
1322	7369
256	4868
2906	-10139
6966	2367
8318	7369
-2339	4868
15920	-10139
-390	2367
-383	12371
-1967	4868
-1065	-15141
-1791	-5137
-2063	-20143
-2228	7369
-1651	-135
-2082	7369
-1800	-5137
-1834	12371
5188	12371
-1252	-20143
656	7369
-1476	-17642
4514	9870
-507	7369
-2149	-2636
-2132	4868
5115	-15141
-1623	-7638
906	14872
-1964	7369
-1900	-15141
2512	4868
1918	-12640
-1804	14872
-1826	2367
-1388	-7638
-2452	7369
-441	2367
-1523	-2636
-1323	7369
-562	-20143
-2032	14872
-1401	7369
-2	-135
-1864	-7638
-2190	-135
-461	2367
-1379	7369
-1401	-15141
-772	2367
-2021	14872
-1594	-15141
-2496	14872
-1339	-12640
-2859	4868
-1296	2367
-539	-17642
-807	-10139
1585	2367
-1732	-7638
-2114	9870
-1764	2367
5415	19874
-1121	-135
2850	14872
-1614	-135
-1944	2367
-412	-10139
-1832	9870
-2257	-10139
3605	2367
-2561	4868
-2011	9870
1620	9870
-1527	-7638
5006	-2636
-2121	-7638
5191	-2636
-2348	-7638
3160	-135
-1881	-5137
-1008	14872
-1937	12371
-1700	12371
-1621	-17642
-2120	9870
-507	2367
23	-7638
-1196	7369
-696	-12640
1499	9870
-1587	14872
-2098	-7638
-1754	-7638
-1992	12371
-1782	4868
-346	-10139
30	4868
-1574	7369
324	-10139
-2532	4868
-2015	7369
-1897	-17642
-2210	-5137
7132	2367
-1169	-135
-55	-22644
-1565	-15141
-2222	-5137
-2032	9870
1422	7369
1110	-10139
-1923	4868
3363	9870
-1470	7369
-750	7369
-301	7369
-865	9870
3330	-135
-575	-5137
-1550	4868
-2036	7369
-1799	12371
-1420	4868
307	-135
-1270	-12640
-418	-135
5002	-5137
-1791	9870
-1980	4868
7674	-7638
494	4868
-1058	-2636
-1685	4868
-2168	-7638
-325	-10139
-588	-15141
-1608	4868
-1942	2367
-1518	-10139
-1867	9870
-1517	-17642
1911	12371
-1763	-12640
-115	4868
-209	7369
-1097	9870
2686	-10139
-2138	4868
-2505	2367
-2109	4868
-1769	4868
-1376	-135
-1655	4868
-1873	2367
-1604	-7638
-2367	-2636
502	-10139
-1577	-20143
-2193	-15141
-1943	14872
-1792	2367
760	-5137
-1705	7369
-1495	9870
-1133	14872
-2338	4868
-1478	-2636
-1482	-5137
-2114	-135
-1950	4868
-693	2367
-898	7369
-2152	-135
11874	9870
989	-15141
-1454	2367
-1309	17373
-1535	4868
-2206	9870
-1643	14872
226	12371
-2015	-7638
-1577	7369
-1258	4868
-1989	-135
-2012	2367
-1742	7369
-1831	-5137
408	2367
-1548	7369
224	-10139
5475	-10139
4010	-5137
-2058	-7638
-2354	7369
-1961	-10139
-1697	14872
1095	7369
-2012	7369
-2023	12371
-2184	7369
-2403	9870
-2579	9870
-1585	-7638
-1873	12371
-1766	4868
1435	-15141
16989	4868
-1556	-7638
-1815	-7638
-2360	7369
-2120	7369
6471	37382
4584	-2636
-1585	12371
-1903	2367
-1080	4868
-2623	17373
-701	9870
-1881	7369
-1874	4868
-2078	-5137
-1034	-15141
-1804	-135
-1862	-15141
-1760	19874
2079	-20143
-1591	-17642
-1473	14872
-1914	2367
1279	2367
-1858	14872
-1793	-2636
5116	-17642
1045	4868
10678	-15141
-1049	-12640
-1791	-12640
-1706	-7638
1492	2367
6999	2367
-869	-135
-1246	7369
-2322	-10139
-925	9870
-1821	-12640
4755	7369
-1586	7369
-1573	2367
-1599	4868
-1900	-12640
-1820	-2636
-1551	14872
-1938	4868
-1701	-135
-2034	-10139
248	2367
4325	-10139
4808	9870
-2256	14872
-1795	-2636
-2257	2367
-2086	12371
-732	-17642
4390	7369
-1789	7369
-2259	14872
-1646	-12640
-2414	4868
-1082	-12640
4219	-12640
-1241	-15141
-2342	-12640
7261	2367
18513	9870
2642	-10139
-1677	2367
-1267	9870
-274	4868
-1966	-2636
-1155	-135
-2445	-10139
736	2367
-963	-17642
-68	-15141
-1388	12371
-2317	-135
-1935	-15141
-602	4868
-794	-15141
-360	4868
-914	7369
288	4868
1535	4868
-939	4868
6979	-12640
-1927	-17642
1996	-17642
-1758	-15141
-1671	4868
-2166	-15141
6768	2367
-2177	22375
-1786	-12640
9337	27377
-1329	-5137
-1950	4868
1928	7369
-1574	-12640
-1874	4868
-2387	4868
4979	12371
-894	12371
-2213	-10139
-1236	7369
-1068	-2636
-1768	7369
-2431	-15141
-2271	7369
-1900	-5137
816	-12640
-1444	17373
2260	-15141
-31	12371
-762	-135
-2234	2367
-1771	12371
-1752	-7638
-2251	4868
-1987	-17642
-1580	-12640
-1908	7369
9924	4868
-1913	4868
-1844	4868
-1711	-5137
-2106	-17642
-1495	7369
-2617	7369
-1632	7369
-432	-12640
-747	12371
-2623	-5137
-1873	-7638
-1854	-7638
1362	7369
-1845	-22644
-2418	-15141
-1175	-10139
-1046	-2636
-2270	-5137
-1293	-27646
-1592	-20143
-2137	-2636
-2126	14872
-1170	7369
-1008	22375
-2136	14872
-2504	-20143
1469	12371
1319	-7638
5406	-15141
-380	7369
529	4868
-1478	14872
-648	-10139
-1820	9870
-2486	9870
3433	-5137
-1540	-12640
-2152	2367
-1535	-135
806	-7638
-2010	4868
-2122	4868
-2039	9870
-323	4868
-859	4868
7768	9870
1127	7369
-393	-15141
-2133	-2636
-1804	-10139
-2339	9870
1690	-5137
-2097	-5137
-1786	-10139
-857	2367
-111	-17642
-2040	7369
-1821	7369
-1430	-2636
-1754	-5137
-1579	-7638
-2258	-15141
-1434	9870
-1782	7369
993	-7638
-1663	-135
-2098	-7638
-2213	7369
-2003	4868
-744	-15141
2157	4868
-1231	2367
-1904	-135
-1955	9870
-2072	4868
-2001	-10139
2921	7369
-1152	7369
9237	-12640
681	-2636
-2172	2367
-2506	-15141
-988	7369
-843	-15141
-2035	-5137
-237	-2636
-1849	4868
-949	-12640
-2183	-15141
-1288	-17642
-392	2367
-192	-135
-1098	-10139
380253	9870
-1891	-17642
-2073	-12640
-1576	-135
-2448	2367
-227	-2636
-478	-5137
-2129	-10139
-1512	-135
-1074	4868
-1451	-15141
5498	9870
-1696	4868
-1942	2367
6762	12371
-1694	2367
4316	4868
3422	7369
-1918	4868
-2315	4868
-2678	-12640
-1666	-17642
-1953	12371
-1861	-12640
-2411	4868
-2485	-20143
-1399	-135
8284	-15141
2288	7369
-1902	-135
-1598	-135
2967	-2636
719	7369
1422	2367
10433	7369
416	7369
3580	-15141
-1312	7369
-1603	-15141
-2079	-5137
1677	-5137
-1815	-5137
-2164	-17642
-2447	-17642
-627	-7638
3653	-2636
-2167	12371
-2336	4868
-1909	-20143
-1124	-10139
-262	9870
-2523	2367
-1598	12371
-1771	-17642
-856	-135
-1373	-12640
-2164	-10139
-300	-12640
1052	-7638
-1393	14872
-1864	7369
-2046	7369
-807	-2636
4676	9870
-1723	-12640
-1581	-2636
960	2367
153	9870
-2161	-5137
264	4868
-2338	9870
-1375	7369
-857	7369
6435	-15141
-2732	4868
-2196	7369
-1902	14872
684	4868
-2207	2367
-583	-135
-1640	9870
-1378	-135
-1835	9870
-1864	4868
-1456	9870
1430	7369
-2067	-135
-1667	2367
3929	9870
-1775	12371
-1593	4868
-1711	-7638
-2133	-7638
1632	7369
-1937	-15141
-1862	12371
1481	-10139
-1786	2367
642	19874
-2062	-17642
-1432	-7638
-1975	12371
-2098	14872
-943	9870
1407	2367
960	-17642
6249	2367
-2244	2367
232	7369
-921	-10139
1501	7369
-1533	2367
-1707	-12640
-1851	9870
-1781	2367
1624	-15141
-1688	9870
156	-12640
3639	4868
-2280	-15141
-2138	-17642
-1364	-2636
-1886	-5137
8738	-17642
6659	2367
3735	7369
-2389	7369
8109	9870
-1676	9870
-2107	-15141
2936	7369
6556	2367
-2280	12371
-2796	2367
-998	-20143
-806	7369
-1534	2367
-2139	9870
-1748	7369
-1919	4868
-1764	9870
-1994	12371
-768	-15141
-1593	-10139
-1712	4868
-1174	9870
-2293	-15141
-1288	-10139
-1726	7369
-1795	-5137
-1362	4868
-2055	-17642
6092	4868
-2621	7369
-1938	-17642
-1866	4868
5674	-7638
-1811	-135
-868	2367
-1063	-7638
-1530	-7638
-1583	9870
-1983	7369
-2141	4868
-502	7369
-1798	-2636
1309	-15141
-2130	14872
-1900	9870
272	7369
-1894	2367
2159	9870
-1998	2367
-567	2367
-1673	4868
-2482	7369
-1981	7369
-1599	9870
2579	2367
-1765	-2636
-1986	-10139
2739	7369
-1237	2367
-1713	19874
-1560	-12640
13912	2367
16207	-5137
-1976	-135
-2448	-15141
1443	-20143
-102	4868
-2234	-10139
-1948	4868
-320	7369
-2089	17373
-2655	2367
-1678	-12640
-2133	-12640
1905	-7638
1086	4868
-2167	9870
-1941	2367
-1741	-12640
-1040	14872
-1879	7369
-605	7369
-1001	-12640
1253	-135
1942	7369
-1903	7369
-899	2367
1053	-12640
-1091	4868
-1745	-2636
-2205	7369
-1482	9870
3611	-5137
-1100	2367
-1461	7369
525	-10139
-1651	-135
-1272	4868
3680	-17642
3645	-135
-2565	-17642
-979	-10139
1143	7369
4027	4868
-1569	7369
-1496	-7638
-2190	-5137
-2007	4868
-2164	12371
-1891	-17642
-1725	12371
-716	-22644
-2021	-12640
2009	-10139
-2309	9870
4536	-10139
1647	2367
-1438	2367
626	14872
-101	19874
-1307	4868
1048	-2636
-2313	7369
1894	-10139
-2115	-2636
-1275	-7638
5566	4868
133	4868
-1712	12371
-631	-15141
-2322	9870
2267	-15141
4046	-7638
-1760	7369
1231	9870
17055	4868
-1708	9870
3888	-135
-893	4868
-355	2367
-791	-135
-1869	-7638
-1778	-10139
-1755	-10139
-1936	-135
-2104	4868
-1752	-7638
-1651	4868
8906	4868
-1495	-135
-1875	9870
-899	-10139
-140	-135
-2091	-135
760	7369
-232	-2636
-300	-2636
2215	2367
-710	-5137
7899	4868
2334	-12640
-1867	7369
2526	12371
-1759	-135
-2815	12371
-2012	-5137
2404	-15141
-1740	7369
-2053	4868
16973	-12640
-661	-12640
-1965	-17642
-2248	7369
5328	9870
-2426	9870
-1869	14872
-1444	-7638
-638	2367
-949	-15141
-1477	12371
-1926	9870
-2187	-135
-1827	4868
-2482	7369
1420	17373
-562	-135
-1201	-20143
-2508	-17642
9	2367
-1448	2367
205	-7638
-1722	2367
-1583	-15141
-257	-2636
-1630	9870
-2423	9870
2847	4868
-1520	-7638
-1451	9870
-2529	-7638
-2046	-5137
-2367	2367
-1820	9870
-1946	12371
3958	-7638
-1243	2367
-2086	7369
-88	14872
-1103	4868
8473	-2636
-2254	-5137
-2573	14872
2665	-12640
-2278	7369
-188	-2636
-450	-12640
-595	7369
-670	2367
-1860	-17642
924	9870
-2172	-7638
-1505	-17642
602	4868
-1193	-135
-1447	7369
-1667	-135
4287	-5137
-1313	4868
410	7369
-1915	-7638
-1462	-7638
4537	-7638
-2504	7369
-1694	14872
121	-15141
-2202	-7638
-2116	7369
-1398	-5137
-1907	12371
-1728	17373
-1932	2367
-2270	7369
-1058	9870
-1668	2367
1219	7369
-398	-10139
-1918	-10139
-1177	7369
455	-2636
-877	-12640
-2127	12371
843	9870
-2104	-5137
-1667	-2636
1005	-12640
-1296	4868
-1649	7369
-1323	7369
-1725	7369
-2511	-20143
-37	2367
-145	-12640
-1560	7369
-1969	-7638
1366	4868
2945	4868
-722	-7638
-2321	-20143
-1505	2367
-2390	-135
-1564	14872
-887	-135
-1838	-15141
-688	14872
-2118	2367
-1138	2367
-1632	-7638
-1777	12371
348	-15141
-1528	14872
3816	7369
-2179	-12640
-665	-2636
717	-15141
-2847	12371
-2549	7369
1069	4868
8048	9870
2166	2367
-1925	-7638
-2641	4868
-1804	-10139
6638	-7638
-1201	4868
-11	19874
-2307	12371
-1805	-7638
-1339	-17642
-983	-12640
-1937	9870
38	7369
4096	-15141
-434	17373
-1513	2367
-2034	4868
-2340	-2636
-1873	4868
1769	-135
12291	-17642
-1840	-15141
-1043	4868
-2070	7369
-1925	2367
-2509	12371
-1413	4868
-2395	9870
-1632	-135
-1579	2367
-2434	4868
-1851	12371
-1923	19874
-1436	2367
-1792	19874
-590	7369
-1364	14872
-690	7369
-1506	-17642
1373	4868
-991	-10139
1838	4868
-2058	4868
807	-15141
3322	4868
-2110	2367
5632	14872
335	-5137
1923	12371
-2107	9870
-1518	7369
-1973	-5137
298	4868
-2406	9870
-1766	-10139
-663	9870
708	-2636
2194	-10139
-320	9870
-2339	9870
-1247	7369
1119	-135
1436	12371
-399	-5137
-1530	7369
-1550	-5137
-1678	4868
-1814	14872
-669	4868
1346	4868
-1626	2367
-2296	14872
-2221	2367
-1935	4868
-2273	-17642
-2462	12371
-1963	-17642
179	9870
-1760	-2636
-1512	9870
-1700	-135
-1660	7369
-2101	4868
-1711	14872
-1640	7369
-2153	-7638
-1581	14872
525	4868
-1901	7369
-1880	2367
-2187	4868
-2015	2367
-1718	-5137
-1580	-5137
1372	-15141
2521	7369
-1163	-12640
-1810	9870
-2184	-17642
903	-15141
-1570	-15141
-606	7369
-1998	-15141
-1737	7369
-1938	7369
450	-12640
-103	24876
-1442	-22644
-2572	-5137
-1673	17373
644	9870
-1915	-12640
3567	-25145
-1369	9870
221	2367
-1313	2367
3437	-135
-222	-15141
-985	-135
-1158	9870
-1468	7369
-1481	-12640
-1254	-10139
-1999	-135
-51	12371
9162	-7638
-1758	-2636
-1221	-12640
-2119	4868
-1225	-2636
-2394	-12640
1781	9870
-1339	-10139
-1605	7369
-2038	-2636
-1445	-5137
-1818	-10139
-2921	-10139
-1827	-5137
1332	-2636
-1857	-17642
-1992	-15141
2616	12371
-1964	4868
-1296	7369
-1243	-10139
-1877	2367
-2023	17373
-1461	-7638
-2029	-12640
-321	7369
-1325	7369
-1534	2367
-677	-17642
-1864	-2636
-653	4868
-1911	-135
-1283	9870
-2003	-15141
-2046	-5137
-1659	7369
-1677	-135
-1872	7369
-2162	2367
3140	7369
-868	-7638
-1771	-7638
-2207	9870
4100	9870
-868	7369
-2250	12371
8347	-12640
-1458	-15141
-1884	19874
-578	-2636
914	-135
15403	2367
13482	2367
4658	-12640
-2347	7369
1355	-12640
-1605	2367
4769	4868
-2422	-135
-846	2367
-26	2367
-1902	-7638
5257	9870
-2340	-135
5047	-7638
-1183	19874
-2099	-2636
-2136	9870
1778	2367
1698	4868
-2183	-135
-2248	4868
-1111	2367
9636	7369
-1993	-10139
-2282	7369
3858	9870
5159	2367
-2325	7369
-1734	4868
-1772	7369
-730	14872
-2040	4868
-1775	2367
-1809	12371
3445	2367
-1999	-2636
-1678	-10139
-1803	-15141
-1747	-20143
978	17373
-1683	9870
-1883	-7638
-1711	-2636
-824	-17642
-1534	4868
-1901	14872
-910	-2636
-1147	-135
-1088	-20143
-1881	-135
-180	-12640
-1626	-135
-1720	-7638
-192	4868
-295	4868
75	9870
-2051	-22644
546	9870
5249	4868
382	4868
-1758	4868
-2248	4868
-1164	-10139
-1590	-7638
5079	9870
3614	-5137
-1746	-20143
-1740	-10139
2962	-15141
-1164	-2636
-1355	4868
1300	-20143
-1416	-135
-1594	4868
-2070	-135
-1458	2367
-1520	4868
3593	4868
-1818	2367
8316	14872
-1981	-17642
65	-135
-2138	4868
-2154	9870
-1594	-17642
-1999	-10139
-2481	-10139
-2184	9870
-1840	-135
-2470	12371
-651	-12640
-1084	7369
7215	-27646
-1942	-2636
3624	4868
2038	4868
-1104	4868
3653	12371
7832	7369
-2274	4868
-113	-12640
-285	-7638
-1596	12371
-1707	9870
-1679	-135
-709	-15141
-1524	2367
-2584	9870
843	9870
-762	9870
15304	2367
-1614	-2636
-1743	4868
-2485	7369
-1633	9870
-1757	-10139
-1797	-2636
6044	-12640
-2745	12371
-739	7369
-733	-10139
-2081	-10139
-2109	2367
-2471	2367
-2223	9870
-750	-10139
-1672	9870
3638	4868
299	-15141
-1778	4868
-1778	-10139
-1525	-5137
3335	-12640
1657	-12640
-1437	2367
-1904	2367
-1689	-5137
-1855	9870
-1999	-12640
-1833	-10139
-1811	-25145
-2081	9870
-2301	-10139
-2292	12371
-1754	4868
-940	-12640
-1324	-5137
-2013	-135
-2310	-5137
-1908	9870
-2013	-135
2197	4868
-86	-12640
-1914	7369
60932	4868
-1755	7369
-2045	-17642
-1358	2367
-711	-15141
1371	4868
-2156	2367
-306	4868
718	-5137
7422	-17642
-963	-17642
-1938	-15141
-2246	7369
-2242	-5137
5794	4868
-740	-7638
-909	-20143
-1513	4868
-1884	-7638
-1801	12371
-1436	2367
2326	-135
-497	9870
-2377	-10139
878	-10139
5136	4868
1877	-20143
-1879	2367
795	17373
-1224	-17642
-1183	4868
-1718	7369
835	-7638
1601	2367
-1915	2367
1842	7369
-852	4868
-2137	-7638
-1031	7369
-1305	24876
-2259	-7638
-452	7369
-1984	7369
-1844	9870
-1387	-7638
-2017	-135
-2053	7369
-2545	9870
-2190	-5137
-578	9870
-2457	-7638
-882	9870
-1722	4868
1774	4868
298	12371
-1781	-20143
3076	-12640
208	9870
2672	9870
-2018	7369
-2420	-135
-2154	-10139
1852	9870
-1764	9870
-1908	-10139
-2010	-10139
-1955	-7638
-1949	-15141
-1705	-20143
-183	-17642
-2644	2367
-1952	9870
142	-2636
-1740	-10139
-2241	-135
-2114	2367
-2066	-7638
-1410	14872
-80	-10139
-1592	7369
494	-5137
-1404	14872
8408	7369
-2131	-17642
-1758	9870
1222	-15141
-2401	4868
-1730	-15141
-1443	9870
-2380	-5137
-802	-10139
-1907	4868
-1517	7369
-1967	7369
-432	2367
-2596	-7638
-1845	12371
640	12371
-854	-10139
-1381	7369
-1798	4868
-1728	2367
-237	-135
-1694	-7638
-2961	2367
-1854	-7638
224	9870
-1913	7369
-2188	-7638
5274	7369
-2932	-135
2135	-5137
-1777	-2636
-539	4868
-2047	12371
-1599	-15141
-2190	9870
-1726	17373
6769	-20143
-1540	-12640
-2090	-15141
-1725	2367
5656	-7638
-1911	7369
204	7369
-2396	2367
1269	7369
5123	-7638
1392	4868
1951	19874
-1725	7369
-1219	-7638
-2309	-22644
-1695	4868
-1648	-7638
-1636	-7638
-1671	2367
-1932	4868
-2387	2367
790	-10139
465	12371
3307	4868
-1877	2367
-1499	4868
-2233	-15141
-2652	-2636
-1052	4868
-1015	-22644
-1166	-12640
7926	19874
-1019	7369
-1705	-135
-1862	-17642
-857	14872
-1826	9870
-1263	7369
621	2367
423	-15141
6874	-10139
-646	4868
-384	-7638
-1477	-10139
-1990	4868
622	-5137
1168	-5137
-1929	2367
-1742	-12640
-1356	-135
-2175	12371
-1987	9870
-1827	-7638
-1763	2367
748	-2636
-2479	2367
-2029	9870
-1794	4868
-2118	7369
-2543	2367
-1143	2367
-1335	-135
1557	7369
-1961	-15141
-2579	-5137
-445	9870
2199	4868
13423	-135
17334	-5137
5208	4868
-1250	4868
-1904	-10139
-1305	12371
-1563	-7638
-2204	-10139
635	4868
-1850	-7638
-888	4868
6471	4868
14701	-5137
4361	4868
92	9870
-2156	2367
-1191	4868
5414	-20143
-1009	9870
-2069	4868
-1541	-2636
-1881	7369
-1489	4868
-1906	-10139
1997	4868
-1782	-2636
-2109	7369
-2023	-5137
2349	-10139
-436	-15141
-883	2367
-1778	-17642
3972	-17642
-1296	4868
5450	2367
-1715	-2636
-1599	4868
-929	-7638
2502	2367
-2076	-7638
-1867	9870
-1444	4868
-829	-20143
-2076	-12640
-1414	-135
-977	-20143
-2207	-5137
1329	-15141
5060	12371
4550	12371
171467	12371
57	-135
-2137	4868
-1927	27377
-2132	2367
1137	4868
-1938	2367
-1506	-5137
-2579	-5137
-2143	7369
1477	-7638
764	9870
-2149	-5137
-1667	7369
-1237	7369
-2149	-7638
-2033	-20143
14808	-12640
-1447	-135
-1986	-5137
-1015	-17642
-1266	2367
-2796	-17642
-2120	-15141
-50	-135
-2141	4868
-2397	2367
18068	7369
-1426	2367
-1877	9870
2346	2367
-1886	-7638
-2010	7369
-1755	9870
-2383	7369
-644	2367
1001	-7638
-2009	-5137
-1226	7369
-2041	7369
285	7369
212	4868
-1789	-12640
-1983	-135
-1694	4868
-2362	12371
5764	4868
-1473	7369
-272	4868
-1703	-5137
-2892	14872
-2158	7369
-1846	-5137
-1315	9870
-2015	-10139
-1563	-7638
-1935	7369
-1216	-12640
4451	12371
1366	17373
-1373	4868
-1765	7369
-1667	-7638
-1900	7369
-902	-7638
-526	-12640
133	-17642
2646	14872
1824	2367
-2121	4868
-605	9870
2347	4868
-1530	4868
-1915	-2636
-2023	7369
18577	-17642
-1890	-135
-1539	2367
-1907	-15141
-2245	12371
513	7369
2584	2367
2496	-15141
-111	2367
1405	7369
-1977	9870
4859	-15141
-1843	-7638
1758	4868
886	7369
-1614	2367
-1559	4868
-1718	7369
-1748	-12640
-1063	-12640
-1984	2367
-1724	9870
11316	-5137
-2376	4868
-1864	-10139
-2116	-135
-186	4868
436	7369
-624	7369
-2256	7369
-1677	-2636
-1828	-5137
-1341	9870
-1660	-10139
-1873	-135
-935	-12640
-2011	-17642
-2104	4868
2496	7369
-1663	-20143
450	9870
-1832	-2636
-1418	-10139
-217	-5137
3218	-135
11598	17373
-1935	-17642
3241	17373
-1927	2367
-2064	-15141
-2370	-7638
-63	12371
-2280	-135
-1134	-15141
-1685	-12640
-468	-20143
-2013	14872
7149	-10139
-1496	-2636
-1918	7369
1813	9870
330	7369
-1369	7369
-2066	-12640
1836	-10139
5715	-12640
-740	-5137
-1809	-17642
-2056	17373
3684	-15141
-2066	9870
-1235	2367
-1340	7369
2928	9870
876	-5137
1157	-7638
-1826	2367
5842	-5137
8593	-5137
-1551	19874
1821	4868
-1883	-15141
-1743	2367
-1973	7369
126	-2636
-1344	7369
1314	7369
-1458	2367
-1401	-10139
1208	7369
-2177	-7638
-1639	4868
-1822	-15141
-1947	7369
-2669	9870
-1884	2367
-1834	-135
-1269	-2636
-1541	14872
-2006	-15141
4319	4868
-1510	9870
-1563	2367
-2264	9870
-1777	9870
-1302	4868
-625	4868
-1002	-2636
-1872	-12640
-1770	4868
-2162	-12640
-1873	7369
11624	-17642
6430	-2636
-2069	-12640
-914	9870
4591	-7638
9345	-2636
-2554	7369
-1845	7369
-1614	4868
-2049	-15141
-2311	-135
3759	9870
13261	-10139
4963	7369
-576	2367
-1263	7369
-1768	4868
611	-10139
-1587	4868
-1971	-135
-1508	-12640
-1803	-15141
-927	7369
3366	12371
-1938	2367
-251	-10139
1313	-5137
-785	-17642
2837	7369
-2026	-17642
2273	9870
-434	-135
-1884	-10139
-396	-12640
-1047	2367
-1700	-15141
-944	14872
-1694	9870
-525	-10139
-1786	2367
988	-135
574	19874
-1523	9870
-1919	-15141
955	-2636
-1471	-5137
-1281	14872
554	9870
-518	9870
-713	7369
-869	-10139
-1977	7369
-1942	-135
-1495	-10139
-928	14872
-1897	17373
312	2367
3673	9870
4119	12371
4612	-5137
3109	4868
-1103	9870
1437	-15141
1344	9870
1263	9870
185	4868
-1579	-5137
-536	4868
-2384	9870
-2193	-12640
-1104	4868
-2132	4868
-395	7369
-2081	9870
-2256	9870
-2481	-135
-805	-12640
-1989	2367
-1866	4868
-2027	7369
122	-2636
-1487	-7638
8167	2367
-1918	-10139
-1852	7369
-1494	-5137
-1382	2367
-1714	9870
-2131	-7638
-1063	7369
1649	7369
-1639	-15141
-1609	2367
914	-135
166	4868
-50	-10139
-1703	-15141
-2003	-15141
8978	-135
-1190	2367
13082	-135
4227	9870
-1035	7369
-1089	4868
1224	12371
-1304	-5137
-1672	9870
4625	-12640
-1342	9870
1300	2367
-711	4868
3550	7369
-2451	-135
1717	-12640
7619	-15141
17525	4868
-472	-17642
-1812	-20143
-852	-15141
-2156	-2636
-1571	17373
-2525	7369
2262	9870
-1591	14872
-1364	4868
-1699	12371
8628	-135
-594	-17642
-2005	14872
-1980	-15141
4566	7369
-1837	-5137
6804	-17642
-1227	4868
-2378	9870
-1548	-15141
-2605	4868
2434	7369
-1138	17373
-1487	2367
2537	7369
-1502	14872
-1735	9870
-2059	7369
-2230	-10139
-1801	-12640
-1185	12371
-1556	4868
135	-7638
-685	7369
-1581	4868
243	12371
-1708	-10139
-2276	-10139
-2256	12371
-1272	7369
-2380	2367
6067	7369
-2434	-135
-2131	-10139
-1557	-17642
-1778	-135
-1717	2367
-928	9870
-1726	-20143
-1935	9870
-1982	-7638
-1783	-135
-1567	-12640
8754	-10139
1227	4868
-2001	4868
-1146	2367
-2041	-2636
-2211	7369
2057	12371
-1489	-10139
-2118	4868
-1887	2367
-2124	12371
-1713	-5137
-1005	9870
-1049	-7638
420	-2636
-881	-12640
14666	-15141
-1627	7369
-1531	-5137
-2233	17373
-1599	2367
-645	-10139
-2034	-17642
-1300	-2636
1084	-10139
-462	-2636
-2017	-12640
-1591	-135
-258	-17642
-1529	2367
-1398	9870
1773	9870
-1884	7369
-1791	19874
-1924	-12640
-1677	-5137
-1932	-5137
-1279	-2636
-1765	19874
-1489	17373
-1329	12371
4660	4868
73	17373
-1506	-2636
6771	4868
2009	-12640
574	2367
9365	-17642
-6	9870
-2701	-5137
-694	4868
-1984	-135
-1737	7369
-857	4868
4722	-15141
-1778	14872
-2391	9870
-2706	12371
-1184	-17642
-1328	-17642
-1771	9870
-1183	-22644
503	12371
-2457	-17642
4683	7369
-1766	12371
-1763	-5137
-1060	4868
-2360	-15141
-1797	4868
-1772	4868
-2275	9870
-1380	-10139
-1186	-135
1543	-7638
1235	-135
-2557	4868
-2895	-7638
-696	-15141
-1839	-2636
-1892	-7638
-2222	7369
-358	-12640
-476	7369
-1717	7369
-1202	2367
-2102	7369
-1586	-15141
-1673	4868
-2096	12371
-343	-15141
1413	-135
-1143	-5137
5095	2367
-694	-12640
-1397	-12640
-1590	-135
-455	-135
-1621	-7638
-1615	7369
-2222	9870
-1197	12371
-1054	7369
12929	9870
-1864	4868
-280	-135
-1501	-10139
-2027	12371
-1781	7369
-1734	4868
-1637	4868
1626	-22644
-2231	9870
1836	2367
-2348	-12640
-1007	9870
-1044	-7638
-1014	-20143
6956	4868
259	-7638
-1972	7369
11833	-7638
-1533	-12640
-1651	-15141
-1860	-10139
-2207	-17642
-1476	-10139
-881	-20143
-2345	4868
453	7369
-470	-12640
-94	7369
-1931	-7638
-1602	-135
612	4868
-1168	4868
-536	-5137
5341	9870
1108	-135
-1990	-5137
-1846	-7638
-1938	4868
-910	17373
683	7369
-2171	-12640
-2022	12371
3201	4868
-1581	7369
-2178	-135
-1702	4868
-1089	-12640
3900	-22644
-2406	-20143
-1600	-7638
-1049	12371
182	4868
-406	-5137
-902	2367
-264	-10139
-975	4868
-1677	9870
-2522	17373
-1352	-7638
3475	-2636
1237	-15141
-2337	-2636
3616	-135
-882	-2636
3409	7369
-2102	-15141
-1843	12371
803	7369
-1812	-7638
-1883	2367
-2261	2367
-1070	7369
-286	9870
4946	2367
2416	7369
-1993	2367
-905	4868
-1816	2367
-1661	-10139
-893	17373
-1587	12371
-1588	-17642
3299	2367
-1794	7369
-2016	7369
-2584	-5137
-1613	-17642
3803	-5137
-1287	-135
-1639	-10139
425	9870
5072	2367
-1771	14872
-1918	2367
-1701	2367
-2095	-7638
-2394	9870
2348	4868
7456	2367
-1697	9870
-1838	14872
-1989	9870
13	4868
-1386	-7638
6151	17373
-1614	12371
-1306	-5137
-2590	2367
-1823	7369
-1622	4868
-2482	12371
-1964	-135
259	-2636
-1954	7369
-1319	-15141
134	-135
5208	-135
-543	7369
-1581	9870
-2833	9870
10632	-7638
-2198	14872
-1887	4868
3522	2367
-903	-10139
-2130	-25145
-1433	-12640
-1730	4868
-2403	7369
-2035	-15141
-1946	-10139
1306	4868
-1846	7369
671	7369
-2012	-135
-1484	4868
-2481	14872
2258	-135
-1921	4868
-1745	7369
-1437	7369
-2126	-20143
-1035	4868
-2030	7369
-2154	-7638
2031	7369
-1420	-7638
-1805	12371
-2081	4868
-2223	12371
-1650	-7638
-1316	-15141
-2098	-15141
-1789	-5137
-1774	-2636
-1456	-12640
-1957	2367
-1603	4868
-1982	7369
-2252	-135
-1858	-2636
82	14872
770	4868
-2052	-12640
-2171	7369
2484	-7638
1906	-12640
-1323	-7638
-1792	4868
-2401	17373
-1764	-7638
-1613	-2636
-2296	4868
-1789	4868
4137	12371
-1827	4868
16334	2367
-1719	2367
-2279	9870
-2361	4868
-767	7369
18785	12371
719	12371
-1798	-135
2440	4868
-2011	-7638
-1975	-20143
-1829	9870
-2252	7369
-1344	9870
960	2367
-784	2367
-1485	-135
-1878	-135
3241	-5137
1429	-5137
-1798	-2636
-1895	-7638
1755	12371
6255	9870
-1614	-10139
-2159	12371
-1719	-10139
2781	4868
-1715	-22644
-2051	7369
-727	14872
-2023	4868
4221	2367
-154	7369
-611	2367
-956	-7638
-2043	-10139
-1342	2367
-467	-12640
-2241	-10139
-1717	-135
-819	-2636
-2527	-17642
-2124	17373
-2125	-7638
5719	-17642
-2084	9870
-2250	7369
-2112	4868
732	-15141
-1409	-7638
-967	4868
-2199	-12640
-1671	-15141
-1677	7369
1279	-15141
-888	-2636
-1600	-15141
-1563	-20143
-2320	2367
-1686	4868
-1759	9870
-2064	-135
-1293	-7638
-1567	-2636
-292	-135
17012	9870
-1547	9870
-1375	-15141
421	7369
-1571	9870
-1078	-2636
-1478	-10139
2719	4868
-1661	2367
-1957	14872
-2144	12371
10	-15141
-1924	-15141
-1593	17373
-1306	12371
-1315	-10139
-1806	2367
-1606	-10139
-1863	-22644
-281	12371
399	-7638
-2240	-135
133	2367
-1505	7369
-1505	-17642
3267	7369
-2141	-5137
-485	2367
-2062	-2636
-2665	4868
-2074	9870
-1921	2367
-1746	-20143
-1752	2367
3298	2367
1584	4868
12831	7369
2756	-10139
-34	-20143
6844	9870
-2302	7369
-1897	7369
-1418	-2636
-1820	-2636
252	7369
340	7369
-1984	-12640
-1388	-22644
642	2367
-1672	4868
-1826	9870
-1342	-12640
-2373	-135
-799	-10139
-1121	7369
-1805	4868
-1996	-2636
3957	-2636
7069	17373
-1880	2367
-2113	14872
-1610	-15141
8	17373
3	-12640
-2678	14872
-1775	-12640
-2207	2367
-1464	-12640
-1349	7369
1659	-10139
625	-7638
-2475	7369
-2601	12371
-1183	12371
2971	-5137
-1177	4868
-1742	14872
-1244	2367
-2165	2367
-2844	4868
-361	-12640
-2217	9870
2999	-2636
-1723	-15141
-593	7369
-1379	4868
-2247	4868
1787	4868
204	9870
1196	12371
-1695	-2636
-1914	2367
5851	7369
-272	-10139
2084	-7638
-1333	17373
-1369	-12640
-1496	17373
-1689	12371
-1493	-5137
-120	9870
-1844	17373
-1459	4868
-2055	-2636
-1187	9870
9003	-12640
-2127	9870
-3045	12371
-2394	7369
-2040	4868
-834	12371
3687	-12640
-119	19874
-783	-5137
-2230	4868
-1797	-135
-2066	7369
-1913	4868
1779	-2636
-1808	2367
-1864	7369
1316	-135
-1975	17373
-2245	7369
-1904	-10139
-2089	-10139
-1239	12371
3414	-15141
-194	9870
-1755	-17642
2336	-17642
2038	-15141
-2024	2367
-1714	17373
-1719	-15141
-1732	2367
-1823	7369
58	12371
-1395	-10139
-2058	-15141
-2269	-10139
1741	2367
-1562	7369
-42	4868
1998	-22644
2071	7369
-182	12371
-468	4868
-2325	2367
5620	2367
-20	-12640
-1954	-7638
-1530	-7638
-968	9870
-1804	7369
-1055	9870
-1745	7369
17785	12371
-1330	-135
-1915	7369
556	9870
6434	2367
552	2367
-2395	-15141
-1621	14872
-1973	-135
-1258	-7638
-1965	-135
-1626	9870
-2330	-15141
-2294	2367
1018	2367
-71	-2636
175	-135
-1577	-15141
-1301	2367
-469	-5137
-469	7369
-2389	4868
-2630	9870
2890	4868
-1778	-7638
-160	4868
-1835	-12640
-2342	2367
-2236	-10139
-394	9870
-2390	7369
-1930	-7638
17638	-17642
-1929	-2636
-2445	12371
4831	-2636
1485	7369
-1931	7369
1050	4868
231	-10139
-2343	-12640
-1890	12371
-2073	7369
-1507	2367
-1875	9870
-231	9870
-69	4868
1763	-17642
-1585	-2636
-1531	-135
-1936	7369
3484	-2636
3125	4868
6859	9870
-1720	-7638
-1705	2367
4709	4868
55	-15141
-1921	7369
-1804	-17642
-1628	7369
-1223	9870
-2045	12371
-1826	14872
-641	7369
-1244	-15141
-387	7369
-2012	-2636
-1929	12371
-1425	12371
-2188	14872
-1891	-5137
4827	2367
-2198	-12640
-2250	9870
-2183	-135
-2278	-2636
-2430	-12640
-60	-25145
-1846	7369
-2101	7369
-2434	-15141
1786	7369
4338	-7638
-877	-15141
-1570	2367
579	2367
-1390	4868
-1783	-5137
-2388	7369
-572	9870
-2041	4868
-1754	4868
-1277	-15141
-1873	12371
-1826	-2636
-659	-135
306	7369
-2219	-135
-2149	-17642
-1603	4868
83	-5137
-168	-15141
8588	-5137
-1346	-12640
5993	7369
-1683	7369
4619	4868
417	-15141
-2550	-15141
-2126	-2636
-1378	2367
-2112	4868
-2338	-12640
-2223	-2636
-2183	7369
-2026	-10139
-1580	7369
-2138	-15141
2401	12371
1942	-12640
-1856	2367
-2141	-12640
-793	-135
-1118	-5137
-1683	14872
-1668	-12640
-1701	7369
3799	4868
-1978	7369
2696	-135
3443	9870
-1613	2367
-1671	4868
1127	-2636
-1597	-5137
753	-10139
-1563	-22644
-1903	4868
726	-12640
33	7369
1137	14872
16495	2367
-154	9870
-1255	-12640
2143	-12640
-785	12371
-2145	12371
-796	4868
-1737	-10139
-2143	14872
-1355	4868
2896	-135
-1460	22375
-1564	4868
5122	-5137
1585	-135
-1200	4868
-378	14872
12970	-7638
-1573	-15141
-2316	4868
-740	4868
-1606	7369
-1324	9870
-2361	17373
-1614	-135
-2017	-5137
-1680	-15141
-2637	-5137
-1321	4868
-1639	12371
-1840	-20143
-1831	-17642
2057	-15141
-2661	4868
-1837	9870
-1318	-2636
782	9870
-846	-5137
5914	12371
-2499	9870
1614	-10139
-1940	12371
-868	-22644
-2273	7369
856	-2636
-2053	2367
-2023	7369
138	-17642
4982	-22644
4588	9870
524	-2636
-445	9870
-1856	2367
3924	-12640
-1265	-22644
-2729	2367
2077	-5137
2248	-7638
-2783	9870
-1774	17373
-2175	9870
-1374	-135
-2097	-2636
-2069	-15141
864	4868
-284	4868
2847	-5137
-1453	7369
-1564	-17642
-1155	14872
-1677	-135
-1437	9870
-1294	-2636
-2136	-17642
1173	-15141
-846	-20143
-2044	7369
1904	12371
-2377	4868
-2366	-135
-782	-15141
1492	-2636
2569	-17642
-1369	4868
-1967	9870
-192	-17642
-1634	2367
-1788	-135
-1582	9870
-1059	-10139
-1897	2367
915	-10139
2033	9870
6629	9870
-2388	24876
-2319	4868
159	-7638
1961	-15141
-1546	12371
-1223	17373
3202	-7638
-90	22375
-1776	9870
-1195	2367
-51	-2636
-1367	-2636
-2631	-5137
-2377	-10139
-2460	7369
284	7369
-1839	4868
-2431	-10139
14899	-135
-1794	-2636
-1820	-12640
-2056	-135
-1897	-12640
-2350	-17642
-1451	12371
-1798	-5137
-1573	-7638
-1711	9870
-1501	14872
-1347	-17642
2781	7369
-2078	-15141
388	2367
-2334	14872
-371	9870
-1883	4868
2807	-5137
-2326	2367
-2290	7369
-1709	-5137
-2458	7369
-1321	-135
-1305	-10139
799	2367
-2028	12371
1292	-17642
-1986	2367
-2528	4868
-273	4868
-1340	-10139
-1699	-20143
-1947	-15141
-1762	-7638
523	-7638
-1290	-5137
-1263	2367
-1792	9870
-1269	-10139
3324	-5137
-644	-10139
3642	-10139
-573	-5137
-2017	2367
-1839	9870
-971	-7638
1042	-5137
2068	17373
2531	9870
-507	4868
-851	9870
-1052	-15141
-1493	2367
-1723	7369
-985	12371
2837	9870
-1467	-10139
-2132	-10139
-679	2367
-1686	-10139
-562	7369
-1828	-15141
-1461	2367
-1954	-2636
-1124	-17642
-800	4868
-1576	-135
-740	-135
-1305	2367
1738	7369
-1706	-10139
145	-135
-1762	-12640
-2106	2367
-556	14872
-2704	4868
919	-2636
-728	7369
-2548	12371
-1392	-20143
-185	2367
-1076	-135
-1948	-5137
-203	-15141
-1856	2367
-2081	-10139
12614	7369
-2399	-10139
10095	9870
-2410	-135
247	2367
-1031	12371
-1878	2367
-1766	19874
-2038	9870
-1908	-10139
658	4868
-1740	7369
-1448	-7638
-2643	9870
-1413	-12640
5798	-5137
-1223	-135
-2145	-12640
-2062	-15141
-1634	-17642
304	-10139
-1760	4868
-2433	-135
-2365	2367
-799	2367
-1472	2367
-1236	2367
-1880	-12640
-1123	-15141
-1349	9870
-2011	-15141
23	-7638
-835	4868
-2028	-7638
-2132	7369
-1774	7369
-1891	-7638
12503	4868
-1380	4868
340	4868
-1901	-2636
3966	12371
12377	14872
-214	2367
-1064	9870
-1588	14872
-2051	-135
4800	-7638
1464	-15141
1053	-10139
-2231	-2636
-2121	-135
-653	7369
-1540	-135
-2074	-5137
-2144	14872
-1484	4868
-1644	4868
-1839	9870
-1441	-10139
921	9870
-684	9870
-1352	-5137
-600	4868
-1288	-15141
-422	-10139
-1940	-12640
-1755	4868
4827	7369
-1967	-2636
-1468	-17642
-2030	-15141
-1860	-10139
4577	-7638
-1737	17373
-1586	-7638
-2247	-12640
-2182	-135
-1792	-5137
-2204	7369
-2133	9870
-2229	-5137
-1927	-135
-1839	-17642
-1571	2367
-1995	-15141
-1764	-5137
-2017	7369
-1398	-135
-2371	9870
-1953	-2636
-2397	4868
7078	7369
-1875	-20143
-1937	4868
-1065	-5137
-2246	7369
126	4868
-401	-135
-1437	12371
-1871	-7638
559	4868
-1270	7369
-1643	4868
-731	2367
-1657	4868
6235	4868
-600	-10139
20	-15141
10680	-15141
1462	-5137
-2087	-2636
-1912	-7638
1012	-12640
27	-22644
