-6776	1
-11424	0
11114	1
6135	1
14589	1
10029	1
-14166	0
3666	0
3636	0
-14333	1
-1869	0
12513	0
13298	1
4612	1
7963	1
-13925	1
-1221	1
-151	1
-6880	0
-14288	1
-3499	0
14997	0
-13812	1
16758	1
-13808	0
-5227	0
15461	1
-13953	0
16592	0
653	0
-9763	1
3868	0
-12603	1
7844	1
11051	0
9077	1
13513	1
2404	1
-2530	0
1229	0
10960	0
16675	1
10725	1
-10764	1
1496	1
-5989	0
16475	1
-11237	0
1449	0
5027	0
-9176	0
-6400	0
-10467	0
41	0
13794	1
16075	0
-1745	1
-8018	0
3196	1
-11411	0
-6245	0
1453	0
12576	0
-12954	1
4346	1
13693	0
-3659	0
15746	1
7997	1
11886	1
15124	0
-8012	0
-10472	0
-561	1
14437	1
-7303	0
-8304	1
850	1
-10898	0
12660	0
7758	1
2744	0
-8898	0
-4915	1
-14178	0
16575	0
12116	1
9313	0
-138	1
-12816	0
-1828	1
-2723	1
-11696	1
14247	1
-1364	0
5324	0
13773	0
-1970	0
-509	1
14670	1
13381	0
13629	0
16834	1
10800	1
8134	1
-9737	0
6628	0
12212	0
-13356	1
720	0
-8672	0
-7473	0
-13369	0
-10940	1
-7599	0
-746	0
4158	1
-278	1
-10683	0
3386	1
3220	1
-5559	0
1317	1
-11935	0
16348	0
-13853	1
16939	0
13525	0
-14277	1
-14130	0
4411	0
6201	1
11476	1
-14272	1
9244	1
-14243	0
-5785	0
1050	0
16288	1
11910	1
-9877	0
16908	0
-3866	1
-10357	0
-5134	1
11030	0
-13199	1
9433	1
-14035	0
-5325	0
-7850	1
-10976	1
13830	0
-2098	0
2334	0
-14312	0
1195	0
3011	0
-9863	0
-12355	1
-4990	0
3217	0
-4015	0
-14337	1
16620	0
2486	1
-13861	0
10110	0
15820	0
11587	1
-3986	0
5122	1
-2584	0
-2600	1
13209	1
10189	1
15186	1
-12671	0
16599	1
5278	0
2767	1
6991	0
10797	1
-13755	0
1690	1
3274	0
-7478	0
739	1
-2276	0
-5897	1
2243	1
-11322	1
4212	0
5393	0
10625	0
13956	1
16822	1
13046	1
3384	1
-10644	1
12934	0
-12160	1
11076	1
6063	1
7532	1
6963	0
7982	1
5919	1
16123	1
15819	1
-13257	0
-214	1
-13442	0
474	0
-8038	1
-10109	0
-13976	1
-12836	0
7083	0
-5263	0
7098	0
13044	1
-2010	0
-10748	0
8126	1
-14240	1
-7743	0
14437	1
-3453	0
-11022	1
-7655	1
10170	1
-10133	0
-4140	0
6473	0
-12930	1
16284	0
-6226	0
15355	1
-13233	0
-1013	0
-12305	0
-3553	0
9973	0
12589	0
4755	0
-14136	0
10885	1
-8188	0
16096	0
10403	0
-7320	1
7233	1
-9256	1
-3879	1
-3525	1
-3684	0
4735	0
10401	1
-9923	0
9272	1
-9231	0
9308	0
12546	1
-14302	0
-4648	0
2256	0
-4966	0
-14225	0
16591	1
7420	1
-14352	0
-14304	1
693	1
-2787	1
-4997	1
-27	0
-10924	1
-5194	0
14577	1
16816	1
-3209	1
-13202	1
9984	0
16548	0
-4691	0
12716	1
1346	1
-3456	0
-8012	1
6695	1
-8449	0
9545	1
-6410	0
2630	0
-2935	0
-9868	1
-5074	1
-11585	0
6	0
-9843	1
-13593	1
-2376	0
-12588	1
4417	0
9458	0
15732	0
9237	1
-14042	1
-14298	1
6762	0
14813	1
-4045	1
-11583	0
-5400	1
-414	0
4246	1
-14227	1
-13547	0
-665	1
7521	0
3600	1
-1675	0
-6972	1
2322	0
14542	1
-11581	0
-14077	1
-8209	0
-10713	1
6467	1
10889	0
-5021	1
4952	0
15860	1
13887	1
-11588	0
-13583	0
3361	0
-12886	0
-5908	0
11768	1
12710	1
3217	0
-13612	0
-3077	1
-12528	1
435	1
16671	0
14478	1
-10410	0
-5123	1
-12686	0
9213	0
14315	1
-471	0
-2399	1
14715	0
-2233	0
-936	1
-1406	0
4747	1
-13649	0
-3297	1
12166	1
12442	1
-4823	1
-11430	0
-9731	1
-4524	0
-2020	0
15073	0
-546	1
14352	1
-7633	1
-7361	0
16835	1
1967	0
-2392	1
3496	1
-12989	0
13864	1
-12412	0
-1982	1
2700	1
-14101	0
-13057	0
14102	1
16485	0
-14065	0
-2099	0
-13978	1
14694	0
-14341	0
8058	1
-2263	0
-11957	1
-6739	0
14939	1
-7794	1
15481	1
-14339	1
-4207	1
-8568	1
-2119	1
1920	1
12583	1
-13899	1
4626	0
15232	1
14741	1
10256	1
3188	1
3102	0
-14348	1
1313	0
-10866	0
-10319	0
-9954	0
-2007	0
-7515	0
-5194	0
-3581	1
-13108	1
5704	1
-14192	1
14015	1
15766	0
-4004	1
-11976	1
-7462	0
14502	0
799	1
15801	0
-3063	0
-11462	0
4085	0
16418	1
-14034	1
-6673	1
-7994	1
-13344	0
-3083	1
-5407	0
-12361	0
-12859	0
7820	0
-8604	1
15867	1
11963	1
4247	1
10811	1
12993	0
13891	1
15240	0
-7944	0
-2499	0
-9082	0
-1185	1
-209	0
6480	1
16667	0
-7893	0
-5747	1
-1758	1
-4706	0
-14349	1
6319	1
-929	1
1502	1
11161	1
-9561	0
-2298	0
-11898	1
934	1
60	0
3945	0
-7990	0
-5874	1
12233	1
1698	0
16158	1
-12899	1
-12527	0
-12579	1
-5267	1
15407	0
3492	0
1947	0
4157	0
-8100	1
-1446	0
4820	1
-4133	0
16910	1
-665	0
227	0
-13575	1
13380	0
4098	1
4194	0
13975	1
12779	0
-9375	0
-5080	0
7792	1
-12537	1
-7365	0
-5737	0
5152	0
-14327	1
-5807	0
96	0
16455	1
2507	0
14446	1
-14352	1
-6233	0
-2390	0
11996	1
9859	0
2303	0
12698	0
-13578	0
-8790	0
16917	1
-14023	1
-13927	1
-5118	1
12432	0
-5483	0
-14005	1
-8458	0
-7471	0
1690	1
16944	1
9380	1
717	1
-13625	0
7805	0
-13113	0
-1443	1
-8497	0
5633	0
-7036	1
6796	1
6960	0
7618	0
-14150	0
-7778	1
-7776	0
-13659	1
2085	1
-13612	1
9454	1
7072	1
16920	1
10487	1
16904	1
-13124	1
-12393	0
13016	0
-1150	0
-141	1
6910	0
9908	1
14782	1
6291	1
-3296	0
-12910	0
-361	1
-623	0
767	1
-8735	0
10724	1
7231	0
16453	0
-9521	1
-5461	1
11546	0
13854	1
-3480	1
8582	0
9217	1
3083	1
-13908	1
-3204	0
3793	0
1876	1
-6033	1
9258	0
8781	0
15049	1
12698	0
-14007	0
11306	0
9577	1
11138	1
-13811	1
-14244	1
15052	0
10505	1
14672	0
-6136	1
-13412	1
3512	1
835	1
-4288	0
3792	0
-5944	1
-14322	1
16916	1
7039	1
-13878	1
3579	0
10315	1
-13395	1
13308	0
5040	0
-8010	0
5794	0
-12442	0
1154	0
-14111	1
-12782	1
10923	1
-7187	0
14259	1
3755	0
-4233	0
-200	0
-13576	1
-13816	1
-427	1
-11185	1
-14346	0
-3526	0
9406	1
-2049	0
-6051	0
-11713	1
8661	0
-7809	1
6891	0
-11706	0
-8928	0
5674	1
9804	0
-12077	0
-8171	0
11861	0
-13608	1
-12845	0
13973	0
1119	0
14126	0
660	0
13854	0
3841	1
16937	1
-13637	1
10000	1
-5943	1
7581	1
-7368	0
-13921	1
11562	0
-1132	0
15691	1
1194	0
-10699	0
5346	1
-13272	1
16010	0
-8716	1
909	1
3288	0
12841	1
-4552	0
13632	0
-13857	1
12763	0
-11639	1
83	0
3284	1
9935	0
9731	1
3280	0
16712	0
-8997	1
4014	0
-14294	0
4539	1
2536	0
-12263	1
14041	0
-14123	0
-12998	1
-966	1
-2824	1
5501	1
13829	0
-10581	0
12253	1
16943	1
-7024	0
14657	1
-5618	1
16820	0
12679	0
2926	1
-12735	0
9670	0
16922	1
5419	0
-665	0
3347	0
16945	0
4014	0
-12630	0
-9397	0
13972	1
14927	1
997	1
12337	1
-14169	0
13151	1
-1902	0
12549	1
-13921	0
10981	1
58	0
14806	0
-10117	0
-9863	0
-14169	0
5573	1
15393	1
-8471	0
-14171	0
12687	1
-13234	1
16297	0
-6472	1
557	1
-1847	0
-4336	1
9078	1
-13160	0
15796	1
-2905	1
-11967	1
-14345	1
3287	1
14102	0
-14021	0
-10488	0
-12008	1
10305	0
7073	1
812	0
-11375	0
-14337	1
14262	1
16940	1
-6818	1
-841	0
3912	0
7800	0
1394	1
6972	0
-7308	0
-13030	0
12445	0
-1637	0
16936	1
9774	1
3609	0
-1728	1
6109	1
16922	1
5817	0
12302	1
9771	1
-14108	1
13044	0
-824	0
12402	1
-3096	0
9151	1
15263	1
755	1
-11605	0
7934	0
12387	1
15407	1
69	1
-12673	0
-13938	1
16154	1
-300	0
-9498	1
-12007	1
-13562	0
-4695	1
9509	0
3843	1
-11299	0
-4674	1
15169	1
14515	1
16765	1
376	1
3984	0
-9004	0
1605	1
1488	0
-13726	1
15853	1
-13209	1
9837	1
13970	0
-14183	1
-5031	0
-8661	0
-10483	1
6814	0
15883	1
-12608	1
16035	1
9010	0
497	0
-13168	0
10720	1
-9255	0
-6526	1
3755	1
12129	1
-2177	0
868	0
-9913	1
6400	1
9012	0
-7808	0
-7964	1
-3890	0
-14292	1
11210	1
-9140	0
-1587	0
-14031	0
3063	0
10636	0
7482	1
-2279	0
-2336	0
-3736	1
-13001	0
-4075	0
122	0
-9716	1
-2801	0
-14346	0
-1801	0
-11947	1
-13493	1
6107	1
-3991	0
-1760	0
6874	0
11019	1
10429	1
16138	0
3964	0
12249	1
-7118	1
16795	1
-14327	1
6234	0
-6045	0
13482	0
1710	0
13716	0
-10060	1
-14331	0
1931	1
-143	0
5748	1
-12502	1
16924	0
7571	1
15704	0
-14090	0
-1893	0
-4647	1
11568	1
-12274	0
3163	1
13190	1
-8845	0
-4249	1
-12405	1
606	0
-14351	1
-1711	1
11633	0
5836	0
-9078	0
-667	0
5509	1
-9561	0
-10238	1
4320	0
6456	0
16943	1
16911	1
-12408	0
6380	0
14416	1
-13813	0
10112	0
-443	0
-13959	1
-8114	1
13164	1
-7677	0
4631	0
-12888	1
1989	1
-8452	1
-10437	1
13958	1
10044	0
-1087	0
-1904	1
-11161	1
-6181	0
6535	0
-7737	0
-460	0
-4770	0
16813	1
6598	0
5972	1
-7186	0
-13562	0
4507	0
858	0
425	1
2328	1
-9650	1
16939	0
2890	0
-13916	1
10709	1
-4301	0
-7283	0
-5371	0
-9206	0
-9774	0
4264	1
14181	0
-3949	1
15748	1
15459	1
-2056	0
814	1
16795	1
-2657	0
-9453	0
-3185	1
4473	1
-1519	1
13414	1
11168	1
16396	0
7107	1
5731	1
8035	1
-8441	1
10903	1
-9830	0
-13907	0
-12406	1
9381	0
14743	1
-521	0
-5817	1
16407	1
-5799	0
5412	1
-2254	0
10578	1
15480	1
7157	1
16517	0
-11413	0
14402	0
837	0
12035	1
1227	1
-5052	1
-9917	1
-9648	0
-1367	1
11186	1
-4597	0
-5540	0
11441	1
7500	1
-412	1
-12509	1
-13258	1
15328	0
-4701	0
13980	1
-5151	0
-8947	0
-10583	1
1672	1
16807	0
16359	0
4	0
-9183	0
7194	0
-4737	1
-6789	0
16264	0
-10301	0
-7786	0
5848	0
-9686	1
10054	1
-10074	1
7292	1
-9866	0
6656	1
-14015	1
-8570	0
9921	1
13481	1
5172	1
337	1
-733	0
-9211	1
-14223	0
-7693	0
-5663	0
-4556	0
-4558	0
-13610	1
-14340	0
6528	1
6526	0
-12262	1
16747	0
2853	1
-14170	0
-3151	0
-11544	1
-9655	1
-13590	1
-7569	1
361	0
-11564	0
-10478	1
-3305	0
3844	0
2884	1
-8431	0
15578	1
1608	1
12825	1
1037	1
6157	1
3629	1
1728	0
5352	0
14621	1
-4166	1
-2161	1
-13919	1
-1653	0
16894	1
1294	0
-13629	1
14237	1
13960	1
-4325	1
5286	1
-11445	1
-13992	0
-10539	1
1276	1
-6562	1
-13433	0
-8476	0
-14266	0
-10851	1
-7664	0
-10121	0
-2622	0
-10023	0
-2632	0
1667	0
10444	1
-6192	0
13820	1
-14336	0
11493	0
-1544	1
12574	1
5261	1
-6746	0
15353	1
-5649	1
-11024	1
-14192	1
-11436	1
-5763	1
-6605	1
-13468	0
13825	0
4569	1
-1514	1
4397	1
10734	1
2564	0
2681	0
-2136	0
13010	1
-5737	1
-5943	0
11026	0
-2301	0
-14053	1
-13540	1
-14165	1
10860	0
3543	0
8832	0
-10189	0
11744	1
16636	1
-10480	1
2829	1
-8417	0
11588	0
3027	0
4746	0
9091	1
1917	0
16921	1
11903	0
-7402	0
7411	0
16660	1
10796	1
16295	0
2039	1
-3750	1
5265	0
-6964	1
7869	0
2512	0
13	0
11695	0
2226	0
11832	1
-9087	0
1428	0
-12859	0
-6685	1
-12742	0
4709	0
15070	1
686	0
-14321	0
16512	1
-13567	0
-14114	1
3690	1
16747	1
-14347	0
-9379	1
11398	1
8632	0
14283	1
13570	0
5266	1
3408	0
-4471	1
-8720	1
16888	0
-11	1
11125	0
-13831	1
13388	1
855	0
9437	1
-14136	1
16034	1
14097	1
-3797	1
-13364	0
13106	0
-7356	0
13272	1
-7543	1
5573	0
16833	1
-9316	0
-12424	0
9416	1
16372	1
7721	0
15876	0
4211	0
-13557	1
13117	1
-9899	0
-6728	0
16063	0
16161	1
2358	0
16824	1
-1591	1
-3710	0
13082	1
-2632	1
-8512	0
-4400	1
-11456	0
14370	1
-9926	0
4673	0
-7962	0
13796	1
3251	1
-12374	1
-14059	0
-10800	1
1541	1
-14338	1
-14198	1
2075	0
-10652	1
-472	0
15128	0
12399	0
3315	0
-4112	1
-14344	1
6471	1
-1867	0
-7079	0
2250	1
-8742	1
-10040	0
4329	1
-11949	0
-10112	1
-728	1
-9545	0
-9901	1
15250	0
15236	1
14251	1
-14074	1
-12775	1
-2043	1
-9588	1
3092	0
-8519	1
8705	0
6882	0
-14292	0
-13953	1
8498	1
-13049	0
-11590	1
16445	1
16854	1
-2190	0
14983	1
2085	0
-10322	1
2474	0
15283	1
8331	1
-14352	1
-3306	0
14034	1
-6523	0
-10489	1
-8011	1
-13426	1
16625	0
-6432	0
5314	1
3465	1
-6155	0
-12812	0
-6250	0
8781	1
3528	0
-12751	1
-13301	1
-11071	1
-8757	0
-8848	1
337	1
-5412	0
-14254	1
7303	1
-258	1
-10330	0
-7964	1
13475	1
5855	1
16639	0
6688	1
-12208	1
-4008	1
-13799	0
-6732	1
-7460	0
15862	1
15257	1
14167	1
-6000	1
-8078	0
-14108	0
5996	0
13896	1
1634	1
-8938	0
-9744	1
13165	0
5311	1
-11546	0
-9601	0
15137	1
-12673	1
-3634	0
12803	1
-10419	1
12016	1
3587	0
-2054	1
-13159	0
10982	1
-14279	1
-14276	1
16936	1
-10897	0
-2283	1
2367	1
10797	1
-12617	1
-6407	1
3627	0
14483	1
11653	1
8217	1
-6925	1
7946	1
15679	0
12468	0
6796	0
10098	1
-8127	0
16891	0
-2637	1
5151	1
12850	1
-12541	0
-12597	0
-8594	0
16111	1
6631	0
-6774	1
-5752	1
-7041	0
-13951	0
1237	1
-12119	1
-9152	0
-9006	1
3370	0
13336	0
16903	1
16769	1
13997	1
14813	0
-13938	1
2369	1
-13275	0
783	0
-4890	0
-13696	0
15685	1
-11888	0
9761	0
2892	0
2616	0
-9616	0
14450	1
6141	1
2994	0
5382	1
13117	0
-13751	1
8436	0
-9303	1
-14226	1
-9940	0
11733	1
2854	0
-11226	1
-8192	0
-4414	1
-3023	1
15647	1
-8057	0
-7402	1
9419	0
-10588	1
11401	1
-9950	0
7112	1
-5113	0
-12486	1
-775	1
-11585	1
9248	1
1324	0
-8432	0
-13346	1
3746	1
7949	0
-11436	0
9682	1
-10608	1
-9938	0
-7840	1
16336	0
16652	0
-9441	0
-10304	0
-2849	1
10723	1
16862	1
-3386	0
-6564	1
-3444	1
1366	1
1972	0
-14313	1
-12254	1
2701	0
-6288	0
-10065	0
-7534	1
-2936	0
2628	1
-2418	0
15602	1
-10805	1
-12991	0
15973	0
603	0
-9015	0
-5103	1
2210	0
16821	0
12953	1
3763	0
16459	1
-8357	0
13263	1
7805	0
-6492	0
93	0
-14342	1
16922	1
-13356	1
840	1
-8861	0
-13137	1
4152	1
-6500	0
9065	0
-11363	1
-14263	1
12228	1
3341	0
7498	1
417	0
-10802	1
9480	0
16932	1
-6696	1
-593	0
-7232	0
-9623	0
4718	0
-13958	1
-12238	0
15529	1
6034	0
-13606	0
13918	1
-2575	1
6139	1
-8243	1
15715	1
-6496	0
8840	0
10723	1
-10832	0
-11840	0
-14091	0
12159	0
-6871	1
2394	1
-14078	0
5321	0
9526	0
9264	0
1360	1
12826	0
14631	1
-673	1
-10754	1
-13858	0
-5038	0
341	1
9908	1
15146	0
9369	0
10939	0
-2747	0
6331	1
-12729	0
1071	0
-1755	1
15671	1
4881	1
-6408	0
-14353	1
-11517	1
-11977	0
-13878	1
15224	0
-9526	1
11032	0
-13226	0
-10563	0
11002	0
-6674	0
12139	1
-13276	1
5741	0
15901	0
9526	1
14643	0
-3626	0
-55	1
-102	1
-7664	1
-3374	0
-5212	1
-3173	1
2199	0
-743	0
7277	1
-5464	0
-4673	0
-440	0
-1184	1
-13671	1
-8024	0
16597	1
3754	1
-13610	1
13755	1
-1684	1
3654	1
-55	1
8382	0
-12970	0
-1917	1
10828	1
-7736	1
-8256	0
15972	0
3021	1
10614	0
-9877	0
-5549	0
-14248	0
13686	0
-11249	1
-13935	1
-1040	0
12379	1
16273	0
10992	0
-12784	0
-7710	1
-6190	0
9962	1
-10979	0
-12867	0
-2395	0
-9810	1
-9325	0
-3528	0
15256	0
5917	0
15501	0
3086	1
9863	1
6751	1
4950	0
11595	0
3624	1
6429	1
-14322	0
-3214	1
-11668	0
5888	0
12133	0
-13951	0
1397	1
4978	1
-5550	0
5189	1
5801	1
5522	0
-13681	0
11860	1
-11459	0
16911	1
16807	1
-2894	0
7075	1
-1180	0
-10644	1
14345	0
-9810	0
7482	1
-11639	1
16921	0
13016	1
-12013	0
-13623	0
2144	1
14590	1
2828	1
-7540	0
3670	0
-7572	1
1442	0
-13166	0
-2233	0
-14349	1
2104	1
12459	0
-10701	0
595	1
16210	1
-14288	0
10596	1
6934	0
-13204	1
5041	0
-2321	1
-9894	1
8599	0
-1342	0
16322	1
-11494	1
5060	0
10357	1
-8254	0
6859	1
-4523	0
1449	0
743	0
15143	0
-13048	0
15744	1
13530	0
11786	0
-7320	0
-5653	0
-13985	1
13311	1
-4051	0
-12129	1
-10549	1
-13059	0
13640	0
16826	1
-14350	1
-148	1
10144	0
5466	0
-834	0
153	0
-2162	0
15680	0
638	1
-11635	0
7076	1
6467	1
15688	1
10853	1
9704	1
-12324	1
4459	1
6266	0
8199	1
-8309	0
-13084	1
-10080	0
7208	0
3967	0
-9852	1
5743	0
8663	0
13045	1
942	0
2043	0
-4181	0
-5210	1
8642	1
3665	1
3913	1
-6650	0
-10861	1
-7939	1
8028	1
-6552	0
2697	0
7053	0
2767	0
-12493	1
-13992	0
10037	0
8333	0
5096	0
5055	0
15006	0
8107	0
-13596	0
15827	0
12371	1
6443	0
-2209	0
5538	0
13011	1
2220	0
1609	1
8863	0
11221	0
9321	1
-2413	0
-527	0
-4551	0
-12709	0
-13705	0
-2979	0
-14170	0
6023	0
-9153	1
-57	1
8502	1
-3061	0
-7668	0
8289	0
2539	0
3749	1
13518	0
-9765	0
12332	1
15699	1
15717	1
8910	1
8925	1
-1232	1
6951	0
-14170	0
-14314	1
5173	0
-4140	0
594	1
5147	0
-1333	0
12211	0
6661	0
202	1
11934	1
-14091	0
-5626	0
12333	0
15824	1
7041	0
-8703	1
-4390	0
8475	0
-6424	1
4327	1
-10459	1
2271	0
13448	1
14219	0
6560	1
10178	0
10701	0
-10030	1
552	0
-679	0
-1479	1
11708	0
-13596	0
-6540	1
7821	0
-6796	1
-10060	0
6622	0
-8403	0
-5255	1
-8501	1
-9961	0
-5675	0
-3854	0
-5693	0
-11654	1
-861	1
15790	0
-8193	0
5540	0
-2933	0
-14351	1
12899	0
732	0
3923	1
-7460	1
3968	0
-8692	0
-3687	0
11314	1
-12984	0
16195	0
-2741	0
5571	0
-13792	0
10318	1
-11032	0
2777	0
12420	1
-11525	1
8872	1
-2721	1
7191	0
-11001	1
-7279	0
-8378	0
2500	1
16151	1
347	0
-14123	0
15470	0
926	0
5568	1
-13800	1
8660	1
7111	0
-12748	0
13440	1
-2103	0
16106	0
8568	1
2764	1
-13351	0
5170	0
-12989	0
-13790	1
16649	0
9388	1
8738	1
-14340	1
9934	0
4882	1
1072	0
-10366	0
-1670	0
11832	0
4555	1
-13945	0
16213	1
8587	0
4107	1
-6634	0
-10693	0
-12853	0
6019	0
8724	0
-9923	1
4816	0
11476	1
-12350	0
-6344	0
-7103	0
11633	0
11822	1
-5067	1
-14307	1
-1236	1
16937	0
-6007	0
15028	1
-11659	0
6652	0
2691	0
694	0
5193	1
10127	1
-14189	1
-10306	1
-14087	1
-13692	0
10351	1
-13886	0
14436	1
-8882	0
12064	1
-4614	0
1379	0
6266	1
-7787	0
-582	1
12345	0
16645	1
-13950	1
-14093	1
10155	1
-8728	1
14578	1
6944	1
12450	0
-12320	1
-14339	0
-13305	1
1235	0
-3923	1
14044	1
11653	1
2580	1
-8795	1
16157	1
-12978	1
11113	1
13513	1
13863	0
-6615	0
1647	1
-10982	1
-8379	1
55	0
13816	1
-7858	1
11459	1
16601	1
-10166	0
7483	0
-13071	1
14912	1
13268	0
-4966	0
1837	1
-11277	1
-6809	0
9569	1
-2107	0
11787	1
-7487	1
13229	1
-7252	1
-9540	0
-11184	0
11222	1
4144	0
-12478	0
-11914	1
-12380	0
16926	1
15126	1
-7830	1
-14099	0
3261	0
-13396	1
14035	0
16944	0
14190	1
4559	0
7474	0
-12569	0
-11708	1
-7401	0
-11710	1
-3681	0
-11681	0
4141	1
4360	1
-12105	0
1924	1
16583	1
12669	1
16201	0
-7326	1
-8868	1
-10820	0
8348	1
-9692	0
-7063	1
11672	1
-8162	1
-5299	0
4523	1
-2374	1
-8336	1
-14031	1
1417	0
1085	0
-13726	0
10290	0
-871	0
4701	1
443	1
1052	0
13348	1
-4996	1
-13218	1
5664	0
-5838	0
-11053	1
15414	1
3943	1
7545	0
-6485	0
-13497	1
-5650	0
8088	1
1556	1
6387	1
-3583	0
2756	0
-9891	1
-124	0
8098	0
-12689	1
8097	0
-12142	0
-4108	1
326	1
-3137	1
-10623	1
5339	0
-10136	0
6100	0
14101	0
12447	0
10718	0
-12643	0
4712	1
-6102	1
-13274	1
11565	1
15193	0
-14351	0
-5802	1
15330	1
-686	0
-14352	0
745	0
12930	0
773	1
3597	0
10440	1
11241	1
-8024	0
3249	0
-6579	1
16610	0
-4325	0
-244	0
5902	0
15668	0
-6521	0
4988	1
7031	1
11659	0
13996	0
-8016	1
6637	1
15020	1
-14189	1
-8121	1
12880	0
1201	0
-9464	1
8375	0
12053	1
10126	0
-1438	0
9936	0
-423	1
-12418	0
14092	1
16807	0
-13224	0
-9232	0
-13758	1
1040	1
-14286	1
8637	1
-410	0
-4265	0
2913	1
-13577	0
-14133	1
9734	1
3685	1
-563	0
13042	1
-1008	1
-32	1
-12801	1
-3114	1
660	0
10029	0
16474	1
4129	1
4744	0
-3700	0
-14347	1
-29	0
10956	0
-14221	1
9229	1
14933	1
13320	1
-1580	1
-12963	0
-5909	0
5925	1
14187	0
5306	1
4156	1
-5084	1
-2292	1
-12720	1
-7733	0
-5531	0
-14286	0
-4358	0
6008	1
9774	1
-8748	1
-12100	0
2983	1
-8124	0
6475	0
5910	0
-3914	1
11825	1
-4802	0
3053	0
-12030	0
-10551	0
-13947	0
-8097	0
1422	1
16701	1
7424	1
-14275	1
12664	1
12803	0
15875	0
5193	0
-4169	1
-4020	1
-10632	1
-9	1
13221	1
16055	1
5830	1
-6120	0
-13225	0
8474	1
-11436	0
-10908	0
-12721	1
-5246	0
-14343	1
-14324	0
-13026	0
-13549	1
-2356	0
-152	0
-3958	1
-10288	0
15951	0
-8661	0
4183	1
166	1
13627	0
-13504	0
4388	1
2369	1
6498	0
16935	1
5109	0
-10211	0
-854	0
10357	0
13917	1
-10841	1
5973	0
13625	1
-9199	1
5829	1
-1978	0
4100	0
6854	0
-13244	0
-8337	1
-11879	0
-11326	0
-12438	0
-4776	1
-9818	0
6468	0
15329	0
10497	0
-2181	0
-12388	0
13054	1
-13511	1
-5044	0
-600	0
7927	1
3763	0
-10257	1
1921	1
3231	1
-13312	0
4434	1
8961	1
-9081	1
-5698	1
204	0
-10788	0
-7915	0
-8669	0
-3259	0
-14303	1
-13782	0
-3623	0
-13907	1
-9333	1
16939	1
-1637	1
1828	0
16343	1
7903	0
12107	0
9680	0
10426	1
-6784	1
5976	1
-5877	1
3119	1
8769	0
-8220	0
-10025	0
16920	0
-1844	1
-8534	1
-9738	0
-9495	1
2847	0
3654	1
-10108	1
-5333	1
7531	1
3849	0
4653	1
-5411	1
11451	0
-10140	0
4402	1
2985	0
-5959	1
15922	1
2943	0
-3566	1
-107	0
3018	0
-3354	1
-328	0
11243	0
-11029	0
13289	1
-10415	0
9792	0
8501	1
-13224	0
14466	1
-8096	1
15163	1
-14082	0
-8805	0
-6983	1
15222	0
12324	1
-8993	0
-10408	0
5534	1
7567	0
7835	1
-1388	0
3476	0
1808	0
1774	1
-1497	0
4551	0
11795	1
-4091	0
11695	1
16410	0
-212	0
-7285	0
11306	1
-44	1
5332	1
16803	1
-4751	0
5284	1
-7936	1
-14266	0
11203	1
-2430	1
-13628	1
-8257	1
-5198	1
-14291	1
7881	1
-14168	1
-8871	1
3082	0
-14327	1
8052	1
-12537	1
-9627	0
-3006	0
-7752	0
12054	1
-7461	1
-12999	0
14792	1
-9806	0
7983	0
-4609	0
-13635	1
10497	1
-13781	0
-3644	0
12188	1
5272	0
10197	1
-7645	0
7923	1
-14334	1
6447	1
14601	1
-589	1
-2175	1
6741	0
-5136	0
9166	1
-2554	1
-13101	1
-5468	1
-8328	0
605	1
-8591	1
8703	1
11775	1
11831	1
-6193	0
-4335	0
5526	0
-3091	0
-14257	0
10743	0
-10423	1
10881	0
-13071	1
-3616	1
-4304	1
11889	0
-12579	0
9487	1
10018	1
-2798	0
-14343	1
-11492	0
13854	0
-11434	1
-10588	0
-3046	0
16801	1
13963	0
-14300	0
6877	0
5325	1
-9570	1
-2124	1
-5546	1
-9646	0
-14343	1
8766	0
-11505	0
-11857	0
15819	0
12201	1
16869	0
-6334	0
-10741	0
-9207	1
11523	0
97	1
-4745	0
-3927	0
-13750	0
-11628	1
5434	0
-10321	1
-1614	0
4330	0
-12337	1
-13959	1
-14342	1
9221	0
-9056	0
5771	0
-14161	1
-2060	0
16255	1
6421	0
-14280	0
6455	0
-13181	1
-13073	1
-7546	0
-2913	1
12787	1
10806	1
-2808	1
-14314	1
-2104	1
8903	0
6787	1
-14349	1
-1646	1
-6896	1
12415	1
-10915	1
16518	1
-12095	0
7697	1
13286	1
690	0
4619	1
13588	1
2369	0
7685	0
-3653	0
5506	0
9021	1
-13343	0
9187	1
-9151	0
-7485	0
16933	0
-5262	1
-11103	0
16215	1
-11246	0
-13677	0
10554	1
12099	1
6394	1
-7502	1
-14115	1
9416	0
-5321	0
-10157	1
5194	1
8874	1
-14290	1
-2482	1
-8055	1
16304	1
13086	1
-13620	1
-13417	1
6211	0
-10333	0
-2407	1
3716	1
12031	0
9991	0
-14106	0
-4252	0
-1986	0
1570	1
1512	1
10438	1
-12962	0
3500	0
12089	1
-1625	1
-14193	1
-4641	0
-662	0
-13448	1
-516	0
-6116	1
-8232	0
-6885	0
-10623	0
11530	1
254	0
16300	0
61	0
-6228	1
4527	0
5499	1
9753	0
-8613	0
-3389	1
-8954	0
4496	1
12680	0
-7659	1
8879	1
2585	1
13918	1
-6357	1
5747	1
5049	1
-9024	1
-9221	1
-1084	1
16841	0
-9786	0
-13171	1
11709	0
-12722	1
12401	0
-3831	0
-7328	0
-9623	0
2999	0
-5792	1
-12289	1
-5774	0
-7209	1
4726	1
14282	0
-8019	0
-12313	1
-100	0
368	1
-14089	0
7008	1
-1384	0
12605	1
-3217	0
-3884	0
3587	1
-12978	1
13599	1
-13569	1
12197	1
4261	1
-8795	1
14055	1
9024	1
1992	0
-14277	1
3391	0
-14350	1
12437	0
2767	1
-1598	0
12645	1
-6195	1
-11998	1
5069	1
7833	0
-915	0
3673	1
16193	0
5121	1
-12998	1
15573	1
-3238	0
957	1
14831	0
-9510	0
-14190	0
-3210	1
-14065	1
-5473	0
-12980	1
-14318	0
5199	1
-14167	1
-14277	1
-12695	0
16942	1
10071	1
-14049	1
14075	1
-11561	0
15342	0
6826	0
-10098	1
-6237	1
12029	0
13405	1
-14052	1
1980	1
-1145	0
9193	0
-1133	0
-9786	1
-5257	1
6594	0
-520	0
5454	1
2047	1
115	0
710	0
12910	1
-14292	1
-12254	0
-1943	1
-13548	0
-5275	1
-12990	0
-14330	1
-4608	0
1580	1
338	0
-13623	1
9122	0
10081	0
10257	1
2874	0
-14169	0
2388	1
-13030	0
3226	0
-5956	0
-12081	0
7659	1
11230	0
-13135	1
-13246	1
16937	1
-12400	1
-9423	1
2242	1
-14352	1
-14207	0
-9572	0
4447	1
15426	1
-10422	0
3212	1
11426	0
4067	0
13378	1
16092	1
3202	1
5808	1
-2912	0
-3111	0
-3026	1
15032	1
-7494	0
-11764	1
16039	0
16135	1
-10813	0
548	0
5995	0
13721	0
-4953	0
-8668	0
8406	0
-13604	1
11071	0
-699	0
-12248	0
9353	1
875	0
2349	1
-7248	0
-11646	0
-10529	0
4732	1
3327	1
15055	0
5224	0
-7442	0
15057	1
13040	0
13407	1
13608	0
16681	1
3427	1
-1194	1
-7089	0
1710	1
-2752	0
9931	0
12810	0
-13303	0
-3600	0
1443	1
-5359	1
1438	0
-14097	1
-14187	0
13561	0
1080	1
-4532	0
1872	1
-2568	0
16013	0
-935	0
-8563	1
12771	1
15361	1
7699	0
-12320	0
-13080	0
-6728	0
7244	0
-2940	0
-6700	0
1571	0
-13119	0
15238	0
-13190	0
-4526	0
-10666	0
-10021	1
8981	1
260	0
16327	0
6621	0
5428	0
4672	1
14796	0
-9071	0
-13408	1
-13878	0
-7929	0
4096	1
-6761	1
15371	1
16944	0
11029	0
-2276	0
-13552	1
-1816	0
-14038	1
-7478	0
-11590	1
-13976	1
1778	1
16679	1
87	0
-6542	0
3665	0
-14113	1
16944	1
10456	1
-12016	0
1815	1
8763	0
-14144	0
344	1
-3472	1
12496	1
8108	1
-5621	1
14370	1
-14084	1
7576	1
-9185	0
16638	1
-7218	1
-8919	1
3196	1
-14227	0
414	1
16371	1
2998	1
5708	0
6826	0
14025	1
-11567	1
-7703	0
9685	1
2101	0
-12239	0
-909	0
-7298	0
14815	0
-10394	1
-11597	0
-5691	1
10608	1
-11548	0
1928	0
12557	0
13877	0
2284	0
15618	1
-14302	0
-14271	1
-7276	0
-12900	0
13825	0
-14344	0
-7812	1
-5478	1
9384	1
-13527	1
9950	0
-13400	0
-15	0
16855	0
13073	0
-13625	1
-5915	0
-2418	1
-14348	1
-9549	1
9482	0
12741	1
9981	0
2000	0
-8532	0
-14339	0
-9941	1
-14056	1
-153	0
-13363	0
-13734	1
5164	1
2524	0
10606	1
9559	0
-2688	1
-12144	0
-6807	0
13623	1
6204	0
-9881	0
604	0
343	1
-4344	0
4651	0
-11138	1
1032	0
-13604	0
1989	0
13808	1
-3885	1
8241	0
-12992	0
-9383	1
1521	1
14370	0
16789	0
-7887	1
-9559	0
13582	0
12181	1
-3852	0
8801	1
-8211	0
-14081	1
2149	0
15291	0
12906	0
8236	0
-4827	0
-11269	0
-2263	1
11514	1
1522	1
5394	0
2128	1
-106	1
6275	1
-1607	1
-10214	0
-8176	0
9445	1
-13462	1
-1347	1
-14053	1
15748	1
-14160	0
11439	0
8130	0
2866	0
4514	1
-5178	0
7609	0
-12429	1
13200	1
-12304	1
-9071	1
10921	0
-13638	1
-14351	1
9729	1
14289	0
-1237	1
-1082	1
-14333	1
-8593	0
-14200	1
-10650	0
-3695	1
16272	1
-7285	0
-10434	1
12795	1
16443	1
8502	0
-14353	0
-14208	0
5418	1
6404	0
3614	0
13427	1
-13653	0
2706	0
-11209	0
-10	1
13341	0
7473	1
16171	1
-7036	1
-4794	0
9731	1
13082	0
14777	1
-14135	0
-13756	1
968	1
15824	1
-13980	0
-4941	0
-8562	0
14821	0
-2539	0
16933	1
-13746	1
-6806	0
-9174	1
7378	1
3948	1
11675	0
-5016	1
9943	0
16311	1
70	1
2035	0
4745	0
-8132	0
-4650	0
-12110	0
-8614	0
11769	1
-14344	0
1602	1
-13770	0
3021	0
14523	1
-7613	0
-13980	0
-6442	1
12095	1
-12139	0
1326	1
-5456	0
13775	1
-14133	0
-14159	1
13996	1
7456	0
-7993	1
-11355	1
-12795	1
-6102	0
16776	0
4202	1
-4666	1
-3287	1
2393	1
2297	1
-14279	0
2939	1
-9924	1
-10043	0
-11638	0
15689	1
-14176	1
4165	0
-11959	0
-12304	0
2799	0
5016	0
-12426	1
-214	0
4521	0
15708	0
14045	1
-3240	1
-10851	0
13359	1
4712	0
-10665	0
8087	0
8259	0
5585	0
-11625	0
6800	0
-14159	0
5319	0
-13668	0
-1230	0
-13893	1
-8300	0
9559	1
-11186	1
8492	1
10624	1
15295	0
14283	1
4433	0
10832	1
-7656	1
6387	1
16514	1
-4528	1
4097	0
-6393	0
-14329	1
14781	1
-508	1
-11151	1
1281	0
8097	1
-13154	1
-8139	1
-2015	1
-14135	1
-5164	0
-6348	1
2153	0
-13288	0
-5294	1
9442	1
-13157	1
14435	0
-860	1
16914	1
15517	0
10111	1
7180	1
9036	0
-13493	0
11826	0
-9104	1
-12912	0
-10990	1
-1212	0
-9204	0
-11705	0
12235	1
-13535	0
-185	0
-3764	0
-13117	0
-7554	0
-9864	1
-10290	1
-14092	0
16212	0
1241	1
5590	1
-12721	1
8225	1
3724	1
1359	0
9884	0
-7665	0
-14265	1
-3155	1
-999	1
7115	0
11023	1
11417	0
-6827	1
11611	1
-10547	0
-12290	1
-6772	0
10001	1
-8177	0
-14218	1
-12181	1
10480	1
16776	1
-11093	1
-13335	1
-601	0
10245	1
-3874	1
-12966	0
16887	1
-14218	0
-12966	0
-13642	1
390	0
-9560	1
11061	0
-6153	1
4917	1
16507	1
15449	1
13844	1
-7261	1
-11529	1
-8851	0
5872	1
-2711	0
16926	0
-5953	1
-11059	1
-3497	1
-2226	0
16943	1
-5311	0
13593	0
10231	0
10364	1
-2870	1
1725	0
-11329	1
-13658	1
-6528	1
15794	0
7992	1
14855	1
-13239	0
-11875	0
14963	0
12457	1
16910	1
16781	1
-4903	0
-9955	0
-11490	1
14788	1
16540	1
-411	0
-14161	0
-777	0
6981	1
-3698	0
-9245	0
4577	0
2308	0
5142	1
-4182	1
-12217	1
5961	1
-2780	1
-536	0
-10194	0
-4508	0
-7497	0
-4828	1
-14353	0
-14194	0
-690	0
6765	0
5572	1
-1283	0
-12307	0
14227	1
-14217	0
10972	1
-1063	1
14878	1
16664	0
-2294	0
-14319	0
-7226	0
16944	0
-3635	1
-8861	0
16401	1
-11115	1
-9624	1
4425	0
14653	1
-13939	0
13901	1
-3667	0
3822	0
14082	1
-4601	0
832	0
-1029	0
-9706	1
-256	1
-7704	0
2392	0
15987	0
1562	0
10915	0
947	1
-2979	1
4205	0
-14282	1
-14280	0
5869	0
4590	1
15341	1
9877	1
-4083	1
12470	1
2125	1
3414	1
-11543	1
9091	0
4854	1
-2018	0
-699	0
-5487	0
4008	1
-449	0
-7700	0
1956	0
5309	1
-11067	0
-3273	1
-14353	1
-8882	0
2073	0
-1017	1
-13609	1
-14237	0
-4832	0
7501	0
-7461	0
-6282	1
16914	1
8302	0
-13551	1
-9156	0
-11108	1
-14094	0
-13169	0
15461	1
1104	0
-594	0
-676	0
9152	1
4446	0
-3642	0
755	1
-755	0
2132	0
12074	1
11870	1
10520	1
1512	0
10483	1
12951	0
-13962	0
13763	0
-891	0
2180	1
-12137	0
-5182	0
-11797	1
-8610	0
15615	0
16905	1
10195	0
-8014	0
-13078	0
7688	1
4872	0
10397	0
1037	0
-14333	1
-11637	0
-4606	0
5086	0
-11493	0
-13491	1
-9718	1
-14347	1
16468	1
-11600	1
10028	1
-8677	0
-12381	0
-2821	0
-4465	0
-10149	1
-12722	0
1747	0
13658	0
5503	1
-13634	1
12692	1
4083	1
-14342	0
-13449	1
11045	1
11979	0
10500	1
-10104	0
12180	1
-9976	0
1648	0
-13696	0
-13575	1
-6708	0
11727	1
8331	1
1964	0
13468	0
1103	0
9974	0
-11496	1
14205	0
-4562	0
7983	1
-13050	0
-6644	1
13738	1
8403	1
-12968	1
-8040	0
-2960	0
16906	1
9459	0
9188	1
-10976	1
-14352	0
-3245	1
15637	0
-857	1
-9152	1
8144	0
16202	1
-3798	0
-1711	0
-12812	1
7229	0
-7701	0
-1632	1
3309	0
9614	1
-4992	1
-14138	0
2410	0
6198	0
15148	1
-11004	1
-11904	0
12175	1
958	1
14114	1
3438	0
12316	1
-1386	1
-7420	1
-7652	0
1594	1
16893	1
1269	1
-14330	1
1660	1
4780	1
-13944	1
5357	1
4956	1
16716	1
-8377	1
-9750	1
1455	0
394	0
-14086	1
-9622	1
-12722	0
6349	1
-10567	1
5084	1
-11179	1
2392	1
-2233	0
-4730	1
3679	0
8674	0
-6279	0
-14191	0
12059	1
8834	1
5686	0
-7173	0
-11060	1
752	0
15018	1
-14092	1
8579	1
-10571	1
-6702	0
-8919	0
-14342	1
-10178	0
-12516	1
16448	0
16934	1
-6499	0
-6344	1
-14347	1
7137	1
-843	1
-13643	1
-9613	0
-8430	0
5072	1
16458	0
-14291	1
6003	1
8938	1
-7161	0
4002	0
-12648	0
6071	0
610	0
7370	1
1256	1
-13210	1
-12420	1
-6637	0
11452	0
-11088	1
-13564	1
14845	0
2436	0
1461	0
-9825	0
13850	1
5439	1
16313	1
10076	1
15801	0
-6265	0
-7088	1
-2096	0
-14120	1
-14145	0
-10362	0
6120	0
-12363	0
790	0
15159	0
15901	0
8559	1
-12994	0
-13835	0
14383	1
-13219	1
-14277	0
6650	0
6993	1
-1334	0
9377	0
16814	1
8890	0
-6994	1
-3446	0
11004	0
-14353	1
-2465	0
16221	1
-13364	0
16769	0
7603	1
10649	0
-13678	0
-13878	0
-11126	0
-1662	1
-3544	1
-14256	1
8367	1
6852	0
14107	1
8871	0
-8665	0
-14301	0
-3176	0
-7630	1
-13794	0
5231	1
-8097	0
5914	1
-7548	0
-6428	0
3990	1
521	0
7469	1
-3378	1
14975	0
-821	0
16915	0
10938	1
-637	1
-8922	1
2087	0
-13952	0
-13574	0
-12221	0
-10582	1
2572	0
-11728	1
9195	1
-12027	1
3539	1
-13872	1
4984	1
-11329	1
-3606	0
16492	1
-2971	1
-7786	0
-6813	0
-7095	0
13213	1
7838	0
-11824	1
10796	0
-11928	0
-7989	0
-13812	1
-5296	1
-14258	1
16891	1
-8597	0
-7296	1
15787	1
14576	1
-2654	0
2925	0
-13488	0
11541	0
5432	1
-917	1
7954	0
12165	1
5474	1
-9788	0
-13902	0
-12387	0
-11361	1
-6505	1
5921	0
-5812	0
4691	1
10391	1
-9437	1
-13335	0
10082	0
14969	1
10375	1
3621	0
16345	1
14438	1
16262	1
-3370	0
-12321	1
-11611	1
-14141	0
2234	0
-4007	0
15969	1
10587	0
3985	1
-3820	0
-13231	0
-3359	0
10851	1
1059	0
-14045	1
13237	1
-14083	0
-2900	0
-707	0
9889	1
-9653	0
-1263	0
-8520	0
2025	1
13230	1
6228	1
-1550	1
-993	0
7192	0
4390	1
4315	0
16705	1
-7514	1
-1861	0
-12898	1
8296	0
-12877	0
9239	0
-13476	0
16067	1
-13997	1
14173	0
8667	0
-9398	0
1397	0
-9320	0
-6660	0
-14145	0
9208	0
-10026	0
14663	0
-7035	0
9722	0
-2272	1
10993	1
16477	1
-11077	1
-12652	0
9860	0
11806	1
-8526	1
15453	1
11669	0
1594	1
-5941	0
-274	1
-14329	1
5004	0
2872	0
9706	1
14724	1
-308	0
7148	0
3512	0
13693	0
-4939	0
4761	0
5180	0
12339	0
-14324	0
16609	1
-12881	0
-10171	0
15758	1
16799	0
-14267	1
-10437	0
-11499	1
3575	0
3412	1
6493	0
-13418	1
-1751	0
-1412	1
-6477	0
-9575	0
-13530	0
8009	1
16617	1
-2331	1
-8653	0
-13529	1
14265	0
-6585	1
9686	0
-7232	0
-13701	0
7375	1
12595	0
16826	1
-13352	1
14753	1
13265	0
-4472	1
14927	0
-9832	0
9961	1
9083	0
16210	0
180	1
-4916	1
-3802	1
-11118	0
14499	1
445	1
-13979	0
16938	1
5187	1
-7995	0
15	1
5465	1
-2538	0
-10529	0
1034	0
-672	0
12970	0
6665	1
2111	1
-7427	1
1453	0
-10568	0
-799	0
10695	0
15447	0
4959	1
-1105	0
420	0
11054	1
-14128	0
-5121	1
4939	0
12022	0
11337	1
10875	1
7388	0
-11109	1
-13164	0
-12524	1
-4006	0
2592	1
4446	0
-12653	1
16898	1
16686	0
9370	0
-2711	0
349	1
11157	0
2452	0
-11904	0
6633	0
7813	0
6630	0
-2008	0
5705	0
7063	1
-6155	0
-10807	0
-9177	1
3581	1
11876	1
-7813	0
-9	0
7610	0
11280	0
-13175	1
16642	0
-13838	1
-5562	0
13246	1
2282	1
-6407	0
16051	1
13519	1
15845	1
15180	0
-14261	1
11377	1
6535	0
-6797	0
15597	1
-13707	1
-3433	0
-12194	0
-12208	0
-11555	0
7666	0
-12679	1
14809	1
-4763	1
-12578	1
-2376	1
-6270	1
13210	0
-12392	1
-10143	0
1114	0
9774	1
-9129	1
-12455	0
-3517	0
-14339	0
-5718	0
7438	1
-14323	0
15461	1
1091	1
-13381	1
-3308	0
14544	0
-12028	1
1478	1
-6564	0
1450	0
-10049	0
8873	0
11005	1
3204	1
2170	1
13021	1
-12905	1
14741	0
-10845	1
11305	1
-4739	1
10891	0
2533	1
1752	0
-11448	1
-5994	1
-2049	0
12213	0
-9244	0
-14155	0
-4322	0
-8059	0
1583	0
-14014	1
-1550	1
-14347	1
-12998	0
-14235	1
-7966	0
-11332	1
1618	0
11313	1
-9705	1
-6101	0
-13275	0
-14280	1
1617	1
9660	1
-14055	1
11949	0
11247	1
-13324	0
14431	1
4378	0
-13507	1
708	0
-4779	1
-7410	1
-3098	0
12975	0
-645	1
-12367	1
744	0
-3469	0
-11740	0
-13529	1
-8535	0
15377	1
6485	1
8625	0
13825	1
397	0
14808	0
8354	0
-13572	1
16859	1
3193	0
-3439	0
-14207	1
-10204	0
-7399	1
-14036	1
-6958	0
6700	0
-14261	1
1888	1
-14187	1
-6118	0
3583	0
-12327	1
16692	0
-14337	0
7004	0
200	0
4613	1
1521	0
7236	0
16160	0
2692	0
12725	0
12325	1
-3827	1
16930	1
1525	0
-333	1
-13128	0
-14107	1
1871	0
16195	1
-6686	0
-976	1
11020	1
831	1
-14352	1
16849	1
842	0
16600	0
-14083	0
-6066	0
1139	0
10508	0
6957	1
-2106	0
-1038	0
3873	1
9997	1
9101	0
-6136	0
13793	0
634	1
-10407	1
12720	1
8202	1
14605	0
-8818	1
8750	0
90	0
-2535	0
-137	1
-4146	1
11122	1
16919	1
-782	0
3697	0
-2130	0
-14351	1
6069	0
-6858	0
-5415	1
-11804	1
-7634	0
15937	1
-1895	1
-6123	1
15284	0
-12113	1
-2509	0
-13450	1
-3059	0
-10054	1
4240	0
-7865	0
10902	1
4648	0
4891	0
-10714	1
14170	1
14060	0
9934	0
-12503	1
-12125	0
-2025	0
-11869	1
-10395	1
4798	0
16933	0
1238	0
11915	0
16067	0
-9290	1
998	1
-1501	0
9122	0
-3728	1
16191	0
-4883	0
-8351	0
-11750	0
8922	0
-14308	0
-4160	0
-4398	0
-3913	0
12179	0
15326	1
997	1
-13144	0
8380	0
-9116	0
6659	1
13641	0
6147	0
8193	1
-11423	1
10713	0
800	1
2187	1
13247	0
-12395	1
16812	1
6383	0
-7373	0
-11626	1
-1781	1
-14335	0
15041	1
3828	0
12644	1
-12047	0
-6748	0
15809	0
-13815	1
-14344	1
12988	1
14547	1
15708	0
-14102	1
-9653	1
-14234	1
-13838	1
16945	1
7561	0
5552	0
-1647	1
591	0
-14352	1
16381	1
-3120	0
12348	0
-13844	0
-14302	1
9132	0
-14049	1
-4226	0
8084	0
13834	1
-10427	0
4467	1
-4659	0
-13922	1
-1256	0
-7949	0
-3393	0
9984	1
16545	1
-6091	1
-12445	0
9225	1
14521	0
15616	0
1743	0
15113	0
16894	1
-13342	0
-8992	0
-482	0
-13840	0
2992	0
9721	1
11999	1
-9893	1
3122	1
10549	1
4680	0
5576	0
-8416	0
-12425	0
-8306	1
-14026	1
-9400	1
-1720	0
7489	0
11081	1
225	0
-2052	1
12162	0
-11674	1
11967	1
148	1
8758	1
10872	1
-14041	0
-13315	1
1609	0
-2623	1
-7730	1
9266	1
2474	0
4420	1
-10748	0
-5044	1
7596	1
868	1
13405	0
-5317	1
-9997	1
16482	1
-11713	1
6113	0
-14281	0
12564	1
-13569	0
15630	0
-8664	0
-8640	0
-8480	0
8094	0
-12702	0
7699	0
9318	0
-6842	1
-14232	1
15335	0
-10820	1
-12209	0
3515	1
-4104	0
-2195	0
14932	1
4602	1
6135	0
-5822	1
11545	0
-11280	0
13052	0
-14326	0
5312	1
4958	1
-1557	0
13549	0
15828	1
-12857	0
7473	1
10678	1
4889	0
-12715	0
-5473	0
13978	1
-13144	0
16582	1
-11213	1
-13927	0
13004	1
10717	1
-13058	1
14662	1
-11266	0
-3543	1
-14027	0
14688	0
16240	1
7663	0
-5623	0
962	1
-12186	1
-6207	1
-9625	0
5538	1
-14345	0
-12962	1
-7542	0
-4020	0
-14102	1
-12998	1
11315	0
7881	0
1450	0
6268	0
16849	1
10530	1
-10467	0
-11820	1
13970	1
16944	0
15879	0
9387	0
15791	0
5073	1
15128	1
-6477	1
-7781	1
-13990	0
-5044	0
-8405	1
4781	1
15145	1
-13308	1
9023	0
-9898	0
-3266	0
-1705	0
-2887	0
14106	0
-14115	1
9247	1
-2023	0
-7310	1
-7216	1
-14269	0
-12634	1
14907	1
-1484	1
7080	0
5420	1
8419	0
-13737	1
-854	1
-11236	1
-13368	1
-13092	0
-1616	1
-912	1
-13843	0
13467	1
-972	0
-14146	0
11268	0
534	1
16907	1
-11477	0
-4176	0
-12714	0
-7089	1
16712	1
-7037	1
-12328	1
6947	0
14645	0
3905	1
-14053	1
-13178	0
15688	1
6130	0
-9170	0
16031	1
15552	0
38	0
-12243	0
3624	0
-14353	0
16465	1
10425	1
13200	0
-14353	0
11811	0
-2482	1
-13636	0
-13381	1
-4248	1
-9386	1
6713	1
1397	1
2371	0
208	0
1922	1
-13011	1
16938	1
4624	0
-4462	1
7183	0
-1209	1
-3409	1
13621	0
4139	0
-7773	0
-7763	0
12650	1
837	0
7891	0
10288	1
2335	0
3055	0
-14228	1
10039	0
3348	1
5593	0
8454	1
-11094	1
2983	1
-9138	1
10525	1
16759	0
16899	1
-4575	0
-14352	0
-3937	1
-12507	0
-14079	1
7523	1
7136	0
9598	0
7782	0
-11211	0
-10076	0
-5573	1
-6461	1
-13354	0
-13473	0
-3322	0
16425	1
7770	1
12558	1
-5797	0
-3808	0
16852	1
14582	0
12709	0
9560	0
12484	0
5164	0
-6973	1
14685	1
-2767	0
-9150	0
8182	1
-11216	0
-4904	1
-12671	0
16387	1
2879	0
-9180	0
16864	1
13201	0
7844	1
-7781	0
-3494	1
9137	0
16219	1
-13119	0
2702	1
3139	1
6905	0
944	1
-5574	0
-11921	0
-6690	0
16117	1
-14036	0
-14302	1
-14036	1
-11108	0
226	1
16944	0
-5238	1
-1293	0
12401	1
11554	1
3468	0
2695	0
-7538	0
-14345	1
2763	0
-14327	0
9172	0
-9204	0
-6343	1
-4325	1
1378	1
4592	1
-11025	0
-14222	1
-14282	1
-10919	0
-6399	1
-14201	1
14777	1
-14227	1
-11980	0
3780	0
-8928	0
44	0
-957	0
764	0
-11560	1
11837	1
-9951	0
-8110	0
1394	1
-3356	0
6201	1
-754	1
15164	1
9590	1
-9608	0
1441	0
-3555	1
5177	1
-11957	0
9081	0
9063	0
11149	0
16713	1
7454	0
-12083	1
8557	1
13531	0
9917	0
-13583	0
7723	1
-6264	1
-5182	0
7022	0
3052	0
7054	1
-2854	0
-305	0
6170	1
-9561	1
-1019	1
-12583	1
6665	1
9171	0
-10417	0
-10739	0
-14164	0
10393	0
-8888	1
14089	1
-9127	0
10217	0
1662	0
16848	1
7708	0
-12031	1
3699	1
9118	1
11968	0
12075	1
-13749	1
11860	1
14285	1
-14260	1
-4029	0
-14334	0
6622	1
10983	1
6612	1
-13529	1
-8337	0
11761	1
16944	1
-13078	1
16944	1
-13807	1
15248	1
8177	1
1477	0
6470	0
12795	1
3404	0
4959	0
-11332	0
3542	1
7559	1
10940	1
16197	1
-12190	1
-7854	1
-11445	1
14318	1
-12200	1
-11139	0
-14172	1
5547	0
-3548	0
3551	0
-11141	0
-8572	0
-5101	0
7073	0
-506	0
-13456	1
-13604	0
6909	0
-1478	1
6976	0
-9772	1
9282	0
-14244	0
5443	0
-11716	1
8367	0
1297	1
-5872	1
4279	1
4548	0
11758	1
15088	1
13477	1
-8426	0
-14065	1
10461	0
-4479	1
7236	1
3402	0
-14274	0
15980	0
7127	1
-13344	0
10952	0
-11571	1
-7012	0
-13995	1
-12731	0
-7160	0
9548	1
-4357	1
12000	1
-14012	0
11492	0
15302	0
16792	0
-12314	0
5482	0
6110	1
13257	0
2489	1
-13685	1
16573	1
2363	1
10039	1
14857	0
8004	1
-2962	0
1904	0
-2189	1
-6118	0
4280	0
-4318	1
-796	0
-14346	1
-685	0
6193	1
8926	0
9152	1
4694	0
-14088	0
9096	0
-6386	0
-9143	0
16644	0
4463	1
14402	1
15457	1
-923	1
-13995	1
-3065	0
-12841	0
13793	1
15781	1
11451	1
1812	0
6865	1
-14332	1
-10991	0
-13433	1
6002	0
6859	1
2245	1
13739	0
14258	1
11906	0
-6166	1
-4742	1
16878	1
-13706	1
16746	0
417	0
8039	0
-13331	1
-95	0
1379	0
12372	0
12621	0
3233	1
2046	0
-12641	1
7429	0
15738	0
5981	1
-9059	0
16753	1
1039	1
-8725	0
52	0
-4269	0
16524	1
10569	1
-10214	0
10506	0
-10723	1
-12416	0
2174	1
-9859	0
-6583	0
-5322	0
14201	1
5293	0
11632	0
-385	1
11046	0
-14210	1
7632	1
-6275	0
-14307	0
-12402	1
6183	0
7206	0
-7272	1
5277	0
-1747	1
-986	0
-12957	0
16504	0
-2173	0
7608	1
-1765	1
-13314	1
-12219	0
4787	0
8590	1
-11615	0
7680	1
-7637	1
-9244	1
7192	0
-4414	0
-4337	1
3838	0
-11058	0
-14300	1
-6118	0
-9027	0
6833	1
5308	0
7961	1
3083	1
-4047	0
-5411	1
16719	1
4978	1
12203	0
-12144	0
-10754	0
16839	0
-14350	0
7888	0
10122	1
-8468	0
2417	0
-8979	1
-13576	1
12447	1
16638	1
4279	0
2856	1
1935	1
-3232	1
-4343	0
9376	1
3800	0
3112	0
-10153	1
-9184	0
14947	0
8357	1
-13682	0
-14340	1
-6935	0
-12885	1
-3561	0
-4278	1
-4578	0
-11011	0
-1706	0
-11712	1
5654	1
-5111	1
13109	1
-13325	1
-2037	0
-12272	1
-14300	0
2254	1
-14228	1
4077	0
12173	1
4205	0
-8003	1
-14318	1
-12748	0
-1469	1
9025	0
10767	0
3773	1
-7376	0
-5737	0
16276	1
9510	1
14602	1
-10708	0
2612	1
-9763	1
-12853	0
-7378	0
6583	1
3791	0
-11549	0
10780	0
2278	0
10118	0
-13557	1
-12890	0
-7353	0
16913	1
16909	0
11407	0
-8820	1
-13357	1
-10713	1
-11411	1
1265	1
-734	0
-880	1
9697	1
4153	0
-4099	0
1378	1
-10759	1
-3485	0
-7097	1
-6926	1
-10976	1
7766	1
-2480	0
-11122	1
14012	1
-83	0
-13996	1
8125	0
-1079	0
11980	1
16794	1
-14214	1
7824	0
14531	0
4784	1
4293	0
14898	1
-11777	0
-8159	0
-11710	0
3316	1
-2306	1
-997	1
-13903	0
7143	0
12640	1
-10565	0
-10066	1
5288	1
2627	1
-5024	0
11684	1
13775	1
-2201	0
753	0
3345	1
15021	0
-11810	0
-1920	1
-12304	0
477	1
104	0
694	1
-7511	0
13725	1
13392	1
2104	0
-4107	0
14533	0
-6654	1
-7119	1
-4030	1
5212	0
-3268	0
-7663	1
-11900	1
11021	1
16338	1
-4694	0
76	0
-14335	1
-10997	1
-5266	1
5382	0
-1674	1
-798	0
3209	0
-14296	0
6413	1
-12635	0
5107	1
187	0
11688	1
10531	0
6358	1
198	1
3515	0
-12053	0
7637	0
4202	1
302	0
11585	1
16923	1
8033	1
-13684	1
-12616	1
-14311	1
1839	0
967	1
-11080	0
14282	0
16923	0
10103	1
15111	1
-1937	0
-11499	1
-10441	1
16890	1
-12763	1
-14228	0
-14338	1
-3657	1
16732	1
-9636	1
14287	1
-14124	1
-5492	0
-3839	1
-27	0
5523	0
-13825	1
6105	1
16914	0
1415	1
-4534	0
-12049	0
-7469	0
-14279	1
624	1
14047	0
-13133	0
-7260	1
5235	0
-13189	0
-4187	1
7688	1
14029	1
-7699	1
2572	1
4409	0
13830	0
3304	0
-3645	0
9128	1
-12893	1
1203	1
-14109	1
-4883	0
8756	0
567	1
-7303	1
679	0
2963	1
10939	1
-7598	0
-7260	0
3474	1
4866	1
-12730	1
7931	0
9709	1
6083	1
14404	0
-7122	1
-14166	1
16668	1
-11763	1
-13953	0
-1183	1
2325	0
-1128	1
11296	1
-7092	0
4806	0
9234	0
-14320	1
3823	0
11773	1
4281	0
13914	1
-13894	1
8049	1
1492	1
-13917	0
-7146	0
4775	0
9484	0
857	1
-3900	1
-499	1
-5809	1
-5301	0
12264	1
-13010	1
-13246	1
397	1
-554	1
10264	1
-9494	0
16082	1
2705	0
2949	0
-2921	0
-8813	1
2869	1
-13861	1
-14298	0
-10587	0
-14342	1
9971	0
10051	0
12263	1
1683	0
-14239	0
-13336	1
11089	0
-6036	0
-4760	1
-9334	0
-12982	1
14336	0
16653	1
26	0
8992	1
4213	1
-6593	1
15353	1
-14353	1
-3630	1
3609	0
7409	1
-13883	0
-14348	0
6262	1
10657	0
-12895	0
14878	0
270	1
-7200	0
-12578	0
13359	0
-14198	0
16938	1
-14338	1
7218	0
-11797	1
-14352	0
7549	1
-1694	0
1469	0
10757	1
-4276	1
-12159	0
11662	1
4425	1
-6898	1
5272	1
14711	1
-14340	1
9438	0
-11234	0
-7557	1
2015	0
-8231	1
-6794	0
5034	0
-12235	0
-3361	1
-13385	0
13316	0
-13951	1
10906	1
-9846	1
7369	1
3397	1
-3460	0
-3363	0
-9657	0
-10004	1
7506	1
16821	1
10661	0
16844	1
3846	1
-90	0
2730	0
-13806	0
1378	1
298	0
6408	1
-5633	0
15532	0
-9772	1
-5172	0
-8390	0
13359	0
4007	0
-8396	1
8316	1
5704	0
-11094	0
16911	1
-12038	1
9144	0
-10381	1
-1927	0
-11209	1
-9729	1
-7796	0
16104	0
2685	0
-7823	0
14998	0
-12131	1
-14349	0
13558	1
6695	1
-13514	1
9567	0
-13955	1
-10929	1
7468	1
14175	1
11374	1
3948	1
2383	1
-10682	0
11109	0
-1972	0
-6601	0
-8781	1
-5459	0
-10322	0
-13242	1
-2516	1
6680	0
-5464	0
11011	1
2162	0
3964	0
4771	0
14269	0
2698	1
6440	0
-14212	1
-9946	1
-12895	0
3692	1
12478	1
-14236	1
-652	0
-4153	1
15579	0
-5026	1
-1196	1
-5631	1
10355	0
14089	1
-9377	1
-8991	0
993	1
15282	0
-13812	1
-1891	1
4893	0
11082	0
-123	1
7566	0
7231	1
1898	0
-8573	0
-13279	0
-14309	1
9709	1
-14091	1
6771	1
-11698	0
-4447	0
-11298	1
11722	1
868	0
-10412	0
-11539	1
-12393	1
16814	1
8659	0
13820	0
-3375	1
10696	1
-13943	0
-6679	1
-14007	0
-12940	0
-14271	0
-2903	0
-325	1
-13850	1
-8543	0
-2008	1
13214	1
-13672	0
-13388	0
-10421	0
-14241	1
-14351	1
-11199	0
9231	0
-793	1
-9752	1
1543	1
-9268	0
-3806	0
-11230	1
-3000	0
5706	0
11996	1
-8971	1
13905	1
9282	0
-14322	1
5432	1
-5528	1
-8251	0
-12787	0
-8746	0
-13867	0
-13214	0
2604	0
-5330	1
-10910	1
6882	0
-2542	0
16167	1
8562	1
15001	0
8095	1
-78	0
16820	0
6482	1
8125	1
11917	0
4907	0
3123	0
-13120	1
-14256	0
-13848	0
1145	0
-14269	1
5123	1
-8528	1
4736	0
6473	0
12733	0
-13065	0
-14325	1
7662	1
2399	1
-14279	1
-5620	1
2682	1
-7608	1
4181	0
9027	1
14889	1
6454	0
6626	1
5901	0
-9162	1
-5356	0
-6783	0
15801	1
12490	1
946	0
-4670	1
9685	0
4223	1
4102	0
15171	1
-14246	0
5941	0
-2404	1
-13439	0
13956	0
-8570	0
-3782	0
11265	0
1189	1
6122	1
-2388	1
-5254	1
-7482	1
-14308	0
16876	1
-11915	1
-14257	1
-2178	0
4576	0
14402	0
4594	0
-4640	1
-9903	1
12730	1
16511	1
13023	1
-5484	0
-4268	0
-9386	0
15841	1
3802	1
-7000	1
-10984	0
-12306	1
-1871	1
-10946	0
6161	1
-11065	0
-8959	1
-10426	0
15193	1
-13744	1
4555	0
11986	0
-7377	0
-10276	0
-11965	0
-482	0
-5079	1
-8508	0
4481	0
5098	0
-3425	0
5763	1
-13760	1
-4303	1
-12240	1
8913	0
12463	0
14026	1
-1026	1
14714	0
10649	0
-241	0
-14339	1
-7589	1
7181	1
-12561	0
-6808	0
8537	0
-9937	0
10710	0
15516	0
9737	0
16682	1
-13133	1
4636	1
-10272	1
1871	1
-8052	1
5183	0
-402	1
2609	1
-14166	1
-7868	0
16681	0
9390	0
-4808	0
4967	0
5887	0
-5274	1
-6480	0
11453	0
-2679	0
4198	0
6016	1
7877	1
15090	0
-13453	0
1889	0
-208	1
16029	1
-2777	0
13158	1
7018	0
-13729	1
4265	0
2580	1
-4011	1
-6579	0
2642	0
-12913	0
-12343	1
-8961	1
7238	1
13328	0
12757	1
-1647	0
14439	0
10240	0
-9822	0
-6972	1
8447	1
-14082	1
-3359	0
-10878	1
-5489	0
-13589	0
-9880	0
2332	0
2193	1
4657	1
-8649	1
-9447	0
-11901	1
-6239	0
-7612	1
8795	0
16615	1
-14320	0
-6517	0
-2813	1
-9693	1
-10092	1
920	0
4837	1
-8613	0
-3568	0
-3900	1
-3861	0
-12015	0
979	0
-14348	1
16935	1
-3391	0
-9590	0
-5497	1
15056	0
-12694	0
-11016	0
13339	0
12734	1
-13152	1
16858	1
-14099	0
-4070	0
10573	0
16787	0
15263	0
-11150	0
-10647	0
-14347	0
9958	1
16909	1
14348	1
5748	0
7202	1
2704	0
-12025	0
-9463	0
8836	0
15412	0
7750	1
-1034	0
-14233	1
7918	0
-14235	0
260	0
6186	0
12843	1
9461	1
-521	1
-7438	1
-13399	1
13289	0
9568	0
-6911	0
-12002	1
-12294	0
6589	1
15794	1
-14063	0
14478	1
-8399	0
15755	1
3521	1
16934	0
-5871	0
-1790	0
-8600	0
-10607	1
-11971	1
-13570	0
14439	0
15853	1
8898	1
-11215	0
-9948	1
4013	0
8658	1
-3146	1
1477	0
6045	0
-10018	0
-1755	0
-13687	1
12357	1
10079	0
4026	1
16620	0
2606	0
-14343	1
-9319	1
-7465	1
-2203	0
-8210	0
12709	1
11249	0
-11180	1
-7491	0
-4135	0
-2557	1
2121	0
-1208	0
-14327	1
-12158	1
-8836	0
-12000	1
1370	0
5942	1
-3179	1
-10117	1
-9494	1
2666	0
9158	1
-2739	0
-2640	0
-13584	1
-12691	1
-4670	1
-2562	1
15051	1
-11988	0
-4142	1
-2317	0
3474	0
11631	1
-8375	1
8363	1
-12854	1
-6978	1
7372	1
-14349	0
15086	1
4690	1
911	0
16146	0
-9580	0
-13804	1
-7233	0
11839	0
-2686	0
-14219	1
-8417	0
5250	0
-5090	0
-4020	0
-12275	1
8696	1
90	0
9681	1
5795	0
16730	1
14810	0
2450	1
-2431	0
10244	0
-6453	0
11393	1
-4749	0
-2219	0
-14349	1
1437	1
-1036	0
-5773	1
2136	0
-10778	1
-1224	0
-8925	0
-7598	0
1355	0
-13068	1
9435	1
-13099	0
15582	0
-14217	0
5881	0
11124	1
10994	0
-4027	1
11105	0
4795	1
-13075	0
-11827	0
7176	1
-13474	1
14157	0
3368	1
-5169	0
-1679	1
2706	1
523	0
9716	1
978	1
-4190	0
-13907	1
-12454	0
-6992	1
1749	0
9255	0
10463	1
3613	0
1758	1
-13826	1
-5938	0
16523	0
-3254	0
-12890	0
749	1
-13937	1
13682	0
-13271	1
1769	0
1759	0
6213	0
-5172	1
-1086	0
13664	1
134	1
1547	0
5280	0
-10828	0
-7740	0
-13162	1
-4346	0
15315	1
-9255	1
13676	0
7821	0
317	0
11931	0
432	1
12263	1
3038	0
-12827	1
-7235	0
-1315	0
9942	1
-14352	1
-664	0
16256	1
-7691	0
4963	1
13643	1
15845	0
5894	0
-6001	1
-13917	1
-9137	0
3809	0
2354	0
15637	1
-870	1
1802	0
13733	0
-3760	0
9194	1
-4446	0
10906	1
-13783	0
-8119	0
3733	1
-278	1
2489	0
-5654	0
-4572	0
-8678	0
5020	1
-6254	0
3362	1
842	1
11601	1
-9141	1
-10324	1
16089	1
-13177	0
15881	0
-3313	0
-3703	0
-12765	1
15947	1
-3511	0
16193	0
-2315	0
12875	1
-13880	1
7677	1
4526	1
-9799	0
-12045	0
-13669	1
-11236	1
-11141	1
-8395	1
-1091	1
3664	1
-2283	0
16366	1
6880	1
7782	0
9535	1
14690	1
1091	1
14648	1
7379	0
-13141	0
-3963	0
14271	1
-13660	1
-7599	1
15839	0
-6576	0
-14335	1
-9984	1
-12055	1
-677	0
488	1
8714	1
3900	1
2861	0
15736	1
-7917	0
15793	0
12872	1
-8914	1
4962	0
-10048	0
-6894	0
2931	0
-11996	1
12144	1
-14339	0
-9654	1
-12426	1
9214	0
14982	0
-12783	1
11722	0
16105	1
-220	1
2337	1
-8436	0
-13527	1
757	0
-9177	1
8765	1
-11777	0
1422	0
9996	1
1401	0
15717	1
7515	1
-13037	0
16681	0
13338	0
12040	0
7115	0
-14296	0
16814	0
5024	0
9988	0
-8232	1
-12311	0
13905	1
16925	1
11867	1
-3696	0
6766	0
9490	1
2312	1
16897	1
-14271	1
-14111	0
-2081	1
-4702	0
9292	0
5335	0
-591	0
-2646	0
-11198	1
-4790	0
3894	0
16906	1
-8539	0
6266	0
-10712	0
-7161	1
14062	1
5112	1
-13725	0
7775	0
15278	1
-14246	0
-6446	0
1680	0
-8277	0
-4124	1
-3785	1
-8168	0
243	0
-13755	0
12772	1
-14351	1
-3591	1
-5768	0
-13649	1
14281	0
5262	1
-13430	0
-9796	0
-7988	0
-14334	0
6418	0
685	0
-830	0
11940	0
-11731	1
-11687	0
15699	1
-2534	1
-8776	1
2708	0
5558	1
-453	1
14355	0
-10956	1
14296	0
5910	0
7412	0
-2655	0
797	0
-12663	0
-5636	0
12655	1
8549	0
-957	1
16584	1
-14174	0
7653	0
-3160	0
-7276	1
-4847	1
16667	0
16174	1
-46	1
-9063	0
13148	0
-5675	0
9083	1
-6633	1
16649	0
1611	1
5160	1
2542	0
16237	1
-13859	1
9543	0
8858	1
5704	1
-9304	0
-10866	1
15402	1
-7883	0
8382	0
7997	1
-14078	0
-70	0
13678	1
10491	0
16640	0
6657	1
-13807	0
-4033	1
16193	0
12139	0
16938	1
-8221	1
-7601	0
16331	1
-13098	1
-14344	1
4307	1
10348	1
-12226	1
-12177	1
-10326	1
5245	0
16616	1
-5624	1
12459	0
15153	1
12257	1
-10429	0
3866	0
7869	1
10976	1
-6116	1
-10219	1
7649	1
11312	0
11691	0
-4341	0
4407	1
-10253	1
-7462	0
-6220	0
-3490	0
-2836	0
7345	0
-11670	1
-614	0
2343	1
-14171	0
-14312	0
-160	0
-1967	1
-12765	0
-14345	0
-6127	0
-10751	1
-13196	0
-5720	1
-10884	1
-2865	0
-4626	0
-11790	0
-11281	0
16494	0
8956	1
-14313	1
-14168	1
12480	1
1595	0
3457	1
-10135	1
-7473	0
-9272	1
13319	1
-10201	1
-14155	1
16044	1
-2152	0
-1583	0
-4255	0
-9626	1
-9938	0
-4218	0
678	0
5746	1
-12732	0
-9273	0
-9657	0
2191	0
-13108	0
-2100	0
-9553	0
-11611	0
-14001	1
-12567	0
15472	0
-14266	0
-4946	0
15384	1
11580	0
16003	1
-5545	0
11431	1
3749	0
-14275	0
-935	1
7886	0
11435	1
5259	0
-8885	0
4600	1
-9662	1
13754	0
14071	1
-6832	0
1507	1
3297	0
-2242	1
-12429	0
14609	1
-693	1
-13008	0
-8535	0
-12756	1
-3690	0
-4719	0
6515	0
7695	1
-13023	1
4422	1
2054	1
2014	0
11957	0
-14338	0
-12045	0
-12757	0
15489	1
14614	1
15140	1
-14343	0
-10692	1
-10016	1
13949	1
-5154	0
8951	1
-3116	0
-14323	0
-11419	0
-14026	1
12653	1
11717	1
1528	1
-14313	1
5067	1
15003	1
2576	0
-8803	0
-14015	0
-13945	0
8983	1
7045	0
10997	1
2008	1
7757	0
-12388	1
5416	0
-3796	0
1406	0
-771	0
3277	0
-14272	0
5838	1
-432	0
-10872	0
14021	1
-9436	1
2366	0
-1944	1
-7252	0
-3180	0
-13075	0
-5880	1
14489	1
3068	0
16738	1
-8833	0
-194	0
-3786	0
3812	0
-711	0
13748	1
11817	0
11799	1
13047	1
-10022	0
4083	1
-7045	0
-12765	0
-5751	0
16887	0
-12972	1
16189	1
10087	1
-9120	0
-12346	1
2817	0
-9	1
5629	0
6250	0
-7062	0
6619	0
-13405	1
-14198	1
-8426	0
-635	0
14685	1
7441	1
-2185	0
-7076	1
13714	1
10408	1
16944	0
-14271	1
-5711	0
-9570	0
-9032	0
-14174	0
-13562	0
8266	1
10185	0
-10122	1
16931	1
10040	0
15433	1
-11583	1
-14333	0
-14137	0
-12278	1
-7406	1
1327	1
8331	0
-14252	1
1728	1
-8131	0
15720	1
16935	1
-10872	0
-14287	1
5593	1
-10007	0
8441	1
8873	0
3808	1
4349	0
15045	1
-4031	0
-10922	0
4177	1
-11383	0
-8819	1
-12497	1
14892	0
11375	1
5915	0
-14342	1
-13771	0
8362	1
-4299	0
-11394	1
-4609	1
-7177	1
-13694	0
-5697	1
-2071	0
14079	0
-9026	0
-4398	0
13043	0
16932	1
1285	1
-13332	1
-10256	1
14423	0
-2274	0
-8089	0
5250	0
9636	0
8718	0
2630	0
10842	0
-4090	1
9775	1
-2870	0
-5673	0
9737	0
-10810	1
3477	1
-9455	1
-5132	0
5352	1
-14288	1
-13243	1
-664	1
-11640	0
-6549	0
-5833	0
7738	1
-12619	0
-13360	1
5140	1
1743	1
-3333	1
-9996	0
-10301	1
10490	1
7005	0
-4838	0
6054	0
-4361	0
-8147	1
-13457	0
12029	0
7932	1
-13614	0
5500	0
-5251	0
-10498	0
16742	1
10390	0
-7471	0
12452	0
10538	1
1304	0
-5635	1
-9341	0
16537	1
12456	1
2142	0
-13802	1
-13124	1
3391	1
-12281	0
15475	0
14333	1
8462	1
16717	0
-3979	0
-11653	0
-10559	0
-593	1
-12861	1
8216	0
-9527	1
-14296	1
-1383	0
3738	0
-4171	1
-14306	0
-2927	1
12425	1
-10396	0
-11309	1
-4617	1
-4936	0
16393	1
-12083	1
6057	1
-14336	1
14108	0
-3081	0
12924	1
-7502	0
-4121	1
-9972	0
7845	1
-457	1
15286	1
-11257	1
7043	0
13973	0
-8951	0
-13408	1
5822	0
-6359	1
11550	0
-10031	1
16743	0
12355	1
-539	1
3362	0
4689	1
-2372	0
-11746	0
14425	0
-7743	1
-10461	0
-7834	0
-8785	0
-8405	1
6729	0
-13379	0
8627	0
-11733	0
2289	0
-2392	0
-10396	1
4817	1
-13365	0
1595	1
-1962	0
13704	1
12915	0
-12088	0
-3097	1
16272	1
11955	1
-8583	1
15267	1
681	0
-12065	1
-8423	0
1103	0
7207	0
-5584	0
6878	0
1135	0
4026	1
16729	1
-7078	1
-11870	0
-5309	1
9691	0
-5475	0
16575	1
-13721	1
13054	1
8911	1
-14353	0
9607	1
-9472	1
-4772	0
-14316	0
14479	0
-3317	0
-13271	1
15530	1
-9545	0
-11766	0
-4573	0
8367	0
-12591	0
5925	0
-7220	1
-11889	1
13265	0
-13788	1
-4566	0
-12124	1
-14287	1
11472	1
-6223	0
-8586	0
16916	1
2134	1
-5899	1
-6634	1
5736	1
-3767	1
8269	0
-11168	1
6415	0
-5544	0
1255	0
-13854	0
-14335	1
-13446	1
-12647	1
16257	0
16252	0
-4797	1
-11623	1
-7009	0
-12277	1
-12440	1
10953	0
7266	0
-155	0
1632	1
-12363	0
6023	1
-4205	0
5271	0
-2434	0
11853	0
-11508	0
-8884	0
3423	0
-2882	0
-11656	0
1321	1
13688	1
16880	0
-39	1
-13449	0
-7755	0
4439	0
-10575	0
4787	0
-2913	0
16838	0
-488	1
14763	1
-10890	0
14498	0
-13719	0
-914	0
16420	1
-2435	0
16806	1
3018	1
13608	0
10172	0
-9113	1
3494	1
-9112	1
13495	1
-7968	0
-14337	1
-13273	1
-4111	1
1023	0
-393	1
-283	0
-11077	1
-11799	1
-11002	0
-8059	0
13056	0
-10571	1
16679	1
-14314	0
8974	0
-8565	1
4533	0
6468	1
10872	0
1389	0
6253	1
2702	0
-4285	0
-9697	1
1891	0
9994	0
-8643	0
-13835	1
10408	1
5405	1
-13106	0
-2794	1
15404	1
-13742	0
14315	0
-1014	0
-6939	0
-3928	0
15091	0
-9266	0
4833	1
-8668	0
250	1
-656	0
-3310	1
-2576	1
16131	1
-13523	0
6744	0
1342	0
-5811	1
3499	1
-6168	0
16283	1
13437	0
16191	1
2325	0
6083	0
-7582	1
-9238	1
12382	0
-4334	0
-14231	1
-1389	1
-8489	0
10107	1
-3758	0
13482	0
5589	1
6923	1
13654	0
-6820	1
-13250	0
-14242	1
-4886	1
-1234	0
-11021	1
-11877	1
-3026	1
13355	0
16944	0
1421	1
-10888	1
12646	1
-8182	0
7249	1
11633	0
11045	0
1085	1
8808	1
7601	1
16615	1
-13818	1
9411	1
3333	1
15563	1
3815	0
1173	0
-3076	0
8148	0
-3107	1
12387	0
8403	1
4880	0
-12834	0
-7311	0
1684	0
-2409	1
6112	0
-8701	0
-11739	0
-970	0
-6343	0
-2532	1
-6153	0
-13201	1
-11627	0
3657	0
-10681	0
9739	1
-3392	1
16547	1
13585	0
-1058	1
116	1
-7544	1
15189	0
5051	1
12445	0
-4179	0
10699	1
1830	0
-10574	0
7364	1
6263	1
2267	0
-409	1
15675	0
12018	0
-3844	0
-9426	1
-13397	1
-5356	1
14521	1
-2701	1
-11166	0
-13668	1
16114	0
-13520	1
-13836	0
-13215	0
-8630	0
-768	1
292	0
2530	0
7137	0
15041	1
-5217	1
-2918	1
963	1
-13398	1
-10386	1
-4943	1
-2037	0
-4403	0
-8120	1
-14329	0
10256	0
-13044	1
361	1
-1502	1
6394	1
3229	1
16202	0
-13770	0
4890	1
10560	0
-12562	1
-296	1
14255	0
3586	1
-11614	1
-1855	1
4879	0
16863	0
-13418	1
-7371	0
7080	0
-1259	1
5210	1
-4088	0
-97	1
-9161	0
-9403	1
-1746	0
-2817	0
1665	0
1384	0
-10456	0
-4173	1
-13605	0
-5017	0
5689	1
-5252	0
3687	1
-13623	0
15716	0
13491	0
16877	0
8394	1
8505	0
-10443	0
-13777	0
1897	0
16585	1
-5086	1
16487	0
13893	1
1669	0
-3138	1
4522	0
16548	1
9911	1
12885	1
-12894	0
7610	0
-13763	0
14364	0
6964	1
16682	0
6208	1
12382	1
10244	1
-10122	1
15982	0
1417	0
3546	1
6129	1
7450	0
-1072	0
-11057	0
-10429	1
-8519	0
5220	1
-13302	0
-735	1
-11672	0
9785	1
9519	1
2945	0
4564	0
14128	1
-3619	1
-11023	0
10859	0
14782	1
11613	0
2804	1
-11342	1
7244	0
-3218	1
-8432	1
-2242	1
-564	0
-14338	0
-12851	1
1184	1
-7542	1
-5601	1
650	1
4680	1
11191	1
-814	0
6243	1
-13996	1
-10512	1
10188	0
-7184	0
6466	1
-12955	0
3625	0
12668	1
-10631	1
-14155	1
-140	1
9302	1
-12855	0
7052	1
-12654	0
-36	0
-5888	1
-6345	1
-9165	0
-3702	1
16683	1
227	1
-6332	0
12435	0
-9810	1
8419	0
7787	1
2515	1
14520	1
2713	1
9316	1
-1171	1
-8683	0
7518	1
-2071	1
-8412	0
-14191	1
5701	1
7173	0
-13294	0
-13940	1
7985	0
-13067	0
1570	0
-5233	1
-9107	0
-13588	0
1135	0
-10972	0
-10697	1
9178	0
28	1
9964	1
4734	1
-3414	0
-7268	0
-7700	1
16932	0
77	0
-10326	1
-5738	0
-13411	1
-4277	0
3844	1
-12490	0
-14324	0
9485	1
1852	1
11300	1
-7892	1
8228	0
11053	1
12153	0
9216	1
-14057	0
9677	1
-6684	0
10309	0
11552	1
-11387	0
2657	1
11335	1
14328	0
14742	1
16727	0
2903	1
15131	1
-6242	1
6845	1
-13281	1
5282	1
-2748	0
-6848	0
-12088	0
15439	1
-9210	1
3734	1
5052	0
-7413	0
4782	1
6738	1
-5046	1
-11377	1
-643	1
12632	1
16832	1
6796	1
8765	1
4771	1
6231	1
3768	1
4402	1
-14313	0
630	1
-180	1
15782	0
-67	1
-12226	0
-9169	1
1838	0
-13513	0
-203	1
7239	0
-10938	1
-10706	1
-9922	1
-3948	0
-13892	0
-13578	1
-7987	0
5605	0
16626	0
-2315	0
728	0
15743	1
-12388	1
-13839	1
14463	0
-13965	0
11210	1
-10062	1
-7126	0
-11235	0
-328	1
2115	1
-1618	0
4878	0
15297	1
-14243	1
-7544	0
794	0
4073	1
5158	1
8806	1
-12534	1
4204	1
-12131	1
-4165	1
5854	0
-4524	1
16918	0
14783	0
-13428	1
-3117	0
-3034	1
7200	0
-13832	1
-4737	1
7291	0
-3326	0
4914	0
-2707	0
-478	0
-12638	0
7001	1
-966	1
-5371	0
-13856	0
15493	0
-12363	0
16740	1
-13991	0
-3751	1
-14348	1
1518	1
-14017	0
13022	1
-9381	0
-9616	0
-8728	0
-1564	0
9844	0
-12738	0
12243	0
9725	1
5036	0
-11187	0
-290	1
-2902	0
15077	1
-11114	0
-1746	0
15790	0
-11514	1
-14040	0
-12	0
12845	1
-11270	0
-13986	1
-2668	0
5800	1
-14298	0
3859	1
-5443	0
-13336	1
-12905	1
4347	1
9333	0
5923	1
-5964	0
-2627	1
-7637	0
-4102	1
2311	1
6443	0
-4082	0
-14270	0
-8118	1
1795	1
16304	1
-13248	1
9695	0
16931	1
-2752	0
12951	1
-6656	1
10983	1
-13739	1
13515	0
-4092	1
-6922	1
-13475	0
10487	1
2881	1
-713	1
16381	1
6150	0
-10388	1
12819	0
6134	0
-14063	0
-14264	0
-13854	1
13099	1
-14320	0
1307	0
16162	1
-10591	0
7591	0
12873	0
282	1
5016	1
-12976	1
-2521	0
-2879	1
-12827	1
10826	0
-12393	0
-6678	1
2012	1
16116	0
-8683	0
-13992	0
-11904	1
8557	1
-11438	1
4964	1
-3644	1
16681	1
7052	1
-8545	1
13599	0
-4828	1
-11654	1
-14114	1
3185	0
7101	1
12629	1
-5382	1
12479	1
9284	0
-13534	1
1277	0
-7915	1
4477	1
169	1
10559	1
14571	0
7831	0
4784	0
-6183	0
3520	0
-13453	1
-4778	0
-13542	0
13382	0
-6218	1
9730	1
8983	1
-6131	1
-12437	0
11666	0
-14034	0
-14031	0
8776	0
-12297	0
13943	0
6775	0
691	1
7897	0
15127	1
-3043	1
-8537	0
-12574	1
-12394	1
416	1
6813	0
13615	1
11832	0
1057	0
16375	0
-10034	1
-8844	1
11056	1
-164	0
6281	1
-13609	1
6104	1
-11037	0
-7445	0
301	1
2374	1
884	0
9094	1
-2357	1
2990	0
-14234	1
16195	1
-305	1
-2198	0
-13391	0
5303	0
4345	1
-489	0
-5399	0
2170	0
12907	1
15972	1
12862	0
5635	1
-12201	1
1719	1
11311	1
8061	0
15117	1
13266	0
12819	0
-3915	0
-13806	1
10491	1
-10773	0
-2463	1
-12661	0
361	0
-6321	1
-12798	1
-57	0
2587	0
-9250	1
-215	0
-1302	1
14849	0
-11677	1
-10262	1
-5691	1
-13558	1
-5671	0
1715	1
-14254	0
-5035	0
15324	1
13864	1
-11970	0
-551	1
2253	0
-3050	0
-4215	0
11742	1
-3772	0
12829	0
-2626	0
-4855	1
-4980	0
-4398	1
-14265	0
5667	1
-4704	0
-6643	0
-13754	1
-13794	1
4700	1
-10048	0
-13533	0
-5453	0
-11277	1
6688	0
-3761	0
13448	0
16146	1
-11265	1
-14105	1
9612	1
14817	0
-11660	0
14110	0
3404	1
-9248	1
-842	1
-12149	1
14007	1
9845	0
1715	1
4888	0
16862	0
-5512	0
16665	0
13392	1
-3627	0
-2528	1
-8839	1
13977	0
9694	0
14155	1
15037	0
9864	1
-1591	0
10843	1
3357	0
-6771	1
6601	1
-2578	0
5946	1
12294	0
-13724	1
1549	1
16699	1
-12358	0
-3025	0
8287	0
-14162	0
16840	1
-13908	0
-443	1
-13094	1
-7588	1
-14319	0
5616	1
-13440	1
-14327	0
12851	0
4917	0
-6633	0
4705	0
12922	0
16726	1
-1172	1
6091	1
-13128	0
-12446	1
-6987	0
-7831	0
-8575	1
16846	0
14752	0
4029	1
-1903	0
-13270	0
-4567	0
14881	0
16885	1
9053	1
11647	1
-13669	0
-14353	1
3704	0
-1132	0
14842	1
11881	0
-13715	0
16178	0
13886	1
-13389	0
-10845	1
13538	0
-727	0
3204	0
-13063	0
12598	1
15670	1
-4523	0
4430	1
-1078	1
14111	0
4268	0
-6749	1
5743	0
-2872	0
4756	0
-12312	0
-3474	0
-2644	1
4325	0
-4269	0
7869	0
16320	1
-13971	1
-2231	1
6160	1
10826	0
-492	0
-4456	1
9303	1
-9468	1
7379	1
13119	0
11909	1
-5469	0
6478	0
-7418	0
-14006	0
1189	0
13321	1
3737	0
5019	1
-11864	0
2814	0
12748	0
-11141	1
-13734	1
12410	1
10782	1
-8660	0
-14353	1
5544	1
-1593	1
11382	1
-5002	0
-14224	0
976	0
-12318	0
-8326	1
-13289	1
5061	1
-594	1
11287	1
-11971	0
-6745	1
6644	1
-13884	1
-13937	0
15723	1
14378	0
-3261	0
4502	1
-6930	1
-10609	1
-13633	0
-4746	1
4819	0
6990	1
5535	1
-12190	0
-6027	1
1936	0
-12419	0
16672	1
12938	0
-5667	1
149	0
-362	1
14988	1
-10585	1
3863	0
7998	1
-5478	1
7640	0
-13552	1
-1935	1
-9577	0
1838	0
4216	0
-9888	0
-2118	1
-8858	1
8164	1
329	0
-13075	1
-11731	1
-1507	0
-7491	0
5181	0
-13206	1
2445	0
15801	1
9105	0
16388	1
-12137	1
4600	0
3701	1
4964	1
12110	0
-12879	0
6051	1
-9516	1
10149	1
10435	1
-14250	1
-3142	0
-12393	0
-5763	1
-6012	0
4187	1
11124	1
-13819	1
16093	0
-2564	0
-14331	0
11638	0
8987	0
-12115	1
-12492	1
1049	0
-1270	1
-2597	1
-4516	0
5425	0
14850	1
-14171	1
-13128	1
15188	0
10738	0
-6344	0
-5293	1
-1125	0
11897	1
-4383	1
12136	1
-12259	0
-13504	1
-6859	0
-12393	0
-9141	0
-12048	1
3314	0
15893	0
-13067	0
15618	1
-11939	0
830	0
2759	0
-9304	0
14366	1
6223	1
1541	0
4259	1
7147	0
16584	0
-12488	1
16851	0
7874	1
-8720	0
-13165	0
13664	0
15165	1
-5818	1
-1937	0
-4726	0
-1248	0
-11325	0
8050	0
-3135	0
7091	0
-11425	1
-14255	1
16465	1
6996	1
-12785	1
4608	0
-10506	0
-14343	0
-6152	1
9779	1
15662	0
11552	1
4275	1
4600	1
-14310	1
13262	1
250	1
-12084	0
-7416	0
-2393	0
-10708	0
16022	1
-13420	0
16465	0
10389	1
-14164	0
8534	1
-14349	0
-804	0
-1174	0
-14268	0
755	0
-6908	1
10876	0
7727	1
9093	1
1472	1
16703	0
7530	1
11786	0
16751	0
14645	0
-1237	0
16364	1
16216	0
5550	1
-3587	0
815	1
16287	1
2220	0
-3006	1
-425	1
-8480	1
1894	1
-7644	0
-3067	0
1038	1
-2083	1
-378	0
9571	0
-7178	1
-1500	1
10762	0
-10394	0
14707	0
11592	0
-6080	0
7468	1
-5494	0
-9217	1
-3471	0
2512	0
16942	0
2096	0
-13507	1
-13785	0
-9491	0
1750	0
10290	1
-7814	1
12315	1
-10176	0
-12610	0
-8771	1
-3296	0
-1278	0
-9596	0
-1498	0
-13453	1
-14232	1
12064	0
-5410	0
-13410	1
-4456	1
-2867	1
8262	0
9311	0
14505	0
-11977	0
5204	0
4173	1
5882	1
15156	0
-11242	1
-14213	0
1383	0
-610	0
646	1
3857	1
-7618	0
13094	1
-8052	0
-6869	1
-14177	0
6385	1
13674	0
2837	0
6499	1
-14352	1
8639	1
6417	0
14738	0
-8126	0
-13653	1
-14350	0
3584	1
-6010	0
-7884	0
-13713	0
3485	0
-9462	0
-7689	1
-4934	0
4441	1
-7734	1
-13858	1
16177	0
3678	1
6014	0
3231	0
-3265	0
-1841	1
12258	1
6775	1
-7947	1
-7483	0
-12088	0
-5043	1
16038	1
-10447	0
9198	1
-13177	1
296	1
-11876	0
-13126	1
9975	0
16888	1
-1814	1
-12485	0
13721	1
-9264	0
-6607	1
6715	1
-13443	0
6909	1
16490	0
16698	1
-14294	0
14032	0
659	0
-2391	0
5383	1
-11111	1
-10904	0
3255	0
14213	1
10630	0
16607	1
5510	1
-12727	0
-1202	0
15561	0
-8706	0
-2182	1
4900	1
10902	0
10624	0
8375	0
-557	1
-8975	0
9673	0
-11662	1
9893	1
-13150	1
-12285	0
9188	0
16039	1
6558	0
-7514	0
-13686	0
16242	0
9403	0
-14118	0
-10201	0
-2335	1
-8155	1
9018	1
-781	0
9238	1
-1561	0
15921	0
-14248	1
-6052	0
6820	0
12917	1
-10061	1
-7800	0
16271	0
814	1
-3166	0
12959	0
3930	0
-7512	0
10325	0
-14182	0
14811	1
14120	1
11279	1
956	1
16944	0
-1446	0
13790	0
2766	0
-12744	0
15459	0
10156	0
-14015	1
9593	1
12155	1
10588	0
420	1
-9464	0
-3283	0
-13560	0
4137	1
-3291	0
-9705	0
2259	1
-2000	1
2751	0
6507	0
-13292	1
16315	1
9281	0
13474	0
