2211	3
1733	3
-1012	12
6471	1
2908	1
6323	9
793	10
9401	5
1609	1
-1554	3
2071	3
-8138	12
4494	3
-8522	3
-10946	3
2908	3
-11952	10
1124	1
-1377	12
2089	1
-5350	3
-3969	10
1737	12
5734	1
7205	1
1051	7
1573	3
5579	3
7112	10
6629	10
888	3
11997	10
358	5
2558	2
1318	1
1103	10
3612	3
-2370	10
2293	10
3205	12
3667	1
7575	1
1795	3
560	4
80	10
1808	5
2798	6
2730	10
1745	7
1835	10
2049	1
4476	2
2890	7
-129	1
445	12
-2790	10
1418	3
-6385	10
141	10
6412	2
292	3
-2050	1
2520	1
5581	3
6016	10
-1884	1
-6706	10
-7463	6
4930	10
1917	7
3338	1
-4094	1
1484	12
480	10
-5530	5
2471	10
-3360	10
-25616	12
-9145	10
4625	10
-1366	10
3235	7
18	12
2910	1
-6534	2
1144	3
-1403	10
-2786	10
1155	10
-1340	12
2912	10
3289	10
-865	1
-17693	1
-355	3
560	5
790	4
5862	10
-687	3
7811	1
1807	8
6212	2
-1636	2
216	10
1202	3
6210	7
2403	10
-24580	10
3197	12
-7116	3
4853	5
3135	1
4800	3
541	10
7037	3
3141	8
4930	11
-2821	2
3087	1
8044	10
-45129	3
625	10
3481	10
-10038	1
-34457	2
-2068	10
4032	1
3754	8
3082	12
3323	10
-4682	3
5795	1
2857	10
-1950	10
5785	10
961	10
-46908	12
-7474	9
-90921	10
-8135	1
5406	3
584	10
-1748	10
10499	5
1845	10
4272	3
2554	10
-1261	1
5424	12
5977	5
156	3
4348	12
642	3
2184	1
3995	6
-361	12
-8421	2
6910	12
3939	12
-31	1
5768	12
-2095	10
-3757	3
2921	10
2928	10
-11884	6
-11746	12
8303	7
-34152	6
6119	2
-659	10
71	3
-2467	12
-25818	10
719	10
3759	10
4884	7
2938	1
3041	12
-6881	10
6285	3
2171	10
-1673	10
-3944	10
-3896	10
3236	3
4261	1
-1479	8
-27889	8
-11907	3
3625	3
999	9
2525	3
4048	3
79	10
-3633	12
-20057	10
3421	12
498	10
-19946	10
413	10
-3716	10
-39802	12
6314	12
5783	1
4494	10
-945	6
2138	5
2276	12
5609	1
-936	3
5828	7
1847	10
-4298	5
1483	12
-8341	1
-7784	1
578	3
3126	1
-1612	10
-3812	10
7816	10
-4203	10
5150	1
6991	3
6606	10
3641	12
2722	5
-1776	10
3200	12
4246	10
-477	1
-5772	12
-24459	1
-1598	10
2639	3
4286	10
6842	3
-2217	3
2714	10
-983	1
3510	10
7196	3
6168	10
-831	10
2712	3
-641	10
271	3
264	10
4252	3
4233	2
8376	12
8079	10
6060	10
6131	6
-7532	1
3941	3
-5577	1
3109	3
-266	10
6915	3
5523	5
12067	3
6863	10
-732	7
3577	10
2879	1
-32522	6
300	1
-64208	6
6958	6
-646	1
6465	1
-5694	1
-2270	12
924	10
5201	10
3109	3
6979	10
-11237	6
1612	12
5429	7
1306	10
1197	9
4341	10
4104	5
3836	12
-5059	1
6435	12
-841	10
-3365	3
-406	10
4129	3
11398	10
5806	1
-11285	5
516	10
5197	3
4072	5
7903	10
-4287	1
2336	1
5509	3
2873	1
8624	10
6488	5
-6373	10
-1697	1
-2923	2
1896	12
-797	12
-7325	1
3952	10
-728	12
-3295	3
5688	5
1996	3
-1032	10
4104	7
9235	10
5937	1
886	2
-3964	12
-1553	10
1555	3
5820	2
-1705	7
8653	12
4424	10
8248	3
-3128	10
2666	10
9441	3
7263	7
1061	3
-3153	3
-13596	12
3930	12
945	5
8183	7
5036	3
2535	1
2723	10
2806	10
1281	10
1982	10
-12774	10
12063	12
-1442	6
-9307	10
-972	3
6057	1
8699	2
3523	5
-1286	1
1095	10
7867	1
5845	3
9389	3
6873	1
1951	1
6163	10
-5597	6
-4409	3
-587	1
1556	10
-3024	5
6400	2
-4750	3
-2212	10
3508	10
4971	5
6253	3
1284	3
-2017	10
3978	3
2293	3
7663	7
3709	12
3856	2
4903	3
5809	12
1532	10
6445	10
4719	1
5190	5
4818	4
-12975	3
1330	3
6975	2
2449	3
4606	2
-915	6
2547	3
-1704	7
5703	10
-1298	5
-33410	10
1454	1
5758	10
1294	1
2688	5
6310	10
1667	3
7092	3
3418	3
3217	10
8934	1
7691	3
9407	1
1008	12
3867	1
6354	5
-1763	2
5870	3
3855	3
-1371	5
2003	3
4175	10
1464	3
3444	12
-5028	1
-461	1
4353	6
-6275	3
3220	10
7271	10
2875	10
3622	4
2312	10
-4991	1
5389	12
2867	12
2319	3
8426	7
3403	2
-415	10
10243	12
6088	3
6425	10
-1792	3
355	10
-1085	6
4434	10
-290	1
5028	10
2656	10
1685	3
2285	4
5906	3
2294	12
464	3
1806	1
6560	6
-8102	5
-1450	10
6745	1
-3404	10
8945	3
4764	10
-900	3
1144	7
6192	3
-2015	9
-3751	1
-32999	2
5671	10
7692	10
4814	12
1893	3
738	1
2875	12
3209	10
5068	6
4850	3
5642	10
-2274	1
-4719	10
6801	3
932	7
3631	10
4866	1
5402	10
-9873	5
6072	5
3662	3
520	1
2558	1
2161	3
5012	1
918	12
5870	10
5626	3
2981	2
1470	3
3697	1
-263	3
-2477	10
-18343	10
2458	5
3774	3
2439	10
1189	9
4538	3
4510	7
-400	4
6556	9
1946	9
9011	10
-1016	10
4753	10
5643	12
-2005	10
-595	10
3307	10
4992	1
661	12
-376	6
2722	12
3936	2
3998	1
-1974	10
-37376	3
7711	1
5743	8
6200	10
2403	9
-47697	3
5041	3
-5154	3
-20589	5
5827	3
3788	4
3981	12
-27091	10
10484	3
6070	10
-1889	10
7863	3
-11521	3
8399	10
2187	10
-1342	1
4007	10
5670	12
-4943	3
4365	12
4870	5
3201	2
2366	10
1480	3
-3128	2
3043	12
1090	10
-14420	3
3608	10
-16358	9
4524	2
-2071	10
-64401	3
-34895	12
2363	3
4358	9
582	10
5097	3
999	10
2474	1
6094	12
-21703	2
7209	1
512	2
-4943	3
-1072	12
5816	10
4000	3
6895	10
1188	1
5507	3
-1406	10
-12010	7
4255	10
-3743	3
-32682	5
-84591	3
8105	3
1211	6
-1136	10
3925	10
2711	10
-507	1
-2775	1
2568	6
2534	10
3047	3
5316	3
1950	10
3583	3
2031	10
1053	1
1073	9
-3004	12
890	10
-730	5
5064	10
-2832	10
4997	2
-23	3
1736	10
132	6
2110	2
-435	10
-895	12
6037	2
1496	12
5846	5
5099	1
3693	7
7012	9
4712	10
7554	3
906	6
1424	2
7991	12
-15096	10
7632	7
-4303	10
-3465	2
954	5
299	3
638	3
2230	3
1405	6
2418	3
1583	10
-275	12
3296	10
-10206	12
-780	10
1527	3
-55	2
-11038	3
677	1
1022	5
2977	1
6610	10
3634	10
5290	4
6472	10
6484	1
7391	10
-392	1
4899	3
2146	5
998	10
-720	1
-229	10
3129	10
590	12
-4663	3
5030	12
-11138	10
2943	12
-57403	12
3114	10
-32427	3
1712	3
3694	10
-1615	2
3725	3
4553	3
3448	10
4460	3
4557	12
1596	10
-5546	10
3805	1
-1452	10
2201	10
-4808	1
5142	10
-2812	2
3374	1
-2455	10
-7084	1
-40812	10
-4216	12
966	10
6069	1
5253	10
5524	6
2630	8
-6941	6
5336	10
-321	12
1003	3
10196	2
-6303	10
4111	12
4374	10
5503	10
729	11
602	2
701	10
2205	1
2318	2
3117	12
-11159	5
7825	5
906	3
4069	10
2669	3
3268	5
335	10
2579	2
2745	12
796	7
-4981	1
4340	3
-2570	3
4661	10
-12167	3
13349	2
3031	3
-5152	1
422	10
-5762	7
5570	2
-2617	12
-544	10
3543	3
-5572	2
4824	2
6370	4
-19	10
4019	3
2122	5
8817	6
2257	10
6428	10
2006	3
-2247	3
-7542	12
-342	1
5001	2
4957	10
3214	3
343	1
1176	10
-56448	1
3228	2
1783	10
4414	12
6182	10
781	1
2978	6
3935	10
1543	10
1906	10
6834	10
1432	6
4700	10
2425	10
-798	10
5309	4
5870	3
1364	6
5076	10
2029	3
5695	1
-16618	1
3570	6
2360	12
-2453	12
8991	3
-7993	12
-642	2
4679	1
-6251	3
6804	10
-2834	2
-1273	10
649	12
436	1
-1869	1
6698	1
-111	7
10872	3
1284	3
6080	10
4443	3
4247	4
-228	8
-3800	10
2943	12
2145	1
4648	3
2276	1
3747	10
5661	3
8856	10
4937	10
914	10
751	3
2299	10
9826	3
3910	3
9183	10
6803	3
-17015	10
1323	10
8119	1
7104	10
5076	10
-413	1
3201	2
-433	10
6630	8
4044	10
-1271	10
5826	10
1700	1
4142	2
2667	3
-19397	2
-133	3
-14089	10
-283	3
6315	9
-1548	1
4860	3
381	10
-1701	10
7379	10
461	1
-9561	10
-8330	10
5611	3
4641	10
8230	10
-17191	3
7776	5
924	1
3779	3
-4305	12
-1209	2
-39384	3
2458	5
-23	10
594	10
1872	3
4480	10
531	1
-859	12
323	5
4923	10
2805	7
4778	10
5040	2
1097	1
8359	1
-8438	8
5810	3
-6712	5
9816	12
1651	5
446	3
649	10
542	1
2351	1
-24597	1
6674	10
-2905	10
470	10
5173	3
11528	10
2713	2
315	10
4566	10
6691	12
4815	2
5410	3
905	3
3226	10
-13405	3
2070	3
-5253	3
-2808	1
1357	5
-6611	1
-5580	1
2715	10
6093	1
4528	12
1800	5
-588	3
4804	1
-7366	3
9069	3
-205	11
3757	12
4318	7
-19894	12
1635	10
5021	10
4322	3
2515	10
1697	6
3204	10
-4054	5
5105	3
-48408	12
-2010	3
-57461	12
4342	1
2608	10
-15321	10
5896	7
360	1
-790	10
-2844	4
2280	5
2550	3
-740	1
3432	10
-2139	3
-5415	1
2924	4
6607	6
4690	7
3043	10
-12523	3
-10446	4
-1937	6
-5903	3
225	3
3561	3
2175	10
3603	1
-1351	10
-4979	12
4926	1
-61467	10
2004	10
-2044	1
806	10
868	10
3437	12
5499	10
1462	10
6627	7
2073	3
-4035	5
4253	12
1406	3
-2346	10
3743	10
-14409	3
-600	1
3351	10
6878	12
-30944	2
-3458	10
5598	6
-30233	1
4418	3
-10074	3
-9	6
4234	10
-983	1
3283	10
4158	4
9316	10
-200	3
8701	2
-583	5
9093	1
1794	10
-3635	12
3763	10
1152	10
1440	6
1177	12
3427	12
11081	8
1046	3
4413	3
424	1
2886	3
1558	3
1647	1
2460	7
-3441	4
4896	2
735	3
-1386	10
2798	12
2108	2
3333	10
651	12
2417	10
-3243	5
3171	10
9288	2
1231	10
1510	2
8482	12
1800	2
6462	7
3857	10
5240	6
7024	1
359	3
5143	3
-4880	4
338	12
2744	10
-5671	10
3113	3
5721	10
-1777	10
-5771	12
833	10
5020	5
-2921	1
-2184	11
1293	3
-3367	3
8953	10
-850	5
7611	5
-1957	3
2793	10
1636	1
5725	10
4160	10
3170	12
9131	1
-38368	7
720	2
4993	5
8184	1
4812	1
-137	12
5408	6
12	10
3911	10
4904	10
-1645	3
267	7
-23576	3
7828	6
5430	3
5843	3
-404	3
2149	12
3305	10
-3617	3
-5546	3
-2720	10
-706	3
-597	10
330	12
-34506	3
3632	12
956	2
4039	2
4580	7
254	10
-5305	10
113	10
8553	10
8009	1
-2279	10
7157	10
-5218	10
4986	2
2147	1
2946	10
4308	4
1969	10
-8664	2
5601	9
-899	3
6260	10
1543	10
-2507	10
-30075	1
5716	10
1542	10
4821	10
1631	12
-8	10
1553	7
8354	10
-16556	12
4469	7
4591	10
2796	1
-119	3
4119	10
6865	3
2480	1
2944	1
664	2
2243	10
4924	1
497	1
-770	10
5055	1
5574	10
2344	10
1119	5
-2026	2
881	10
-1457	10
2924	4
10646	3
4018	3
-280	10
-781	2
-3835	3
3560	12
-4707	6
6012	3
-4374	10
3199	12
-58261	4
576	10
3758	10
2561	12
3553	3
1756	10
4587	4
-1808	1
6659	3
1313	10
5748	12
4080	10
5814	10
-2759	5
3409	12
-3831	1
5502	1
6080	12
792	12
1851	10
19	1
2520	10
2967	12
3636	12
-245	10
2709	3
-12465	10
4090	7
-2922	3
-6209	3
4507	10
3242	10
3407	1
3479	6
-12743	10
-34961	3
24	12
-8016	3
4394	1
271	3
3758	1
5667	10
6553	12
3312	7
5022	1
3592	3
3671	1
3151	10
796	3
3086	12
-12003	12
2529	5
-197	7
-1303	6
9307	7
-14716	1
2526	4
3058	3
3145	5
11269	10
-1172	3
-5182	10
3535	3
7002	1
3809	1
7065	1
-3164	3
1370	2
3909	10
-2508	1
6139	1
9028	1
5416	1
-2502	10
5497	6
4346	10
7898	10
-68542	1
-33849	3
7181	10
8052	11
3879	6
-1447	10
751	10
3559	3
1308	7
-2241	3
953	10
1075	5
3410	10
-2097	10
4117	6
1134	2
4587	12
1485	3
1672	10
7236	10
-2215	10
-1365	10
7953	10
1114	3
-1988	12
-14566	2
6171	12
5139	1
215	2
-4540	7
967	10
-9375	3
-2801	3
-6052	12
3919	3
4588	5
7352	10
-2994	6
5905	3
-7436	3
4595	1
1148	3
-2790	3
-952	3
-3414	3
-438	2
3399	10
-31027	7
4494	11
-88510	10
1384	10
-2107	10
-4356	3
2727	10
5929	1
-304	3
2948	2
-1025	10
-2125	3
-995	10
3672	10
-1075	10
1408	10
3104	7
-2466	1
-1898	10
-3217	10
2899	12
-26411	10
2696	1
3879	8
12795	10
5916	3
-3102	10
-1755	10
-15442	10
6451	10
-1768	1
1997	10
-32949	10
761	1
4290	3
2291	2
2312	10
3358	1
-2568	10
3216	10
3256	10
-2725	10
348	10
-4837	1
3508	12
6694	1
853	12
1419	1
3910	12
4610	7
6397	10
6881	1
4252	10
5360	10
1318	2
10279	2
4438	10
-1026	12
5309	3
467	1
-47	10
-313	10
-1232	10
3082	9
5035	3
59	3
-9089	1
1806	10
-1013	10
11213	2
-438	5
-179	12
-1348	3
-9936	1
-580	10
4990	1
6633	10
6863	10
4006	10
1878	1
3347	10
-72926	12
8354	7
4348	3
2135	3
2518	2
170	1
5907	10
2975	7
-1412	10
2297	10
-53	1
2214	10
-3051	10
6546	3
-1250	1
2755	1
2631	10
-2775	5
510	2
-1611	10
1199	12
7483	2
-3943	10
-10808	10
4519	1
649	10
2821	12
3239	1
-87	12
2947	10
6596	3
1817	10
-2232	1
4364	3
20	2
2232	9
4401	1
-2639	8
2718	3
5299	5
6971	10
-83	1
-1360	3
-8655	3
-11727	1
-219	10
329	4
5074	1
168	1
-4470	10
4543	10
3915	10
2776	5
-15530	3
4406	1
2863	10
1358	10
10031	3
1526	3
8119	5
873	12
3246	1
3266	5
2388	5
610	2
-1621	3
5091	10
5935	10
5540	2
3425	10
629	2
3758	5
1699	10
2101	1
4301	10
2287	12
429	1
-601	10
-1128	10
11088	3
2876	2
-4828	12
-3818	10
4726	4
4982	1
-4234	3
5501	12
-17437	3
3536	12
3490	3
1912	12
2816	1
-224	10
6143	10
7862	10
2132	1
-385	10
3977	1
1861	1
9286	2
4118	12
-40580	10
942	3
4196	10
6304	12
6773	10
3433	10
3413	10
-2791	3
-10340	12
5868	10
-2102	3
6211	10
-6152	5
4879	3
3615	3
-1782	1
521	1
-5540	3
2988	3
1852	10
7050	10
3082	1
-3156	5
5136	3
-830	5
3268	6
-7314	2
6128	10
422	1
7706	12
3819	10
10906	1
-1266	10
354	5
472	10
-2296	3
5809	10
-6452	6
-7925	3
5502	10
5397	1
-6796	2
648	12
-71220	10
2338	1
7498	3
2103	3
-6902	7
-3796	3
5813	4
-56889	1
3240	10
2053	3
-387	8
-1387	3
6793	10
8129	3
5270	10
-696	5
3472	7
-4008	10
-627	1
3292	2
1828	3
197	10
1390	2
1678	10
10532	3
3897	1
328	12
6654	10
2349	1
1687	10
-1295	7
-7972	7
4326	12
-25182	10
657	3
-1439	12
-344	3
1824	5
295	12
3686	1
10887	3
954	12
7683	12
3026	10
-2993	3
1229	2
4568	9
3269	3
4988	3
2078	10
-2657	1
4462	10
266	3
-169	1
-1232	10
-5259	12
-3144	12
6289	3
-2585	1
-30664	3
-436	3
1165	3
-1227	3
-74464	3
