5537	-4827
5703	-5447
3019	-5049
3853	-2534
-24050	14216
5694	-3413
2307	-2004
4652	-4155
3879	-3131
-1922	-4018
1216	-1519
-1405	1577
-19657	9364
-5380	-86
4158	-6308
5776	-3105
5510	-2836
5508	-3187
4075	-7629
2412	-2986
-28210	24421
5636	-1978
-6003	4840
4000	-2066
3511	7025
5763	-3021
4534	-2392
-12550	2423
5563	142
-1926	-1049
-13655	-3800
4416	1533
4668	-6598
5653	-5555
5552	-1468
5182	-938
5649	-1929
5283	2544
3929	-3408
2582	-1245
5824	-959
-6391	-887
3634	-3524
4832	2473
-25130	21832
3888	-493
5105	-5266
-5882	3869
-607	50
5535	-1390
4794	-3583
4587	-2912
5788	-5856
5290	-3908
4754	-6571
5827	-6755
5581	-1883
5212	-2795
5351	-6849
-35536	39673
5558	-7353
2100	-4131
2531	-7709
-6694	-1720
-18276	12696
-35088	40374
-1892	-3494
1705	-5804
-615	3111
4523	-1915
3890	-2213
117	-9299
5075	-3629
-11696	8520
5729	-26
4689	-7329
4580	-1004
2119	-1304
5331	-8876
-32573	36068
3708	-1376
4005	-3741
-22144	-2963
5776	-4576
4811	-3955
5813	-8435
5796	-4959
3272	-3454
3941	-1533
5466	-1629
5	-2887
-2203	-10821
5800	523
5584	-5403
5384	-7507
-13458	-757
2872	-1131
5735	-5145
4671	-575
-31991	34742
5609	-3404
-6340	-687
1688	-1703
5688	-4591
-34746	35545
-3133	925
4124	-12366
4396	-6366
5830	-4616
5828	-3274
5654	-920
-11269	2723
4312	-4198
-35760	48571
3463	-4450
-1041	112
5823	-1922
5523	-3674
4224	-2444
5826	-12705
-35123	42324
-16638	8083
5299	-6033
-31981	35005
5817	-2617
3366	-2297
5469	-3424
5732	-1905
-4008	-2607
-30581	24676
5163	-7478
-32198	29587
4053	-7103
5732	-9063
-18823	14729
3819	-4834
-1785	1728
5660	-618
-28864	24616
2405	-3694
-13910	6474
5724	-3157
3355	-2659
-2883	445
4524	-1451
-33729	18025
4579	-2299
5771	-3074
5823	3786
605	527
5150	-4984
-557	-5509
4842	-4739
4944	-1168
4864	-4848
-1377	2106
5153	-3125
5004	-667
5830	-4245
-36183	56106
4827	-1285
4974	-953
4352	905
5594	-1019
4031	-1796
5125	-3135
5292	-1242
1733	-1630
4039	3555
5348	-9610
-3488	4199
5360	-1895
757	-169
-2651	3115
5213	-3397
-5926	11681
-26447	19587
5828	-363
4064	-2744
-2606	-1055
5033	-4132
4028	-11114
3684	-346
3933	-1137
5804	-2557
5742	-5512
4478	-9666
-36092	44983
-15542	13081
5772	-5755
1579	-227
-7372	808
-17148	7784
-7908	2175
3903	-4411
-21536	17818
5537	6330
5374	-11273
-3611	-7005
1334	420
4791	5424
5444	-5271
-8582	-41
-1581	6208
3499	-4429
4807	-1305
5730	2585
4435	1165
-2826	-189
5027	-10336
-12322	-1919
5558	-2639
5378	-2647
4467	-945
5235	-1308
3286	-2296
4701	-4403
-21739	9779
3302	-2232
4508	-3640
5646	-2520
1435	-2404
5774	2026
-7230	-1911
3170	-5137
5610	-3217
5831	-5924
2522	-1625
1669	-5313
-372	-8208
5341	-4945
3755	-7637
3292	-6394
-12425	-4000
3214	-2205
5677	-6421
895	-1646
5825	-3324
5566	-7154
4498	1556
-1218	1227
5534	-3627
-3136	-3958
-20379	12454
5632	-10805
-3157	-3013
-6159	-5010
5796	-1618
5346	-11330
5714	-4869
5830	-8461
5787	-4608
1523	-3604
4969	-1559
3387	1141
894	850
-24784	24028
5797	-5065
3825	1927
-18771	20426
-13254	5120
-36090	53163
3613	-1677
4486	-874
3541	-2325
-1210	370
-2339	-3144
5467	-4437
5591	-2318
5764	-4101
5240	-3309
-29398	35639
4220	1875
5828	-3839
5613	-9329
3786	-4564
5784	-4228
3528	3353
5730	-5165
-15204	6804
1572	7329
5728	-2007
5585	-2239
-1512	1635
3143	-7453
5813	-2686
2783	-3033
-5376	-2194
5750	-8327
5467	-4294
5004	-8046
5472	-4261
5667	-4782
-11357	3760
3566	1547
2033	-2691
5031	176
-36685	27182
-7630	-1503
-36659	37654
243	-139
4953	-5401
5063	-5881
-25233	19157
4820	-572
3190	-2114
3281	-3877
-23376	9868
1958	-1310
4866	-2050
-36390	45552
5695	-7236
-34564	32340
5443	-4632
5266	-3102
5730	-11330
1724	-1954
3860	-3139
5319	-4756
-11729	-1569
4913	3037
3478	-8394
5107	-3271
3885	-3819
4395	-2434
4174	-3802
-2445	-540
5831	-5601
5706	-4363
-517	1571
1060	2580
5785	-2043
1685	2661
-4996	-4794
-653	-504
2345	425
5513	-2300
4791	-2716
4913	-3658
5203	824
-1475	4906
-5190	5198
4365	-6658
5233	-2659
3077	-10905
1264	1737
4074	-3929
5102	-3852
5144	-5703
5656	-940
-4416	-1750
3263	-1281
3116	-2850
5282	-3619
5735	47
3869	-114
4508	-2170
1665	-2525
5831	-4492
869	-789
562	-70
5826	-3670
2681	-1106
3674	-3630
5772	-3920
5809	-3253
4359	-3625
4065	-3864
5814	-9880
5139	-4519
2479	-430
5257	-5653
2178	-10759
1795	-6938
-2009	1964
4510	-9282
3139	-3190
5628	-2219
523	-820
5093	-3355
5796	-1447
5403	-5150
-3624	-7379
5648	-6069
5604	-19
5802	-3689
-1583	-1159
-7761	-5491
-5071	-3670
5765	3022
3860	-428
-36675	30449
-3362	7178
5650	-13822
5814	2987
2040	-5459
-718	48
5393	-2069
5829	-1701
5808	-4420
-28775	22034
-12106	5964
-11034	8929
4837	3346
5652	-9727
5831	-2624
3474	-2398
5556	-3054
5456	-8182
4991	136
-1388	-2332
4636	-5274
4668	-5052
4526	-3156
3879	-2534
2678	-3123
5651	-3768
4530	-2926
3899	-8843
4356	-2881
592	818
-1035	-1819
4826	-1876
-33275	25867
-1617	-3802
-26012	15436
4874	-7826
5803	-3933
5681	-8961
-1118	-3312
2781	-1742
724	-4763
1578	-1452
544	7065
-31669	30674
3741	-2114
5190	-847
5645	-3298
-12758	-4102
5831	-5906
-34675	37165
5280	-7659
5543	16
-36669	80458
-32760	45154
4179	-15078
3519	-3407
5827	-3041
3567	-11817
5654	-2128
5794	-2396
1757	-4642
5019	1085
447	315
-31265	36193
5756	-8622
-25524	20237
-9870	5007
1650	-356
-33744	29853
3577	-1715
4144	-13385
5294	-687
5675	-3613
4916	-4321
2940	-1754
4963	-1541
5797	-3355
4590	-4390
5743	-1952
4868	-724
372	-1656
-665	-2890
2145	1871
5819	-6092
-31901	29916
5822	-2282
5675	-3066
5552	-3028
4397	-10183
5733	-5430
3391	844
541	-1260
2369	-2890
5247	-874
5657	-4748
-1410	-2905
5467	-4267
-23572	13815
-35607	36513
1439	-1231
5642	2428
-34746	39082
5793	-1676
5649	-4571
-4851	-720
-273	43
5700	1597
3684	-74
-7835	2472
5411	2224
-16276	2985
2494	1804
5766	-6200
887	-6349
-7863	4195
4401	-7238
-651	359
5	-791
5410	3393
4807	337
5413	-3866
5571	-6076
4235	-31
5622	-7304
-28110	16087
5475	-3873
-1261	-756
5829	-4077
5179	-3235
5359	-2983
298	-671
4835	-5638
5608	-2100
4414	930
2864	-5400
5831	-755
4855	-4429
3122	-3535
4622	2225
5441	-468
5565	-4087
4071	389
4464	-4812
-34462	43900
-5878	-3840
3125	1041
5826	-3797
-7592	-3262
5828	-3066
4774	50
3825	-124
-26784	24608
5760	4472
5400	-2222
-18027	-1912
5346	-2626
5817	-3915
3174	-3505
5534	-2180
4201	-2367
-2987	1632
-34970	39539
4988	-9235
-14910	7793
4913	-9337
3363	-673
-17728	8377
-28207	18441
4875	677
5337	-4950
-34644	25436
5070	-3930
4988	-8919
-4599	1760
5614	-8593
4509	-7944
5811	-2593
-385	689
3544	-4643
-1574	-5457
5701	-5574
4837	-1644
4476	-4579
5611	-4798
4792	-7953
5564	-6184
4460	-8185
-11699	7863
2384	-1322
-2635	-1891
5548	-4158
3543	6224
5386	-3952
5457	-4923
2175	-4154
5545	-1560
5327	-4220
5297	-7897
5390	-3643
-24313	13323
-7756	4005
4696	-4370
-11319	5927
-4832	642
4266	-4395
-12253	6466
5644	-4293
3067	-3058
5830	-7180
3840	-4009
-32840	32640
2036	-3171
3639	2068
-7686	4778
5243	-3679
44	-3212
-6306	2753
-6035	6200
5432	-6428
4512	1163
-118	-4659
4687	-1555
4554	-6186
1822	-6100
-34402	17072
5803	-4329
3497	-5262
-36418	47887
3172	-696
1196	-4414
-22733	24267
5829	-7578
-10425	5468
3337	-2670
2345	-4173
-11168	1622
3777	-4912
-2504	-990
3692	-5184
5311	-1644
-761	-4627
5831	-3500
5830	-7408
4461	-1467
5783	2697
5370	-7615
-15379	64
2342	-649
4789	-1144
-11028	4702
2215	-2247
3077	-1441
5772	-3646
-28876	29179
5598	-1412
115	-1528
3697	-3123
5821	-4539
2909	2715
-35336	41611
5310	-63
809	-6162
5705	-3934
-14068	-4365
2583	-3047
4802	1462
5095	-1306
5290	5533
-320	4150
1815	-3768
2764	-7299
4962	-14137
5787	-5217
-3179	2623
5775	-1402
5129	-3347
5818	-4847
-946	-4619
5292	-278
3311	-5362
5818	-4200
1590	-2325
5771	4106
-1733	-790
5736	-4255
4793	-1996
5459	-6432
888	1565
5545	-5903
4618	-1887
4517	-3360
376	-385
1071	4564
5729	-5606
-6851	3263
-363	-3225
5414	-3152
-11838	5258
5241	-3805
-2373	2041
3508	-8653
5689	-810
-6618	1118
4539	-928
5788	-2025
917	315
2418	-195
4364	-595
-20858	8056
5705	2701
-19693	12231
5734	-3803
-16927	10012
5820	-5897
3983	-5140
-187	-3667
3877	-6526
-34437	29424
5821	-4064
-19726	11948
5803	-2203
5818	-2805
1012	10458
5485	-5516
4425	-714
5025	-3917
-26524	19000
5605	1771
4914	-4595
-2991	3905
3580	-6132
5467	-548
5596	-1795
4840	322
5794	-4419
724	-1275
5738	-12447
5632	-5094
5545	-5292
5538	3697
-1578	8702
914	-2650
5068	-695
-6937	4512
5440	-5930
5111	-4072
3528	-1088
3036	-2813
5366	-7157
-30248	44247
4957	-9157
5820	-5327
2648	-3601
3404	-3318
-24430	19357
5777	-2903
-6787	-112
5767	-5925
1523	-3830
4862	-5216
5800	-3820
-957	1829
5040	-1296
611	-1655
4992	-4260
-3359	3072
-1432	1901
3899	-6582
-34570	36924
5290	-4617
5823	-3815
-35205	35498
4150	-1894
5749	138
3196	-489
5794	-3820
-26807	18237
-1418	-211
5715	-5639
2573	349
5005	-5041
4510	-849
5333	-1012
5033	-11866
5122	-2288
4146	-3791
5079	-4220
5743	-2652
5824	-8782
5741	-2392
1647	-9733
-14139	6911
-11162	4156
5528	-1826
5810	-2527
5717	-8571
4681	-1910
5681	-3191
5186	-4153
5814	-2785
202	-706
-3874	-5878
4210	-585
276	-4943
-27139	16653
5733	-2591
-33254	36464
4814	-98
5015	-6006
5757	-1187
-24107	13124
-6226	1691
834	7360
5310	-196
4741	-943
5568	-1812
-26367	11306
3032	-2607
5629	-4514
4574	-3334
5664	-4005
2279	-8176
4625	-6631
4924	-3998
3126	-6219
5263	705
3957	-1696
5800	-3316
5269	393
4905	-6341
4874	-683
3627	-1887
5831	-357
5779	-5617
-2113	-3430
5402	1954
5014	-2886
5668	-6524
5820	-3061
4369	-4879
5720	-3079
5591	-406
5741	-3886
2947	-4075
5165	2573
-18428	9551
5762	-7191
5454	-3737
4931	-7383
2565	381
5564	-2304
-26428	18240
5827	-2060
5753	-8040
5822	-1725
5057	-1620
4627	-4031
5314	-9329
-10227	7306
5727	-1207
3107	-4219
5396	-95
2180	1270
4746	3069
2144	-1982
5139	-5191
-4974	4222
3525	2527
4378	-2143
5829	-1447
5807	-3026
5759	-4504
5750	-5718
5285	-598
-6301	4031
2169	-5539
4901	-5574
-6499	894
-1240	-3130
5830	-1846
1895	-1081
5770	-1059
-29852	24868
5192	-4631
-19872	9994
-32931	34237
4472	326
4100	-5418
-1130	-3709
4426	-4096
4148	-2644
-19699	10492
-10974	3053
-5932	-3034
5679	1782
4718	-1267
-1805	-1194
4811	-4419
2919	175
5737	-3421
5160	-3743
5829	-3806
5806	-5255
4262	-106
3209	-915
3821	-1927
5639	-1353
5014	52
4835	-10763
5807	-9256
2268	130
1276	-270
4244	-7960
5237	-8337
5819	-2810
-1098	-10786
5528	-2929
5828	-4116
4947	-345
5152	-6125
4350	-1107
-8499	-2503
4865	-7624
2917	-2664
5797	191
5047	-3343
-20862	10938
-5104	19
4901	-7730
5226	-2092
5786	605
5812	-2838
5068	-2320
5209	-2102
2130	-5880
5164	-5692
3893	-3641
5633	-4185
-36382	48716
2250	-2298
3804	-1520
5543	-7682
208	4521
3816	-993
3021	-7767
-2147	-39
-2311	-1052
5770	-2716
5435	921
5163	-5228
4867	-6297
5825	-4595
970	2141
3219	-2284
5822	-3032
1916	-4636
-730	-1507
4741	-3446
-35258	38026
-7018	1460
2984	-4256
-9957	-307
-3904	444
5296	-2106
5482	-2966
5232	-3197
3001	-5190
3570	-2887
1326	2382
3595	-3742
5054	-562
4327	-3260
2532	-9779
-22684	13138
1383	-172
5475	3794
1243	-2041
4148	-5542
5121	1429
-6083	8271
2560	-7566
-3661	-1122
-2838	5041
1992	-8078
5319	-2842
5687	914
-3025	-73
4947	-3320
-31227	32862
-30573	30274
5830	-4333
5534	-1903
5663	-2378
-1624	1313
3485	-1437
5831	-4195
4710	-5954
4899	-2013
-18665	13407
5799	-3261
5581	-3430
3690	-132
3450	-420
1777	-5196
5308	-1609
2564	-433
3625	-750
4882	-5789
5746	-4863
-994	-1512
5759	-4869
5808	1458
5613	-3435
-960	2504
4151	-2133
-1652	529
5747	-1811
5786	-1880
5350	-3936
4708	-1533
4037	-4717
5427	-7671
5808	-2014
-12887	5724
5798	-5550
5531	-2228
5758	-2558
4570	-5277
2247	-7719
-1927	880
5794	-3991
-14156	4652
1059	-3130
5547	-3813
5456	-3621
2308	-3821
5765	-9437
5211	-6007
4793	-4187
5165	-5026
4612	-8425
5406	-1945
3361	-2295
5745	-6079
5772	-5091
3228	-3670
4221	-913
5694	37
4970	-5116
3224	5829
-35869	44737
4796	-3204
3361	-2150
-2375	2299
5803	-4241
5761	11
3211	-4596
5535	-4319
-8585	-510
-7889	2415
5710	-10918
-34974	46943
-30787	28496
5552	-9903
5208	-2295
5795	-2419
5628	-3568
5161	-8613
4404	-11716
-9731	-9620
5709	-1191
4434	-5084
4246	-1717
5712	3273
4592	-1948
4119	-3718
-15549	5198
4823	-1913
5287	-4124
-11138	6052
5666	3578
5816	-10278
4152	2287
5802	-5104
5707	-6088
2874	1272
5696	-3519
1127	-3012
5337	547
1052	-8409
5366	-2352
5651	-8389
4276	496
4788	-7644
2686	-8748
-35078	44278
3546	-4289
5790	-6346
5810	628
-1740	-3131
3073	-2430
-11946	8432
-36144	18304
4864	-5596
-17909	16633
5831	-2935
4803	-3548
2672	5380
2760	-1656
2282	-4556
2767	-6639
-364	-5896
-27650	30993
1565	-5692
5386	-2043
4516	-312
-36172	42458
4751	866
4379	203
5481	-2833
3134	-1396
5224	-7471
-34179	29957
5749	-6067
-2334	-4132
4170	-7497
-2221	4239
-5735	228
4089	-1578
5796	-2562
-2344	-947
5678	-1052
-3946	589
5596	-4787
4053	-3344
-4506	-2922
2077	4512
-16398	10630
638	959
1895	2363
-11437	4117
-1427	-3508
-36616	42517
1456	-4550
-7875	-5976
4545	-8064
113	-7546
5808	-2871
-4790	2517
1979	-9030
5496	8019
-23486	6529
2400	-1341
-621	-4624
4825	-563
5293	-3767
5201	-892
-469	957
5573	-4217
5685	-5116
5561	-4691
4576	-1671
-13338	5071
5311	-3770
4788	-2
264	-699
5535	-1861
-35491	39312
4776	-3554
4647	-13984
461	980
5645	-2358
2607	-2413
5182	-9531
4823	-4580
954	-3094
5633	-1425
5783	-4634
2685	-6440
5667	-5454
2620	-2120
5769	-5666
4987	-768
5074	-7252
5806	-2882
3290	-4216
-12476	4260
3302	-4160
3604	-5069
4851	-11317
-36681	51192
-36430	50992
4306	-3904
5712	-2991
5307	-2450
5575	-5578
4148	-2145
5757	-1154
4261	-3840
5629	-2922
-3951	1864
-12142	5604
4356	-563
5514	-3720
5613	-5757
173	1171
5170	-10079
5033	-2072
-27897	27954
5592	-1119
3657	-1854
5128	-2210
4550	-8639
5794	-6427
-33596	34980
550	-9891
4338	-8027
5760	-3527
5580	-3835
5300	-3352
-2337	5549
5338	-9628
3965	-2535
4681	-1871
5316	-3102
5803	-8886
5011	-6416
895	-5428
-21021	10153
1822	-4575
5790	-3284
-211	-1227
-4408	-2242
2597	-6002
-3185	2116
5809	-10535
-11822	2861
2421	-5996
2712	-5650
-22577	21757
4578	-1997
5586	-5764
5791	-10127
4127	-1480
3244	-10287
4378	-2832
5253	-2933
157	-4624
-484	-638
-30435	29895
5046	-4330
4277	-2637
-3589	-1868
129	-789
4646	-2554
5477	-7750
5686	-3398
-36439	39662
5310	-5761
5245	-3073
5830	-4698
5447	-6752
5829	-3881
-35200	34245
5377	-5312
4780	6917
4782	-5167
4753	-6547
3587	-3108
5035	1070
-15776	13251
5730	-5915
5512	-4059
772	-5039
5819	-3789
3225	-1835
5717	-2898
5785	-3450
5147	-1592
570	11695
4083	484
4867	-5112
5505	-9603
4176	-3979
4571	-6332
-20175	14838
5029	-1016
4929	-13176
2977	-2937
-25157	13776
5286	-5927
5443	-1039
-7091	170
5765	-3290
2084	-4285
5828	-2309
-15763	11457
5613	-3366
-4880	-2510
4724	-4055
5723	-4260
-336	-4207
5827	-885
4901	-1520
5087	-206
-31632	31070
5770	-3757
5830	-5944
4145	-4501
-33152	32793
5572	-2844
5026	-4526
4833	-6744
-320	-4713
5747	-2155
5464	-5389
4539	-1701
5583	-2538
5627	-1709
5693	-1998
-3634	-1447
89	-2705
2064	-3131
5664	1185
-1637	3268
5826	-10724
5122	-1675
5685	-8698
5829	-8236
5467	-3981
4710	-2128
-1217	-3981
5448	-10120
2963	-7679
-8259	5152
2750	-132
5820	-3134
582	-2912
5828	-4639
5828	-692
4279	-3365
-12247	5891
-7780	14909
875	3339
5005	-11701
5233	-3277
5770	-6622
4692	-2272
4626	-2773
3858	-2320
501	-9184
-13062	5263
3625	-5628
-9755	1970
3433	-2112
4774	-3478
5486	-4789
5819	5227
5081	-4072
5457	-4279
3993	-185
5730	-681
5820	-4930
5830	-3206
3146	2514
4295	-3312
-252	-2728
5160	-2150
5248	-1320
-8470	2832
5510	-5631
-5944	-1313
4760	-3164
2263	-289
-263	-1828
4864	157
4357	-5080
5325	1660
4906	-4894
5822	2905
-5109	-713
4480	819
-10003	-341
5017	-587
5734	-4724
2820	-428
-821	-2258
3579	-3392
4672	-7973
5586	-2787
575	4076
4675	-2717
-10604	-2941
-10018	1266
5807	-4419
5577	-8461
5831	-7226
5748	-3936
3623	-3360
-792	3422
-5232	-922
3971	-7782
5821	-2417
-17666	4199
5615	-4442
-26056	22187
5778	-3080
1900	72
1270	521
4479	-8486
4830	-5207
5780	-2671
2599	-5068
1902	-9820
3213	-2479
5553	-6738
4984	-6413
5612	-3723
2853	-1993
5564	-12161
2507	-4451
1501	-3101
5102	-2976
-5910	3019
-3477	-3988
4911	-9117
-29034	30502
-28403	27574
5794	-5741
4758	-5380
4108	-5067
3197	-3275
215	5118
1398	-13327
5420	211
-36082	47844
5198	-6633
4792	-7237
5647	-2980
3699	-796
1844	-817
-5488	1115
5231	2746
5016	-7141
2908	-5239
-36666	53701
5679	-4891
5791	-3554
-9595	996
2288	-2274
5768	-63
-27748	18442
-7089	-2313
5688	-1158
-2291	5043
3303	-4726
5180	-9155
-9252	-1296
5784	-5814
5653	2005
5733	-5367
5822	-2333
1634	-7857
5826	-5134
-34671	43010
-3086	-2909
5813	-938
2499	361
-33718	28485
-10369	7848
-6770	1355
3902	-3342
5373	-4627
5665	-750
4947	-641
4967	-9035
5831	-4892
4746	-3310
-3351	-3698
5268	-2888
-12835	3086
276	2371
5141	-3224
-7401	-1708
3632	-3372
793	-10117
4446	-2691
5611	-9181
3829	-1957
5140	-1712
-30391	32691
5168	-13958
5664	-4468
462	755
-11160	1512
3766	-2660
5017	-6693
5826	-3788
-3558	1697
4597	-4162
3082	-1525
5831	-6807
2279	-511
5079	-2390
3566	2917
-9381	1609
-8898	975
5486	-397
5774	-2465
5772	-2104
5652	-1149
-25356	18629
4531	-5082
5332	-892
5467	-1602
4481	-2971
5799	-2225
1333	-3085
5574	-1068
5691	-6021
3941	-4775
970	-5841
3290	-4587
2414	-828
5820	-4112
2114	-16
4963	-5842
4836	-9266
-5706	1521
4367	-3559
-673	682
5808	-1034
5752	-12164
-4062	12533
5307	-4406
5474	-1282
5776	-11609
4556	-3535
3606	2134
5800	-7579
4987	-6147
5823	-4686
3685	-10550
2868	-3965
5604	-1817
5642	-3165
-36555	49793
-1587	800
3162	2272
-7846	-8819
1885	-9419
3179	-4628
-12848	5812
776	-6005
-5796	-2836
-989	884
4716	751
5536	-8563
-3137	2683
4406	-1047
-30202	25395
-4327	-191
5415	-3779
3417	158
5742	1904
5080	203
-5300	3466
5803	-3246
5649	-147
1790	7546
-7248	11425
5368	346
5399	-5015
5723	-4559
4998	-3381
365	-250
-1488	2288
-24531	23209
1986	-667
4321	-4196
5797	-2361
-2328	-3538
3572	-2760
2783	-1938
5831	-2249
3743	-1274
5768	-3036
246	-3600
-4131	459
4920	-26
4956	256
-1178	-131
5801	962
2364	349
5812	-11098
5645	1903
5553	1119
4231	-3674
7	-4218
3603	-2849
5095	-176
5364	-3959
5382	151
5775	-10996
-3585	-6080
4557	-655
2273	808
-714	-6570
5805	-909
5334	-3076
5817	-1873
-1318	-1668
-14445	8128
-14283	9090
-5243	-211
-32371	37195
-4225	-3755
-3235	5796
1265	-4663
4661	-2402
5514	-5190
-9504	214
-21076	13703
-3581	-8041
2353	-7975
-18082	8445
4218	-3410
5743	-3217
5825	-1916
-11749	288
1982	-2522
5189	-1131
-36687	39285
5454	-1878
1406	-2305
5259	-11331
5600	-893
3323	-251
5828	-3786
4673	-2563
-5430	624
3601	-5485
2543	-3115
5698	-3005
5812	2125
4389	-6134
3339	-4184
160	6451
5718	-1478
5755	-3451
5210	-739
5476	-7043
5729	2128
5809	-3927
3951	-204
4277	-2039
5624	-6869
-32663	28183
5181	-4359
4319	-1731
4433	-1853
5295	18263
4766	55
5328	-3413
-32028	34693
5030	6279
3470	-4459
4406	-3562
-35683	54127
5817	-2635
5303	-4007
4590	-11371
-1967	1322
5566	-5668
4778	-4699
-10959	4176
-833	4150
5642	-9829
5803	-2114
5037	-863
-22457	9237
4807	-2689
1765	3273
5099	-3579
4870	3672
-3094	-849
4448	-2221
3859	-2260
5814	-1836
412	48
5178	-1227
5320	-2948
4635	-6170
1525	-3166
-18137	284
-16427	3064
3215	829
-5891	6101
5741	-10992
4006	-591
-5421	5589
2602	-4657
3584	-3525
4273	-10433
4558	-4901
4558	-1637
5718	2210
-29111	16508
3502	-8632
3498	-4299
-35104	32378
5242	-5106
2278	-3319
4569	-5395
-7856	2386
-6063	-1814
4915	-4027
5053	-8407
4160	-7745
5769	-3455
-1554	-1670
3272	-12018
2126	-1853
5063	-1188
5826	-3393
1925	-1250
4811	-2711
5608	-4408
-1993	-616
440	-1321
1917	-307
-36018	26313
3497	-3923
-14247	7410
-30141	22356
4099	1808
4013	-1231
5589	-2489
-12409	-2054
5569	-11261
5044	-4761
5358	-559
3561	-3002
4253	-5892
5468	-3874
2700	-2176
-3558	-1659
3845	-2897
-947	-8024
5439	83
3472	-2880
5018	-9212
-2317	4017
5213	-7454
4535	-2198
4301	-2928
1840	2512
4762	21
2487	-7470
-3118	-67
5421	-2749
5609	-6312
4185	73
-6201	1397
-2650	2581
5430	-1347
-9676	3249
4218	389
-5124	-1822
5144	1738
5350	-13509
5451	-4102
-783	-2856
1417	-3351
2996	-5333
4151	-1465
2512	-3182
5826	-3539
4563	1979
5637	1572
5714	-8159
5670	-2358
-9375	-1162
5682	-2393
1016	-3559
-3897	-1193
2668	-2669
2663	632
5428	-163
5816	-6957
-24037	13372
-3085	-1374
-27549	25354
-36335	53847
-27957	18821
-4235	-189
5701	-2213
-185	-1663
-3806	1748
-13054	9619
-28959	18461
5828	-2813
4418	-2402
-9006	-4954
4905	-4984
5493	-6902
3905	-6057
2075	-3358
5822	-4658
5607	-4739
4698	-5335
-93	2427
4628	-2178
4917	-4487
5472	2535
5798	-6013
5619	-4017
2460	-5148
5326	-223
5494	-1118
3529	-4481
5827	-1789
-5695	2739
5792	256
5499	-3174
-2791	-33
-31716	28203
3319	2384
1555	-3027
-36541	30775
5821	-7311
5811	-1887
-2858	-709
2265	-2870
1914	-2883
-29833	25068
3614	-1115
704	-1941
-12273	3869
5209	-1743
3777	-1396
4800	-12088
5683	-2020
3183	-5671
1866	-4217
4880	-2491
4960	1347
5831	-5038
1710	-2604
-1761	1698
5123	-1059
5377	-3897
5764	-4731
4926	-11137
-3921	1377
3843	-5210
560	2238
5467	-1466
-28152	19218
4376	1940
4478	-3661
-27517	34622
2858	-4694
4659	-1609
5694	-31
4154	-1544
-11376	1120
5695	3738
3999	-6350
5208	3740
3174	-7899
5557	-3882
5576	-5726
5257	-5121
4926	-1279
4400	-2242
5654	-4135
-30295	22300
5300	-5835
5112	-3050
3545	-4075
5475	-4557
-1065	79
-36192	51140
3061	-498
22	-719
5465	-2555
1970	-2771
5243	-3551
-215	2760
5727	-3664
2936	-7463
4476	-1489
-3508	-868
4282	384
5824	-104
4768	1811
-22627	16590
4014	-3053
5829	-5965
5811	-8095
5602	-4442
5597	999
2728	-1818
-17245	7504
-7087	10235
5768	-748
1710	-6031
5722	-2200
5108	-5764
5496	-800
3884	-3203
5680	-5471
1611	-1803
5776	-3588
5685	-5099
4046	-4399
4091	-4895
5787	-56
209	-2406
5742	-2696
3461	-4623
5581	-2410
-7470	-2081
4982	53
4308	-4232
3462	-5532
5829	-7446
-4294	-1520
5689	-7582
5807	-7488
5527	-5408
5670	-3389
4496	-2648
5176	-7658
1706	-3033
5175	-974
-33972	40134
5830	-7649
4017	-3726
-1644	9609
4461	-4989
-9197	1512
4284	-2785
5263	547
77	-190
-35424	48266
5774	-3627
5108	4081
4129	329
4037	-2352
2286	-820
5705	-10147
4746	-4494
-1642	-2036
5747	-1647
2780	6223
4946	-3167
-4673	1489
2463	-1947
3256	-4386
-5784	4711
624	-7128
5776	-2885
5604	-6576
4904	-7222
3143	-8156
5495	-1976
5538	-1712
2131	-4300
5457	-6404
2423	-2754
5568	-5126
4939	-9637
5530	-4955
5572	-7564
2068	888
-21030	14528
1205	7506
2783	-911
5771	2138
5373	-2816
-17391	3947
-2220	-5894
4778	-12974
3375	-3533
5690	-7783
5830	-242
-15181	6613
4158	505
2855	6787
2009	-2932
4630	-3738
4471	-928
5815	-10621
5254	-159
5634	-1260
-3358	3750
-3803	2079
5680	-1893
3168	-3795
4749	2771
-6147	3972
5	853
4231	242
5469	782
5150	-4745
5518	362
5453	-6467
2231	-9344
4307	-2210
-30123	25163
3948	-1404
5492	-8534
5675	-468
1606	25
3897	-2213
3280	-8384
-29492	26700
5049	-4743
4994	-6922
5019	-2018
3156	1773
-17371	7660
4384	-2364
197	-5216
4935	-2187
-5304	-8523
799	-2052
1944	-7252
348	-2952
1234	-1309
-4159	353
-2574	-244
5186	-2929
2995	-2948
5638	-2950
5737	-1425
-275	-1546
2294	-5256
5315	-3306
-13950	7199
5709	-3550
-35143	37595
-14583	8067
5352	-9151
4598	-1941
-33694	52715
4806	-4325
5438	-1749
3835	-2333
5188	-2204
4691	-1911
5615	-1836
3513	-11801
5824	-4569
4216	-8400
5181	-2519
-34043	37850
3899	168
2500	-1490
4220	-752
3561	-3959
-223	-3590
4801	-1752
1943	-228
3909	-4424
-31551	32362
1079	-5683
-35779	38279
4863	-6732
5624	-2935
5814	-4266
4845	-2768
-36366	44072
-30937	26494
-4763	-2128
5831	-2464
-25672	18239
-36686	42034
-517	-1932
-5314	326
-101	5441
2985	-2330
-1718	707
2489	-2683
-14101	5989
5643	-5093
5561	-2513
2486	1674
5831	-4455
1505	-4197
-12692	9576
5804	-3478
-17826	3529
4700	-4499
-431	-3843
3376	-4022
5735	-5674
5818	-4001
5296	-5078
2325	-5574
4452	-12255
4942	-3043
4309	-3225
4516	-10953
5798	-298
4456	-4897
