9160	3467
-11878	-20253
-821	4811
-2282	10952
7048	-2517
-11534	-6727
10308	6411
-2798	5602
-7592	-1107
22164	3837
10548	6193
-1484	3485
-1119	-2465
-3178	16645
-8355	-8353
3956	14187
14314	3074
5192	-9010
-5833	5920
14525	9160
-9911	-9210
-4307	7414
-16	4089
-1821	7122
1086	612
961	-13354
-889	10072
-4662	3368
-455	-1244
-13119	-20919
9095	-2844
247	-5041
-11085	-10599
11831	3761
28843	10868
4819	-2388
19666	11656
-2840	9808
2357	-114
4379	-3745
-10489	4270
18207	-9913
-1100	3776
-11201	-10219
2062	9069
6082	10210
-1098	-79
7924	4836
1895	15535
-5259	-3502
4357	10081
15464	19362
2719	-9216
-12185	-20525
-2715	1664
1942	3812
-1144	1715
22393	15835
-4619	-3699
-979	514
7727	3267
-4748	8699
2698	22798
-11294	-15110
6916	3324
-3400	-12013
-846	-2691
44724	15198
991	-2274
354	-7627
-12060	-7328
-4279	-13536
4426	3788
-11823	-4949
-183	-6876
-8495	14984
-8101	2857
-711	-2579
16540	-380
-8655	-3872
-4045	2580
-2647	6226
-10713	91
3821	10169
9330	13588
-7449	-3509
12744	8448
-3205	-6187
4580	7799
-12959	-6932
10971	2607
4536	-3710
11630	12281
-13048	-22422
-6094	-7790
19384	8646
-1288	10990
-5577	-570
11694	6168
198	17860
11422	8998
-8198	-1003
-9950	-8577
-9577	-11681
-11739	6522
8013	-2910
4100	-5140
1497	13113
-5200	2138
-3113	828
-7002	-8092
-5542	-2374
12991	1596
-3418	3964
-5621	3968
15724	9637
6533	-10240
5837	-10109
-13136	-14411
-4450	2607
7740	19118
-7163	-4753
-4009	14269
-12737	3338
9952	7858
-4126	-7724
-7902	1010
-8447	-19861
10264	15097
24332	3680
-12503	-17795
9224	9124
4757	-3002
-10779	-12270
13509	2509
-2028	9640
-9095	-13032
-10083	-595
-8303	-10835
8303	17181
-8172	-14264
-4050	-6334
10083	5062
-3050	3750
-5390	-6222
-3702	-5957
23868	16547
1075	12685
-1157	18156
6412	-4283
-4575	15130
-12929	-14364
32603	22285
-9947	-7441
4201	3288
-10538	-4790
8905	5699
-571	-5400
-8691	-12908
-6241	123
-9096	6283
450	-8832
7549	-1902
1809	9863
-9183	-8743
-11984	-17410
-3159	654
-9054	-5147
-3775	7554
977	2566
-3025	-19162
-7087	-4128
-4582	-9212
7024	895
2911	7217
-8599	1984
759	2050
2362	-6307
10535	21460
-4745	-9043
9957	4170
-3138	-124
3387	19668
4571	13110
-7633	-6178
-1401	-4809
3721	93
-3420	5787
-3303	12926
1151	11341
-916	-8862
15618	11414
-3155	-10640
-5215	-6185
-5765	-2295
-410	-3788
-4582	-6183
-5770	2619
4951	11606
-9553	-10211
-3511	-1145
-8801	-11648
-7634	-2336
-1431	-420
8822	-1679
-12314	-20374
10423	13439
25909	8253
456	5078
-9013	-10110
4098	3674
20952	5057
-3544	25008
-12216	-5812
-11516	-23963
-8818	-1507
-507	-30
19524	-10259
-6981	-5143
-8601	-1638
-1454	14063
16236	11936
-6183	-1263
13050	22848
-2007	-11235
3466	-11653
-11052	-11723
66	6929
-11530	-10286
17964	9098
18842	11780
-3904	-9984
13484	2040
8421	1221
14377	10642
4851	5942
7914	-1890
-11367	-6920
18730	-2531
-12452	-18682
978	-717
-202	-3982
-9870	8678
-9932	-16003
-5007	2030
-2038	-3784
-12013	-9347
-2107	-7807
9718	19132
638	2914
-168	7534
-11532	-7005
-6147	-10179
-4654	13652
23	3781
-7967	-7278
10664	7507
2220	1601
-7791	-22188
-11713	-12215
-4960	-5671
-7755	-12519
15056	735
-3014	-5748
-1838	-9076
-12297	-12210
-1844	-11470
-10264	-13852
-12018	-9094
-3886	5219
-5894	4407
-11756	-7538
-363	9075
-2715	-3027
-3703	-11229
395	19114
-3456	-379
-12862	-11911
-1915	-3231
17797	7875
17681	15845
5969	3941
-7599	-1666
-1970	-3671
-11023	-15333
654	7121
-11449	10549
-2304	-2023
1807	1478
-4098	3103
2812	-3145
-10386	-20642
-9624	-19927
-1271	9316
-3494	7986
302	-6418
-12267	-13925
10933	9469
12757	22402
-4010	-2840
216	16795
16910	33998
-6460	-274
-676	-10493
-12249	-7763
668	-536
-7878	-3838
-12968	-6146
26768	7935
3221	13456
-9779	-17309
17864	9880
-2708	1056
354	1292
-4124	3035
24347	790
-3248	-6168
-3136	-8508
-12713	-21451
11807	315
95	9203
-1407	-2535
-10266	-918
-7616	-1686
9450	4600
-11456	-18368
12042	19434
5826	-4898
17188	6761
-9093	-20750
-4801	-6532
20459	14477
3996	10908
-1037	6641
-5135	-12145
-9296	-5511
-10234	-4233
-428	1819
-10004	-5820
525	9169
-12453	-6403
-7925	-5245
-7562	-10695
7893	2612
-2155	-2116
-10626	-15588
5525	14401
-7410	3222
-8524	-15956
-5794	6560
9087	9034
-9530	-19266
9056	19173
-11268	3546
-2525	-10195
-12543	-7257
1695	-1218
-9899	-1333
-7439	-4177
1192	-5757
5602	10540
-6178	1191
-11719	-15882
-1501	-5422
-12770	-23328
13080	-4393
1344	-3506
4564	17259
7772	13549
-1249	-6041
-9451	-7818
-4964	4237
5581	-1125
-9373	-11583
-9969	-8847
9114	2733
17078	17118
1889	1134
-10820	-13010
2851	1645
-7632	-13890
3370	-5503
-6754	5202
11714	8627
-4377	1168
3037	-4244
1662	-6924
6510	-6401
-5214	-189
-2061	5985
-10063	-330
14554	4653
3643	23403
888	-7614
-1413	-3180
12873	7394
-4923	2381
2346	11155
-4181	-7432
1436	8697
-10465	2472
14023	26808
5010	8009
-3988	-2494
11988	8475
9256	6005
-11739	-10768
17882	11992
-5630	-4632
5188	-1075
-12987	-16319
10544	1907
-12338	-23161
-5158	15233
8295	7945
-12785	-22888
1899	2214
-13135	-22797
10962	5339
-7108	-2398
-9815	-9789
2823	19439
-7253	-14858
14647	2153
13469	9576
2518	-2155
14085	22109
25335	8745
-7247	-11805
-9978	-6633
7453	11568
-4024	520
8437	-4204
-5616	-10355
8563	8463
7702	-6184
-12161	-5492
10227	17937
7522	2247
-8868	-4658
-7395	-14055
-8509	-5241
-7994	-8689
7564	15502
-8405	9975
4711	6436
4186	17467
801	4867
-8721	-8903
6242	3023
11367	2980
-2982	-6779
15819	4479
8031	13371
5111	9493
-4171	246
35750	22562
2068	14014
-4740	8367
-9615	-12239
36	-6519
17685	10945
4764	6564
-5273	-9239
-8264	-7430
-4700	-7999
-6000	-4965
-8250	-10568
-3037	10470
-4950	-3871
1694	13960
-3538	1073
-9351	-3926
-3628	-7787
-7238	-19929
-10238	-4315
9770	6820
8081	16819
-9174	-9402
-10738	-5157
-11525	-3172
30169	23508
-10853	-9853
7035	13533
-146	4672
-6085	-11629
9502	9919
-4116	-3919
-8265	-7545
-2486	-7552
-4372	7186
-6283	-15492
-6989	-6699
-8796	80
-4246	-5692
-9044	-5177
631	4245
-7268	-7013
-10257	-2730
-2413	-4662
-6074	-1583
-9686	6524
-3097	14624
6444	14102
286	-13966
-8649	-11083
-2137	3661
15847	1888
-6967	4788
-1664	-3144
7342	-3281
-806	5181
-10475	-7968
-7307	-7330
227	-10247
-6348	-2094
5638	1782
-2112	-853
23946	1953
-8261	-11991
-10098	-12591
-9336	-9817
-1172	-1575
-9352	12410
-4741	-3224
496	-13101
1943	7177
5825	18594
11495	8458
18410	5664
-6577	885
-12129	-12655
-6148	-5877
-11226	-11208
814	11415
3866	7049
-1619	8735
-5865	7257
-3578	-2143
-1028	-7420
-12699	-12959
-701	1908
-9231	-16993
-2080	16033
2877	-3344
8125	-3148
10072	-9010
9190	4105
-10577	-18324
14757	3190
-7283	3660
26211	27226
-7281	-11631
3718	-4208
-5021	-7797
-4989	2954
7415	-7219
10722	-6037
4595	2519
14647	4190
-11973	3704
-11232	-9044
-2139	-4882
-12337	-4976
3349	8867
-2835	11534
8843	12320
-547	8988
6946	7500
996	4974
-549	-3180
-10886	-5021
11281	5046
31114	23377
-1623	-2112
-2615	-347
-9551	-10343
9210	8979
-7165	7115
453	18904
34301	12896
-18	-959
-625	-7063
-2594	-6131
-5968	-12581
-2692	3662
-12598	-16627
-8530	-13583
-7935	-9646
-10331	-13852
9749	5233
-1425	-2525
4958	-7082
9693	-2173
-3499	11109
8511	-7645
2469	-12076
-3454	-1603
-6097	-5534
6952	-5076
1838	6400
-1061	6394
10245	13575
8390	-8043
14412	2853
-7511	5321
-8939	-7173
1585	1374
-3215	1286
-4720	-4382
-6342	3820
23019	8192
-4248	-368
-10128	-11509
3452	3966
-8570	8388
-6315	-8584
-10679	-29496
6862	-2600
-7540	-9159
-236	1917
1109	13033
1109	-19875
-5563	6496
2226	6940
-8856	-1208
28741	10428
-7233	-1571
17349	12313
-9732	-9090
3905	-1178
2034	11862
2861	21544
5273	14817
-7103	-6373
10782	12733
-10681	-15736
25449	17937
93	-15919
-5352	-636
1100	-7104
-6475	2003
-5324	-2050
-5042	11516
-13151	-70
571	5328
-5192	395
-362	-3818
-1263	-14494
-10979	-11918
-12568	-13747
6593	250
-8310	-4767
26046	12998
-7649	-9458
22839	7936
2247	-287
16182	-818
-5688	-3384
-2627	3456
-4149	-3722
9799	5694
1243	15090
-10435	-10492
4703	9648
-2355	-11922
-2705	-6813
8709	3445
6861	10891
-3362	-4388
-1589	662
-8328	-12461
23916	3760
-5709	-20190
-9481	-6903
-11820	2743
-11399	-425
-11922	-6520
-6527	-13930
-896	-9735
-6608	-2876
7406	-3256
-11505	-16336
-11701	-13788
-11158	5330
-8082	8554
-4014	21164
30070	19484
-926	669
3146	12750
11182	-2171
-12949	-25867
-11134	-27538
43062	14263
-11194	-3638
1406	-9599
2764	-2820
7800	12570
-13134	-8489
-5413	-11596
2292	-9222
-5706	12969
-7495	-5293
-3448	-5579
1741	-6507
6532	15448
13086	2824
34749	19693
-9313	-204
-4056	-7540
-9625	-8279
-385	1196
-6299	-6239
-10194	-5539
-11733	-22675
-12752	-13595
26179	20306
15281	11504
-7673	-2689
-8946	-4302
14042	7471
-7688	-8376
7987	5066
-10548	1374
-13151	-9461
7936	6831
-1597	-4661
35038	5625
-11495	-16007
23142	24686
10435	1025
6884	11421
-4542	92
30931	-4734
-849	2133
-11776	-8926
-3074	-8467
869	5557
12483	-7778
-9015	6381
2626	-381
-12909	-5030
-6215	-18713
-2378	9168
3213	-882
-2028	23152
-5975	-13972
14543	6259
2416	1045
12281	4554
-8607	-7685
1617	13913
-7980	-7758
-9461	6282
34548	26752
-1383	1698
-890	-451
-12960	-21344
-5922	-4286
-7121	-4479
21090	15119
5356	-4314
-4385	-3010
-6170	-5103
-9644	-6141
-13118	-20676
-5884	1733
10592	13663
-10934	-7475
4163	886
-5768	5436
2834	-6881
6689	12245
21374	21247
-12023	-21936
-10741	-8219
-11724	-15214
13691	14047
16876	11353
2825	1241
-8748	-7291
13019	8050
-6732	-15270
2807	5350
1547	-1872
11087	406
-2201	-4039
-7511	-7287
-712	-1024
2000	1934
-5623	7636
-7040	-1268
-635	-7348
8964	6528
10972	-1441
-10771	-18230
-1461	-3553
-4837	-10896
1428	-4995
-4811	1888
-5271	-20441
14092	6050
-3751	2613
23784	19222
-3256	18863
7567	8110
8480	6905
-8709	-854
6967	1818
-11144	-16486
-342	9812
-2734	2146
-6992	-7943
6297	-4938
-9428	-953
1823	2815
11195	635
-4023	7234
-1186	-8993
-6747	3821
-8809	-9154
1312	-2129
-12318	-18500
-1985	-15364
21060	11420
-3856	-6978
-1829	2480
7455	-12453
-6950	-13761
-6012	4006
-8112	-8763
-9087	-2406
16760	16709
2598	-6613
-8235	294
24217	16164
5572	7665
-5969	-7974
-2532	-7881
-4872	-3357
14722	4494
-324	7526
-3151	-723
5841	6713
8549	2314
-6451	156
-3053	-2678
3409	-327
1476	10936
-10942	-12294
-2458	-1387
-9797	-1449
11208	-5284
3501	-7624
24339	17770
14744	18037
-6864	-9110
3728	2240
29719	15492
-10806	-16662
23959	16680
3950	4816
-11323	-6184
-11593	1838
7178	-3981
-3880	-389
261	6171
-10004	-17389
-116	-7363
-10744	-7706
-9125	-7981
-689	1988
-5218	-2383
3120	-5741
3783	-1664
-11686	-7363
-3073	448
3092	-3945
11389	2690
710	-4590
4733	1855
16957	21918
-10037	-7224
-11099	-10704
-4934	378
-926	-4714
-7694	-9909
2861	9593
-4778	-64
-722	2393
6827	893
-6729	832
-6987	1052
171	-2727
28907	6241
-10411	-5546
-3534	-3802
11575	1684
2563	5482
-7263	-101
-11427	-13089
-1486	13273
24040	-1061
-7949	4122
-10932	-15103
3808	-7674
-13146	-9173
-8636	-5655
1556	2295
2162	7958
-1787	304
-8409	-2727
-7322	-10439
-9397	1838
-12823	-16299
-5692	1406
3656	9971
-6715	-16450
-10270	-7072
-2875	-69
-2542	-5751
18029	-1794
-7347	-14392
3844	3631
-4270	8437
225	6830
-8209	-4230
-11391	-11779
-10901	-19847
5080	2826
2483	5296
-7971	-13737
4185	9799
-4909	-4143
951	4414
-3790	1582
-4626	21554
-10000	-32020
-11833	6380
3922	4298
5900	11735
6195	3522
41284	29374
-4086	7558
-5306	6178
-2334	-651
3468	-8527
8575	11686
512	14020
1166	-10593
-3002	13976
-3122	-3466
-6479	-7931
2833	-8692
-3411	-12055
-4548	-11729
-12229	-13341
11141	-6000
711	-322
-892	-4206
6923	842
-3666	-2716
-5379	-6535
-414	-13072
9100	6692
9250	10925
777	-1713
17687	19214
-3886	4405
1448	2676
-2513	-5191
2133	3092
11951	-1699
7422	13911
21449	5632
-13135	-18920
32956	8663
11051	10668
-11233	-3261
-4218	3261
-1428	1553
-4949	7863
15387	24399
-6675	-503
-7643	-2893
4949	-1146
-10073	-6496
3164	-7784
3684	6224
-6286	-4202
-9707	-2276
-8861	-9638
-3113	-7784
5489	19020
6211	247
-535	10637
-3847	-13783
5743	12862
-13092	-10103
-12858	-271
-12766	-19782
-6025	6331
-855	-5257
-3494	1386
-5604	-12846
-8727	-11768
27936	8812
-2774	-18441
5731	-1920
-1652	13706
7771	-7071
-8668	-9868
-12463	-6558
-5613	-3777
-432	8344
-4664	-6638
12463	-502
-9481	-10858
416	-5321
-8708	-2193
1823	-1807
-3598	-3525
-10977	-6855
11610	6526
27671	6624
-7886	-1452
15717	4900
-10417	-15744
-395	4038
-5379	-4661
3010	746
-7140	-8040
-1297	4733
-2420	-2870
3836	-7449
10355	8828
2470	1621
-8902	-2238
3225	12462
6491	10580
-10184	2229
-666	-4692
-12735	-4430
-8640	-1956
-4444	-6976
14445	11328
10904	2481
-3170	9016
2109	3796
-7612	-6897
-11558	80
-7583	-8369
-8285	-2264
-4148	2233
-7271	-4981
-8850	837
5392	6035
-2927	13669
2347	5235
-9182	-11237
-6779	-5807
-12008	8181
-7918	-11888
8530	-540
10812	12600
-12217	-23633
7762	3303
-12563	-12607
-12379	-14264
-7109	2642
11027	17360
7841	2791
-493	460
-1752	-7603
-3987	584
16658	13609
2445	-2357
-12308	-120
886	-3400
810	-8426
7016	12218
26132	2917
-10352	-4469
21889	14441
-7307	-2584
-5003	-12353
-5761	-806
-7626	-12006
-8288	-7028
2367	-249
-4039	-6315
12638	10283
19115	13660
8883	-1938
-2140	-4422
-1668	14282
7586	-984
3534	8113
-2296	-2172
13320	-2110
-1413	4366
2039	-5177
13724	8053
-2146	-6777
-30	-7332
40368	7315
-1069	-1596
-11032	-1014
-9285	-7763
19763	5513
6209	1321
-8167	8985
1310	3680
-9021	-11224
3196	-6967
19721	12793
-6447	-8270
724	3339
-7182	12634
-3830	5141
2996	5064
-440	2474
-4045	634
-9576	-11897
13975	14339
-7017	-7149
-6217	10316
16929	17196
4405	-2437
-3129	-6150
3900	7401
4675	-238
2139	12193
-7497	8727
-11565	-15306
6556	16519
-13004	-12264
-12474	-1934
1439	3035
1342	5127
-9505	-423
-12158	-7427
3406	5583
18877	17981
33	-7745
-10777	6133
-10935	-5387
-6472	6528
9778	5846
6274	-2591
11024	24209
-6195	5632
-8198	-9864
6776	3730
13350	8670
31637	31989
-494	-1757
9154	2092
-7523	-5370
202	22147
-6690	3590
-9266	12211
22915	135
2790	9538
-5023	-8719
-6696	966
-6025	6830
4828	2676
-5658	3849
-5418	6366
18200	26180
-598	741
-12133	-9612
-13016	-24503
-10818	-5387
-6203	-2487
-4063	4306
15589	7982
-12915	-13581
2151	5304
-8898	5351
-3404	-2045
4730	8875
-10361	-14850
-8558	-8065
10348	27717
-10569	4682
9322	4841
4066	5757
3046	14342
-888	10472
-7802	10842
7285	4997
-9401	-10024
-8276	11175
19215	-211
-13099	-9402
20668	3703
5215	-5628
-863	-1043
-8156	17105
16867	9963
-7805	-7436
-2154	-5987
927	3285
-11506	-12883
-7438	-6528
-3738	-5824
329	12683
7915	-1347
-11629	-11239
-52	11225
2636	-7781
11492	7768
-8841	-17203
9398	22951
-12818	-27532
-11427	-300
-12882	-4580
802	551
2014	11196
-12310	624
13742	2821
-12870	-21303
-7836	5940
6679	12174
-4994	-13047
-1835	-7036
14713	13666
5162	-3123
-4160	-17836
5112	-4518
1904	8256
-12751	-8228
11234	9322
13119	-4930
10190	12752
2657	8166
2869	-2864
-5853	-8956
-3339	-3719
-12211	-14852
-9463	-9947
1739	6773
-2337	-8589
-4873	10446
13151	7135
-8666	10814
-13087	-12951
6065	4072
9505	-1112
-310	-6416
-1119	3822
-4696	-21461
-9980	-9130
-2164	-7029
-8398	-12107
-8520	-2021
-7265	-862
-1317	-895
14882	7290
-3158	-15670
-4408	-11406
3218	10643
-8911	-3439
1438	-6118
-1062	4080
-4594	-23422
-11215	-18555
6018	12607
-2545	-10573
-10757	-6928
4086	2270
2629	-11745
-11366	-14737
28143	31039
-3888	10433
4938	5314
-12428	-22868
-2180	2565
6850	1701
-4386	-6843
-2947	-783
233	-2343
-8125	-2400
16057	18813
18192	8200
-884	-17136
-5185	-17972
-4981	-5109
-12436	-17522
5003	5471
-940	-1098
133	8943
-3009	-20642
14891	-637
-11340	-9317
-12143	-16234
20830	14193
-4322	15937
2455	-2582
15046	3554
-418	9686
3844	-3191
-9135	-1323
-2938	-293
24734	9404
747	-2761
-3714	-12141
1565	4426
10368	9905
-1564	-8991
-8676	-2142
-19	3425
14993	285
9315	-1571
-8200	-8239
9424	17808
16861	5344
961	-7667
-5306	-3581
-2555	-12104
-6118	-135
-3175	-6277
-3934	-10717
5633	-3171
-9129	10267
1182	-46
1424	16978
1276	1242
-3932	-1788
-6198	2720
-12705	-17125
-10653	-12602
12700	1803
-9843	-15134
-9415	-603
12614	8126
-3059	-17352
6928	19204
24275	-3880
7821	16095
-4165	-2386
-8428	-3549
-4476	-2595
-7123	-44
-7550	4450
7156	13372
969	-4571
-13036	-578
4521	8510
1046	-391
-1653	152
-11262	6198
-802	5868
-202	5334
-11287	-13606
20413	-4266
139	-2287
-11820	-14565
10998	6537
2205	89
-7965	-10745
-7511	-6980
-7530	-4314
-8576	-4490
804	2523
2566	18369
-2771	2126
20291	11287
6888	1502
-12114	-11475
-3141	-1039
-6542	8159
2273	-9323
-5653	3626
-968	-12355
-7621	869
-1465	2845
7221	18554
-4271	5919
-9360	2411
-4405	-1440
-8453	-12043
6227	14842
-10512	-13768
-6054	-6093
9728	9047
5440	12542
18636	8988
2808	-11714
-12896	-1815
15495	3728
-5181	-6300
-11543	-13827
7922	8053
2704	3065
-5057	-3015
1835	19618
3981	4074
-5212	-220
-5965	4643
5916	2491
-7214	8442
4340	-2132
5026	14112
-13151	-25070
-5630	-1225
4271	9560
-5450	-6578
11091	3736
-3582	6052
30268	8535
-9888	-8106
7470	8387
-9236	-6488
33562	6917
12983	5912
-12762	-2653
7107	-844
-3417	-2861
-11513	-1034
16230	15708
2494	-1973
1380	-8480
-7591	-9588
6428	6798
-7883	-9786
-6564	-3819
3019	2316
-11136	-5792
-265	7959
1558	-1264
-2287	4994
1685	2512
-3389	5561
7831	7690
-11852	1601
19723	21441
-7584	-2925
-9474	-10235
893	-1924
1873	3267
16400	6851
-12795	-16323
-10041	-6975
-12493	-11824
-9708	10219
28042	1511
16367	-231
-12835	-15321
-2539	640
1687	-6818
11196	9628
-6777	323
2359	399
-12211	-12006
7337	-2663
-3666	-4002
14437	11807
-12887	-27587
-11932	-14931
-10445	3944
12324	7510
-11211	-8133
-4397	6259
433	343
-10511	-17200
-9863	-13056
8607	8652
17944	13260
-7548	-3421
-2229	-4737
-538	10655
5740	10960
754	4798
-9969	-11043
-8115	-10884
-6707	16326
-6925	-6985
8358	13027
8972	-1830
4087	-5554
-4798	-15416
-5090	4874
-6901	-4149
18542	12141
-24	-4456
17987	3542
-8115	-2673
1537	3465
-998	6932
2208	-9689
1374	-749
7772	10838
2736	5295
-10165	-356
32392	10567
26066	12629
-2805	-5339
-3377	-4833
-9527	-8048
7744	-4014
21670	16065
-5145	-7875
-274	9294
-10570	-15975
-11664	-9609
-5979	-15864
-2134	5451
-731	-1653
-11582	-27027
27932	7503
-279	4166
-7796	-6537
7183	18043
8487	5342
6644	11538
36624	10831
-4878	-11723
9501	11971
520	-6932
-6620	-6338
-10679	-3803
5669	-382
-11469	-10120
12974	12796
-12885	-17878
7366	-6970
-10526	-11140
29873	15178
-9238	-5944
24733	7576
25972	16924
25994	20353
2209	2038
10204	14695
20688	13599
-4827	1985
3409	-3841
-6580	-3386
16722	28648
-138	8206
18066	18935
-6737	12949
19893	3158
-12273	-13162
-5402	6409
9974	-1669
-7278	-10445
-3985	-9595
-7006	4272
-12521	-19009
-8217	-1085
8058	-4312
3151	9745
12396	-1078
8771	-399
-2083	622
-5310	-7373
-13084	-17924
-5449	-5472
-407	-7644
-4094	8349
-11852	-19844
-9170	-7554
-1127	-6190
5139	-9725
-10692	-6037
1889	3327
-2180	-4866
5194	692
1348	11800
9391	3107
4873	12616
-2033	-3377
834	-8547
-1390	-1148
-8893	-1307
-6087	2648
-2929	4046
251	5551
10576	7084
-3855	-8103
335	-12437
10690	14082
-4045	-2045
5727	600
-3492	5951
-993	18640
-8091	-2170
-4726	-7885
-2845	-2683
10289	6269
-7520	9859
10568	2667
-1959	11590
5183	5247
7701	2149
258	-66
11072	-2832
-7663	-8292
-6985	-3157
5869	616
32618	5467
-1830	5118
-5896	-14456
-11154	-6459
-8737	318
-7488	-3238
-10361	-10418
1887	6315
-2886	9447
-7563	9465
-6961	290
2104	-6624
-4389	1399
7992	7989
-6770	-1193
-5446	-8428
-12438	-6158
-10022	-21963
10376	-5380
4389	10999
-12179	-11593
6809	20125
-6535	-3162
3443	-5113
19028	22564
-12201	-6195
3309	20436
-10666	-2193
-1359	-251
-7946	-7804
8664	7065
7165	1248
31973	15986
4341	4340
6701	6631
-12578	-7154
9231	5879
-8672	-3278
-7720	-9588
-7793	-7665
-10889	-9825
-7484	-1392
11479	2684
35107	13432
9686	194
-9031	728
-4461	1806
-7750	-4588
61	16228
2125	5393
11097	-5167
24874	8060
2449	4636
3762	7894
-9426	-4066
-8479	6351
252	10367
-222	1467
21901	10793
-12413	-29345
4490	-5647
-5325	-7812
-1888	156
17443	2894
5198	-307
8161	-10348
-112	12750
14550	-3973
1146	734
4227	-3670
-9328	6623
-9740	-487
-216	7679
5145	13493
544	3993
-8890	-19249
-3270	-2955
7657	6938
-7257	-5884
-8009	6542
-8437	-5081
681	-14358
7271	10312
-10999	-10550
-10821	-1375
28575	13245
-7121	1176
-10299	3088
-3859	10994
-8637	-684
-5190	5284
3172	-2498
1822	2978
-7764	-7301
15230	8741
-10951	-20029
-8848	-1688
11781	10478
-11746	-7526
-7970	3592
-7666	8298
-11964	621
1762	4688
-6663	-4679
-408	-17455
-12517	-7958
-259	4806
-7963	597
16852	8802
-11711	-13911
-8949	-9588
15918	9820
-2249	4834
912	661
1940	-1553
6999	-1886
-1191	-2126
-12261	-19035
-60	-2990
2369	10859
-5358	2477
3442	3657
-7582	4699
-13111	-17814
-9502	868
3538	-10961
9826	4868
-11446	-8709
2113	-371
21960	-1051
-2998	-105
10584	4074
7909	-4459
-1567	9935
-2117	10630
-12972	-17670
4218	4898
-7027	-6985
124	-5310
-8130	-12067
-7326	-4489
7745	1866
13331	697
-12299	-21921
-1607	-5605
5067	1518
-3650	-4168
-9816	-12771
-1280	-2890
-7169	10398
2879	11932
-6892	-2823
-5567	13671
4413	-5149
-2725	-8118
3473	8148
711	-3169
8147	-2552
-59	-6016
-5887	1302
-7055	-7950
10210	2772
-12732	-15683
27107	5031
-3040	6227
-4062	-4336
10345	5783
-4842	-5908
6290	-2848
-6347	2495
10535	-41
-8177	-1680
-11563	-13771
-4453	2466
5937	4697
5232	17599
-406	18547
9204	9904
-2074	2423
-2548	4610
-8988	-8110
-10011	-1014
-5539	-2098
-9196	-7744
-9207	-10433
-7738	4822
-7270	-15726
-12852	-21707
-2807	2438
11775	13702
-2533	-4009
29536	8659
-10113	-10240
15484	3102
10177	2304
-13019	-6757
-2954	394
8774	6812
3213	-8273
-3175	-372
-12830	-12732
-8828	444
-3567	-14457
-12063	-10054
20064	33959
-10254	-14590
-491	-5442
24681	30706
5921	6740
12036	-982
3420	1281
-418	-322
1821	-7078
1195	-14071
13816	7859
6155	3326
-13130	-24026
-3497	-1936
1728	3717
517	-6653
4209	17642
15123	13069
-3327	-7504
-10390	-19499
-8407	3337
-8532	-4460
-7178	8453
-1610	184
-10023	-15342
770	12880
-12773	-19585
-3718	-1450
-3797	6194
-7866	-6684
12607	8334
9552	6139
20304	4252
-12089	-15980
-7970	8762
-11077	3233
18134	16684
-12908	-13778
-1436	-179
10469	7495
-9823	-1965
-6852	-8468
1421	5415
5351	7138
21463	25043
-7543	-5829
5718	1826
-4849	-1174
5555	27375
-4777	-8056
30369	15646
32166	25480
3960	-8912
13273	8358
-11731	-21185
-4909	-7857
-7692	-2823
10086	1808
-6563	-3361
140	7467
6546	9654
-12348	2680
-8723	1816
2634	-1394
5174	-2652
-8218	-14316
5038	-3304
-5465	-2722
-5474	-9639
3806	6208
5565	9169
-1420	-189
-12519	-18704
-3264	-6000
-717	-4287
24799	18740
10580	-985
7910	9495
-4141	8060
12790	5057
-8477	-13190
-211	-17171
-5856	8089
18647	5974
-2895	4791
-9187	-7179
36472	9187
-12559	109
-5900	4026
-4099	-10484
-4307	-13663
-9692	-9996
-1053	2486
-8579	-4219
10486	-3073
-2211	436
-12912	-28934
23075	9885
-4972	-7970
-11814	-6608
5770	-3610
12185	13436
-3309	8466
-8243	-6330
35	-4405
4716	10184
2060	-3044
17459	16239
9446	-1267
-11597	-18463
3775	4441
-4850	3145
-5580	-8417
-11101	-6061
-7410	-15513
3307	6302
-6139	6860
-6786	1737
-1103	-9779
-10221	-13284
7996	1544
3110	18924
40187	19210
-10653	-4905
-3046	-12924
-3807	-379
-1806	-1997
-5200	7264
-6974	-6793
4530	10047
-7243	3405
-8971	-10251
-464	12539
11337	3123
-10589	-6250
15054	7087
3045	2294
6447	7313
-9975	-382
-10414	-15266
-5873	-2199
-8678	-13378
5562	9312
-6598	1269
-2708	-16921
-8323	4788
-5213	943
12386	2615
-6452	-1352
-7791	-15754
-12601	-7938
6116	3072
-8287	-16229
12165	6943
1540	3647
1708	7492
-12254	-11753
-3837	-10695
1005	-2272
14290	9793
16458	18153
-9378	-8605
4316	12801
-6461	-662
-1846	3254
-3650	-14726
7669	10030
14009	20740
6621	14801
-7162	-4544
-5829	-6423
-4953	-8324
-12830	-17054
-7174	382
16917	6307
-11621	-15231
-11670	-16179
-1617	-6740
16163	14544
-6199	2063
-4664	970
-3536	-9309
-8544	-8941
-10348	-10191
-6819	-3516
-3361	-1651
-11561	-9443
3967	13477
8890	7318
5762	-1060
8609	9349
10780	-7874
-12888	-16022
-3442	4361
-8539	-17117
15424	9944
11132	14945
-2323	2831
7947	21335
-1704	-2846
15944	1973
267	8632
-8353	-36
2539	-12101
2089	6626
8248	14112
-5999	1211
-1954	6972
-12328	-18542
-4055	1331
-8507	4512
6544	7195
-10853	-12115
-11519	-8152
13213	9139
-8888	-131
4231	13349
9189	8682
-1041	1805
-3509	-1972
23085	7041
-2345	2757
-7761	-6841
-3100	-12008
6920	5816
-1429	2629
-4428	11031
-12128	-8601
8891	33277
-2028	2939
4506	5232
-2569	-6784
-10797	-9061
20356	12086
3320	7030
-7405	-13586
-9349	-11754
-11766	-529
-4300	-5085
-4197	4521
-6457	-7061
-1657	-892
-5699	5480
-2762	-10233
29318	18288
-2822	13941
-12306	-20001
-5956	4077
-10202	-5646
-11009	-15566
-32	3463
-4924	-694
18371	8444
-3280	1609
1216	-3309
-13077	-22347
-3792	-4412
5421	-4057
1773	-5656
9161	13342
4269	2525
-1860	-5504
-9240	91
-3236	-12860
-10116	-3992
1462	-7407
-8424	780
691	15064
250	3880
6608	7230
-4639	5286
4597	9623
-5613	-1546
-12631	-11079
-6873	-6525
25667	20984
5997	-5952
-3593	-6098
-11892	7127
-11568	-12493
-990	-369
-7674	-9820
4211	-1639
7488	10184
17030	4497
-6421	3824
1768	-2718
15323	14568
-10521	-3100
-4575	-8212
-11675	-12875
7786	9723
3323	7745
-5714	5659
-10726	-4509
21891	19551
3532	-857
-4739	-8757
7955	18903
-11889	-9146
-9048	8025
-4879	-806
30804	15754
20727	16371
-9258	-19920
-11702	-10284
3133	1134
4012	-7766
-1761	368
-3225	-3571
-10575	-9260
7719	-750
-5178	-3345
17199	17311
-7164	-6895
-9053	5974
8342	8485
-9315	1917
-591	-11622
-8296	-1818
-867	-2271
17034	412
-13042	-18596
-2047	-430
-10335	-1528
10888	4672
-643	240
-4472	2131
-1087	-8875
-10691	-8406
-9479	8291
-2321	7469
-4741	5849
6342	-7631
1028	-3022
-2087	-1720
3944	5531
26211	15653
-4837	2635
10314	11363
-3986	590
-8831	-10540
3489	-2112
1794	570
12377	12703
2321	7362
-3169	-1579
-12872	-14199
-4662	-3456
-4047	-1420
-4605	6977
-1607	-5276
24048	13754
6439	8233
-4095	-3820
-6589	-10506
-9847	-8215
-10121	-13985
2228	14582
-6106	-3323
-372	-420
5443	6043
-10679	-12177
-1128	-7703
13524	1491
-9936	592
6760	11704
1261	346
4508	4346
8190	-51
-7657	-4895
-10711	-10653
7381	8522
-7800	3426
12644	4642
-3147	9177
6212	8816
-8067	1860
-745	-21164
-9888	8662
5459	12747
-7731	4950
7596	11993
2989	-3333
22110	16811
6799	3229
-7892	-8071
10734	11703
-558	-5479
-7541	-8899
-2882	10559
1065	-6147
-13147	-20858
-12848	-5461
-11040	-13621
9983	958
5043	-2968
4088	11822
-12639	-17661
920	-3745
-744	-4495
8554	580
5855	1424
-9140	-5388
-1504	5552
-3806	-5996
11503	30255
8068	21173
-2094	-5690
1629	5367
-11281	6619
4081	4199
2408	4831
2990	13651
-2807	3034
-348	10315
5913	2142
12362	8066
-1508	14956
-7767	-3580
-1003	-9015
1534	8004
10844	3359
-8761	-4783
-11009	-25388
1812	-5519
-1571	1330
3050	9519
1914	-13089
-5717	-5649
-10206	-15315
-1790	16731
8816	2641
-4267	5395
3995	5500
3240	-3029
-1474	11975
3881	26264
-6175	-918
850	-1131
8023	4569
31004	5400
-6874	-3769
12715	21099
9621	14545
7332	16301
-5125	6148
-4791	13129
-1881	-11287
9992	8950
-3255	-14167
-4681	4265
575	3400
-9250	14092
13394	1598
-4648	-670
-6810	-2556
6744	834
-9813	-2305
-3952	-109
35609	31749
2234	8667
-33	912
20500	13059
23540	28151
-11240	10318
-6230	-8101
12239	19664
-12625	-13792
-10719	-5552
4978	4572
-7482	-6166
-5917	1871
2315	17097
-9576	-9014
14885	2412
3109	4173
16913	6947
-2011	-2633
-10617	-9114
-7974	12792
-9379	-2522
16224	12064
-2148	-1672
16395	-2972
14608	28072
-8815	-18388
17152	8660
12068	-659
-9435	-21119
-9841	-1650
-12918	-10807
-7779	1217
-5696	10689
15476	6001
35540	27902
-1319	-6274
-562	10261
-3475	-537
-5550	7420
-12692	-11947
2626	13761
1949	-678
-12709	-7278
-7864	450
2046	-6474
1368	3123
-5187	15660
12047	5885
-6099	6991
-13158	-11789
8710	19127
-1369	-1547
-10356	-14822
5275	2619
-4063	-1856
-1950	-14691
-5508	-1149
-5618	855
-1086	4458
-9960	-4002
1929	9431
-1520	-9019
7424	8329
8739	11632
-8146	5588
-4381	1598
-2469	-3647
-1970	-5455
36340	14750
-5837	6459
-7209	-5495
-8052	-14945
8468	8666
-11302	-11637
-7724	-11473
8632	15423
-6159	-8564
15903	10256
-2537	-5106
-7319	-13888
16394	-1132
-4263	-2059
6633	17988
7156	-1887
940	-1425
-10994	7347
-2734	2069
-1476	10117
38098	18708
-10853	-3185
18914	-2315
9105	19659
-3796	-6180
9332	-5287
-2284	7384
6030	10489
9099	2380
-2857	-1879
-6354	-4598
900	-1703
-10350	-5697
10740	8226
18329	32583
-12784	-894
-8097	-239
-1385	-15329
9668	-150
-4568	-2196
1646	-1905
-11255	-2309
-5755	-5524
-5026	-2288
-10301	-23699
6644	16141
-10969	-14023
-10259	-9665
-4338	-8084
-156	-357
-6169	1201
-7063	4369
-11548	-6795
-7566	-2405
-2604	7064
782	7644
-4356	-9080
-7071	-10394
1648	19337
-12810	-7314
7503	3506
-9099	-13471
-12275	-25430
-352	-644
-8607	8099
-2715	3950
745	-1752
-3483	3026
-7082	-2455
-6520	-876
-931	3477
-3567	5372
3007	2971
-4453	-5367
-5865	-7745
6195	5842
-7580	1523
-46	8304
8687	20712
3696	-6530
-8656	3020
-6868	-2553
12733	-2215
22366	11726
-5102	3022
-9053	-11244
-9722	-9903
5918	818
-7956	-2603
-10251	-13864
-11160	-8606
-8668	-4513
-3462	9760
-7985	8285
10666	2165
4213	-2287
-5741	81
-3332	1933
-7987	-915
-174	3258
-8027	-4857
-8476	-5946
545	-5043
2826	-100
4330	19962
-10960	-12826
543	-1353
-1189	2630
1784	6188
-9858	-19960
-5089	-4681
-12949	-8506
-3050	8179
10723	-10522
-5253	2428
-4840	-2410
-4567	-2915
-1595	-431
4478	-3122
-11193	454
729	390
8400	12770
19973	13875
5043	4726
-9195	-13857
-5698	1566
-2591	-3009
-8567	-4048
-10954	-23784
-1953	-1597
-2663	7331
9400	7263
6507	14358
541	6224
10051	2649
-327	-424
25966	9357
1157	5194
-6629	-12740
-5691	-3772
-564	-552
4111	11886
-2562	8900
12857	15260
-13133	-2226
-2078	-1727
2024	-5965
5828	-541
-2283	-4891
-4834	3382
-6551	-8057
-7789	-5432
-9177	-12519
-10572	-11793
-13107	-15610
20314	12040
-5116	11775
-11771	1033
-11613	1124
13850	9885
5846	5680
-3380	-618
-10847	-18271
-11777	-14806
-3735	-14192
-12323	-15071
-12540	-7838
-7547	283
-6121	-646
-3669	5937
-7206	2631
-9832	-7330
-8255	-1353
-9678	-13168
-2660	-4694
22234	8704
20401	15004
-6723	-8832
14034	9108
-5506	3828
-2351	-6925
7446	18295
2969	11344
-1719	4520
2361	-12800
-994	-3023
8541	-1841
17931	3692
22908	14376
622	9721
-9342	8663
12558	-5095
-8422	-2483
-10403	-14837
-9608	-3945
6408	4421
15642	23624
825	2006
-10526	-7194
-12320	-5830
-2833	2662
12830	2795
1383	663
-3476	19617
-2685	-6429
7533	9095
-7473	7362
-8556	-9619
-1805	6756
16405	4849
-3208	-862
-3479	4463
8523	7268
-204	8524
-9059	-1734
419	3084
4304	-12701
6317	911
19686	4630
-7644	-16205
-11359	-5865
-1425	4521
-8878	1536
-10313	-4649
7142	-5295
-2004	-6932
16273	10010
2568	-4716
-5597	-1876
-8716	-15612
25371	13781
-2670	10074
8025	3782
-7597	-6451
-6071	-1569
5210	-3218
4460	1542
14304	9607
-9870	-10781
30034	5789
12180	9714
21422	7236
564	-644
-3870	-3786
-10358	-18782
-5226	-9190
10336	11999
1152	-9561
6139	4941
-3149	5042
8749	5934
-6928	-17445
-1115	11055
-6320	-7329
5250	-12360
-6549	-3545
6221	1300
8522	-1580
7811	11572
-3147	-83
-9942	-2823
13090	2285
-10648	-10347
14428	1149
-2499	-8263
-6338	-9440
2534	12044
-2204	-3263
-12362	-24387
5302	2812
-9360	-14161
-10868	-2326
4681	7601
15166	16657
18356	9285
-1350	-3066
5347	6812
16984	-5286
-2673	-10292
-3825	5465
2091	-2783
580	-10158
-672	-6421
21906	11368
-6896	-7549
-1282	-343
-9730	-3865
-3724	7949
17117	12484
4434	4490
4468	17374
-3577	2018
-777	-3186
16924	8111
-9763	-9604
-7921	-2484
-8895	-9784
33663	10336
7880	-815
1281	3548
-2918	-10320
-10506	-16542
-11303	-15067
-4997	3946
-8405	-2431
6268	20640
9714	4518
7555	16704
4219	-662
-3249	1422
10030	20284
-2542	-5222
2876	-1144
-12156	-28695
-5861	-2544
-1781	489
6611	18236
-11113	-4632
33294	12793
-224	6388
-11474	-10101
-4983	-7043
-10448	-6185
-5929	-9444
-7997	560
3033	-3188
-8504	-8927
32015	17988
8411	163
-7178	597
-3487	-6565
4387	1630
281	3115
-6114	2051
1304	-5675
9546	12920
9557	13951
-9731	-15029
5125	11727
5403	4376
4818	-9643
-2807	-2340
22575	20401
-8545	-9966
-12970	8176
-7282	3869
11407	2812
11644	12798
-5045	-8065
-12880	-21778
-5410	-9492
-5867	-357
-4768	1108
423	-6914
-12896	-19255
-4056	5373
15423	10258
8579	-10295
27239	29415
-3826	-5179
-8806	-8166
-8605	-12629
-10260	-13019
9605	11226
5039	8957
-7986	-9886
6507	2876
-4962	5833
14012	4895
6868	7190
-6274	-2369
-4322	54
-5944	-1332
-1115	-3648
-3039	-8395
10024	-5363
811	2790
-6115	-519
1844	-14025
-4780	-2967
-12764	-4369
7807	4539
-7803	-1119
-497	-707
-3840	-6676
6867	1814
4149	5431
-2507	-8543
-3646	-12389
-128	-1743
-10142	599
-29	3202
-4626	-6790
1215	413
14910	6053
-10574	-18155
-7211	3159
-12301	-4176
143	3788
-12967	-15196
-11957	-16336
-10017	-6580
-13132	-5660
4110	-10269
874	4853
-6424	-1321
-1788	7693
14156	11882
4637	17110
6637	-2503
3308	9100
-9419	1141
1747	2852
-8777	-10817
17141	14641
-2738	1682
17235	3092
-154	640
8580	-4128
2913	-1171
7631	6578
-4566	11289
1405	-12446
-6108	11205
-4613	1900
19138	9386
-4830	-6209
-6553	2803
-10559	-17967
3951	9233
-4599	9568
49008	15756
-4970	-8233
-6946	-348
5799	15816
7224	6281
-3819	8717
58	-5488
-11944	-12480
3142	981
-5567	-6029
-9869	-4843
9204	-6797
27539	-2649
32530	13791
-9977	-10674
-5276	2827
2077	3642
-12962	-6949
-13076	-21016
-8851	7220
-5614	2744
-2107	-12504
-7937	-6809
-2052	3485
-11058	-6558
-9140	-12018
-9417	-7754
-99	7940
-5177	-13175
-5341	419
-9196	-14356
-6809	-9135
-12513	-4523
-12971	-27189
-8865	-6351
-3818	-5776
-6950	6180
-11337	2446
1459	374
-2868	394
-4659	-13606
-3465	3400
-2589	4966
1192	561
-13146	-13321
-6121	-9170
-6534	-3110
19659	5914
-10820	-6833
11674	4423
-3398	-6760
-2131	-1310
18011	-5766
-7241	-7206
-6033	1677
6937	3581
-2689	14689
-6476	-3518
-3537	-1524
-9829	-3801
1502	-7922
1123	2088
3490	-1358
-4472	8908
11258	24747
-9830	-9966
-2296	21943
8397	5823
-600	10356
-11608	1646
2603	-612
1471	-2969
-5296	-9625
-3377	-10389
6431	3968
3738	10973
-3629	53
7798	-336
-5971	-3930
-13086	-6053
-3851	-4423
2249	-2988
-690	-14404
-7921	-7358
-13004	-19814
5437	-1498
-11765	816
-2290	-13034
-6054	-2928
5832	5197
8322	-738
-4855	12262
-6040	4849
-5731	3154
10988	5115
3828	16091
-3550	5785
16816	7886
-3895	13608
-10598	-1373
26180	22034
24498	11715
6682	13269
4292	-2095
9461	9078
-11794	-4394
10974	20466
-7179	-2774
-12362	-13581
-13097	-1477
-2794	-4129
-3122	-5524
-2273	117
-4009	-3270
4424	13408
3985	9235
8403	2458
-6459	-6784
4159	5605
-9855	8021
18355	11204
-6838	-4821
-3378	97
-8959	1838
7737	18159
15485	3803
4224	1913
5489	-2645
-4418	5933
3761	1013
-712	10284
-6616	-11371
5594	4773
-12810	-11848
8778	-1427
-2800	-3541
-1640	-15036
8944	-6176
25886	23192
-1645	-855
9131	5210
-3000	-3523
3541	6021
-12963	-14537
-5615	-2431
9474	15391
1075	5279
2864	-8971
18580	-1499
5364	-1652
-2540	6691
8661	10479
1764	-5215
-163	-6978
-6315	2355
-5700	-4705
9935	10238
-8753	-2953
27937	15777
6697	15075
-5640	-6329
10786	-5965
3533	12332
-1257	196
-9833	-10964
4439	1038
8312	8963
12114	5477
17039	5890
50	-3421
-10583	-7582
-6228	657
-13104	-9208
-10550	-15111
800	8079
37881	40563
-9842	-7972
7705	917
31211	39503
9855	12032
-5079	659
-3004	1691
-6757	-5572
-4603	1080
-6042	-14904
-6435	-7916
529	-1465
-12462	-14801
-3565	-6907
-9018	-7119
-7643	-7085
2009	4331
-2576	-8603
-10204	-3132
20749	630
-11852	2356
-12026	-25683
-7517	9456
10318	25575
5057	7948
-2408	-4550
-9134	6916
4867	12907
2415	-6122
333	2119
-4050	9527
-11763	-9229
14798	28627
-9894	-10666
4776	4161
14763	-1596
-10457	9771
-8211	-15404
-11348	-4522
-4872	-12803
843	1627
-12851	-7862
-12209	-13476
-2149	-6126
23605	13203
-424	1745
-2515	-8284
-4624	-6815
-215	-6466
-9507	-1067
-1244	3218
-11788	-8240
7151	14203
-524	-885
403	4247
16519	23565
-11096	-5928
-5366	244
-7665	-10943
-10556	4728
-6276	-15205
9480	78
-8271	-2246
-9500	-2321
-3980	6691
-2586	-1827
-11420	9949
6137	6922
-1423	1662
-9344	-998
1419	-3779
-2079	7751
-2980	-6591
5380	8028
16433	6928
31274	8478
922	6463
-11974	-28267
-2987	-341
-7868	-15697
-7469	-7522
-3850	-342
-11776	5184
-4532	-7593
15745	739
-6943	-3134
174	6224
-11074	-13186
-1096	982
3557	-6407
-4417	-12070
-12860	-9546
-13093	-21520
3614	9441
-11140	-4806
-6555	14248
-6270	-617
-12123	-21412
159	1865
-13103	-12093
-72	1235
-10002	-8302
-8954	-15436
-12605	-22983
-9881	6737
-9554	-5308
-8579	5953
-2059	-13098
-3960	-4277
10479	16012
-6530	-1716
11502	10040
14805	7093
4204	-4868
-6644	-19361
-10510	-12597
9093	1464
4930	14517
8835	15412
-7310	-1598
-927	-4140
-12026	-19764
-4101	-9176
1701	5715
-2294	-14596
4903	1800
-1292	-9083
-5672	6455
17375	-1130
-10968	-4458
-1285	-7059
13466	-340
16726	-318
-5881	-724
5877	-610
-10952	-12388
-8698	-6515
-12014	-1736
35140	7511
-10050	-16561
4034	7638
3158	23446
-1223	8407
17470	14900
-7627	-13759
-8109	-6107
-1357	-654
5673	7430
-8573	2877
-1230	9488
-10407	-12155
-2063	2561
24132	23975
-3980	3279
-1147	4502
12469	16175
-7937	-5451
332	-407
-9609	-1508
-2006	9800
-2698	8723
13331	17728
-12390	-6358
27369	1227
-2528	430
-4444	-2125
-12020	-14979
4723	823
-10250	-2266
-2108	-122
8808	4650
-10538	-5156
-12166	-22902
13728	2635
-10861	-11121
-8356	-9107
-3052	-2994
-10214	-9949
-10960	-11827
-10156	4495
4037	10328
14565	21345
51348	33572
-4070	-15359
-1576	705
13443	12811
-11634	11050
-8587	-12365
10417	3545
-3742	-21240
-8603	-5944
15410	8856
-5394	6092
-149	9065
-2820	3672
13577	5035
-4334	-4270
-4642	-18536
-8842	-16690
-3692	518
-9476	-13135
2598	-16099
-442	-469
-4742	453
5338	-1049
5506	173
2500	-1905
-3822	-2906
4414	-6685
-1142	386
-7392	-11093
7298	15138
-10285	-11287
-10058	-10775
-11881	-16900
17529	9583
8039	7220
12653	1107
-8315	-16223
14113	21349
-7189	-1563
18153	11199
-8604	-11591
563	1426
-11340	-2
-13001	-4238
1434	-5945
-2524	-8911
-2569	-8175
3252	5877
24643	14780
-1580	1803
12341	-7848
23117	10982
-13159	-8666
-295	-7894
-7018	-8227
-12295	-15753
9135	-4097
9686	14849
-4870	-2882
-8298	-14058
-12761	-12175
-12056	-23772
-8883	1485
16023	20860
688	-9421
16255	34180
-2248	6146
-10399	-5202
-953	8483
14191	11654
-12747	-1815
8512	5577
6078	-4487
-4298	-4929
28595	9408
8925	7955
1062	8813
17444	13807
-8739	6397
3961	9632
-5244	1465
-4995	7138
609	-10072
-8977	-6953
13087	6242
-3864	-182
-3542	1213
2934	-4910
4263	4219
-7528	3340
-4064	3348
15143	16624
12088	-3645
17818	8635
-8711	-7422
-11959	-19599
3613	27629
21506	4559
7651	-1429
11367	-2960
17061	20627
15710	14855
590	880
101	-12263
21016	13965
9803	6519
-3560	12110
436	12496
3053	5537
6642	-3033
-9446	-15773
-12605	-12891
40122	7057
-8376	-7427
1167	1946
-11742	-13222
-2589	2867
-2954	7978
-2540	-6741
4830	2160
-6525	9252
-8674	-8206
-7881	1397
-6008	-1609
-2450	7267
15795	12255
20659	7667
6195	-577
9634	6940
-6089	1709
-7282	-2257
3383	-1813
-7032	-1725
3960	-796
23191	3116
13289	7878
14361	14647
3160	10616
-13104	-13509
-4748	-1265
-4376	-7117
6979	4404
11507	-8255
13004	-43
-2960	14211
-12881	-15454
-10781	-14917
-6087	-4707
-8923	3321
-9740	-15330
-12755	-31707
9207	14250
-11094	-7177
-278	4706
14513	14439
2467	1249
8651	1258
-4650	-3368
-2035	-8353
-1760	-12419
-8047	-12742
-10441	-13411
8390	6235
-4884	3221
-7595	-16627
8300	18280
-6337	2974
-12036	-8334
-11369	-2955
-3453	-1663
13996	14811
-2108	2546
10429	4637
1121	625
-8688	-3846
-8586	-14584
-12783	-9925
-12824	-15349
3192	-14572
-7517	-7153
-8926	-10563
-5671	-2785
-5356	-20136
3893	-7202
-7123	-685
-8261	-1839
-4561	2617
-7742	-900
8501	12514
1583	6336
-7241	6100
3119	6330
-2452	8652
-10421	6440
-5645	-2209
-11534	-9951
-4567	-7573
2263	11154
-4069	-1761
-8522	1497
2555	-7844
-1507	85
3091	-13102
-4791	-5963
14723	1472
-12451	-12659
20016	11615
18838	4652
-11745	6667
-12390	-21784
2346	-1595
9648	671
-8004	-12293
10743	13098
-4349	-14176
938	5916
-12369	-16027
2673	1733
-8099	-7037
6529	17456
-11979	-19433
-2367	17429
-10706	-6640
4343	12640
-1287	-1071
-12953	-26260
-9737	-15933
-824	2165
7854	2750
1648	2393
3161	-4290
-3307	7552
22747	4322
-7183	-5206
494	-10220
-1688	-4319
-1418	-5745
12803	-9693
-8987	-19719
-12600	492
-4724	3548
-10608	-3473
6462	5417
11131	9988
4635	-3657
-117	1163
-8634	-13504
12390	34165
19085	6538
21921	20026
6958	11406
-9838	-4481
-8127	625
-8477	3402
15660	23406
-6636	4073
-7792	6999
6824	2283
-7271	-11764
-8079	-15972
23504	16141
-10068	-10745
-12506	-11543
11291	5500
-12392	5174
6764	5921
-10269	-3128
3003	3283
-3008	2550
-2812	-5509
-2337	6201
12025	18252
3994	22246
-12941	-13640
4385	-2955
-5065	-1031
2346	-1753
-2259	14991
-6200	-18617
9808	6826
-10104	4102
-4998	-12045
-9208	2505
9076	7070
16714	8959
-11847	-2423
-4549	6273
-2498	-8272
10347	8574
-9934	-1718
7329	-1477
-10390	-8723
-10826	-10866
8650	16972
-7870	-4083
-3451	4508
-908	-13310
-9291	7113
-5233	-11295
7713	-5340
-3914	-1999
919	-6805
12302	4421
19543	23637
-2607	-4654
-12477	-9683
-910	4462
10058	26891
-10647	-5535
-12921	-17654
-10566	2485
4221	3508
-5644	2099
-10201	-14192
17618	8864
13531	-1931
26264	19690
-2383	-4465
14944	923
11552	3629
-7537	-1311
1846	8468
4018	-6906
-6916	-5836
3241	-851
-12204	-16747
1469	-731
-9927	-10577
13258	1753
-12844	3440
12157	13671
-2215	-1336
-4446	-1430
4313	9623
8389	-4598
9532	6088
-11910	-1197
-94	9908
623	16324
31692	13684
-6239	-10104
27900	3630
5403	-205
10655	1301
2003	6148
8318	4703
22103	4749
-6675	-15341
-5451	-5686
12952	1234
-9173	-6299
3772	-274
-6338	-4831
4350	6659
-4036	-14027
-10538	5004
10225	14257
-3120	-3711
-12649	-608
22272	15549
2985	-5568
-13115	-23070
5141	-6439
10709	-385
-4507	4005
-4727	-12548
10425	-3712
-10759	-3040
7268	8707
-9782	-7965
17772	24430
-2365	-811
3592	2892
-13156	-241
4967	-5996
-6617	4943
-10508	-21313
-11743	-19841
-7721	10814
-5793	8072
22380	12311
8526	8729
-13095	-10710
7868	15095
-4873	-1774
-5215	3330
-5819	-5599
3743	6445
-9969	8806
-6293	-5298
12320	3602
10155	5224
1621	1081
-992	7071
-3019	-7883
-10030	-5762
20442	12694
-3209	-8725
-4923	-932
3730	-6584
-218	5708
-3864	-17234
-3109	-1101
-6604	-1275
3380	53
-8667	-15236
-9242	-4196
35673	8250
-6607	3922
-5717	-16893
19	1646
135	-11988
5665	-1950
-7054	-5136
-1013	-1171
-10117	6134
-8539	-8486
-4653	-2287
-1626	3793
198	2205
2377	435
1381	-2287
-2472	-5230
6479	15529
-12315	-9820
-2136	8505
-3844	7942
171	-5628
1543	-4737
-7613	-4608
-10570	2537
-10204	2712
-909	6773
-1313	-666
5263	2422
5609	1583
2538	30801
-7473	-11688
6304	15678
24896	14548
-12943	-28685
-3552	-6869
27983	9762
-6325	-8806
-11010	-11032
-12949	-16021
-1809	900
6633	12358
3144	8705
-9089	-4570
-8452	-14365
3982	5226
5915	8048
1131	15110
-8565	-1022
-4063	-11570
1792	-4260
-4154	-14520
-5058	-1230
-8085	-3023
-9733	-3800
10477	8613
-5538	-12155
-3078	667
-7566	-4702
19260	13765
-4340	-4595
1183	1949
29265	4356
-8107	5182
16010	25697
-2968	-4843
7976	330
-3203	-2530
3519	5581
-9729	-9042
12072	7823
16136	14953
4817	10895
3937	7808
28379	8572
-3649	1992
-10860	-12560
-3482	7884
-13148	-13692
6177	-7803
15549	9902
2248	-9107
7287	6886
5955	5168
-9194	787
-2173	-12903
6928	-2454
-7527	-12332
-10034	-9430
-1858	10246
-5546	780
23827	7434
17526	3333
-2628	4705
9138	7117
4669	-400
-10071	-13096
-3948	-5407
-7297	6234
-5726	15902
-6661	-5063
-1505	15240
-11262	-6255
-332	3662
-11709	-15647
223	-10217
-6584	3662
-5150	5645
-498	-4839
28735	12270
-4987	1871
8006	21480
-5613	-6716
-12260	-19693
4241	-539
-4192	-4155
-5702	-8981
22508	9813
-4460	-14036
-6601	1783
34938	9511
4357	2298
-12003	-4164
-5332	151
-3970	2639
-7955	-4364
-5274	9910
35962	14837
-10446	-14466
13522	1388
9404	7659
-12612	-18733
-7082	-17085
22198	5171
-12878	-24030
-3392	7213
-8119	-5845
1600	4454
-10444	-19737
-7776	-7788
-460	-2179
1510	16379
16891	4610
-9506	-13053
-6607	2558
1211	1282
-10924	-20324
-5230	-599
5758	7684
8775	27274
-11186	-4394
567	-10018
-601	2447
-5411	4564
-13002	-11143
-3572	-9174
14690	-4733
-1710	-4375
-9091	-18931
19284	17042
-1846	2996
11628	4940
-8092	-9146
8359	6394
-9198	-11355
6375	-3099
-8780	-13379
-10769	-6005
-12611	-9628
-3526	-14091
-12485	-6663
-439	21043
-3324	2032
-888	-5684
-10216	-8462
-3512	7480
-2976	-7063
-4630	6403
-5453	-20800
18704	20182
-2368	403
-4948	2871
6243	17664
1182	11171
-5455	-2354
14961	14582
-8449	2335
-2553	2271
7400	11997
16758	23698
2856	7385
-2192	8077
2190	657
-3065	949
-10019	-5642
-10018	-15798
3879	7167
-55	6912
5768	-2121
17933	13217
-11280	-13756
-6674	-9963
-4008	2838
-11695	-8418
46656	44578
-11613	-5239
-6945	-5824
5194	8282
-6221	30719
-2096	-5174
11885	12656
4043	20383
6431	11435
-11019	-15987
-6741	-3408
12305	-8298
19127	-3508
10195	7858
-12434	-914
3208	2929
10508	20422
-2196	-639
-5064	-3940
-3737	1944
-4113	203
15349	2972
-6949	-2335
5335	13140
14215	8134
-12489	-17578
366	7612
5250	-5422
12627	853
2260	-3072
-7769	-12535
4479	15085
-8161	-12311
-5557	-7834
-8353	-6071
-9985	-21347
694	5924
46	6121
-5268	-696
26368	16941
12904	9358
-11899	-18881
5038	59
-5283	-2259
-1921	-1152
4301	-3748
-12622	-14267
558	12230
-397	5352
-4724	-9665
-9921	-7203
13404	15309
623	13733
7843	18493
23014	6892
-4588	8061
-11215	-12818
-12805	-13290
-13149	-1980
1985	4092
12993	2027
-10041	-2475
4784	-3474
13138	8639
-432	6996
-4986	2481
-10988	-27807
-7287	-17453
-5447	-4416
7494	15754
-6181	9685
27189	35307
-9977	-9650
78	-12058
-2378	-1398
-8797	-9787
-8098	5174
10100	11511
-10108	7594
-554	15453
-2823	-3224
-12638	-13893
25928	7360
13937	15943
110	1115
2115	-2951
6546	5879
-2826	-11095
3450	-6035
-7018	5847
-12575	-15474
1851	-1074
-13146	-12312
-3941	4689
-9557	4624
9431	7973
-1850	-35
-1717	-5834
18903	15399
13310	1957
-1238	-1312
-4102	4440
-10251	-11406
-8434	-4280
6603	6958
-9351	7823
1262	-3885
-1056	1420
32	-5553
5450	2949
-10933	2829
-1387	-13013
13023	18801
-2789	11988
-11350	-9200
-10332	-2647
-4962	14709
-397	-1468
-6888	-1641
3163	4041
-2218	15488
-5248	-8817
-11677	-17733
14157	10147
25019	17601
2562	13774
-12272	-25903
-7400	9194
3098	6029
18766	13522
-11496	-19710
2587	499
4758	12313
-4305	-14690
762	4410
8784	2544
451	15353
-9171	-4995
8963	19943
4613	9358
18907	24414
7515	2374
-10180	-11766
23226	5779
-8148	-17182
-9253	-2415
15883	11475
-6633	-920
-9099	1960
-6409	3295
1777	14393
-11186	-9955
26177	10138
-10834	4593
3751	-3466
4983	400
-7567	-8979
-7108	-3242
-12279	-4001
8337	3333
23678	5581
430	-11646
-6458	-631
-11490	-19143
-4247	13560
-7756	-2614
-11185	12415
12105	4238
9350	-2987
-4534	-9661
2064	-2983
-8781	-4086
-5194	-10433
20486	-3095
19240	15881
-9237	-10006
-10778	-14229
7972	8442
-7002	4697
18001	17652
4133	6561
958	8132
-8076	-13124
27263	25698
-11894	-26887
-12857	-14172
2833	7649
20663	11409
-9863	-9363
10163	2256
11913	18519
-6934	-12954
-11454	-3750
10521	636
-7408	-9210
-5348	-6663
-3226	6048
-6375	-1180
-2837	3184
10518	4774
12163	5227
5623	7504
-2163	-19241
-6903	-8178
36443	25926
7	11660
10582	13475
2185	16682
6846	10866
13003	-992
1239	-1148
-11741	-12250
11083	5310
3597	10543
-10508	-9909
-9540	-9012
-8291	-1070
-11222	-21097
15853	14556
6348	10467
-4807	7789
-2668	-529
-273	3539
13990	10902
-7169	-5481
1610	5655
6539	-4274
3244	5015
3651	11686
-7081	-2179
-12194	-2853
8212	11894
2133	15901
19184	10850
-3698	5371
-290	5422
8312	-2892
-10284	-8996
-6268	-10004
9837	12687
-4890	-2091
-8305	-2357
6316	1338
9331	7324
2796	8951
-1679	1198
7563	7070
-6222	526
-5848	-1078
-10182	-10779
4628	11366
-6859	-3251
-10249	-16753
-8133	-5771
-12713	-15839
-5861	-10588
-11953	-15803
-12010	-7099
-9622	2289
-560	-4731
18267	7259
-186	14119
2829	4239
-151	4128
13551	8114
-12639	-20522
18649	4352
4878	8950
-1146	-272
14842	-7048
6557	14186
14047	8948
-3262	8263
4069	-464
-8770	-6171
-1486	-5250
-12161	-10482
21664	5485
-11914	-24131
32033	9918
-10629	-8306
661	7481
-8210	-7806
-11115	114
29390	13465
-5675	2958
137	10990
-3914	-5993
-4654	1509
-8093	-10361
1927	5089
-6637	-8210
-7838	-14638
15846	4539
630	-8045
7160	5633
-7160	-11182
-8322	-15014
-11768	1977
-13020	-13580
-5096	-8487
-10048	-10209
2674	-3288
-11062	-13501
-6350	-13054
2036	10310
-922	9848
12124	13836
12143	12006
-819	2040
-2556	5304
8676	6083
-7844	6806
-9791	3358
-3551	-4269
-177	-7347
5940	7308
-12206	-24237
12430	-1221
-8913	-2076
14997	305
-2756	-575
-10673	-8085
1349	-4559
-6503	-7259
-5292	1414
2313	-5886
14467	1598
-2888	-6045
4133	6243
-523	4887
-12658	-13352
-2272	2195
6424	19312
2789	-5204
-8494	-10019
5179	1538
5082	-11479
-1875	8810
9372	17857
-6616	-20724
-6397	2627
-2691	5306
-5707	-3916
-11848	-17475
11694	881
1261	8428
-7847	-15324
-6738	3236
6550	-3153
-3190	-5153
8133	8882
-10030	-16410
3638	8729
768	-2442
28512	12041
-4059	2402
-5984	-3435
-4181	15364
5148	11927
14170	12940
-11174	-4031
5121	17881
-4490	15584
8379	3983
-6152	-13232
-4503	-5820
609	11545
-2370	13409
156	9666
-10079	-13854
292	-8206
-5610	7694
8593	7006
35778	15298
-9799	-11954
5495	798
8010	16976
4982	9546
4001	-3419
-4994	-4432
-1332	-5843
2554	9925
-11208	-7247
-13078	-8964
3717	11003
5885	561
3356	4297
4056	-8283
-9677	-15959
-2063	6296
-5110	-11510
-3361	576
-8635	-1192
-1768	-3137
9650	-314
-612	6514
11825	6938
-7461	-10044
-10951	-11437
2997	4849
-6011	12099
8939	3486
-6489	-12000
-11684	-15236
-6753	-11572
15820	8644
3248	4249
-3549	4463
4693	-5754
-6055	11146
-12887	-15473
324	5195
-4845	-13038
5742	-5440
-11760	-15475
-5091	7269
-5185	6111
39498	16016
3900	7189
19208	-2880
-8065	-13570
-419	-8374
-3790	-8354
369	3910
-1908	12024
-7737	11858
-12989	-22186
2998	19146
-7168	-1532
-706	2925
6314	5249
-13158	-5146
-10409	-18790
-3279	20218
13561	348
26905	9975
39026	21387
-12494	-11995
-2746	1287
-7468	4140
-2743	-1713
11803	-1924
-113	-1408
-10733	-17973
4162	-7610
5160	2019
-1956	-8054
5104	10933
-4611	-3879
-9901	-9375
-3985	-9237
1058	-3885
-869	4615
-10544	-4627
-3309	-52
1954	-5428
-2758	-13600
-6988	1162
6448	-3894
13120	21183
-44	6030
3049	15462
-10291	-12734
-6807	-4360
-2513	6599
-2545	-13464
10383	5106
-6394	787
-1965	761
5034	628
-13027	-19180
4204	-9052
-5944	-7684
-12187	-12126
-2413	17742
4082	9162
-4150	12745
-12088	-11709
-716	6643
-10438	-17226
-4219	-711
11339	10822
-9027	-5526
-8371	-11348
-280	15990
432	9702
3954	14692
-6763	-7933
3406	4109
-1917	1918
-10957	39
-11279	-7351
-3565	3430
-11401	-3120
-2597	18046
-12403	-9452
6083	4506
-5522	2095
3609	1196
5895	1070
26686	20176
-506	2879
7497	4086
-9279	-12096
-10714	6254
13133	8166
14629	-1498
-4586	-79
-6732	8227
-10826	-19567
-9211	13279
-7495	1389
-1338	10614
14654	6801
-4446	-6982
-10189	-18546
-6031	-8937
4849	-3144
3563	12101
-5342	-10806
-2212	947
-8352	-2764
-2774	24046
-4202	-360
-9304	-2306
28559	5810
919	4003
-3029	-4520
-13132	-18481
-5573	-7189
-938	2148
8968	10435
-1112	-2422
-11834	-13169
-8588	6019
-4668	4782
10599	1708
-9564	-17102
-7320	8695
9478	5584
13224	29038
4275	1768
-1868	-165
-12867	-18504
-11806	-24160
-9306	-9423
-4675	-6101
9651	-4588
5696	-2926
396	-1239
15920	11096
5981	-815
-4872	2283
8	6681
-1230	-7049
-7969	-8593
33289	19413
7056	18857
13083	-3612
-6732	16731
-8546	1928
-12197	1280
-5442	365
-374	7895
-13157	-8164
7898	-1373
-1812	-16858
-6394	-1378
-12685	-23242
-1893	5001
727	4621
-12270	-17502
-9745	-22977
5393	10600
-2328	-2921
12487	2441
-7928	6174
-12504	-19631
1200	-3482
-5171	5274
-11900	-4487
5029	2906
-11529	11826
-7700	-10017
-6469	-1907
-6214	-11521
-2806	-8936
-5647	13161
-6066	943
4710	-18007
7411	8357
-7204	-20445
-3756	-6458
-2055	-2340
13941	14184
1665	-326
-9301	-6985
-4904	-5565
-2318	-786
-5430	-2837
-1144	1598
4719	-5366
8713	-527
-6449	-2695
-7978	-2708
21377	11837
-5893	-15517
2940	20762
-10847	1341
9899	1411
2506	-224
133	9305
-5027	3
16501	21031
-8855	-11664
-6775	7096
-2975	-8321
-1909	-8543
-11379	-15727
12146	4676
-7243	7673
-4023	-206
-436	-7949
2111	-6064
3332	-1229
-1021	9619
12979	13486
-8599	-3223
-5640	-2046
-5315	3581
-6954	-482
-7494	-6792
-6537	-8305
-418	121
167	-2977
-2951	7
-2065	-4742
8344	9153
2401	23042
-7174	-16154
-3755	-2442
-10322	-3545
7111	-5702
-6063	-6103
21608	5218
19570	12041
-1684	1390
14293	-1513
-6952	-1492
23627	-6626
197	-5536
-10888	-3631
-5888	-10617
-9072	-17352
6299	1542
-9333	-10528
-1650	9220
7545	15317
-5482	-11950
-5238	498
8625	5032
-4959	-6170
-10136	-18183
616	2821
-3000	1809
20468	2711
-9731	-2549
31357	12957
-2251	2786
539	-3639
-8243	-4324
12790	13709
-3819	-9240
4657	4029
-7513	-57
8250	-494
18433	9648
-4719	1656
-5132	-5037
-5363	7081
-5722	7222
-9140	-828
-6635	-6169
-12967	-18707
32033	18339
-3347	-2753
-9232	-2082
-6942	3113
-9490	3561
11717	16388
-8	-5116
27405	3488
-5079	-14522
-6306	2442
-332	-106
-8415	-8641
-7400	14057
-6880	-5259
-8024	-13551
-1780	1929
184	18776
-4715	-739
-4623	2306
5404	-4067
11323	10486
17582	14035
-5091	10296
-9483	-5390
-11901	2863
-3932	-2063
-3303	2068
5241	4471
-13154	-19749
7331	4836
-12615	-9077
-8906	-2411
19205	17771
2592	-974
-9789	3567
-7522	-11455
649	-6173
16963	8752
13398	3343
9689	-8035
95	-2815
-9774	-4295
-3979	-5823
21832	1348
-10881	-5312
27411	19230
4206	1386
27090	8624
12071	-1605
4494	-5964
-10978	-6958
-10586	3209
-1980	-9532
-9696	-10007
-9189	-6430
19895	3314
-7886	-15527
12692	9458
-6650	-2961
13705	3310
3062	-5590
11115	5673
-7110	-368
-4642	23686
-10048	-10941
-7137	3120
10093	8035
-9573	3267
-5986	-2899
-4044	-7140
-13059	-21640
-7119	-2975
2497	-1195
24358	8146
7655	616
12829	408
20686	13142
-5569	-4424
514	-2229
-4055	702
-8332	-9125
25751	11009
-1231	5211
-2437	3615
-861	5059
-5782	2525
-11756	-14543
-2358	5168
-5656	-3151
-8705	7970
3794	3355
-7131	4501
-6895	-15875
19404	-3355
-1868	-296
-5013	466
-5159	-4381
-8788	3542
-12350	-28819
-8210	-456
1527	14657
13971	15105
-1244	-7122
-9005	-12174
-327	-5871
28	8734
-4576	-8997
12080	-5674
6135	-3720
-3005	6027
-12986	-2651
-10163	-9027
-1467	-8014
2238	-8838
24771	5063
10528	-21
-1008	3991
-6697	3447
13332	10255
-2119	1395
4618	-10495
-7800	8811
-8126	-7874
-12859	-30407
-1376	-3323
-7603	-16817
-2223	455
-2488	-316
15427	-3
11421	6076
4421	986
10019	13700
1169	-8180
2195	7445
-10428	-13708
-8258	-3061
7171	12386
-6635	2432
381	6707
-10960	-14629
14215	13954
23009	15856
-1901	-2076
15880	11797
1321	12761
-6324	4760
-11367	3059
-12851	-9878
-2940	-11846
-1307	-7170
-2289	197
18627	12274
-345	-480
4726	3772
-6540	-12245
11091	12156
17588	6753
-5731	1824
14030	-10394
-6471	-609
2760	-6582
5939	10647
-8726	-15743
-4923	-14418
-10157	-11081
867	12450
-8325	1047
-7187	-6609
3451	-2396
-558	8958
-2928	-99
-7259	-11844
-5922	-3371
11947	11177
-3357	13287
1131	2658
-6019	-13128
-4698	-5485
33344	9470
-9348	4553
5699	9856
-12470	-1589
-3447	2670
13193	18686
-3449	-4122
-9500	-12206
5387	1238
1538	12917
2190	8173
-11785	-5913
-7331	-320
-1525	-11544
29382	13086
-897	-6279
-5102	1030
-6333	-6578
268	-7357
-11810	1048
4699	-932
-6928	-1792
240	-3869
-9903	-7130
-972	-6324
-12415	-1376
57218	32874
-447	2380
-4651	7393
7552	8102
-6735	1239
9759	-10510
-11967	-20591
-588	1368
-1405	-5871
-3311	-554
2673	11233
13704	9487
-660	5482
-11875	-8154
-10845	-23504
-11707	-2033
-4021	4547
22137	19820
6394	13448
3482	7637
-3000	9272
-10279	-14713
3126	11060
-10045	-4791
11754	-2680
-5054	-7700
-3691	-1787
5175	8740
-8469	6548
-5470	-3606
12452	-3724
16208	-1975
10615	8061
7126	5038
-4645	-4410
-99	14277
-1587	-7458
-10584	-17177
-5198	3536
15649	4046
1288	11917
4208	-14244
-7121	-7892
284	-8819
-2745	4736
9627	13660
-9414	-5675
8494	4466
-5765	867
-684	528
8981	-2274
-12868	-25932
254	11518
-5434	-9802
15121	20865
-11668	7196
-5813	-3060
-3978	-14754
23884	2223
-6022	-15278
-13152	-18064
-9690	-8545
-511	5810
-4061	-11325
23579	12741
-4019	6119
-13081	-13525
-2190	-8077
3913	91
66	-7496
-13054	790
-10451	4867
-6068	13201
3757	-8340
-12075	-4453
1864	13506
22646	9992
22547	23700
-12109	-12500
2219	11196
-3009	-5367
11850	7576
3007	4523
-8611	-4986
320	-10354
-2927	-12897
6467	13886
1604	-6635
-468	-9805
24391	12963
-1660	4887
-1588	345
19618	14775
-9328	-7074
-7622	1779
-5728	2237
-8371	4190
-4930	11138
-10050	-5201
-4396	-4600
-1857	1643
-10175	-35456
12746	20159
-6576	-6666
5994	-2973
-8241	-13837
634	1991
8476	-3922
-5492	2706
2147	11254
-5616	-2896
-6139	-4011
1221	3546
9244	9472
-10393	316
-13159	-10006
-5789	-6633
-10022	-20403
-1523	15728
-10014	-2228
-7005	-11019
13616	6270
1835	-14190
-9308	-7770
2457	-4589
656	-1630
736	15511
-2330	1480
-8194	3415
6692	38221
-616	8609
-5443	-13969
-8213	-10263
-10222	-12363
-2982	-5370
237	1229
-9846	-9069
3752	-4026
4275	7781
1091	4081
39496	6066
-2005	-6128
-66	-911
-6652	-6824
-1444	-8233
-5589	4996
6275	252
-1407	19563
9003	10046
-1549	117
-776	352
23279	11863
-574	9753
3269	7100
-11468	525
3829	2348
17284	8048
-12837	-4811
-4506	-5685
-11185	5776
-3475	-5306
17061	4774
-8764	2846
9315	-2977
-10632	5066
-12108	-413
-941	48
-9581	736
-7431	-8400
4816	7818
31868	2625
-922	-4549
-10355	-16640
-7513	-4092
8928	5299
1567	6377
-10224	-3520
-6315	-748
-12181	-10576
-5478	-4572
8956	-2431
9001	1529
8039	6569
-7198	1335
-3388	8569
-7904	-13700
41489	19707
-5307	-9297
4860	4885
-5691	-7804
-12678	-17871
7295	-8698
-11413	-15093
101	1803
7799	180
-4497	-4929
11177	9351
-6216	-6907
13679	4130
-10769	-4830
-3343	3057
14323	21525
2756	-1429
8712	3983
8062	14716
-9385	-12736
-3907	14118
6696	-3678
-12494	-2201
-12694	-11187
17235	-449
-2534	-1482
6726	3129
11219	17217
16110	7365
-7454	-12009
-1316	774
2161	2117
-6673	3334
-8148	-6009
-6047	-17142
-6167	-10167
-1222	-2950
-12597	-10681
12364	23139
3131	13975
-13064	-27641
18982	6550
-5737	15465
-11345	-12968
16433	5335
2503	9370
11257	3902
-1624	-8896
-8403	-17922
-4272	-8685
3394	8576
11460	19289
-11001	-8624
16673	17076
19036	13934
-10240	-13274
15774	3440
-12423	-10106
-10444	-5029
4287	-6748
-12730	-18959
-3864	16872
1349	5582
900	1189
-7366	-522
16223	-5661
11712	13440
-4457	575
16799	4077
-897	3217
-8492	-7253
16986	22833
3769	6820
-7800	6675
-5531	6188
10494	-843
-12483	-18060
12112	401
19428	12121
-3767	-7402
7515	-5220
211	-13637
-6574	-13806
10938	7281
2717	12012
11395	12911
-24	-5423
1125	17983
-10686	-13893
8896	12117
7283	-8872
26741	22633
-4124	2902
-4522	-3426
-6188	-8954
-6137	19814
-4668	-7836
4489	-7701
22044	13302
-3442	-3187
-1898	-3942
-2123	4787
-1666	-3153
-6504	-3152
6539	-287
41770	11727
571	3805
-12332	-10028
-6851	-14917
9701	9630
-12987	-11661
-8731	757
-5672	-12595
-1148	-8146
1259	-4214
6717	-3664
-10966	-362
-5728	13740
-11105	12346
5472	-3618
-2895	7141
-13097	-18038
825	253
-3888	1716
10330	18235
-185	1458
-4731	11086
-12963	-31588
5912	16500
-31	-6645
5653	6755
-13109	-12232
-6398	2643
-7723	-144
13967	-10773
-1908	-14728
4028	9589
7814	4460
-5113	-8357
-4952	-6047
6784	3261
-8774	-6769
-10943	603
21533	1249
-926	-12753
-10678	-13191
-4783	3039
9715	512
-8335	9583
-10692	-8073
9441	7410
11878	7611
-7174	-747
-2133	357
-12437	-10147
-12328	-13712
-7420	-13663
7472	12020
2135	31257
-6322	-8139
9473	-13415
257	2471
9769	9731
-12551	-16733
-6083	-2707
-1381	10863
11912	13442
-12982	-17274
-6794	-645
14326	4852
35166	8140
17088	16051
-2336	1228
25561	11658
17656	3974
21414	11180
11128	7325
-12350	-1348
-2898	1486
16567	3927
9815	4602
-4010	12950
26634	20078
3648	6135
-11138	-7735
-7610	-4620
-7091	-14127
12335	-3425
-900	11127
-1079	-6631
-1112	-2285
-689	13301
-5495	-9588
7404	6939
-6433	9064
18341	1665
1797	-2113
12827	10406
6601	17173
-13139	-23583
-8635	-7667
10174	-3690
28693	-2441
7862	-2982
-7041	-3265
-2616	-1060
6519	11682
389	7994
-8506	-8070
-9903	13298
423	14243
-11379	-18684
-1443	-586
-676	860
-3926	-3578
-5464	-18464
-2209	2632
-2977	-2932
5276	-1540
-7073	-1852
-3710	-6844
-3300	-449
-5244	2693
-5402	-8529
-7610	-6782
-7566	4543
-6475	-15668
-3341	1381
-2085	-9338
-7835	-6988
12473	12247
-11718	-25451
-12109	-15618
-7923	-21501
1847	-1450
12343	9525
-1662	4456
-3429	-6402
5250	11269
-8603	5105
-8731	-11195
829	-2287
1421	-3313
-3060	-12030
5313	24264
-4588	11169
498	-1854
-5509	120
-10192	-11757
19936	15035
1864	-1494
-2780	14100
2964	11056
-1909	-10186
-11450	5961
7822	2543
-10878	-234
-11043	-8551
-6932	-5152
-10971	-14225
-24	3573
18630	10404
-10439	-16051
6274	363
13128	5445
8853	-3396
-6653	-4847
4581	11536
3467	-15163
-10592	-12028
4128	6891
-745	7354
-5077	-5241
20736	37027
-1187	11007
-10227	7431
8437	9669
-7592	-10500
-6101	2455
-6242	-7761
3286	8531
-2614	6025
-7443	-9848
5484	14452
-8493	14477
-6580	12614
20972	457
-6947	9497
7088	5614
-917	-4069
-3059	-2255
-3168	-13689
-4928	-13585
-2846	5249
4698	11430
-212	2907
-12570	-9413
-8380	3583
17084	5640
2137	327
4930	4383
-11585	-11093
-7859	-2007
-6092	-10216
5462	-12033
11513	4711
271	5432
17238	13153
1283	1917
2333	2771
1179	-12157
-8861	39
1616	3271
2177	1523
6902	27554
4847	-1966
952	-8820
4575	6276
-1216	-1638
7035	10673
-1238	-2705
2639	6156
-12988	-23886
-3056	-13708
-9342	-1085
-221	-10970
-1118	-8743
14320	795
13597	-4003
-8006	10314
3239	4702
6803	14677
18053	9628
1427	4323
-1042	447
11760	7615
1991	1984
-11874	-7313
-10311	3353
-8566	2504
-9543	-1601
10748	3251
-3029	-6314
14839	5551
-4366	-5674
18226	10166
26499	5635
-2052	-3485
-11998	8084
-4253	-8300
-11492	-17945
7457	5065
-6464	-15168
-11462	11092
3245	10264
-1373	14210
26776	23004
-9797	-16965
2592	3181
-2372	8412
12500	-8671
-3770	-3614
-4034	-1577
17365	16614
24602	9285
16775	10022
-7448	-8429
7249	6783
14427	9484
525	2155
2277	8229
5608	5866
26665	10796
1509	-95
-5086	-11807
-8205	8262
-2838	6292
5529	-6210
-8295	-6065
1367	3873
2761	-10088
2667	10764
-12330	-14614
-12736	-7762
643	9034
349	-6806
28426	2421
1870	12045
-7070	-10484
-3204	4116
-12968	-20615
6539	10784
-6805	15289
-7710	-8516
18058	-8212
3612	1432
7161	-9418
962	6340
-37	2183
3606	-5613
1353	3478
-6012	-436
5393	-5296
-3143	-11496
-11723	-6344
-9255	-5739
3845	-12021
-9380	-12573
-8497	-11328
-1512	12526
-2599	10101
-10651	3324
18361	981
12542	6019
7154	745
-1932	-3007
-4097	-788
-4933	-6824
574	-2248
-10263	1641
-11141	-12380
-6496	3562
-10218	-9522
-4511	-4295
-7707	-1378
-13044	-9111
-1165	8836
8872	5921
14424	16586
-7476	-5715
-11243	-6318
-4117	441
-12858	-11044
-6225	19921
-7100	-6396
-13139	-27048
3324	-4095
-1491	8150
11761	7907
-5942	-8375
-8850	-11485
-7242	-8037
-12511	1273
-8263	-2891
52234	27796
-4587	-2401
-12357	-25421
-7737	-12982
9843	11342
-3871	-6370
