-2108	-1558
-502	-3598
603	-1539
-6551	5831
-5400	3211
-4956	-6436
17316	-4039
21796	-11382
-2101	-2410
31939	-2496
-2082	-3149
-4561	-5367
29888	-1076
-370	-9510
-1596	-5477
23082	2637
-835	-6020
-3343	-6770
-5624	-2773
-3140	-1477
-2404	-11134
6798	-3878
-2856	3683
-5365	4121
-4627	-9251
-991	-9907
-2280	-6791
10268	2373
-5239	11044
-2982	-7163
-7644	7896
-3623	9255
356	-7468
-2158	1450
29525	-6729
-8964	7202
-1855	1062
-5616	-4166
-2354	-2527
-3107	-765
-4978	-2512
-5962	5064
-159	-14731
34233	-14
-5260	2331
-2913	9562
-2209	-9389
-2997	-4576
-893	-12041
-1901	-739
-2319	-4941
-4446	-6719
-2060	-5608
-6451	2134
-1831	1041
-987	-1303
-5975	-1002
-1954	-3702
-5722	-830
-3810	13366
-7942	-3930
-4009	-2849
-2454	-5249
-4466	-6855
-2712	-3703
326	880
-5688	-3815
-4750	291
-3430	94
-3012	-4189
-1574	-3347
-1496	-9756
-5691	4852
-7073	6094
-1433	12791
-4478	2679
-3783	6800
-4135	-1198
-6237	5382
27632	3878
-5305	-5505
-4892	-7322
-8341	1332
-11906	16306
-4024	-2444
17967	1677
-2373	-2999
-5123	-3676
-4601	-6297
3929	-447
-4988	-1216
-1685	-9823
-3013	2107
739	-3324
27374	-7319
-4359	3342
-4240	17205
-2167	3934
-3539	-461
-6296	-4259
-1679	-1253
-3249	3334
5052	-3051
-2827	748
-3982	6991
-4185	-7329
-2588	-3167
-1879	-5880
-3533	-5571
1887	-5736
-456	14413
-3067	-429
-2311	-782
-4249	-4227
-7385	-3797
22791	-11327
-2264	-257
-6043	1850
-5835	-2506
-2148	-3849
-3772	-966
-6668	-4492
22759	-7844
-5050	2815
-1713	-6562
-2288	-8110
-4030	-10006
-2062	-6411
-4382	96
-5184	9624
-4591	-2558
-4246	-9364
27491	2692
-2963	5356
-3819	-4709
-3375	-3682
31833	-1663
-3319	-4452
15660	-5175
-1830	3868
-2047	-1240
-1339	-6849
-5273	-5055
-5614	6879
-1896	-8280
-6384	416
-4866	-5057
-4117	-4659
-4689	-3984
-7467	9210
-1499	1044
28386	563
-1217	-3345
-1602	-15983
-3741	3934
-1832	-6324
-6891	-3508
-4300	-2792
-1605	-8914
15048	-1635
-524	11319
-6914	5306
27589	-515
-2701	12804
-3205	-5532
-1704	-3532
-3431	2770
-5041	-6938
-2813	-6797
-491	-10154
-1499	57
-4116	-2803
-3274	-1655
-5428	-1853
-3473	-3076
-2263	9518
-6307	4908
-2451	-4710
-5757	5408
24894	-6220
-2072	-5526
-3396	12819
-1331	1328
-2428	-2156
-2796	-4298
23179	-7063
23696	-3881
-2607	823
-7254	-1413
-3926	-7092
-3017	-5822
-4102	-6281
-2386	4498
-5083	1074
-5429	4711
-1454	-3730
480	3298
-100	-10448
-3005	-2744
-925	1367
-1888	-5893
-4203	15476
-2815	-8920
-3118	-15689
26698	-95
-3037	-1416
-4359	-3368
-3601	-1488
-4068	-471
-7722	-5095
-3188	2983
-1008	2258
-4211	-4732
-4754	2773
-4534	487
-4818	6846
23698	-8664
-4698	-1076
-4208	-22
-2635	3237
-6534	-8189
-3565	4749
-6788	1164
-4187	9092
-4360	-5136
-3375	2354
-2312	-2688
-2670	3573
-2034	-5630
-6226	-2256
-1084	-7652
-6678	-6701
-3113	-2759
-7660	-4626
-4558	-4039
-6858	4059
-6032	-1335
-6493	-3232
24602	-5138
-3034	-2883
9853	-7894
-6908	4998
-5987	18655
-4277	-5286
-3628	6503
-4795	-4413
-1232	5176
-4004	2658
-2351	3013
-3657	6480
-2109	-11546
-1248	-4938
-6430	-606
-2352	7431
-4746	7555
-182	-8
-3242	-5641
24724	-127
-2909	-5389
-3886	-3957
-6220	-1772
-4456	-191
-3636	4186
22148	7593
-3806	13051
-3173	1552
-6667	8799
-3935	-6875
-2645	645
27993	-7256
-8030	692
-4078	-1285
6000	-2361
-3850	-6640
-4046	-4007
27245	-4488
-2773	25144
-2884	-2692
-3566	6302
-383	-608
-2319	2606
-4108	-5717
-5872	614
-1936	-1487
-2412	-8800
-8876	12620
7488	-3169
-510	3183
-870	-9086
-4601	6674
-3883	-875
-5134	1788
-5168	13901
-1738	735
-2821	2266
-4636	-2512
-2308	-263
-3445	-3019
-1937	-2056
-3602	-3211
-3919	-9543
-629	541
-713	739
-5484	-4239
-2873	-850
-4225	-5806
-4553	5418
4556	-2540
-6823	1300
-2684	4306
29706	-7200
-4733	6182
-2616	-2773
-5851	-5849
-1843	3036
-1988	-7595
-6264	-3497
-2663	-4069
-3423	-7643
-3532	-9608
-5852	8721
-2359	-3329
-4565	-4714
25793	126
-2367	-4493
-3179	3961
-5426	5292
-1758	-5661
34628	-9793
16387	-10435
-3732	-1918
-6058	531
-3524	-5428
-2704	-2243
-4723	2074
-3457	891
-2328	-1192
-4616	-13107
-3150	24607
-2098	-5240
27385	9073
-5438	-5687
-2703	32450
-4434	-673
5615	-7183
-592	-6447
28764	-2335
-2786	18222
-4548	-4138
-3872	-60
-5936	-1879
-4564	-1806
-2978	6079
-4143	-2440
-5726	4251
-4052	-3760
1913	-1539
-1609	-7248
-3874	10022
8325	5569
-3133	-2767
-4608	-9023
-3252	-590
-1886	2322
-3462	-1451
-2685	-10788
-3098	7199
-2793	5308
-2738	4451
-1345	-19960
-1928	-13314
-1560	238
14780	-8448
-5319	-2039
-3670	-4924
-8195	15465
-1251	5257
-1372	-3075
33299	-5134
-5385	-1273
-2146	3557
361	-1238
-1525	-3782
-3682	-2876
-1840	-5545
-822	-10667
-3231	3495
-3275	212
-2075	7742
-4528	-343
-4433	4910
-2362	-6702
-5461	-4471
-2853	2922
-4806	-10761
-2783	-7969
-820	-5331
-2282	-4069
-1184	-3784
-1171	-1410
-5813	-10931
-3088	7264
-2045	1895
-1333	-1324
-5858	-4809
5590	4914
27159	-11561
-7324	9978
19878	-2214
-2968	8593
34286	-8603
-2183	613
24838	-12290
-3039	-3009
30632	-12902
-2981	6569
83	-6357
-3793	4509
-1763	736
-5054	8035
29547	10603
-4867	-1070
-6075	-3628
-2968	336
-4058	6120
-787	-10257
-3675	3027
-6755	9360
-6085	-5606
-4228	-7792
-13698	32301
-351	-6056
-5576	920
-1280	12391
-3215	2558
-1178	-525
-3063	30917
30345	-7123
-6789	7367
-2871	5309
-3108	5521
-2945	3631
-3208	-2028
-3221	-3163
-1108	2639
22359	1869
-2144	8387
-4982	-1446
-5751	19249
-5770	-1139
-4814	-8050
-1694	-858
-6231	19386
-1142	-4893
-2147	3334
-2357	4730
-2602	2681
-3151	-4586
-1806	-14562
-5001	-6273
-1384	-5820
-1354	-2354
-1306	-5983
-4442	2069
7971	-4613
-4630	1809
963	37241
-4832	-2069
-3255	-3609
-2601	-14175
-3528	3120
-3849	-3096
-3234	12555
-3689	5804
-9011	982
28046	-7292
-7694	2696
-3117	4238
-5381	27046
4173	-9645
-2062	-14254
-6438	-985
-6215	2473
-1668	1073
32017	1915
10694	11213
-3139	-11730
-8023	9352
-2724	-6281
21494	-10391
-2162	-13073
-5993	254
-857	-10406
-2520	-4310
-5294	11051
-5549	4424
-1899	-3501
5836	14815
-2167	-785
-2447	2197
28420	-755
-2738	-2106
-1683	-7409
-3271	1892
-3385	-8572
-1804	-6997
-2359	-2273
-5546	596
33443	5623
-2976	4509
-1657	204
-3088	-7961
-5228	5061
-3423	-3686
15429	1282
-918	1374
28701	-1925
-3985	-6662
-1585	28985
-4681	5597
-2880	3209
29539	226
-2419	6998
-3484	906
-5832	821
-3429	-10291
-2659	-10014
-2396	5671
28144	-9498
-5174	-1240
-3117	299
-3542	-7503
-3057	-1581
-3239	3192
-1790	-3361
-4270	-3082
-3028	3474
-1918	-1377
32034	-8817
-4051	-3002
26213	14963
25335	-1471
-2611	-2881
-5739	3104
-3123	-1302
-2864	-3312
2929	1978
-1207	-1349
-4680	20587
20126	-6507
25637	-1417
-922	-3881
28941	-1835
-4827	2593
-9984	10065
-2520	-3554
29894	-11229
33977	-3952
-1079	-54
-3488	3120
-1462	21337
-2799	-5092
-6167	-2045
-951	2734
-4558	-7074
-6792	-2640
-4287	10774
-5598	-2873
-4609	-5817
-856	-16497
-772	-784
-6589	6591
-3350	-9138
-4596	7399
-3000	-3974
-5607	4295
-3675	-316
-5617	2962
-3598	-9010
-3388	-6222
-3546	-6525
29944	-5039
-1003	-12149
-3967	-9536
-4123	4368
-5814	4643
-5341	-578
-3467	-2390
-4983	-942
-3605	6169
-2971	7434
-1886	-1629
34019	-13940
-2034	1213
-3090	-6637
6589	1807
-3724	7416
8375	2915
-6026	11139
-2233	8189
-5560	834
-931	-7565
-1549	17044
-5785	-13882
-5524	-10408
-1686	-12636
-10	-2380
-3865	-8663
-1421	-6624
-2251	1480
-3453	-2034
-10361	16034
-4633	6404
-2760	10479
-7018	-1421
-2368	-7239
-420	-9450
789	875
-2945	-3499
-2415	1585
-4676	-1069
27896	-4980
-3781	-2695
-2535	-4794
-1624	3426
-6619	3320
13391	-14337
-6111	83
-4911	2114
9329	6276
-1485	2662
34918	-1722
-5029	1510
-490	7823
-3499	5094
-5077	3548
-1989	9477
-752	-6547
-4735	4998
-5919	6476
-2517	-4786
5183	12397
-2352	-1688
-1264	-4033
-1118	-3124
-5419	-3668
6179	-10352
-1952	-6023
-963	-5329
-900	6129
-7149	6314
-346	-6692
-2830	1393
-3636	-9708
-5992	-4351
-4308	-716
-2141	-2543
-5659	12628
28025	-9357
-3850	4449
27738	-1747
-4546	15883
-3838	-5037
-2909	1140
-5482	5254
-6634	986
-5259	-6456
-1222	5824
-4947	-5412
25010	-7807
36613	-2076
30304	-6078
-2758	-1231
-1632	9777
-3343	-5816
-3062	52096
-917	-4469
21371	7627
-2185	-736
-2924	-7570
12089	-3919
-4578	-5221
-1927	3971
-4986	-152
-3015	11572
-2216	8283
-3153	-142
-5441	6218
-2372	-8951
-1970	-5928
-2086	8007
-3495	12666
-4459	-4270
32200	10736
-6525	-1742
-3235	-7700
-68	-8723
-5499	3472
-5320	4948
31308	-3200
-4965	26466
-1919	439
-1637	-2045
-6242	4636
-992	4737
-3601	-6187
-5123	-3870
36871	4580
-3653	5264
-7774	6060
30817	6131
-3653	-8935
-414	3201
-2069	117
-5171	4317
-2454	10355
-3407	-10610
-3666	2627
-3471	7340
23200	-10623
-1942	-6971
-3815	-5282
-8170	8994
-5678	3809
-6527	4858
-4962	2981
-1428	4363
-3834	2372
-1812	3832
1989	8280
-1512	2822
-3589	1045
-1995	-441
-4318	-974
-6398	3424
-3219	-7276
-7853	1084
-5698	9977
-3400	-992
-3139	-5592
-2967	10872
-3457	-11454
-2801	-3258
-4643	3221
-252	-4419
-3105	-3847
-3305	-810
18519	4909
-2813	-11912
-4120	-13073
-5752	430
-974	-11319
-940	-8063
-4256	148
-818	-9559
-5418	13148
-4982	-5158
-38	-2197
-1697	2663
-2437	-5696
-6575	-397
30264	-4369
-3688	-1411
-820	-12957
-5343	6138
-2744	-7030
-7755	4513
-2113	-4078
-240	1570
-3390	2082
-4850	-1848
-4593	3058
-3277	-9632
-2291	2235
26933	-6329
8989	9815
305	-2197
-1090	-3281
-4892	958
-4164	-5523
-2617	10315
-5818	-3301
-12528	27702
-3731	-3663
-6897	5333
-2743	-4795
-1805	14996
-2796	9004
-2622	-2561
-5046	-1614
-1723	-5475
-6170	-8588
-4482	-6225
-2088	2666
-3568	-1567
-2835	-389
-913	244
-3103	1806
-3650	1761
-4822	15123
-5127	-2491
-2304	-1990
-3004	3332
-1831	975
-5584	11440
-3831	-3509
-2660	3120
19869	7175
-3718	-7170
-3207	4346
323	8414
-4216	290
-2083	2226
-4357	20782
-2298	-5691
-3371	-5369
-1318	2689
-1386	-2082
29371	-7832
-5138	-2509
-3878	2911
-1453	890
-1748	-6776
-7883	-998
-23	2978
-3476	-12504
-3434	-5329
-2515	2754
23355	442
-6811	-2907
-804	1447
-4205	-3840
-2904	-8110
-4787	-13373
-6450	1365
-3440	-2681
-5972	-4474
-4570	14443
-4891	-372
-5063	-1287
-1364	-7837
-3031	-9976
-2228	-1694
-4689	-3761
-1396	-7120
-3106	7990
-1129	-3368
-4150	-5166
-3298	-4855
2545	-4222
-3180	-8483
-3747	-1379
-1790	-6408
-5921	-3176
-2496	-5445
-3140	3498
-1509	4333
31373	-4965
-3061	-5079
-1811	-864
-4272	2565
-6203	8731
-2597	-2500
-3559	-5871
-143	1444
-3660	7603
-4383	-8842
22466	9162
-2909	3574
-3660	1798
29329	-4295
-3768	3407
-2061	2997
-5148	741
32909	-4497
-4117	7791
-784	1921
-3705	-6667
-3261	18993
20288	-10335
3253	6658
-4219	3799
-2717	-11527
-7509	-11051
-1790	-11538
12043	7845
-6992	12198
-4723	-1298
-4628	753
-3680	8958
-5185	5175
-5984	2781
-1386	-3265
-9707	3897
-7081	5713
-2484	9606
-1150	6164
21751	5625
-4441	-772
-4888	-1531
-4176	5675
-4204	12074
-4454	7161
28081	-10692
-3232	3792
-914	-8791
-4964	-1665
-7914	-6565
-2562	-5315
-4329	7908
31422	255
-3260	-5539
-3155	3578
-8785	7461
-665	-4067
-4238	4567
-1808	13425
-4651	10311
9633	-6895
-120	-8190
-499	-478
-2205	-828
-399	13027
-6944	-2396
-98	-10145
-4737	-208
-1722	-8585
-4286	-6956
-3705	-1451
-4884	744
-2490	6128
-1805	-6853
-2299	-5838
-2684	-248
-4067	15904
-7401	2626
-3369	-10983
-2389	12767
-2593	1349
-6258	-1730
-3345	-6627
-1627	1402
-4919	-406
-6847	-6046
-4401	13552
-3580	-1797
-6078	4067
-2671	13847
4702	-14647
-2297	-4421
-4206	-3017
-2633	5934
-4152	10464
-1164	28365
-3406	-12987
-4382	6918
-3157	-6484
-1403	-4888
-5150	5650
-5227	-2524
-4363	293
645	1617
-3073	-4881
6154	32839
-8658	9708
-4655	2630
-3336	2156
-1870	-6414
31194	2227
-3452	-430
-6741	-3048
27222	-4496
-2961	-6339
-3054	-8080
-1496	-3428
28402	-3586
-659	-1258
26068	4217
13662	-3742
32194	-1979
-6111	3693
-610	-7959
30955	5613
-5644	-722
29830	-59
-2266	-7400
-9433	8686
-3954	-8189
-3378	-3170
32538	-5008
-2646	-585
-2930	-236
-4097	923
-1319	-5442
-3883	-4861
-2414	-1349
-4174	7365
-4974	-2427
-3492	971
-4822	3588
-3246	2470
-2662	-3542
-3170	-25
-3990	-4907
29206	-7173
30475	1679
-1998	8856
-2898	-3919
-1118	-8819
-4135	5921
-1138	-2502
-2533	5783
6992	10941
-5981	-3320
-3136	-4506
-4284	1682
-3659	117
-3948	-5749
-3079	17911
-4088	1982
-4118	-9367
-3889	1227
-3497	-3205
-3428	4090
-1095	-8127
-6153	-1129
-3547	13587
-10195	13694
25613	1745
-3755	-3639
-2959	-2002
-7490	10695
-1851	-3730
35738	-2903
29453	-8119
-4458	-1175
-2514	849
-3930	25610
-3035	-6507
-4010	765
-2976	15111
-2475	9
-1801	-6815
23727	2091
-6437	-1389
-735	-10948
-2799	-4772
-2467	-4627
-4490	11
-4590	10836
-11075	16410
-3439	-3415
-2615	-5135
-5067	-4105
389	-10094
-7910	-3138
-6742	2632
-4869	-11874
27473	-7096
-2249	-3472
-1628	-8337
27061	1225
-51	-1945
-2075	8735
-2224	-3806
-2885	2085
-1948	2586
-4077	9435
-3646	-10207
-2972	365
-7761	-5277
21122	-2779
-4969	4521
-5114	-8063
-3082	4806
-200	-4851
-3493	-13905
-2057	-7097
-1317	-4275
-3281	-10797
-3710	-5429
-1756	-5693
-2778	12839
-3780	-2034
-1824	-3367
-5387	-3877
-7650	-2793
-5745	5287
18058	-9783
-7799	15402
6715	3776
-5003	-5850
-1254	-422
-2847	5093
35958	3409
-2971	5196
8703	1999
-7187	1808
-5872	3656
-4081	-4234
-4216	-2707
-2073	-10575
-3292	3849
-4615	-7218
-3304	-785
-8059	-5101
-2829	-3439
-2981	1385
-2229	-6614
18211	-11107
-2208	-1746
-2816	10175
-2778	-2628
-4998	-3682
-293	-475
-1134	-2290
-4042	-6890
-3348	-4176
-3249	-176
-3710	-2560
-5080	-3560
-3211	-2470
-1559	-1936
-1947	9722
-5170	14391
-2093	15990
-7197	3343
31183	1941
-3251	4589
-7326	11153
-2107	13303
-3862	-189
-3785	-170
-5749	2953
-1313	-7847
-2306	6684
-2057	-4870
-4152	2165
-1421	-6646
22552	-13011
-2955	6871
-3977	3576
-4249	-2462
-5799	-2570
27943	-7475
28296	-11885
-1099	-4836
17730	9451
-4322	-3203
-6724	-634
-7574	7361
-4685	-4859
-2512	-6614
-4669	-9136
-2200	-2924
-3008	-229
-6661	-6849
-1780	-11595
-2156	-4069
-3299	11736
-4422	13387
23258	1293
-4690	-1227
-4847	8768
-5832	6854
-1366	-1212
-4689	-6921
27059	10690
29471	-5556
32006	-10298
-5617	2519
-5255	7834
-1603	-5811
-1556	-7248
-2798	10338
412	-8661
-52	-1399
-4558	7569
-4901	6680
-4692	-5497
-3489	-3134
-5570	2733
-3042	-5868
-4695	-11029
-2433	-1319
26598	-7480
-1751	-7181
34078	-3590
-4254	3600
-5925	18165
-4892	-2285
-3407	10193
-5450	8080
-2795	6850
-4605	-5470
-7764	8617
-2673	-3587
-3356	6236
-5251	-6655
-2674	2836
329	-5861
-1177	-979
-2720	-4614
-2451	-887
-4961	-1919
-810	-7470
-5310	727
5829	-6588
-4136	-11202
-3781	-2087
-4131	-1480
31160	-8974
-5381	-4537
66	-9778
-5381	-4489
-2881	-3944
-5980	-936
237	6836
-3782	8428
-5442	-7893
13104	-8771
6884	-4357
32201	-7607
-3199	5835
-4997	-1466
-1743	8402
3907	2169
32584	-3894
-3874	5186
-2365	3407
-1786	-6167
-5050	226
-3843	1595
-2325	-4342
-3351	-6702
-5073	10711
-3597	11730
18704	-1860
30003	-8118
-3121	4473
-4053	-2123
-4238	10209
-4774	3419
-2260	-2912
-6173	-1728
-2385	4177
-2834	-7964
-4450	158
-196	2073
-2817	10654
-1235	-7031
-1877	-5428
8582	-79
-2951	-2586
-1826	462
-281	3449
-2298	-1267
-2671	-2303
8355	2610
-3494	5216
-2024	-6316
-3267	8229
-4859	2455
-3760	4875
-4464	358
-4044	6263
-2397	-3245
-2468	-4898
-3255	-8506
-5203	6636
-3242	-1476
33456	2011
-3255	885
28750	-4073
6	-7793
-5897	-2663
-3237	2233
-2706	413
-4013	583
27981	25226
-1986	659
-1786	159
-5940	9533
-2086	3104
-2917	13472
35666	-8539
-4668	-3479
-6104	-571
-1054	-562
-1146	-4257
-11580	16551
-6745	7424
-5681	16180
-4420	20433
-3970	-5008
-126	-2173
-1660	-5477
-1353	2855
-3133	4739
33301	-11818
-9180	8059
-1482	-5638
-4048	549
27961	632
-1567	-8117
19787	4856
24737	-5320
-3912	-5028
-4280	-6214
-4819	3824
38430	-4608
-2537	12162
-7213	-640
1045	75
-6050	2940
-5730	23535
-3039	-8906
-3126	-11376
-1666	-1870
-1753	-1346
-3668	-1659
-7945	4934
-4558	2895
-1832	-273
-2135	-6765
-5596	-14632
-3563	4245
-5609	11865
-5815	-493
30457	-6187
-6081	-900
-1596	-4341
-3862	-12395
-3447	-1875
-8113	397
-3759	-1295
-4539	5959
-7394	-1344
-6396	476
-3571	-4493
-1641	-5844
-3886	5101
14810	12741
-1115	-8291
7128	-1646
-2597	-4887
-3800	-984
-4805	-8118
-6451	4433
443	371
-7590	693
-1603	-3597
28389	-1810
-7473	9093
-4041	3321
-2168	-8583
-3544	3575
-2510	5957
-2615	-73
-2226	-4536
-622	3575
-2061	-3393
-3131	-6264
-1733	-4519
-3431	20116
-6429	-663
59	-8035
-3695	-10983
-3271	-4265
-5213	3365
-792	47
-3881	11512
-8328	18825
-4834	5432
28549	-15364
-1760	-1205
-5690	-6376
-3938	7233
-840	-4529
4001	2952
-3266	-3676
-4832	-8599
-5249	-1222
-4355	4897
-4947	-8274
668	6752
-4651	2377
-4066	-8565
-2615	-2776
-912	-10411
-4948	4930
2	-1173
-7384	-1505
20541	-3451
-6065	-4825
-1676	-8934
-2458	-4389
-3025	-1902
-875	3248
25653	26257
-227	-5845
-3682	-7690
34539	-6245
-1370	-9522
-2562	5382
-1575	-2290
-3003	3957
-1459	7515
-3845	10013
-163	3878
-6916	13627
-5814	98
-5373	1360
-3498	-7104
-4649	9773
-3210	-5614
-3030	-4485
-3518	3268
-5796	3497
-5704	231
28864	8331
-2966	3403
-7245	-421
-3720	4399
-4510	-7274
-3732	-1404
-5053	26660
-4854	2895
-2188	2512
-4067	-7625
-1335	-3939
-3022	5147
-7510	5581
-2322	987
-2216	499
-6022	4354
-7505	-4223
-2652	-7260
7770	-7180
-3684	-7789
-5087	1371
-877	1341
-2892	-10612
-283	-7217
-6188	1402
-1347	2215
-6731	4655
-4408	-2233
-1713	2813
-10006	36578
-408	5161
-3823	-3618
-4810	-2208
16373	4567
-3760	-1114
31104	-6189
-1803	-13002
-2248	-1836
-5705	-7554
-4088	-4670
34608	-11970
-2244	-6452
-2935	-4989
-842	-5700
-3051	-6304
-6645	50
26476	-8171
-2026	-6187
-4268	-4312
-2372	-1934
-2065	-10505
-9617	13654
-3065	-8434
-2474	-877
-6153	-1579
-1042	748
-1655	-9857
-7195	-1317
1291	-4905
-5131	11609
-43	-1321
-5652	-6012
-2805	1824
-1622	-4057
-5695	10333
-863	-8778
-4405	-2376
-1477	-3445
-1516	-11494
-5815	-1543
-5788	1547
-5913	-653
-3129	-4056
-3781	7154
17860	-9895
-6502	7575
-4352	8934
-5195	3407
-3917	-4103
-5284	-1395
-5987	-1064
-5349	532
29843	-6666
-7145	-974
-3858	-4118
-3766	6759
29338	12888
-3745	-543
-5637	7292
-2722	-4466
-4279	10536
-6831	-1058
-3556	6436
-3767	-6358
-3138	16535
-3576	5486
9817	-2636
-3054	-10855
-2305	-5599
-5265	-1175
-3678	-1834
8229	-12281
-3463	-4190
-2681	-6426
-2766	-6083
-4311	-4213
-3549	-5353
28604	-1322
-4921	-656
-8202	19994
-5470	-442
-3524	5481
-2969	-2310
-2588	-2777
-5457	-7542
-31	1688
-3588	838
-4317	-4524
-3066	12609
-6622	949
-4004	6290
-4362	37
32569	-5737
-7207	4032
-6098	4019
10235	-6129
-1816	-7597
-4498	-4677
-1905	5690
-2941	838
-5061	-10283
-813	-2971
-4654	-3109
-2373	3419
34021	-4975
-5844	-1313
-2094	-1257
-5233	18934
-3491	-4704
25143	11573
-7569	7439
-2847	-2934
-5803	-1779
-4530	5282
27344	-10071
31132	-11669
-3487	1197
-5506	-6323
-2784	-5830
-4741	-1954
30382	-4529
-3300	-4402
27109	-3264
-6185	-7046
11217	3048
-1296	-8854
220	-946
-4995	-235
-5665	-5620
-3461	-1787
-4324	3358
-4966	8266
-1536	-10723
-2026	16844
18279	9860
-2319	-5319
-3510	644
-3999	-1385
-3021	-389
-5691	-7661
-2811	-5041
-3685	-9679
-4173	-5283
-2561	-7201
-910	-649
-4828	7526
-1564	9846
-5009	-2750
27416	-1509
12167	-2112
-493	-6106
-6355	4875
-2105	584
-4841	-846
-4578	-5168
-4490	-895
30944	176
-4689	-3354
27766	-5282
-5248	1723
-1708	-66
-5106	6544
-3405	915
-7766	3976
-4610	-3917
-1541	1624
-5414	2577
-4365	-3297
-4068	23303
-6139	2190
-3190	2801
-3628	-604
32994	6351
-932	-9184
-9461	7632
13456	1183
27259	-6180
-4924	-7341
-962	-9358
-240	19952
-3057	-8694
-6454	7884
26717	-1398
-4373	-142
-3829	-7682
-3396	14901
-4332	-4669
-1267	-4518
-2457	6948
30435	14190
-1624	-2919
-3421	-2099
23695	-15318
-3874	-2061
-7173	15535
-2681	-909
-2962	9120
-7015	12361
-4411	-3754
-3601	2669
-5411	1524
-1593	7663
-455	436
-2334	-11268
28760	-12718
-5060	-6827
-6052	1522
19619	23083
-3325	-1242
-5786	-3725
6370	-7079
26931	-7939
-4326	3073
-5400	-11295
-2764	1920
-5468	1284
-1705	-1784
-5653	14173
6560	-2087
-3592	14592
-1818	-8878
-1245	-3524
21503	3861
-2539	6247
-1219	-725
-21706	427400
-3531	2504
-4345	6129
5566	-3216
-4680	-7667
-3779	-3394
-7496	-6507
-2857	-829
-4756	-7160
-2437	-2154
-5092	5645
-3052	-2597
-6099	-2813
-4872	7534
-4987	-4405
25886	-8492
-4011	-7209
-4006	490
-9383	5963
421	-7416
-4479	-1467
-1149	13078
27058	-7426
-2667	-4170
-1603	6629
-1674	-7687
-1084	1254
-2683	-4939
8105	2009
-4123	-2985
-4538	-7244
-4566	17173
-8342	4239
-3988	-2874
-2119	-2898
-7390	8728
-3543	-3948
-1401	-1173
-2960	-3772
-7472	-2990
-3238	-2460
-2439	-5400
-1456	9494
17094	-1329
-3086	-8665
-4829	5254
29390	5131
-3330	-5577
-2157	834
-2763	-5371
-6075	-2816
-3068	-11897
-3405	3285
-3193	1360
-3942	3699
-3862	10631
-3331	3124
-739	-3856
-5639	11964
-5375	1014
-6866	10705
-2033	-10005
516	1459
-4575	1941
-4276	8912
-6908	-1847
-2091	-5880
-4295	-10872
-7528	1632
-2698	8853
-3318	-5697
-2049	-440
-8877	9567
-3528	524
-6186	210
-2733	-803
-1334	2716
-5504	-13343
2456	-9285
-11348	22982
-5599	651
-933	-1041
30952	-6165
-3872	-1045
-4371	-6238
-3079	-9237
-4218	2806
-1146	3165
-1335	-3798
-1747	-5643
-5286	9283
29441	4804
-3254	3112
-1392	4216
-816	2907
-3009	3248
-3434	1421
-2123	-7013
-4412	886
-2961	-5933
-5825	1230
-4941	-9506
-5413	9563
-2972	-6970
-428	-1339
-4088	-1940
27220	-10655
-376	-5401
-2813	22101
-2251	-1171
-5101	-7818
-3118	-1725
-5166	-4974
-3970	-4535
16757	-3899
-4731	-749
-4586	20163
-2822	1142
-2272	-7942
-3195	-4019
-4605	-4166
-1652	-6842
27328	-9752
566	-7548
-4276	-10894
-4690	-2335
-1018	-5421
-2144	-2232
-3388	-3723
33154	374
-1618	69
-2425	-1828
-2615	-7068
-4038	-4715
-1817	263
-2133	-2040
-5894	-5821
-3283	-682
-6073	1335
-7480	6463
-2863	-1314
-4946	-3092
-2858	-9165
-3958	-5435
-2240	-8004
-5327	-898
-3046	777
-3829	11179
-1521	816
-4918	22720
-2418	-7017
-7178	2817
-3028	-4197
-836	619
-4463	6533
-4926	5151
-2495	-230
-2853	23757
-3121	-3714
-3366	-5820
-1799	-10449
-6489	3577
-5051	-810
-2589	-1532
-3243	-5457
-2342	8137
-1584	8112
-2888	-4361
-7103	-4457
-5832	1462
-2599	-11210
-3178	4373
-2904	-4265
-3118	-1854
-3256	822
-5819	-2272
-3551	-5700
-2788	-3027
-3779	-13223
-6872	293
-42	2268
-3486	-292
-2897	-5051
-6406	4228
-5349	1044
-2053	-8068
-2850	5371
-3141	-2240
27155	-6897
-4877	4251
-1550	-1537
-6166	21749
-5581	-8605
-4433	5038
-1822	-8855
-4724	4539
-5360	-3896
-2376	9207
-3256	1571
-4962	6045
-1767	-756
-4320	1767
31811	-2009
-3098	692
-5744	-5107
-3497	-6212
-3736	-3881
-4170	1628
-2771	743
5402	-5590
-7042	-1613
-3972	9539
6177	10613
-5724	3363
-2369	-8080
-7863	704
-10430	15620
21927	1092
-4567	-6139
-1554	-8177
-4451	-4191
-2976	3878
-3027	-9605
-626	-4796
-5791	-2489
30327	-11437
28989	-2375
-1626	-10861
-3637	-3453
-1320	10841
-1365	10898
-6691	12370
-4670	19276
-7220	-783
-1297	1237
-3890	8656
-3510	-5326
-1783	11973
-988	-1301
-4140	14698
-6643	7560
-10007	4540
-5601	2764
-6509	1020
-4516	-1628
-2614	-8807
-1632	1969
-2640	-235
-2745	-1748
-1479	185
-4675	6432
-7040	4234
2694	293
-7181	6284
-3759	-6844
-5444	719
-3307	-6013
-6149	18763
-2834	-1639
-1246	7660
-4092	-6220
-4373	252
2685	-7073
-5576	-14459
-3966	3583
-4465	2458
-4321	2782
6745	-4626
-2170	7435
18152	-4749
-2340	-6371
-6344	6852
-3079	-8681
421	-5620
-3610	10068
-8893	6698
-4080	-2367
-6421	-6301
-1882	8228
-3373	-2712
-5470	-1797
-1442	5963
-6342	-3095
-4566	-1687
-4638	944
-5279	11797
31777	-12778
-1894	-10649
-3881	-4511
-3177	-5741
-1006	-4058
33547	-7101
-4251	-3127
-3415	-7710
-5988	969
-1475	-2601
-6156	1617
-1403	-8666
-2509	3759
-5990	4708
-1986	-4971
-7198	3752
-6184	-13688
-4595	-1010
4133	-5824
29863	-7589
-2441	-7715
-6211	-5906
-917	-2670
-3014	-2017
-3789	1066
-5202	-2815
-4311	-6426
-5821	1111
-2890	-4963
-3760	-2646
-2565	-8624
13216	1
-3294	-1628
-3349	-5336
-3371	-5019
-1148	-4325
-9314	-1889
-894	4288
-1483	-6851
-877	-9514
-5347	3406
6950	-7758
-1695	-1344
-3302	-7644
-1279	11699
-7054	1247
17110	-3978
-2197	7423
-2105	4135
-2368	17537
-4794	-5753
-12225	22266
-3440	-6717
31031	-1943
7472	8186
4413	-1270
-3320	4932
-2465	767
-5904	3619
-2695	-6481
-3065	-3422
36540	-3911
-2902	2557
-5251	-4793
-1664	-2387
-2178	-3805
-2926	5237
29369	-3074
-7512	10306
-3544	-5440
-1317	-555
-5834	6418
-2955	-4651
-997	-547
-3804	-4141
-4533	10010
-4887	-5441
-1751	-769
-2022	-2799
35581	-2297
-2094	-5794
-5982	-775
-3774	2023
-3997	1328
8300	-1683
22768	2804
-6832	8677
-4289	2043
-5351	-929
-9341	7127
-863	987
-4655	-4274
-3884	3246
-2394	-4500
24554	-20287
-5969	843
-3262	-3202
-4820	-620
-4578	-5920
-4073	4893
-5247	-3931
-4049	8027
-3612	-1825
-3080	2118
-2243	-3772
21691	-6516
-1699	-4349
29815	-3506
26521	-1021
-7394	-3934
-2015	1722
27287	1347
-4707	-7686
3474	-7157
-2006	-4770
18178	-12115
26543	16521
-3167	20275
-2695	-1640
-607	-5576
-3757	-2052
-327	-2276
-3604	8680
-2303	-2872
-3226	-4315
-2221	358
20024	-1524
-3338	-8411
-4590	-7153
-2792	-3693
-2487	-630
-3525	1009
-2654	782
6775	-4523
-3500	13165
-5825	12175
-2553	2418
-3744	14797
-2786	1405
-3532	-11006
-2594	-384
-4410	1675
-4999	-1277
-2261	7800
-1793	-6365
-4053	-7179
-7036	-2569
-5197	-6148
-4112	-3467
-3630	-8345
-2722	-3916
-4418	-3763
-2482	-6829
-2562	6
-5304	1991
-1775	-1137
-3862	-1210
-5036	-6478
-3862	3724
-1549	-6814
-8794	2654
29173	-11985
-2583	-5669
-2599	-3925
-3700	-8826
-5003	225
-5441	-615
-2539	-3777
-4198	7601
-3273	2267
-3602	639
29062	-4526
-5502	5295
-5199	5341
17752	-3942
-3928	-707
-3725	-6498
-1882	8163
-8904	14004
-2846	-5910
-5266	-1385
-1451	12894
17378	-7267
-6097	-1490
-1912	-4926
-3520	-5256
-6180	21200
-8184	-5872
28784	-5400
-1508	-2434
-5503	-5208
-2916	26
7626	-6830
29577	-12696
-4312	-2463
-4074	-183
-3794	971
-3508	-1202
-1833	-10649
25421	-4065
-2546	-72
-3966	1449
-4320	4466
-7646	-2394
-1958	7962
-7009	-1281
-2051	-471
-10276	13333
-1745	-10058
-4082	19364
-3099	-4831
-2796	-7635
-1368	-5960
32256	-6371
-1239	4574
-5404	-2592
-3818	-770
-3645	8029
-1530	-11933
-3695	-1695
-3493	-3229
-3492	-186
-3426	-3602
-2106	-4115
-8967	1941
30967	1305
-4108	7012
-2325	-6526
-1984	347
22415	-6412
-3196	-7988
-1141	-8197
-5900	141
-3286	14733
-1906	-4049
-2991	-2372
-5530	-2363
-5827	5998
-7751	-3870
-3640	-3705
-3315	-4190
-3081	1299
-2595	3180
-3352	4069
25593	6615
-6676	3976
-3599	13031
-3087	-3690
-3459	-1534
-4879	-1939
7596	10426
-3423	-6953
-2432	2092
-2207	-2706
-3956	-10636
-1344	-1307
-6757	34475
-2697	2289
-3619	-3609
-10289	16178
-3370	9483
-4948	-10575
-3140	-7977
-4365	-3248
-4039	-4995
-2812	-1038
-2492	11543
-2056	-1328
-1246	11475
-2695	3519
-3556	741
-3070	-77
-1950	-8999
-568	-6528
-4235	-5645
-1731	-1785
-4834	2014
-1102	5792
-65	-585
-5194	-2386
675	-10309
-3005	-7363
-2331	1888
-2407	-5466
37252	-4991
-3013	-3282
-3974	-20
-1163	80
-3233	20816
-298	2285
-5454	-1193
-3565	6129
-3565	879
-5754	1086
-5850	-5257
-2698	-4798
-2900	-5697
23320	-3772
25877	-3706
-3707	-6166
-3639	-8449
-2356	-8128
-2694	7624
-5170	-5328
-3120	-1707
396	-5544
-6350	-6022
-1534	1403
-2852	4957
-5345	-2032
-2664	-9754
-3334	-1084
-4487	-4430
-1666	5309
-5852	-13183
-3159	-7111
-2127	8763
30076	-9521
-1998	-11443
-3911	-829
-6044	1535
-4215	4409
28072	-13345
-5156	-3280
-592	11754
-3259	7212
20487	-5185
-3500	3732
-2895	-9283
-8180	37561
-962	6828
-1604	-3482
-393	-3349
-4627	11120
-2071	-1654
-5171	5667
-2529	-5808
-4999	-6723
32635	8835
-741	-7389
-714	-2768
-3135	2557
27626	-6908
-2844	-2492
-2932	2165
-1648	-7290
-1281	2154
-2815	-10054
-2774	5795
-4553	-1458
-6752	-7744
-6890	5802
-4009	24516
-2309	2463
27050	-2028
-1495	-11053
-2945	37099
26811	1388
-5140	-894
-3157	-1964
-1774	7419
24696	2033
-4597	5363
-3305	-7590
-3426	-6454
-3389	2728
-3482	-5935
28719	-12448
-1621	-3525
-244	-1456
-4238	-4451
-3360	-10740
-5155	-2140
-1014	-8139
-943	-5529
-4032	2219
-2981	8902
-4125	10446
-1331	-2410
-3584	-6330
-10403	12341
-5037	486
1913	6592
-4309	-3813
-1305	735
-385	1856
-1838	5429
28824	-11800
-3576	9374
-6582	-5980
-4690	-1237
-4267	-1982
30853	-4901
-1595	-12358
-3154	13717
-6198	535
-3917	10446
-3399	-8355
-572	-362
-4392	-4082
36496	-5378
-2283	-607
178	-464
-2311	5085
35971	6303
-2730	-6557
-4364	4448
-5489	1553
-3960	2318
22897	2268
-4800	-6742
-1383	2463
32010	-7667
-3689	-5039
6082	1517
-2884	792
29956	-1316
-3364	2249
-3457	-3072
-4333	2334
4729	4594
-3786	-2432
-3562	-3027
16607	-7853
-5718	10694
30584	-925
-1859	5944
-3721	13895
-7234	-2530
-306	4806
-2097	-7805
-4529	7096
27176	-4929
-2671	5765
-5995	122
-1076	-2518
-5525	-5209
-1478	7860
-4571	2028
-2672	5939
-2003	637
-5329	-1563
-1440	1920
-2858	-595
-7537	-4176
-3781	-2281
-7730	1821
-4516	1893
-2648	-481
-6546	6947
-6463	5832
-2314	4394
-7654	7205
-4720	-3492
-2080	252
-2461	883
-5364	-2809
-6419	-4165
16073	-3573
-843	-11221
-1636	-4782
21577	4487
-3271	5411
-5651	1902
-4889	8467
23051	-4089
-1689	-1017
-4661	729
-5587	1700
-1425	-8691
-3245	-9902
-996	-2506
-6279	238
-4824	13939
-4435	5778
-5208	2898
-4892	220
-1901	-272
-2975	-4670
-6591	-1301
-3133	831
5250	6654
32104	-7027
-4067	-7731
-7543	1340
-3175	-4542
-2750	-882
19137	-10708
5880	480
16390	-4392
-3418	-8165
25497	-9219
-3631	-8583
-2348	-5202
-4123	-7255
-859	6266
28731	-1999
-2577	1393
-9050	15013
-4869	7027
-3318	-8025
28286	-4373
-5617	-4015
19668	2674
-3262	-626
-2307	-2447
-2495	-5098
-10438	11239
-928	2331
-11645	11427
-1852	-2054
-4175	3821
-4616	-8377
5925	9229
-6368	19542
-5119	5163
2326	13450
-4246	2726
-6123	5449
-5392	-8690
-1243	-1620
27807	-6560
-2237	1220
-1624	-3704
-2608	-7397
-4082	-10782
-5670	6734
-3179	323
-6321	11945
-1686	5412
30982	-390
-2991	10136
-7186	-6265
-2000	1265
-3723	-8223
-755	-871
-3300	10231
7297	-6473
-7982	5583
-3953	4449
-4042	-7928
-107	-6416
-4751	-4441
-4068	1700
36060	2455
-7975	5525
-4509	1262
23323	-1725
-4640	11263
-3922	-24
-6694	9944
-2914	-3516
-452	-3457
-3444	-2140
-1834	-2494
-3204	-2270
-712	-6222
-5648	4518
-2681	-2106
-8191	3113
-3561	-7679
-4547	24555
-3252	-7813
-1638	-2328
24681	-2507
-1412	-7905
-832	-1343
-446	-10187
27152	-5190
-4164	-9149
-6743	20
-4367	-91
30406	-9835
-6096	11219
-4775	23426
-4296	2267
-1747	1409
-6269	225
-7740	7815
-3866	-17172
-6091	20800
-1057	2198
-4590	1143
1774	626
25909	761
-1049	-8813
-4895	-4208
-5842	3179
27024	-2782
-2057	5838
-7191	7633
-3562	2903
-11273	20074
-3601	-2292
6211	-4151
-1708	2498
25955	1918
-4754	2872
23771	6845
24735	-7315
-5825	-4339
-6334	-1465
32578	-4275
-5607	16347
-666	6528
7906	10089
-6092	1975
-1603	1801
-5587	-1937
0	892
-3163	-2815
-3864	-610
-2362	-9034
-2114	-1394
-2407	-11359
-1369	-10918
31863	9640
-4825	-2664
34165	-7713
-1853	-6618
-2706	7663
-5844	6611
-7484	5196
35094	902
-3492	-4586
-3127	-4768
-2390	-9267
-4527	-8090
-1370	-6117
-3067	-1674
-3465	-5305
-2285	-2086
-1124	-5244
-4029	-2278
-3576	-3185
-2580	-9838
-5353	-3143
-2346	-7501
-5535	1529
-3987	2044
-1508	-1002
-2301	-7713
-1613	-4014
-4072	-5500
-4229	-6759
-426	-1234
-4343	-5161
-4554	-2492
-3344	2217
-4193	-1698
-2963	16373
-5929	8631
-4686	-2446
7428	-2371
-4609	-927
-2398	-4463
-5656	984
-3149	-6367
-4784	-481
-4969	-3888
-7969	-125
29937	-11323
-1596	-3656
29044	3186
-2620	-2453
-2824	-2261
-5275	4808
-4077	-312
-4541	-3364
-5370	20140
-5767	-5735
-5185	4286
-1363	-5919
-4669	-4917
-4542	-1969
32186	2271
-3080	24039
-2149	1246
-1143	-1793
-2035	-5811
-1612	-3280
-1190	-11099
34892	-5839
-5220	7177
-770	-615
3786	-9495
19199	-1511
-1943	-5152
-4341	-113
-1468	-3730
-3440	2044
-4576	11721
-3722	-5669
-5220	3273
-6595	-4144
26588	-5554
-5645	-3756
-2329	-2080
-4534	94
20590	3301
7649	-8090
-3494	-7282
-5135	-2817
-4844	2019
-2242	2267
-6837	-909
-2667	3921
26700	1865
-1574	3663
-4249	-9820
-974	-5683
-8648	499
-6152	-3477
-2331	-3217
-5846	1238
-5947	1011
-6042	5768
26017	-5662
-5469	-3425
-5089	4257
-3438	-6226
-1446	-7675
-3362	-5415
-1608	2890
-2120	-10755
-4114	-6572
-3747	-6918
-4229	3693
-3775	-11454
-1674	-6257
28152	-568
-4467	2559
-6509	30664
-3727	4250
-2379	812
-2711	-13371
-4185	-2342
-591	8288
-2711	-2297
-1437	-5667
-407	-10237
26691	-11751
-1285	-2009
-3241	10972
-1302	-9506
-5710	1407
-5369	-1373
-3464	-5147
-5302	3611
-3679	-155
-4676	992
-4194	-4281
-2135	3878
-3847	-3470
-4512	965
-3396	-6324
-4393	-10980
-3577	-2831
30597	3619
-2798	5974
-4419	-1560
-5080	4975
-3837	848
25207	4165
-769	-3039
-4682	6788
-4065	16313
-3397	470
34611	-2055
-3197	1053
-3439	-3712
-3507	-3370
-3544	-422
-231	-6420
-1445	-4585
-2566	3117
-5978	-3318
-3925	-4565
-6018	1874
-2782	1607
-6361	-4098
-4968	14898
-3517	-11776
-6980	-6582
-3169	-900
-2999	-4239
-6323	-3388
-1178	6542
-5063	4012
-2887	4060
33015	-1832
-5257	-2943
-3183	8895
-3472	-6183
-3244	20821
-177	-15465
-2663	-4115
-3443	-7073
-4706	7541
-5516	2355
-2172	-2995
-2783	-7284
-4584	14854
-3341	3383
-3022	-4263
-4834	3140
-7502	5675
-3207	-4465
-4074	12881
-5188	9977
26713	8556
-1170	7865
-5168	10236
-2989	11801
-1298	2787
-3193	3031
-4002	-1051
-3509	584
26740	13631
-1234	-2125
-4324	536
31275	-5478
-2901	-13680
-103	974
-1397	291
-6831	-1212
-1074	-4184
-6012	-2784
-3942	-4024
-4168	-9900
-3787	-3190
24480	-18
-1492	4877
-3726	1284
-4514	711
-3032	-3130
-2526	-5014
-4373	15279
29564	-5764
32798	-1435
9913	-9000
5681	-4822
-2629	-4893
-2168	6387
32802	5287
-3477	8310
-2201	-2202
28972	-3573
-456	1581
-2997	10223
-5141	6327
-5899	-3753
-5468	2116
34531	-7367
-3007	-4700
15913	-7119
-3008	-4599
-2637	3102
-3756	4325
-4936	-5113
-3755	-905
-3079	-5980
-5820	4191
-3339	-8159
-7104	-2549
-4545	2486
-4178	8789
-767	2257
-3665	-3167
-3064	6412
28565	-1155
-1966	-11643
-595	52
-4774	-1090
-4101	-6187
3752	11847
-7053	-2763
-2636	-998
29229	7739
-6821	-3600
-3676	-2900
-4312	-3747
-1801	7309
-2876	12189
-6362	7187
31020	-9717
27016	1937
-3330	-2495
-3801	8467
-2518	870
-2855	-1579
25952	-8885
-917	-4057
-5571	2002
-6314	-8568
73	10342
-2834	1650
-4207	-12682
-2695	4895
-4050	1578
-5034	-666
-4878	5102
-7239	23218
-3640	-6209
-2532	501
-3156	5728
-2165	1430
-3668	4393
31281	-7863
-4193	-2025
-5001	16898
-2667	6883
-1463	13342
-2856	-2937
-9064	12991
-3094	-131
-4941	1981
-6815	-5213
-3709	-2567
-3032	2267
-2573	-2269
-6257	8556
-893	-4001
-4363	-6372
-1474	-460
-4753	3592
-1011	4190
-4141	-2523
19349	-18906
-2204	-1026
33114	16929
-1269	-4366
-622	2390
27200	-9863
-2655	2220
-2164	6856
-2968	662
-5852	-584
-5713	7253
-2596	3435
-1247	15139
-2142	1271
-8196	-4082
26667	2927
-1848	-7494
-6520	-2703
-6383	-616
-5616	1210
-5016	15451
-4724	10465
30397	1783
-3288	-9398
-5536	-2196
-5219	-7914
-4408	3101
-3275	1273
-7509	2652
-999	-2974
17874	-6164
-2666	-6016
-4980	-669
-329	1092
27489	2123
-3701	-4380
-3476	863
-3263	-4705
-8146	16486
-5374	-5599
-4280	-2394
-2836	-12969
-8471	-1774
-3001	2807
21572	-7805
-5532	17457
-2533	-855
-6772	16135
-4688	-3948
-1780	2514
-2214	-1561
-1499	-1446
-4517	-7625
-3097	3889
-6535	-8999
-3173	856
34344	-449
-2828	-1873
-4952	3941
-8715	4696
-6271	725
-4324	923
23863	3936
37385	-7017
29203	-4153
-4132	-6900
-4075	4882
-1676	49
-1233	10128
-2000	-6767
-4135	-1646
-2109	-2107
-5599	-4472
-2556	9999
-1304	-4153
-4500	4779
-2235	-1376
-3538	-3925
-5966	6084
-1806	3225
-4172	-915
-4665	7501
-1176	5640
-4390	5014
-3249	4558
-2582	-9262
-3593	-1641
-360	20953
-2034	-8347
6077	-5059
-6086	2250
-5012	19708
9306	-3648
-3173	-4323
-1461	290
-3502	8150
-2346	-6119
-4598	-6432
-3320	-7812
-4763	-2294
-5905	-261
1737	3353
-3024	1363
-4014	-9869
-6900	12476
-5384	-7584
-3307	-990
-9613	14027
-1441	-5925
4769	-4767
16864	-2603
-2882	-2059
-4089	-10452
-2433	-5245
-3343	-2203
-3260	674
-2897	-7953
-2622	18661
36922	3258
-3325	-2900
-2702	-4578
-1933	-9588
-626	11580
-2857	158
-4662	-7111
-5139	-1346
-2893	9206
-2372	-2561
-2186	-3706
-2886	-6893
-5672	-2858
-1267	7357
-3100	49134
-8641	20094
-1580	38
-5907	8503
-4886	-2110
-4805	-2286
-7298	10501
-4143	-2500
-2538	-1087
-4728	22285
-5081	-6620
-1639	-350
-3574	-973
-1777	7508
23692	6691
-3440	7005
-6679	-1033
-3333	-1594
-3963	11024
28230	-717
-2045	4912
888	-3159
20947	-3430
-3525	3287
-3758	-5850
-3728	-1202
-1211	1225
-2989	-5263
-1104	-6600
-7463	4146
-3457	291
-5796	-5287
-9044	7497
-1893	-3646
-1534	-1332
-6343	-75
2527	-3096
28191	-5290
-2087	-12930
-4293	-2361
-4250	4528
19282	-3263
17402	-5310
-6870	2256
-5496	-9935
-3568	-4631
-4139	3891
-3423	-3475
-2239	9407
28166	-3347
-486	6401
-6054	3376
-3777	-465
-2316	2670
-5779	579
-4753	-1622
-3456	2832
-4250	-2432
-5209	-3183
-3469	9738
-3140	-2276
2788	-3468
-900	-2941
-2781	-7995
-5608	-6579
-3805	-9635
-3967	207
-4649	-5099
-2771	-4939
-5850	-1283
-3019	1121
-2903	1466
-3556	-12530
-2765	-11183
-4543	-5213
-4680	-10198
-3974	-3281
-2929	-2010
-4780	5233
28957	-1638
-4375	-1964
28202	1123
3971	-481
-5535	11087
-1146	-10180
-1648	-509
-1757	7668
-3051	261
-2231	-6862
23245	-2073
-8588	8412
-6854	-578
-3671	2474
-3898	66
29041	-2302
-8218	5163
-2933	-1777
-3971	-4033
-919	-94
19265	20527
-4202	-3791
978	9081
-1528	12082
-2346	-6191
-2302	9460
-1719	-9076
-2015	-2614
-1816	-10543
-5361	-1517
791	-1933
-761	11516
189	-3823
-3114	-1078
-5076	1408
-2280	-3354
-4476	13310
-3551	1407
-4054	11520
21325	1205
-2781	3492
-5938	16577
23701	-1551
-3755	915
-3608	-2150
-1756	11030
-1369	-2998
10221	-8009
-3547	6505
-1689	5325
-3714	-4417
-5652	-1993
29456	1090
-4583	10870
34921	-6299
-5829	12014
-2693	-7545
-1116	-768
10812	2795
-2393	11296
-809	690
12017	9267
23501	-3536
-4779	211
-1757	-9
22017	-4141
-7415	11526
-2313	-7051
-3929	8835
-8515	2393
-1695	-5257
-5197	1099
-3094	-528
-3772	2201
-1293	5909
-823	-5255
-3794	-832
-1416	1469
-6998	5581
-1546	5822
-3029	-462
-1291	-8939
-5962	13251
18235	3641
-2232	11694
-3650	-9543
-8364	-6750
-1943	-2106
-3066	-7895
-6001	-2280
-5545	8378
-2866	-1982
36950	-5511
-5018	4674
-3618	6771
-3558	11291
-8293	2789
-558	-812
28043	-3186
-4953	-1277
32977	1364
36922	3661
-1147	3130
-3284	-7379
-1517	-1927
7491	693
531	-7565
-8061	3129
-2852	-9520
-10307	18043
-674	14260
-2949	-9025
-7234	-2606
-4827	-2160
-3533	-308
-2537	-442
-802	-17292
-2036	-8855
-3098	2132
-2249	4380
-1976	-5060
-2951	2854
-5637	2666
-3874	-2809
-6111	-4770
-489	-8485
-4921	21819
-6447	-9415
-2495	-4566
-1140	-574
-3009	-1953
26319	14789
-3689	15598
-5376	12015
-2745	-3718
-2706	4676
-3808	10156
-4523	-11620
-5022	1098
25571	-6173
-598	-3142
-1906	3378
-5098	4795
-2137	2269
35709	-1636
-8655	10372
-3477	5969
34574	-2430
-2384	1789
-3688	2141
27358	-5721
23543	-7704
-5635	8061
-487	2421
19416	7196
-3067	-11855
-2701	12252
-4129	-4885
-5877	2292
-1606	-5741
-3267	-2876
-3551	13062
11582	7649
-4077	-1149
-3407	819
-1393	-4381
-4727	2637
-813	6525
-1218	-4916
-197	3917
-3197	267
-7272	1235
-3406	5683
-6568	6052
-200	2534
-1943	-832
34692	-882
-4660	8149
34929	1668
-798	7049
-1648	-1528
-3606	-28
-3793	6195
-1014	8056
-4599	548
26581	-956
-4733	19940
-4827	-2576
27691	-3446
-937	-9025
-1909	-10326
-5208	17005
-98	-2116
-7737	14450
-3650	94
-4914	3892
33519	-4267
-3118	-4799
26058	7499
26678	-48
-1645	-8828
-4775	-4754
-5625	-4160
34197	-6317
-8192	9924
31629	-2374
-466	-236
13863	-4500
-3027	-8422
-1517	-2500
-2925	2316
-4155	-5226
23435	3761
-6673	2974
-2847	2975
-4215	6195
-2491	-3717
-5983	8237
-3268	10044
-3369	1926
-3476	6406
-3466	3588
-4020	30045
-5307	1953
-6238	-7277
-4880	-6935
-1620	565
-9303	12162
-3607	-4401
-1701	-5602
-1503	-1002
-1207	20490
-3602	8974
-4449	426
-2043	-3538
-2586	-86
6527	6757
1339	-11057
-1371	2692
-4775	-2104
-287	-2679
-510	-3537
-9256	2862
30066	-9262
-4010	-3639
-6098	-288
-5183	-2234
-7811	4206
-3411	-627
-4927	2780
-1806	-2944
-4400	-575
-3230	6594
-3025	-5479
-5751	-1398
-4611	-2415
-4114	-2495
-7336	-1571
-4323	2036
-1728	-149
228	-3079
-4681	-4445
-10158	10484
28173	14792
-2076	-3793
-6449	-636
-4602	-489
-5806	8242
24834	-31
22669	7848
-3932	-12486
-2160	1568
-2019	1702
-4445	17117
376	2982
1426	-7564
-3395	-5045
-4911	-9927
-2249	5618
-555	3836
25715	-24
-3572	4160
-12254	26766
-3593	-7575
28841	-9283
-4666	-31
-589	-4578
-4814	4775
-1757	-1722
30772	-9104
-3549	-4148
-5904	14713
20525	-4256
-5446	7737
4010	-5941
-5802	250
-4500	-383
-2907	-3458
-5310	6412
-1761	365
23643	-5572
-2207	-9275
-5755	6416
-910	-373
-4716	4545
-3675	-6110
-8079	939
-3573	695
-5289	1528
27086	298
28315	-4129
5784	-378
-2449	2648
-6235	989
-2867	-3154
29158	10191
-1773	-1559
-629	-4683
-9263	3997
32276	-12890
-3103	-3257
-657	6292
-3311	2666
-4774	4980
-2398	593
-4395	3311
-3250	3469
-3980	11933
-6999	15245
-215	-2118
-2017	-8377
-3608	-1270
-4656	4973
-272	-7972
-7295	-11272
-1001	7497
-639	-1753
-1193	1850
29220	-7747
-1683	-295
24702	-7457
13830	-2974
-1506	-904
-5290	374
28287	-3520
26193	-9145
4995	-1468
25961	29
-3719	-2252
-4900	9470
-3776	592
-2648	9919
-1812	-792
-1267	-4545
-4014	-3472
-2133	-5577
-8765	2540
5	-548
-1361	-1272
-4615	8886
-1190	-12587
-912	-5900
2755	4776
-2477	1762
-3599	3116
-4588	-9552
-6129	-141
26497	-8373
-4666	12945
31749	-5390
-4922	-3758
36328	-17597
-2506	-3554
-3906	419
-447	3390
-7395	-4802
-4142	-6091
-6651	8533
-3957	-2887
-3141	13939
31673	-2779
-3445	-4973
-3532	8034
-454	-1837
-6121	3219
-4329	-2654
-8553	21648
3821	-8803
3789	-3205
-2633	4895
-3223	5764
-572	1159
-3484	-11458
-5790	-871
30348	-6789
-5893	-1175
-7009	-8927
-2206	-2886
148	20668
-3219	-9762
-2938	1064
-3840	1786
-2210	-6092
-5432	-1921
-3571	-9046
-1567	-4343
21979	-6719
-2273	-9723
-3819	-1789
36440	10466
-3256	-10422
31143	-6323
-2949	2400
-3165	597
-5369	-6677
-3967	4620
16674	-7266
-3412	-9071
-3531	11264
-5311	13369
-2653	-2684
-3442	-6965
-1828	-5198
-3392	-852
-4692	-4318
-666	-14437
-6350	-840
-3973	2016
25996	-3933
-4002	-7301
-1122	-328
-6557	4455
-4969	-7339
-2172	-7969
-3086	13320
-1611	4328
-3071	-2349
-1613	-4977
-3112	-8641
-2862	-5667
-1938	-11657
-2165	-826
-3873	1063
-7358	498
-6158	779
-1080	-7512
-2335	-12314
-3284	12056
30193	14381
-1687	-6492
-5947	-3822
-2497	6021
-1974	-1806
-2136	398
-4878	1212
-7347	6125
-3236	13166
-3078	-4524
-5808	-1903
-6104	4182
-3949	2542
-2359	4958
-3904	230
-1539	-6913
-3205	-10046
21937	-4475
-2855	1116
-1586	-10607
-5225	-1937
-3112	-3924
-1292	6587
-4239	-1126
-8864	4489
-1246	-6802
-3706	-5974
32637	-1623
-8996	2691
-2578	-1520
29967	-2422
-3273	-6124
-2152	-2428
24149	-6804
-6203	2450
-2670	1843
-7584	2820
-2087	-6621
-1759	4344
-4500	2536
-4234	6200
-769	3128
-4462	17185
-5812	7937
-1973	6196
-2521	-10898
-2123	-6400
-4228	-6739
-3333	17247
-2589	-5799
26325	-4574
-7330	10514
-2538	-2389
-3032	-1056
31808	-3676
-4321	2886
-3891	-8606
-2662	-549
-8690	137
-3985	-6684
29307	-5498
-3733	-28
-5317	-2955
-2339	-11655
-1028	542
-7299	337
-3458	-8446
-1305	-2466
-2020	-516
-1323	-10182
-4946	2183
-3492	6379
-8247	23962
27790	-6706
-4988	-5774
-4990	3067
-2723	4572
35131	-2900
-5064	-8983
-4461	5635
13691	-10348
-2718	3793
24086	13527
-3667	1049
-4249	1798
-1217	14663
9285	-16280
-1109	-6374
30976	-8376
-2275	-5509
-3276	1244
-2221	-1277
-1948	-3676
-3071	7161
8342	-4065
-5740	5679
-3945	-7070
-4977	-4233
-1634	-2986
-1867	-7510
-15	-2373
-3028	-1101
32761	-7223
-3341	-2553
-4527	544
-6034	221
-1852	13798
-5971	-9001
23850	-8516
-4108	32385
-2008	1420
-4487	10760
-4039	-2156
-1851	626
25696	-6582
-6912	5049
-1500	-6800
-2103	-6810
-3844	4520
-3057	-11949
-6087	8429
-1286	-7618
-3505	14087
-2449	8193
8881	-2886
-1782	-629
-736	3202
-7189	5699
-3071	-684
-2681	5526
-4703	-11945
-3705	4605
-1550	-5904
19061	7292
-4875	-1101
25389	-440
-9256	4340
-6025	-7407
-3651	-800
-609	40199
-1894	28082
-6097	-1083
-4599	-297
-3828	-2253
27127	6878
-2667	2136
16016	154
-4876	918
-3217	6020
-3379	-1124
5317	838
-1902	570
-1906	2205
7072	-7341
-3645	12079
-1974	5018
23118	-1061
-3092	16762
33251	4945
-3815	860
-4708	6265
-8933	4377
-4141	3864
-3607	2865
-2445	1053
-2226	4803
-2545	-537
-7005	3183
-2978	4849
-6062	3429
-1755	-5859
-6638	3673
-6789	-1492
-2693	2313
-1563	391
6106	-9881
-4994	12948
-7981	-4004
-3330	-6412
-1659	-12151
-5025	8166
-4759	4440
-1852	-10747
-4467	4498
-3403	-5297
-1300	1675
297	882
-5715	-3842
-2371	-5749
-6432	-2066
-2653	-8279
25713	-950
-2679	5867
-3189	6313
-2940	6018
-3235	-9016
-507	-9852
-5849	-336
-2578	7248
-3412	-4074
-894	-469
-473	-1820
-4600	-5050
-7047	-2887
34901	-6529
-6280	5034
-6384	8617
-4224	-7427
-5940	6806
-2222	-3151
14954	11457
-4787	2403
36393	-1826
-3617	5674
-5334	-4901
-4700	-6901
28366	-10515
-4116	-555
-6026	7251
-3845	-146
29021	-9568
-7853	12626
-4431	5168
-1719	-803
-1226	-9885
-4048	-9364
-2409	4529
-1401	40605
-5707	3431
-6624	4808
7950	12228
-4203	-1434
32605	-2412
-5097	-4282
-5841	7398
-859	4487
-1995	6574
-3159	2823
-2828	5229
-3398	-8318
-4126	-4792
-5859	-3881
25732	-5356
-2142	3361
-422	-3693
31284	4709
26301	293
26420	-2257
-5742	13871
-1785	-3939
-1786	1954
-4244	1295
-1077	-4090
-4913	3445
-2929	424
-2936	3654
-2888	1523
-4725	-7787
-6111	-4234
-6219	2487
-6708	-6499
-3440	6819
-5283	-3942
7370	13171
-3506	-6031
-3070	2389
-2204	-6960
9905	-6965
-4696	524
-906	-9799
12423	3601
-3973	26319
-3136	7688
28006	167
-6624	5576
-2663	-7426
-1132	849
-3892	-4436
-4311	-5195
-5160	-385
-4548	-10903
-6301	8935
-2139	-2693
-3410	-3769
31429	-3360
30979	-4378
-3028	7283
23009	3596
690	-13624
-4577	1797
-8255	3855
-1815	1468
-3871	-485
-2128	-6959
254	-10860
-4395	-5816
-1681	7114
-5028	-3251
-4878	-6367
-2980	941
-2231	-2101
-1880	-777
-3681	-1620
-4880	-2141
-4540	1510
-3338	12942
-4115	9114
-3955	753
31827	-4779
-1665	-3982
-3716	-278
