-624	6908
956	-17079
-2206	-6126
4312	6535
6827	-15058
-4494	14939
12360	14611
1449	7737
-1989	-6436
-65233	-34449
18976	-7030
-6649	3424
543	17584
14638	5055
-4295	3976
3587	-12544
2158	-2776
10835	3824
13101	-4863
10884	-6597
-23953	-2327
-743	-12933
-2468	4199
-11189	-6969
14414	5563
-2416	-4084
10071	-5665
11160	2856
-1365	-18839
-14375	-10949
-3242	7726
-8349	-6541
6261	-977
8775	-9206
510	8467
9321	-601
-4007	-12487
2740	-10140
-20446	-14371
-3946	-7060
-11409	-11751
5615	9868
7015	3225
-19757	2820
-8941	-5512
-17591	-4810
2295	19275
3213	-10166
-232	-3446
7314	4111
-6211	-19610
4957	18158
-7002	9813
-14683	-9868
246	3715
-183	-14876
-8737	3825
-3700	-8709
5257	-4638
8324	6396
13546	375
-17445	1828
13341	-1475
-3738	20090
-6572	-4239
2494	7340
-6156	-3110
7192	-13597
3382	4435
9502	16050
8148	-1381
13216	3676
-34559	5178
3216	-9777
84	1475
1883	-10022
19528	5500
6491	20375
-10372	-10847
-290	10849
-21873	-20534
-3490	7315
1131	4449
-7420	188
-3216	-18422
-14811	-10112
-4037	3472
-4810	2395
-23490	-11517
792	-15135
-1819	20402
-58	-10738
-9606	2949
8380	-2144
7520	-11871
7471	11253
8168	8189
1096	3454
9061	-465
-7094	-10406
6130	2702
-9212	-9883
-10180	5690
10553	1585
1178	-1900
3116	-2859
-988	2628
2037	-4748
8313	-6770
-13758	-6049
5242	12242
809	-4500
2805	3058
-19540	-17823
-19297	-26782
-284	-14761
1328	-1998
-7701	3196
6705	-5129
-858	-3995
7947	2984
-953	-4183
16130	-4790
-8946	-9110
5573	3791
11414	4686
-8620	1677
13801	4509
2114	10516
11501	-4933
2950	13790
-3941	-2274
-26011	905
9577	5320
-1542	-6054
-29558	-15096
9407	-8252
7473	-5681
24298	6681
1171	-10118
4863	-9793
12639	5466
1908	10114
16608	-2179
-11034	-5653
4950	-5915
7361	-11018
-16427	-20411
-817	573
-3539	-4878
299	8631
4660	-15223
-1441	6980
-8518	-11402
-9014	-12815
867	-5280
8876	2460
3921	3525
-2318	20942
-1993	6602
-16579	1420
5752	10626
-2796	-11762
11301	3601
-1530	-578
-3834	-7417
6005	1608
-570	8192
-7346	-9470
-1325	9784
-5694	9450
-4463	-1482
1882	-18026
-2191	10856
10023	9398
2341	-9962
6858	-3231
-5109	-19642
-1404	-5632
6008	-113
8712	22316
17561	-11991
-7448	12886
2814	-11518
-10287	1166
-6874	-3546
-20714	-20111
14035	4698
334	16848
7271	4504
8482	-4194
-15435	-22017
1555	10885
8223	9258
9579	8159
2711	-16489
9856	-432
-5670	-1122
8659	6800
9214	-5763
6848	-289
-723	-7493
3348	6367
-3121	-15664
-17840	1394
438	-12746
-5366	904
-13126	-13236
-17687	-3992
5489	-2005
7461	-3748
-9982	17474
9786	5421
12122	-5038
13045	11187
7994	2582
1257	4749
1561	2207
-1026	4807
5425	-17435
10315	-1702
-12266	-1454
-4827	-6533
-959	185
-961	-5237
334	5527
-547	-14392
2752	-6384
-6068	-11698
5114	-1489
-4133	-11793
7550	2478
3860	-7706
-1166	21290
3558	-5114
8755	6663
-7673	-1346
-2652	17861
-8991	2927
-4009	-13849
467	-5033
1785	-8095
5591	7594
7323	-1536
-9426	-1350
2661	21615
10061	-1271
-496	-388
3073	-5440
-7124	2237
-5079	5079
-350	6132
1432	-4943
4718	-1041
3375	395
6709	2171
-9705	-6013
3880	-336
-3461	4133
-5123	-2973
7461	-4652
5424	-13235
-1231	-1845
3352	-4087
11196	8506
1243	7468
-4172	21003
10808	6111
-3070	10485
3252	-5958
351	-4191
5304	-10443
7546	-1474
-5294	1397
7784	7922
-1148	9571
4299	-5769
5525	6312
6290	-2535
-6407	1272
-11242	21479
-20453	-19667
-3177	-13762
-15616	-6693
-13099	-11701
4688	18162
2073	5405
-6114	-16436
-11127	3563
6298	-731
-10809	-25768
11586	3922
15420	-3080
-13545	-24581
8326	5043
-6631	183
-1848	-12662
5316	-4916
5242	8335
-6356	4152
119	1535
4889	-6977
4987	-6246
-2388	5720
7366	1716
-2438	17769
-38484	-17060
1160	-4449
-32177	-10587
-8451	5251
-5090	-11927
976	2239
3927	-7633
7513	7265
-5937	-14117
-11334	9859
5161	22402
3593	-4834
14486	8311
6007	-17604
-12633	-11845
-3074	-10627
5576	-10129
927	7478
3256	-10085
-1394	331
-9481	3412
-206	-12798
-1916	11241
12649	5665
-6441	-3488
11109	3015
-8379	6479
1035	13160
-12755	-11658
-9069	-7201
-12320	1156
-994	-6911
8165	20783
-9191	225
13361	-11381
1839	5052
-2507	1810
9827	-6762
10935	-7403
-1290	-5905
-2193	-7128
-17992	-22679
-6434	-10015
7680	-18140
123	18341
-2785	3104
3364	7951
-12785	-8036
4153	1349
3752	-1166
-14004	-14250
6068	11019
7413	15941
9392	-2167
-9848	-10165
13935	6330
-12813	-14702
-16204	3246
7411	8666
9295	-3989
-11961	11033
6254	1254
3428	-1030
1568	13084
14857	-5882
7994	-4922
-7497	-1327
-5542	-5664
-5346	-7230
9032	6791
3588	6482
-3871	4725
-12980	-12057
16716	12685
3788	-2253
6686	14128
-1165	14436
7137	3054
-3262	3240
8871	-8506
17149	18897
-8424	-4025
4266	-7239
7858	6265
-3380	12877
-1140	-6151
-5703	12462
-6065	-7934
15333	1913
-22071	-18479
-1179	-2190
-10169	5324
13624	5308
19005	20784
-16948	-19233
5511	9446
8063	554
3936	-2336
15948	4455
7359	-1317
-14117	-1015
-11086	13041
-1700	-7065
-6040	-17060
-7124	-9953
2798	-2571
-13668	-4323
2233	-3088
10163	1498
-2969	-2362
8496	7568
3989	-14512
-1222	-3305
169	-15225
-6802	16066
12082	-4108
13159	-4540
-42853	-28926
199	431
386	541
-28492	14844
3024	-8064
6911	-422
16067	4425
-14509	-13332
3611	-8027
1686	-9766
599	6872
-4035	4336
17663	-3805
7498	15814
5264	10036
-11746	20175
-16236	-16341
10925	11710
-19555	942
4670	202
-9747	11192
1843	16794
-7305	-7178
-9436	-5479
-9192	4062
7717	-6832
28333	1353
1571	-6262
181	6647
-12676	7859
-1740	4719
-1297	383
8346	3013
253	-4810
45	-2235
-11442	1146
-5945	19251
-5091	-21334
891	3524
15363	21942
-5420	-4452
233	17853
-4085	-8760
-15374	-4708
7918	17077
-3374	-194
10968	3590
11138	7451
-2807	13361
3789	1641
-3868	-15858
3401	-3860
-11881	2281
-2201	-11504
10623	4190
-8323	-2207
-6370	556
-17038	-5075
-10201	-677
-1265	-597
-1273	1817
11325	22750
3562	-305
-5939	3521
6273	-2560
-8205	-17388
6299	8673
1230	19447
-7424	19958
6086	21564
-15981	-2240
-2782	3714
-14827	-12754
16672	9513
3609	902
7962	-7020
2961	-5235
4541	-5333
-2665	-22934
10106	-11245
2052	-886
-22931	7154
-4310	-11735
-4446	-15036
8002	-1107
2940	7495
11967	2496
10020	16358
4579	14098
-8722	5664
-2650	-7931
1741	5931
-439	7183
7464	9941
4544	5108
8490	4555
10040	5174
-2437	-9922
-17740	-1669
-13104	858
4195	11928
5895	1484
1765	-9596
11716	-5594
-2411	-953
6703	3879
10225	21605
-6320	2185
13223	1806
-14457	10193
-13308	-2992
-2208	-5040
-9836	3221
3459	-2875
6470	22314
5049	-1952
-7472	-15417
-22551	-11547
532	11402
11531	21362
-4582	3121
4126	-12429
-1960	1610
-11312	-16020
-11116	-3805
-5518	-13787
13969	-4878
18123	4971
5392	3253
-1440	-1963
-665	10181
-10148	-4877
-33112	-5597
-9766	-423
195	-4664
-10861	-10814
4631	-3238
-2617	9316
2410	-1692
1263	-1096
1690	8041
3472	-2851
-9449	1
5972	-3442
-5261	18082
3323	1363
-165	-3262
-4574	-12846
-2784	9498
-10508	-14336
-7806	1670
6661	3533
-894	6691
-6018	-12784
-7792	-1408
3609	4367
6854	-13295
-33635	-22732
5363	-6723
752	17873
8862	-1008
-6438	5733
10178	18737
-3633	-15175
11605	10064
-7752	4452
-14124	-12388
6879	21993
-12963	-1441
-1979	-17754
2397	-8810
-31413	-10341
-7667	3364
-4498	-14891
7308	4733
2754	4272
-2490	5507
-11600	-3845
-1220	1222
3300	-4579
9733	8564
-466	3242
6455	1349
16800	10931
10450	-7090
-24905	-5837
-10155	-8470
-2808	-15090
12722	9698
-1723	-3377
-1589	9365
-14157	2437
-12284	2947
-11354	2315
-8144	-6759
-1106	-17546
-8695	7108
-3960	-9282
8401	8136
3760	15007
13770	-2489
-10482	-22618
14893	7165
2742	12436
9988	7757
-8553	-1098
8662	4800
9207	-8331
-8528	-6353
-9163	1473
727	4125
-2652	-13603
-3206	3703
-3251	-870
17750	17041
5482	12635
-1648	-4042
-2298	-8699
3078	-4747
6658	-10556
-13831	4287
36322	5537
-708	-1725
6167	4380
1205	-13442
3268	-2703
-13535	-15561
-6675	5482
21969	12538
13206	-3520
-3217	471
-3863	1374
1873	1975
2982	1296
11431	10597
662	10975
5319	-10502
-10156	-446
15141	4764
7700	-2612
-7326	15131
-18738	-20046
-5173	13671
-4100	-6906
4572	4559
1187	-9868
-17303	15711
5012	-10457
2126	13124
3677	-7604
-7573	-10857
16741	-4463
5251	-21
15180	269
-38336	-15564
15062	-2534
5236	13118
6297	-122
7645	4320
1127	-2624
4374	-2532
-82360	-81660
-15160	-20684
7158	16180
5180	-8420
-21776	-27688
1527	7263
-4263	2000
-17891	-23639
2465	1956
12003	-2282
-2401	20584
1851	853
-10405	-1026
9841	9926
3286	-6275
6291	7784
2814	-2689
1093	15722
1997	9321
-18896	3306
1881	4659
4029	-5309
-4139	-910
-14635	-12088
15246	5007
7086	-3726
-3938	16700
6910	7383
9698	6116
-2077	12613
15190	-1051
1360	-11709
-3469	5178
8960	5639
12465	13001
-2012	7028
864	-6453
10231	-14467
-5509	4655
11792	3919
-5580	-3920
5878	-12374
-2088	-2323
2273	-1396
-12579	3403
962	11740
3087	2140
-163	6585
1441	8688
-4190	2159
3359	-4155
-10041	2827
2733	-3823
-359	-11048
-18245	-6679
3340	-4224
4722	8637
1294	4878
969	873
812	1883
-2193	6776
10653	20618
12368	-2635
10013	22921
12900	14766
-7550	-1681
-25936	-24637
10269	19410
5050	8352
4908	-3612
13001	9747
10207	7479
15577	-6082
8591	-15959
16744	16854
-6561	14904
3329	-1510
-7347	-2269
-29714	-3121
-14825	20943
-21423	299
-5312	475
8328	11225
8906	4010
2442	3772
3307	-1168
-6246	7213
2599	4618
-15986	-12590
9339	6272
11691	-5272
4083	4462
-11162	7516
-33681	-20314
-11862	-6031
1255	-6548
10828	-9304
8761	20293
-3339	4673
-2818	36
-6828	-4180
-14073	4113
-9484	19006
2947	20549
-524	4405
9047	12971
-12797	-6689
-4208	-17327
1540	352
13738	3023
6827	2192
11869	15801
-969	9710
-11663	2502
14514	-11469
-5986	-10467
-11036	6303
-29	-7264
-11514	9656
6498	-1293
-6652	2729
6124	1538
4970	-2530
2960	17950
7174	-7667
-8708	-15269
-1082	-15294
8552	-3646
9249	8881
-6388	1807
-5944	-7259
-10385	-15541
3769	1717
11827	1538
-8656	-10174
589	13993
15136	5744
5900	4735
6125	4003
-2058	-8632
8883	-8596
-12734	-1485
-3850	19946
-14585	-17729
-3857	-2093
4223	5172
6764	-3386
-14099	7258
2068	21026
5239	10546
6619	-5126
2271	1565
6039	2659
10653	-6247
-7264	-2951
398	-10141
4914	-12814
4630	-3887
-14900	4881
4433	6341
11571	1916
2302	6132
-1426	-6785
9638	-1388
-7413	17963
12194	3784
2046	-5760
1319	5050
11859	17848
-3822	18565
4965	9475
17486	-2505
-5559	14429
-8511	963
-6436	8177
3013	2738
-952	-3429
5495	-3747
394	5627
7852	9388
12184	3059
9155	10425
4904	2921
5785	-6087
1603	-5453
-12595	-30917
-7014	2547
-12311	5109
7793	-2786
2112	250
-6258	2003
3389	5608
-18968	470
-22898	431
-3846	-2083
11192	-1647
-4508	-17028
288	-5083
-6379	352
6929	12679
8524	10836
-7702	-1449
12126	12625
5249	5076
6976	5166
4058	-1745
4616	-992
1965	-8692
9912	7470
10308	-8861
-330	8635
7792	13813
2523	-5013
7943	-11010
3512	16465
53	-16344
-970	21315
956	6957
-5418	7872
-3414	-10480
10546	3244
5636	-7267
-3639	7120
-923	14078
-1537	12342
2817	-2011
4196	-5808
14450	7506
-2378	-11908
6781	20715
-620	-3412
-7926	-4015
-15132	-3115
-193	-14694
-2741	3030
11581	8740
-6187	10690
-6611	2274
-7159	9620
-16077	5593
-4372	16186
-13124	1763
-4093	3014
-6365	2379
10827	-150
-5014	-7703
2221	8157
-888	974
-544	-11796
4617	11025
75	-4665
14109	-10718
9761	5097
-8057	-5441
6887	7958
-8000	9034
8841	8150
14173	1790
4875	16011
-13215	-16560
-6798	-5088
2379	3969
-8187	3223
2581	5689
5500	10662
311	11077
-6092	-5164
-3009	-2562
2124	1986
-3120	10832
-16198	-7332
942	-3460
-3701	-5188
-2964	11438
-11269	-2545
1352	-4581
9267	3606
7290	-6712
13483	12813
-14271	8127
7606	-2216
9439	4121
10818	17360
-6633	21012
-10888	-5718
-1298	4463
3262	-7800
2287	-150
-3523	-10043
-7001	-15703
-5078	3224
-890	-6386
2142	-11455
2291	5454
-1152	-1368
9222	9287
-5677	-5539
128	-3201
-6522	-8865
5656	-182
9273	11799
4885	-9902
-8430	-9809
12337	-5362
4725	1414
12664	3043
13126	-2170
-77292	-42793
-17917	-26849
2198	-10903
1132	10464
700	-5000
-4007	-7155
-3312	903
-730	4821
-6623	4562
-10382	-851
4911	10537
1956	-11407
10143	1543
-5591	-8924
-9619	10004
-7356	-16013
8430	-8094
-5150	953
-3283	8487
-2524	10448
-250	-12060
3019	-9787
-3443	-2138
-224	10347
4557	192
-13329	5074
-5120	-14481
16313	9499
-3410	8386
10802	-717
9725	-6267
-12532	2601
8214	17330
5396	3962
15147	-1096
5215	6100
-706	4992
1774	8591
-19395	11683
-19263	7260
14060	2931
10491	-6621
-7278	-1993
-5168	4432
-5952	-16392
-11985	-21944
1547	-17656
-17818	-16862
-5050	-12998
-7914	-16545
3504	4670
-10692	-9973
6747	-11887
7983	-5433
10969	2992
-5759	-9162
-2426	7504
3446	11402
-5082	-37
14491	-2175
-886	-2249
-2996	16818
-1829	21253
7586	-2319
-9455	-4022
981	21118
-12536	10297
16783	4561
13623	-5024
1888	19120
-6007	-3932
-424	-1065
-3814	-6708
-15289	-10722
793	-6934
-1330	-9912
2461	-3671
520	7543
9219	5519
-5264	9040
-11141	-4364
7646	2941
-4205	-3122
-16248	-13695
6749	12512
-5481	-10370
-2310	10696
4015	9157
-4160	-13560
-34705	-33996
4951	11424
12469	14506
-55510	-52199
-33	3900
472	-8738
-24814	-19934
-1067	-8551
2506	6924
-18507	4404
2226	-9265
-824	-15502
-3893	-6956
1674	-6575
8894	2946
5352	-13024
-18255	-3557
-8522	-6950
960	-2086
8071	983
-393	-4799
-4479	4970
-13291	1101
-16638	-7471
19585	-43
-13995	16501
-543	7556
4467	-941
5331	3169
768	-3496
-2498	7859
7108	-9712
7625	21251
11293	1362
-2327	2542
6760	-15519
5655	22582
2815	-10704
-3554	-9054
-705	1082
6269	6258
10699	-4718
-11051	-14169
-6815	2749
3428	4928
-11245	12360
2596	6441
4380	100
-3777	8640
13746	22190
-753	701
4916	-12616
-6521	688
7822	-1426
13144	-53
-3169	2760
3557	-11381
2614	-13009
7772	-5
9712	8434
1447	7294
5168	-13697
14811	-5473
2440	-7571
380	17460
-8597	2747
-531	4039
10228	11909
6646	-1474
3320	-11290
-4057	-5465
4259	-4231
-18456	-20956
373	-2598
-2811	-15783
2709	-30
-8996	-9175
-6215	5498
-10067	-12283
-5317	3983
1386	15156
767	-4826
611	14476
-3070	-3198
6475	-6890
-278	-7153
2378	-11288
11785	-3688
-556	7133
69	19589
18178	6446
-12033	-8093
4958	-8236
9214	-2466
428	6354
-3584	-2246
10974	-8621
-169	-4636
15533	-1259
-3012	9365
5718	-9754
14088	-2226
-501	1716
-2472	-3295
-33253	-16091
2191	15835
3882	5157
-5569	11216
-13460	6314
295	-14854
2035	-430
1220	7462
110	11034
-11532	-5056
-7426	839
-3007	9454
2998	15368
5130	-11586
3224	-2116
-10701	-414
8784	913
22246	-5785
-9963	-7239
-10489	-7193
-163	-3556
-3196	-8680
12520	-1078
-14452	-8175
6698	15776
-3372	1673
-4578	-9524
-2918	-3495
24375	-894
105	-3221
7805	-2400
-2926	21510
-4733	-2550
-3576	-9922
-2456	-14673
6969	9758
228	3966
-5159	-8525
6975	1267
5737	11778
15792	-282
-10510	-4450
16708	11622
-3379	-3646
-11217	2521
-242	6308
12203	10402
7360	518
-567	-8346
5697	-391
-6807	5709
9682	-1289
5552	5227
-9655	11642
8345	-3280
1054	-15974
-7154	3872
-5772	17717
-5760	13876
17636	1842
-13997	-16704
-959	-14902
3834	4809
5736	8439
8076	23140
-29602	-5719
15	1068
5537	154
6914	-3433
-12689	-16961
10063	245
-5672	-4728
-7943	-5218
-14913	-1196
641	-8388
5502	-5027
3945	-4668
1547	-7189
4825	21296
-10119	3476
-9355	-19390
-10661	14803
-1465	9752
1611	-7034
-1775	5417
13950	128
-19740	-19299
-988	6670
8407	4189
8695	4281
-15603	6636
-11126	-7
5425	491
-471	-7756
-1362	6905
11140	7178
-31178	-15423
-4256	-4215
13433	-7997
-1805	13365
-2276	-3761
1793	1877
-25426	-7803
-10330	8734
940	15113
-10428	-533
-9374	-16948
460	13725
2957	4495
2034	-11624
1543	-2111
-9477	1985
-8408	-20816
12583	-8240
-7068	-5555
3286	-2832
5427	19019
4403	8851
-8660	-1789
16029	-2549
5681	-52
-7954	16376
-8392	-1109
-3920	505
-5699	-5063
-12724	-18967
2	-16396
9730	10063
12936	5975
1954	4033
800	-5433
7692	-9441
6226	7973
6827	2293
-367	15095
9546	11204
7103	2291
-4291	-7194
-11882	-2531
3812	837
-4942	-14151
1138	-9054
6824	7805
-10107	-13367
9717	6577
12577	-1262
2388	-7020
7273	-5152
4542	-6497
8363	-11215
3842	-5520
-3871	-1735
3569	-289
-31995	-6832
10212	-14510
4510	4993
9739	-2929
7345	-9230
2126	115
12700	-9789
3437	-7474
-339	15904
-998	-15372
-2488	-9469
11979	7860
-7656	6536
4774	-14060
4842	-7838
4813	-3776
809	-12344
2301	-1332
11163	-2359
11543	10120
6527	21018
-5841	20518
-4832	10883
-3401	2855
8100	7335
1591	-10343
8048	1573
2550	16229
-10985	-12258
5943	-6907
13240	22286
4169	-3032
-19394	1626
623	-10030
-11188	8468
15039	6172
4643	-3159
250	-3726
-5614	-5162
-2451	5588
-20705	2355
-12223	-10482
950	-3692
8898	6866
-17495	10011
10740	2678
-29762	3172
-1110	10939
-21422	-13418
-4253	7315
-5777	6809
3974	-3065
-4404	8716
-83	-1896
6102	6416
-887	1646
8784	-5811
15066	868
10896	-6683
-944	-9021
-6125	-12349
8488	3403
-4947	7886
11981	6765
-769	-10073
3367	-3299
-3493	10380
-20001	-24956
-1792	-1792
19158	6298
-16569	7350
8306	14017
6472	8066
2951	-10614
4859	2547
8343	9993
-4852	11732
4180	5154
-22863	-9019
-239	19322
-22732	-26867
-30839	-11675
7685	4219
338	5877
-10291	-3046
1426	11644
8544	20634
-18647	-17995
-139	1864
-14836	-7620
12735	15219
1267	-8090
4215	-4214
-4205	-8837
-7155	-15370
5324	713
-10403	15996
-4750	921
-5602	9
-5991	5947
-27341	168
-3030	-4093
6040	4992
-2418	-4783
483	-15815
-10947	-17788
9633	-2094
2768	3978
8370	8387
-5289	-8796
-9114	-13056
-2993	-6157
2769	-5178
-4880	797
17720	-6751
1571	687
5865	-485
-4168	-6681
1899	-1386
-6301	-12070
6052	843
-13871	5337
-8154	-14018
11558	17539
12096	9030
-1979	14345
9635	-2838
2790	-7515
8506	-8479
-648	-14943
6620	-4244
7573	-2017
11720	936
9642	5001
4814	-5274
10916	23003
3080	-8687
7683	363
-702	-4850
2192	9382
6806	5717
-9672	3019
2835	8883
-10936	17342
-1101	20902
-15333	-23642
7638	-507
-3313	-19807
-7442	4912
23650	9573
-19792	-16953
-420	-621
936	14657
-30290	-7856
-1216	4337
-4400	-750
-4854	-765
5943	7352
2908	-1722
3852	-12067
4472	14745
-13982	-8937
8019	22078
-2768	-2061
12253	-7801
13594	1082
-2920	2194
-12221	-22312
6921	-5609
4024	-9597
-1918	-13066
6791	17461
-1352	-9457
6822	3651
-11271	1478
-6446	14174
11117	3827
-4029	-3574
-13876	-3624
12022	8781
6284	-8718
-15840	35
6612	21047
-7351	-522
-1105	8918
7389	-2174
10680	2659
9335	-4505
6356	-4523
-5199	-3900
-1509	6039
11621	2867
6430	11296
12357	2823
1428	11387
4930	9481
-337	9511
7246	5314
-9252	-17177
-1139	-9200
-45	-7134
4862	5843
6914	-5239
10432	12677
1991	1022
-15679	-7816
5116	8152
-3570	-9005
5447	15253
-4665	-9637
8734	5127
-9212	-2510
-7790	-11453
13667	1451
10166	14602
-15012	-5814
4338	-9230
-1085	11483
-4309	4839
9154	10622
2744	12838
-702	-3366
-3958	-12749
-5418	15501
-3280	10313
-2298	-14869
-8055	5844
5882	15
-9814	-3463
-2117	5492
16099	-5637
-14868	9272
1237	3122
13876	855
5101	12037
3478	-7555
1911	13848
-2389	-1876
10366	19739
-7235	-385
-15913	-13153
15361	-346
3924	1259
10715	362
-2241	3217
4982	-3869
-19124	-14954
9857	4563
-2495	17347
-6209	-1896
-9175	3423
15579	2526
3634	-4263
-829	11100
8560	-2835
17237	-9187
2427	-1294
10638	-3113
803	-8658
1912	-12024
-8568	4869
13581	7346
5474	6423
5770	7035
2757	-4534
-4411	-18500
-2503	-6695
-3473	-1130
8395	1423
2745	-3925
16483	10714
9597	10998
-2581	3800
-3359	9305
8379	10640
-4629	4680
2182	1788
-4762	-4718
-20505	-9836
-5183	40
-5949	4261
1583	16190
14212	8791
7587	5799
-2285	4177
9935	13937
8480	-856
3765	-13151
-9870	-19706
7614	7725
9123	4662
25561	1811
6336	-1320
1106	-4294
-7873	-16733
3860	9067
5257	-11293
11137	7807
5198	1311
-15978	14315
5591	19572
5215	-1567
-5494	-10510
14950	9030
-2682	873
3345	-5776
7973	6966
-2283	10393
-10066	11469
-5266	8380
-14023	2867
-15735	1204
-1315	265
4505	5479
2959	15539
-3204	14014
5191	-8292
4493	-11595
6207	-4168
3696	15295
4384	12695
10209	1054
16934	-3828
-2075	-2877
-4893	-11790
1815	10761
10595	-4297
3126	-4867
-11251	-12457
-15003	-20135
-15996	-8529
532	6628
-2897	-11887
4804	-3552
1353	-1127
1072	5555
5948	5865
-3017	-17585
7715	2182
28954	9274
7025	-8929
-8700	180
-19040	-9935
-19264	-5075
-10197	2942
4407	8035
1894	-636
18330	-4492
17310	5325
3087	989
12361	7535
3699	15832
4919	13437
-6841	3291
650	-6065
-1981	-2530
4299	-6417
7669	-341
-284	-6098
6022	-7521
-3919	-19494
16424	-5336
-4425	-4686
-3928	6561
-25853	-27559
2784	7430
3817	14085
-19051	-11634
-14563	5679
-8255	-16455
-5674	-9856
-6749	9010
3507	-315
13697	12567
-3968	4015
5042	3044
1980	12710
-3349	2989
-14185	19873
-3648	-14012
1266	7832
-2720	4829
10013	5856
-1248	-1003
-6442	-9349
-14909	-4633
4342	8702
11406	3479
17028	1430
-1243	3647
-4799	5607
158	19897
-14867	-14439
7363	16554
3222	-16775
3863	6150
8390	-5507
-5258	-12453
6967	19455
-11177	17189
3612	-4314
-3978	-20799
-631	-5908
7479	-7288
-19610	-8979
1637	1173
-964	18416
2703	8141
1236	-4968
12363	-1886
2726	18124
2860	-4236
-2265	4782
3088	-399
-706	22021
3339	-3227
6988	1649
-1577	-14940
9513	-1559
-14667	18296
5482	162
-3639	-1973
-713	-3499
379	913
14321	5621
9909	6599
3747	-7716
9260	6689
-22195	-13167
-3848	19535
-7390	-12911
10320	735
2826	11067
-6627	16232
-1648	432
12249	1544
-8319	7090
246	10675
5104	-6510
55	4492
11381	8583
-2193	-15870
-2518	5939
4016	508
-230	1307
6076	20954
3245	2449
11736	-2051
2461	11634
-4997	1804
3538	9996
-1091	1210
17272	2791
-7014	-1536
-4461	4527
-11578	-7065
18919	-3039
6866	-1664
5366	-10869
5634	4578
9596	-209
2460	6312
14394	15219
-3551	-3318
-12536	4047
-1707	2903
-2169	-6402
9953	8011
-3918	6372
2053	-6616
2051	20420
-2481	5605
4083	-1057
1553	-6684
7440	-12765
2384	-10704
3497	-9442
3414	-4091
-3427	5703
-2646	-7730
2943	-6363
-8973	-8671
-6960	4679
383	7474
2912	7445
-3685	-2028
-11843	-5667
6434	-10670
-1117	20635
12734	-9327
-2955	-4479
6380	1438
739	-2334
-13018	19470
634	-7346
9889	18423
3114	6347
4881	2719
-1159	-933
6856	18051
-1095	-4906
1029	-7111
-16706	968
-25267	-23889
6359	-2727
-18423	983
982	20095
8463	-8291
4175	-1057
-2597	253
-4462	-11680
-18941	3408
15068	-3951
-8322	-6795
8205	7352
10085	-6856
6632	7073
1998	-11140
7000	9752
-14684	-4709
13690	16820
6443	5118
7354	-6356
10410	903
8836	6785
-5673	3125
6477	14783
4749	7714
-1484	2355
4549	12221
21193	1465
2306	2754
1682	6259
8231	-11725
-10016	-3396
10351	-3345
-14684	6269
3951	11807
-4996	9630
6131	1482
-609	13222
14731	2802
-8859	-11972
-36820	8223
-7494	-11566
6612	11376
-3705	-13738
-20830	-23419
11723	-750
-2045	4174
19894	11686
1140	12717
9894	9188
-11102	-4525
3715	21886
3929	-5640
4220	-8784
2680	-16315
1405	-11349
-21366	-648
6691	-6289
5852	5236
-11381	3426
19102	17409
6612	-2929
3103	-419
-2884	2464
-21183	-1838
-56418	-6765
1312	3197
-406	1126
5259	9920
6784	-7750
-24945	-11393
1037	-2745
-456	1322
-4013	18891
6650	-3137
835	-1444
-16248	-20478
-12615	-6779
2674	2068
-6334	-9309
4300	-263
-12477	17612
3364	-10620
3542	434
2801	11245
18823	-6678
15264	11655
-1277	9579
-3330	6333
-1404	-4193
-1922	-14460
4759	-11040
5527	7950
-21959	-9827
321	-551
2111	-13425
790	9092
10654	-1855
7254	10026
6466	-587
-28442	-25389
12157	-9845
-6088	-17212
551	-1282
-30186	-4086
12661	-325
-782	8467
10873	-2434
1891	2915
17643	6319
5136	21510
5437	-130
9590	2701
-3703	8159
3507	2978
6653	-4335
-16076	-6048
6627	7965
9215	8254
24335	6329
17417	-3259
5787	8592
4589	-12688
9277	-6581
-2859	-16535
-30200	18172
1490	-4580
7423	17656
-10729	4346
12520	3740
-14342	-7578
15158	4137
5361	1475
3053	1404
-19443	-13038
3896	-2888
-2384	-1893
6280	-491
-1060	-1124
1949	12787
-4534	-2542
8682	18216
-8269	3192
10661	2029
-2570	4620
6355	6626
-25540	-17235
11010	-10985
-850	-13895
5737	-8052
11599	8063
-12379	-10034
-3883	-2122
11281	-2384
-911	-10246
4838	-778
-9427	-11698
5014	-560
-9452	4702
11158	-5555
16000	3154
-2068	12626
-5454	-370
5848	-2484
4559	3730
15170	787
13253	937
8098	-612
4744	21375
-2928	15513
-10180	-11838
-8941	-160
1739	7057
6242	-7506
6382	2283
-17	5427
12856	5636
-9652	9835
2451	4174
12607	8851
-1066	3542
-13905	-22612
7833	-7206
12702	10123
3044	15050
-4457	-4356
-783	-13551
-499	-9687
4609	18126
-10829	828
8110	-6660
-2591	7206
7198	12241
2590	9486
-11703	5572
13486	-7419
-6781	226
10639	-6528
5057	-15153
-20556	-28686
8383	924
746	-14837
281	5430
2910	19751
5691	8711
-2583	-15535
-25242	-7030
-3751	-4290
-15686	-14824
-730	5867
-1659	-12746
-6336	-24437
5822	5686
-2507	9096
5190	-684
9270	8054
-2435	8023
-1054	-3552
6563	14010
933	-5015
13694	3903
8559	392
3711	-6344
11577	7884
5982	-394
-7177	-14166
-10609	-9413
15934	3428
8122	-2444
6921	-12183
6930	2352
4685	-318
-2476	6863
-5606	-8636
-7471	6601
2193	-3205
1841	-4631
-5336	-10016
745	-15888
-6121	63
-3968	-6742
5947	-8924
-31626	-12096
172	987
-3506	-8877
11377	23279
-3342	318
4830	-1969
5584	-1785
-35142	-7001
4456	2378
1993	3617
13815	18317
-4416	-12152
6589	241
-6760	1664
-7257	-4042
19008	3176
5279	-8728
-2519	-10206
8723	2101
8064	15694
-4997	18022
3474	2818
5531	18192
-1957	-12371
12776	-7314
5357	5082
-6404	-6748
1817	5057
-4462	-1683
-13840	19914
-23841	-14151
2285	-9012
10816	6364
584	-6267
1320	103
2413	-4817
-22140	-16717
5403	19643
-8046	2762
1906	9044
5911	6983
3656	9522
-6283	-2903
-3407	-10307
8517	9144
547	-4651
-10351	-8843
