-944	-14335
1836	-1327
-16003	-5865
17882	-5800
1871	9290
1355	-1330
-19941	-2045
5196	-5831
-8063	-11624
-10751	11083
-15622	-13628
4666	29787
-1121	-11359
8045	-5284
11769	3445
-9469	-3234
3141	2086
-10578	-6540
768	-3481
20600	-5118
8291	-3712
-12306	-5295
16244	-3819
2840	22494
-479	-3530
-5466	1294
4210	14654
-5362	7070
-3910	1511
1934	-9699
-684	20717
1043	9721
1882	4830
13439	-3655
-13802	-4947
-5032	-239
-13643	-8640
4002	-5790
3385	-1351
13248	-10460
18691	-6164
-26135	-8738
11891	-6981
22870	1509
-9367	-1606
-10374	-6175
-4021	-4983
1710	-6241
10782	-1438
-9303	-4383
3437	-6136
-13315	-10080
-6090	-4012
5828	-7162
-23052	-6015
-10568	-2080
-1638	6341
-14119	-9386
-8839	-6107
11395	-6812
-22730	-5124
-9558	-5002
6732	78
7291	10468
-9362	-558
-181	243
1824	-2109
-3128	-4107
403	-2499
-10876	-12692
13002	-5544
2498	-8909
-4002	-5260
1029	-7492
-906	4918
3260	1126
9606	-5651
9364	-6224
-883	-12377
-13893	8367
-2273	3573
-24851	-6896
-6417	-6170
4571	-7436
13761	671
-4711	-5540
1206	-5757
-11734	-4640
19097	9678
-2223	-3189
-17253	-7937
233	4339
-6699	-5956
-3735	2257
5625	-3518
10926	-3256
2531	3698
5667	4277
-675	-6696
2826	-403
745	20544
-4541	3950
1999	1771
1197	-358
2552	-4586
4466	1603
6202	-7010
3197	-2519
-1039	-2472
-2065	-5044
-3624	-8804
1187	-7083
-7391	-9092
4103	-10623
-4221	8347
-22629	-2683
1319	-8442
8888	23194
-11864	-8566
11699	-915
9331	-7197
-4434	8028
1344	-3513
-30	3975
-14627	-6547
-16699	-5774
7899	9556
1785	9204
-692	-7253
1974	9764
10914	-51
5844	10801
2564	5240
4688	-5903
-4455	-1951
17257	-5019
3450	-618
6328	-4622
-16018	-11139
6636	-4321
5317	3179
-7277	-9822
7466	-6160
12000	-4247
10752	-5809
6457	5517
14003	37497
4240	-2813
4963	24816
6313	14685
-14735	-9524
2579	-4397
-5393	-4213
9036	6
-6821	-393
-6725	-7705
-4731	2006
-14664	-10275
15799	2644
-6749	-5718
-13866	-8259
5410	-2560
-17208	-8451
-5954	-10460
3652	11994
4259	5081
-5757	-6160
-13008	-9562
-5691	1091
14679	11107
9137	35772
11501	9918
-6627	-4257
1607	-2765
-8752	-8034
15017	1550
18155	13122
-1389	29868
11423	-4904
7272	25769
13390	7543
-4186	-8040
-5322	-525
14632	6672
-10913	-7861
4898	-4344
-8171	4666
-18751	-341
-795	-22
-3615	10926
-14633	-591
8593	-3366
14702	5073
11837	10892
-12800	6540
-9842	5572
-8999	5635
-1981	-3471
5979	-2164
4137	-2127
13290	-4278
-27167	-9560
9658	-9593
7115	7091
7502	13731
-11026	-7025
11446	-588
17176	-233
-11294	-6387
-1887	-9488
10198	1649
3874	-1892
6175	-6886
6999	-749
-2346	-6869
-13546	-9357
2102	1495
-17725	-7297
-3201	-140
3040	-5843
-13991	24440
-7134	14932
-5366	12084
6140	-3776
-7212	-3899
-27837	-5023
8391	24875
-23234	12808
8506	-6100
12138	-6367
4940	16801
-8640	-8548
4861	-2882
-9227	-5834
6182	-5561
-24010	-8891
-5144	-457
6588	-4972
6064	14521
-206	-767
-10172	10925
6562	2703
18311	-3203
15935	-9563
5343	-6476
1563	-2338
233	-5195
16260	-1145
-6744	-4574
8202	54403
20378	12783
9475	3122
3659	-6915
11936	-7864
-2010	10938
-4562	-266
-6753	5299
708	-3620
5370	-5508
-14413	-10137
11056	-964
8456	-262
10915	-3827
2269	-7177
-1644	-8929
-11183	-5413
-3326	-1191
-10049	-3883
-22850	-12442
-10746	-7624
-3469	-9392
-4913	21734
18406	-2970
10321	9295
17888	-3381
7744	-7292
-5923	-10057
1393	-12442
-4052	-6463
3749	-6778
-1415	-4584
-4422	-6212
8511	-2003
6069	-7450
2059	13631
2525	-2528
-5289	-2021
4399	921
3470	-9079
-9902	-3930
2623	2779
-11332	-1262
412	-6416
-2853	10908
1492	-3207
-2429	16533
2384	-6641
-2707	2035
2694	-5197
14527	-7746
15209	18327
-7316	1826
10405	-2837
10537	-2825
-11085	-8372
1151	18037
4544	46969
12328	-4581
-141	1305
-687	-1991
8161	-6963
10292	-4750
-9442	-8362
9375	-2218
-1914	637
10244	15671
3374	-8988
-8469	-4674
5986	8085
-18427	-9576
3030	-6396
-18093	3699
2065	-6242
10136	-4271
-4582	-5419
111	-2501
-8290	-1851
24546	2911
6277	18824
-10257	289
-21915	-12636
-13457	11890
528	-5469
21841	-5536
-10749	4169
9313	-3778
-1777	-8153
-5806	-7330
-11690	-10714
4867	11961
12007	-4363
-1562	-3638
-8432	-7825
9285	-3641
-4059	11314
5315	-2795
-7745	-8265
-1961	-5046
3756	-11218
-6716	-90
-9860	-11689
-10233	-5094
-11527	-1111
10133	-445
-22843	-6556
10916	3929
1531	-3708
-5841	3059
10390	-6052
644	-5830
-3661	-7450
13171	-8539
-17849	-6680
-1950	-6471
9448	-5853
-1984	-9329
8013	3556
-4580	-5823
-10834	-8222
-14625	3099
14065	-285
-5923	-9875
1872	12662
-2734	2898
-3756	2376
10511	-2276
3267	10774
-6724	26698
6861	-4612
2817	-6300
8509	117
-430	-1857
2180	7835
9581	-6898
5091	-8441
-4258	-5030
-4769	-10410
15122	-1293
-18579	-352
-141	14118
-10981	3097
-915	-480
-20668	-3842
4055	-6812
8222	-4813
7562	7719
3241	-4082
4562	14385
9526	-4112
-13260	3009
-6416	-1426
-6082	-5404
1998	-7821
2076	30457
63	1129
-11247	-9485
1983	-3920
-8416	-2809
-11736	-10148
7804	-1239
-4036	2435
-9982	5979
4539	-3882
5171	-2345
-1472	-1609
-20335	-6790
-17315	-10366
2534	-4397
-8565	-1054
-52	2399
2187	-5809
-8936	-6049
-20743	-326
2216	-7519
3767	-3948
-15462	4781
-3790	-8671
-19843	-2555
-2460	8740
254	10437
-4371	-9622
7381	4049
-1779	14489
12569	36831
3573	-5796
3679	-8805
10714	57148
3208	-8527
14066	34962
7428	8976
5586	9443
-10389	-5446
2584	-9311
2354	-6834
8444	-6210
-13520	-10071
-2471	-4322
6080	816
2725	-8183
-19183	-8853
-3841	11501
5763	-3060
-2992	-5920
-360	-3336
3507	5380
-13976	3700
-7567	-4457
-1848	-10152
-10347	-5641
1574	-8853
7738	8348
14545	478
-15841	-1335
-3070	1096
10649	-5399
-12314	6904
1745	-4655
-19925	-12743
-10415	-8075
9191	-2547
-9192	-3866
12159	-2387
15046	-4635
4939	-6641
8534	-7270
-5717	-4589
-8935	7424
5669	10021
15650	-15
10953	3726
-6474	19568
16021	-5268
-993	-1497
342	-7972
1588	3429
1507	-3811
-4452	-1275
-9296	-4243
-511	-1664
-9378	-7676
8056	-4100
14623	-9759
1026	5591
-9892	-10912
-8868	33544
4610	-7144
15931	3799
3195	-5102
-4242	-2724
11125	-1839
12518	-4507
-8043	2624
-5125	2634
-1887	-5808
3125	-1652
7260	13859
4405	-9309
5220	-5979
-3464	-10403
2641	-259
-21936	-3099
-2689	-13074
-9963	-2503
-9013	-1826
2119	-1176
4803	-2185
8445	-5537
14706	10079
6729	7803
104	-5499
5652	-9503
-5520	-3813
12237	12855
11033	12182
-9371	-8477
-5607	-10236
11717	2805
9784	-2174
8277	6842
-21319	-10795
9748	-2931
17347	-4443
-2439	-2740
6887	-1462
-18323	-7362
14113	-4166
-12470	10158
-6771	-9923
12991	-8417
-7438	-261
4476	-7494
6668	2334
2206	-8775
-2206	-9914
10222	-1172
-10019	-8836
9138	-5702
5869	-113
-18222	1091
8140	-486
-2974	-4995
-7974	-12197
18654	2789
2456	-6322
-18164	-13726
2674	41684
-2696	11291
4676	1248
-9917	764
6668	-1813
19391	2939
-16138	-5580
-14612	-5330
-3934	12302
10946	-6759
13217	11560
9858	-2301
-2416	-4509
-18155	-11537
-16331	29084
11702	3315
-1991	8155
2091	-7698
-1546	22242
-6998	-674
14740	-6638
-393	1515
38	-2511
5006	-6455
-4976	-3676
5062	-5038
2716	7040
11874	-5355
-3597	-9078
119	2214
11382	-1706
-4232	21337
1775	17659
-4041	-5721
-9899	-7347
7332	-1845
-11477	-1278
-20142	-8777
-10395	30511
16652	6171
-5032	-4656
14257	4032
-12160	3869
16754	-4398
-15284	-7148
8812	-7088
-9505	-1386
-20173	-10956
21586	-6356
-10212	-2235
-10157	11724
-14723	-12209
12335	-1012
-12200	-8987
7641	7749
-17172	-13311
-7113	-8720
11811	19819
8846	-647
-21095	-8159
10772	1060
-1841	-2134
10606	-3743
999	-1599
5848	-3247
4021	978
-3674	4688
5424	-6883
-10995	-4181
5517	-8990
-6631	-4215
10535	28721
-11889	-3450
10640	7282
4901	2719
4841	-5111
5878	5800
-366	-2268
5133	-1629
-11499	-2605
7897	-1810
-10129	4383
12548	-3519
-2538	-2905
-2054	1226
-16713	-10208
-2195	-8434
7424	6048
1786	-3255
16276	-5588
4998	17394
3571	10397
6496	13120
15677	-4451
-13062	875
12617	19385
-11331	-10990
-10832	-1622
-16235	-7531
1659	-5877
-2835	1582
13013	558
-4854	17143
9142	-11799
-9445	1594
-9256	-6641
-8148	5808
-11266	-7325
-8150	-11275
-5042	4480
-8453	6424
2973	-1236
-18850	-3627
-4211	16544
-1379	12043
-5851	-1591
-13463	-8685
-2447	-9798
7422	-4539
-1622	62
13789	-4017
-8617	-2672
6763	-7356
7991	15424
-8501	-11114
14345	-2865
1855	-5338
-9478	-3456
-11716	-9102
8628	-2465
4981	-2848
10942	-4532
10673	8706
-7924	-8070
2159	-3712
4855	-7051
12097	-4258
-14939	5382
26495	-3775
-10115	12944
-9661	2503
9222	-9423
3836	-7155
13697	-2547
-5959	-10344
-8748	-9336
3545	2696
18605	-6751
10464	-1555
-7529	-9096
-16813	19263
11510	-3043
-5410	25209
-2340	5025
-13536	-4675
5731	-9101
-3596	-2623
15102	-9258
4665	14983
7472	12398
-173	-4793
10616	-675
-11887	2866
-12503	-2340
3270	16989
7684	21728
-22967	-10652
-3091	-8253
-462	-4600
7635	-6748
4598	-1408
-15083	-7200
3666	-3084
-13393	-5549
946	-1435
9373	2140
-14686	587
3936	5305
10302	-2842
-12261	-4990
9504	-3933
-11866	-5976
-9955	-1467
5750	-1009
-3285	22637
-22684	-10884
5541	335
9163	23048
16165	-5467
16736	8990
3507	-2788
-13652	-14357
8129	-541
11650	1916
-1173	-8306
12342	9059
16214	-3583
-935	-3615
754	15621
81	-2460
-1710	-3090
-2505	3162
2965	-1157
4864	21051
-10695	24626
9729	-77
1001	-264
-13694	-5685
2418	-4023
-3211	10495
-6983	-5016
-1552	-6118
18383	-1084
3508	-3327
-6778	-8362
-15142	-2652
-1269	10702
14402	2593
1977	21456
-5637	-1884
339	-4632
-11948	19719
-11188	-10282
13830	-1784
1709	-7965
-12728	-11170
2901	44495
11210	24844
11132	785
-4168	-9344
-3643	-970
-17541	-6355
-734	-4401
16598	-4596
-7748	14887
3759	2904
8234	22925
13737	-2417
14461	-1105
2430	8400
11639	-7745
7793	3021
10248	-3729
-13541	-9463
-5493	-2696
2493	-7767
8959	-2824
-24460	-11638
-11726	-10867
18066	49670
13829	-11539
-12376	25943
-18896	-6898
5754	30038
-11975	4097
-22539	-4398
-2359	6078
2220	2797
-25851	-7382
2511	2495
-7678	5653
-301	4131
-3818	20526
2076	-331
3751	-4796
-12895	5515
-11537	10291
-20162	-264
15628	-5411
6523	-312
6363	12934
-17187	-2507
3123	44619
1497	2871
-1186	-4554
-3784	-11687
-10288	-10048
6996	-2429
-12842	-10528
8944	-4722
4400	-6570
7229	-4847
-16837	4151
4969	18628
-5750	-3422
-1485	-3139
15244	-811
-2964	20233
-8919	43593
6102	787
-6967	947
-11302	13579
1442	-5522
1370	-4270
4047	-6380
14197	22084
-8456	11365
-1092	17879
7243	9233
2014	-7352
137	-4577
-9929	2912
-6961	-6601
-12162	-10400
2302	16307
20078	15636
9130	51660
237	215
-13791	-12824
-17523	-13674
3308	-5960
-4311	-2367
-4876	-10709
6093	5887
8176	-7844
7808	-1709
-4658	-4462
11145	-3424
-20650	-4241
-1218	27342
-14542	-2713
1575	-5212
-18581	-10043
-13248	-10638
10478	-6183
7998	-7452
-7649	-11068
-151	-7165
4719	-3969
4932	-3604
10399	-5566
7312	-8109
13559	9223
-3336	-7336
-20910	-9585
-11891	-7189
9494	-4352
28252	52428
-2456	-1824
8923	-1901
17568	3413
10329	-11225
-9386	-6353
-2876	-3862
8469	-974
-15907	11916
10546	5257
-4989	-5200
-1620	-9617
9080	-3989
961	-4447
12142	7419
6244	281
-9976	-9325
8725	-10169
-7092	-8718
-7508	11153
-3362	462
2905	-6893
3902	19525
-10146	2048
-2854	16070
4660	6241
-9801	11664
-27978	-9716
2799	5036
5150	-8169
9077	-5393
-14705	-2167
6901	5333
9221	566
-6352	-5535
15273	-6323
-3918	6079
8110	-5394
2365	-944
9200	587
-1243	4530
3373	244
-10338	-8755
-12183	-192
4164	-8076
137	15291
-2748	4120
9307	5485
-17872	-10402
-4908	-4495
10004	-1567
-8976	-7267
8048	12103
-10922	-3961
-15290	-4035
-1421	-6836
-5774	-1507
1696	14931
-4019	-3402
-381	5801
18287	20238
-10513	-3847
8172	-4641
10008	-1277
1029	-2963
-18239	-8698
-7763	-4830
-6508	-4239
10329	-4295
-10918	-1051
5390	10839
4924	1053
7636	-4765
-6443	22990
10747	-10780
2906	-4851
-4896	-9531
10650	14540
-3532	13685
8697	-2206
-18282	6785
-4311	239
4152	27767
2010	1031
-10921	-5348
-6204	-4885
4986	50646
7474	10295
-5474	-4130
-3438	-9694
7971	-6130
370	14230
-14260	-11830
4381	-1888
9809	-1865
8665	-1260
-1847	10210
8744	1815
25450	10026
-3030	-7523
-1428	-5981
18551	-103
-6513	-4860
-7374	-9291
-7740	-8535
1993	-1025
10883	-2773
-2618	-2666
10195	8006
14983	3313
3763	-2292
16726	-2462
8691	-4002
-10875	-9104
-2618	792
11091	-6609
-7950	-9643
-5633	-5162
7301	-1377
-13013	-4853
6642	-5532
-4046	4326
8928	-7135
6138	-5816
7058	-2056
-6456	-5209
3905	1805
413	-830
11067	29419
-26053	-8831
8676	-9701
13848	-777
-17034	2852
8177	-3528
-6309	3885
-15729	-3193
-2333	-1334
-10054	1852
6189	-10622
6929	-2586
9726	-3944
-8323	-6677
9224	-9120
4613	-1056
14464	-3959
10813	-4867
4980	-5973
-767	2796
6424	141
-7476	5160
-10425	-10454
7741	21458
-12259	-5993
9392	-2041
1578	-6705
-19037	6121
3196	-3863
8402	10639
1628	-2573
-26196	-11831
21067	26676
-1987	-9429
-15784	-6816
2625	12829
1543	6943
8104	-5075
-506	-5134
3110	8948
-2211	-2547
-10756	-4940
6049	-7015
-13839	-1919
6295	-3948
10235	9554
-12746	-10130
-11123	-8438
-12858	-10377
-23024	11938
-1513	-4154
-12892	-3558
13665	-6197
-1149	1813
4973	2488
16884	12130
2955	-2815
2833	3852
5787	186
5968	-4627
8945	31365
-13828	9130
15699	1658
21152	1239
4916	-7804
2787	-460
-7315	-6736
-10080	322
12302	2727
10254	-8152
8546	16384
9674	-6303
-7849	10812
-2463	-7085
10047	17775
-280	980
-2888	19536
-2834	9614
-17567	-2948
2620	10077
14408	11046
4183	-832
-6204	-11807
-5187	1931
-10927	13310
-18925	9217
1219	-8857
-2608	-2899
1464	5402
441	3290
3654	-6179
15726	-912
1811	2130
5569	-3654
-22240	-9685
9232	-5686
11850	-1804
4488	-4027
-16543	313
7155	-8759
1573	-4338
-5007	-10406
-10099	7834
-3478	-1945
-163	-929
-3934	-6943
9453	2697
-24189	-11304
7146	-5336
959	8597
10681	10007
-3085	-1780
491	6477
2496	-7304
314	-7181
6321	1923
14116	1456
-3712	-11318
4919	4062
-4687	880
-467	5209
-15588	564
2042	-4572
7649	-7734
-7809	-7602
-11931	-12399
1866	965
-23023	-9062
16411	10742
-2546	6898
3937	-3147
-4435	18966
5620	3077
-20866	564
4768	1629
21069	2693
5321	-7923
16035	-10892
3071	-2392
4854	-3259
8610	1262
-6680	495
12979	10725
-11405	-8091
10028	-8820
-15468	-6990
16393	-3563
-8786	-5661
-5018	-2036
14585	-3443
-5415	-7286
12603	-2516
7272	-2051
-10265	-374
-1876	6080
-1552	-288
6253	19365
4114	-509
-15762	-10196
27460	-620
9981	20729
-12426	-6990
3292	-729
4645	-961
5380	11378
9433	-1071
1349	31116
6461	15525
767	-2490
8876	3743
12465	4977
-8484	-5437
4166	-10980
3609	474
-7041	-7659
-5196	15260
3375	-5624
10768	-6049
1937	33797
11532	20877
5676	4863
-9218	24024
-691	5546
5417	-5122
11184	1876
-10836	22448
-1542	-6181
1600	-4337
-21456	-9512
8875	6593
3562	-2154
-4850	3039
20561	-8805
7286	-1553
19711	-1127
485	5530
4814	-3188
-8456	-1212
-4	-8819
-11838	-10220
-17602	14110
-509	177
-16502	-10884
-5269	6053
9304	3816
-3971	9902
-2665	-8335
-17146	-10434
180	8556
2658	10410
11589	230
2024	-4352
2719	-6636
-9054	-10994
12080	3259
8374	-3742
2442	1267
780	43142
-25507	-6890
-4836	-4539
366	2454
10984	16220
6844	20211
-9453	-11499
-7712	-4819
-11967	-9789
-1890	-1572
20962	-2469
3998	-3316
11297	2160
7386	-6920
-4975	-9547
-10626	-2228
-4859	-9400
-19041	-7523
23404	7882
9079	36884
3728	8524
-7492	-11586
-18732	-8845
-7366	852
-8128	3050
-6248	-9742
6166	-5217
-3606	-69
9478	289
1221	-7618
5053	-2770
-17817	-11282
9257	-3258
-14515	-5219
-7609	-2915
3722	4751
