-6932	-4187
-1416	-6813
41	-2576
-3916	6591
-2756	-7957
-1755	-6359
-5596	5700
-1444	-6781
2282	8890
4847	7076
8302	-15081
-7191	4502
-989	-10071
329	2501
6653	329
11061	-5411
-463	7612
-4961	30566
5896	-5986
82	-7605
-7983	30950
-3386	-7005
-3907	-3512
-11886	13057
2018	25148
-1897	-20216
-2090	3772
-969	-6171
1386	12288
-744	-13650
287	6076
-8728	-1165
-4374	21559
366	-7212
-1735	4515
-12548	3283
6865	2828
-12350	-5617
-9317	6505
4243	4259
8929	1726
-2373	-7348
-3602	1910
-775	-176
-3238	5921
6483	-2521
-4881	-6407
-4992	-8777
3733	-319
-2820	-6604
1256	-61
-5497	-9417
1593	3675
1742	-1797
-870	15499
-2730	-4112
112071	-13676
-5548	3452
-6349	-13419
-2616	-2154
3210	-9346
9279	9911
-6443	-1759
1526	-5577
15607	-20204
2408	-394
-8269	-8042
-5644	2632
9088	-6270
-43	562
-4656	-3908
547	15112
-8326	17938
2555	-8696
4028	76
9709	-7046
-1910	-12176
-11535	-8224
-3767	242
-4280	8966
-1201	11405
-2988	-13352
732	9621
-3286	-11365
-273	-643
6500	14121
3471	15692
3820	17437
6614	3738
-819	2773
1603	-3617
2282	-14033
-5085	-4233
4898	-5631
-2348	-10679
7268	9068
-370	-12452
-398	11098
1598	-7330
-5047	7971
1023	-12716
2370	-10390
4079	2130
-1052	-3659
-1112	3141
-5697	-5051
5491	2006
9532	14144
-1930	12298
-1869	-1621
-2486	-2476
-4204	9564
3594	24348
-3444	-11263
-668	2691
2479	-9348
5656	-4781
-2625	-21418
-510	-3211
-271	-9216
6220	9170
1963	12426
530	10584
-109	-14011
-4268	-18
-10789	-3727
-7837	-7099
8376	1280
-1652	4150
-1158	3964
3822	-18941
12913	6949
1873	602
-10535	467
-38	-2056
-4223	9250
-4387	778
-5598	-1328
-612	19016
-4537	5695
-6670	10030
10521	7236
-9195	-9553
4611	-2042
1010	9679
8254	14413
12131	387
-4055	2552
6528	-5356
-7091	-10458
-6219	4714
1428	6626
3967	928
2086	17161
-5489	1557
-4306	-5639
-212	2536
-7476	-7068
-2201	-12040
-1548	15712
1387	-7865
-6267	8151
10333	-6252
177	378
9321	13802
-6737	-6228
3353	-6498
4528	1320
-822	-6086
1948	-8855
-3303	5497
1907	6953
4987	26589
3320	-4495
-1991	-1152
-10070	-6507
-5152	916
-1711	-9545
7566	-9065
129	4273
1112	-6045
-79	703
4661	-10547
-7821	-14683
-610	-6897
4577	-3207
1678	-285
3233	11803
-2381	-10580
561	11209
-10209	-2205
13477	-10597
663	-4536
1994	-2501
-950	9786
-1709	-5435
-1382	2568
-5610	11633
-8542	2997
1266	-6408
-4792	-2384
11007	-760
-8214	-3670
-7153	-6780
-7232	-7216
-2937	8206
-5732	5248
-4250	17382
3973	7095
10974	473
6087	162
-2916	17897
4243	21031
-1832	6008
-15939	-12108
3769	-7807
-3964	2485
-9743	4332
-6110	10065
1804	191
7643	9172
-2422	3511
3096	-7439
8359	3795
-4591	-2424
7462	-4609
-2382	694
5429	3542
-355	7139
211	-4186
6789	8089
789	11827
7364	-5041
-2944	18785
-7202	-1748
-1633	-8391
-3472	4941
-11450	9151
-3130	-4932
624	5892
1446	12994
-2255	-1461
-7832	6929
4709	-1030
11993	9382
-3022	9539
-1728	12324
4257	3814
-1836	-3497
4764	11255
5859	3564
-1153	8519
2356	7397
-5612	15601
-1543	-13900
-4121	4275
-7107	10671
-3430	-14873
-4285	14778
-2301	-8528
-1142	-12885
-1065	2382
3091	1355
-11368	-5803
14472	17081
1831	3095
2029	-813
-16322	-8734
8711	3993
-1348	-3302
2399	3506
-2685	-5211
1678	-6323
-7667	10738
4350	10005
5755	9428
8090	-3891
-6188	-9384
-3474	-10107
-5463	-276
-4511	-12260
1106	-12303
4727	1942
4035	-11687
-5350	1719
6546	9941
-5193	-11991
9620	-7335
-872	-1993
2562	-21016
4678	-11819
17994	-12601
-2389	6038
-2578	-14086
992	-5146
-7684	9933
274	21286
-6239	-14038
624	1171
11756	-10429
-9886	-7424
2326	-4344
-5391	-8029
-5013	17865
-648	11319
-2714	-16094
-4334	-10230
-9374	-5052
13395	-2343
-5791	1122
-2303	2521
992	-6012
-4657	-2161
1739	-2842
-565	5451
-2395	-3573
-5130	-10573
-2949	-4171
-3270	-7483
-3373	18465
-3734	6025
-7216	-10331
1219	27706
8543	1485
-2833	-12066
-9006	20327
-2347	15368
6074	-12722
2581	19104
-2010	-3499
-7703	-2155
786	-16234
-3682	-8580
-1093	-7021
5466	4561
-1298	6042
-1256	17586
-5378	33686
5977	2337
1886	7323
-8932	-10841
-2121	-5612
3399	-309
3395	-4251
-1991	-6903
1398	342
118089	19428
3256	5543
-2492	-15374
11781	-7304
645	-11171
482	14015
-7208	11015
-5758	-1323
1043	-3677
5345	-9205
1821	-4654
-2079	-4198
7407	1074
-4555	5065
9848	-9585
-3408	-11521
20116	18880
8044	-16673
4140	-5943
8349	93
850	-1317
3340	11402
-12005	1694
3069	21090
-2722	4283
4874	-4751
-2186	-11223
-5818	6256
6444	-18456
-3827	55
-4972	3636
-3460	-5693
-8054	-3065
3228	-1722
10638	-11731
4641	7872
2220	-7632
2074	-9933
4251	8298
858	-349
-5759	-4545
-3092	-4076
-2674	8950
5414	-1627
-1016	-11666
1966	2708
-2089	-4712
1112	1229
-4465	3386
-6799	3920
402	16934
3620	-3180
5469	6246
-3791	-15142
5033	10449
1835	950
-2172	32831
1365	396
2521	16352
2655	-3971
-6165	-10110
-3078	-4711
-12259	264
-3205	-10640
7331	9878
268	13577
-1792	-14111
-1467	-6067
8699	5978
2356	-3456
-730	19620
-2119	4566
-599	1325
118136	-6882
-3486	-14812
-5148	41757
-2513	-4034
-7377	-8574
13674	-8746
565	-8616
-9297	-16095
775	-8674
-3608	-7745
-944	-5115
-12390	-14766
-4143	-1077
-3356	16598
4571	-11091
-55	3428
5416	-2006
5424	5095
-223	5273
2447	-811
-1487	14575
-6982	-2891
-3425	-5287
-4156	22536
-7381	-10727
60	-23624
9687	5634
-3470	25875
5335	-582
-7470	-3616
-7566	-11909
3929	-13241
-5020	4707
551	-5628
7551	-5044
-14229	11308
8079	12138
3216	-802
-329	-2491
7204	1330
-1305	-9119
3808	3329
3184	-3044
2135	7541
-10935	9282
2340	7215
6920	-10559
4152	292
2432	-4987
-1738	-2289
661	-4497
4424	-3972
-237	-7282
-4555	15518
7121	3221
-1790	-1303
-8890	-13305
2056	-8402
139196	-2356
-1274	-7550
-1777	24172
3397	13601
4772	-3089
891	473
-4373	-7997
1189	897
1960	336
-2024	22910
-6563	2398
-3497	770
4697	18028
-7430	-3528
4050	-12511
-11303	-16024
10975	12841
-7740	-12386
405	-5095
-6712	-7936
7020	6557
-3373	-10523
-5726	-6936
2983	51
-4061	23986
-1262	1382
364	-323
-3020	4249
159	11128
-7476	20225
2980	-2733
2996	-1736
-1214	-77
-5983	-22969
-383	-10922
-4379	1885
4586	18916
-9932	6594
-7717	6686
-2433	-4059
-1805	26280
-669	-2901
-2605	-1547
6996	-10685
-2426	-2814
-7208	-9773
-2320	5052
-2990	-2434
-7032	-16083
-4677	-5077
-2311	-1150
201	-9864
5258	3080
-6067	-14531
888	-11902
5183	12768
1366	8201
-3268	-8383
-4822	-4943
-5356	3852
-909	-4816
-694	26567
-7513	10003
5362	23279
-4621	7480
3575	26414
-3108	-425
18225	-555
5566	-7228
-11623	-5375
-1710	-5127
4664	1371
-2353	4467
-465	9606
-6046	-18351
-10180	-5408
-166	-3675
8996	2636
2694	-2610
2643	-9438
-4809	3420
-3296	4792
6970	-3239
-1883	1109
8400	-1560
-2312	9154
-3153	3003
-4232	-14393
-5301	-12210
7882	3379
3482	12786
-10762	-105
-14168	-19446
-1396	-15313
6663	-1253
-2782	13530
1349	-14053
-403	2873
9293	-1955
5722	-4609
-4721	4810
-7002	3895
824	21351
429	-14343
936	9045
4082	2659
-5082	-7877
-869	-8963
-9688	-9334
-7960	2203
-1054	-5827
859	-5901
-6202	1025
-6547	-3704
-5825	-1591
-169	7785
3998	4047
-6858	-7636
7657	-6506
-2095	-10925
-1111	-3894
-1691	-8227
-8387	-173
-3851	7665
-6398	4825
3629	-1283
958	-23470
1544	-5631
1373	4120
-2067	9532
-4566	5600
15703	-4116
-3450	-16095
5674	-192
358	1733
195	-3195
-14407	3098
2664	4732
-397	-5885
5465	17088
-3285	-9537
-1788	17818
-424	20069
2019	-6329
1350	-5685
2280	-8274
10586	12587
-5321	-8989
1303	-10577
2503	-3964
-1963	-6943
-11524	12299
564	2133
-5732	-12836
5209	1216
1301	1114
-3271	-1450
-14667	4779
-10054	-4315
-961	22417
2266	-4678
5646	-14753
2400	6738
726	-4395
-2442	5634
1509	5742
-2280	-8220
-16126	4378
-4502	-1673
-2548	8678
3164	-3857
736	5514
1943	-6717
1136	-7550
-6945	-4359
2225	5272
-8994	-5205
-7264	-18127
14498	21183
-7523	8949
5414	-9313
-737	3077
-2648	9278
-6910	-6492
-6005	6329
-1896	-6974
5719	3997
-1794	6441
-1295	-17759
-4531	-2048
11637	9052
607	3246
-4005	-10107
3279	-2672
-4233	-7085
-4377	-1287
-3938	13903
-1509	530
2306	-11426
-7238	-146
-4614	18894
-7615	-18111
-5684	-9643
1920	3971
-5434	-6764
-5247	-14184
-11049	-16509
-1708	7988
-14854	10092
353	19279
-6958	15619
-7002	12502
-3852	-5360
6472	8665
3209	17499
-3737	-5567
-1043	-8525
4614	-6737
-2603	-9598
5709	-4232
-1061	-4657
-2398	8560
479	-7181
8523	2234
6977	-10831
-4608	1574
-4410	-7121
211	-17973
2067	-10885
-5135	-2400
-412	-5275
-11206	-10268
4106	-4722
12407	12000
-486	-322
3674	8270
7235	-6729
-8526	-6053
-1330	-11604
-5184	-8947
2868	5917
-5087	8185
5851	-10045
-5005	-3242
2913	-2591
4790	15045
268	1626
271	-5928
1836	-3328
-4135	13084
5965	-1633
546	19925
-4798	-3562
-4787	-4981
-604	25397
3281	-12511
5818	-4019
15609	-8708
4638	25409
5502	-10474
-6195	11313
2748	7794
3894	-4956
5099	-15418
-3552	4131
3619	13900
-1193	-7005
4347	-29
7672	-4695
-2672	16737
264	-9936
-1779	-13465
3689	5277
548	4780
5227	-7126
1165	-1701
-8140	-6008
-3711	-13702
-15068	-20613
1686	2827
-2157	-3090
5112	2952
-2601	6583
-2974	-103
-4898	-4804
-3030	-5174
-4875	3990
-360	-8766
-9861	-786
9558	-5901
-3138	2211
-5304	-8122
203	-8475
17182	-9133
-1209	14603
11245	1646
-132	-9260
148	3565
-7948	2426
1128	15011
-1766	-17530
6892	-7667
-2204	-18594
-8052	1905
-5948	-11431
-4430	-964
-5560	2992
-10291	-1901
-4330	11454
-6403	-12451
2179	6955
-17067	-390
-6807	22144
2640	-7448
-1953	20905
2859	174
940	-2195
3773	-3424
2109	-11247
-1201	18244
5416	20720
370	-17755
6007	-1592
9196	-4746
4741	3558
2210	-11004
5255	5256
2935	9994
4333	788
-5582	-6715
-2999	-9004
1712	3925
-5849	-4402
6362	22850
-6386	11679
-6324	1287
6720	13668
1931	-5029
1262	-15729
-1219	-7790
-413	887
5451	15172
5055	-18031
1964	-9116
-9808	-7719
-3328	-5801
2437	9697
-19550	18757
3615	1001
-3727	7979
788	-4722
-7671	9313
2204	-1239
6555	2979
9181	1591
-3504	-15318
4624	-3819
-6934	16558
3960	-8084
-3584	7894
-920	-1408
-934	14521
-1580	-4111
10626	6203
2139	-2352
-3715	-14887
-1652	-13421
5028	-444
-11941	282
3199	7891
413	-11531
-3879	7885
-6836	9830
943	-35
3405	-2449
-7511	-1185
4133	-16333
592	-7564
-10764	2962
4051	-8239
984	8122
-4410	21227
-9477	-57
-5294	-5309
-3970	-16496
-8689	-5805
-344	-3746
-7944	5562
670	12746
-1351	620
-2092	-8600
3185	16689
992	-5866
967	1837
-3434	-6975
721	-11851
-4325	2260
