19076	-4195
15099	-2045
-1050	6553
1925	104
-10629	-2045
7172	-4195
7622	-2045
-5235	-2045
-11292	104
-4506	-4195
14736	104
-7610	-2045
4911	-4195
-5451	-4195
-5124	-2045
-2063	-2045
-5002	-4195
10127	-4195
20833	-2045
-7185	-4195
-6876	-4195
7914	-2045
-18433	-2045
-5093	2254
-2072	-4195
-8632	6553
1297	-2045
7559	-2045
-5923	-4195
-8775	2254
7305	-2045
-7477	4403
4066	-2045
-2044	-2045
-8715	-2045
3936	-4195
-8398	-2045
-4587	104
-1532	-2045
-3727	-4195
5843	104
9333	-2045
-1040	-4195
3886	-2045
31833	-2045
13845	-2045
5929	-2045
-511	-2045
-7065	-2045
652	-2045
-2503	-2045
-3104	-4195
-9208	-2045
11275	104
4546	104
-2491	-4195
-1553	104
-8577	-4195
7630	104
2394	71039
-2644	-2045
-8151	-2045
-6402	4403
11470	-2045
-4254	-2045
-6140	2254
10372	104
-3752	-2045
-9131	-4195
-7808	13001
5769	6553
-5319	-2045
-3592	104
-3896	-2045
960	-2045
2499	-2045
12699	4403
-5945	2254
-12916	-2045
-7022	-2045
-5822	-4195
1349	-4195
-11405	-4195
-10668	-4195
3099	-2045
-7707	23749
-6935	-2045
-1305	2254
228	-4195
-5073	104
-13709	-2045
-5436	4403
21949	-4195
9418	4403
-963	104
2807	-2045
-5843	-2045
33529	-4195
-441	-2045
-4609	104
3445	6553
3418	-4195
-5475	104
9479	28048
-188	4403
4063	-4195
5690	-2045
-8284	-2045
-5071	8703
2742	-2045
-24727	-4195
5510	104
3917	6553
-1649	-4195
-5798	104
-2512	-2045
4527	-2045
-4142	6553
-4753	-2045
-5768	-4195
10329	2254
-813	-2045
1542	-4195
-1820	-2045
-7055	104
-4109	-2045
8195	2254
27142	2254
15367	-2045
-6123	-2045
27565	-2045
-8385	-2045
-458	-2045
5932	-4195
3096	-2045
2953	2254
-3744	-4195
12517	-4195
4010	6553
-1699	17301
-3012	21599
-7149	-2045
16125	6553
7359	-2045
10063	-4195
505	-2045
-1223	-2045
-12224	-4195
-5908	13001
-5355	-4195
16820	-4195
10329	104
-1602	104
-12449	-2045
4749	-2045
-465	-4195
-16896	-2045
25784	-4195
-7444	-4195
-2841	15151
13387	-2045
2196	-2045
-1227	-4195
-4741	-4195
8464	-4195
-11477	-4195
-2411	-4195
3316	-2045
-9527	-4195
-2637	8703
-10073	15151
2574	-4195
-10179	6553
-10147	2254
7082	4403
-5697	104
-12949	-2045
-1657	-2045
8561	104
44616	-4195
25610	-2045
14915	17301
1061	2254
-4730	-4195
-3431	104
24447	-4195
-12962	-2045
-8916	-4195
-3147	-2045
6318	-2045
-11165	8703
7977	-4195
-6645	-2045
6475	-2045
325	2254
-5699	-4195
6319	-4195
-9802	-2045
-9526	-2045
8113	-4195
5305	-4195
15538	-2045
-8187	-2045
12380	10852
-6473	4403
-5356	-2045
4494	-2045
2741	-4195
-5753	-4195
-9842	104
-11042	-2045
-7389	-2045
6226	6553
-4521	51693
-4894	-2045
-4475	104
13476	8703
17220	-2045
45066	-4195
-3350	-4195
-6223	104
-2263	-2045
2350	-2045
-3311	-2045
-3775	-4195
3843	-2045
1940	-4195
-5489	-2045
-15478	-4195
-5145	30198
3911	6553
-4476	2254
-7098	-2045
2733	104
-1290	-4195
8005	-4195
-15371	-4195
-9612	-4195
21723	-2045
4236	-2045
3766	-2045
-942	-2045
-4620	4403
-4547	-2045
12845	-4195
-8599	2254
25764	-4195
-3074	-2045
-4656	-4195
-3695	10852
-2453	-4195
-407	-2045
-9396	2254
-10940	-4195
-1339	-2045
-1861	-2045
8900	-4195
928	-2045
-9776	-4195
-2738	104
7208	-2045
-8735	-2045
10325	-2045
-3908	-4195
6952	-2045
1214	-2045
-3284	4403
-7769	-2045
-848	17301
20355	-2045
-1005	-2045
-1221	-4195
9364	4403
-8864	-2045
1726	-4195
-3453	4403
27092	8703
-7864	2254
-8812	104
35866	-4195
-11115	104
-6084	2254
5639	6553
20678	-4195
-3774	-4195
-11585	-4195
19618	104
3505	-4195
-10615	104
1467	8703
-5383	-4195
-1602	-2045
1942	-4195
-10440	-4195
-19676	-2045
10549	4403
-11836	-4195
-4969	-2045
-1636	-4195
-8707	-4195
422	-4195
4320	104
-6622	-2045
-27904	-4195
-237	-4195
7066	-4195
-2576	6553
3682	-2045
-661	4403
-8545	2254
-3653	-4195
-2561	-2045
15733	8703
3200	-2045
7130	-2045
4454	-4195
6972	-2045
-6701	104
463	-4195
-11626	-2045
-6930	-4195
6997	-4195
12968	10852
-8344	4403
6986	104
-10404	-2045
-8694	104
4955	-2045
939	2254
-4968	-2045
-14055	-4195
15879	15151
3284	104
13835	-4195
28839	-2045
-1079	-2045
2578	-4195
4877	-4195
8916	2254
-4364	-4195
259	-4195
112	2254
-10831	8703
497	-2045
-5673	10852
-9676	-2045
-1139	-4195
-13487	6553
11908	-4195
-9350	2254
-5960	4403
15942	-4195
10556	-4195
-14620	104
-10262	-2045
-155	-2045
5050	49544
-7742	-4195
11713	-2045
-10773	-4195
-20	104
-3385	-2045
-2680	15151
11109	-2045
-5484	-4195
-5908	10852
-8174	-4195
7889	-2045
-6093	8703
-4226	-2045
3843	-2045
-5980	-4195
-602	-2045
-8256	-4195
-1027	-4195
-8936	-4195
-5883	-4195
4572	104
3302	23749
-6207	-4195
3034	-2045
1481	-4195
-1412	-4195
-6120	-4195
3075	-4195
18682	-2045
3367	-2045
878	-2045
-1846	-4195
-9057	-4195
695	-2045
-6539	6553
15266	-4195
8181	-4195
10332	-4195
-7794	-4195
13225	-2045
-617	-4195
-3329	-2045
-11712	4403
21828	-4195
-7686	104
32607	-2045
-6195	-4195
-6451	-2045
6545	-4195
15680	-4195
-4476	-2045
-886	-4195
-6298	-2045
-4855	-2045
-6470	104
-13274	-4195
-11899	-2045
-2705	-2045
8607	104
-8416	-4195
-262	-4195
17542	2254
7701	-2045
-7534	-4195
-8027	-4195
-6379	-2045
-12591	-4195
-1281	-4195
-6596	-4195
-7496	104
660	-4195
-7714	-2045
-5988	-2045
15495	-2045
20502	-2045
-3328	104
-9312	6553
-6111	104
-7586	-4195
4555	-2045
-6241	104
-12538	-4195
5567	-4195
19860	-4195
-6740	-4195
-1891	2254
-3000	-2045
15968	2254
-443	58141
-5363	-2045
554	-4195
5293	-4195
12580	-4195
-4163	-2045
11524	-2045
6143	-4195
-4789	-2045
-3458	104
-5126	-4195
414	2254
16550	-4195
-13510	-4195
-7129	-2045
-4629	-4195
-1478	-4195
-5108	2254
-615	-2045
18082	104
-5371	-2045
-1599	2254
-1817	-4195
11184	-2045
-964	-2045
-7602	-4195
19594	19450
-7505	-4195
-3241	6553
-12971	-4195
2199	-4195
1668	-2045
-4854	8703
-9483	-4195
3094	-4195
-8855	6553
71	-2045
-10013	-4195
-6277	-2045
-1869	-4195
55071	104
12639	2254
-10774	104
-10285	-4195
19849	2254
-1735	-4195
-2641	104
11759	8703
15371	2254
9082	104
-4395	-4195
27271	-4195
5943	38796
28228	10852
-9887	-4195
-12426	-4195
14611	-2045
-3561	-4195
1089	15151
5712	-2045
-13219	2254
47547	-2045
-6260	104
-13935	6553
-3138	-4195
-3295	-4195
8975	-4195
286	104
-5903	-2045
-11196	-2045
-5597	-2045
-8756	-2045
-5666	-2045
5673	4403
6843	-2045
7656	-2045
-5072	-4195
-6747	-2045
-9608	2254
4012	-2045
21263	-4195
-11611	104
-3535	-4195
-33657	-2045
-7097	-2045
-9707	-2045
-7473	-2045
-6886	-4195
-7831	104
-9817	6553
10673	4403
-12290	-4195
17652	-4195
-7900	-2045
29768	-2045
3125	-4195
-5095	-4195
-831	-2045
-11766	-4195
4733	13001
-1247	-2045
-3416	104
2748	-2045
-19883	-2045
3524	-2045
-4344	-2045
1967	-2045
2730	-2045
14339	10852
1695	-2045
-4417	-4195
-7541	-4195
3720	-4195
-6969	-4195
-3988	104
20722	-4195
45911	-2045
-2468	-4195
-254	21599
502	-4195
-5185	-2045
-14725	104
-4282	-2045
16248	-4195
-11556	-2045
32189	-2045
4582	8703
3382	104
-5417	-2045
-4659	-4195
-6182	-2045
-3302	-2045
-4650	-2045
-5288	-4195
15029	-4195
-8303	-4195
-11365	2254
22583	-2045
-10446	-4195
-2716	-4195
-7615	-2045
-844	104
34405	-2045
-685	-2045
14402	-4195
-1532	45244
-5099	-2045
-1473	-2045
-8409	-4195
-6189	-4195
-5326	-2045
10199	-4195
-6243	-2045
-4806	25898
-11310	-2045
-462	-4195
-5760	-2045
11902	-2045
-21888	-2045
99	104
-5751	-4195
-9471	15151
15223	-2045
-8701	2254
-8936	-2045
-2246	-2045
-11868	6553
12260	104
-7586	-2045
21561	-2045
-1386	-4195
-12495	-4195
-5086	4403
2793	-2045
-25858	104
-5724	-2045
-3441	-2045
-6581	-2045
2259	-2045
-14805	-2045
-8675	-4195
-2358	-2045
-2495	-4195
-5027	-4195
5193	-2045
-9445	-2045
4057	-4195
8652	-4195
-8804	-4195
25249	2254
-5527	-4195
-1105	104
9022	-4195
17141	-4195
-935	-4195
-10577	104
-936	-4195
-509	-2045
-846	104
16776	-4195
1338	2254
9831	-2045
-1062	-4195
-15107	195711
256	-2045
1300	4403
-1870	17301
4637	-4195
-312	-2045
1286	-2045
9859	-2045
-12523	-2045
967	-4195
160	104
5426	104
4244	-2045
5691	104
-4022	-2045
-5251	-4195
-1069	-2045
44	-2045
1989	2254
8335	-4195
-1784	2254
-22805	104
900	-4195
-9721	30198
-8167	-2045
-8122	-4195
-5190	-2045
-5404	8703
-4743	-2045
-3273	10852
-4932	2254
-2207	-2045
-13558	55991
-3401	-2045
-4928	-2045
-10245	-2045
2109	4403
-7074	-2045
-10405	-2045
4471	-2045
-11130	104
-2190	8703
-7848	-4195
10495	-2045
2372	-4195
-7566	-2045
5753	-4195
-12184	-4195
-3477	-2045
-9579	-2045
1076	-2045
-653	-4195
11519	104
-9166	-2045
-2615	-2045
4069	-2045
4393	8703
-5634	-4195
-557	25898
-4537	-4195
2767	-4195
6475	-4195
803	-2045
16189	-2045
13399	-2045
-8475	104
-2124	23749
8519	6553
800	6553
18086	4403
-14927	-4195
-6939	-2045
-12493	6553
-5768	-4195
7525	28048
-2795	104
-1408	-2045
3811	4403
-6748	-2045
-355	-4195
7284	-4195
-588	104
5993	167767
-4725	-2045
-356	-4195
-5262	104
-1569	2254
2669	-4195
-461	-4195
-522	-2045
-9328	2254
-4063	2254
6876	104
-1771	-4195
-15975	-2045
-6476	-4195
4287	-2045
-3574	-4195
607	-4195
3897	-4195
8630	104
-7019	-2045
-503	4403
-9096	4403
2641	-2045
-4662	2254
-3602	2254
-2326	-2045
9586	-2045
-4078	-2045
3719	-4195
-15001	-2045
13119	104
-4877	15151
-4905	19450
5533	-4195
14234	104
-9339	-2045
-6108	104
28787	2254
-10803	13001
5650	104
20767	-4195
-5532	-2045
360	-2045
-1461	-2045
1699	8703
1530	-2045
11452	-4195
-5685	-2045
-6426	-2045
8728	-2045
20385	-4195
-15199	2254
-8694	-2045
-5943	4403
-4983	8703
-2734	-2045
4684	104
-12178	-4195
-52	-4195
-1437	30198
3946	-4195
10326	6553
-15655	-2045
6692	-4195
7981	-4195
1421	-4195
-3332	-2045
-12361	-2045
-10023	-4195
-11817	-2045
-8704	-2045
-4397	15151
-12203	-2045
1143	2254
-6395	-4195
9191	-2045
1922	-4195
-8483	104
-5927	-4195
4671	-2045
-4515	-2045
17974	-2045
-17156	-4195
-5173	-2045
4541	2254
-6220	17301
-4490	104
-958	-4195
-10632	4403
-6463	-2045
6031	-4195
-923	-4195
4887	-2045
-5245	10852
3011	-2045
-170	-4195
2963	-4195
7689	2254
29324	2254
-11586	-4195
-1626	-2045
-8148	104
-7081	-2045
6536	-4195
-5946	2254
-572	-4195
-5582	-4195
-5498	-2045
-5288	4403
-12978	2254
3311	8703
-1552	-2045
-6487	-4195
-13304	21599
-13342	-4195
-6366	34496
-5565	104
8073	-2045
-9596	-2045
-2823	2254
-7580	-2045
-4958	2254
20588	-4195
-2508	-4195
-6132	4403
-6219	-2045
-4519	104
-6924	-2045
5105	-2045
14946	-4195
11252	-4195
-7122	-2045
-9230	-2045
11531	-4195
1093	-2045
-18445	104
-10785	-4195
1745	-4195
-8716	-2045
-6082	104
13198	-2045
-8797	-2045
1182	4403
-9710	-4195
2061	-4195
13339	2254
-1356	-4195
-6106	-4195
-10298	-2045
-1171	-2045
-6159	-4195
-5349	-2045
4214	-2045
8181	-4195
8153	-2045
4402	2254
14910	-4195
28453	19450
-5478	-2045
14103	8703
-9003	-2045
-1099	-2045
-7548	104
-858	4403
-618	104
-6963	-2045
-756	-4195
-12733	-4195
15814	-2045
-762	19450
467	104
6912	104
36767	-2045
-592	-4195
-5921	104
645	10852
-279	-2045
-1645	104
3444	6553
-4402	-4195
-3986	-2045
4164	-2045
-4936	104
5752	-4195
14154	-4195
6484	-2045
-4403	-4195
2779	8703
-6838	-2045
2177	-2045
-8784	2254
-24490	-2045
-5544	15151
4958	104
1915	-2045
1009	-4195
16024	2254
-3219	-4195
12221	-2045
2612	-4195
5566	-4195
21450	6553
-7681	104
-7940	-4195
-3627	-4195
12001	-2045
-4565	-4195
-5229	-2045
4748	2254
-9922	-4195
-21446	-2045
-8754	-4195
7736	-2045
-2517	-2045
-6673	-4195
-4355	-2045
2632	-2045
-8903	104
-6200	15151
1894	8703
8738	-4195
-6267	-2045
-2000	-2045
-5429	-4195
6551	4403
-14061	-2045
6409	-2045
-7514	-2045
-9276	-4195
-9325	-4195
-2772	-4195
-6057	-2045
1569	-4195
-11001	-2045
-4733	-4195
-4388	104
-13547	-2045
-7593	-2045
28054	-4195
-13956	-2045
-6964	-2045
16528	104
-3322	-2045
-4843	2254
-12027	-2045
23325	-2045
-4346	-2045
-8347	104
12277	-2045
4837	104
7366	6553
-2487	104
11111	-4195
-138	-4195
4870	-4195
-7346	104
-8410	-2045
-6775	4403
-8063	-4195
-4022	-2045
-15663	2254
-9279	-2045
4908	-2045
-7874	104
4558	104
-5052	-4195
-3959	4403
2270	-2045
853	104
-5046	-2045
-8754	-2045
-6855	-2045
770	-2045
-2518	-2045
11513	-4195
-9837	104
-4860	-2045
-4198	-4195
-6599	2254
-15218	-4195
5059	-2045
12102	-4195
12932	-4195
9395	-2045
-7875	-2045
-8769	-2045
-615	2254
2220	-4195
-3154	-2045
7643	-2045
7492	-4195
-13192	-2045
-4019	-2045
9313	-2045
-4866	-2045
-7771	-2045
-8491	-4195
-1764	-2045
8894	-4195
5448	-2045
2457	104
-8733	6553
-1912	-4195
9629	-2045
4013	104
-13537	-4195
-462	-2045
-13492	-2045
-7853	4403
-6567	-4195
-10774	-2045
-16087	-4195
-458	-2045
-9184	8703
17281	2254
-4886	-2045
-4161	-4195
3261	-4195
-13818	-2045
-4029	-2045
6094	-2045
-8475	104
-3848	-2045
27812	-4195
-8573	-2045
-6369	4403
-6786	45244
-9080	-2045
1371	-4195
-16212	-4195
-2521	-4195
-1085	-4195
1223	-4195
-7085	-4195
-10220	19450
-1099	-4195
20050	-4195
-6930	104
16514	-4195
-5139	-2045
-1297	-2045
10385	-2045
-4728	-2045
-2810	8703
-4519	-2045
-1361	104
-6977	-2045
-5946	4403
8053	8703
5914	-2045
-3368	104
14341	-2045
10387	104
88	2254
-1142	2254
5101	-2045
21742	-2045
-7976	8703
1758	-2045
17158	104
-877	104
-6876	-4195
12605	-4195
973	-4195
-7032	-2045
-11642	-4195
-3924	-4195
-9874	-4195
11574	13001
12783	104
-5648	10852
-6749	104
-6760	-4195
23666	104
279	15151
-286	-4195
-8206	4403
-7356	6553
-2456	-4195
-11810	2254
3376	-4195
590	-4195
1575	-2045
-5118	-2045
12737	104
-2385	-4195
19374	19450
1008	-4195
-5077	-2045
22040	-4195
-9056	104
-7931	-2045
545	-4195
1502	2254
-10616	-2045
2730	104
-332	-4195
-1086	104
2743	8703
-2733	4403
-9894	30198
-9671	-2045
4821	17301
-2382	-2045
-8687	-2045
957	2254
12856	2254
-7153	-4195
12647	-4195
-7123	-2045
-5749	6553
7928	4403
-5249	-2045
-10385	4403
-8487	-4195
-6566	104
11541	-2045
-2384	-4195
-2309	-4195
7890	-4195
-3949	13001
20107	-2045
-8252	-2045
618	15151
-249	-2045
-4781	-2045
-4116	-2045
-7412	104
-7178	104
-3029	40945
-1122	-2045
-1003	6553
7672	-4195
-10214	-2045
3516	2254
-9769	-4195
-5272	104
-5440	88234
7718	-4195
-284	6553
7888	-2045
-725	-4195
-3507	104
-1752	-2045
-20357	2254
-4954	-2045
-6354	-4195
5078	-2045
4864	-4195
-5115	104
4644	-4195
240	-2045
-8746	-2045
-8517	-4195
-16047	2254
6355	-2045
-2250	2254
-1047	-2045
-12386	2254
-4830	-4195
13644	-2045
-5573	2254
5914	-4195
244	-4195
-8917	104
15733	-4195
-4476	-4195
2265	-2045
1528	10852
9361	-2045
21671	19450
-9287	-2045
3377	-4195
-8836	-4195
-7064	-4195
4730	-2045
-8010	-4195
4899	-4195
-2749	-2045
-12	-2045
6790	-4195
-2055	-2045
-10458	-2045
-6032	-4195
38922	-2045
7667	-2045
-5977	6553
23130	-4195
15506	-4195
31479	4403
11250	-4195
-1237	-4195
5699	-4195
8867	-4195
10195	8703
63709	-4195
-10822	-2045
273	4403
-12003	2254
-1	8703
-4655	-4195
-1616	-4195
9140	-2045
-5017	-4195
-2467	-4195
-2763	104
-7872	-4195
-1949	-2045
11778	-4195
-3523	-2045
-6051	-2045
7999	-4195
-636	-4195
1443	-2045
-8020	-2045
-7969	2254
-7186	19450
-2406	-4195
22414	-4195
-13148	104
7815	-4195
672	-2045
-5146	-4195
2951	104
16444	-4195
-8530	-2045
-12517	-4195
3159	-2045
-6440	4403
-5664	-4195
15451	-4195
-9469	-4195
1071	34496
2238	4403
-7936	-4195
-3976	-4195
-3675	-4195
-56	-4195
-1905	-4195
-9569	-2045
-8463	10852
-7595	104
-4710	104
14763	104
5844	-4195
915	8703
-1431	-4195
-1044	-4195
2783	-4195
11284	104
15249	-4195
-7352	-4195
-8702	-2045
7466	4403
-9588	-4195
10171	-4195
-4029	-4195
15711	-2045
-8621	-4195
9037	-4195
-7447	104
5721	-4195
646	-4195
12576	-4195
1200	-4195
32869	6553
-7982	-4195
-7554	-4195
-3306	-4195
3378	25898
417	-2045
22147	104
29712	-2045
-1412	-4195
7097	-4195
-5084	10852
2799	-4195
15121	-2045
-9822	-4195
693	104
7060	-4195
-15215	4403
-1799	-4195
21086	28048
3925	13001
-8278	-4195
7209	-2045
-8692	2254
-12993	2254
14126	-2045
18267	-2045
-5461	21599
-5607	104
-12867	-4195
-5710	8703
-10539	-2045
-7110	-2045
-2111	-2045
-54	-2045
-5302	-2045
-2760	-2045
2767	2254
-13141	-4195
-883	104
514	-4195
3528	-2045
5305	-4195
-2946	-4195
6361	-4195
14433	-4195
3974	-4195
-5435	-4195
911	-4195
-1832	-4195
-1279	2254
5668	104
14147	-4195
16208	49544
3102	17301
-4799	-2045
-954	-4195
29882	13001
6454	-2045
16089	-4195
-3435	2254
-2842	4403
-6439	-4195
11193	-2045
-4759	-2045
-3293	-4195
-10199	-4195
-2594	-4195
-5038	-2045
7938	-2045
-9222	4403
4842	19450
-9109	-4195
-21514	-2045
-4056	-2045
-24292	-2045
-3963	2254
3786	104
-15484	104
16162	-4195
296	-2045
-8180	-4195
-10395	-2045
-1416	-4195
6105	-4195
-5219	-2045
529	-2045
9112	104
-2984	-4195
-6851	-4195
595	6553
29569	-2045
1861	-4195
20257	-2045
-6674	2254
-12060	104
3870	-2045
23557	-2045
-2619	4403
-8398	104
-2507	-2045
10570	-4195
-5564	-4195
115	-4195
-2646	4403
18538	-2045
2790	2254
-1741	-2045
-3431	-2045
3298	-4195
6212	-2045
-11128	4403
4686	-2045
14521	-4195
-5794	-2045
-5288	-4195
19770	-2045
3616	-4195
-13313	4403
-5099	-2045
-1379	-4195
-13595	-4195
5982	-4195
5097	2254
-7656	30198
-5588	-4195
1170	-4195
-8517	-2045
-11532	-2045
3130	-2045
-6617	-4195
-13982	-2045
7409	-4195
10054	2254
9061	15151
-3840	-2045
6146	-4195
3420	-4195
9478	-4195
-6183	-2045
-5563	-2045
10999	-2045
-1928	-4195
-8686	104
-436	-2045
9390	-2045
-1958	-4195
9744	-2045
7230	-4195
-10118	-2045
2885	-4195
3451	-2045
-1983	-4195
-6648	-2045
-12492	-4195
-874	104
-24217	-4195
3514	-2045
-934	-4195
-12490	2254
17760	-2045
-2380	19450
16121	4403
16981	-4195
-5174	-4195
9783	8703
20070	104
-3145	-2045
6825	-2045
12831	104
-6765	104
-4491	-4195
15982	-2045
-4000	-2045
-9027	-2045
-956	-4195
-5248	10852
11944	-2045
-6119	-4195
-6628	104
7108	-2045
-11616	2254
-7790	104
-19867	104
-10383	-4195
12396	-2045
-8399	104
-5702	-4195
-3287	104
-5672	-2045
9272	-2045
-2111	-4195
7838	-2045
16275	104
-3297	104
-6561	104
-3171	-4195
2150	2254
17470	-4195
-11816	-4195
17714	-4195
-9213	4403
14548	30198
-13545	-2045
14046	104
-6848	-4195
-1555	-2045
-3303	-2045
-7102	-4195
-4787	-4195
-10051	10852
29527	-2045
-9091	104
548	-2045
22338	-2045
-9006	-4195
-6713	2254
-9623	64590
-511	104
10628	-4195
-10168	8703
-4774	2254
-2059	104
-4465	-4195
-2723	19450
926	-2045
1552	-4195
-13481	-4195
-4784	-4195
27766	-2045
4636	104
-2125	4403
15145	4403
1784	-2045
-6879	-2045
-10737	-4195
35415	-2045
-6212	-4195
14324	-2045
-7582	-2045
24531	-4195
-53050	2254
-6807	-2045
-1460	-4195
7065	2254
4259	-4195
8022	-2045
-7270	-2045
-553	10852
-13870	6553
-427	8703
-10281	17301
-9098	104
-2522	-4195
4091	-2045
-1697	-2045
1287	-4195
-3035	4403
3475	4403
-5124	-4195
-5741	-4195
-1880	6553
-8182	104
8535	-4195
10070	104
-428	-4195
4289	-2045
-7188	-4195
9892	104
-6151	-4195
-3628	-2045
2821	-4195
-2847	-4195
-6448	8703
-6091	-2045
-2542	-2045
-7946	-2045
-5069	-4195
26629	-4195
-5203	-2045
5959	-2045
7749	-4195
-9440	-2045
2660	-2045
-4246	-4195
2230	-2045
-8385	-2045
-6863	6553
-3417	-4195
-3607	-2045
11123	-2045
-9185	-2045
3012	-4195
-5244	-4195
-5754	104
-2079	-4195
-12503	-4195
-4691	-2045
16232	174216
344	8703
-6631	-4195
-2429	-4195
-14079	-4195
-9997	104
286	-4195
-2560	-4195
-4183	-2045
-9198	2254
-673	-2045
24290	-2045
-4685	104
219	-4195
-1652	104
14545	-2045
-5904	2254
-6238	-4195
1037	104
20943	-2045
4927	-4195
4211	4403
6308	-2045
-7553	4403
-6845	-2045
16415	4403
-12232	-4195
-18595	-2045
4144	4403
5107	-4195
-5493	-4195
11585	2254
-5327	-2045
6000	104
-1801	2254
4067	-2045
-4269	-2045
3071	-2045
-621	-4195
28934	-2045
4763	-4195
-2933	104
-7216	-4195
23479	104
-12092	4403
2547	6553
-4832	-2045
2845	-2045
50	-2045
1766	-4195
-3043	-4195
14657	-2045
-796	-4195
-8512	-4195
-8918	104
-5425	-2045
1459	-4195
-1880	104
-843	-2045
2792	-4195
-4841	-4195
-9612	-2045
9160	-2045
-3363	-2045
26345	-2045
-930	2254
-4599	-2045
95	-2045
-334	-4195
10410	-4195
-2185	-2045
-4502	-2045
34	-4195
5547	8703
10141	-2045
7056	-2045
-5326	104
-5	4403
-8559	-2045
30798	104
-5511	4403
-2356	-2045
-9585	-2045
-1951	2254
1771	-4195
9522	-2045
-1871	-4195
-5892	-2045
-4421	8703
-7695	-2045
6525	-4195
5156	-4195
7963	-2045
6438	-2045
-3767	8703
3733	-4195
-10487	-4195
10099	6553
-8672	104
-4089	15151
11745	-2045
-2184	-4195
-5194	-4195
-6361	104
-1611	-2045
-1516	-2045
-20327	-4195
-11565	-2045
9536	-4195
-481	25898
-15951	-2045
-3200	-4195
1160	-2045
-5640	-2045
1298	104
-1549	6553
-5008	104
9165	4403
-4006	-2045
-5535	-4195
15214	2254
7680	-2045
-9044	2254
-3122	-2045
-6362	-2045
7122	-4195
2338	-4195
12973	2254
-8911	13001
-10378	-2045
-4756	-4195
-9158	-2045
-2395	-2045
-13740	2254
-5222	-4195
17198	-4195
-8397	2254
-120	2254
-7592	-2045
-5322	-2045
-1012	-4195
1459	-4195
-9652	-2045
2735	6553
-6766	-4195
9630	-4195
5844	-4195
-5986	-2045
5712	104
5540	6553
43560	8703
-6459	2254
-3347	-2045
3870	-4195
1148	-2045
-6779	-4195
-8142	104
23187	104
-8027	-2045
24486	-4195
-8025	104
-964	2254
6726	-4195
-5853	104
29381	-2045
-8299	15151
8300	-2045
-10428	104
-11146	104
3804	-4195
14872	-4195
-8936	-4195
-10725	-2045
-832	-2045
33625	-2045
7353	-4195
-8989	-2045
-6473	2254
816	-2045
-9843	104
-8082	-2045
-4789	-4195
-5417	13001
7316	-2045
-84	-4195
1043	13001
-7699	-4195
-8222	104
8621	-2045
-2790	-4195
3263	-2045
9212	2254
-5995	104
24347	-4195
21205	-2045
-2767	-4195
11450	104
-2425	-4195
-887	-4195
-9501	-2045
-7642	2254
-1504	-2045
-3475	-4195
-10596	-2045
-5645	-2045
6221	-4195
2756	104
-11183	-2045
1131	4403
1557	104
-3272	-4195
494	-2045
10060	-2045
3605	2254
5928	17301
-3677	-2045
15414	104
715	-4195
24155	4403
-2676	-4195
-10497	-4195
-4193	-2045
1463	4403
24723	-2045
-6514	-4195
10914	-2045
3365	2254
4645	-4195
-10616	4403
9023	-4195
-9478	-2045
-3167	-2045
-6048	-2045
5238	-4195
33986	104
-5842	-4195
-8974	-4195
-4533	-2045
-4765	104
3603	-4195
5136	-2045
-8588	-2045
-5692	-2045
12126	104
-3567	-4195
-5557	-4195
-9527	-4195
294	104
-10690	-4195
-13053	-2045
-18456	-2045
17379	-2045
-6441	6553
1915	-2045
-17104	-2045
-2192	-2045
-2130	2254
-4227	4403
-6177	-2045
-5592	21599
1084	-2045
-16694	104
2867	8703
-8030	-2045
-1404	-4195
-6919	-4195
-14974	-4195
-6315	-2045
491	-4195
2256	-4195
-3053	6553
-19832	-2045
1279	-4195
3278	-4195
23923	-4195
-7006	4403
-1102	-2045
4273	-4195
-65	-4195
-813	104
8377	6553
590	4403
9524	-4195
-4242	-4195
16654	-2045
-6359	-2045
-7839	-2045
7068	-4195
4083	-2045
-675	104
-5606	-4195
-3594	-2045
4970	-4195
6091	-2045
12817	4403
-5115	-4195
-7522	-2045
-2939	-2045
-7103	104
-10030	2254
695	104
-3452	-2045
4970	-2045
3435	104
-8341	-4195
66	104
-4564	8703
5410	-2045
8783	-4195
12054	-4195
-5943	2254
-4407	-4195
-3929	104
-5364	-2045
1240	104
11619	-4195
-2334	-2045
-6689	-4195
-9265	4403
-12966	2254
-4697	-2045
-9989	-4195
-10500	2254
-1326	-4195
-2828	104
-7075	-2045
-1497	4403
-3988	-4195
15513	4403
-13882	-2045
-3646	104
-3551	-2045
-9352	13001
23621	-4195
921	104
-8934	8703
2192	-4195
15341	4403
-13102	104
-8229	-4195
-10644	-2045
-884	-4195
462	-2045
3619	-4195
-7130	-2045
27198	2254
9013	-2045
11750	-2045
4228	104
6516	-2045
20623	104
4992	-4195
-7571	-2045
-10506	-4195
11056	-4195
-5261	104
5228	-4195
-7352	-4195
4287	-2045
1748	-2045
-2034	104
-2408	-4195
-6030	-4195
21746	-2045
-8435	-4195
-10862	-4195
-12565	104
-6529	-4195
1648	104
9091	-2045
1703	104
-8191	2254
-2045	-4195
-4785	104
3121	19450
7021	8703
-4630	4403
-5562	-4195
16	-4195
772	104
25418	4403
-1610	2254
4056	-4195
511	-2045
-120	-4195
-5264	-2045
-7060	104
-9003	-4195
-759	-4195
11627	-4195
7450	-2045
4158	2254
-11985	-2045
22798	-2045
934	-2045
22785	-2045
-1967	-4195
6677	-2045
-1114	-4195
-5172	-4195
-4215	-4195
-20584	19450
-12066	-2045
10998	2254
4570	-2045
2718	-2045
3288	-2045
-11349	-4195
-9885	104
-2871	-2045
-7347	-4195
-5328	23749
2084	-4195
-1416	-2045
-7401	-2045
-471	-4195
23425	-2045
-5234	-2045
2483	-4195
8093	-2045
97	-2045
-9895	-4195
-8003	-2045
-6918	-2045
8094	2254
13126	-4195
530	6553
-2286	-4195
-6112	-2045
14891	-2045
-9560	34496
-8625	-2045
11608	-4195
-11675	15151
-8302	-2045
-2288	-4195
-8859	104
-6877	-2045
9762	104
-10836	-4195
-186	-2045
1499	6553
-1572	-2045
-1755	30198
-7819	-4195
27141	-2045
10569	-2045
-3773	6553
-2443	-2045
27686	-2045
-4568	-2045
4723	-4195
-7975	104
-9267	-2045
-7284	104
-13352	4403
-7383	25898
15290	-2045
6224	-4195
3303	-2045
21165	-2045
-1966	104
-368	-4195
-4183	-4195
-6088	-2045
-2457	104
5580	-2045
-4828	-4195
-14760	13001
30917	-2045
12	-4195
-1429	2254
-7868	4403
-1759	-4195
-11851	-4195
7267	-2045
4262	-4195
8280	-2045
6431	-4195
22163	-2045
-8939	-2045
11942	6553
-11721	2254
5533	-4195
2438	-4195
8565	104
7313	-4195
-3255	4403
-1814	-2045
-5656	-4195
-2449	8703
1087	-4195
6638	-4195
605	-4195
5020	-2045
-10319	-4195
-7640	-2045
2038	-2045
9040	-4195
-118	104
-24945	-2045
-6902	-2045
11896	104
8868	104
-7711	-4195
13706	-4195
-8083	104
21636	-2045
-3601	-2045
10929	-2045
19	-2045
1710	-2045
-6477	104
-4463	104
-688	104
-1541	-4195
-5096	-2045
-6218	-4195
350	-2045
11546	17301
-8699	4403
5276	-2045
-10480	-4195
-7964	-2045
-222	-2045
5055	104
1813	-4195
-14129	-4195
-4695	-4195
-3183	2254
-5308	-2045
-13284	-4195
9959	-4195
-8097	-4195
5589	4403
-40900	-2045
18413	104
-7668	104
-5506	-2045
5769	-2045
4486	-2045
-4559	-4195
-2263	10852
3945	2254
-5249	-4195
4633	-4195
9435	-2045
14357	15151
343	-4195
11720	-4195
9643	-4195
-8223	104
10515	-2045
9305	-2045
4603	104
-4348	-2045
-8419	-2045
-8111	-4195
17136	-2045
2937	104
-1448	104
-1979	-4195
3692	-4195
3575	104
27051	-2045
-9067	-2045
-355	-2045
13008	-2045
-15327	-4195
-7445	-2045
-8508	-4195
-6004	-2045
-203	-2045
6012	-2045
-7080	104
20425	104
-6982	-4195
-10190	-2045
-12385	2254
12637	4403
7380	-4195
-3540	-4195
-10651	6553
-8483	-4195
-7809	-2045
-8732	-2045
2340	-2045
-5136	-2045
3160	-2045
31903	-2045
7233	-2045
-30351	-2045
6242	104
-1167	104
-11329	-4195
-6809	-4195
-9653	-4195
-4299	-4195
-12383	-2045
1949	4403
-8041	-4195
-9416	104
10118	-4195
14424	-2045
6143	13001
10105	-4195
-797	-2045
-8649	-4195
-2126	-4195
31056	-2045
-14140	-2045
-4532	-2045
-1465	104
3296	-4195
2831	6553
287	-4195
-4024	-4195
21460	-2045
-3521	-4195
-7322	4403
-2274	-4195
17759	-2045
-7326	15151
6094	-2045
-2208	-2045
4212	104
-9702	-4195
4736	8703
10529	-2045
-2296	-2045
2819	-2045
927	-4195
-5088	-2045
-7286	-4195
-190	-2045
3248	4403
-199	-4195
-6625	-4195
-42030	-2045
2090	-2045
-3583	104
2809	-4195
-9895	2254
-5647	2254
13859	4403
1706	-4195
25641	-4195
3846	43095
3541	-4195
2268	30198
-1017	-2045
17971	104
-5818	-2045
2848	-4195
-6701	-2045
-10895	-4195
2674	21599
-8854	6553
-61	-2045
-6152	104
2018	104
5255	13001
7218	-2045
22926	-2045
18083	104
-4427	-4195
-4859	-2045
-1145	-4195
-11438	104
-4472	-2045
-5607	-2045
5256	-4195
10771	-2045
-6473	2254
3426	23749
-5135	184963
2320	32347
-3014	2254
-1952	2254
-5490	4403
10093	-2045
-1903	-2045
-5324	-4195
-4472	2254
-8116	-4195
4162	-2045
4313	-4195
-7195	-2045
-5412	-4195
11237	2254
1171	-4195
32077	-4195
6968	-2045
1171	2254
6604	-2045
12414	-4195
12367	2254
14059	-4195
-5067	-2045
12037	6553
19418	-2045
10755	6553
-7171	8703
17201	-2045
1006	-4195
11355	-2045
13986	104
3665	6553
23838	2254
8994	-4195
20873	104
-5559	-2045
5072	-2045
8482	-2045
-527	-2045
-6355	-2045
-10897	-2045
8039	-4195
-5063	30198
-9532	-4195
-11162	-2045
-2500	-4195
-6618	-2045
3685	2254
-6022	2254
-2913	-4195
21532	-2045
9188	-4195
-5435	10852
-1797	8703
-3237	-2045
-7724	-4195
-5241	-4195
-3197	-2045
5764	2254
-3576	-4195
5101	-4195
3173	-2045
-3717	104
3897	2254
4869	-2045
974	104
-5712	2254
-410	-4195
-6197	-4195
9839	104
23954	-2045
9438	-2045
-321	6553
-10341	-4195
805	10852
-6389	-4195
1732	-4195
-3032	4403
-10326	-4195
-7140	8703
-6410	8703
1202	2254
-7691	4403
-2556	-2045
-5797	-4195
2135	-2045
3085	104
-8741	104
7012	104
-9185	-2045
-20	-4195
-3884	-2045
1233	-2045
11497	6553
1540	-4195
-2335	-4195
-14215	-4195
-5514	-2045
7149	-2045
2477	-4195
-5384	-4195
-12137	19450
-5240	2254
-10179	-2045
-3677	6553
1025	-4195
26826	-2045
-8277	-4195
-1807	8703
-4369	-2045
-4309	-2045
14583	-4195
18969	-2045
-6769	104
1382	-2045
10978	-4195
928	2254
10460	2254
70	-4195
-6593	-2045
2193	-2045
-3124	-2045
-9976	-4195
4656	-2045
