-3774	-4890
6831	-4890
11844	-4890
-10743	-7332
-10520	-6
-10074	4878
-11095	26854
2304	-7332
-2823	9761
37254	2436
7617	-6
2548	-7332
-10928	-6
-10003	-6
-11123	4878
-10476	-7332
-32591	-4890
16390	19529
17304	-7332
16755	-7332
-10729	-7332
8320	9761
9242	4878
1229	-6
1949	-2448
-10078	-4890
1127	-2448
-11012	14645
9799	4878
-8147	-6
-4056	-2448
7421	-9774
-10921	2436
15912	-6
-7952	-4890
17423	-7332
-9330	-7332
10644	-4890
2660	-6
-10934	-6
-11246	-4890
-9856	-6
-10409	-7332
8728	12203
16917	2436
-11133	-2448
-11007	-2448
-3582	-9774
-2189	-2448
3972	2436
-10713	-9774
4227	-2448
6144	-2448
-4346	-2448
-6158	7319
9372	-6
-8959	-6
-273	-7332
6330	-7332
22671	-6
-8940	2436
3947	-2448
-2795	-6
-10468	-6
8910	7319
-9351	2436
-6523	-4890
-5089	-6
17068	-6
9582	14645
-5605	4878
-10404	-7332
-10620	12203
3570	-4890
16490	-9774
-9331	-4890
-9592	-4890
9281	-2448
-10365	-7332
-10543	-7332
-10647	-4890
-4037	-4890
15163	-6
-3195	-9774
-7076	-2448
2540	-6
-8748	-2448
-2189	-9774
-8105	-7332
16	31738
-9752	-7332
2121	-4890
-36603	2436
-8536	17087
9624	-2448
9537	-2448
15554	-7332
-11152	-4890
21064	-7332
9627	2436
-1479	2436
2301	-4890
18442	17087
3321	-2448
-35870	17087
-7750	-6
-7030	9761
6376	-2448
-6779	-2448
21362	2436
6627	-2448
-10703	-7332
3051	-2448
1962	12203
14870	-7332
-7460	9761
2686	12203
-3668	-2448
-8938	-9774
17018	4878
-8449	-6
-35422	9761
2170	-6
16971	-7332
16779	-9774
2393	-7332
-10120	2436
16520	-9774
-2718	-4890
1988	-2448
15915	2436
6662	-7332
-11175	2436
-36148	-7332
3624	12203
5888	-2448
-8297	-7332
2523	-4890
-10879	-9774
22966	14645
-302	-2448
-11175	-7332
16939	-2448
-1951	-4890
-3166	-4890
-9706	-9774
3062	2436
-9586	-4890
-10772	-2448
-9338	-6
-7115	-4890
12249	-6
-3619	7319
3663	-6
5335	7319
-5042	17087
-11170	-6
-7590	-2448
-4731	-6
15376	-7332
-19903	14645
-10326	-4890
-10725	7319
14159	-4890
-11099	2436
1949	43948
-8844	-2448
-11175	-4890
-9483	-7332
4074	7319
15263	-2448
12279	-2448
-6415	9761
-7213	-2448
12400	-4890
-10865	7319
-1361	-4890
-3829	14645
-8768	-4890
2378	-9774
4270	-7332
-7909	-2448
-11109	-4890
4331	-6
-10937	-2448
-9296	-7332
-11130	-2448
-10848	-7332
-5153	-6
2443	-4890
-5372	7319
-5008	-2448
-657	2436
2026	-2448
-9319	-7332
2143	-7332
-11157	-2448
-5114	2436
5373	-6
13525	9761
-10362	2436
-10533	2436
-8627	-9774
6506	24413
-9949	-4890
6531	12203
10767	2436
-7244	-4890
5372	4878
-10271	4878
17063	-6
3444	-7332
-5917	-7332
-10118	2436
1968	2436
2131	-7332
23900	-2448
-10468	2436
-3342	-4890
16498	9761
-8401	-7332
-5230	-6
-1275	14645
-6469	9761
-10878	-4890
-21619	-6
16757	14645
17340	-4890
-8875	-6
3598	4878
7498	-9774
9618	-6
2926	-6
3667	-7332
4455	2436
-10889	-7332
-2504	24413
667	-6
15734	9761
4522	-6
-7205	-4890
2109	-7332
6977	-4890
3656	-6
1693	-4890
6279	-2448
797	-7332
-2777	-4890
2135	4878
-9847	4878
13386	-7332
3291	-9774
7134	-4890
122	-4890
10833	-6
3741	-4890
-3862	-2448
-9338	-6
-6666	-4890
-5549	7319
-5860	4878
13708	-7332
-9942	-4890
-10936	-4890
14109	2436
-1374	-7332
-7578	-2448
14289	-2448
11659	-9774
-8193	12203
17311	-2448
-9667	14645
-27638	24413
-2004	-7332
8601	-6
3719	-4890
-10724	-4890
649	7319
4343	-6
-1338	-2448
-10111	9761
-9358	-2448
-11089	-4890
-10456	-2448
-6472	-6
-11111	-7332
-10750	-7332
-10657	-6
-6318	-4890
-10261	-4890
2658	-2448
-10984	-6
-10708	12203
-9654	4878
2196	-2448
-10342	9761
-10208	-7332
-11170	4878
-6731	-7332
-9485	2436
-10319	-6
5803	12203
-404	-2448
-11175	-7332
6469	4878
3079	-2448
5586	-9774
-11076	7319
-10404	-2448
-4312	-7332
-9391	-2448
-9408	-2448
8875	-4890
6161	-7332
-10946	21971
-9934	-9774
-5145	-7332
-2928	-6
15544	7319
20058	-7332
14318	4878
15521	9761
6647	-6
-9227	4878
4677	-2448
16030	-4890
-1848	-6
528	-6
-11065	2436
-10483	-4890
-820	-4890
-3318	-4890
16662	4878
3534	-6
3215	-4890
3316	-7332
14683	-7332
-383	-6
-6541	-4890
8295	-7332
16486	-4890
-4536	-2448
4801	-4890
15477	-9774
1250	-4890
832	-6
-2110	-2448
-5039	7319
-39	14645
1952	-7332
3134	12203
-4776	-6
3817	-7332
-7557	-4890
-4672	-7332
16783	-2448
19426	-2448
-4015	4878
15703	21971
-10216	-9774
2990	-4890
-6773	9761
-11165	19529
-9823	-2448
-8754	-4890
16908	12203
-7576	2436
6877	-7332
-8099	12203
5836	-2448
-9722	-7332
-8198	14645
-1566	4878
-480	-4890
-908	9761
762	-6
-7773	-2448
-11011	-2448
-8065	-7332
-7225	-6
-5762	-7332
-2249	7319
1981	-4890
-11077	-7332
-7830	-6
-7296	19529
11027	-7332
-11156	7319
10253	-7332
-1096	-4890
4629	2436
-10699	-7332
-10942	-7332
3683	4878
-9191	-6
-10538	-4890
6717	58599
2153	-6
-10057	7319
2278	-2448
16045	-4890
-3245	4878
-3985	-6
-6116	26854
11852	7319
16729	-7332
-7158	-7332
8769	-2448
-11152	-4890
15165	-4890
-11175	7319
-1886	-4890
8442	4878
-1808	4878
16622	-7332
158	-7332
-6017	2436
2049	19529
-5299	-4890
-9805	-2448
15030	17087
3212	4878
-10918	2436
29088	-2448
-6827	-2448
-10373	4878
3372	-4890
-9591	-4890
-586	-2448
-8848	4878
16577	-7332
-11094	-2448
13980	-9774
3416	-2448
-11167	2436
16095	-4890
1516	-9774
-6030	-2448
-6201	-4890
-2297	9761
-8973	-7332
-3537	-7332
-11146	-6
2378	-9774
16494	-4890
10877	-7332
11883	31738
2442	-4890
-8712	-4890
-3599	-6
-7755	4878
-10068	-7332
-7763	-9774
-11117	-4890
10350	17087
10863	-7332
-9438	-6
-10467	-4890
-5992	-7332
17068	7319
20707	4878
11610	-6
7083	-7332
-8151	19529
8004	-2448
3626	-7332
2922	-7332
-8090	-2448
6984	-2448
-8316	-6
-9324	-7332
-10758	2436
-6688	-7332
5827	-2448
13957	-7332
-3334	-7332
-4035	14645
-9643	-4890
-11000	2436
382	-4890
-403	-4890
-9640	-4890
5224	12203
15544	-6
41068	-6
-6564	-2448
5418	-7332
16719	-6
2024	-2448
-8928	-7332
24539	-2448
2900	-9774
4074	14645
18212	2436
-24522	-4890
-10939	-6
-8370	-9774
-8739	-4890
4566	-9774
1375	-7332
16773	-6
4495	-4890
-5695	-4890
4315	-7332
-10978	-7332
-1372	-7332
-6395	-2448
-2772	-2448
-9231	-6
-6984	19529
-10129	2436
-321	-4890
-7379	-2448
1953	-7332
17416	-2448
-9647	-4890
17025	-9774
-254	-4890
14548	-4890
529	2436
-3539	-2448
-11028	-2448
2470	26854
4113	-2448
2614	-4890
-9643	-2448
13506	24413
2093	-7332
15327	-2448
3578	-6
3976	-4890
-5263	-6
-7704	-2448
3944	-7332
-1809	-6
4175	-4890
9314	-6
-22224	-4890
-6927	9761
6501	-9774
3931	9761
-8784	2436
-11094	-7332
-9635	-2448
-664	-7332
25419	2436
-2573	-4890
11933	-4890
-4040	4878
-11174	-6
4022	4878
-10949	-7332
-3956	7319
-10428	-7332
-11167	12203
-4079	-7332
-8969	-6
11206	4878
-6512	7319
-7797	-2448
-10748	7319
4346	2436
-10463	17087
-10858	-6
-10719	-7332
4973	9761
-5918	-2448
-6140	-9774
12590	-4890
11247	-9774
16357	2436
-7638	2436
6984	-6
16101	-2448
5066	19529
-9723	-4890
2244	-4890
2031	-4890
16955	-7332
7073	-2448
-11011	-9774
1141	2436
-7552	-6
-3298	-4890
-9441	-6
14713	2436
4185	-7332
10391	-6
-11159	-4890
4164	4878
-7599	-9774
271	2436
-7294	-6
16998	9761
-7766	-4890
17274	14645
3417	-2448
15964	-4890
-8130	7319
-36912	-4890
-9367	2436
-8096	-7332
11583	-7332
-10521	-7332
-10512	-4890
11002	-2448
2760	17087
-3030	-2448
-8961	4878
2827	17087
3223	24413
-8407	-2448
-6502	7319
15554	-2448
-10532	-4890
2656	12203
9776	-4890
-6516	-9774
7917	-2448
2237	-9774
2901	-6
-10438	-9774
-4095	2436
-7380	39064
2490	2436
3098	-4890
37347	-4890
-8094	-7332
-8492	9761
-10140	-2448
5376	-2448
3755	-4890
1957	-7332
9152	2436
38585	-4890
-7377	-6
17284	34180
2171	-7332
15922	-4890
-1380	-4890
-10249	2436
-3153	-4890
-4818	9761
-5864	-4890
-11052	-7332
-6975	34180
-5977	9761
9341	4878
16727	-9774
-8341	2436
-3230	2436
-7127	-4890
3779	4878
-6885	2436
-8089	12203
595	-4890
2729	-4890
9072	-2448
14376	12203
17054	12203
-2894	2436
10862	-4890
-3849	26854
-4109	12203
-9874	-4890
-5079	-6
-2088	-4890
-11075	19529
11392	-9774
-1007	-4890
3095	-4890
-2412	-7332
3110	12203
-5547	-2448
2038	-7332
15148	-2448
-1428	14645
-10202	-4890
-9696	7319
14846	-2448
14749	-6
-10848	-7332
1999	-4890
-4435	-4890
-7982	12203
-9925	-7332
2878	-6
1088	4878
-1213	-4890
10551	-7332
-5584	2436
4142	-7332
-10925	-4890
-889	-4890
2575	-4890
10684	-7332
-4005	9761
13719	-2448
-10653	-4890
-9913	7319
-9729	7319
-9506	-9774
10484	-2448
4495	4878
-11132	-4890
-7605	-7332
-8487	12203
3552	-7332
-11170	-6
16082	-7332
3706	-7332
-4	9761
8581	-2448
4288	7319
16484	-2448
2053	-2448
-1079	-4890
-2035	-2448
-8507	-7332
-11058	-4890
25483	-4890
-11171	9761
-11083	2436
7966	-4890
-10013	9761
3745	-4890
8676	-2448
3708	-4890
-11103	-6
2364	-4890
-292	-4890
13819	2436
387	-6
15791	7319
-394	-2448
2924	-7332
-8055	-7332
-11113	-7332
-11083	-4890
-3560	2436
-6093	4878
-9872	2436
9013	-2448
9088	-4890
-1756	21971
-8554	-7332
-36860	-6
-9170	7319
7992	-7332
-11172	-6
-7100	-7332
6239	-7332
-3443	-7332
-10690	-6
15566	-7332
16997	2436
16228	4878
-4511	-7332
4106	-7332
-475	-7332
2824	-9774
1067	4878
13138	4878
17307	2436
-9216	9761
10850	-2448
15887	-2448
3015	7319
-6763	2436
11406	-4890
-9089	63482
1380	-2448
2159	9761
8419	9761
-6786	-4890
4274	-4890
15654	-7332
-5941	-2448
-6704	-7332
1684	-4890
16176	-6
8726	-9774
-10918	-6
13272	-6
-3986	-9774
2157	34180
-297	-4890
-5820	2436
684	-4890
5334	-7332
-9241	7319
-11157	-6
-11175	7319
-4624	-6
-5078	-4890
-8284	-4890
4039	-2448
-9218	17087
-11110	-7332
9938	-4890
-8029	2436
-1508	-4890
3746	-7332
13443	9761
-9007	-2448
16077	21971
5750	4878
-2095	-7332
-11114	-7332
-6223	-6
12361	4878
16822	-4890
-5091	-9774
-5522	-6
-10974	2436
-11120	2436
-10425	-4890
-11170	9761
-7252	12203
8127	-2448
2533	-7332
-3276	-7332
-10430	-9774
15545	-2448
6468	19529
11206	4878
1948	-7332
-7765	-6
-7977	2436
8162	-4890
-5085	4878
11299	-2448
-2982	14645
-15162	7319
-11092	29296
-1541	-6
-4057	-2448
-8118	-4890
-1235	-7332
-8445	21971
-8789	-7332
-6980	-2448
-11111	-4890
-323	-2448
7833	-7332
-4317	-2448
-108	-7332
-7749	-7332
-10333	-4890
-11136	-4890
4074	17087
-10206	4878
-10994	-2448
-7377	-2448
-11025	14645
-9374	2436
7464	-9774
5781	-7332
-8576	-7332
25053	4878
1961	-9774
3296	4878
-8370	4878
15865	-7332
-9520	-6
3680	-2448
3503	-6
1953	-7332
16662	-7332
15418	-7332
-2399	-6
2361	-4890
-2674	-4890
8095	-2448
-10391	-6
2336	-4890
2990	-9774
15103	7319
2161	-9774
7934	-6
-5400	21971
-7572	7319
2569	9761
-8041	14645
8209	-4890
16347	-4890
-10698	4878
-11021	-2448
-9379	9761
6687	-7332
-5685	-6
-7761	-6
4381	-4890
12799	2436
-2009	-2448
1221	2436
-4736	-6
16589	-2448
-10540	-4890
4160	-6
1978	2436
-10876	2436
-5775	4878
-8250	-6
-11091	-7332
17273	-7332
-5729	-4890
-11104	-7332
11193	-9774
-8130	-7332
-9314	-9774
15168	-6
-6350	-4890
-8473	-2448
-11159	-2448
-5579	9761
-477	-4890
-11175	-6
16640	9761
-5952	2436
-7614	-2448
3432	-4890
-8627	-2448
-6843	9761
8560	-7332
7649	-7332
3149	-7332
-8938	-7332
8098	-7332
-3051	19529
-8228	-7332
15178	-6
2676	-4890
9949	-4890
-3609	-2448
-1479	7319
10116	-4890
-11034	-6
-9445	-6
3710	-4890
6302	-4890
12489	-7332
6049	2436
3808	2436
-11165	7319
4059	2436
-10093	2436
16213	4878
-11174	-7332
-5954	-4890
15841	-2448
-404	7319
9150	-2448
-6457	-9774
3680	-7332
-7821	-7332
-8274	4878
-10077	-7332
-9816	7319
16877	-6
-7334	-7332
15658	-2448
12248	7319
5214	58599
-8136	-6
16897	-4890
-11009	-7332
-4515	-6
1058	-7332
-9724	-6
3683	-4890
9380	-4890
3430	-7332
13979	-2448
5482	19529
-5771	9761
13918	-7332
-1442	2436
-11000	4878
-4959	-7332
-8355	2436
10637	-6
-10040	19529
-6543	2436
-3223	-9774
12047	-4890
2782	-4890
-9972	-2448
-4413	7319
18527	14645
-8829	-4890
-6530	-7332
3550	-2448
-3370	-7332
-11102	-4890
-9448	-6
-11170	-7332
-11172	-7332
-10401	-6
3382	-6
14988	7319
-11151	-4890
-4806	-6
2615	-9774
11393	-4890
-11174	-2448
-11175	-2448
-10647	-9774
2349	-2448
4028	26854
-2862	2436
-11150	-2448
1339	4878
-396	-2448
22124	-2448
12290	4878
15000	-6
-9442	4878
2884	-7332
4174	-2448
-19559	-4890
-11161	2436
-4844	2436
5109	2436
2407	9761
2767	4878
-10353	-7332
14075	9761
3563	-7332
-7592	14645
-11078	-7332
-11175	-7332
-1606	9761
-7714	-9774
-5123	-4890
4720	7319
8019	-7332
-7693	-4890
15254	-4890
-7125	17087
-9154	4878
1319	-4890
5871	-7332
3272	-7332
-4725	2436
7458	-2448
-8272	-7332
4156	4878
-10846	-2448
-6608	-4890
15645	-4890
2753	-2448
16420	4878
-10952	-4890
4761	9761
11147	-2448
-8635	-7332
16145	-9774
-7271	34180
2850	-4890
-32113	4878
-9559	-4890
17309	-6
3882	4878
-10138	12203
2222	-2448
654	-9774
-9445	-6
-2314	9761
-11055	12203
-11174	21971
-10148	9761
3155	-7332
-10488	-4890
24485	-7332
15902	17087
8072	-4890
-3677	-9774
4459	83017
3012	-4890
15590	-6
-4102	-7332
10711	2436
-7933	-7332
-4433	-7332
-8373	-4890
7678	-6
13854	7319
-3151	-2448
-7714	-7332
9655	9761
6657	-7332
-365	-6
-10183	-4890
3751	-2448
16701	-2448
10836	-4890
13049	-4890
-3844	-9774
2486	-4890
7359	4878
6986	-9774
4148	-4890
-9955	14645
-9835	-7332
-2072	9761
-11046	19529
-9028	-4890
17591	-7332
21685	-2448
4401	-2448
5256	-4890
8828	-9774
7567	-4890
4191	-7332
-10320	-7332
-5960	-6
15928	-7332
3176	-9774
3852	-4890
-406	-2448
-9331	2436
15107	-4890
-7378	-4890
-9749	-6
-9995	-6
-10110	-4890
3495	7319
-8828	17087
-3414	-4890
2104	4878
-11052	4878
1379	2436
16976	-6
3239	-9774
-6176	-4890
-7584	-4890
-9849	7319
-6758	-4890
-9641	2436
8698	-6
-3502	-7332
2865	-4890
6087	12203
3941	-7332
-11170	-9774
-11054	2436
7016	-9774
-11068	-2448
-1211	4878
-34152	-2448
16884	7319
1339	7319
-8964	-6
87	-7332
-1888	-6
-5570	-4890
-9287	-2448
13509	-7332
2405	-2448
15889	-6
15763	12203
-6898	-2448
-3090	-6
15265	-4890
3319	12203
-9507	2436
-918	-4890
-7465	4878
-5827	-6
-11174	-4890
15633	4878
1302	-7332
12904	56157
1144	7319
-2824	19529
2047	-4890
6114	-7332
7733	17087
3569	-2448
15813	-7332
-6331	-2448
8590	-6
3815	-2448
-10724	9761
8783	4878
5376	4878
8012	-2448
11202	-4890
2982	-4890
4834	4878
-10707	-2448
-4158	-2448
2066	24413
10130	19529
-5546	-7332
3681	-2448
16753	-7332
684	-6
-2575	-7332
3387	4878
-11127	-2448
-9486	-4890
9370	2436
17021	4878
-2863	-7332
-10115	-4890
10082	-7332
-9901	-6
-6786	-7332
14292	-9774
1387	21971
5899	7319
879	2436
4184	-4890
-6795	-9774
11819	4878
7962	-7332
2068	-6
-10710	-4890
-11175	-7332
5483	-7332
3248	-4890
2180	-4890
-9422	-2448
-8855	-9774
35788	-7332
-865	-7332
-10258	-4890
1940	-7332
4459	-4890
3357	7319
-11169	-7332
2207	-2448
15879	4878
-9540	17087
1906	-9774
1871	19529
24956	-4890
-71	31738
-6334	7319
-10377	4878
-10090	-6
16571	-7332
-5625	-4890
-10080	-9774
-8263	-7332
-2613	-7332
-7840	4878
-11006	-4890
-6822	19529
17167	-4890
-9343	-7332
2821	-6
-11027	26854
-2275	-6
-10582	2436
-10886	-9774
-10327	-2448
-3799	-7332
4669	-2448
16536	-4890
-9667	4878
-11095	4878
-10141	-7332
-6537	-4890
9056	-6
-6203	-4890
-5976	-7332
891	-2448
-664	-2448
-10614	-4890
-11055	-2448
2529	-4890
-5481	9761
25192	-7332
3309	-9774
-7523	-4890
-8810	2436
2234	4878
49	-6
-3766	-6
14472	9761
15567	2436
15161	9761
-10724	4878
2425	-4890
-8277	-7332
7858	-7332
-11019	2436
-6428	-4890
26	-7332
-1185	2436
-98	-2448
-2895	-4890
-10427	-6
2555	-6
-9648	-2448
3109	-2448
-10990	-7332
-17502	-4890
8583	-6
4037	-4890
15645	-2448
-11057	9761
-5342	9761
-3906	-7332
9534	-9774
-11048	-7332
3075	17087
-10140	7319
15636	-4890
-1305	-9774
-6618	-4890
-9540	4878
-6763	-4890
1137	4878
-8470	-2448
3038	-7332
-11172	7319
15882	4878
16955	-7332
5642	12203
16125	12203
-9853	-2448
14126	-7332
11360	14645
-1130	-6
16668	-4890
8487	-6
-4394	-4890
3124	-7332
-11035	21971
-7789	4878
-6785	-6
-11136	-2448
6368	-4890
5596	-4890
-10707	-4890
-7027	-7332
9169	-6
15742	-7332
2368	2436
2549	-2448
-8315	4878
-5836	-7332
-3864	2436
-2529	-7332
-2616	2436
-9311	-4890
9036	-2448
-6731	-4890
-5862	-7332
-1592	2436
-7292	12203
3242	4878
9346	-7332
16534	-6
-9670	2436
-10245	2436
11297	-9774
4773	-6
-9319	12203
3587	-9774
-3026	-9774
19270	9761
-6317	12203
-10891	2436
-10736	-2448
-8772	-6
-28617	-7332
-10739	4878
-10933	12203
-11119	4878
-7211	-2448
2146	-4890
-11139	-7332
-642	-4890
17353	9761
-10786	14645
5645	-6
4181	-4890
-2026	-4890
6554	-7332
7928	-6
17006	-2448
2405	7319
-10917	-2448
-841	-7332
11938	-2448
-8976	-4890
25218	-6
7836	-4890
-7158	-2448
-4552	-4890
11508	-7332
-10670	-6
7165	-6
-3299	2436
20532	-7332
-9377	-2448
11794	-4890
9219	-2448
3900	31738
7477	-4890
-11162	2436
-5130	2436
-6551	-6
-4023	2436
-2442	-2448
-7160	-7332
-10527	-4890
-11138	-4890
-9971	7319
31	-6
17262	12203
-6779	-4890
-9776	-2448
1908	-7332
2576	4878
-10140	-4890
2458	-6
6147	-7332
16700	-9774
-7407	161157
-9434	4878
-4667	14645
-10251	-7332
-8877	-7332
11364	2436
-434	-9774
-6400	-4890
3794	12203
-9105	-7332
86	-7332
-1933	-6
6295	-2448
-11043	-2448
34830	-2448
-2510	-7332
905	-9774
11480	-2448
7163	-7332
-9047	-2448
-4944	-4890
32492	-7332
2302	9761
10193	-7332
10525	-9774
18686	-6
12652	-7332
-4960	2436
-2869	-9774
3176	-7332
-11163	-7332
-4306	12203
-9910	-7332
2119	-4890
3291	-9774
4363	-6
-5272	-2448
-6402	-6
-36506	-6
-10899	-2448
3588	-2448
2982	43948
13872	-7332
15437	-7332
4917	-6
-9702	2436
11653	-4890
11052	-4890
-9706	14645
-4907	7319
-12879	-6
6301	-9774
8411	-6
-2444	-4890
-2706	-9774
-8915	-4890
10368	-2448
3678	-4890
11283	-4890
13684	-6
-7875	-7332
7438	2436
-8666	-6
-11072	21971
13560	-7332
-10308	-6
-7827	14645
-6773	-2448
-10098	7319
869	9761
10067	-2448
11718	-2448
-6389	12203
3281	-6
4376	2436
-11097	-7332
-8763	-7332
-3784	-4890
-10694	-4890
-11173	-9774
10163	-4890
4805	2436
11194	-7332
-10795	2436
-7416	4878
-10688	-7332
-11160	7319
2360	-7332
-753	-4890
-4831	-4890
10379	-4890
-5923	4878
-4781	-9774
-3786	-2448
17060	-9774
711	4878
-315	-7332
4315	2436
15778	2436
1956	-7332
16800	-6
13359	-9774
-8025	-6
-3610	-4890
16677	2436
-9930	4878
-8623	7319
-10476	-4890
4372	-7332
-5878	2436
-10790	-7332
11785	9761
12179	21971
15162	-4890
3647	2436
5139	12203
-7861	-6
14605	-4890
9306	-9774
-3561	-4890
15926	-4890
-5640	-6
3217	-2448
-5862	-7332
-10140	9761
-7992	2436
34722	-7332
3607	-4890
5417	-2448
16975	7319
24308	-6
-10513	9761
5509	9761
-6552	-6
4610	-4890
-10923	-7332
-9949	9761
2371	-7332
187	-2448
-36924	-4890
7056	-7332
-2098	-6
-8674	-7332
2452	-4890
-4539	9761
-3131	2436
5711	-4890
-7800	-4890
-11166	-2448
6112	-9774
-4878	-2448
-9295	29296
2405	-9774
4364	-9774
-7406	-7332
-10339	-4890
3367	-7332
15839	-4890
-8524	4878
-3718	-7332
-5580	4878
-8255	-7332
16796	-4890
4207	-7332
7873	-6
4179	-2448
1934	-7332
417	9761
-9290	-7332
-29104	14645
779	4878
-3334	4878
4502	7319
-9347	-7332
16788	-2448
-9105	-6
-10997	-4890
5218	-4890
15820	-7332
4197	-2448
6843	4878
-1923	-4890
-2849	-4890
-3140	-2448
-8280	-7332
6534	-2448
2732	-7332
-11026	-7332
-10300	-2448
16388	-4890
3261	12203
16101	-7332
-19533	9761
-5183	-4890
1045	4878
-10967	17087
-5352	-7332
11441	-6
-11065	-7332
1995	-7332
8452	-7332
-3500	14645
8194	-4890
-4306	-2448
-4590	-4890
4756	-7332
2449	-9774
-6034	-6
11638	7319
3527	-2448
-11064	-4890
1196	-4890
3331	4878
3953	9761
11213	-7332
14800	2436
12366	-4890
4375	-6
16137	-7332
8519	-7332
-11118	7319
17411	-9774
14290	-2448
16819	-2448
2175	-4890
-2233	12203
-792	-6
-10803	-2448
-11140	34180
-5861	-7332
-11168	-7332
4322	-7332
23112	-7332
3071	-2448
11226	-9774
10881	4878
14129	-9774
1971	-6
8993	46389
15851	-2448
1844	-4890
-11175	-4890
-2171	9761
5896	-7332
-9473	-7332
-3185	14645
-10667	-9774
-10804	7319
-11080	34180
10892	-4890
6827	4878
-2715	-7332
-10767	9761
-8816	-7332
14131	-4890
-10815	-4890
-6612	-7332
9214	7319
11064	-2448
-386	-7332
-6490	-4890
16024	-9774
1282	-6
-5315	-4890
-3547	-7332
5575	-4890
-2766	-4890
12231	-7332
15930	4878
-8297	4878
6820	-4890
-6552	9761
2553	-6
12209	-6
-4075	-2448
5754	-7332
-11065	2436
-11171	-6
16963	4878
-11101	4878
-933	-4890
15597	9761
7833	-4890
-7232	-7332
-6868	-4890
2232	12203
-2816	17087
16327	4878
4624	-7332
2411	21971
4312	-4890
-4945	-4890
4382	-4890
1595	4878
-2661	-9774
9169	-7332
8111	-4890
-3798	2436
1987	-7332
14854	-2448
-8958	-7332
6500	-6
-10525	-2448
-9157	-6
19	7319
-9713	4878
16398	24413
9147	-6
-2047	-2448
16971	2436
-8872	24413
-10911	-7332
8227	-4890
-9159	-6
36441	-7332
1157	41506
-8703	2436
15029	-6
-10794	-6
-8259	-2448
-9325	31738
-9735	2436
15614	-4890
-684	-7332
20586	-6
8309	-7332
-9638	14645
-10677	7319
-10300	2436
4007	4878
17918	9761
-11174	-7332
-11141	4878
6672	-4890
-9961	-2448
15521	-7332
-10991	-6
-4518	4878
1848	-4890
-9076	-7332
11146	-9774
4382	7319
-11135	-2448
9299	-4890
-4236	24413
11202	-2448
17300	-7332
-1212	-2448
3117	-4890
2089	4878
-10724	-2448
5052	-4890
12582	-6
-11023	-2448
11215	19529
-5311	-4890
-8003	-4890
9263	-6
-10829	-4890
-6251	-7332
7473	2436
8574	-2448
1995	-7332
12092	-4890
15661	-4890
-8045	-4890
-11065	17087
-253	-7332
-8127	-2448
-11175	4878
19567	-7332
5354	2436
69	2436
4170	-7332
-8336	-2448
16736	-4890
-8207	-2448
-11162	4878
8915	48831
-8239	-7332
2173	24413
-11071	-2448
16043	17087
-4187	2436
-10881	-7332
-7175	-2448
-1518	-7332
16613	-4890
-11132	-2448
6730	-7332
19194	9761
-6842	14645
4715	-2448
-7206	24413
-31996	4878
-8998	-4890
-12417	4878
15374	4878
15116	-9774
12094	-2448
-972	-2448
-9342	14645
-9246	-2448
3511	4878
11479	-7332
-6548	14645
-10991	17087
-9136	4878
2646	-7332
-7004	-4890
2410	-4890
-8793	-4890
4160	-7332
-10971	-2448
-8222	-4890
-1932	-4890
767	-2448
-6471	-7332
-8730	4878
-8593	19529
-463	2436
-5808	-6
-11174	2436
16910	-9774
-1230	4878
3553	12203
8657	-9774
-5597	-2448
-11161	-7332
7219	-7332
-6923	-4890
15893	-7332
10393	-2448
3310	2436
-10699	-6
2613	4878
2092	4878
-10272	4878
1962	-4890
-6748	9761
-10541	-7332
-4670	-4890
1032	2436
-5760	-7332
1255	-2448
3056	14645
1183	-2448
12075	-4890
-2027	-6
14125	9761
12938	-4890
2980	-4890
5324	-4890
-6787	-2448
1746	4878
25233	-7332
-10847	-7332
-7840	2436
-9069	-4890
-11145	-2448
4178	-6
16378	-2448
16850	-4890
-11159	-2448
-2425	2436
12639	-2448
2129	-4890
11680	9761
-1590	2436
13614	-4890
-7743	-6
7328	-4890
3774	-2448
-8252	-6
16932	9761
1189	-4890
8229	7319
2077	-4890
3632	2436
-11172	2436
4282	-4890
-8517	14645
16016	-4890
1973	-4890
8013	-7332
11335	-2448
-1449	-4890
9640	-6
-9219	-7332
-7536	-2448
-1140	-6
12404	-2448
-1623	7319
-2656	4878
14797	-7332
-10048	-4890
-4968	-6
11406	4878
-6560	-4890
-834	-7332
16352	-4890
-9923	-2448
2027	-9774
2505	-7332
-8186	-2448
1429	17087
-7607	2436
6803	-4890
7168	14645
15709	-4890
17119	21971
3320	-4890
-10203	-4890
-10960	-2448
-8036	-2448
19969	7319
-11103	-6
4181	-4890
-910	-4890
15538	9761
-31439	21971
-10647	-7332
8650	-4890
-11107	-2448
-2338	-4890
10197	-7332
-10900	-2448
9161	-4890
-6235	-7332
-809	-2448
4088	-6
-6965	-7332
15490	-7332
-2545	-7332
-8129	-2448
-1689	-4890
-3866	4878
-10664	24413
-9948	-4890
13589	-4890
-8374	-4890
1783	7319
8784	-7332
-6008	-2448
-11130	-7332
-7297	24413
-10106	-2448
-301	17087
-3122	-9774
16527	-4890
-7615	-9774
-7343	-2448
1453	-2448
4810	-4890
-2366	-4890
-10847	17087
9518	-7332
6000	-4890
-4509	2436
-6871	-2448
-11049	-2448
-8951	-7332
-10626	-2448
-9776	-4890
-4200	-7332
-5853	-6
16900	-7332
-504	-6
-7013	-7332
-11086	12203
-10884	-7332
-8821	-2448
-8732	-2448
-6755	4878
-3739	-2448
-8413	-4890
38632	-7332
4372	4878
23656	-2448
-10022	4878
-10407	-4890
3208	2436
8891	-7332
4192	9761
-9986	9761
6038	-7332
-7664	-4890
-8014	-4890
12059	-4890
-9324	-4890
-9335	-7332
-67	-4890
14777	-7332
-6639	19529
1236	-7332
-10672	-2448
-7654	-7332
-8564	-7332
3419	9761
-10276	-2448
-9225	-7332
4323	-4890
-4430	4878
3842	-2448
-8568	7319
-10678	31738
-7581	51273
-2810	-7332
-883	7319
-9167	26854
2168	-7332
-10595	-2448
5463	-9774
15827	-7332
-10761	-2448
4025	-4890
13047	4878
-2514	-7332
13105	-9774
-11146	-4890
6283	-4890
-10919	-4890
-8875	-4890
15004	-7332
-4245	-2448
-6668	17087
-11157	-4890
-5649	-6
-6773	-4890
16103	7319
-11171	-7332
-1986	-7332
-10601	-4890
-9201	-4890
-9970	43948
-687	-2448
10647	-7332
15600	43948
3772	19529
16785	2436
-3156	-4890
-7596	17087
-10933	4878
-11013	-2448
-4511	2436
4971	4878
-1990	9761
13740	-2448
1354	-2448
-9257	-7332
-11175	-4890
3176	-6
-6638	-7332
5283	-4890
12784	17087
-9810	-6
-8034	19529
-6382	-2448
-4287	21971
504	4878
-9147	-6
15712	2436
-6964	-6
2211	21971
3116	-4890
-6530	-4890
-10746	-7332
10609	-7332
-6542	14645
16597	2436
15703	-4890
4229	4878
-1405	-4890
-10217	-7332
2844	-4890
-11168	17087
5342	-9774
-1774	9761
-11175	-4890
3930	-7332
11899	-2448
24750	4878
-6579	-7332
8327	-6
7871	-2448
15605	-7332
-7774	-7332
976	-6
3355	-4890
9412	-4890
-9687	21971
-10930	2436
-11024	-4890
-2136	-7332
-754	12203
-7610	4878
-89	2436
-10223	12203
-9115	14645
16041	2436
4312	-2448
1341	-4890
-6032	-7332
5649	-4890
-3644	2436
-902	2436
2203	-7332
-7421	-7332
-11125	-2448
7707	-2448
-6875	-2448
-6412	-9774
-8171	4878
5815	-4890
-7903	-7332
14603	-2448
-6116	-4890
-3170	-7332
7083	-2448
-7490	9761
-7155	-2448
-5956	-7332
16825	-7332
-11100	-2448
3135	-7332
5764	-7332
-8945	-6
-6330	-2448
-2161	9761
-10562	-4890
24875	-9774
16733	-6
8366	4878
2990	-6
-2884	-2448
16401	4878
-799	-4890
6006	-7332
-11153	-2448
7028	7319
2115	2436
9087	-7332
-32445	2436
4551	-2448
-8269	-7332
14050	-6
14411	19529
-11123	4878
-7443	-2448
-6846	-7332
333	-4890
11329	-9774
5196	2436
-10437	-4890
-10828	19529
-11094	-6
3183	9761
2610	4878
4413	41506
-1672	-2448
16221	2436
-6394	4878
11620	-4890
1950	-7332
2488	-4890
-7586	7319
-19802	-4890
-7145	-6
3919	-7332
-1965	-4890
11231	-7332
-20677	-7332
7610	9761
-7687	-4890
-5064	-7332
-9820	-7332
15567	2436
5743	9761
-5562	-2448
13154	43948
-10900	-7332
-24151	-2448
-7484	-4890
-7104	21971
-10993	-2448
5115	-7332
15691	-6
15545	-4890
-3432	-7332
5244	-4890
-8971	2436
2821	-7332
2706	-4890
-9024	21971
-3685	-2448
-10982	-6
6009	-6
-11013	2436
-4748	7319
5653	-9774
-10400	14645
11151	-2448
-1924	-7332
3303	-6
12556	-4890
10324	-7332
-220	-7332
-5767	7319
-11116	-7332
1012	2436
2008	2436
-6037	-6
4254	17087
7677	-6
2554	-2448
-11168	-6
-3543	-7332
1545	-2448
15627	2436
-9621	12203
-3613	-4890
-9457	4878
-211	7319
16889	9761
-8548	-9774
-3130	-9774
2759	7319
417	-4890
11824	4878
3420	4878
15979	2436
-3659	-6
-10890	-2448
-2832	-2448
-3086	7319
-9800	-4890
8818	-2448
-7844	36622
2116	-2448
-10514	-9774
-5709	-4890
-5068	-2448
3498	-2448
-11098	9761
-10455	-2448
15568	-4890
-2497	-7332
-11087	-4890
-11173	-4890
-1986	-7332
5894	-4890
9282	4878
-8561	-2448
-11148	-4890
2677	4878
-5930	-2448
1986	-2448
36869	-6
4249	-4890
-3775	-6
16933	-4890
-11155	-7332
14080	-7332
-2511	2436
-2905	-7332
-1674	7319
-6121	-4890
4224	-2448
-6691	-6
-8947	2436
7301	-6
2322	-7332
1658	21971
-11173	12203
-11027	-2448
-7160	-4890
11642	-7332
-6613	-7332
15542	-2448
-7059	2436
13718	9761
16906	21971
-328	17087
-10947	-4890
3504	58599
15851	39064
3081	46389
-9704	4878
7761	-4890
-4883	-2448
-8557	-6
4420	2436
6873	2436
-9513	2436
9309	-2448
14256	-7332
-11149	-7332
4801	17087
-5604	-4890
9866	4878
-1292	2436
-5163	-9774
3816	-2448
-1969	-4890
-10801	-6
-6601	-4890
7071	-6
3009	-2448
322	-6
7747	-2448
6931	-2448
-9614	4878
37909	-4890
2189	-2448
12249	-4890
-2288	-2448
11120	-7332
-11100	-4890
1801	-4890
1965	-4890
-5534	-7332
1166	-7332
6147	-2448
-9438	-6
17030	7319
-1368	-7332
-3796	-4890
7562	-7332
9747	-4890
-8205	-4890
-6983	2436
-1430	-4890
8820	-4890
-11136	-7332
-4401	9761
-7717	2436
-3078	7319
16729	17087
-1821	-2448
-270	-4890
-11135	-4890
-5723	-7332
-4116	-6
-11139	4878
-11137	-6
-10247	14645
-8785	-2448
-10595	9761
-6786	-7332
15658	-6
-6281	7319
4222	-7332
8947	2436
18534	-4890
-6432	-7332
1446	-2448
-9655	-4890
14161	9761
-1947	7319
791	-4890
15865	-4890
-6961	-2448
960	-4890
17030	-7332
-11152	-9774
2935	2436
-9035	-7332
-11034	-6
-4641	9761
-31336	-7332
-4916	-2448
15810	-2448
4037	-7332
-11010	-7332
6382	-7332
14193	-9774
-7864	2436
17290	-7332
4326	-7332
12190	2436
-6641	-6
10988	-7332
-8794	2436
-11174	-2448
11079	-2448
12025	-6
4529	-4890
4922	-9774
-718	-7332
-6965	7319
12039	-2448
-10306	-6
15061	-9774
467	-7332
3503	-7332
17245	-6
-11066	-6
-7552	2436
920	-2448
9051	9761
-8797	2436
-3398	2436
13240	-6
-8559	-2448
2336	-2448
14704	-6
-11136	-4890
-12420	-9774
-5834	29296
-9911	-6
-3502	-7332
-5467	-7332
-11142	-9774
-655	-7332
13027	2436
-11025	2436
4186	-6
-10259	14645
-9500	-4890
-11130	29296
17053	24413
-5486	2436
-11076	-4890
-8106	-7332
7871	-7332
3773	-2448
-513	-4890
-3519	-4890
-9094	53715
2930	2436
-7512	2436
-10069	-2448
-9567	12203
3653	-4890
-10850	4878
-3112	-9774
-11018	2436
6411	2436
-8255	-4890
-11078	9761
7397	-4890
-9893	-4890
-1725	46389
-10359	-7332
-1670	-7332
-10411	-7332
-10807	4878
7224	-9774
-10612	-7332
4995	-4890
8669	-7332
-4589	-7332
-11046	2436
1951	-4890
-3009	2436
-6190	4878
13224	-6
7461	-6
5656	19529
2635	-2448
-10860	-7332
1698	-7332
2403	2436
-5076	24413
-2377	46389
-9444	14645
-8654	-2448
11489	-7332
-10229	-6
-5470	4878
-10525	-9774
4118	-2448
-10296	21971
-9976	17087
-8647	21971
-9416	-4890
15918	-7332
3923	-7332
2105	-7332
16425	-6
10040	-2448
15762	-6
-2616	-9774
13894	7319
-1842	-7332
8501	-6
-8462	4878
5980	-4890
18379	-7332
16650	-7332
593	-6
-8530	4878
-1934	-4890
-10994	19529
-7565	7319
13944	-4890
10054	-7332
-7303	-2448
-11174	-7332
11937	-6
-3376	9761
219	-4890
-8875	-9774
-3972	7319
2446	9761
-9370	17087
-9241	2436
8628	-7332
11472	-7332
-8678	24413
-11175	-2448
-11096	24413
-10705	-2448
-11028	-4890
-3634	14645
-474	-4890
-22058	-7332
-11071	-9774
16078	-2448
3478	-2448
-6565	-4890
9571	17087
-10637	-2448
-21614	-9774
-7421	-4890
16139	-2448
6805	-2448
2711	-7332
3905	-6
8637	-7332
-8921	2436
6591	-4890
-6167	29296
-2376	-2448
-8005	-6
16135	4878
-11120	-9774
-10059	-2448
11772	-7332
16714	2436
2605	-2448
-7667	9761
-10866	-6
-6977	-7332
-10413	9761
-34136	-7332
1974	-2448
8160	-7332
15562	-7332
-9603	-2448
-3680	-4890
1956	-2448
-7869	2436
4383	-7332
-10447	-9774
-10287	-4890
-10972	-4890
-1404	-4890
-6546	-9774
16193	12203
-7931	-7332
15230	-4890
3717	-4890
-10992	-4890
-11164	9761
17092	-4890
-8604	21971
-9669	-6
-9505	-4890
-4537	-9774
-2066	-7332
-5926	-9774
-10264	4878
-11152	9761
-6425	2436
-10151	14645
-8457	9761
-32561	4878
12402	-2448
6046	-4890
-4581	-7332
-4713	-6
16625	-4890
16818	-4890
-11174	12203
2200	-9774
13404	4878
-10231	12203
-5228	-7332
2659	2436
-5169	2436
-35772	12203
-8567	36622
17366	-2448
8910	-7332
2646	-2448
-11168	4878
-8715	-7332
-10219	-7332
-4634	-4890
10747	-2448
10834	-6
4687	-2448
9101	-7332
-11158	-7332
2190	-2448
17048	-4890
-7267	2436
-10498	-4890
-31511	-6
4267	-4890
16478	4878
-2948	-7332
1991	-7332
-10901	-9774
-6617	-7332
-951	-6
-9032	-6
4157	12203
-10571	-4890
-11163	4878
2239	17087
15721	-2448
1030	2436
-7008	-7332
12661	9761
-9178	-4890
-4554	19529
534	-7332
-10242	-2448
-5792	-4890
17057	-7332
-11164	-6
15236	-7332
10672	2436
-11149	-4890
3504	-2448
4730	-7332
16246	-6
-7468	-6
16052	-7332
-23318	-2448
-5835	-7332
12276	-4890
-10374	-2448
10873	-4890
2936	39064
-679	9761
-3041	-2448
-8357	2436
-3856	-2448
10459	-6
-6752	-9774
-4493	-9774
-1039	4878
-10944	-2448
2035	2436
13225	-4890
-5158	9761
6236	7319
-822	-7332
19303	7319
9530	-7332
5505	-7332
451	-4890
-7676	-4890
15819	-4890
-11067	-6
-4668	-2448
-3638	9761
-11172	-7332
-9509	-7332
2366	-2448
8471	-2448
3187	-2448
-10789	-7332
-10676	14645
-11153	-7332
2542	-7332
-3803	-7332
16897	9761
-8517	12203
-10155	-9774
-9091	-6
10145	2436
396	-2448
6057	-2448
14765	-6
5503	-6
-7212	7319
-5777	9761
13285	-6
-10873	7319
2226	-4890
-7392	-7332
12386	-7332
-9228	-2448
3338	-6
-10937	-7332
2124	14645
-9991	-4890
-35	-6
14612	7319
4380	-7332
15794	2436
-4170	7319
2483	9761
-8157	-4890
2311	7319
-7272	2436
-9476	2436
-11054	-6
-8754	-2448
16360	-7332
-4296	-6
8605	-7332
14651	-4890
-8310	-4890
-8706	14645
-1480	14645
17040	-6
13159	7319
1975	-7332
-11150	2436
-6388	-4890
1189	-4890
6257	-2448
-11095	-2448
-5948	-4890
-10738	-4890
-5827	14645
-11171	-2448
-1356	7319
15550	-6
-9145	-4890
15086	-4890
-10377	-6
-4399	-6
-67	-4890
15538	9761
18949	-6
-7343	-4890
-11055	2436
2918	-9774
16995	-7332
10071	-7332
15522	-4890
3853	-9774
-11157	-4890
-554	-7332
-11170	-7332
-2918	-2448
-12486	7319
-6089	9761
-4846	2436
2439	-2448
3161	7319
-9201	-6
-9140	-7332
1786	-4890
10558	12203
-10945	-7332
13572	-7332
-22498	-7332
24202	-4890
17228	-2448
8383	-7332
-36731	2436
3468	-6
1989	-2448
-4247	-9774
-6262	-4890
-5777	-4890
15676	-4890
2388	-4890
17015	9761
2885	-2448
11641	-9774
-4964	-7332
2909	-9774
2246	2436
-4023	4878
-1893	2436
-21356	-4890
7030	14645
-9490	7319
11940	-6
-11138	-2448
-10516	7319
9731	75692
-11160	-7332
8928	-7332
1999	-4890
-10926	-4890
7	-7332
-10483	-7332
4238	-2448
-10993	-7332
-2402	-2448
-11143	-6
-11175	21971
4383	19529
280	-2448
-5376	-2448
-8594	-7332
2822	-6
-9807	-7332
-11026	-7332
11474	-6
-7210	-2448
-5474	-4890
3663	-6
-11149	-6
-10385	-4890
17307	-2448
-10930	4878
1079	19529
3778	-2448
-3408	-7332
13768	-4890
8461	-7332
-10065	19529
536	12203
10656	4878
-8377	-9774
2185	-7332
-9061	12203
-2880	14645
-6161	-6
25090	-2448
-10114	-2448
-7415	12203
8738	-7332
2003	-4890
4388	-7332
-785	-9774
3494	-4890
-3507	2436
6661	-7332
411	-6
1743	-2448
-8163	-7332
13177	-4890
4799	-2448
4292	-6
21077	-9774
4528	-6
-1979	12203
4037	-7332
-9921	-9774
-702	-4890
-10484	-7332
10619	21971
-10710	-7332
3728	21971
14186	2436
14037	2436
-9735	-7332
30974	-7332
-11122	-7332
13471	-2448
-10050	-7332
7533	-6
-11091	-2448
187	-6
-9853	7319
-4079	7319
8041	-2448
-10909	-6
2263	-4890
-10250	-7332
5345	-2448
7408	-6
10151	2436
17020	-6
1658	2436
-7266	-2448
11680	-2448
4151	-6
9196	14645
16975	-7332
-4281	73250
-8317	4878
1964	2436
3310	7319
11691	-2448
1704	-4890
17352	4878
1117	-6
-10285	-4890
19197	-2448
8586	7319
-1817	-7332
12507	-6
-10981	-6
17055	-7332
-7096	-4890
-10410	-4890
-378	-2448
1913	-9774
984	-4890
2901	7319
13725	-6
-10620	-2448
-9782	-2448
1460	7319
3817	-4890
-1819	-7332
13883	-2448
-10983	-6
-10581	4878
-10920	14645
-11086	7319
3591	4878
-7995	-7332
-5644	-4890
-11175	-6
-7649	-6
-1788	-6
-2906	4878
3522	2436
-424	-9774
1834	-7332
1129	-2448
-11135	7319
6032	2436
-1768	-9774
1507	4878
-7762	-4890
12925	-4890
-10862	-4890
3627	-4890
1987	-2448
1702	-7332
8998	9761
-8177	-4890
15795	12203
12638	-6
-10511	63482
-6032	-4890
-5524	17087
16358	-6
-10854	-9774
-3893	-4890
-6048	-7332
3747	-4890
-621	9761
-10972	4878
-8009	-4890
-10562	-7332
587	2436
-10321	-4890
2664	-2448
12079	4878
19439	4878
-10666	-4890
1489	-2448
-10121	-4890
-8312	21971
16898	-4890
-8181	-6
-5148	-4890
-8012	-7332
2674	-7332
-17860	9761
-10939	-6
16152	-6
-9450	14645
2334	-2448
-8166	19529
10885	31738
-8330	-4890
-7857	-7332
-1744	-4890
-1350	7319
16165	-7332
-7340	-4890
-11143	-4890
14159	-6
2436	-9774
2044	-2448
-11121	12203
12030	-4890
14437	-9774
-3929	-4890
-1275	-7332
8265	-4890
-6787	-2448
-10904	2436
12513	29296
939	2436
-7519	-4890
-8805	-7332
-8467	-4890
-9414	17087
2269	-2448
6758	-4890
38752	-7332
-10962	29296
2959	-2448
5284	-6
11908	-4890
-3699	-4890
-9078	-7332
-603	-9774
14776	2436
94	-4890
8766	2436
15843	-4890
-8851	-2448
-7450	14645
4454	4878
-11164	-4890
-10364	-4890
13365	-7332
13921	-7332
2113	-7332
2588	-6
-6800	-4890
-8495	17087
270	-4890
-118	-2448
-9702	-7332
-4953	-4890
-6221	-4890
-6697	-6
-10821	43948
6187	-7332
-10879	-6
-1228	-7332
11597	-2448
-964	-6
-10988	-9774
5837	-7332
1988	-7332
-10956	12203
24999	-7332
4339	-9774
6837	-7332
-9802	7319
15317	-4890
-9473	-6
4114	-4890
5043	2436
4354	-4890
17054	-7332
5510	19529
2091	-7332
11288	-7332
-11106	7319
13275	-4890
3849	-2448
8720	-4890
4686	7319
2139	-6
-11170	-2448
-6631	-2448
10113	-2448
-11172	-6
2081	-7332
-1373	-7332
14893	-2448
4720	-2448
12486	-6
4363	-2448
-4546	4878
-10406	-2448
15078	-4890
-7635	-9774
10423	-2448
-7891	-9774
-10901	-4890
2006	-6
38699	9761
-11016	-6
9022	-7332
24015	2436
10171	-7332
-11075	63482
-8545	-4890
2547	2436
15695	2436
-36704	-6
-539	-7332
-11173	-2448
-8840	-6
-10422	2436
2401	-7332
13812	24413
13280	-2448
2803	-2448
2302	-4890
-11061	-6
-743	-7332
24391	7319
4818	-7332
-6652	-4890
-11155	-7332
-2145	2436
-7305	-4890
-7010	-7332
19630	-2448
4371	-4890
-9375	2436
12861	-4890
3412	21971
-6133	-2448
2439	34180
16190	-2448
-9718	-9774
-2781	4878
-9803	-7332
-11156	-4890
17060	9761
10610	-4890
17041	2436
-772	-4890
2680	7319
4204	-2448
3153	-7332
-6545	-9774
13277	-9774
-11060	4878
-7648	-7332
-8984	9761
-10607	-4890
-9948	-4890
12352	-4890
8240	-4890
-26646	-9774
-6124	-4890
3407	-2448
-10185	-6
-8416	4878
23631	-4890
16424	-2448
2617	4878
-5699	-2448
-3094	2436
-10418	-6
424	2436
-11085	-4890
-10945	-6
-7659	-7332
-8776	-4890
-7341	-4890
887	-6
16943	-4890
17367	2436
3562	-2448
-9452	17087
4408	2436
3490	2436
16362	-2448
11095	29296
-10360	2436
-9593	-4890
-9286	-4890
17652	9761
10559	-7332
-3541	-7332
14264	-6
2238	-2448
2163	-4890
-10456	-7332
-17199	-7332
-9394	-2448
7383	-4890
-7357	-2448
-10836	2436
-9447	-4890
-11078	7319
-11174	-9774
-4016	17087
-2678	39064
17063	-6
-11145	2436
-4064	-2448
15927	-9774
2939	-4890
12704	-7332
16357	-6
-1660	-7332
14386	-7332
-9980	2436
-10094	-7332
20297	4878
4278	26854
-3306	-9774
-7952	-6
-2783	-2448
7267	-7332
-10730	-2448
6200	-2448
1977	2436
-11110	-4890
3216	-7332
-10373	-9774
5803	-4890
4355	4878
16702	-6
-10817	-9774
-2427	17087
-4764	-2448
-7949	-7332
16408	-9774
12991	-6
-7768	-7332
16692	17087
-9286	-4890
-13427	-6
-8372	14645
-8614	2436
4377	-9774
13582	-7332
15625	-9774
1760	-7332
14851	-2448
-5818	-2448
-10193	43948
2758	-7332
5336	-6
-7376	-6
-9882	-2448
-10916	2436
13588	-2448
-4970	4878
-10493	-7332
2491	-4890
17150	-7332
3025	-7332
-9682	-2448
-10867	-2448
3565	26854
3410	-2448
-5263	29296
-10376	-6
-4288	36622
-10176	-4890
20424	-2448
15552	-4890
-10555	14645
4973	-2448
-10238	-4890
15463	-9774
4428	-9774
-3048	-6
-7602	9761
-2338	-7332
-10049	-9774
10505	7319
-11165	-4890
-11154	7319
1726	4878
-9218	-4890
-4812	-9774
13939	-7332
-10864	-7332
-9406	-4890
-10421	-4890
1432	7319
-7300	-7332
3675	-7332
-9343	-7332
14797	-4890
1315	-4890
-5756	-2448
-11152	-6
4566	17087
-4305	-6
16530	-2448
17049	-2448
2574	-6
2028	-7332
-9131	-4890
10248	4878
-11175	-4890
-9475	-7332
17319	12203
-11161	26854
-11174	-2448
-7016	-4890
-11172	9761
-4482	9761
-6175	-7332
17778	-4890
-6176	-2448
16698	-7332
1883	2436
-5470	2436
-10865	-6
671	-4890
-9148	-2448
-10902	-4890
-2956	-7332
-10021	9761
-10909	7319
-11175	-4890
11003	-2448
2925	36622
912	-2448
-9263	29296
-10954	-2448
-6362	-2448
1956	-9774
-4889	-2448
11063	-2448
-9406	-9774
-8475	-7332
7407	14645
9866	9761
-10501	-7332
-3327	-7332
-6365	2436
10826	-2448
2409	-4890
4147	-4890
9562	-4890
-10033	-2448
14679	-6
-6359	-6
1952	-7332
-9480	-7332
14744	-4890
-10214	-4890
-9900	-9774
3344	9761
2169	-7332
1180	34180
556	-6
-3729	-4890
-5431	51273
-10028	-6
3165	17087
-4862	-4890
3529	-7332
14389	-4890
-5199	-6
-4923	-6
-3400	-9774
2864	-4890
1129	-9774
16518	-7332
-715	7319
11015	-4890
-9278	-7332
10956	-7332
-9937	-7332
-5092	7319
13179	-2448
-10965	-9774
-10145	17087
-7518	-9774
-4269	-6
-6856	4878
3538	-6
-8961	-7332
11061	17087
16305	-2448
-11117	-2448
-11167	-2448
-10787	36622
-6085	-4890
-11044	-7332
12144	2436
-9429	-4890
-7572	14645
4430	2436
-10646	-2448
-7126	2436
-515	-7332
-10695	7319
-1284	7319
-4151	-9774
-7632	9761
-11170	-7332
-11107	-4890
3340	-6
17028	-4890
-10939	-2448
-6273	-2448
-94	-4890
-11048	7319
12112	-2448
15006	2436
-2554	-4890
-4355	-7332
13069	2436
-6511	-2448
2310	-9774
2364	-4890
6453	-4890
-10697	-4890
-4143	-7332
-8766	9761
9691	-2448
2095	-4890
2053	7319
-5505	-6
2101	-7332
14714	-4890
16052	-4890
-6850	9761
2485	-2448
-11004	17087
-11174	-2448
14401	7319
-10573	-2448
14676	-2448
7418	-4890
10901	-9774
-4043	-9774
6275	-4890
-3554	7319
-2505	-4890
-7312	2436
-10677	-4890
-9444	-2448
-9847	-2448
-6913	-4890
-11145	-7332
-6065	2436
2646	2436
5683	-7332
13580	2436
33230	-2448
-10596	17087
1230	36622
3387	-4890
2965	-6
13985	-7332
-2784	-6
3391	-4890
-2719	9761
-7566	-4890
16627	-7332
2332	-4890
3286	-7332
12830	-4890
-10451	-4890
9556	2436
-8150	-7332
9658	-2448
15895	14645
-1791	7319
-7563	-7332
4919	-4890
-5775	-4890
-7305	17087
5348	-2448
-7626	-4890
-10517	-7332
-2557	-6
4744	-6
-10916	-4890
-11171	-4890
15630	-4890
20728	17087
-5110	-7332
-2759	4878
13836	-2448
-11155	-2448
-8468	-4890
-9314	-6
12206	-4890
-11174	26854
-8278	-4890
3601	-9774
4779	-4890
7674	-2448
16185	-4890
7385	9761
-8015	14645
-10064	7319
2231	2436
76	-4890
-5131	-4890
-9025	2436
-10360	9761
15269	-7332
2125	-4890
3847	-4890
1723	-2448
7808	2436
-3777	17087
6255	2436
5228	14645
-10015	17087
10368	-6
10743	-4890
11540	-4890
-11724	9761
18182	-7332
1055	-9774
-3069	-2448
5284	-7332
2251	-2448
13107	-2448
-8593	-7332
10607	-6
-9879	-9774
-7766	12203
-8639	-6
8327	-7332
-10525	-7332
8432	-7332
-11171	2436
9734	29296
-6585	-4890
17402	-7332
2528	-7332
-6010	-2448
-1986	-6
2113	-2448
-10207	-4890
4102	4878
16693	-9774
10883	-7332
17031	-2448
-8101	2436
2595	-2448
6847	21971
2690	-6
-3498	-4890
1960	21971
-25005	-9774
6464	9761
-7711	9761
-10530	-4890
5801	-7332
-7436	-7332
1950	9761
-9656	9761
-2858	-4890
-995	9761
2423	-7332
-905	-4890
10732	-6
-10257	-4890
-7927	29296
1002	7319
17390	-7332
-7960	-4890
3039	-4890
-9878	-4890
12752	-7332
-9111	12203
-11094	-4890
-7296	-9774
5412	-7332
-9355	-6
-6486	-7332
-35792	-7332
-10119	-9774
16728	-7332
-1175	2436
2106	-2448
-7249	4878
-9263	-4890
-10001	56157
-546	2436
2962	-7332
-8082	-2448
-10123	2436
-10872	-7332
2966	9761
2410	-2448
7241	-2448
-4894	4878
16082	-7332
-2212	-2448
-11113	-2448
-5029	-2448
2488	-6
-1947	4878
10439	7319
7113	-6
2216	-7332
20700	-2448
34818	2436
-7389	-2448
2130	-2448
-21650	-4890
1996	-6
-4446	-6
6720	-7332
1955	-7332
5452	-6
-9992	-6
-8180	9761
97	-4890
15963	-6
16459	-7332
3153	-4890
-2635	-2448
-11030	-4890
-10116	-7332
-11024	-6
-11104	-7332
-10472	-2448
-8454	-6
-8511	-7332
11095	-6
-5254	2436
-9788	-2448
-6880	-2448
-1429	2436
3160	-4890
-3189	-4890
-7810	-4890
17063	-4890
-10782	2436
789	-9774
-542	9761
-11040	4878
-6847	-4890
4957	-7332
-10515	-4890
-11148	-4890
4133	2436
-6248	4878
2942	-7332
-10909	-7332
-3751	4878
-2661	-6
-7753	-2448
949	-7332
6068	2436
22660	-4890
15142	7319
22572	-4890
16757	-2448
-3320	-7332
6675	-7332
16169	2436
-4709	34180
-9860	78134
-7995	4878
15564	-7332
-5	4878
14925	48831
-11173	-4890
-9023	-7332
-7813	-6
-6311	-6
-2275	-4890
-5237	-7332
7937	-6
-1734	-7332
1949	4878
10346	-4890
14069	-4890
14740	-4890
3086	-2448
-11058	-6
15570	24413
-8959	-6
1393	7319
-10150	-7332
2705	7319
-7528	2436
-1373	4878
3363	-7332
-11085	21971
-2740	-4890
-1474	-2448
-1169	-2448
-8113	-4890
14377	-9774
16594	-4890
5001	-4890
-10360	-2448
-5954	2436
-10996	-4890
-10374	-9774
17043	-7332
3450	-4890
4448	-2448
-9400	14645
-10446	-4890
15925	-9774
-3193	2436
-11131	-4890
19084	-7332
16376	-7332
-10040	-7332
6448	-7332
2083	-7332
-5744	-7332
-10862	-6
2769	-2448
-10871	-4890
-9469	-7332
12341	9761
-10800	2436
434	-4890
2500	4878
16845	-4890
4103	-7332
-5417	-4890
4415	2436
-9832	-4890
-6327	4878
-1661	-7332
-3694	-4890
-4179	-6
-2535	-9774
-1247	9761
-2625	-7332
-4217	2436
-2379	-2448
-11169	-4890
-9959	-6
-1675	-2448
16200	7319
-17825	-2448
9749	7319
-5927	14645
16042	9761
-10639	-6
4173	19529
2822	-7332
-11087	-7332
-7343	-4890
15628	-2448
-11144	-2448
-2614	-6
15868	-2448
1214	2436
-10681	2436
676	-4890
-5856	-4890
-10964	-7332
-1346	-7332
3904	-2448
15598	-4890
10859	-4890
3208	-6
584	-2448
7594	-7332
-10873	-4890
-1509	4878
-9531	-4890
-5793	-7332
-17305	29296
283	-2448
17425	-9774
-5257	-7332
-5066	14645
-11162	-7332
-13789	-4890
-7200	-4890
-7538	-7332
2112	-4890
4091	-9774
3028	-7332
16544	-7332
-9170	-9774
2504	-2448
14425	-7332
-9681	-4890
-6775	-2448
-8218	-6
2256	-7332
-4955	4878
1019	-6
15741	-2448
2890	9761
-5563	-6
-10983	-2448
1321	9761
4146	14645
-10657	-4890
-8778	-7332
-413	-9774
22858	-2448
-6398	-4890
-10932	-4890
16548	-4890
14061	2436
-673	2436
-6848	-4890
1959	-2448
-4349	-7332
2827	-6
-8845	9761
-33313	-4890
6680	-6
-11170	-7332
-10129	-7332
-7633	2436
1435	7319
16825	12203
-7260	-6
-5375	2436
11957	-7332
3034	9761
-10471	-7332
-4548	-2448
-8061	-2448
-1601	-6
3286	-4890
-9179	12203
-6731	4878
1865	-2448
5217	7319
-9075	2436
-8238	31738
-5451	-4890
5716	-7332
-10642	-2448
-10968	14645
-10306	-4890
11410	-4890
-1681	-4890
2771	-6
14779	-6
-10735	7319
-10771	4878
-8499	-4890
15992	-9774
3815	51273
-1066	-2448
4573	2436
-11134	-6
-8271	12203
-4007	-4890
-7449	-9774
4383	17087
11118	-4890
-548	9761
-2580	-2448
-7021	12203
-2260	2436
-6684	24413
3564	-2448
15115	4878
-8145	-6
1726	-7332
3426	-2448
-3858	-6
8213	-9774
1948	-7332
-8287	14645
-11061	-4890
-95	-4890
-1647	-6
-10299	-4890
14895	-6
-10518	-9774
-11086	7319
-8055	34180
-11095	4878
-9195	-7332
700	-4890
-9751	-4890
-10286	-4890
25281	-4890
3182	-6
-9971	-7332
-2480	-4890
-2967	7319
-11123	24413
13636	7319
18208	-9774
-3391	9761
3461	-4890
-10082	-7332
-10866	12203
-11035	7319
-1838	-4890
4977	-4890
12765	2436
-11162	-7332
-8963	-4890
-447	2436
-5210	-6
-9620	-2448
-2771	-4890
412	2436
16465	4878
8621	2436
-9848	-7332
-5200	4878
3715	-4890
2049	-4890
-8769	4878
-10561	-6
11191	4878
-10678	-7332
15645	48831
-1586	-2448
-8088	-7332
-3951	-4890
10366	-9774
3707	-2448
-11163	-7332
-2892	58599
-10394	-2448
-7902	-4890
-7042	-4890
-8112	-9774
2016	19529
-1823	-7332
-3990	-4890
10225	-6
-11114	-4890
-9019	-9774
15543	-9774
13860	2436
2082	7319
-2844	-2448
-11169	4878
9519	-9774
5355	-6
-6343	-4890
16795	-7332
-3748	19529
-3040	7319
11728	-7332
-10910	14645
-6553	-4890
4389	-2448
-9941	-7332
-3981	-4890
11322	-4890
3897	-2448
-8528	-6
17365	-9774
10975	9761
-9919	-6
-32639	-4890
-2351	2436
-10001	-7332
15533	-7332
-2075	-4890
1773	-7332
17306	7319
-10309	-4890
-10304	-6
1233	-6
-7769	-6
-10791	12203
16185	9761
-1231	4878
-10448	4878
-5738	-7332
3915	-4890
-8450	-9774
13288	-4890
3416	-2448
6795	-4890
-7996	-4890
5387	12203
3863	-6
-10286	21971
-1308	2436
249	2436
-10215	-2448
38271	-7332
-11058	-2448
8181	-4890
-7951	-7332
6330	2436
5551	-2448
9337	-7332
-3174	-4890
-9076	-2448
588	-7332
-4615	9761
-7549	-2448
-7995	-2448
-4824	-7332
12846	-2448
2256	-4890
31515	17087
4171	-2448
2873	9761
12737	-2448
-6304	17087
11115	-7332
-5196	-2448
-467	-2448
10602	9761
-2221	34180
16396	2436
354	-2448
-8619	-6
-9956	12203
5742	-6
-10228	-2448
16670	-2448
-10731	7319
5203	-4890
-4296	-2448
13911	-7332
7334	19529
14644	-4890
1551	2436
-2168	-7332
-11120	-4890
17330	12203
8777	12203
-11172	2436
9153	2436
-9579	12203
14349	-7332
4127	-4890
-2864	-4890
-5868	-2448
-10597	-2448
-2485	4878
-25137	-2448
1322	-4890
-3618	-2448
-10453	-4890
-8721	-4890
-7836	-2448
-4004	-9774
-10911	-7332
-11158	-7332
15406	21971
11162	2436
-10125	19529
-5419	-7332
-6770	-9774
-9624	-2448
15496	-4890
-2724	-7332
-9201	36622
-3209	17087
-8391	4878
-5024	12203
17415	2436
10484	-2448
-3761	-2448
4233	-2448
18083	-6
-10638	-6
-6224	-6
1948	-9774
-11175	-7332
16167	-7332
7699	-7332
-7929	4878
3772	-4890
-8070	2436
16104	-2448
-10279	-7332
-5785	-4890
3999	-6
-7209	7319
3249	29296
17067	-4890
-10812	4878
-10176	2436
2199	2436
787	-7332
-8827	2436
-5096	2436
-10996	-4890
-6787	-4890
15956	-2448
-3919	-7332
16652	-4890
-5025	-7332
3908	-2448
4541	-7332
-11024	4878
16098	-4890
-11153	24413
-10985	-9774
-8595	4878
-10874	-7332
17015	4878
507	-4890
-4023	-7332
9375	-2448
629	-4890
16316	-4890
16923	-2448
-1722	2436
14276	-6
-7080	-4890
-9511	-2448
-7858	-4890
-4257	-4890
10097	-4890
2735	-7332
-3047	7319
4145	-6
-10107	9761
-8912	-4890
1848	-7332
2004	-4890
-4341	-7332
3341	4878
1967	-2448
-10741	-7332
-1862	7319
3170	-2448
15606	-4890
-6215	-4890
22787	-4890
-11089	-2448
2034	-2448
-10403	-2448
875	-4890
16339	21971
16886	-4890
18959	-7332
4100	-7332
6824	7319
17268	-4890
10565	-4890
924	12203
-14569	-7332
3576	-2448
1753	-4890
-11068	58599
17066	-9774
15917	-4890
-4125	-7332
-8477	7319
-929	-2448
-7203	21971
16807	2436
-6971	2436
-11153	-2448
-10260	-4890
-7457	21971
-3047	2436
16139	-6
3104	-7332
-10887	14645
-3728	-9774
-10903	-2448
5218	12203
20888	-4890
7326	21971
-4312	-9774
1431	4878
-978	-7332
5289	-9774
2882	-6
2401	-7332
-195	2436
-4643	-4890
11623	-7332
-10307	12203
-8568	4878
-10000	-2448
-7105	-2448
5543	-6
8625	-7332
-6071	12203
-4346	-4890
-1419	2436
-11076	-4890
-222	21971
5284	-2448
8825	-4890
-54	-6
-8967	-7332
-8326	-2448
-8436	-7332
-24489	-6
8726	7319
-6652	-6
-870	14645
3240	-2448
16646	-2448
4260	7319
1998	-4890
5298	2436
11808	-9774
369	-4890
-5615	-6
3227	-6
-8793	2436
-9236	-2448
-5167	-7332
2195	9761
17068	-7332
4990	51273
9653	-2448
15927	-7332
-3967	-9774
1960	-6
16693	-4890
-11109	-7332
16511	-2448
-8490	-9774
-11175	-7332
-6170	-4890
-1290	-7332
22676	7319
-8415	-4890
16521	-7332
-5950	4878
-11162	-4890
14828	-2448
17147	-7332
16663	-4890
-33678	-7332
14086	-7332
13184	48831
-5142	-4890
25401	-2448
5000	7319
15497	-7332
-9302	-7332
-2474	-4890
5710	2436
21979	-7332
6406	-4890
-7858	2436
12035	7319
11183	4878
-9112	-4890
-8713	2436
-7955	-6
-3838	4878
-10112	-7332
-4679	-6
-9961	-2448
-10798	7319
3592	-4890
9371	2436
-9669	-7332
-2904	7319
-9818	-2448
2963	-4890
-5564	51273
9142	-4890
16886	2436
3629	7319
-6516	-2448
2934	-4890
-9119	4878
-10552	-6
8774	9761
17048	-4890
11561	14645
-6270	-6
-7912	-4890
-9491	-6
-5515	4878
-6209	7319
9802	-7332
-10655	-4890
-6127	-7332
25491	-7332
-10952	4878
-8411	-2448
-7369	-7332
3139	-4890
-10643	-7332
12696	-2448
6337	-2448
-11155	-6
-3194	-9774
9705	-6
-10243	-4890
15616	-7332
2224	-2448
-5676	-7332
10064	4878
15994	-7332
3668	-9774
-58	-6
-8822	-4890
-10572	-7332
-10035	-2448
3524	-7332
-6690	4878
-11173	-4890
-5672	-6
-11104	4878
-10388	-4890
17418	-2448
3465	-7332
-5047	-4890
15299	24413
-10512	-4890
-11081	4878
3284	-7332
-11167	-9774
-2649	-2448
1482	-7332
1949	-7332
-7692	-6
-23896	7319
15270	7319
7242	-4890
4235	-6
6676	14645
11688	73250
13336	-7332
-7575	2436
-6545	-2448
4570	-4890
-2980	-6
-10779	-6
12409	2436
14559	-4890
10161	31738
11493	-7332
6796	-9774
3097	4878
-9326	19529
-8969	-7332
16008	-7332
3453	2436
1980	-4890
891	-4890
-10066	4878
702	2436
-3086	-9774
10978	-7332
10825	-2448
11896	-6
-7078	7319
-8482	2436
-6145	2436
5785	7319
5041	2436
-10289	-2448
-11086	-2448
-11154	-7332
24994	2436
10481	-6
15597	4878
-6784	-2448
-4522	-2448
10579	-4890
3625	7319
-4982	-2448
-4853	-7332
17198	-2448
-1409	-6
16852	-6
6618	2436
8021	4878
-10598	-9774
7181	2436
-9480	-7332
-8613	-4890
-1508	21971
3904	-6
-7141	-4890
-9013	58599
-6747	-2448
16187	2436
-9973	21971
-11132	-2448
11685	36622
1364	-7332
1821	-7332
-9719	2436
4594	-6
-24509	-7332
-4694	-7332
3877	-7332
149	-7332
-9896	4878
4339	-7332
16434	-7332
-11115	12203
-8216	7319
16933	-7332
16521	9761
-1338	43948
-9312	-6
12088	9761
-4689	-4890
655	-2448
-11146	-7332
-9803	29296
-1495	-6
-5448	2436
6215	-7332
2383	-2448
-4885	-7332
-10920	4878
16050	-7332
1676	14645
-11164	4878
8356	-4890
9802	-7332
-11175	2436
17062	-9774
-7323	-6
15659	-6
14562	9761
-1244	-6
-3722	4878
-8283	-6
8661	-4890
-10969	-7332
-7534	36622
16422	-6
9787	-4890
16998	-7332
-11143	-4890
16528	-7332
-9722	-7332
-6076	100111
-840	-7332
-6146	-7332
-9594	-2448
-5758	-2448
-3117	-2448
6277	-7332
-708	-7332
-5446	4878
-6877	4878
15525	-7332
-5380	2436
16896	-2448
2601	-7332
-10822	-9774
10573	19529
-7772	-7332
3840	4878
-10707	-7332
-1047	-6
-7728	-7332
4985	-6
7104	-2448
3104	9761
-9071	-9774
13622	-6
10287	9761
-9135	-7332
9634	-7332
-7648	2436
16031	-9774
-3850	2436
12999	-2448
15875	2436
947	-2448
-11153	-6
-10554	-7332
-10309	-7332
15997	-7332
-10641	-4890
5141	-7332
4899	7319
6813	-6
3269	-7332
-1916	-6
-7448	-2448
17396	-7332
-9527	-2448
-6933	-4890
-11172	31738
-10956	14645
-10651	2436
-6828	7319
-5725	-9774
5490	-4890
-2315	-2448
-4137	-6
9282	-6
-6304	24413
15788	-9774
17891	4878
-11098	-4890
2182	-7332
17055	-6
-9828	-4890
5114	-2448
-6308	-2448
5555	-7332
-9831	31738
-4917	2436
-1037	-6
-9901	-7332
3966	-4890
-10523	-4890
13698	-4890
4121	-4890
-10074	-4890
11328	4878
-3368	-4890
-7072	-2448
5900	-2448
-11168	2436
-11038	7319
3506	-6
15566	-4890
-1361	-4890
-8533	-4890
5053	-2448
3695	14645
-2450	4878
-10494	2436
-9057	-6
-1096	-2448
-9324	-4890
38541	-7332
-10242	-6
-2191	-2448
-6950	-7332
-6271	2436
-1499	-6
3303	-6
6551	4878
3840	9761
-10402	-4890
8657	-2448
-11105	-7332
-8572	-7332
8365	-7332
-5183	2436
11305	-4890
2206	-4890
14236	-6
2274	-7332
-7401	-6
-8073	9761
-417	-7332
15626	-2448
2004	2436
-9153	-6
-5240	2436
-10295	2436
-7646	-6
3176	-7332
2956	4878
-4190	-7332
-11132	-7332
13884	-6
3548	-7332
25513	-4890
5936	-6
2379	-7332
-8389	-7332
8979	12203
-4720	29296
-11080	-2448
-8692	2436
16943	-2448
-10935	19529
-3770	2436
3311	-7332
-10487	-6
17017	7319
-11173	7319
-8554	-9774
-3366	4878
-5843	-9774
10134	7319
-9134	-2448
9968	-7332
-2723	-2448
5384	-4890
13048	-7332
6284	14645
246	-2448
8580	-7332
-8104	-6
-83	2436
12012	21971
-11093	-2448
-10900	-2448
-790	-2448
-2195	-4890
-10644	24413
-9540	9761
15710	-4890
-3720	31738
7718	-2448
13470	9761
-10383	-7332
8752	-7332
-5557	-7332
-9997	4878
16835	-9774
-155	-9774
4239	2436
4383	14645
83	-9774
-28811	-4890
2043	12203
9204	2436
16236	-7332
2766	4878
-5023	4878
-5677	-7332
16818	-4890
16215	9761
8551	-7332
-4783	-7332
18982	7319
11539	-6
-10992	-4890
16017	7319
-2020	-4890
20553	-7332
-6120	2436
3286	-4890
-509	-7332
2133	9761
10726	-4890
-10411	4878
-9830	-4890
15460	-4890
-6620	2436
-5272	-4890
-3750	-4890
1114	-6
-10571	2436
-9713	2436
13595	9761
13216	2436
-11175	-7332
1303	7319
2825	2436
16699	-4890
2132	-2448
475	19529
-8966	-4890
15539	7319
-6072	-4890
-10871	17087
-8497	7319
-10477	-7332
14825	-2448
-10215	-4890
-7323	-6
-10546	-9774
-7421	-2448
-9902	-6
-2554	-4890
16915	-7332
2436	-2448
-11086	-4890
4380	-2448
-8946	-7332
-2038	-4890
-7452	-7332
16432	-6
-10687	4878
12100	-4890
10896	-9774
7036	12203
-11140	-7332
-7975	-4890
14794	-7332
-11125	4878
16339	7319
16534	-4890
-8812	-4890
9115	4878
-8814	-6
11515	-2448
-11129	-6
-6558	-2448
-10397	2436
6063	-6
1992	-4890
-8814	39064
2006	2436
-10100	-4890
-18548	-4890
-2450	19529
-10291	-7332
15543	29296
-7188	19529
-6244	-4890
1504	-4890
16092	-7332
3224	-4890
-10046	-7332
9974	-2448
796	-4890
4588	-4890
-5236	-2448
10297	-4890
6813	-7332
8024	2436
-9768	-7332
-11090	19529
748	-7332
16177	-4890
-2323	-2448
15804	-2448
14578	-2448
-3030	-2448
7236	-4890
30508	-7332
-8210	2436
-8450	-4890
-3425	-7332
4152	-7332
1403	-7332
124	2436
-7446	-7332
6853	-7332
-8856	19529
-8496	-9774
-10821	2436
2311	12203
16995	4878
16144	12203
-9774	-7332
-5197	-4890
-7376	-4890
-7146	2436
5095	-6
-921	4878
-9017	-2448
-7604	-7332
9427	-2448
-6487	-2448
-10835	-7332
-1449	17087
1127	-4890
-11038	-6
-11174	-9774
2658	14645
13749	-9774
-4289	-7332
-9594	-6
-511	-7332
2578	12203
1091	-9774
-934	-7332
3721	-7332
-11171	2436
9150	12203
-11117	-7332
-5927	4878
5184	-7332
4712	-6
16086	24413
11202	-7332
4172	63482
5696	-4890
7188	2436
17572	-4890
-11043	-4890
12266	-7332
-10849	29296
3152	-7332
7865	-7332
-9552	-7332
14280	-7332
25520	-2448
15998	2436
-7861	-4890
3476	-4890
-8553	2436
-1211	2436
6448	-2448
14070	-4890
-10109	-7332
19372	-4890
1932	26854
6095	-4890
-4673	4878
11276	-2448
2795	-2448
-5494	-2448
-7455	-7332
-9387	-4890
-10835	-4890
-10440	-7332
-5190	9761
2441	9761
-8973	4878
-8321	-2448
16260	7319
2050	7319
1054	2436
-6469	-6
7958	-2448
2096	2436
-8092	2436
3862	9761
15559	4878
7534	-6
-10587	-6
15619	14645
16887	-4890
-3402	-4890
7217	-4890
-10066	-4890
-3169	-6
2810	-6
15734	-4890
-3582	-7332
-6799	7319
2122	4878
9087	-4890
-4150	-6
-393	-7332
-8874	-9774
16074	-2448
-11175	-6
2102	-7332
4372	-7332
3763	-6
-7631	-7332
3408	2436
-4403	-2448
-10925	-6
16789	-4890
2149	-6
-4080	-4890
8088	7319
-10279	-7332
-11103	-7332
10134	-2448
-3072	-7332
-1129	-6
-6717	4878
-2412	-2448
-8575	-4890
16863	-2448
4498	-2448
-9276	-7332
-5581	-4890
-7492	63482
15571	2436
-3829	-6
15618	2436
-1626	-2448
17335	-7332
-10402	9761
4571	-7332
3969	2436
-1019	-2448
16213	-6
58	-4890
3322	-4890
-8271	-4890
-1563	14645
-2984	-9774
5815	-7332
3272	-4890
15744	-7332
13017	21971
-276	-2448
10834	-7332
23113	7319
-10016	-4890
8704	12203
11402	14645
7692	-2448
1957	-9774
16242	-2448
10394	-4890
-4587	-9774
8827	19529
2725	-4890
-8536	-2448
-11164	-2448
-7583	-4890
191	-6
5431	7319
5529	-7332
-10987	-4890
-2037	2436
-1902	-4890
-791	-7332
-9709	7319
-9607	12203
-2361	-7332
-2809	-2448
-10285	12203
2530	9761
-6077	-4890
-9661	17087
-6275	-6
-5567	2436
-9450	-4890
-4053	-6
-2805	-4890
-36682	26854
7963	-6
5947	-6
-6703	-7332
5191	14645
16566	-2448
-3207	19529
17019	2436
17359	-7332
6569	2436
-4529	-7332
-7577	2436
4334	-9774
17067	-6
-3993	-2448
16925	2436
-8323	-7332
9143	-9774
14828	-2448
-7514	-4890
2445	-4890
-4164	-9774
11161	-2448
1858	-4890
7947	2436
16516	-7332
3456	12203
-87	-2448
-4889	-2448
7167	-7332
3049	2436
-10321	-6
-2360	-7332
16039	-2448
2186	-7332
-1236	-4890
15448	-7332
-9189	9761
-10109	-9774
15466	-2448
16423	-2448
2670	-2448
-342	-6
-1545	7319
-11156	9761
-22757	-2448
2435	2436
17032	17087
16872	-4890
715	-7332
-6842	-4890
-7544	2436
-9394	-7332
-4736	7319
-11032	-2448
-1075	-4890
14548	-9774
-8181	-7332
14793	-2448
18914	7319
4875	4878
-10695	-2448
10245	-4890
-10357	-7332
-5251	-9774
4010	-6
-3030	-7332
3292	9761
-1	19529
-5067	2436
2883	-7332
-2570	-7332
-667	-4890
11272	4878
-8827	-4890
9380	-7332
13682	-9774
-11159	7319
-8178	-6
-2304	-2448
15547	-7332
-11165	-6
-11165	-4890
-10763	-7332
-5473	2436
-10821	4878
3311	-2448
-889	-7332
14229	4878
-11153	7319
-9682	-6
-8930	-7332
3126	4878
994	31738
1032	-4890
3203	-4890
11465	-7332
-10298	17087
-5986	-4890
-11074	-7332
-8519	-4890
8802	4878
-10700	-4890
-6862	-4890
9385	-7332
9139	4878
18024	-9774
-9650	-2448
-2255	-9774
2983	2436
-7179	-7332
2035	-2448
2675	7319
-1556	-7332
-11027	-7332
13872	4878
12300	9761
8787	7319
2048	-9774
-3621	-6
4334	-4890
-9852	-4890
1754	-7332
-10451	-2448
-10038	-4890
10470	39064
-7930	-6
-11175	21971
-11141	2436
-28892	4878
-6589	-2448
-7084	2436
4362	14645
2530	-4890
-4562	-6
-10672	85459
-9322	-2448
-10584	9761
-10781	-6
17122	-6
7077	9761
-1097	-9774
16816	7319
-10673	2436
15423	-4890
-10266	2436
-8690	-7332
-11175	14645
7796	-7332
-6733	-6
10109	-4890
16587	2436
-1536	-2448
-8483	4878
5849	-4890
-832	-4890
-36104	4878
-7040	-7332
-11110	-2448
-8304	-9774
-11175	-4890
-8852	4878
11622	-2448
4627	2436
23572	4878
-2644	2436
-10725	-4890
10302	-9774
12825	-2448
-8752	2436
-10683	2436
8342	-7332
6524	-7332
17012	-4890
10012	-2448
5144	31738
2624	7319
5385	-6
15701	-2448
1621	-6
4520	-2448
17055	-6
17424	-4890
11847	-7332
-10148	-4890
-9219	-7332
16610	-7332
10143	-7332
2078	-7332
-9207	-2448
3342	-2448
-11152	-7332
-7676	-2448
1961	7319
-5301	-2448
-11160	-7332
-6731	-6
184	-7332
-5157	-7332
-7005	-6
-8514	-6
-8646	-7332
-11047	-7332
-7560	-6
-8838	-4890
1846	-9774
-8340	2436
13281	14645
150	-7332
-6847	-2448
15778	-6
-10075	-4890
1276	-2448
-7821	-9774
-2963	-4890
-8514	-7332
15539	9761
7956	-4890
-15588	-4890
-6087	-7332
1489	-6
-8956	4878
-11037	-4890
8889	2436
-3868	-2448
-2343	-6
2430	19529
28295	7319
16119	29296
-6939	2436
-2640	-7332
-2032	-4890
4468	-7332
-10521	-7332
-8433	4878
-3335	24413
-11160	4878
1569	-7332
-7783	4878
8296	7319
-10927	4878
10970	4878
-7125	-4890
6879	-7332
37352	-2448
2935	4878
8321	-7332
-8823	2436
17096	-4890
-7564	-7332
-7433	-2448
-10885	-4890
-8679	2436
-1792	-4890
15049	34180
-2768	4878
16653	7319
6342	-6
2226	-9774
20451	21971
-9986	17087
-9079	-4890
-4486	7319
3241	2436
-5791	-7332
4338	7319
16535	-2448
3091	-6
17229	-2448
5158	-9774
-1414	-2448
-9942	-2448
15542	-7332
15309	-4890
13932	9761
10078	-9774
12139	-2448
-1694	-2448
-11014	-6
7530	7319
10061	-2448
-10170	-2448
-965	-9774
-6581	-4890
6852	2436
-245	-9774
9325	-7332
-3834	-4890
4329	-7332
-3264	-2448
-7140	4878
-2933	-2448
-5511	-7332
3703	2436
-8841	17087
15921	-7332
-4750	17087
15325	-9774
10493	-6
-9915	-6
16286	-7332
20174	-4890
3393	-2448
17063	-4890
3653	-4890
-11164	4878
6722	-7332
17107	-7332
-6898	-9774
-9835	-7332
-8489	2436
7910	29296
6520	7319
7990	-7332
4542	2436
6952	7319
-10122	2436
6624	-2448
25509	-7332
-11168	-2448
-6174	2436
3495	2436
-9755	2436
-9043	-6
-11175	-7332
-10962	4878
6241	24413
9184	-4890
-11054	-6
-5250	-2448
7432	-7332
-379	9761
20992	-6
-10143	-2448
-2120	-4890
13080	-6
-8843	-4890
-3947	-7332
2166	4878
4230	7319
-6360	14645
1849	-2448
1264	7319
-10522	12203
-10841	-7332
-10882	-6
379	-6
2835	-6
-178	-4890
14150	24413
12943	-4890
4454	-7332
7852	-9774
10944	-6
-9862	-6
-9573	-7332
37624	12203
-987	-7332
8158	-2448
3065	-4890
15801	26854
19443	-2448
-7751	7319
-6757	-4890
9206	-7332
-9139	-2448
-5573	17087
-7396	-9774
14062	-7332
-11121	-6
1948	-9774
9438	4878
-10881	-2448
3212	12203
-11103	-7332
2456	-4890
-3595	-6
-1608	-7332
-11002	-6
15244	-4890
23549	-2448
-6320	-4890
-4003	2436
-389	29296
3126	-6
14445	-6
-9956	-9774
-11159	-4890
-10151	-6
16576	31738
4733	-7332
13159	-9774
5538	26854
16404	-4890
10408	-2448
1954	4878
-2360	-2448
-8732	-2448
-2239	26854
-1054	-4890
-10304	-4890
-9370	-6
-10533	-7332
8365	-2448
-10378	17087
13314	-9774
2107	-4890
3372	2436
-11016	-4890
-7080	-2448
4473	-6
1268	-4890
-1810	-7332
2172	-4890
2023	-6
-5776	9761
-11122	-6
-4948	-2448
16686	2436
15138	-7332
-2842	-2448
-10852	-2448
15514	-6
904	21971
5895	9761
-10835	-4890
-8720	2436
4442	-7332
-11023	7319
6480	9761
-3236	9761
-5517	7319
5662	2436
15218	-9774
6216	-7332
-11156	4878
-9910	-4890
17176	4878
3137	-7332
2782	-4890
-10348	-7332
15610	12203
9690	4878
9881	2436
-10690	-2448
13913	24413
13462	-7332
-9293	-9774
-11168	4878
-454	-7332
3640	-2448
-9579	-7332
-8229	-4890
10056	-7332
-3035	-4890
792	-7332
-11027	-9774
-7348	7319
4935	-6
-2711	4878
4291	-7332
-10777	-7332
16843	-4890
-4796	-7332
-18406	-7332
-10469	-6
-5650	19529
-11174	-2448
10809	-2448
16035	-4890
-6590	-4890
-11137	12203
5918	12203
-9570	2436
4016	-9774
-27923	7319
-4366	-7332
2030	-4890
-10857	-2448
10007	21971
10158	-2448
-6809	2436
12999	-9774
12999	-7332
-11122	-2448
-151	-7332
14752	-2448
-9016	-7332
-8638	-4890
13971	-7332
-10953	-6
15511	-7332
-2199	-6
-7198	-4890
-6375	-7332
-1746	-2448
7762	-4890
-2431	-4890
5263	-4890
1206	-4890
6180	-4890
-577	-7332
9790	2436
-434	-7332
2045	-7332
4204	-6
4123	-4890
-11106	-2448
15723	-4890
-7577	29296
-8540	-2448
17190	-9774
-10890	2436
-3194	-9774
4002	-7332
-3110	-2448
-11672	-6
-11173	2436
12693	-4890
-10396	9761
-11157	4878
-6025	21971
13731	-9774
3177	-7332
11107	-2448
5750	-2448
2685	-7332
19974	2436
-1771	-7332
4241	-2448
16263	-4890
-813	4878
7040	-9774
-5535	2436
24255	-2448
2319	24413
16065	-4890
2314	-4890
-10213	46389
-6823	14645
-10332	-9774
-10403	-7332
-11086	-7332
14652	-4890
-5713	-7332
-9147	-7332
7313	14645
-10102	14645
3402	-2448
5503	-7332
17062	-4890
25342	2436
-10238	-4890
-9646	9761
-7327	-7332
-10237	17087
15311	43948
5793	4878
8787	4878
2009	-2448
15612	4878
33449	-4890
8535	-6
-10684	-2448
2595	-4890
6397	-7332
15553	-2448
11319	-2448
-10991	-2448
-3170	-6
-2272	53715
-5796	-7332
-10205	-7332
2915	-2448
-5609	-7332
15771	4878
765	-6
485	-7332
1160	-4890
6337	-6
3687	-7332
-7876	-7332
-36362	-4890
5991	-2448
3262	-7332
-2199	95227
-9056	-4890
-7416	2436
16695	-2448
-9738	-2448
-8717	-7332
-11172	-6
2283	2436
-9428	2436
-4947	4878
-963	21971
653	34180
-7626	4878
-9000	2436
3283	4878
-10072	51273
-9466	-4890
-5070	-4890
14061	-7332
2479	-9774
4157	43948
-1701	7319
4295	-4890
-5319	-9774
-11117	43948
8765	-4890
167	-7332
-5353	-4890
15223	-2448
12202	-6
1862	2436
-3866	19529
-6363	-4890
-10930	-4890
-9315	43948
16570	-4890
4141	-9774
-2777	-4890
16571	-6
9370	7319
-1867	-7332
5272	2436
1355	-4890
2533	-7332
5413	7319
7906	-6
8576	-2448
-9490	-6
5823	-4890
-4856	-2448
-1837	-4890
13615	-9774
-5455	-6
-10781	-7332
10270	26854
-3545	-9774
4026	-2448
-399	-9774
2001	12203
8528	-7332
955	2436
3263	-7332
-10454	17087
-6774	-7332
-9674	-4890
-7245	-4890
7126	-4890
-11141	-4890
-2204	-4890
-6982	2436
746	9761
13920	21971
2614	-9774
3402	9761
5351	-7332
-1083	-4890
3091	-4890
-11171	4878
-7006	-4890
1959	7319
-2842	-2448
14002	19529
14855	-2448
8801	-6
8113	-2448
15595	9761
-4293	29296
3440	-4890
3034	-2448
-5611	85459
15784	-7332
-11033	-4890
-11128	-7332
1957	2436
-10484	7319
1986	-7332
1572	-4890
-7005	-4890
25493	-9774
7540	14645
-10949	-6
11218	2436
-4787	19529
15808	-2448
3463	-2448
8442	-7332
-9798	-7332
-11164	-7332
17411	2436
-1226	-2448
-8024	-7332
2097	12203
-2778	-7332
-10437	4878
3314	9761
7553	2436
-4751	-2448
4708	51273
-10643	-6
-10516	-6
-2709	19529
1977	-2448
20217	-4890
7833	4878
636	7319
-11012	-7332
16332	-7332
4686	-4890
-4863	-9774
-315	-6
-4924	-7332
6340	12203
-10120	-2448
-4702	-4890
-8514	-6
-11137	21971
25522	-2448
15706	-2448
-10942	12203
-9252	-4890
-7599	-6
6193	-4890
-1693	2436
-10817	-7332
7579	-7332
-4213	14645
-7936	-7332
4112	-6
2346	-6
6506	-7332
-8053	-7332
-9980	-7332
-1191	-4890
5561	-4890
-11174	-6
16645	7319
1952	-4890
-10006	-4890
-8350	14645
-14036	-7332
-11151	-7332
-5925	-2448
-5380	-7332
11427	2436
-5813	-6
-10709	-4890
-11149	-2448
-7022	39064
4178	-7332
-10810	-4890
-10342	-2448
-2305	-7332
1456	-7332
-7546	19529
7746	-7332
-9688	-7332
17258	-6
-3062	-2448
-29311	19529
-8174	-4890
4825	-6
-8200	4878
-7188	4878
-10094	-4890
4344	-4890
-10	19529
-9401	4878
13568	-7332
4126	4878
-9272	-9774
-8940	17087
-155	-2448
-10627	-7332
14582	-4890
16894	-4890
27518	-7332
4178	-4890
7913	-6
2665	-4890
-2036	9761
2566	9761
-10915	-2448
-8300	-9774
-10968	-7332
-11165	-7332
-488	-7332
-6285	4878
3892	-4890
3747	-7332
15034	-2448
1368	-7332
10652	-7332
7052	-7332
19663	14645
-4706	-2448
-5532	4878
-10927	-2448
-7538	-4890
13034	2436
-11102	-2448
-5612	-7332
2578	-7332
13866	-4890
-10915	-6
-9610	-9774
-10215	-6
16555	-4890
14287	7319
13504	-2448
13844	-7332
9540	9761
-7954	4878
1467	-9774
7036	-7332
-10753	-2448
16009	17087
3699	-6
9820	-4890
2137	-4890
11944	2436
-10231	7319
4631	-2448
2965	-4890
-10255	2436
10194	-2448
-6394	9761
17054	-4890
4382	-4890
16842	2436
-7905	-2448
15135	-7332
-1755	-4890
4187	-7332
15878	4878
3517	14645
-6667	2436
-7956	-7332
-10671	2436
-5954	14645
9919	-2448
4625	-2448
-993	2436
11576	-4890
15743	-4890
-637	-2448
-3187	-7332
3600	-2448
748	-7332
-8620	-2448
-892	-4890
-9730	-7332
11757	-6
-10485	-4890
-10408	-2448
-10362	-2448
303	4878
-7104	-9774
16774	2436
-7852	-7332
-5544	-7332
14177	9761
-10261	-4890
12334	-7332
-9364	4878
2946	2436
-10387	19529
-10960	2436
3440	-7332
-9748	-9774
-10990	2436
3857	36622
-847	-2448
185	61041
6178	-2448
17297	-4890
4338	-4890
-1622	-7332
-11152	-7332
16691	-4890
8916	-2448
3812	-2448
14191	19529
-7734	-9774
13535	-7332
-1463	12203
2162	-9774
-11145	-7332
-7287	-7332
-10867	-6
-9441	21971
2031	-7332
-3027	-4890
7197	-7332
3991	-2448
1536	-7332
4453	4878
-5891	19529
-6952	-2448
2557	-9774
-9302	7319
4633	-6
13572	17087
-7595	12203
-10942	-2448
10940	-2448
-11058	-4890
980	2436
-3650	-4890
-10214	-4890
-10676	-7332
4351	-4890
-10936	-2448
17155	4878
9259	-2448
-10325	-2448
-10476	14645
-2429	-4890
2729	29296
16213	9761
1490	-6
15550	-7332
-5771	-2448
7930	-6
-8036	2436
-2767	-2448
-2688	-4890
-7448	-2448
12094	-2448
-6701	4878
11125	7319
21607	-2448
-9648	4878
5142	-2448
-2599	-7332
10766	12203
-6932	-4890
-1244	-7332
-11170	-4890
4328	-2448
15599	-2448
3420	21971
9294	-2448
8384	-9774
1952	-2448
11648	-7332
-5683	-7332
-3121	-4890
-173	-2448
115	4878
16161	2436
-9435	4878
4073	17087
-8615	-6
-868	-6
15364	7319
-4794	-4890
14148	-2448
-11072	14645
541	-2448
2876	-9774
-10969	-6
-10384	4878
-9733	9761
4179	-4890
-8083	7319
3364	-2448
-6666	-2448
-10623	-9774
-2942	17087
575	-6
-10710	14645
-11174	-7332
-7096	-2448
3434	2436
17069	7319
7401	-7332
-1609	2436
15011	-9774
-508	4878
5465	2436
1973	-7332
-11124	9761
-8418	-7332
11172	2436
-11165	-7332
-9849	-9774
4311	-6
-3917	2436
-9562	-7332
-3477	-6
-2015	9761
12546	7319
-9253	14645
-8380	-7332
-9814	2436
-7556	-4890
-9623	2436
-9838	-2448
-10224	7319
7747	-6
-10647	-6
-10152	-2448
-11166	-6
-11161	-4890
1089	-9774
-11102	-4890
-9360	-2448
-9276	-2448
3335	-6
4850	-4890
-6722	12203
-2993	9761
-5190	-7332
-10949	-7332
-8535	-7332
-5115	-6
11784	-7332
4383	-2448
-8211	-7332
1613	-6
9380	19529
-6844	-4890
1027	7319
16705	-2448
-6814	-7332
14969	-6
3738	26854
2368	-9774
17124	34180
-8848	7319
-5368	-4890
2055	7319
8724	-6
-8135	-7332
8265	-2448
16853	-4890
-1242	-2448
16020	-7332
-9364	-4890
16454	48831
4346	7319
11951	7319
-11044	-2448
4316	7319
-10535	-4890
5092	-2448
-2290	-4890
-10512	4878
-10842	4878
-8604	-7332
2066	-2448
-5047	7319
2074	-7332
16963	-4890
11761	9761
-2828	-7332
-10510	-4890
-2844	2436
-1408	-9774
-4240	-2448
4251	-4890
-6237	-7332
-10998	-6
14473	29296
-9950	2436
-8170	-4890
-9525	-4890
16782	2436
4903	-7332
-581	-2448
-10462	-9774
-3469	-9774
-11168	-6
-5538	-2448
9	-7332
16293	-4890
10718	-2448
-3767	-7332
-8982	4878
-11101	-2448
-8324	-4890
-7981	-4890
-544	12203
25394	-4890
4474	-6
2206	-2448
13720	7319
4482	9761
-3283	-9774
6928	-2448
-6354	-2448
-10820	-4890
-8477	-6
-7838	-2448
-9407	-6
-999	4878
-4628	-4890
-8265	-7332
-4950	-4890
8085	-2448
-10112	14645
18724	-7332
-8846	-2448
-10793	-6
-3060	-7332
9951	-6
16341	36622
-11038	-4890
-9550	-2448
-9512	-4890
-6452	-4890
-9965	-9774
17392	-2448
-8206	4878
-3365	-7332
-6542	-7332
-14904	2436
15839	-7332
691	7319
-9623	-4890
-3395	-7332
-9837	-7332
-10041	-4890
2817	-6
16838	-6
-2077	2436
10673	2436
-8982	-4890
16957	-4890
3201	-6
-5880	-4890
-1382	-7332
-5554	-2448
-3696	-2448
-4861	2436
3545	-2448
-10715	-4890
17126	-7332
-555	-6
3002	-2448
-11173	-7332
-10563	-6
-10492	-4890
-4771	-7332
-3174	-7332
16827	-2448
-8606	34180
-4256	-7332
-2023	-6
8836	4878
-9559	-7332
12658	2436
-7826	-4890
-10731	-2448
-5824	-6
16046	24413
17049	-9774
12144	-6
-2911	2436
6215	12203
1514	-2448
-10930	-6
-6149	-4890
14127	-9774
2592	12203
2530	26854
-4788	-9774
1868	-7332
-6803	-4890
-10048	-7332
-11169	14645
-10920	-7332
17062	2436
-3767	-4890
2751	-4890
-7013	-7332
-6477	4878
-6581	9761
-8597	21971
-11143	-7332
13968	17087
-9589	2436
14534	-7332
5927	-4890
15563	-4890
21790	-2448
23115	-4890
1978	-6
-8108	-7332
16168	-6
-1620	-7332
-10557	-9774
-3801	7319
14787	-7332
6697	7319
-1397	-4890
-9622	14645
-7342	-7332
10804	-4890
2890	2436
-10159	-4890
9222	-6
2461	7319
-7118	-6
-1479	-7332
7745	-4890
-9634	-7332
17146	-7332
200	-6
-4914	-7332
-10375	-4890
-10973	-4890
3163	-7332
2822	-7332
4092	-4890
565	-7332
-8620	-9774
-10025	-7332
9249	9761
5990	-6
11619	-4890
11332	-2448
-5321	-7332
-5127	17087
-9999	-9774
-2047	-4890
2525	-4890
8739	7319
-33121	-6
-10910	-6
7272	14645
14185	-4890
17053	-7332
3407	-7332
2310	2436
3460	-4890
2945	-7332
-7654	-4890
12321	-9774
2632	12203
-10733	2436
-1109	17087
-4782	-4890
2319	-4890
-6486	2436
-11087	-6
-3722	-7332
-5734	-4890
-4797	-2448
5555	-4890
-3959	2436
-9282	-4890
-5402	9761
-3131	-7332
16619	-7332
1072	-4890
1949	9761
-7282	4878
-10645	4878
-11141	-6
5579	2436
-10964	-2448
-6892	2436
-9372	7319
9553	-6
-8048	46389
2221	-7332
1680	-7332
-11027	-6
12039	-7332
12309	-2448
-10484	17087
-9747	-6
-8191	-4890
-10519	-2448
15279	-2448
-11157	2436
-10508	-4890
-11174	-6
-10831	-2448
15543	-2448
-4874	-2448
4358	-7332
9955	9761
6761	9761
17069	-2448
-11011	-4890
-8870	-7332
9755	-4890
-11153	2436
17065	-7332
-4225	7319
-8524	-7332
209	-6
12907	4878
-10255	-2448
3173	-7332
-745	-7332
-2154	-2448
7701	2436
2136	21971
15748	2436
1531	-4890
-6298	-4890
-11151	-7332
-10966	-2448
1981	12203
1179	-4890
2480	-7332
12355	-2448
16877	-4890
4109	-2448
-11171	-7332
3030	4878
-4409	-4890
3385	-4890
7787	2436
6842	-4890
2668	-6
-8681	-6
-10245	-4890
8140	-7332
13005	-2448
14276	-2448
7385	-7332
-6014	-2448
-11088	-4890
1966	4878
2922	2436
-10134	-6
-11138	-9774
2298	14645
3053	-4890
13989	-4890
-11174	9761
-10516	9761
-11053	-7332
-7461	12203
15692	2436
-10196	2436
-10943	-2448
-10961	9761
-9606	-4890
-7857	-6
12073	-2448
-9218	14645
-9667	-9774
3166	-2448
-8819	-4890
25472	-4890
-8627	7319
16189	-7332
-1714	-7332
-35476	-2448
-5502	-4890
-11126	-4890
602	-4890
-6354	-6
-9801	-2448
-11171	95227
-9555	2436
24676	-7332
3514	-2448
7023	4878
3551	-4890
10971	7319
16549	-9774
4123	-9774
13418	-7332
-7137	-4890
-1309	-7332
-6894	-7332
9464	-4890
525	-7332
-36920	-4890
-10765	34180
-5788	12203
-8415	-4890
16923	-2448
6545	70808
-10091	-7332
-5566	2436
25498	-7332
-9002	-4890
-7227	-2448
-3707	-2448
-5789	-7332
7312	-7332
8297	-4890
-1654	-4890
21753	-6
-5984	-6
2241	-4890
13265	-4890
-426	4878
-3810	-9774
-11107	-7332
3880	-6
3910	2436
13497	4878
-10164	-9774
17057	41506
4308	-6
-5268	-4890
16113	-2448
2819	-4890
-1957	12203
15292	-7332
2734	-6
2230	-2448
12631	-4890
14832	-2448
-11174	14645
4975	12203
2521	-7332
2011	-6
17037	-2448
6548	-7332
-4804	-6
-5043	-7332
15740	-4890
1194	-6
-11119	7319
-5211	-2448
-7994	-4890
-6957	-6
7373	-4890
-6423	2436
16280	-6
2316	-4890
-9535	-4890
3110	-7332
-8200	19529
15811	-4890
7244	-9774
2127	-7332
5230	-2448
-11092	-6
252	-2448
-3355	-6
18164	-7332
-6192	-7332
-4407	-4890
-32267	-9774
3958	-9774
-6436	14645
-5544	-7332
14499	51273
-10959	-7332
-1099	-7332
-11091	-6
9616	-2448
-8196	-4890
-3372	-4890
-404	-7332
-6123	-4890
-2864	-4890
16952	4878
-11137	-2448
-6244	17087
12526	-2448
-10591	-2448
-2981	-4890
15767	2436
3419	-4890
-9009	2436
-10408	-2448
8584	-6
-8840	12203
6795	-7332
-9864	14645
-5071	-7332
8111	-2448
16931	7319
-10969	-7332
2819	-7332
4151	-2448
14992	-4890
-7863	19529
-10434	-7332
-4588	12203
3538	-2448
9052	4878
15654	-2448
16454	2436
16565	7319
16497	-2448
-7902	-4890
-20395	-2448
15829	14645
-7660	-2448
-1893	-6
-8814	-4890
-2355	7319
-11018	-7332
16541	2436
-8641	-7332
-6773	-6
-10670	-2448
-9963	-7332
1945	2436
3242	-2448
7676	-7332
-10974	4878
1958	-4890
2415	14645
16935	87901
-9702	-4890
-7729	-6
-6374	-9774
2765	-4890
-9330	-4890
2923	-7332
17425	-4890
-11060	-7332
-10764	-2448
2005	-7332
-2378	4878
7796	-4890
15242	2436
-2954	4878
4058	-2448
9885	-4890
-6079	-2448
25525	-7332
18242	12203
16821	-7332
-5517	-7332
-11122	-7332
7282	-4890
-2236	4878
11606	-7332
-9543	4878
-10916	-7332
-930	-4890
3129	-4890
-10366	-2448
-6167	4878
3281	-4890
14397	-2448
10996	-7332
14325	-2448
-8246	41506
247	-7332
-9674	-4890
-5857	-7332
-9558	-6
-10094	4878
-1779	-4890
-8689	21971
16151	-6
14839	-7332
-2740	-4890
6235	2436
2333	-2448
17069	4878
-8278	-4890
5228	-2448
-6030	-9774
-5776	9761
-7601	14645
9151	-4890
-9095	-7332
-3352	29296
6015	-2448
-2670	-6
-5882	-7332
4171	-4890
17069	-7332
-11172	26854
-10460	-4890
-4699	-2448
4067	4878
6355	9761
4140	-7332
-3571	14645
1322	-6
18157	-7332
2668	-6
-1877	4878
-9373	-7332
-2853	-4890
15060	-7332
7265	4878
12904	7319
16832	-7332
-10842	2436
-11173	-2448
5312	2436
17068	-9774
-8648	2436
16907	2436
3387	-7332
-7955	-2448
-11012	34180
-9524	-9774
-10279	2436
-8805	-4890
13543	-7332
-10112	9761
-9478	-9774
8409	-2448
-9236	-4890
2155	-6
3196	-7332
-11171	-6
12717	-7332
-7953	-7332
-1949	-7332
-6658	-4890
-9912	-7332
17044	12203
-6447	-6
1997	-2448
-5161	4878
9242	4878
2588	2436
20677	2436
2669	-7332
-114	2436
615	-2448
-11015	9761
-8523	-7332
-1574	2436
1948	24413
17065	-4890
15965	-4890
-7339	-6
-9703	-2448
17068	-4890
15547	-2448
-10224	4878
21093	-6
-10386	-6
-7888	-4890
-29062	7319
17425	-2448
16237	-2448
24110	-6
2108	-4890
-3713	7319
-10453	-2448
-4292	-2448
-1220	-2448
-11060	4878
-10970	21971
6797	-7332
-1435	14645
3311	-6
3219	-6
15700	-7332
-6360	-9774
7010	-7332
833	-7332
17025	-7332
4817	-6
2205	-6
-8718	-4890
-8534	2436
-10363	-4890
-9753	-6
-9831	-7332
-11169	4878
2567	-7332
15597	-6
5097	-2448
-3155	14645
3804	4878
-9955	-6
1315	-4890
21433	-6
-11174	-4890
-3933	-4890
703	-2448
-6337	-4890
10585	-6
-8070	2436
-5186	21971
15716	2436
-11031	-6
-11091	14645
-10782	-7332
-11173	-7332
1965	-2448
15285	2436
-9048	-2448
-10425	-2448
-9614	7319
8792	-4890
-4824	-7332
-4629	-2448
3016	-7332
1543	-2448
16514	7319
16337	-7332
12987	-6
12430	-4890
7313	12203
1965	-2448
3924	7319
3607	-9774
-7177	-2448
-5460	9761
3269	-2448
11339	-2448
8724	-6
747	-7332
16981	2436
2664	-7332
-10868	107436
1986	17087
1948	-6
-24096	-4890
17017	-7332
-5217	-7332
15844	-2448
-10423	4878
-5942	-4890
15245	-2448
5147	9761
14347	-4890
-5882	-4890
-678	2436
-7425	-4890
16444	-4890
-10817	-4890
-9703	-6
5668	-4890
16638	-7332
-8703	-7332
-8369	-4890
7431	-4890
5449	-6
-3824	-4890
2006	2436
4056	-7332
4347	7319
17029	-4890
2107	-2448
11376	2436
-10577	-6
11236	-4890
4655	-7332
-552	-9774
-11020	-7332
1051	14645
23405	9761
16573	12203
7395	-2448
-9012	-6
4319	-6
-12142	7319
3467	-7332
-9361	-6
-7424	-7332
15152	-2448
-2238	7319
-8032	-7332
5680	-6
8342	-7332
-9439	4878
4383	-7332
2694	-2448
1360	-4890
252	-7332
-11175	-9774
1298	-4890
-9529	-6
2708	-4890
16753	4878
10856	2436
8101	-7332
-5184	2436
-5009	-6
-11151	-2448
2706	-4890
2513	-7332
13167	-6
2023	-7332
-8716	-4890
1962	9761
7622	-2448
-11172	-9774
-7761	-7332
-8838	12203
-5845	-6
4162	-4890
1845	-4890
-8328	7319
694	-7332
5704	-4890
-5571	2436
16504	12203
2149	-4890
-10626	-4890
1973	-7332
-7584	-2448
-6751	-6
-10786	-9774
15132	-2448
-1729	4878
-122	7319
-2421	-4890
-5413	4878
13850	-2448
1766	-2448
-8197	-6
2815	-6
3587	-4890
5464	2436
-7412	-7332
2660	17087
-8050	-2448
-8488	-7332
-3188	-2448
-6258	-2448
5708	-4890
-2561	-6
3187	9761
1688	4878
3189	7319
4494	-7332
3355	-7332
2839	-2448
-10589	-4890
3475	-2448
17410	-4890
-9835	-2448
-9404	-2448
-3697	-2448
10409	-6
6176	-2448
-10652	14645
-9156	-4890
16407	-4890
-5873	-6
-1810	-2448
4598	-7332
-11054	-7332
-7286	14645
15858	-2448
5057	12203
-6081	-4890
13224	-6
15544	-2448
153	-6
3697	4878
17727	-4890
-10656	-7332
10490	39064
16257	-7332
-8273	12203
-7845	-7332
4250	-4890
-10388	14645
4169	-7332
-920	-4890
-9662	-7332
-3737	-4890
2358	-7332
15876	-7332
-159	-4890
3673	-7332
11110	9761
-10160	-2448
16400	4878
-3783	-2448
10760	2436
-10245	2436
6293	-2448
-11169	-7332
-2974	4878
1999	-7332
12060	-2448
1963	-2448
2968	-2448
-10864	29296
8848	-6
7987	-7332
15777	-6
-11138	-7332
15930	-7332
1542	-2448
-10929	-2448
5146	2436
13074	-7332
13033	2436
194	-4890
14125	26854
3981	7319
751	-7332
2241	-4890
-8889	-2448
-7980	-9774
-6816	-2448
-10340	-6
8	-6
-11121	-7332
5645	-7332
-7926	4878
-10940	-7332
-11101	-7332
7386	-4890
-6448	-7332
-7983	-4890
-11004	24413
-3492	7319
-9769	2436
2868	-6
4119	-7332
16521	-4890
15540	-4890
-3290	12203
-9435	-4890
-10259	-7332
-5200	-7332
2430	-4890
15783	-7332
2449	-6
-7916	-6
-11135	-2448
-11145	7319
5427	-4890
5362	-4890
-6141	4878
-11103	-2448
14314	-2448
13791	19529
-4322	-2448
-8326	4878
2906	4878
873	-2448
9317	-9774
-9949	-7332
4246	-2448
-1140	-7332
-15813	-4890
-8129	-7332
-10938	4878
15994	19529
-2338	-7332
13168	-6
-1818	-4890
1342	21971
-10439	-4890
-1417	-2448
-3477	-9774
-7039	-7332
13973	-4890
10435	-4890
-11133	2436
-2318	-7332
3081	-4890
16166	17087
-6218	-7332
24117	-4890
4033	12203
14185	-4890
15466	2436
-10321	-2448
2692	-2448
-8410	4878
3219	14645
-9176	-4890
-2153	-7332
3808	-7332
13377	-2448
-11104	-2448
2042	-9774
2325	-9774
-5683	-9774
14988	-7332
-7185	-4890
8045	-2448
-10756	-7332
6005	-7332
12673	12203
5851	-4890
-7724	-2448
-8763	-6
-10883	-2448
7751	2436
-5200	2436
4859	31738
453	-2448
9248	-2448
2216	-6
16654	-4890
-5561	-4890
1600	-9774
-9814	-4890
-10793	9761
13421	-4890
9205	-4890
-1736	-6
-7077	31738
-10605	-2448
-3620	-7332
-228	-6
-9453	14645
3257	-7332
-11149	2436
-8818	-7332
-5126	-7332
-6798	-9774
-2557	-4890
-5459	-7332
6380	4878
-11175	-7332
23101	-9774
2365	-7332
41	-2448
-4396	-4890
-4448	-2448
-11017	-4890
-5954	-6
-10476	-2448
3553	-2448
16727	4878
-11149	12203
-9754	4878
14707	-4890
-11148	-7332
-3908	7319
-35505	2436
8157	-4890
16512	-7332
-8780	-4890
16973	-4890
9917	-4890
-10915	17087
-1716	17087
-7410	-6
15436	2436
10194	14645
-14539	9761
17054	-7332
-7098	-6
-8061	21971
15583	7319
-10809	4878
15861	2436
-5652	2436
-2614	-7332
3773	-4890
-5686	-4890
17067	-2448
-10046	-2448
-8068	-7332
7528	-9774
-11083	2436
15292	-7332
14303	-2448
2597	-7332
10767	4878
-6905	-4890
1134	-2448
-8282	-9774
-5578	-4890
12315	21971
-10450	-9774
16014	-6
11542	-2448
2254	-2448
16465	-4890
-3919	-2448
-11171	-2448
-8336	-4890
4030	14645
11535	-2448
6257	12203
-2	-4890
-650	-7332
-10919	-7332
15552	7319
9370	-2448
14688	-6
-7473	-7332
4096	-2448
-5734	-6
-7320	7319
2156	-7332
-10509	-2448
2441	-4890
16126	17087
-11157	-9774
-6109	-4890
-10745	-2448
-11173	-6
-1999	7319
-11084	-7332
3955	4878
16707	41506
2782	-7332
-10639	41506
5340	-2448
6200	-7332
-10238	-6
-11122	-7332
13513	-6
5602	-7332
8335	-4890
-11175	-6
3964	-4890
-8387	-4890
-10339	4878
450	-4890
-3725	26854
11529	-9774
-8554	2436
-10425	-2448
7491	-7332
7585	-7332
854	2436
17083	-6
3135	-7332
17063	-2448
-10892	-7332
14351	-4890
2914	-2448
17113	-4890
4559	53715
-11064	-4890
-8723	-7332
16508	19529
-6871	-4890
-5959	-2448
-1945	-7332
-10887	-2448
-2796	-6
-9	7319
-10992	-4890
4488	-2448
-10759	2436
10694	-4890
-9644	-7332
3719	-6
6378	14645
-10780	-4890
-29728	-7332
-10548	-4890
-10837	-4890
-6590	4878
11967	2436
-2442	2436
3784	-7332
-35145	7319
1524	36622
-11000	-4890
13517	-7332
11847	-7332
-8625	2436
15606	-2448
-5234	-6
7378	14645
-7330	-7332
-190	-7332
-2907	-4890
-11027	-4890
-10967	-4890
-8061	-2448
-9909	-4890
-10601	-2448
17376	-4890
16520	-4890
16290	12203
7861	-6
-35679	14645
-9162	7319
11917	-7332
2260	-2448
-8511	-7332
-5582	-4890
-10676	-9774
3394	-4890
-10617	-7332
3594	-7332
-2971	-7332
9232	-7332
2744	7319
-10170	-7332
17009	-4890
-2787	-7332
4263	-4890
-10835	2436
12937	-6
2683	-6
-7335	-6
2462	-4890
-509	-2448
-10014	14645
664	2436
-2231	2436
4680	-7332
18413	4878
15704	-9774
-9481	-2448
-691	-7332
13725	-6
10274	7319
38639	-2448
3716	4878
4692	-6
-10605	-2448
-3233	-2448
2347	-4890
-9979	-6
7094	-7332
2086	-4890
5870	7319
-2081	21971
-6600	-9774
18051	7319
15299	-6
-7337	2436
13993	-4890
15738	21971
2341	2436
-4741	-2448
4212	-2448
-1356	-2448
-2686	7319
-11175	-4890
6565	-7332
12469	14645
-3335	19529
-10604	-7332
-5652	-2448
-11127	43948
2305	2436
6901	-2448
-36550	-6
-5578	2436
16087	-4890
14961	-9774
2261	7319
-10715	-4890
-6309	4878
-8128	-4890
29362	-4890
-5915	-6
-7491	4878
7693	-7332
-8514	-7332
-733	-4890
16477	-4890
2739	4878
-10956	-6
3671	-4890
15661	7319
-10792	-6
-11024	7319
-10511	4878
-10516	9761
4292	9761
-8360	-4890
-10866	-7332
