455	6
-9258	2
3112	6
3383	2
7143	4
4243	5
-387	4
-4490	6
-20610	5
6867	4
7226	5
-17329	4
-23260	5
8430	4
6178	2
6684	5
3561	6
-21279	6
3455	6
11441	5
-10212	5
-25263	5
279	6
-6033	4
1317	6
1885	4
-3010	6
8058	4
228	6
-7726	5
-586	4
-2727	6
2194	5
15648	6
4038	5
-21781	6
-2299	6
-407	4
11127	5
-4074	6
-12700	4
-9444	4
7891	5
-1973	4
5678	2
-826	5
6453	4
8480	4
88	5
696	5
6817	6
2080	6
-1958	5
-756	6
-15601	3
-547	6
6688	6
7258	4
4712	5
-2373	2
5127	4
-6598	5
-21159	5
-8297	5
-24372	5
-23874	4
-1974	2
2029	5
3797	4
5442	5
6167	4
1583	6
11147	6
4400	5
12131	4
-20473	4
3617	5
14337	2
12454	5
-7297	5
-18729	5
-3873	6
11820	6
5244	4
7530	4
12542	2
6359	5
-19759	6
-14109	4
-5160	5
2925	5
7917	4
10546	4
11021	6
-328	4
-24084	4
7796	5
-13056	5
1593	5
8566	5
6989	5
4149	5
-19832	6
5636	4
-7689	5
8792	6
-7023	5
-8339	4
-2268	4
-24338	4
-22527	5
505	5
2446	5
-20366	6
12221	5
-19063	4
3917	4
-21436	4
8246	4
-24934	6
-22641	5
-11658	6
-25232	5
4745	4
-23452	6
7140	6
-7330	5
2411	6
87	6
1973	4
21923	5
-13456	4
-906	5
130	6
3110	3
-23879	4
-3046	5
3917	5
-24101	4
-12072	6
-2702	6
-9921	6
6280	4
6477	5
6238	5
-908	4
6529	5
3664	4
-23301	5
1202	4
-23508	6
1765	6
1061	2
3677	6
-23881	4
3237	6
4383	4
-463	6
2911	2
2584	5
-541	4
8943	6
-229	6
-5430	5
3540	4
8167	5
9905	4
6804	6
900	6
1745	5
5127	4
6918	5
9151	4
9323	5
1812	6
386	6
-833	6
-27963	5
3632	4
11300	4
2507	5
1545	4
6452	5
7595	5
396	6
-6215	6
-14838	4
6376	6
-2106	4
13327	2
5373	6
4921	4
-4194	5
4543	5
14112	2
6158	6
1923	5
198	4
7701	4
3094	5
6998	2
4043	6
6813	4
9023	5
12302	2
3479	5
7976	5
5707	4
-2137	5
3325	4
6749	4
-5739	5
14022	4
9661	4
-8871	5
-20522	5
3717	5
-972	4
3197	5
3375	6
3357	2
296	5
4395	5
-4510	5
2754	4
5866	4
2913	4
3140	5
6506	5
6452	6
10137	2
9778	2
-21426	6
-11673	6
16416	5
3854	2
-2321	5
10507	5
3358	5
-20955	5
11552	6
984	4
-2261	5
-12924	5
7585	2
3614	5
3637	4
11965	6
6093	5
3965	4
7153	6
8298	4
7985	6
5322	4
10782	5
3395	6
4166	5
3799	6
-1112	2
7684	4
7406	5
14463	3
1079	4
977	4
9901	5
-3066	5
4824	5
-1443	5
-11398	5
5627	5
-244	2
4906	5
-19497	5
3063	1
3652	4
2559	4
4363	4
2835	4
-6338	6
1952	4
5835	5
-21427	5
-21904	5
4224	5
5049	5
3312	4
5715	4
4590	6
-1235	6
4630	6
-1012	5
5937	4
1078	4
-18182	4
10394	5
-541	5
-2212	5
7279	4
10299	4
452	5
4944	2
7039	2
6477	4
3688	5
12089	6
-222	5
-24658	4
-2339	6
9592	5
413	5
-256	5
-17087	5
-24264	6
-21781	6
6004	6
197	5
-16003	2
-2864	4
-21277	6
3574	5
1489	4
5704	5
12513	6
-2297	6
-21457	4
-21660	4
4956	6
9580	6
15064	5
-6818	6
-16805	4
2055	5
-775	5
17796	5
-162	4
8415	5
-9661	5
1067	4
-23011	5
-573	6
5504	4
3722	5
-1084	5
289	5
9550	6
-3350	4
5532	4
-23817	5
5056	4
514	5
3659	6
8217	5
5129	5
-3936	4
13261	4
3956	4
7409	6
3273	6
6490	4
11945	5
10096	4
-5888	5
-7910	4
8274	6
4859	5
3391	5
-3944	4
3790	5
-13450	4
-24738	5
7820	2
1185	4
4313	4
13758	6
3814	5
8748	5
2935	6
-12427	6
-14574	5
-1286	6
11821	6
2882	6
5012	5
10471	5
1149	6
17152	3
-25688	6
907	6
2944	6
4289	5
-12855	4
3705	6
4016	6
-3894	4
-9879	5
4969	5
-18494	5
-20919	5
-3819	4
9971	5
10396	6
7075	4
6664	4
6698	4
6685	4
-349	4
2334	6
977	5
-19994	4
-14708	4
8873	5
6868	5
-923	5
7070	2
3421	5
8372	2
15190	5
7486	4
9709	6
-5803	4
-5168	2
3804	5
-1906	5
6749	4
8748	5
6580	5
-3523	5
1581	2
7965	2
-4835	2
-9906	4
2662	3
-23140	5
-1905	5
-19306	4
730	5
-10458	6
-23159	4
604	5
-1324	5
-430	4
20362	6
-4349	4
180	4
1758	5
-2463	4
11484	5
4923	6
3869	5
4136	4
5890	5
-5559	5
5774	5
8948	4
1718	5
5325	5
-9275	4
7313	4
-2303	5
-20348	4
9364	6
-22636	6
-11591	6
-22870	4
4957	4
-16240	5
-6007	5
8394	6
5205	6
-6023	4
-6430	4
-15081	6
9169	2
-12368	5
7521	6
10607	2
9256	4
3511	6
6919	5
11521	5
1722	4
-2917	4
7355	4
7981	4
-10330	5
7869	5
7432	5
-1237	4
3826	5
976	3
5713	4
4974	4
-4620	6
-21487	5
8391	4
2100	5
-12186	4
4848	4
983	5
11984	5
6080	5
770	5
3624	5
12221	4
3161	4
2233	5
-22590	6
-21022	6
5285	5
-15859	6
-2852	5
-1030	6
-7890	4
7273	2
-5601	5
-15683	5
1387	6
4646	6
1482	6
6012	4
-2029	5
-22089	5
-19604	4
8810	4
6693	2
3426	2
-361	4
12356	2
4998	4
2973	5
6208	6
6217	5
6729	5
-2001	3
402	6
-224	5
7148	6
12558	5
4251	6
8569	5
1319	5
17570	5
5654	5
11650	4
5496	5
4050	5
2618	4
2800	4
-10820	4
-501	2
12586	4
-9141	5
9205	4
6161	4
3817	5
8861	5
8858	2
370	5
-1270	4
5797	5
8346	5
12233	4
3914	6
1391	5
2613	2
2738	2
5367	6
-26267	5
-10684	5
-24622	5
8256	5
-6654	5
1023	4
10554	6
19103	6
138	4
2645	5
1144	2
8917	5
-8167	5
6671	5
-2808	6
7193	5
-15687	4
616	5
-15041	5
5908	5
14228	5
-4512	6
-2411	6
-22624	4
7810	4
-3718	6
11661	6
793	4
5795	5
-25501	4
2443	6
5671	6
3955	5
-1430	6
-22999	3
-6931	6
975	5
7012	6
8767	4
10506	5
11496	4
8824	6
-12284	4
1054	6
-25053	5
-15910	6
2670	5
-201	6
2218	5
4297	4
-1117	5
-5496	4
12097	4
12146	5
-17800	4
1225	5
7592	4
-19465	4
88	4
8852	4
5362	4
4364	5
2654	3
14435	6
-16834	4
-5765	5
9607	6
1640	6
16276	4
10798	5
7807	4
1744	5
14915	4
12916	4
2634	5
9753	6
8637	4
-10477	4
-10067	5
9732	4
652	5
-5617	5
4343	4
-21068	6
3348	4
3708	4
16609	2
4228	4
6219	4
3795	6
5113	5
-22276	4
1685	5
929	4
-9581	6
10264	5
3060	5
937	4
6767	5
1197	4
3554	4
-18805	6
5689	6
-415	6
-2706	6
-7874	5
7574	5
3389	5
4437	5
16769	4
-1083	4
8177	6
-942	6
1095	5
2614	5
10565	4
610	5
8993	2
2157	2
9524	5
4475	5
11266	5
4963	6
-1672	5
1770	5
-639	5
4139	5
9301	5
3633	5
7799	5
-18585	2
7691	4
-23966	6
-10221	6
10588	4
-22479	4
1614	6
2159	5
3324	6
-3090	4
7898	4
7581	6
-17335	5
-8227	6
6180	4
-8418	5
6435	5
3344	2
5260	5
7600	5
7892	6
-672	4
-1395	6
677	5
-1225	5
1214	4
3864	5
10646	4
6120	5
3451	5
-2098	4
-2231	5
9896	4
18574	6
-8717	4
3143	5
5931	5
974	6
11805	2
-79	6
11018	6
1966	6
2100	6
-14539	5
4830	5
3372	5
-16379	5
-5173	5
-6001	6
12469	3
-1657	2
4351	5
13679	4
2154	4
7632	2
4379	5
-14853	6
-7656	6
-19381	4
5258	6
11942	4
-989	5
-16010	6
6418	4
-6960	5
1830	5
6541	5
-11176	4
4099	5
-487	5
4336	4
8608	2
7393	5
-11472	5
2313	4
730	2
-6047	5
4954	6
-5718	4
2734	5
-21666	5
-602	5
9382	4
4995	5
4848	6
-534	5
-2976	6
3366	6
-412	6
2766	6
1714	5
-156	5
1726	5
15367	4
6663	4
5496	5
9015	6
13788	5
6636	6
4793	6
-1846	5
503	5
2377	5
1990	6
-10979	4
6922	4
7212	5
9322	4
8995	6
7542	5
8526	5
6727	5
17068	2
3119	5
-21609	4
-4295	4
-23965	4
3146	5
-108	6
-5086	4
12394	6
-10419	5
-18944	5
6810	5
-22520	5
12450	6
-958	5
2665	5
4472	4
3167	5
8790	4
-25347	4
2666	5
5874	4
9843	4
-4767	2
5991	5
-8996	5
1841	6
-20161	6
7210	5
606	6
-22959	4
13885	5
8541	5
-15867	4
-7296	5
2434	5
12757	6
-23970	5
1165	5
4894	5
2079	4
2020	5
5797	5
5369	2
1261	6
1690	5
6512	6
-10277	6
7546	5
7581	5
-16296	6
4204	5
4538	4
-17256	6
-17385	6
-3158	6
4821	4
11468	5
5580	2
-4828	4
2441	6
-24493	5
6907	5
6625	5
9643	6
4650	6
-9156	4
5431	5
-784	4
643	5
-21743	6
3367	6
10105	5
8368	4
7880	4
-2032	4
-20404	5
8568	5
6602	5
4044	5
6831	5
-4199	4
3105	5
10886	2
-2436	6
7702	5
-16104	5
3313	5
-1105	6
9281	5
10636	4
-2677	6
14953	2
2374	4
-21783	5
3026	6
5419	4
1779	2
3713	6
7331	6
1197	5
7787	5
7403	5
2504	4
2364	4
8226	4
3448	4
3405	6
7556	4
3274	2
4136	6
81	6
2058	6
3773	2
-520	6
4980	4
-1054	4
8479	6
-9336	2
-24297	5
3339	5
-8246	6
-11602	6
7387	5
1888	5
2164	4
7635	2
5040	6
1920	4
-2111	4
-2003	5
8756	4
9728	5
1192	4
4769	4
-4471	4
-18311	5
-24081	6
6590	4
4200	6
-2966	5
-12401	5
134	3
-7569	5
3423	4
7563	4
-15820	5
-23681	6
7185	5
5545	2
5715	5
4865	6
9078	4
-5659	5
-2696	6
9360	4
3779	5
9411	6
5303	5
-1263	6
-16262	3
19722	2
-3168	5
-1209	6
8676	5
899	4
5765	2
-23454	6
3095	4
3782	5
6894	4
-109	4
4696	4
2897	5
10860	2
8426	5
-3476	6
-23647	5
7997	4
12620	4
6316	6
9273	6
4406	5
8177	5
20520	2
-2424	6
-12638	5
6909	5
-24864	5
-11634	5
5207	4
-12991	5
-25157	6
3105	6
9424	6
9445	5
-22829	6
1737	2
5266	5
5861	5
9189	5
-2733	5
5018	5
-1173	5
13945	2
5275	6
9418	2
4212	6
7144	6
-17438	6
95	4
2547	5
4440	6
-8300	5
-5471	5
6904	5
8767	4
7448	6
7939	5
8093	6
-23870	5
1213	4
-20953	4
-8824	4
-17456	5
9152	4
5154	5
2926	4
-21191	5
3886	5
2732	6
-6564	6
3954	6
-1023	4
-15710	5
-3342	5
9592	5
2116	4
1797	4
63	5
7626	5
4957	4
6775	5
2328	4
1165	5
-8241	4
3701	4
2357	5
5630	5
5143	5
-5603	4
424	4
-2775	2
2859	6
-9871	6
10343	4
-369	5
-24563	4
3962	6
297	6
-2834	5
1808	5
13503	6
6753	6
8129	2
-7294	4
9046	3
2606	6
-23062	2
-22397	6
4654	4
3791	4
7955	2
-3702	5
-23683	4
886	5
5222	4
10028	5
960	6
12386	2
14212	4
-831	5
6026	6
-4044	4
11504	4
8252	4
-8900	5
9319	4
199	4
3508	6
7942	2
-19118	4
11601	2
-24452	6
2579	5
4754	5
698	4
-14933	4
-24156	6
-21348	2
-18781	5
-11002	4
-11225	5
7623	5
-1506	5
1003	6
2355	6
7313	4
-5584	4
-26905	5
-684	6
3655	5
-11873	4
185	5
5217	4
4222	5
1213	5
-17714	4
5690	4
-16064	4
6949	4
8661	4
-643	6
-6954	5
6522	5
498	6
-22645	5
-99	6
6719	5
6358	4
2350	2
-6232	4
9368	4
320	4
2650	5
8976	5
1844	4
2288	5
3610	4
-16118	4
-22381	4
7806	5
-16966	4
2586	4
4010	4
5798	4
-22594	5
2537	5
283	6
-2706	5
20554	4
-21307	5
10202	4
7974	6
5663	5
4624	4
5643	5
-22419	4
-1047	4
-23160	2
-11345	5
-21500	6
-28923	5
1969	6
-14857	4
-7304	5
1717	5
11027	5
-1517	6
14607	4
11429	5
12364	6
6361	5
-25954	6
-20948	4
-911	4
-1436	4
-5926	5
-2946	5
6900	5
2084	6
2075	6
10400	4
-7264	4
8585	6
-21248	6
5816	5
8456	6
-2930	6
3775	2
-10456	5
4390	5
5746	6
637	5
6684	5
-12429	5
3089	5
82	6
3936	4
7970	5
-12338	6
-1411	4
4805	5
-366	6
5311	4
9870	5
8292	5
193	5
-2195	5
1946	5
1772	4
-9544	4
2508	5
-227	4
10352	6
4554	5
13909	5
-15616	5
-1876	5
-649	4
14407	5
-14521	4
4793	6
3755	4
6429	4
3224	5
6797	4
-21462	4
6794	6
4516	5
-4043	5
-24669	6
-15911	5
9803	4
3922	6
-15257	4
7007	4
-1693	5
8044	6
7781	5
-23554	5
-8986	4
6625	2
9760	4
-3770	5
-22108	6
4081	4
-9149	5
-25057	6
10797	4
7202	5
5519	4
-10501	5
7120	5
-603	4
2649	4
4862	5
-1259	5
7615	4
4699	5
-16589	5
-276	5
-5587	5
7275	6
1826	6
-14198	5
9007	4
5773	6
-656	5
939	4
-23395	4
-7274	4
-18013	4
-1332	5
-21871	2
3991	6
4411	4
539	4
4710	6
4216	4
-3312	6
4158	2
440	5
1460	5
10484	4
793	5
7466	6
2169	4
-1909	5
5661	5
7710	5
2437	5
5144	4
10852	6
-1597	6
1140	5
4284	4
9183	6
-18608	5
-2760	5
7206	5
-20524	5
4375	5
4017	4
6781	5
1355	5
-21201	4
8502	4
-3649	5
4288	5
4604	5
3855	5
2216	4
8471	2
9753	5
3914	5
1382	4
2820	5
-8051	2
4808	4
-21477	5
-3015	6
3959	2
5548	5
1244	5
-233	6
5414	5
-9252	4
1828	6
7039	5
4770	4
2576	5
3783	4
914	4
-5264	4
-11810	4
-4827	6
-23412	6
5601	5
8659	4
-25086	5
-144	5
-14808	5
7126	5
7661	5
6247	5
5056	4
-10313	6
2213	5
-10059	6
5025	5
1212	4
7532	5
7980	5
3684	5
4986	2
4060	5
1387	4
9775	2
6296	6
5245	5
6500	4
4000	5
-13219	6
6725	4
-6532	6
9449	5
97	5
14087	4
5506	5
8692	6
1583	5
-16409	5
802	6
8297	6
-15363	6
9908	4
-42	6
4975	6
-19838	5
-2766	5
7288	6
-1251	5
5832	4
-25484	6
3716	5
5368	6
5131	4
1003	5
13503	2
-5882	4
9428	6
-4136	4
-1566	5
-22090	5
3604	4
2709	3
-12977	6
-22372	6
-1690	2
-7744	4
10718	6
5769	5
4902	6
-500	5
-12827	5
5959	6
11036	2
6920	5
15103	5
6536	4
4781	5
9099	4
14232	6
328	6
3742	4
-1986	6
7827	5
6220	6
-22489	5
-6854	5
-1015	5
18782	5
-1821	5
-3863	6
3796	4
6772	4
-2799	6
5497	6
-43	4
5356	4
11564	5
7001	4
-641	5
8162	5
4315	3
-25195	6
-220	5
14610	5
7777	5
-3827	5
9148	4
-7060	4
-19554	5
-2684	6
-24413	6
-16300	6
2234	4
-8193	6
2213	2
-14239	4
4077	4
-2381	5
3373	2
12035	4
2758	5
6073	4
6538	5
832	6
1972	5
-931	4
3885	5
13130	4
2966	5
12300	5
-6127	6
2027	5
9874	4
6534	6
10832	2
6333	4
4348	6
236	6
-20203	6
-1764	6
-23443	6
-601	5
-2822	6
-343	6
-786	5
900	5
-16934	5
-4613	4
-7309	6
9274	4
5744	5
-7221	4
5483	4
5792	5
1265	5
-22249	6
10916	6
4777	4
5109	5
7442	5
7633	5
7204	5
1439	3
3967	6
4769	2
6433	6
5335	5
5757	4
1211	6
2622	2
6959	4
-15886	5
5410	5
8630	5
1853	5
-21765	6
9312	5
9166	5
8197	5
977	6
21	4
3613	5
-23665	5
4255	6
-261	4
2752	5
-16362	5
9185	5
21643	5
889	6
10563	5
-21215	2
-4123	5
7371	5
10540	5
7430	5
-19881	5
7331	6
-25657	5
-1690	5
8272	4
1109	5
9681	4
3787	5
-1330	5
3382	5
8732	4
726	5
-2028	6
7664	4
-18828	5
7476	5
4098	4
4663	4
2193	6
-10114	5
9546	2
10847	4
-6704	5
12951	5
-22423	4
-444	5
-10459	6
4636	4
9818	2
6618	4
-1841	6
-7116	5
-20999	4
-5900	5
8898	5
14293	4
-18465	5
6325	6
-12544	5
4611	6
5349	4
-18144	5
3562	5
4181	4
2099	5
8465	5
8910	4
1086	5
14408	5
874	6
-19960	5
1601	4
6863	5
-935	5
4809	4
4348	5
5437	4
5050	6
4734	6
-22495	4
3833	5
5740	2
7391	5
3465	4
8158	5
3641	6
7917	5
-12917	4
-319	4
-1398	6
1540	6
10353	4
1846	5
-23705	4
-10033	4
7800	5
-20396	6
8504	4
-6880	6
4662	4
-2441	6
-20402	4
3367	5
-19904	4
-22597	4
9136	4
8357	5
6081	4
-2017	6
3541	6
-5602	4
-23455	4
2436	5
5950	4
3284	6
3339	4
2766	4
-2385	6
5889	6
2210	5
9633	4
5279	5
3645	6
9116	4
2400	5
-1342	5
9813	5
-20326	6
-5402	4
10143	2
11968	5
7837	2
3157	5
1605	4
6090	5
1772	4
-13057	5
4221	2
-10327	4
-14361	6
2235	6
421	4
868	5
5955	4
-5918	6
2598	4
1840	4
8118	4
1169	5
7947	4
4297	5
3423	5
332	5
2620	4
4416	5
-23701	5
9127	4
-23735	4
2665	6
-20186	5
6089	6
1142	4
4676	5
2001	5
1748	6
-8431	4
2830	6
2459	4
-7952	5
3954	5
-12582	5
14571	5
-24095	4
4859	5
16896	4
739	6
8289	6
-13195	4
-2197	5
-24740	4
-170	5
4602	4
10542	5
6097	6
4807	5
-205	5
10692	5
-26839	6
5970	5
-1891	6
-18675	4
11254	5
2568	6
903	4
345	4
5174	5
-24517	6
4032	5
-14039	4
-23589	5
15616	4
5709	6
-1455	6
19540	4
-21125	5
3441	4
8427	6
15373	5
5963	2
-2687	5
-23061	6
2769	5
2917	5
-2227	5
1972	5
-10011	4
3839	5
-2625	5
7467	5
-5261	5
2645	4
-20726	5
4631	5
-18535	5
7414	5
-24462	4
9802	5
1069	5
2500	5
6024	5
-1607	5
-1931	4
4472	5
8640	5
6520	5
-10777	6
-9943	4
100	2
-339	6
-13876	4
-17950	4
5899	4
-2024	5
7856	5
-25109	5
3324	6
19151	4
1408	5
-4552	4
-11318	4
1776	5
11595	4
-73	4
-8825	4
4915	5
13446	2
-2391	5
-1081	5
270	4
-7769	5
-4242	6
-1718	6
-13008	6
1043	4
-24356	5
8036	4
-4781	4
-25297	4
6960	2
-419	5
7490	4
7333	6
868	4
-3064	5
6259	5
-6024	4
1751	5
8095	6
6605	5
4867	4
-653	4
8290	2
10837	6
-382	5
1111	4
7593	4
6893	5
-3932	6
-2046	5
-8715	5
2126	5
7397	5
-6882	2
13731	6
-20113	4
-2024	6
891	5
415	5
3078	6
5986	2
3509	4
-26275	5
3449	6
406	6
8849	6
-14321	4
12758	4
1307	6
13695	2
8246	4
8158	5
-1209	5
6363	5
3319	6
-23380	4
-23077	4
5201	4
2782	4
8960	4
-4789	5
4241	4
-22180	4
7345	6
4951	2
850	5
9992	6
5307	5
7849	4
-2633	6
9854	5
111	5
-19264	5
4963	6
9651	4
-581	6
5277	6
2078	5
-17938	4
11196	4
3824	6
-823	2
-22889	5
-24140	6
40	4
6316	5
7331	2
6595	5
-23466	4
10156	5
-291	2
5624	5
278	5
1391	4
834	6
6187	4
4841	6
-25446	5
9934	5
-25493	5
6920	6
-13089	5
1477	6
9175	6
1900	5
9245	4
-22775	4
-14802	4
-676	4
9237	4
17565	4
9001	4
-16863	4
-5503	5
-2003	4
-21767	5
-9806	5
-5841	6
5116	4
-8286	5
4090	5
8962	5
5093	4
8314	5
7617	4
9281	5
20084	5
7935	6
9643	6
1188	5
13059	4
2119	5
4624	5
10386	4
2826	4
7976	5
-11192	5
-1957	6
5979	4
-480	5
3291	6
5193	5
-17148	2
3958	5
-3128	6
166	4
-14925	5
-1934	2
11276	5
6971	5
14316	2
-9028	4
5144	6
-6315	4
-3732	4
10979	6
-18455	6
2673	2
-9570	5
-1214	6
10263	4
7381	6
2979	5
787	5
4595	2
3163	5
1073	4
9549	5
1512	5
6507	2
60	5
12851	5
6675	5
7955	5
5718	6
-19291	4
1938	5
1101	4
-23234	5
6676	6
2438	5
-1526	5
8045	6
9089	5
-3090	5
5110	6
6528	4
5333	4
-170	5
11268	2
9108	3
6003	5
1743	5
-959	5
3426	6
-23030	2
-19905	4
-6421	5
5676	2
-3860	4
5787	6
-14739	5
-13480	5
9373	6
3634	5
8881	5
-22576	5
9672	2
-23091	5
1753	4
2446	5
7993	5
-79	5
8678	5
-16330	4
3764	3
4457	4
595	5
2493	5
20	5
54	5
2524	5
-2568	4
1457	4
3516	4
9480	4
9064	4
-633	5
7046	4
-18189	6
-12055	5
5083	5
7252	2
-20188	6
4950	4
100	4
5594	4
7188	5
-14628	5
2135	6
5674	5
-23353	4
4953	4
13100	4
5633	5
2335	5
-4755	5
-151	6
260	4
-21614	4
-6573	5
-7165	6
-2408	5
9021	4
6415	6
3677	6
-12101	5
15920	6
-23970	5
3558	6
-22676	5
-4642	6
-22722	2
-3334	6
8656	2
-21914	6
-25123	5
6924	4
-7155	6
-13685	5
8361	5
6619	5
10211	6
8021	6
2311	4
-8473	5
4230	2
5627	4
-19805	4
5071	4
4359	4
2741	6
6227	6
10582	5
-14330	6
4572	4
2426	5
3538	5
-21445	4
-20423	5
6239	6
3007	5
3163	5
2082	6
-7716	4
-10230	6
5576	6
-2502	5
-2315	6
8314	4
3277	5
1242	5
-23757	5
5240	5
4310	5
5685	4
-23263	2
2128	6
-3005	5
2405	5
-7787	5
378	4
599	4
-9903	2
11197	6
-9723	5
-23288	5
12063	6
2478	5
3310	5
2380	4
756	5
4332	4
-16744	5
-17565	5
-4785	5
7073	6
5143	4
1636	6
180	5
6868	6
2951	4
-25170	6
13371	4
7189	5
-10432	4
7356	4
8251	4
3069	6
285	2
10241	4
6316	5
11153	2
7738	6
-2157	5
-2040	5
4486	2
8292	4
492	2
812	4
1623	5
-1424	5
4266	5
1956	5
4733	4
8160	6
11863	2
4609	5
-1165	4
5950	6
12789	2
-447	6
7243	6
-8730	4
-4836	6
2438	6
-6648	2
3520	4
-706	6
980	4
9184	5
7457	5
6600	6
5655	5
4000	5
1027	6
3661	6
10152	4
-21152	5
5445	5
5356	5
4665	4
-1724	4
14661	5
6763	4
5803	4
6351	5
-24424	5
-8016	5
-5661	2
8720	5
2173	5
7459	5
3040	5
8499	6
615	6
1996	6
-12530	5
607	5
9000	2
6078	5
225	5
-9674	5
-2520	6
-7124	5
2683	4
5740	5
6045	5
9604	5
4284	5
9007	5
-19593	4
-15372	6
3422	5
5009	6
-10185	5
9327	6
5557	5
-2596	5
12129	5
3242	6
-19753	5
2292	2
5434	4
2103	5
-19221	5
3407	5
-4106	5
5481	5
-1748	6
-22116	4
6905	4
-23982	5
10149	6
-27289	5
-24490	4
7233	5
7301	5
6025	4
-2058	6
2721	5
-1771	5
-3389	6
-638	5
-14026	6
7608	5
-15505	5
4707	5
-492	6
10224	5
4841	5
3849	5
11747	5
6870	5
-27691	6
-26982	6
2090	4
-22379	4
-8516	4
4581	4
-22313	5
8396	4
3769	6
934	4
-8571	2
8991	6
5133	5
-23008	5
4569	4
-3076	6
3806	4
13040	5
6113	2
10591	4
14870	6
3223	5
-4850	4
1340	6
5500	5
4775	5
-28	5
8071	5
-18234	5
-7190	5
3202	5
-25881	5
4681	2
21834	5
580	5
5802	4
872	2
3760	4
2107	2
-5548	5
-144	5
3476	5
3085	5
23088	6
805	4
-24309	6
-1540	6
1402	6
5804	6
11857	2
4506	4
2518	5
7935	4
-7245	5
3658	4
2509	5
879	4
9489	2
2509	5
10848	4
4163	4
14276	6
-7119	6
-465	4
10743	5
6979	5
-21873	4
3396	5
10157	6
10990	2
8021	2
-1173	5
-1522	5
5435	6
9367	5
-214	5
9056	5
-17920	6
1508	5
278	4
6450	4
-5713	5
13903	4
10878	3
-1080	5
-23265	5
-1429	4
11379	5
2400	5
-24119	4
8393	4
-2987	6
7333	5
5324	6
1116	5
-4952	4
-21245	2
2757	4
908	6
-1135	2
-1100	5
1849	5
4754	6
-20946	4
-7191	4
5870	4
712	4
-5993	4
-21823	6
7507	4
-25099	4
9452	5
4309	5
-21251	6
-17310	6
2966	6
7198	5
-8834	4
7855	4
7809	4
8487	4
-22830	6
-23276	5
5766	4
5208	5
5037	4
646	5
-4844	6
9440	5
-898	6
113	4
-24927	6
-25426	5
9878	2
4098	5
-1423	5
13278	4
6071	5
6168	5
-101	5
-22109	5
-201	6
-2613	6
-24426	5
-19470	6
-23489	5
-23390	5
-15807	5
-10830	6
3220	4
13281	5
9414	2
7074	4
9005	5
-1066	6
4896	4
17664	4
-23003	5
-1934	6
5664	6
2749	6
3738	5
-2081	5
7640	4
2872	4
-123	5
-25463	5
-22567	4
-10725	5
-1969	4
2901	5
3457	5
2690	6
-5289	5
7626	6
6251	6
-8404	4
-4195	2
-1179	5
-18492	4
-1760	5
3890	4
10532	4
7995	6
4862	4
3564	5
8849	6
-18663	5
12049	6
9565	5
7314	4
3932	2
-3292	4
9941	5
-2245	5
1665	5
3971	5
12414	5
8524	4
-22691	4
4202	6
1236	5
3288	6
6613	5
1798	4
3101	6
-25116	4
-1914	4
2557	4
7730	4
2189	5
-3097	5
1881	4
4794	5
5893	5
420	5
2221	6
-2074	6
438	4
-22885	4
5145	4
4400	5
7194	4
2966	4
-23956	4
-17120	2
90	5
-18476	5
3337	5
-486	5
8290	6
-1754	4
-11144	4
7573	5
-22619	6
-17456	4
-417	5
-18942	4
-24449	4
705	4
5220	5
5609	6
-16912	5
7156	2
-2383	5
-6813	5
8722	4
6469	2
2403	5
8944	5
3253	5
-26349	4
9173	4
1625	5
6496	4
2808	5
5683	4
1463	5
10071	4
-784	5
16514	5
-20693	4
1898	6
12009	4
5047	5
-6833	6
1320	4
4229	5
1784	6
7480	4
8467	5
11340	2
7276	5
1077	5
2110	5
-12039	5
-3490	4
8056	2
6573	4
11183	5
6302	5
18057	4
4468	4
1748	6
6739	2
2274	5
8283	4
-9073	5
-2327	5
10866	5
-20905	4
2194	5
271	5
-2014	4
7720	5
4425	5
7727	6
4936	6
-15809	4
5528	4
-18360	5
5947	5
-23839	4
8982	5
5119	5
-11249	5
-21849	5
14552	6
-19835	6
581	5
-7867	5
-22912	2
-2999	5
-15532	6
-12075	5
11577	4
2256	5
7478	5
7976	4
-2250	5
3689	4
11757	4
6887	5
12372	5
7318	5
-13672	5
7577	4
990	4
6259	5
-4558	6
8179	5
17071	2
-9021	5
-24773	4
4023	5
6549	5
1849	4
6385	5
-22951	4
-18185	2
12186	6
3874	6
3221	4
1218	5
819	4
1189	2
6384	5
6550	3
5302	4
9537	5
5095	5
1249	5
2693	4
-2276	5
-208	5
-13377	3
8459	5
2776	4
3247	2
6271	4
4855	2
5483	4
2562	6
-2026	5
9140	2
31	5
-4967	4
-21084	4
6970	6
2993	5
-21806	4
-3520	6
8003	5
1248	4
-14306	6
-6371	4
-423	5
4667	4
1253	5
7791	5
10538	4
4482	5
2921	4
-658	5
13598	4
3770	4
-287	6
7136	5
5233	5
319	5
-1830	5
-2174	5
9187	5
4816	4
-3015	5
-22429	5
-846	6
-23108	5
-4001	4
3651	5
-6489	4
9467	4
-2910	5
5410	5
-17161	6
6928	4
5332	5
-3998	5
5045	4
-55	6
-7417	4
-22506	5
1221	5
-2297	5
5738	2
-15431	4
10749	4
5808	2
-6816	4
-2817	6
-14415	5
10924	5
6290	5
-1272	5
-24448	5
7044	4
-5660	4
23821	6
11237	5
-24478	6
2466	4
-6459	4
-6634	5
-2053	4
6516	4
-1599	6
19944	4
-5162	2
2933	4
808	6
7771	4
8823	2
4269	5
3021	4
9196	5
21211	4
-8062	5
-19486	6
886	4
-22659	5
3154	4
9134	6
8097	5
-23864	5
13780	2
6915	3
264	4
4742	6
-19367	4
8812	4
1745	5
21411	5
5428	5
6229	5
7887	4
-3634	5
2035	4
7913	5
6336	4
6253	5
-5609	6
-590	6
-1089	5
4238	5
6956	4
6638	6
5365	4
1183	5
-4233	5
-20640	4
1668	5
6273	4
8129	4
-11011	6
93	6
6550	5
9969	4
-5311	4
-7803	4
-10879	6
-580	5
4620	4
8214	5
8455	4
11057	4
1479	5
11840	6
-730	5
-716	4
3039	4
6789	5
8690	4
10955	5
6381	4
-23251	6
8557	5
-2301	5
-2254	4
-8092	4
-15900	4
1579	6
1943	5
-22785	4
-309	6
12567	2
84	5
-11930	4
4405	4
7938	5
4607	5
4879	4
11161	5
2310	5
7739	4
4955	4
9025	5
5361	5
-2305	5
6560	2
252	5
1859	5
9307	4
-2406	5
7210	6
8561	4
8182	5
-22730	4
3030	4
-587	6
-82	4
1034	6
5700	6
4830	5
4277	2
7375	5
5761	4
8099	4
1424	6
6059	5
1642	4
5360	6
4561	5
2480	4
2958	4
7720	6
3916	6
9347	4
6636	5
6784	5
133	6
3867	4
6830	2
-6894	4
7357	5
3827	6
-5033	5
6011	4
-4894	4
-3134	6
-23962	4
10627	5
5622	5
-2265	6
-5199	5
7780	5
2285	5
3122	2
14106	6
-8484	6
8079	5
-25125	6
11336	5
1771	6
-896	2
14679	6
1178	5
7016	4
9781	2
-23953	4
-17176	4
5227	5
681	5
-13894	4
-23361	5
4987	4
1238	4
3381	6
5594	2
-19245	4
1470	4
6777	2
10044	5
6740	5
-15650	6
8695	5
13101	4
13211	5
-6843	5
3276	6
8473	6
-9190	5
4383	5
-2644	4
1610	6
3632	4
-1559	5
-11440	6
7242	4
9308	5
3116	5
-350	5
4094	5
-24572	5
-20681	5
-7336	5
-14860	4
-10457	6
9002	5
-1256	6
2453	4
6968	4
781	5
-12130	5
-18127	5
2205	5
-428	4
3332	4
-19392	6
-3193	6
9725	6
9670	5
-10802	4
8547	4
13548	2
9146	6
4411	6
1019	5
4986	6
-4425	5
2737	5
1646	3
1867	4
-23393	4
2675	6
8583	5
-19367	4
12742	5
-17237	4
-19101	5
-4581	2
-25265	4
765	6
440	5
3107	6
-16072	2
4146	6
-2787	5
3553	5
-21650	5
2874	5
11115	4
-24144	6
-7486	4
-13668	4
6151	4
-773	5
-363	5
-5339	4
4274	2
8790	2
1727	4
-25171	5
-243	6
11351	5
3275	4
-24597	5
1053	5
15845	4
9342	4
7177	6
264	5
4555	5
-880	5
-2434	6
5283	5
-18093	6
2146	5
6665	6
-3852	6
-4406	5
517	5
9420	5
8641	6
8421	4
-24579	6
-16174	4
-4745	4
-21422	5
6958	5
3168	5
2302	5
4779	4
-26164	5
10195	6
-264	5
2526	4
-17707	6
2979	5
7401	5
2947	4
5296	5
-2356	6
2994	6
6611	4
6197	4
3247	5
411	6
4291	4
-1969	4
7941	4
8511	5
-12931	6
-7394	2
9359	4
11093	2
8788	5
13622	5
-25445	5
14525	5
8896	2
-8525	5
4925	4
10217	4
5235	6
-9540	5
-3446	6
327	5
-1613	5
4393	2
-25089	6
4103	5
-12647	4
7983	5
9220	2
7031	5
3456	5
163	5
195	6
428	5
1312	4
4277	4
3069	4
-24290	5
-2735	2
-23395	5
-20486	6
-23505	5
4014	4
5572	4
-8823	5
1644	5
3881	5
7579	5
9435	6
-7028	6
-735	5
2731	5
11393	6
-6321	6
-4184	4
14605	4
8589	5
3815	6
9816	4
7807	5
7141	5
2727	6
-15896	4
8895	5
-15083	4
-22171	6
5180	4
-1828	5
6135	4
10011	4
15627	4
-16547	4
-11700	4
-17574	6
-4209	2
14081	4
-5414	2
-14201	5
790	6
7714	4
8399	5
1555	4
-21476	4
7942	6
6176	4
1635	4
-2822	6
7951	6
6205	4
-19671	5
2671	4
3128	6
6071	5
629	5
7	5
-19731	6
-12759	5
4432	6
-2820	6
3978	5
-2794	5
-243	4
7096	6
2076	5
4330	5
6567	4
4871	4
6701	4
17007	2
4244	6
9661	4
6384	5
-2615	4
9802	4
6699	4
5338	4
684	5
11163	6
-24002	5
-220	2
6421	5
8129	4
6324	6
4682	5
8756	4
4160	2
-925	5
-24284	6
1224	5
6037	5
3451	5
-5189	4
-26107	6
-14738	6
2106	4
8517	6
6986	5
6586	4
-1041	4
-10493	4
-22847	6
-13600	5
735	6
7018	5
-21525	5
12967	5
5004	6
-22147	4
-21006	6
12989	2
5459	6
-12247	4
268	5
8481	5
4143	5
6447	6
6855	6
2896	4
6766	2
9943	5
4018	2
2509	5
2991	6
3015	6
7502	5
8992	4
121	5
-8807	5
2247	5
3674	4
767	6
8581	2
5710	6
8465	4
165	5
-9158	6
-2405	4
4137	5
6786	4
872	5
3626	4
-7440	5
2990	6
9967	5
8333	4
-876	6
-270	6
-1792	5
4721	5
100	6
3781	6
3595	5
9829	6
-1794	6
8075	4
4762	6
8156	5
2857	5
3268	5
6057	4
-4975	6
-18297	6
2592	4
4226	5
2245	5
-26653	6
4522	5
7840	5
1853	5
7634	5
6160	6
-8964	4
3138	2
15459	5
3551	5
3353	2
5405	5
6116	6
6443	5
-6751	4
5768	5
-10049	4
1243	5
-2748	4
1413	5
8688	4
4815	6
-22704	4
10156	4
8535	6
281	5
4062	5
-91	6
965	5
-22982	4
5065	4
-9947	5
-6899	6
1994	5
5445	5
3507	6
3989	5
-2111	6
7379	4
5469	5
1670	4
9933	4
2922	5
4450	5
-1319	2
-24095	4
9082	4
6201	2
11020	6
6778	5
9627	5
811	6
9880	6
8487	4
-2656	5
7353	5
1312	6
6887	6
6083	5
331	5
-16292	6
1555	4
-23606	6
7254	6
6250	5
856	4
5028	2
3692	5
2400	5
6978	5
8393	4
1059	5
10390	4
-4543	4
8009	5
2716	2
-4924	4
513	5
-25032	6
652	5
2280	6
6576	4
-2681	4
6798	4
-20753	2
4454	5
6272	5
-25317	4
2290	4
10026	4
-23315	5
1469	4
852	4
-17749	5
6107	4
5907	4
6911	4
3713	4
-23764	5
-27534	5
14034	4
-16113	4
3247	5
3238	4
-18571	6
6599	4
6687	5
8262	5
1049	4
-2936	6
8428	5
2270	2
-8119	5
8127	4
2837	6
-3666	6
1998	5
11465	5
10067	5
804	4
6780	5
-662	5
4369	5
1128	2
-6375	6
-8525	5
3479	6
1896	5
5765	5
-20019	4
3017	5
1575	5
-16753	5
-4359	5
-20839	4
6372	6
1642	5
10157	6
-6455	5
-14420	6
-5735	5
9397	4
7404	4
9411	6
-16842	3
5571	6
4031	4
7177	4
-22227	4
578	6
12934	5
-22235	6
6752	4
-4230	6
4851	4
-257	4
2417	4
5462	6
8582	6
-22664	2
6296	5
-1154	6
-5134	6
6021	5
5114	5
-1988	4
-11580	5
8938	5
-2654	5
6891	4
-137	4
6213	6
443	4
-8460	6
3239	5
3263	4
-3	4
-10	4
-7190	6
-4437	6
4782	4
15545	4
5634	5
-7673	6
-1894	6
-1044	5
8394	4
766	6
-581	5
7869	5
8280	6
4046	6
1884	4
4627	4
10003	2
3163	4
-5358	4
12787	2
-3016	5
-2657	6
9965	6
-24028	6
1951	6
-8667	6
-15071	4
7931	4
8443	2
10357	4
-8206	5
14482	4
3074	4
4135	5
3719	4
17250	2
10239	6
7198	4
6503	5
5958	6
-1556	4
-3083	5
-85	5
11208	4
-14073	2
2332	2
-23874	5
-23627	2
11440	5
8528	4
-13723	4
-832	6
-6054	5
4621	6
5702	4
12067	5
11145	5
5679	5
-16125	4
2476	2
-20296	5
-6166	4
