-6209	0
1242	1
5586	1
6033	1
5798	1
-18832	1
5295	1
5970	1
4793	1
-19733	0
3919	1
5920	1
3335	1
6300	1
4635	1
5407	1
4479	1
4930	1
-52927	1
-2290	1
4975	1
231	1
2460	1
3935	1
5027	1
5212	1
-5123	1
3097	1
2759	1
5479	1
-5910	0
4951	1
2976	1
5644	1
4329	1
6826	1
-73474	1
-14957	0
5446	1
4654	1
-12837	1
5567	1
5794	1
2277	1
6938	1
-4409	1
3775	1
1785	1
2017	1
-13189	0
1236	1
4997	1
5290	1
3639	1
4651	1
-472	1
5245	1
3205	1
4415	1
2839	1
-4040	1
-8191	0
-13391	0
-2037	1
2014	1
970	1
-2192	1
1800	1
3380	1
4572	1
5454	1
5334	1
-413	1
5893	1
-21713	0
-12776	1
-268	1
3717	1
5560	1
5877	1
6296	1
-18253	0
2349	1
1575	1
-28037	0
4863	1
7845	1
-14081	0
2899	1
5376	1
-16	1
6238	1
2354	1
5120	1
-9128	0
-14043	0
5819	1
5914	1
2109	1
4556	1
6616	1
6250	1
1681	1
5679	1
2160	1
3949	1
2863	1
1081	1
412	1
-5139	1
5853	1
-12937	1
5448	1
3546	1
790	1
-621	1
3874	1
-851	1
4941	1
1111	0
4021	1
5561	1
5430	1
-47229	1
6057	1
4691	1
-848	0
-11863	0
6551	1
2915	1
869	1
5132	1
5257	1
-8478	0
5737	1
5697	1
-1403	1
-224	1
3983	1
4262	1
5343	1
1528	1
3552	1
3443	1
6944	1
3821	1
-487	1
-2783	0
599	1
-9473	1
6603	1
4753	1
5883	1
4510	1
5867	1
3398	1
-13455	1
4742	1
5131	1
-4375	1
14	1
4593	1
1871	1
5026	1
5330	1
-182	1
3133	1
340	0
4075	1
-2855	1
4109	1
-1830	1
5199	1
-2208	1
5861	1
-6018	1
3133	1
-11754	0
-841	1
4690	1
1796	1
-25020	0
1837	1
-1745	1
1987	1
4152	1
5735	1
2561	1
3126	1
4959	1
-4211	0
5093	1
5835	1
5353	1
-26692	1
4773	0
291	0
4873	1
-5985	1
5318	1
-105460	1
-496	1
3997	1
-8281	0
4977	1
6494	1
3783	1
-3610	1
5806	1
5594	1
6246	1
4622	1
1813	1
4172	1
3750	1
-30594	0
-777	1
5466	1
-29309	0
6818	1
5209	1
4755	1
5632	0
-577	1
-14869	1
5692	1
5048	1
1311	1
184	1
7539	1
7638	1
4847	1
-2600	0
4801	1
2911	1
-8854	1
-2104	1
5280	1
6461	1
1289	1
-16161	0
5665	1
3665	1
-24400	0
4819	1
-4407	1
5541	1
5075	1
4162	1
3716	1
162	1
150	1
4467	1
3937	1
3393	1
6529	1
2924	1
5045	1
5317	1
3962	1
5133	1
1853	1
806	1
4701	1
5546	1
3195	1
2210	1
-11489	0
2936	1
-18575	0
1341	1
4190	1
-5282	0
5010	1
-2598	0
3532	1
447	1
-5500	0
817	1
-2647	0
5380	1
-6380	0
-24181	0
-3269	1
-4367	0
-8503	0
-32267	0
5639	1
4982	1
4018	1
-7390	1
4283	1
3675	1
5374	1
599	1
-16893	0
-11345	0
4669	1
3608	1
-2508	0
-1711	1
5985	1
-3748	1
-895	1
4964	1
4990	1
-1675	1
825	1
4814	1
3863	1
1622	1
7016	1
-9239	0
5922	1
5278	1
5024	1
6587	1
5210	1
5244	1
-63	1
4418	1
1071	1
4504	1
5150	1
1534	1
-11263	0
2294	1
-24764	0
3950	1
4084	1
940	1
1797	0
6652	1
4712	1
-9186	1
3478	1
4807	1
4157	1
4772	1
3267	1
4346	1
-35245	0
3431	1
-23557	1
-4264	0
-27822	0
3733	1
2201	1
2929	1
-3605	1
5102	1
4232	1
5462	1
4288	1
5608	1
2423	0
5516	1
-5831	1
5153	1
5370	1
3733	1
4915	1
5172	1
6168	1
4402	1
3726	1
3987	1
3968	1
6258	1
4422	1
3005	1
-4219	1
2851	1
3738	1
5638	1
4938	1
2888	1
4013	1
3814	1
5850	1
6269	1
-2617	0
4814	1
3441	1
6236	1
3496	1
5689	1
7326	1
4970	1
-2601	1
3050	1
4273	1
81	1
-16852	0
6254	1
6467	1
-15928	0
5158	1
-9115	0
6524	1
2231	1
3041	1
-5697	0
-19476	1
3376	0
4790	1
6233	1
1562	1
-1772	1
5430	1
4803	1
-11482	0
4662	1
6903	1
6131	1
1551	1
4386	1
-2806	1
-5910	1
5266	1
5080	1
4701	1
5016	1
4490	1
6842	1
5183	1
5798	1
2759	1
2131	0
-23825	0
-17662	1
-289	0
-3691	1
5681	1
5140	1
-2543	1
3843	1
3120	1
3878	1
5784	1
6975	1
4701	1
-1206	1
-5829	0
-3356	1
1898	1
2894	1
3571	1
-817	1
5732	1
5583	1
2908	1
3235	1
2259	0
-5312	1
6572	1
6039	1
4237	1
4685	1
5384	1
-359	1
-8608	1
-6368	1
-14348	0
4521	1
-77643	1
-3473	1
-34543	1
6144	1
4583	1
5407	1
-15054	0
-40153	1
3284	1
4532	1
-2325	1
3851	1
6100	1
614	1
-16282	1
6125	1
-408	1
3683	1
-9818	1
-37984	1
-14567	1
4317	1
5813	1
5741	1
4824	1
6220	1
4855	1
5571	1
611	1
-22848	0
5224	1
7033	1
4841	1
3170	1
4514	1
4178	1
3744	1
5443	1
6279	1
5661	1
5534	1
4349	1
5164	1
-4906	1
-867	1
-12755	0
3250	1
6222	1
5556	1
6370	1
4166	1
5410	1
4866	1
5071	1
5028	1
5229	1
-5898	1
6706	1
4672	1
-46468	1
4744	1
6020	1
-11774	1
5207	1
-1698	1
4619	1
6106	1
3650	1
6258	1
2935	1
1584	1
4579	1
3123	1
-1969	1
4653	1
2169	1
-581	1
-18677	1
-2681	1
4581	1
5049	1
-8458	1
-13411	0
4546	1
239	1
4609	1
4988	1
6379	1
-13010	0
-9290	0
-6244	0
-19811	0
4693	1
5335	1
1440	1
3380	1
7001	1
3390	1
2459	1
3804	1
-5780	0
-5415	0
5340	1
4914	1
-12302	0
5038	1
-8667	1
5894	1
-792	1
5844	1
6210	1
4001	1
4843	1
5551	1
-16671	0
5628	1
3572	1
5754	1
-1558	1
4385	1
2563	1
2012	1
5102	1
-218	1
4221	1
5514	1
4066	1
-15261	0
-5506	0
5567	1
5966	1
-10440	1
-3937	0
4904	1
-5320	1
1035	1
4489	1
4717	1
4454	1
6486	1
7004	1
3252	1
-24432	0
5067	1
-5931	0
6122	1
1213	1
4422	1
2062	1
-7456	0
-776	1
-1697	1
2936	1
4979	1
-287	1
-12067	1
5466	1
3764	1
1272	0
-6249	1
1781	0
6297	1
3908	1
386	1
5663	1
6500	1
-1350	1
-3656	0
1829	1
4477	1
5110	1
2522	1
1109	1
-5655	0
1515	1
-3031	0
-22395	0
4469	1
-6018	1
3269	1
3801	1
-26554	0
-1156	1
5804	1
-2014	1
5335	1
4304	0
2549	1
6020	1
5560	1
4328	1
3706	1
-11547	0
6482	1
5681	1
6156	1
3065	1
3390	1
-8945	0
3185	1
2473	1
2884	1
3892	1
5245	1
2176	1
4513	1
3906	1
4824	1
3184	1
4296	1
5445	1
4298	1
3153	1
5578	1
3665	1
2469	1
1467	1
274	1
-23629	0
-162	1
-1965	1
-12763	0
2247	1
4928	1
-27619	0
5148	1
4055	1
-392	1
2147	1
6873	0
1874	1
144	1
-8092	0
-11869	1
4100	1
2252	1
6502	1
3968	1
4734	1
5373	1
5445	1
1170	1
-792	0
4563	1
1750	1
-28715	0
2774	1
5207	1
-20797	0
5033	1
-4641	0
5451	1
-21081	1
-3922	1
5570	1
3338	1
7147	1
4836	1
4654	1
5101	1
4284	1
-1605	1
6369	1
1	1
5794	1
-3393	1
4676	1
-9327	1
5622	1
1663	1
4370	1
-1485	1
-13125	0
5311	1
4929	1
-19497	0
5157	1
3797	1
-4527	1
6158	1
2813	0
-4809	0
3105	1
-194	1
7230	1
-105	1
-2847	1
5271	1
1676	1
-17642	0
5373	1
-41461	1
5136	1
6394	1
2636	1
-4136	0
910	1
4235	1
3954	1
