8127	-194
18168	-194
9801	-3391
-240	-194
9801	-194
11474	-194
-10281	3002
8127	-194
14821	-194
9801	-194
1433	-194
11474	-194
1433	-194
1433	-194
13148	-194
1433	-194
-10281	-194
-240	-194
4780	-194
6454	-194
-240	-194
-240	-194
3107	-194
-13628	-194
-6934	-194
18168	-194
3107	-194
-240	-194
13148	-194
8127	-194
14821	-194
-3587	-194
3107	-194
-5261	-194
-8608	-194
6454	-194
3107	-194
4780	-194
-5261	-194
6454	-194
-240	-194
-3587	-194
-3587	-194
-1914	-194
4780	-194
-25342	-194
3107	-194
4780	-194
-6934	-194
19842	-194
-240	-194
-5261	-194
-3587	-194
4780	-194
13148	-194
-6934	-194
6454	-194
-240	-194
-240	-194
-8608	-194
-16975	-194
13148	-194
1433	-194
-6934	-194
-3587	-194
-18648	-194
-3587	-194
-3587	-3391
-240	-194
-6934	-194
1433	-194
9801	-194
-6934	-194
4780	-194
6454	-194
4780	-194
-240	-194
-10281	-194
-6934	-194
6454	-194
1433	-194
1433	-194
11474	-194
-5261	-194
-13628	-194
8127	-194
4780	-194
-1914	-194
-40404	-194
-1914	-194
3107	-194
9801	-194
19842	-194
-16975	-194
-21995	-194
14821	-194
6454	-194
-11954	-194
1433	-194
-8608	-194
8127	-194
16495	-194
-5261	-194
-8608	-194
-240	-194
-15301	-194
-6934	-194
19842	-194
-10281	-194
1433	-194
-25342	-194
6454	-194
-6934	3002
-15301	-194
9801	-194
1433	-194
1433	-194
-21995	-194
-10281	-194
8127	-194
11474	-194
1433	-194
-3587	-194
-11954	-194
11474	-194
1433	-194
1433	-194
16495	-194
3107	-194
14821	-194
1433	-194
3107	-194
1433	-194
13148	-194
-10281	-194
-16975	-194
-3587	-194
9801	-194
11474	-194
3107	-194
-18648	-194
3107	-194
-5261	-194
-1914	-194
3107	-194
-11954	-194
-8608	-194
-3587	-194
14821	-194
3107	-194
-6934	-194
6454	-194
13148	-194
11474	-194
-10281	-194
-5261	-194
1433	-194
14821	-194
-3587	-194
-13628	-194
19842	-3391
11474	-194
6454	-194
9801	-194
3107	-194
-20322	-194
-240	-194
11474	-194
6454	-194
8127	-194
11474	-194
-1914	-194
4780	-194
3107	-194
8127	-194
-240	-194
16495	-194
8127	-194
-240	-194
6454	-194
-10281	-194
-13628	3002
4780	-194
-13628	-194
-6934	-194
1433	-194
4780	-194
1433	3002
-23669	-194
-240	-194
-15301	-194
4780	-194
-5261	-194
3107	-194
-11954	-194
-240	-194
-8608	-194
1433	-194
8127	-194
-1914	-194
1433	-3391
9801	-194
-1914	-194
-240	-194
-240	-194
1433	-194
6454	-194
9801	-194
13148	-194
6454	-194
4780	-194
9801	-194
1433	-194
-13628	-194
-11954	-194
4780	-194
-8608	-194
16495	-194
-3587	-194
8127	-194
-1914	-194
6454	-194
-28689	-194
-5261	6199
4780	-194
-240	-194
-10281	-194
1433	-194
9801	-194
-3587	-194
18168	-194
-6934	-194
-240	-194
23188	-194
4780	-194
8127	-194
8127	-194
8127	-194
-8608	-194
3107	-194
-1914	-194
1433	-194
8127	-194
16495	-194
-6934	-194
-10281	-194
4780	-3391
3107	-194
8127	-194
-3587	-194
-5261	-194
4780	-194
-5261	-194
1433	-194
-240	-194
-10281	-194
-15301	-194
3107	-194
8127	-194
9801	-194
-25342	3002
-5261	-194
-3587	-194
16495	-194
-10281	-194
-1914	-3391
-13628	-194
8127	-194
-11954	-194
3107	-194
3107	-194
6454	-194
6454	-194
1433	-194
3107	-194
-10281	-194
8127	-194
-240	-194
8127	-194
6454	-194
6454	-194
-5261	-194
1433	-194
-1914	-194
-240	-194
-3587	-194
-18648	-194
-5261	-194
3107	-194
-3587	-194
-13628	-194
18168	-194
-16975	-194
4780	-194
-20322	-194
-3587	-194
-8608	-194
-1914	-194
-3587	-194
3107	-194
-10281	-194
6454	-194
-1914	-194
11474	-194
16495	-194
-23669	-194
11474	-194
3107	-194
3107	-194
8127	-194
13148	-194
1433	-194
-240	-194
9801	-194
1433	-194
-6934	-194
-1914	-194
6454	-194
4780	-3391
-240	565605
4780	-194
3107	-194
-1914	-194
1433	-194
4780	-194
-16975	-194
13148	-194
14821	-194
-6934	-194
-8608	-194
-5261	-3391
6454	-194
-3587	-194
-8608	-194
-1914	-194
-1914	-194
-3587	-194
4780	-194
-21995	-194
-10281	-194
-240	-194
1433	-194
-3587	-194
-10281	-194
8127	-194
-10281	-194
1433	-194
3107	-194
11474	-194
13148	-194
6454	-194
-25342	-194
-10281	-194
1433	-194
8127	-194
-3587	-194
-18648	-194
6454	-194
6454	-194
4780	-194
-3587	-194
3107	-194
9801	-194
-1914	3002
6454	-194
-13628	-194
3107	-194
-1914	-194
3107	-194
8127	-194
1433	-194
-13628	-194
1433	-194
-10281	-194
1433	18985
-240	-194
-1914	-194
-240	-194
-3587	-194
9801	-194
11474	-194
8127	-194
11474	-194
-10281	-194
-13628	-194
-1914	-194
3107	-194
13148	-3391
21515	-194
9801	-194
4780	-194
-1914	-194
-8608	-194
1433	-194
6454	-194
-16975	-194
6454	-194
-28689	-194
1433	-194
6454	-194
4780	-194
-1914	6199
-8608	-194
-20322	-194
-3587	-194
-1914	-194
6454	-194
-240	-194
6454	-194
6454	-194
4780	-194
11474	-194
-5261	-194
-5261	-194
-3587	-194
16495	-194
-11954	-194
-20322	-194
-15301	-194
-11954	-194
19842	-194
11474	-194
13148	-194
-15301	-194
-11954	-194
-8608	-194
-3587	-194
-240	-194
6454	-194
-6934	-194
1433	-194
-3587	-194
11474	-194
-10281	-194
6454	-194
-8608	-194
-8608	-194
1433	-194
8127	-194
-15301	-194
11474	-194
8127	-194
8127	-194
11474	-194
13148	-194
-15301	-194
-11954	-194
-1914	-194
18168	-194
-3587	-194
-8608	-194
9801	-194
11474	-194
-5261	-194
1433	-194
-13628	-194
-10281	-194
-13628	-194
-8608	-194
-10281	-194
16495	-194
4780	-194
14821	-194
8127	-194
-1914	-194
8127	-194
3107	-194
-5261	-194
13148	-194
-240	-194
-5261	-194
-1914	-194
-3587	-194
-6934	-194
8127	-194
11474	-194
-6934	-194
-1914	-194
11474	-194
1433	-194
-8608	-194
-3587	6199
8127	-194
-240	-194
4780	-194
-15301	-194
-13628	-194
-11954	-194
-3587	-194
-1914	-194
-8608	-194
-1914	-194
-23669	-194
-11954	-194
-3587	-194
-13628	-194
9801	-194
1433	-194
9801	-194
-1914	3002
-3587	-194
-5261	-194
14821	-194
-5261	3002
-6934	-194
4780	-194
6454	-194
9801	-194
4780	-194
-1914	-194
1433	-194
-3587	-194
13148	-194
4780	-194
-11954	-194
-240	-194
-16975	-194
-5261	-194
11474	-194
-3587	-194
-6934	-194
-6934	-194
-240	-194
-1914	-194
-15301	-194
-33710	-194
-30363	-194
-11954	-194
1433	-194
1433	-3391
-16975	-194
-5261	-194
11474	-3391
6454	-194
3107	-194
1433	-194
14821	-194
9801	3002
-1914	-194
16495	-194
-6934	-194
11474	-194
14821	-194
-240	-194
-5261	-194
-3587	-194
-240	-194
-8608	-194
16495	-194
6454	-194
23188	-194
-3587	-194
-3587	-194
-10281	-194
-3587	-194
-240	-194
3107	-194
-13628	-194
8127	-194
3107	-194
13148	3002
8127	-194
9801	-194
-240	-194
1433	-194
-23669	-194
1433	-194
-3587	-194
-240	-194
-5261	-3391
-1914	-194
-240	-194
-10281	-194
14821	-194
-1914	-194
3107	-194
4780	-194
-13628	-194
4780	-194
6454	-194
3107	-194
-8608	-194
-11954	3002
9801	-194
-10281	-194
11474	-194
11474	-194
-3587	-194
-1914	-194
4780	-194
-8608	-194
14821	-194
6454	-194
-10281	-194
-6934	-194
-1914	-194
9801	-194
-11954	-194
11474	-194
-6934	-194
3107	-194
-6934	-194
-240	-194
11474	-194
3107	-194
-6934	-194
-6934	-194
14821	-194
3107	-194
-6934	-194
-3587	-194
11474	-194
6454	-194
13148	-194
-13628	-194
4780	-194
-3587	-194
9801	-194
-240	-194
-3587	-194
-1914	-194
-1914	-194
4780	-194
-1914	-194
-3587	-194
-10281	-194
13148	-194
-18648	-194
-16975	-194
-16975	-194
9801	-194
-3587	-194
1433	-3391
3107	-194
3107	-194
-6934	-194
-3587	-194
4780	-194
11474	-194
14821	-194
-6934	-194
-6934	-194
-11954	-194
-240	-194
-15301	-194
-13628	-194
6454	-194
8127	-194
-5261	-194
-45424	-194
9801	-194
-20322	-194
6454	-194
1433	-194
-3587	-194
3107	-194
-8608	-194
9801	-194
4780	-194
13148	-194
-5261	-194
13148	-194
8127	54148
6454	-194
8127	-194
1433	-194
-1914	-194
4780	-194
4780	-194
24862	-194
1433	-194
6454	-194
4780	-194
-6934	-194
14821	-194
1433	-194
1433	-194
-1914	-194
-6934	-194
-16975	-194
-3587	3002
6454	-194
3107	-194
-1914	-194
18168	-194
8127	-194
9801	-194
6454	-194
-1914	-194
-240	-194
-1914	-3391
-3587	-194
9801	-194
-8608	-194
1433	-194
-5261	-194
11474	-194
-240	-194
11474	-194
9801	-194
-3587	-194
-240	-194
-10281	-194
3107	-194
6454	-194
8127	-194
-1914	-194
8127	-194
4780	-194
4780	-194
23188	-194
4780	-194
8127	-194
-10281	-194
9801	-194
-11954	-194
3107	-194
-3587	-194
-1914	-194
-10281	-194
9801	-194
-3587	-194
-11954	-194
3107	-194
6454	-194
-6934	-194
-3587	-194
11474	-194
4780	-194
4780	-194
3107	-194
8127	-194
19842	-194
6454	-194
-1914	-194
-11954	-194
-8608	-194
3107	-194
14821	-194
4780	-194
-1914	-194
-13628	-194
-6934	3002
-5261	-194
-1914	-194
-3587	-194
9801	-194
1433	-194
-25342	-194
3107	-194
-3587	-194
-8608	-194
3107	-194
-5261	-194
3107	-194
-6934	-194
8127	-194
-1914	-194
4780	-194
4780	-194
11474	-194
-3587	-194
9801	-194
-10281	-194
6454	-194
11474	-194
18168	-194
-13628	-194
9801	-194
-10281	-194
6454	-194
-11954	-194
-11954	-194
9801	-194
-6934	-194
-16975	-194
13148	-194
8127	-194
-240	-194
3107	-194
-6934	-194
-240	-194
-5261	-194
3107	6199
4780	-194
6454	-194
-5261	-194
6454	-194
6454	-194
-3587	-194
-3587	-194
4780	-194
-30363	-194
-30363	-194
6454	-194
1433	-194
-13628	-194
-3587	-194
-15301	-194
6454	-194
1433	-194
-1914	-194
9801	-3391
9801	-194
-240	-194
-240	-194
-240	-194
-11954	-194
1433	-194
-11954	-194
-1914	-194
13148	-194
-21995	-194
14821	-194
3107	-194
8127	-194
6454	-194
6454	-194
-240	-194
-23669	-194
-25342	-194
-5261	-194
-240	-194
-240	-194
-18648	-194
4780	-194
3107	-194
1433	-194
6454	-194
-3587	-194
11474	-194
-15301	-194
4780	-194
6454	-194
-23669	-194
3107	-3391
-15301	-194
6454	-194
-240	-194
-15301	-194
4780	-194
-18648	-194
9801	-194
8127	-194
-240	-194
8127	-194
-1914	-194
9801	-194
-5261	-194
-6934	-194
-240	-194
-3587	-194
11474	-194
-10281	-194
8127	-194
11474	-194
11474	-194
-11954	-194
-1914	-194
-6934	-194
14821	-194
-5261	-194
-240	-194
-5261	-194
-1914	-194
-10281	-194
-11954	-194
-18648	-194
-8608	-194
1433	-194
-8608	-194
3107	-194
4780	-194
-240	-194
16495	-194
9801	-194
-3587	-194
-10281	-194
3107	-194
-13628	-194
14821	-194
-1914	-194
-240	-194
24862	-194
8127	-194
11474	-194
-10281	-194
13148	-194
1433	-194
11474	-194
-21995	-194
4780	-194
-10281	-194
11474	-3391
-21995	-194
-3587	-194
3107	-194
-3587	-194
-3587	-194
-6934	-194
-20322	-194
-5261	-194
-3587	-194
-3587	-194
6454	-194
4780	-194
-240	-194
1433	-194
-6934	-194
-16975	-194
-1914	-194
-5261	-194
11474	-194
-13628	-194
-30363	-194
16495	-194
9801	-194
-240	-194
-27016	-194
-3587	-194
-3587	-194
8127	-194
-3587	-194
8127	-194
4780	-194
-18648	-194
1433	-194
11474	-194
-5261	-194
6454	-194
-6934	-194
14821	-194
3107	-194
-1914	-194
24862	-194
-5261	-194
6454	-194
-16975	-194
11474	-194
-8608	-194
6454	-194
-1914	-194
-5261	-194
6454	-194
11474	-194
-3587	-194
-240	-194
-3587	-194
6454	-3391
-11954	-194
8127	-194
9801	-194
1433	-194
-1914	-194
4780	-194
4780	-194
8127	-194
9801	-194
1433	-194
-18648	-194
1433	-194
4780	-194
13148	-194
-240	-194
-3587	-194
8127	-194
6454	-194
-21995	-194
11474	-194
11474	-194
-8608	-194
1433	-194
-21995	-194
6454	-194
-240	-194
-6934	-194
3107	-194
21515	-194
18168	-194
-3587	-194
-10281	-194
1433	-194
3107	-194
-240	-194
-21995	-194
14821	-194
-15301	-194
9801	-194
1433	-194
-6934	-194
-3587	-194
6454	-194
1433	-194
-5261	-194
-5261	-194
14821	-194
-3587	-194
3107	-194
-240	-194
3107	-194
-1914	-194
14821	-194
11474	-194
16495	-194
6454	-194
-63832	31772
8127	-194
-8608	-194
-6934	-194
-6934	-194
-28689	-194
-15301	-194
-21995	-194
-1914	-194
-1914	-194
-6934	-194
6454	-194
4780	-194
-5261	-194
-240	-194
-1914	-194
-5261	-194
1433	-194
4780	-194
13148	-194
-5261	-194
6454	-194
6454	-194
4780	-194
11474	-194
13148	-194
11474	-3391
-240	-194
16495	-194
-3587	-194
1433	-194
4780	-194
14821	-194
6454	-194
9801	-194
4780	-194
18168	-3391
-3587	-194
-240	-194
-240	-194
-6934	-194
4780	-194
3107	-194
-11954	-194
8127	-194
6454	-194
-240	-194
-5261	-194
4780	-194
9801	-194
-11954	-194
-3587	-194
13148	-194
11474	-194
-1914	-194
8127	-194
-16975	-194
3107	-194
14821	-194
4780	-194
3107	-194
-5261	-194
13148	-194
21515	-194
9801	9396
-5261	-194
6454	-194
-6934	-194
9801	-194
-6934	-194
-240	-194
1433	-194
11474	-194
11474	-194
-1914	-194
-3587	-194
8127	-194
4780	-194
8127	-194
14821	-194
-5261	-194
-3587	-194
-240	-194
1433	-194
6454	-194
3107	-194
-240	-194
8127	-194
1433	-194
1433	-194
1433	-194
-1914	-194
-10281	3002
3107	-194
6454	-194
1433	-194
1433	-194
9801	-194
1433	-194
6454	-194
8127	-194
-5261	-194
9801	-194
-8608	-194
16495	-194
8127	-194
-1914	-194
1433	-194
-1914	-194
-13628	-194
-240	-194
-6934	-194
-1914	-194
-11954	-194
-13628	-194
-240	-194
-5261	-194
-1914	-194
-3587	-194
1433	-194
16495	-194
-240	-194
-8608	-3391
-240	-194
4780	-194
6454	-194
9801	-194
11474	-194
-240	-194
1433	-194
-10281	-194
-240	-194
9801	-194
8127	-194
6454	-194
-1914	-194
-23669	-194
-42077	-194
21515	-194
-5261	-194
13148	-194
-1914	-194
11474	-194
-3587	-194
9801	-194
3107	-194
-13628	-194
-5261	-194
-3587	-194
9801	-194
6454	-194
-6934	-194
-5261	-194
1433	-194
-15301	-194
-5261	-194
3107	-194
-8608	-194
-5261	-194
13148	-194
3107	-194
-23669	-194
3107	-194
8127	-194
4780	-194
-11954	-194
-3587	-194
11474	-194
8127	-194
9801	-194
1433	-194
-8608	-194
11474	-194
-10281	-194
-6934	-194
6454	-194
-13628	-194
13148	-194
-20322	-194
-13628	-194
-1914	-194
4780	-194
8127	-3391
6454	-194
18168	3002
4780	-194
8127	-194
-5261	-194
4780	-194
8127	-194
16495	-194
-3587	-194
9801	-3391
-3587	-194
-13628	-194
9801	-194
8127	-194
-6934	-194
-3587	-194
3107	-194
3107	-194
4780	-194
9801	-194
4780	-194
-10281	-194
3107	-194
1433	-194
6454	-194
6454	-194
13148	-194
-28689	-194
4780	-194
9801	-194
-15301	-194
14821	-194
4780	-194
8127	-194
3107	-194
-6934	-194
-6934	-194
3107	-194
-1914	-194
6454	-194
-1914	-194
-3587	-194
-3587	-194
-10281	-194
18168	-194
-5261	-194
-3587	-194
-20322	-194
-240	6199
4780	-194
19842	-194
9801	-194
16495	-194
-1914	-194
-5261	-194
-13628	-194
6454	-194
-5261	-194
11474	-194
6454	-194
-1914	-194
3107	-194
11474	-194
-6934	-194
-11954	-194
11474	-194
6454	-194
3107	-194
-1914	-194
-3587	-194
6454	-194
14821	-194
-240	-194
3107	-194
-13628	-194
1433	-194
-240	-194
-240	-194
-240	-194
19842	-194
18168	-194
6454	-194
11474	-194
-27016	-194
8127	-194
-27016	3002
-6934	-194
-3587	-194
-11954	-194
6454	-194
-10281	-194
6454	-194
11474	-194
-11954	-194
-240	-194
3107	-194
-3587	-194
-11954	-194
9801	-194
-11954	-194
4780	-194
4780	-194
13148	-194
-6934	-194
4780	-194
-13628	-194
11474	-194
9801	-194
4780	-194
8127	-194
-18648	-194
14821	-194
-10281	-194
-5261	-194
-3587	-194
-10281	-194
14821	-194
1433	-194
-1914	-194
-1914	-194
-16975	-194
4780	-194
16495	-194
-11954	-194
-240	-194
-3587	-194
-6934	-194
-240	-194
13148	-194
-1914	-194
8127	-194
9801	-194
-15301	-194
-20322	-194
-3587	-194
-240	-194
9801	-194
1433	-194
-1914	-194
-21995	-194
9801	-194
13148	-194
-13628	-194
6454	-194
-240	-194
-240	-194
-3587	-194
-5261	-194
-13628	-194
-5261	-194
-6934	-194
6454	-194
-5261	-194
-3587	-194
9801	-194
6454	-194
8127	-194
-3587	-194
-1914	-194
14821	-194
8127	-194
11474	-194
-6934	-194
6454	-194
-18648	-194
-1914	-194
13148	-194
16495	-194
-5261	-194
1433	-194
9801	-194
-18648	-194
-18648	-194
-1914	-194
8127	-194
18168	-194
-6934	-194
3107	-194
-13628	-194
4780	-194
-15301	-194
9801	-194
-16975	-194
-15301	-194
-240	-194
-3587	-194
-27016	-194
-8608	-194
-3587	-194
13148	-194
-11954	-194
9801	-194
9801	-194
14821	-194
4780	-194
-3587	-194
-3587	-194
-18648	-194
-1914	-194
-5261	-194
-3587	-194
4780	-194
-1914	-194
13148	-194
18168	-194
-3587	-194
4780	-194
3107	-194
11474	-194
-15301	-194
3107	-194
-10281	-194
13148	-194
-11954	-194
-1914	-194
-240	-194
4780	-194
-5261	-194
-20322	-194
18168	-194
11474	-194
-16975	-194
-3587	-194
6454	-194
-3587	-194
-8608	-194
-18648	-194
-13628	-194
6454	-194
-1914	-194
-1914	-194
4780	-194
-8608	-194
13148	-194
-240	-194
-18648	-194
-3587	-194
13148	-194
-21995	-194
-10281	-194
-13628	-194
-6934	-194
14821	-194
-11954	-194
-8608	-194
-240	-194
-6934	-194
6454	-194
3107	-194
-15301	-194
6454	-194
-13628	-194
4780	-194
-10281	-194
6454	-194
-6934	-194
4780	-194
-6934	-194
-11954	-194
-13628	-194
-10281	-194
-1914	-194
4780	-194
8127	-194
-3587	-194
-13628	-194
1433	-194
-3587	-194
9801	-194
-3587	-194
-5261	-194
-5261	-194
6454	-194
-3587	-194
11474	-194
-1914	-194
16495	-194
-3587	-194
13148	-194
-10281	-194
-10281	-194
-3587	-194
-8608	-194
9801	-194
13148	-194
-1914	-194
6454	-194
-240	-194
9801	-194
-3587	-194
-240	-194
18168	-194
-11954	-194
-5261	-194
-6934	-194
3107	-194
-5261	-194
-240	-194
-5261	-194
3107	-194
-8608	-194
-240	-194
-5261	-194
-13628	-194
-240	-194
6454	-194
3107	-194
-1914	-194
-8608	-194
-5261	-194
13148	-3391
8127	-194
9801	-194
-8608	-194
-3587	-194
1433	-194
-37057	-194
-13628	9396
-5261	-194
-5261	-194
-8608	-194
9801	-3391
1433	-194
-240	-3391
9801	-194
-5261	-194
-5261	-194
3107	-194
-13628	-194
6454	-194
8127	-194
8127	-194
9801	-194
4780	-194
-10281	-194
-21995	-194
3107	-194
-16975	-194
-8608	-194
9801	-194
13148	-194
1433	-194
6454	-194
21515	-194
-3587	-194
-10281	-194
-1914	-194
-8608	-194
-8608	-194
-3587	-194
-3587	-194
9801	-194
8127	-194
11474	-194
-10281	-194
-6934	-194
-18648	-194
-5261	-194
-16975	-194
18168	-3391
-1914	-194
-8608	-194
-18648	-194
-1914	-194
1433	-194
-240	-194
11474	-194
3107	-194
4780	-194
-240	-194
-5261	-194
-11954	-194
-8608	-194
-5261	-194
9801	-194
-1914	-194
9801	-194
16495	-194
-240	-194
4780	-194
1433	-194
8127	-194
-16975	-194
11474	-194
6454	-194
8127	-194
3107	-194
-1914	-194
-1914	-194
4780	-194
1433	-194
-1914	-194
19842	-194
-6934	-194
-240	-194
-13628	-194
16495	-194
1433	-194
3107	-194
9801	-194
-10281	-194
8127	-194
-5261	-194
-1914	-194
-13628	-194
8127	-194
3107	-194
-5261	-194
1433	-194
1433	-194
4780	-194
9801	-194
8127	-194
3107	-194
16495	-3391
1433	-194
-15301	-194
4780	-194
-10281	-194
11474	-194
-6934	-194
-1914	-194
8127	-3391
3107	-194
8127	-194
3107	-3391
14821	-194
-1914	-194
1433	-194
1433	-194
-6934	-194
-1914	-194
13148	-3391
-240	-194
-6934	-194
-5261	-194
9801	-194
8127	-194
-240	-194
6454	-194
-10281	-194
13148	-194
4780	-194
-8608	-194
-16975	-194
-6934	-194
1433	-194
9801	-194
-25342	-194
14821	-194
-3587	-194
-20322	-194
-10281	-194
6454	-194
23188	-194
14821	-194
1433	-194
-1914	-194
16495	-194
1433	-194
24862	-194
13148	-194
-240	-194
-1914	-194
3107	-194
-3587	-194
4780	-194
-11954	-194
16495	-3391
9801	-194
9801	-3391
8127	-194
1433	-194
3107	-194
11474	-194
16495	-194
8127	-194
-5261	-194
-3587	-194
3107	-194
-8608	-194
-1914	-194
-5261	-194
-10281	-194
1433	-194
11474	-194
-5261	-194
-1914	-194
11474	-194
6454	-194
-8608	-194
-3587	-194
-11954	-194
-6934	-194
1433	-194
-25342	-194
-240	-194
-15301	-194
-3587	-194
4780	-194
-1914	-194
-240	-3391
-1914	-194
11474	-194
1433	-194
9801	-194
11474	-194
1433	-194
9801	-194
-240	-194
-1914	-194
-8608	-194
-16975	-194
11474	-194
4780	-194
-1914	-194
-8608	-194
1433	-194
11474	-3391
6454	-194
-13628	-194
-3587	-194
-11954	-194
14821	-3391
-23669	-194
-1914	-194
-13628	-194
-13628	-194
19842	-194
3107	-194
1433	-194
-6934	-194
4780	-194
6454	-194
-5261	-194
-1914	-194
3107	-194
8127	-194
8127	-194
-27016	-194
1433	-194
-20322	3002
9801	-194
-8608	-194
-240	-194
-6934	3002
13148	-194
1433	-194
6454	-194
-1914	-194
-240	-194
9801	-194
-3587	-194
14821	-194
6454	-3391
1433	-194
1433	-194
13148	-194
-240	-194
1433	-194
-15301	-194
-6934	-194
4780	-194
-8608	-194
9801	-194
6454	-194
13148	-194
8127	-194
-18648	-194
4780	-194
1433	-194
-1914	-194
-42077	-194
-18648	-194
3107	-194
-3587	-194
9801	-194
-8608	-194
-16975	-194
11474	-194
1433	-194
6454	-194
9801	-194
-13628	-194
1433	-194
6454	-194
-240	-194
-240	-194
-5261	-194
-35383	3002
9801	-194
1433	-194
-6934	-194
-13628	-194
-8608	-194
11474	-194
-240	-194
-6934	-194
1433	-194
8127	-194
-5261	-194
-15301	-194
-11954	-194
-1914	-194
16495	-3391
1433	-194
3107	-194
-1914	-194
-10281	-194
-5261	-194
1433	-194
-15301	-194
-13628	-194
1433	-194
1433	-194
-1914	-194
4780	-194
-3587	-194
8127	-194
-1914	-194
3107	-194
-11954	-194
16495	-194
-10281	-194
-3587	-194
9801	-194
4780	-194
-1914	-194
-240	-194
-11954	-194
-1914	-194
1433	-194
1433	-194
14821	-194
4780	-194
3107	-194
-240	-194
6454	-194
-240	-194
14821	-194
-21995	-194
-13628	-194
3107	-194
-5261	-194
18168	-194
-21995	-194
1433	-194
6454	-194
4780	-194
3107	-194
4780	-194
3107	-194
4780	-194
8127	-194
1433	-194
-3587	-194
8127	-194
1433	-3391
-240	-194
8127	-194
-3587	-194
3107	-194
19842	-194
-21995	-194
-8608	-194
4780	-194
-5261	-194
11474	-194
1433	-194
-10281	6199
-240	-194
1433	-194
-240	-194
13148	-194
-3587	-194
-240	-194
1433	-194
1433	-194
11474	-194
3107	-194
-13628	-194
4780	-3391
4780	-194
3107	-194
3107	-194
8127	-194
-11954	-194
9801	-194
8127	-194
-11954	-194
3107	-194
-240	-194
-5261	-194
6454	-194
-1914	-194
14821	-194
6454	-194
1433	-194
1433	-194
8127	-194
-1914	-194
-10281	-194
6454	-194
8127	-194
1433	-194
-8608	-194
-240	-194
-6934	-194
16495	-194
-16975	-194
9801	-194
8127	-194
14821	-194
1433	-194
8127	-194
-13628	-194
-20322	3002
8127	-194
16495	-194
3107	-194
-15301	-194
-240	-194
-8608	-194
-8608	-194
-240	-3391
9801	-194
-11954	-194
-3587	-194
1433	-194
3107	-194
3107	-194
-3587	-194
-8608	-194
-1914	-194
1433	-194
-240	-194
6454	-194
-5261	-194
-5261	-194
1433	-194
-8608	-194
-21995	-194
-13628	-194
-11954	-194
3107	-194
1433	-194
9801	-194
-6934	-194
16495	-194
-1914	-194
18168	-194
-10281	-194
11474	-194
8127	-194
14821	-194
-240	-194
3107	-194
-20322	-194
6454	-194
3107	-194
-1914	-194
8127	-194
-5261	-194
-15301	-194
16495	-194
9801	-194
-3587	-194
13148	-194
-3587	-194
4780	-194
-27016	-194
-8608	-194
1433	-194
-1914	-194
13148	-194
1433	-194
1433	-194
1433	-194
11474	-194
4780	-194
9801	-194
4780	-194
8127	-194
8127	-194
9801	-194
-5261	-194
1433	-3391
-5261	-194
-10281	-194
-8608	-194
1433	-194
4780	-194
4780	-194
-25342	-194
-10281	-194
-11954	-194
9801	-194
18168	-194
-8608	-194
-5261	-194
9801	-194
14821	-194
-1914	-194
6454	-194
1433	-194
-23669	-194
3107	-194
-6934	-194
13148	-194
-16975	-194
-1914	-194
3107	-194
13148	-194
-1914	-194
6454	-194
-3587	-194
-240	-194
-8608	-194
-1914	-194
6454	-194
6454	-194
-15301	-194
18168	-194
3107	-194
3107	-194
9801	-194
4780	-194
-6934	-194
-10281	-194
-13628	-194
-28689	3002
8127	-194
6454	-194
1433	-194
-6934	-194
13148	-194
-1914	-194
11474	-194
-15301	-194
6454	-194
-240	-194
-3587	-194
-240	-194
-240	-194
13148	-194
-10281	-194
-3587	-194
4780	-194
-240	-194
-240	-194
3107	-194
-32036	-194
4780	-194
-240	-194
11474	-194
-6934	-194
9801	-194
-5261	-194
-11954	-194
-18648	-194
16495	-194
11474	-194
-1914	-194
-18648	-194
3107	-194
9801	-194
3107	-194
3107	-194
-3587	-194
-1914	-194
-20322	-194
11474	-194
13148	-194
13148	-194
-13628	-194
3107	-194
-3587	-194
3107	-194
3107	-194
16495	-194
-3587	-194
-3587	-194
4780	-194
-1914	-194
-1914	-194
4780	-194
3107	-194
3107	-194
-21995	3002
8127	-194
6454	-194
3107	-194
11474	-194
-25342	-194
-5261	-194
4780	-194
13148	-194
14821	-194
6454	-194
-18648	-194
8127	-194
8127	-194
14821	-194
-8608	-194
-3587	-194
-8608	-194
-240	-194
18168	-194
1433	-194
14821	-194
9801	-194
-1914	-3391
8127	-194
6454	-194
-21995	-194
6454	-194
9801	-194
-3587	-194
14821	-194
-15301	3002
3107	-194
9801	-194
6454	-194
-1914	-194
-240	-194
-240	-194
3107	-194
-11954	-194
-5261	-194
1433	-194
-13628	-194
-8608	-194
8127	-194
-8608	-194
8127	-194
6454	-194
8127	-194
1433	-194
6454	-194
-6934	-194
3107	-194
-240	-194
1433	-194
-8608	-194
-6934	-194
-6934	-194
6454	-194
11474	-194
-8608	-194
16495	-194
-3587	-194
6454	-194
-10281	-194
9801	-194
3107	-194
-1914	-194
14821	-194
-5261	-194
4780	-194
-18648	-194
13148	-194
6454	-194
-6934	-194
-8608	-194
-3587	-194
11474	-194
-5261	-194
8127	-194
14821	-194
-6934	-194
4780	-194
-6934	-194
-3587	-194
1433	-194
1433	-194
1433	-194
-1914	3002
-11954	-194
1433	-194
9801	-194
1433	-194
-15301	-194
4780	-194
-240	-194
13148	-194
-1914	-194
6454	-194
11474	-194
-6934	-194
-10281	-194
-5261	-194
1433	-194
-20322	-194
-240	-194
3107	-3391
4780	-194
-15301	-194
-15301	-194
3107	-194
-6934	-194
9801	-194
13148	-194
-6934	-194
-5261	-194
-5261	-194
1433	-194
-10281	-194
-32036	-194
-240	-194
-3587	-194
-5261	-194
3107	-194
3107	-194
14821	-194
-11954	-194
4780	-194
-3587	-194
-240	-194
4780	-194
3107	-194
6454	-194
6454	-194
1433	-194
6454	-3391
1433	-194
-20322	-194
6454	-194
-16975	-194
-3587	-194
-240	-194
3107	-194
-5261	-194
-15301	-194
4780	-194
-1914	-194
-240	-194
-11954	-194
11474	-194
4780	-194
1433	-194
-240	-194
-240	-194
-6934	-194
6454	-194
-3587	-194
-37057	-194
4780	-194
-8608	-194
8127	-194
-1914	-194
4780	-3391
-1914	-194
-1914	-194
1433	-194
-6934	-194
-3587	-194
-6934	-194
8127	-194
-1914	-194
9801	-194
-5261	-194
1433	-194
6454	-194
11474	-194
9801	-194
9801	-194
8127	-194
4780	-194
-13628	-194
-240	-194
-1914	-194
-6934	-194
-30363	-194
1433	-194
-5261	-194
-8608	-194
-1914	-194
-240	-194
6454	-194
4780	-194
4780	-194
8127	-194
3107	-194
-1914	-194
4780	-194
-1914	-194
-8608	-194
1433	-194
-1914	-194
8127	-194
1433	-194
6454	-194
1433	-194
-18648	-194
8127	-194
14821	-194
-240	-194
4780	-194
-8608	-194
-240	-194
-240	-194
-8608	-194
-6934	-3391
8127	-194
-20322	-194
-240	-194
-15301	-194
-6934	-194
3107	-194
-11954	-194
16495	-194
-1914	-194
18168	-194
1433	-194
-21995	-194
9801	-194
-3587	-194
-6934	-194
1433	-194
-5261	-194
-10281	-194
-10281	-194
-3587	-194
-6934	-194
-5261	-194
13148	-194
8127	-194
-1914	-194
16495	-194
-240	-194
4780	-194
1433	-194
1433	-194
21515	-194
3107	-194
-16975	-194
-1914	-194
4780	-194
1433	-194
-240	-194
-3587	-194
8127	-194
13148	-194
-15301	-194
16495	-194
6454	-194
8127	-194
-15301	-194
-10281	-194
3107	-194
-240	-194
1433	-194
-240	-194
-8608	-194
11474	-194
3107	-194
1433	-194
18168	-194
11474	-194
-3587	-194
-240	-194
-3587	-194
8127	-194
-11954	-194
3107	-194
-6934	3002
14821	-194
4780	-194
-16975	-194
3107	-194
8127	-194
-6934	-194
1433	-194
6454	-194
-3587	-3391
9801	-194
-3587	-194
-15301	-194
-3587	-194
-13628	-194
11474	-194
-240	-194
-240	-194
-240	-194
6454	-194
14821	-194
-1914	-194
-6934	-194
6454	-194
11474	-194
-8608	-194
4780	-194
-11954	-194
4780	-194
8127	-194
-240	-194
3107	-194
-6934	-194
23188	-194
-15301	-194
-13628	-194
11474	-194
6454	-194
1433	-194
-11954	-194
6454	-194
-5261	-194
18168	-194
3107	-194
11474	-194
-240	-194
8127	-194
4780	-194
-8608	-194
-11954	-194
-240	-194
-3587	-194
1433	-194
-10281	-194
-18648	-194
1433	-194
-15301	-194
-16975	-194
8127	-194
-240	-194
-18648	-194
4780	-194
9801	-194
3107	-194
-15301	-194
-10281	-194
14821	-194
-1914	-194
3107	-194
-1914	-194
-240	-194
4780	-194
-240	-194
-3587	-194
-27016	-194
-18648	-194
11474	-194
14821	-194
-10281	-194
-3587	-194
8127	-194
-13628	-194
-10281	-194
-20322	-194
-1914	-194
14821	-194
3107	-194
-18648	-194
-3587	-194
-5261	-194
1433	-194
-10281	-194
1433	-194
-15301	-194
-3587	-194
-3587	-194
4780	-194
-25342	-194
11474	-3391
6454	-194
-21995	-194
-11954	-194
6454	-194
-15301	-194
-3587	-194
3107	-194
-8608	-194
11474	-194
3107	-194
3107	-194
9801	-194
-3587	-194
9801	-194
3107	-194
18168	-194
-25342	-194
9801	-194
14821	-194
-240	-194
-3587	-194
3107	-194
9801	-3391
-1914	-194
6454	-194
1433	-194
-3587	-194
-1914	-194
-6934	-194
-240	-194
-3587	-194
6454	-194
-3587	-194
3107	-194
14821	-194
-240	-194
-23669	-194
-10281	3002
-6934	-194
3107	-194
6454	-194
3107	-194
16495	-194
-3587	-194
-8608	-194
1433	-194
1433	-194
-18648	-194
1433	-194
4780	-194
21515	-194
8127	-194
-5261	-194
-1914	-194
9801	-194
-11954	-194
13148	-194
-6934	-194
-3587	-194
-10281	-3391
4780	-194
8127	-194
-240	-194
-5261	-194
6454	-194
-6934	-194
-5261	-194
9801	-194
11474	-3391
11474	-194
6454	-194
4780	-194
16495	-194
-240	-194
-11954	-194
1433	-194
6454	-194
11474	-194
19842	-194
-240	-194
8127	-194
11474	-194
8127	-194
11474	-194
4780	-194
-240	-194
3107	-194
19842	-194
-8608	-194
-15301	-194
-6934	-194
-6934	-194
9801	-194
-10281	-194
-5261	-194
1433	-194
13148	-194
11474	-194
-8608	-194
-6934	-194
13148	-194
-8608	-194
6454	-194
-10281	-194
8127	-194
6454	-194
-23669	-194
-20322	-194
-240	-194
9801	-194
13148	-194
-10281	-194
-5261	-194
-3587	-194
-8608	-194
-240	-194
-23669	-194
-3587	-194
6454	-194
-1914	-194
-3587	-194
-25342	-194
-1914	-194
-16975	-194
6454	-194
-240	-194
-6934	-194
-1914	-194
6454	-194
-23669	-194
4780	-194
-8608	-194
18168	-194
6454	-194
9801	-194
-6934	-194
-8608	-194
13148	-194
3107	-194
-27016	-194
-38730	-194
-1914	-194
11474	-194
-3587	-194
-1914	-194
-11954	-194
4780	-194
-3587	-194
19842	-194
21515	-3391
-240	-194
-8608	-194
6454	-194
14821	-3391
-240	-194
16495	-3391
-1914	-194
6454	-194
11474	-194
-28689	-194
-6934	-194
14821	-194
3107	-194
-1914	6199
3107	-194
-5261	-194
14821	-194
4780	-194
-10281	-194
-5261	-194
11474	-194
-5261	-194
-8608	-194
6454	-194
9801	-194
-240	-194
-3587	-194
-8608	-194
-11954	-194
-6934	-194
-6934	-194
-6934	-194
9801	-194
-240	-194
8127	-194
-10281	-194
8127	-194
-5261	-194
-13628	-194
-6934	-194
18168	-194
13148	-194
-10281	-194
-3587	-194
-240	-194
-15301	-194
-3587	-194
4780	-194
-18648	-194
14821	-194
16495	-194
-1914	-194
-10281	-194
-11954	-194
3107	-194
1433	-194
14821	-194
6454	-194
-1914	-194
3107	-194
-15301	-194
-6934	-194
13148	-194
-3587	-194
-10281	-194
4780	-194
-13628	-194
-30363	-194
11474	-194
3107	-194
-11954	-194
-240	-194
-32036	-194
11474	-194
18168	-194
-3587	-194
18168	-194
9801	-194
16495	-194
-3587	-194
6454	-194
4780	-194
-6934	-194
4780	-194
-240	-194
14821	-194
-3587	-194
-6934	-194
-3587	-194
19842	-3391
11474	-194
-1914	-194
-3587	-194
-240	-194
-11954	-194
1433	-194
-11954	-194
-1914	-194
-11954	-194
-3587	-194
-240	-194
14821	-194
-5261	-194
-6934	-194
11474	-194
-3587	-194
8127	-194
8127	-194
6454	-194
8127	-194
4780	-194
6454	-194
13148	-194
-8608	-194
11474	-194
1433	-194
9801	-194
6454	-194
-240	-194
8127	-194
-240	-194
-1914	-194
11474	-194
4780	-194
4780	-194
-5261	-194
4780	-194
9801	-194
9801	-194
-1914	-194
-240	-194
14821	-194
-240	-194
6454	-194
-21995	3002
-1914	-194
-5261	-194
4780	-194
3107	-194
9801	-194
-5261	-194
-18648	3002
-5261	-194
-1914	-194
1433	-194
3107	-194
-11954	-194
1433	-194
8127	-194
-6934	-194
6454	-194
-6934	-194
-1914	-194
9801	-194
3107	-194
-1914	-194
6454	-194
-240	-194
6454	-194
-240	-194
8127	-194
3107	-194
-33710	-194
-11954	-194
-6934	-194
9801	-194
8127	-194
3107	-194
14821	-194
9801	-194
8127	-194
6454	-194
14821	-194
1433	-194
-13628	-194
-11954	-194
-27016	-194
1433	-194
8127	-194
-25342	-194
14821	-194
1433	-194
8127	-194
6454	-3391
6454	-194
13148	-194
6454	-194
-3587	-194
9801	-194
3107	-194
3107	-194
3107	-194
-3587	-194
-20322	-194
-1914	-194
14821	-194
6454	-194
-16975	-194
9801	-194
16495	-3391
13148	-194
11474	3002
8127	-194
-13628	-194
9801	-194
-5261	-194
3107	-194
-8608	-194
-1914	-194
-240	-194
-6934	-194
13148	-194
-11954	-194
-11954	-194
4780	-194
-8608	-194
1433	-194
-3587	-194
11474	-194
-5261	-194
-5261	-194
-240	-194
6454	-194
1433	-194
-1914	-194
-10281	-194
-11954	-194
-5261	-194
11474	-194
8127	-194
-1914	-194
-3587	-194
-240	-194
-11954	-194
-1914	-194
-3587	-194
4780	-194
-11954	-194
19842	-194
8127	-194
-240	-194
13148	-194
3107	-194
-1914	-194
-1914	-194
-10281	-194
-240	-194
-240	-194
-20322	-194
-3587	-194
-8608	-194
16495	-194
8127	-194
3107	-194
9801	-194
-10281	-194
-15301	-194
-5261	-194
-3587	-194
13148	-194
-3587	-194
-1914	-194
-3587	-194
6454	-194
-13628	-194
6454	-194
11474	-194
-13628	-194
13148	-194
3107	-194
3107	-194
11474	-194
-8608	-194
-3587	-194
11474	-194
18168	-3391
-240	-194
9801	-194
-5261	-194
-10281	-194
1433	-194
11474	-194
-13628	-194
14821	-194
-240	-194
-240	-194
6454	-194
-240	-194
-3587	-194
-11954	-194
6454	-194
-8608	-194
-3587	-194
-16975	-194
13148	-194
3107	-194
-5261	-194
-6934	-194
-3587	-194
-8608	-194
6454	-194
-8608	-194
9801	-194
1433	-194
18168	-194
-20322	-194
16495	-194
3107	-194
19842	-194
-16975	-194
-3587	-194
-1914	-194
-3587	-194
13148	-194
3107	-194
-6934	-194
-240	-194
9801	-194
16495	-194
8127	-194
-18648	-194
-6934	-194
1433	-194
-1914	-194
-8608	-194
6454	-194
-1914	-194
4780	-194
4780	-194
6454	-194
21515	-194
-25342	-194
-3587	-194
-240	-194
-240	-194
-1914	-194
-11954	-194
11474	-194
-5261	-194
3107	-194
1433	-3391
-10281	-194
9801	-194
-6934	-194
13148	-194
8127	-194
-13628	-194
1433	-194
-10281	-194
-3587	-194
-6934	-194
3107	-194
11474	-194
6454	-194
13148	-194
-18648	-194
-5261	-194
-20322	-194
-240	-194
-6934	-194
4780	-194
-3587	-194
-8608	-194
-6934	-194
9801	-194
1433	-194
8127	-194
-3587	-194
-5261	-194
-3587	-194
-240	-194
-10281	-194
-1914	-194
3107	-194
-1914	-194
-6934	-194
11474	-194
-8608	-194
16495	-194
4780	-194
-1914	-194
3107	3002
1433	-194
-16975	-194
-42077	-194
-240	-194
3107	-194
4780	-194
-240	-194
16495	-194
-1914	-194
3107	-194
-15301	-194
-240	-194
-6934	-194
13148	-194
-3587	-194
-8608	-194
4780	-194
3107	-194
-13628	-194
-5261	-194
11474	-194
3107	-194
1433	-194
-6934	-194
-240	-194
8127	-194
-6934	-194
13148	-194
4780	-194
9801	-194
-10281	-194
-5261	-194
3107	-194
-6934	-194
8127	-194
6454	-194
-240	-194
-1914	-194
-240	-194
-10281	-194
-240	-194
-10281	-194
-5261	-194
9801	-194
-6934	-194
6454	-194
-1914	-194
-21995	-194
3107	-194
-10281	-194
-240	-194
3107	-194
3107	-194
-5261	-194
-240	-194
-240	-3391
-27016	-194
11474	-194
-11954	-194
-13628	-194
1433	-194
-240	-194
6454	-194
-240	-194
-1914	-194
11474	-194
-1914	-194
-18648	-194
-1914	-194
6454	-194
3107	-194
-240	-194
11474	-194
-6934	-194
4780	-194
-240	-194
-3587	-194
-10281	-194
1433	-194
26535	-194
6454	-194
4780	-194
-1914	-194
-18648	-194
19842	-194
4780	-194
-5261	-194
-8608	-194
-18648	-194
1433	-194
-10281	-194
-240	-194
11474	-194
4780	-194
-6934	-194
9801	-194
-240	-194
-1914	-194
-240	-194
-1914	-194
6454	-194
4780	-194
6454	-194
-5261	-194
6454	-194
-11954	-3391
11474	-3391
3107	-194
-5261	-194
-13628	-194
13148	-194
4780	-194
1433	-194
-1914	-194
-23669	-194
3107	-194
11474	-3391
18168	-194
3107	-194
3107	-194
-11954	-194
-11954	-194
9801	-194
-11954	-194
9801	-194
-5261	-194
-13628	-194
11474	-194
-3587	-194
6454	-194
-5261	-194
8127	-194
-6934	-194
-1914	-194
3107	-194
-1914	-194
-5261	-194
6454	-194
-28689	-194
11474	-194
-1914	-194
3107	-194
-1914	-194
4780	-194
-240	-194
19842	-194
8127	-194
4780	-194
-10281	-194
14821	-194
6454	-194
-1914	-194
9801	-194
-27016	-194
-10281	-194
1433	-194
-11954	-194
23188	-194
-8608	-194
6454	-194
-13628	-194
-16975	3002
3107	-194
-8608	-194
-5261	-194
3107	-194
-3587	-194
4780	-194
11474	-194
4780	-194
6454	-194
-18648	-194
3107	-194
16495	-194
9801	-194
-3587	-194
3107	-194
16495	-194
3107	-194
9801	-194
18168	-194
6454	-194
-1914	-194
4780	-194
-5261	-194
11474	-194
-5261	-194
11474	-194
-16975	-194
-240	-194
11474	-194
11474	-194
-5261	-194
-3587	-194
3107	-194
8127	-194
-3587	-194
-5261	-194
-5261	-194
-43751	-194
-10281	-194
-10281	3002
14821	-194
-3587	-194
11474	-194
9801	-194
6454	-194
-8608	-194
-1914	-194
-5261	-194
-3587	-194
-15301	-194
-3587	-194
1433	-194
-3587	-194
4780	-194
6454	-194
-5261	-194
-11954	-194
-23669	-194
21515	-194
6454	-194
-8608	-194
-5261	-194
-6934	-194
4780	-194
-13628	-194
-11954	-194
13148	-194
-11954	-194
-11954	-194
1433	-194
3107	-194
-240	-194
4780	-194
9801	-194
8127	-194
-6934	-194
1433	-194
-5261	-194
9801	-194
-6934	-194
18168	-194
1433	-194
-3587	-194
1433	-194
6454	-194
1433	-194
8127	-194
6454	-194
8127	-194
9801	-194
4780	-194
3107	-194
4780	-194
9801	-194
1433	-194
-13628	-194
4780	-194
6454	-194
-32036	-194
14821	-194
3107	-194
16495	-194
-11954	-194
-11954	-194
-1914	-194
13148	-194
8127	-194
19842	-194
-5261	-194
-240	-194
18168	-194
9801	-194
14821	-194
