11336	-11422
3040	18430
915	-9326
-16049	4054
10644	290
4434	1542
6973	15255
14782	-4499
-1072	4344
4913	-17806
-5392	7255
-19236	-6525
10298	8144
8622	-11693
10662	-8672
403	-501
1810	19028
10366	800
-1839	601
-1628	-3025
11566	-26551
7638	21004
10546	14456
-21068	-2954
3289	7952
1457	6885
608	8151
-407	5987
2862	-22678
-26427	60
5689	-8676
71	-5950
13238	19198
7247	-299
8944	-18211
5407	3247
6009	-5922
-180	570
2888	-2551
37	-1723
7034	-17886
-2795	-6461
10230	17216
-4035	-8323
6103	-7653
-2041	-9148
3197	16039
2551	-4152
1399	-6005
9281	430
8891	15987
9695	-3199
2454	-3593
-188	-15838
2033	13795
7335	-744
-3894	-694
-15049	1568
98	153
-19820	2105
-10774	-7537
1428	20563
7946	5615
9063	-15447
-325	1195
11794	14645
-696	8604
9562	16593
9039	6838
9503	5083
4675	-10508
4435	-7934
10141	-3795
1721	2237
594	5649
9153	-10776
-9216	1475
-26236	-12548
-12613	1191
1551	-15983
9239	7331
1473	-2297
-17972	-9327
8829	6789
-13197	5802
-1394	-7459
-735	-8361
1613	-3731
-13316	-12833
9406	-8466
2982	6290
-313	249
3774	16479
7394	-10540
-19346	-3687
608	-7078
-1001	7655
-16580	-6937
-1149	-493
11676	10680
15311	-7739
-188	-4220
14227	2244
9764	20287
-27611	7038
-6401	12463
-251	4217
2967	-15853
14881	9808
8788	4819
5101	-2389
-8158	-5668
7346	827
4120	-11137
2690	-5213
-341	7554
1213	10549
-12866	-17631
-14244	-625
8160	4633
5712	23164
-228	-17191
29	-1296
-1153	12268
-19417	2124
-14027	10988
-19474	7207
8093	-2550
4479	10468
-10505	10741
9125	-8206
1339	7041
-3280	336
6891	30506
284	13280
8579	10820
7131	5726
-3664	4093
-13499	-1979
13637	2643
7272	-2222
9957	6123
-17049	5346
-2297	21905
-26891	15332
-16070	-6444
825	4173
5119	2118
9586	14914
-11599	8354
-16959	-2000
9755	-4289
4375	18037
2856	16741
-9065	3692
8474	5330
3377	-1174
689	6730
4063	6098
6060	-7864
-12418	12110
6306	-2817
1283	-846
8622	-14830
9894	6542
8138	270
602	-9550
-23321	5238
-11597	8136
3159	8263
6124	-11212
6115	3442
-568	-13106
9396	-7102
11980	-1052
11930	472
647	12449
1630	6210
-1591	214
7833	11204
-1782	-4140
-8187	-733
-505	10510
-8514	-1818
7548	2193
14278	6456
14065	13639
867	-3397
16270	6508
-1711	-17188
8701	-4217
10819	-4932
984	-3206
2056	-645
1121	7565
-3749	-13656
9722	-10039
-11682	556
-15841	840
10607	6962
-23805	13861
-1048	-2161
-9870	-3672
-16075	-4100
10179	1725
9452	-5125
7921	3760
915	-9170
-7	3298
4940	1790
-3007	13492
1264	-828
3415	-11208
5585	5478
8718	-7050
-272	-7627
-11680	-707
11844	-5749
10573	4108
-10838	5219
8232	10265
9672	158
8819	7660
-4073	-20750
12148	10891
-564	-12209
-1245	-472
-9938	235
-12381	-13618
-4936	-7564
12571	7191
2917	-6587
4641	-1099
-17776	7250
-8412	6350
12239	12329
3757	-3678
1158	-4793
6728	15768
2160	-9797
6204	1542
8062	-4347
330	-5453
14755	-21151
-2777	-5939
241	8734
7728	4680
4024	1424
15138	6816
-11425	-5708
4825	25361
-26295	-12541
10189	7079
-36764	-2971
-1539	-7017
-14586	-20087
-2840	-3807
10344	9676
-9	-4899
1549	17321
2981	-1718
-16508	-8367
-21287	-7159
2296	-11467
2116	-3146
11389	425
-1039	-7243
10264	-1114
-3270	-7505
1878	-10582
13922	-4510
-6896	7677
8180	14296
3838	6138
12232	931
-11002	-11973
-20009	-7991
-26190	-2611
-4736	-3093
-20580	12028
8621	-12635
843	6492
9345	9517
-8031	-2963
-17289	8542
-53	-6414
-3973	-12081
9451	12579
-1374	9228
-11113	2014
-9807	8267
-2049	13472
10887	3327
4912	-13608
1425	7052
-7092	12958
3409	-15148
9984	-21832
2353	9834
-3196	-14556
5470	-4946
9718	9414
11132	1538
-24256	-7209
10660	-2169
13459	-15312
5015	3741
-1249	-14883
7061	7671
-2427	1885
-8278	-4913
14451	22572
2119	-6487
5894	-11445
6963	24340
8835	6918
8586	-1683
-2269	10463
-37488	6316
7703	-711
10789	17901
6968	-10804
-7930	11519
-2594	-6339
8187	16405
8978	-2721
-831	8230
-322	-3535
-20555	-11545
13893	-18321
8775	861
-3676	-524
-2581	-2768
-10988	1581
7550	-6064
-13053	-11502
7703	-2428
10690	1960
-17827	10349
-6719	11901
971	-4966
118	-15586
-2148	6001
-112	4194
-4007	-16783
10890	-1224
13773	11018
534	-16749
2388	-8257
-18945	4079
2258	-13911
7991	-12420
9917	-3404
9387	886
9866	-3266
12417	-7748
-2154	2841
6575	-9322
-27949	9878
14008	-9301
8947	4205
-12445	-19070
-3259	518
13086	14816
-701	-7484
1949	-5197
-553	-3609
-1177	1861
811	2101
-30832	-648
1268	-14985
-15308	-14372
8656	6738
10942	-5650
5682	16323
9030	-5460
-9931	-10913
-8408	-18323
-21975	-4696
7179	-13547
6177	15723
-42798	6358
735	2927
-24901	-21084
9699	4610
-3198	-20956
-16911	-7201
1808	-2118
-540	16758
8745	3086
-15240	6628
7236	-703
2364	3486
-11670	-13944
1554	7484
-775	-17695
-1413	-1981
-1002	7184
1894	11256
10909	-8163
-17360	5715
-1680	-753
-11857	6406
-5703	7224
-1939	9413
11814	14450
10971	7362
-20	-16315
7532	-4974
-14068	10755
11882	191
-678	10201
6304	916
1911	2761
14084	8760
11170	-5554
-8446	20681
7990	10911
-32044	7994
2980	-8846
-26186	8332
-14660	2626
7408	-19426
9618	5592
10649	12014
12812	-19108
11031	107
896	12642
10947	-17605
-662	6682
7604	13484
127	-2231
1550	-7990
2731	15269
-2326	-2689
-2535	1248
-5856	-4899
1917	7705
-20530	-7035
-12500	-5742
7939	4663
2283	-3349
-18930	-2744
7036	2241
-2644	-2596
-18013	-681
3018	6750
6419	3350
-12097	-8265
14937	24702
1802	-4303
10619	14748
-19816	-13063
-536	2341
-19355	6347
4523	-7080
-3645	11451
-10599	5098
-14061	5515
8219	11458
9670	2803
-2661	-7201
-4156	13884
6092	-8062
926	4138
121	-10361
10929	-9543
-63	5049
-1561	-7814
2941	5474
6178	-5729
4951	-14205
-7721	5935
-6717	-4909
17110	4532
3138	5371
10091	19130
-826	-42
7151	-710
-2251	8098
-16936	-878
-21910	2922
2005	6442
-7125	9325
10409	-6462
560	-7337
-1454	-21038
-23730	-18011
-13396	21236
228	-10420
-21162	3899
-8088	-19727
-132	-4421
-25372	16230
12638	-20474
-4860	4102
11915	16769
-2775	-12708
-2075	-2464
1254	-6908
-4418	-1370
5406	-10169
1327	-13228
-714	-7185
-11268	18748
997	2061
-2630	5940
12293	-25
3369	-6556
-3392	-17455
3870	6972
10121	-902
171	-18037
7353	9924
7372	24859
8659	8608
770	771
8964	10354
-4151	176
8218	5564
-11610	9114
2394	-9822
12736	2418
-4909	-5723
575	-12889
144	5225
9815	19493
-18177	1054
93	-704
9259	-4699
9833	10864
7915	5741
8049	1087
-11212	-20165
9773	-14962
5781	-6531
10517	-19582
4822	-10309
-3035	-3479
157	-4018
6470	-4627
-13862	633
-4164	11049
7638	8083
-8714	4745
797	-3028
16195	737
-9849	7484
-2059	-6946
-1944	6615
-22063	3488
-464	-10996
1160	1291
12755	8126
-1585	6974
7508	1987
-14090	2070
6889	7966
3930	14647
1030	4716
1706	11894
6856	-835
7060	7550
-54968	4093
-1863	-10403
734	6076
8738	-3443
2244	674
-355	532
-11592	-1420
1019	-452
6159	997
496	-263
-9417	-9090
-18863	-5307
504	3931
319	9345
78	-7744
-6988	12483
10498	-7300
-17913	1584
8143	1142
-10916	-10818
8316	10556
8928	5928
2195	19459
3061	2106
7832	-6339
1834	4516
11268	13731
6044	-6632
13096	-12948
-8500	-3678
8366	-6068
14696	2580
9623	3948
-2131	20583
1506	12194
-2029	328
9941	8991
-1380	1652
966	980
4136	-12943
2465	1099
-1059	-4889
10992	17420
-1101	-2107
7529	541
-17213	5214
10007	15080
-5530	-7958
11450	-13209
-2973	12921
293	-5307
-1052	-10154
-1689	5215
-8461	-6192
-10959	-5331
-14847	-4496
8715	-3863
1200	7435
7703	11456
-15144	4597
11805	-12009
-18704	2128
308	-358
7060	20290
510	14058
-14247	-3722
2455	1714
-12243	6398
-1342	4119
3450	2544
10022	6090
-6010	-941
-13085	9088
5304	-12922
517	19964
-8461	-7113
332	-4740
8502	-6773
1832	21618
-7731	-14112
-3083	2741
-695	21997
-5933	-5922
10970	5591
9607	10057
9532	-12936
8186	4127
10604	5711
2471	-3454
-3808	6403
-3498	-3287
11615	16057
-898	7476
1116	2975
-1777	-31733
-1546	10166
-23483	843
-21806	8301
-4258	2058
8620	14880
-918	-7175
9807	3486
-22775	3677
3182	347
4170	-19335
825	7998
-31466	3589
-16358	14613
3542	5610
1476	-9486
-661	7211
11432	-21245
-1466	-2904
-13617	-1580
-260	7687
10295	-9584
1154	-13155
737	12288
9982	-610
107	-10028
-33668	-20018
11919	12081
9023	-1305
-13197	-8260
-449	16697
10215	-7427
7976	-2914
5339	-19048
-1598	12162
14371	-1747
7565	-13666
3224	10656
6576	-6674
-2438	5503
9501	5519
9868	-12356
-18137	498
9685	3298
2578	4279
1799	14987
7238	-8674
10426	-15653
6789	-1563
16031	-19429
-17699	-9446
5210	16631
10773	8059
8543	15537
9639	2562
14374	12852
8058	-1099
-15126	10475
76	-3175
343	-7335
-9762	-16232
1727	5352
-12992	6140
8494	-2153
8018	-8077
909	-21765
11953	-1766
-494	-15332
-20193	-22612
3154	-10296
-16634	13947
5974	-6942
-2736	-5652
9903	5583
9669	-2041
-24274	-6676
-22153	6228
1392	13678
2088	2728
7498	-11403
-970	-1357
1894	-2215
12497	-10073
5856	-7075
-25871	-3356
-5434	-20736
-5939	-18250
10584	3957
-2671	-265
-13519	13964
1728	-7545
-7602	-3399
4356	-33968
-5318	-309
-12663	-1584
3102	1343
9962	8985
-457	52
6579	1173
-200	398
8960	-4479
1782	-2074
9465	13420
-7570	1789
2099	-1409
8648	-10936
8826	-5527
256	5609
8550	-14953
9067	1769
3144	-2446
2160	4582
1807	-4423
8986	20155
9357	-2701
2357	8148
9993	-972
-1290	6724
-705	-6560
5830	5364
561	-3928
8484	-1656
11278	10194
-17557	11005
9313	-13533
9958	-10671
-1	16585
-1819	8228
-11565	-22007
-1774	-9383
10556	5486
-11300	-1784
-18569	-2292
-3095	-5912
-5291	1729
2381	-3741
-9952	10956
-293	18018
-659	5200
7426	5009
-2298	-7148
10098	-10402
3024	-8485
1351	-147
-15407	-2899
-79	-6943
11716	11721
-1050	-2382
8177	-4424
-11727	11841
-12190	10513
2168	-9471
-2806	-19808
-7533	-8955
1292	5630
-3612	-5306
2179	6104
-726	-11411
-347	-14070
8791	12241
9513	-17576
8307	-2372
-1461	-8997
7088	20260
3879	-11362
11790	3763
11534	-7671
2896	11764
-35816	10945
10031	11954
7873	4924
498	2704
-22791	-2526
-15626	4422
-7646	26109
7388	-6403
216	7627
2279	-4749
-1513	8492
980	-15802
-20510	3513
13063	-9519
876	11068
108	-19839
1927	-15134
1160	20644
-12902	-3114
3504	-18281
-11082	-5210
-16846	7820
8538	15853
198	-1347
-13556	8786
-3498	-20257
8243	3239
190	3919
-12687	-12264
-15858	-13025
11175	638
-4636	-5306
5967	3509
10290	-14513
2240	1417
1251	-354
1260	-2015
-15201	2879
-1348	2745
8640	-23023
11475	-1105
-3224	2900
8283	-20774
554	1750
1320	-11611
85	2487
6151	10070
9676	17998
2542	-14088
11834	12060
7869	-5065
-5324	7105
-2413	6029
-5761	-11815
9801	8732
3227	2104
8238	16985
-3823	1700
938	7641
9407	-1372
-18472	-6126
1822	9459
7175	-750
-11948	-1074
-1495	-8413
-2489	2807
2819	9509
-2168	2774
1889	14936
1602	4144
2853	-1120
-26305	-8580
1984	-3549
2647	-3520
5376	-17952
-24471	8016
10536	-1564
8152	3142
-4049	5765
8827	14040
3581	-6216
8086	-3903
2157	421
-570	19945
9853	-3028
8674	-2039
-1488	4648
-7033	5793
-3953	-2220
9813	8643
5351	-1256
5937	13338
-22053	6912
-18376	4330
-3034	-8887
-1069	-16874
11615	-5527
-11929	5338
11770	3201
2863	-3000
-971	-7616
-35283	4417
10766	-5230
-1066	-11481
-249	-7148
9944	3776
-3339	-2214
11317	13970
2959	-1018
-14871	8959
7369	-13247
10428	-9292
-16008	18646
244	4153
-4494	7356
8253	-13410
-926	7857
1769	-1142
2344	413
-6523	-12909
-3189	6493
-18459	-21274
9682	-2353
793	-6139
1634	18773
-3625	6146
7100	11549
-11069	-8739
9302	11003
-6571	748
7269	-3630
2712	8393
10040	17615
9436	-220
452	-4880
11485	-7390
-1541	-8140
-6748	-4605
1469	5365
5843	-12775
-11547	-962
10891	10672
9178	-6057
-4495	30477
9475	18584
-15364	-12935
-5008	-4421
-5857	-8407
-18536	1702
8526	-14133
-144	5113
-1640	-2316
8608	-4396
14951	9863
-24702	15763
1457	-3572
12852	4430
-1528	92
2770	-1439
3466	7235
-9775	-11160
-32268	1996
5682	92
9153	-6003
6200	4667
12294	7367
4481	731
7201	14740
6388	-19518
7502	5273
-19744	2355
-2346	7684
9531	3076
-3328	596
3198	-4181
10872	11154
733	-8324
1154	3370
-15119	-8623
8954	15971
-22004	-10936
11894	-9553
12975	-7670
4558	16011
10493	5438
10049	-7015
-4956	7540
9498	13467
2663	8720
-479	6704
6602	-524
11123	-29642
-255	-17293
6517	-11458
7529	1367
7474	9967
-2106	10630
-12156	14510
6554	12211
2869	15123
8728	-339
-3281	8037
-16375	-2150
-2105	-8111
2244	11066
3004	-349
-1160	-7858
-2758	-11907
-15686	19820
5109	73
10316	-2113
-1845	12013
-4711	-16466
1481	13625
605	-6495
9106	-4673
11257	174
9257	151
-676	18179
1901	-14836
7422	754
7503	-4403
-2195	-12905
-3304	-1037
-25850	-6886
-12303	-4459
10615	-6592
6653	3066
11896	-8271
8357	3600
11	697
8261	-8192
3153	9372
-30788	146
848	13559
8891	-616
-3091	-22564
14402	-17609
-17574	-4054
-537	9128
-481	6542
2299	-675
4240	-10664
-4110	5169
7406	-2688
1897	-548
8802	-13496
10320	8912
-2547	217
-13835	6449
-532	-6947
-4875	-5750
6000	-6567
9340	18266
-1460	6369
-12002	2223
-6020	-654
8213	-170
-4778	6488
15072	3746
8832	-1790
-20584	20748
11546	-17623
4348	15724
6866	5517
8287	-8111
2156	-13291
330	1687
-10423	-16190
9548	-6348
4103	26843
2639	21921
10923	8740
5222	-5137
-1760	11828
-17936	-10087
-12817	8599
6962	3221
-19528	-185
4449	-230
8413	-10318
-224	13401
72	5263
8910	-16787
4807	-6906
-15743	1799
3390	-3758
3898	8713
-7124	12892
-4465	30182
8593	-7039
-1271	22129
582	-7069
12304	-3820
-18686	4328
19054	2870
8824	-2238
-1087	-1890
-24969	9937
107	8232
3035	2607
2269	3454
1757	1170
-14910	-2687
1311	11589
10780	-10576
-20288	12143
-18274	1532
-31579	-10735
-17346	-5843
8749	1863
-25600	14242
-18857	627
-1566	-22358
-982	165
1540	-15100
4190	-2472
5817	7846
9161	-17409
4636	3014
9637	480
-18070	-1140
-16216	-13037
9673	-4591
11312	1968
-24403	-1187
-11924	7562
2345	-353
-47	-8931
6055	2944
3019	1481
-1704	21206
14020	419
-12566	2579
4780	-15531
2029	10820
1471	-9589
9759	-4721
-11520	-11824
8170	-3510
3513	-2991
9413	-6767
-1225	-9308
-11236	-1679
7095	23033
-1991	2198
1021	18274
-3105	-11870
5305	-3185
6684	15110
1666	-921
6267	30928
-13951	3985
-2128	526
9223	1655
8271	-419
-3926	-12788
242	-1738
8717	-11115
2779	-4843
-1582	-1690
2038	15
10337	-26450
-4158	1967
13768	4221
13502	-4957
3878	43
-23427	-16714
4176	-18460
-16351	10096
3676	-8742
-20814	4072
-18946	-13731
-7641	-7669
-25784	768
-18250	-16494
4253	-1723
-708	-28772
9645	19505
662	-5102
-4687	-7929
6394	-19766
6747	5806
-21760	-1783
8377	3053
8100	-9866
16057	5720
1042	10989
2915	-2403
-15242	460
-5749	8258
30	-1716
9214	-6076
7123	863
3829	404
283	-10734
2902	-5003
1230	4617
515	596
5603	-1640
-18142	-5883
7128	-14598
7761	-2569
-10313	4671
-1377	6335
7298	1780
10795	-15954
-20344	-9704
2357	-3063
-11478	-6457
4721	-1072
-19537	-3386
-18578	-637
1473	3858
-43219	7550
-1464	-29100
7719	15347
-10523	9383
9234	-11231
-4921	-709
5453	-10398
6904	-2754
-5155	-12613
-2227	10497
9387	-1515
4672	9144
7947	-1873
11009	7923
8761	-11116
4058	-10617
8403	-10009
-2588	2191
-14958	-3406
-17357	446
-13223	2332
1656	7251
325	20532
-732	4842
-4485	18171
12459	3629
598	5759
-16325	-3404
-13909	4115
-1097	74
-6719	7751
7606	-16196
-4167	6391
8373	7881
1007	-20033
10026	-1501
-15772	-11076
-8125	-6248
-13208	1660
12943	-1742
12131	1216
-1703	-13491
631	6352
-3073	5539
3343	-1374
-1212	-2790
-13549	10048
-10875	-5248
-14317	-1809
2410	-14278
3474	3366
1126	-1201
-17673	783
-18492	-3658
-415	-2494
-4440	-9288
-1243	1237
9949	-7369
-954	4385
-3651	-21373
9700	5004
-5702	9258
2314	-2455
11326	7332
583	10305
-5133	-13798
-10793	94
-962	-8378
4828	-14393
1645	-2788
-7575	7915
-3700	13415
7407	-255
11409	11661
-607	-6751
-1680	10136
-2770	2375
8527	-2186
9513	18861
10736	26293
9782	11012
-10407	-2924
9976	-8133
-1242	-9385
1503	15333
-19618	4551
8130	3727
-16904	-392
2633	-8014
13924	-16362
-21117	7698
-21207	1922
-3040	-425
10044	2140
8820	-19952
7789	-9134
-8841	9829
-16020	17867
10777	-297
-2083	-9607
4335	-8217
-10309	8383
7254	17965
843	-5665
11277	5740
-4558	-8199
6842	15818
10800	8483
-1572	-5384
8911	-5693
14159	-443
-95	8859
-7460	12334
-20749	-958
-20872	-3237
7886	7445
-43	-11205
6469	-8205
6929	20529
-18161	20230
3496	6465
-1956	9511
674	4935
2066	-2118
4429	-15798
1311	-11477
-14376	5934
3272	-10259
-16809	-6787
8879	-10623
10114	12706
9346	-12468
8917	-5668
-17275	-1011
-16330	14451
10415	6229
85	1327
8854	13526
9092	3249
1013	3923
-2763	-20036
-3220	-6463
6749	1317
-14150	-23709
-20536	-4448
3715	11447
9920	-426
2763	28444
-15657	2958
-2191	-6794
-8209	10109
-1121	6497
-503	4265
16171	3072
2145	727
2097	7496
476	11540
5420	21527
7833	1714
5030	-6397
-1951	-9412
5191	-1618
5974	-7954
-924	8593
-2469	15143
-24	-6821
476	14899
-27331	6570
-2368	16252
931	-7218
3162	16022
2408	110
-4396	2719
-344	9131
24	-7490
-5856	-5033
-741	-5033
325	14377
192	9437
14827	-15421
7954	133
-6807	-17657
5798	-15021
-20854	54
-9228	-5584
1137	-14928
10201	-19648
-14191	-14809
9941	-8999
-23195	9345
613	-6950
-16307	3389
10764	-19232
-6293	4120
15834	-13301
-1325	776
10248	-23111
11735	-5245
-4012	6369
-1518	19222
-164	-8170
4079	1619
8111	6112
10071	30011
-9277	8364
-5020	18399
-13862	12729
3935	17589
8643	8413
-1011	-1321
4803	-11816
-2027	-1914
15312	10975
13848	-12657
-4328	-8711
9435	2914
-18390	7769
10819	6630
6483	-8617
8843	4631
-18743	13573
-3016	-16710
-12842	-14227
-10518	-13489
-789	18287
-15629	-3992
-17568	19472
8191	6757
13334	-12242
4518	9800
1470	-4731
1715	-75
-13916	14987
-10692	7007
-22508	-7704
8245	2527
-6553	-8901
-2373	4676
10053	-1220
-15551	-12515
4154	-22449
823	-4834
383	-9402
-10031	-13102
4681	-10906
3880	-3834
2973	4685
4430	5581
9319	-10840
-1551	11116
5048	-12016
14193	-13249
-4437	-64
8455	-6123
18105	-691
2562	15074
9735	9598
-321	1879
-4805	13377
9927	7209
-5653	-11999
10270	-3592
2436	8147
15058	-5083
7940	10442
6727	-4521
14563	8736
5095	-15904
9864	-1622
-219	16461
-3	-3233
12794	-3964
-16020	-522
-16562	9397
-13741	2539
-19348	728
-12944	6284
-21771	-1266
-16604	-5553
7810	8254
-1087	-1150
-13597	-5258
9689	4610
-9549	8871
-22853	2572
8953	-13759
-9312	15778
8875	-11412
1225	17214
-25317	5409
-1437	3305
10978	-25218
1466	-2408
6595	-6145
11352	-15052
14147	-3879
8988	-18455
-1501	8776
6773	-3573
10695	2818
-3599	673
9671	-10629
8796	-3198
-231	1743
2356	5222
4090	24002
5825	-1832
7643	-10603
-1693	15458
1349	-10105
9202	-14682
-1874	-741
1844	-1724
-9294	18794
-2939	2406
-1321	-27579
8389	-469
-6841	11692
-17764	-4271
-18192	-10338
-13002	-1762
7265	-11133
56	9691
-17496	10101
-2247	3713
6046	6926
8351	643
8306	-11362
2144	-3046
-22549	-136
10310	-3601
6584	-6603
-9872	-2386
-8894	-11989
-14978	-4676
4132	18207
4781	1194
-11465	-7452
10113	1769
5651	1639
-19529	-6342
10295	-4437
-14615	-3602
3312	1727
508	18800
10798	6878
8978	12281
-12991	-9609
-16646	447
-1185	1142
5079	-12741
6697	1412
-1557	4724
-2534	297
-23337	2679
7453	-4581
9880	-9018
10868	-10733
-2100	-3152
7317	21010
-31783	206
-2158	-3145
9255	-8309
306	1234
11515	-7479
-17804	-13141
1642	8953
11483	-8212
6790	8067
4548	539
5572	1447
7985	10321
11829	7486
-1146	-1164
3891	-967
8594	6565
858	-3101
-10890	19507
-16740	16735
8178	10227
9977	-486
-4236	-19755
2797	-758
-2451	9632
7537	1655
10551	-3698
13365	2702
-2582	-4474
9792	13570
-15418	4791
538	-5419
1818	-9378
10274	16677
-1119	5785
37	9796
9102	2544
2205	6360
-22759	-13829
-2844	-11272
8747	-23360
7154	-5808
2337	3143
-25061	61
3644	6077
-3153	-3306
-8479	-1224
9351	9181
-1104	210
1713	-7504
4524	1004
8804	-10263
9436	8415
-1848	-2224
-16116	-418
16639	4426
-5146	5240
8274	-17617
7674	-11651
9581	-13798
9138	-7347
-18826	-7946
7824	3271
7497	-9460
6727	17831
130	-28636
-17653	9373
3555	-11426
7458	3205
-2516	3425
49	-4432
6907	13105
-18985	-19196
8948	-8171
-3603	-5893
11579	325
1887	-7704
4148	-12104
6758	-879
1500	8706
9147	12977
12540	-4805
-15843	-8406
6426	-8525
-545	-8069
7625	-2150
825	-10792
4727	-6712
5365	16041
69	2438
13419	-2960
-12150	16007
-4992	19300
6147	2426
-6162	-8489
1039	-12221
551	3037
-2158	14885
-9928	10910
-659	-10589
-1075	4619
11845	-12115
-6649	-6954
9941	716
-19865	-13400
125	-24071
8183	-7465
9505	11533
-4521	1516
-462	-14015
9261	-2883
7285	583
13096	17524
6272	-3445
8301	-1754
-721	-8191
9178	11192
1666	-1579
-21876	1236
1894	812
1225	-13033
-17825	-10980
824	-3792
-14078	-17704
-3865	-8240
-1063	6628
-365	3378
844	-13649
10730	5871
12702	3207
3498	8653
2526	-12894
2269	12129
4599	-8406
11017	-9381
-8800	3669
9647	-13156
604	5140
-811	-4160
-2115	-2718
-13887	1573
-4353	7823
-14786	3475
644	-10786
2110	4326
-14163	-9508
-2943	4581
7803	684
-14446	1042
8735	10112
1224	-3447
4982	-10123
8596	18978
-784	10089
-955	-4433
3287	5730
-13321	10717
6738	4257
10220	3392
11955	-5249
-3630	-13838
3603	-585
1448	989
-2751	403
10957	8010
6884	14193
-22176	3496
3799	1483
8462	-3789
-20890	3017
231	-7255
-255	12749
8151	-20915
1464	4988
-7423	-10606
6293	-21736
-10998	-10054
-3847	-8268
1492	56
3973	825
7411	1505
9863	2203
-13458	-5086
9952	22672
-14147	12609
-7247	-3134
-10541	-360
2992	-13745
2938	-11974
-5415	6686
9909	287
6335	6424
9981	22977
8319	-1521
10881	7351
-2469	-21207
-13511	5981
1483	22322
-3	2676
-567	4650
8622	4078
-1583	3780
-21549	317
-5912	-3584
2668	5889
-26382	4765
2027	7738
699	-23900
959	-10661
17179	-13034
-14285	2170
12185	4973
