20193	15816
6183	-2368
-12992	2070
-3697	18095
9135	-8377
-7053	6983
-24274	8499
9794	-5057
-6894	-8875
4266	5690
3417	-3207
-3454	-16726
-4244	-6088
527	-8782
-538	-8425
1981	-5890
-12147	11266
-11195	-5167
-1014	-10952
-7234	3794
-1352	-4738
-2750	1201
19742	-20209
1432	-885
4973	-1208
9864	-1486
-13517	7492
7079	-2013
-6724	-3643
-7914	45040
-14034	13376
7351	-4321
-4322	-18308
-9887	6506
-3695	9093
194	234
-5049	5711
-9814	-6036
-1616	-1861
16243	-10605
146	-1263
-5356	-4440
6746	-6037
-7700	-6495
17579	-14698
1629	-7070
-8802	-3251
1360	-6079
-6156	7971
-12766	-212
-13267	4420
12171	15737
-16706	9295
909	24054
-2529	-2614
-3665	-5853
-4500	964
-541	20486
11073	-475
-622	-10223
4211	-9992
14343	-4381
-8821	16386
-3607	1898
6505	-9194
-6486	22842
-7164	-5100
-16606	14514
3338	-11391
2360	-7699
-4984	-2708
-1682	26904
3276	1215
-3700	10795
-2527	3337
7372	-10530
-11500	-1268
5634	-7597
-15023	11399
-13238	29847
-21293	3434
-6741	-5298
-6864	20058
-8461	2573
-8741	2160
-9069	9904
-2615	-3619
-5991	-157
1185	8594
-2329	-5972
-16245	9463
-12961	30140
13202	7361
-8651	504
-8393	9307
-7664	-9538
-338	-4593
-2115	4843
8601	-4986
7941	-6002
-10459	-1796
1711	7472
-1072	-3410
-10335	-2184
-9434	7254
-9511	9509
-5339	-5622
-1282	-249
5089	-5616
4174	-1866
-3530	16688
6291	-5528
-7756	-6827
-4439	-5500
4270	-13391
-2490	83
-5389	4677
14153	13367
14721	-20958
20288	-16209
11609	-5045
2487	-5012
-4211	25901
-6380	1651
7595	-6944
9776	-3252
-10679	-1257
-20837	520
-2402	-4443
-4122	20
-3330	6029
11421	-5531
-7052	1160
-2216	-6395
-5544	-7016
7493	9570
1735	11614
5870	-11007
17736	-6846
421	20287
-197	13077
5343	-4813
-2782	-12192
5909	-2275
-5052	-5878
-10410	-2226
414	1556
-17903	-15280
-3791	-1287
6293	-1672
9634	-4591
-741	2381
-3254	3812
7161	-3561
2481	-22603
9253	-5798
213	-11780
5596	3856
-4464	-2237
-14389	8518
6574	4411
-12291	243
3075	4388
-3865	-7118
859	-2841
-3385	3637
1986	-6163
-1984	12758
-22336	-4178
6343	13256
-1667	-5402
-8204	-13706
-6783	-847
4088	-5654
9510	-12219
-6300	2600
3567	18785
4764	-6643
2178	-8847
-6277	-3604
3508	4782
-2305	4380
1357	2598
8123	-9131
876	-8127
1058	3459
6417	11067
-1620	-917
916	14095
-14191	14277
-2594	-17023
-1969	5433
-4174	5449
-7121	-1431
-6861	4041
-4269	11913
1339	3234
9147	-2919
8486	-10094
4434	-6343
13558	-8229
1919	-601
3350	-14107
-2630	-4177
43	2882
8470	-2847
-17059	-6494
22773	-11859
-3353	2391
-5777	21860
-22231	2459
-7829	3729
-6288	-275
-1440	1524
413	2609
1405	18846
11065	3451
15330	-12654
21531	-506
15482	2532
-15843	-1658
16224	-387
6330	-8919
-21814	1132
22	-6427
2863	11656
-15109	12770
-5592	-2098
8041	-7557
13359	-4759
6729	-3492
6097	-1344
7806	-12011
-2344	-8441
12352	-11384
4741	-1432
15464	-459
3017	-11253
3709	-17333
-1638	-10306
-9642	-15128
3018	5717
16619	-20306
8468	-8941
13634	-2156
16773	-11435
-3831	18845
1093	-3821
-17879	3879
-6174	9232
10294	-309
-10768	7952
-6128	-12104
-13908	-851
7482	-10343
-2994	-430
8968	-4028
3561	2039
-8858	-924
3259	-6118
-11822	-608
-682	-13378
6578	-8979
7410	17430
5346	24546
-7513	4424
-12649	7071
-4757	15510
3253	-14824
6455	-2408
251	1823
-10866	-5886
21193	-12413
-22892	20826
-6865	-3500
-4557	3858
-5224	-7077
11603	7583
11794	1872
-1915	-4591
-6145	5748
2624	-6901
-2064	3875
-34483	11566
-9180	10323
-1841	-690
-584	10467
1109	15720
18732	1046
-6343	24194
-12904	3018
728	8104
22617	-12442
10096	19
-4183	-443
32917	-33224
-1423	-6789
362	16543
-3253	-4248
6481	-3873
-17613	16591
7679	8092
4234	-376
846	2409
-16271	34124
-8143	-2819
3627	-9676
-3894	2131
15356	13245
-10724	-7666
24042	-16861
5977	-3129
-20969	11985
-21323	-2708
12509	-15563
-694	-6569
1256	20126
-15116	15123
9488	-9072
6744	495
8638	-4485
5558	-2472
-14786	-1281
9825	-10795
-4212	16603
-4651	-1490
-3164	1525
-2747	-1990
-2657	-5010
5778	-860
10156	7039
-3518	-1698
1488	17108
-15702	3549
7509	-12165
2068	-2872
-22090	2221
-1974	9502
4070	-8242
12548	-6424
-9970	-8761
19115	-3292
-6602	4142
-18819	5208
5490	-7121
8134	-2394
-9667	-374
-15158	14207
2824	1646
5602	-3144
-6887	-15986
-6180	-2562
3597	-624
13941	-8189
6762	486
-12813	-1093
4926	16928
9096	-4477
31669	-13988
11685	10352
-9079	-490
-16167	15525
-4486	21347
13627	-2045
-23114	28989
10895	-12139
6885	-1548
-30426	20020
5047	13415
-13023	-2580
-824	-13643
-2695	5235
-10186	12326
-6078	-4901
-23719	14535
-4878	1494
6367	-10785
6347	17687
4099	-6094
-20673	343
-3022	18239
19108	923
-8152	-371
13234	-5343
1345	-2897
-9235	3382
239	2638
11121	-7510
-4035	18791
-5382	21824
15547	-11999
23679	-10465
12346	-4586
3384	-8159
-1258	1105
16937	-7210
-1592	-5790
2337	-5057
-3309	-4113
-6588	4504
3579	-15009
15140	-12185
11428	-3528
19873	-13128
-2117	-5015
-12938	26219
-7290	10622
7429	-1763
5987	401
-5667	-4660
325	6794
2113	-5722
-12089	5764
14707	-6622
-5765	1738
4073	-6000
8780	-1359
1032	-7562
-6445	13347
-2388	-743
-9554	11818
-4517	2445
-16493	3832
2096	-1252
-3174	13348
8961	14316
12744	4227
3289	-7927
10921	-11541
6092	14498
-11527	2121
9268	14404
-12846	-4171
16660	-4701
18495	-15343
6055	-9011
6828	-3545
14745	8331
6772	-9377
-6151	4841
-262	-5778
22668	-16472
12721	-9324
15611	-12071
10792	-3544
-8664	12969
3344	-5555
3041	445
-11779	33000
4929	-7598
11554	-11292
6162	-4818
1665	-5030
-3121	3951
-9796	11197
12627	8670
-20865	9147
-527	3771
3487	-4214
-1181	-4673
3257	-4113
-104	74
8595	-4214
1036	1149
-6834	4419
8637	-7960
6522	-5586
12362	-6033
3603	-89
-7841	25714
2622	2648
-512	10167
-9749	-13396
1012	1491
-8840	18094
1617	-3507
-1164	-10540
-10435	830
-648	-754
14702	-16376
-4480	-2321
-1619	-5166
10248	-5104
7788	-12903
-9965	-4040
-716	3826
659	10007
2296	-2460
11466	-5266
-936	3172
-12247	18055
-2332	-1848
-5621	3349
12436	-2199
-6429	-6228
-15308	14642
3304	-4267
-11909	969
-17229	16280
-10697	-540
872	14863
-9002	-11982
2872	-3063
7907	-13296
1209	6569
-18059	41542
-992	-972
795	12022
-58	-7632
4647	-5119
24848	-21749
-477	2697
-4194	572
-17050	7979
-8494	-1234
11548	-9940
7276	3752
-12376	6476
-3370	-1898
8256	-12350
10330	-35
5092	-2843
3761	20092
-7732	3143
12964	-6207
6824	623
-11677	-24
-8274	6488
-850	-2664
8419	-6488
4620	-1993
-4999	2212
-4842	48
4757	-4142
9186	-688
14668	-1516
10562	-8420
8606	-6169
300	-13029
-4097	288
9169	-8795
3771	-2409
-8441	3079
12524	-5591
-7707	1532
13268	-7746
-13559	10510
-2532	-781
-2740	-2999
15514	-12382
4787	15481
-3846	-16621
-7131	-1934
18213	-11101
-16286	-2051
9328	-3565
-5646	6943
-7584	-12520
4712	-3266
1596	-7905
3309	21764
7784	4185
306	-7412
5896	9471
-14768	8586
-2691	-1226
-3302	-10406
8885	-5840
-20782	-8442
14378	8297
130	-8322
-3050	3626
-8721	16208
16024	-6809
19826	-16924
-1311	16582
9357	-2450
-6300	15725
7292	7735
-1953	-885
-3343	3224
-2085	4310
-814	-7835
9174	2070
8335	-14842
-11937	21570
-459	-570
20079	-19301
1040	701
-9666	-749
-277	-5324
1912	-4381
-6157	328
-12081	38221
-18601	15507
-6818	3638
11324	-18961
6280	-8239
-5866	-1137
13308	-64
-3765	-994
15039	-7246
15490	1749
6801	15665
4719	-2646
-3454	-7399
1733	-6393
1533	22104
-5247	-6534
3604	-8110
3464	-9638
-11367	-232
-5875	22384
4245	-6391
-6657	-10516
342	4204
-2002	-3199
1092	-1998
-1999	-3392
-5220	23141
12204	-6262
-11429	-4715
-449	8426
-5480	3226
-9011	18495
-7360	12873
-3899	15618
13752	17069
-14135	6848
-20484	-1640
-1434	-4209
772	-2429
8950	-5960
-15863	5798
-3784	-3400
-10390	9882
-1531	-1968
11439	2474
-6369	-1596
2731	342
-1528	1297
-11998	2892
4978	-4061
-16993	10306
1247	5450
869	5280
12566	-6247
-316	-10042
-2435	2119
-370	-9404
-4277	5613
6729	-6583
-2245	-4517
8836	-5663
9118	-1105
2352	8052
-1201	5161
3517	7222
-11758	6125
1828	-10040
-3690	6193
8961	-659
-6024	2831
-39505	17786
-785	2341
7584	-6020
6972	656
12246	-7281
-26135	8345
1651	15340
1446	-5209
-11676	-2970
13784	-8730
-22441	6592
13012	6474
-7174	-1809
-1253	293
320	4685
-772	-4234
4846	-3946
800	2464
-2821	-3955
28261	-19480
-10322	16362
-1308	10261
17545	11725
10385	-11616
16727	-15591
1742	-4553
-1177	-4555
-3518	727
-13704	-1687
1987	-4110
14637	-17177
323	-1869
-10730	-6232
11569	-7409
-2824	13024
15667	1646
-19824	10625
13542	-11079
-8439	-2841
8169	-20234
-16180	4068
10268	-11381
8089	-5964
3051	-4341
6038	-13276
-11929	11890
18504	-8756
-149	-7497
-3921	1474
-8852	4672
20691	-10292
4635	1851
-2497	925
-3910	-3175
1567	-8889
-14298	-3772
-19470	7079
-10390	2498
-605	-4522
-19229	18325
8056	13882
11331	-2069
3191	4846
14595	3094
-11038	10707
4430	2183
-70	-6079
15632	-4157
-8797	10631
221	6029
17133	-6869
2230	-2483
-1383	-857
6529	2984
2208	-2802
9372	-7008
-8996	18890
-5531	-4323
14151	-20410
-10696	2416
-5486	-10078
-5348	2019
5684	-5938
6326	1373
3297	-1370
-17237	24781
17316	-12156
-11635	2479
-11601	121
-10247	14487
-11245	9334
-8248	16481
13415	3420
-4538	37097
-911	3570
1512	3018
-21894	18015
2509	-7361
-10985	13927
7709	5457
4144	34
-862	-6003
-9076	22439
-7924	7545
1601	-6091
1336	2471
-15101	-1623
-5990	11370
1455	9189
2963	-7719
3404	-762
1459	-7446
10081	-3959
-3728	-977
1296	-1987
-1543	-3469
-1160	3120
-13921	4919
2750	-3377
-825	-17540
-87	-3363
-2761	-10092
-5423	4735
-9694	-1482
2691	783
-7527	-8949
-6814	10977
955	-5409
-2781	-2161
7285	-4253
10853	15570
-20544	2900
1022	-6190
2822	-2829
-4677	2337
8287	23541
3081	-5961
-14416	821
18587	-12025
-9994	10702
5311	230
-2635	579
-5014	1656
2116	-10030
8494	-15671
-17449	40
18529	-15859
18093	3224
5983	-7847
6287	1085
-8698	-4705
-17313	524
-2115	6139
-6697	-6016
7930	7230
7548	-2950
2822	-5501
-2392	8932
1552	-13643
1318	-8406
-8665	-4336
108	-3360
5673	-6163
-7440	-109
-7393	16568
6131	447
5819	-4208
-4028	1861
-5382	2181
6914	-6411
-10047	-1937
-9179	-1397
-4854	-1313
135	-5454
-2662	2198
-5011	-182
8275	-6849
9538	-2785
10696	3671
3938	-6392
3399	-2304
6128	-2150
-17046	3965
7480	-10655
-19174	21755
4543	6921
21275	-13308
3993	16956
7608	-1451
5127	1248
-19899	3376
-8229	7204
3793	1114
4357	-4441
-3691	-1043
-620	-4868
-3244	3945
11538	-16449
-12023	-2711
-1541	48580
-1744	-11075
578	1210
-10814	14961
-3056	-1558
-5204	-5775
7833	-3861
-7360	-4719
-7347	4891
-6664	-3137
-14334	-315
19393	-7568
4917	-1935
2877	-12204
4701	-13910
-5473	16141
-797	-11874
4957	-9377
-757	14
1889	4760
-10112	-3094
3347	-7828
-2300	-620
7177	-3359
-3590	-5922
6589	13436
10182	-10326
-15001	16888
1075	-2844
4036	-5585
-2703	2524
-24633	-1652
10486	-10217
8060	-8013
-1844	-6301
14865	2439
-2829	-4712
-5519	3615
1469	3745
1908	-7003
234	-2710
-5490	-2680
-3503	-1171
4871	-20979
12178	2726
-11576	23425
-2788	-1610
-4478	3388
4016	-1496
10944	17746
3913	-10069
6782	26367
-12430	-703
-6282	-12732
-8178	886
5875	-11214
9636	6608
5654	-2238
-1313	6087
9059	-4809
159	-5605
-13009	7722
5257	-5290
2715	136
-698	-756
-2118	13993
-2579	20472
17899	3901
6426	-7399
14651	-7685
4404	1883
-4385	10318
-4716	-14579
5367	-4443
-3869	15711
4276	-905
9526	-9075
-12605	6545
15431	-8635
-12846	-2366
-21584	24970
-5990	600
4807	-9796
-1439	-835
4677	-12304
-10500	19119
12424	-5106
605	5710
-5932	11448
5422	-12873
1540	-1114
6461	5134
13548	-17591
-1096	-2993
-1686	21974
5495	-5413
34	-1939
13184	5908
-530	-10014
2912	-5004
377	1430
-16535	2600
-7396	-4222
6200	-17596
3990	-1672
2609	-1069
8399	735
16919	-8536
12088	10715
6264	6532
-12492	4404
8370	2093
4503	-13461
21891	-16236
-327	2019
-23303	10809
-8284	8660
12104	-13173
-15595	-11729
-130	7855
229	1880
-4259	-5553
-9536	-900
15372	10432
-222	-1695
-4887	356
3762	-2244
10595	1631
11772	-11270
-2111	-2439
362	-282
-4091	-5401
-5284	-3051
-20214	-5146
12142	-3656
11442	-4402
4622	752
1205	-7988
-3240	-3829
-8726	-11
-256	-7530
3002	2579
-3035	-6821
-21796	8707
-3128	13002
9612	-12396
-6860	-29
-11507	-6173
-11211	14227
4203	-11686
-9386	7112
-14352	5464
-14921	2905
-2741	18371
11368	-11464
23874	-16357
3019	-11522
-11621	20808
-10223	-1796
5661	-1696
-2500	-3300
15048	12236
-12938	3336
-11116	2572
-9813	2699
3943	3879
540	6298
2787	-1435
-24464	4389
6140	-5653
2312	-194
26670	-19121
3048	3392
22914	-14039
-3152	18226
7319	-1196
1830	807
9678	-11994
-14763	27198
3052	-4416
11323	-5917
-4370	6627
9203	381
-5702	12005
5540	-10622
-3971	-5919
1944	-681
20827	-13302
19096	-1121
9710	-9378
-13464	11893
5234	15239
2408	-10716
-10598	37344
18879	-12756
-15480	6242
905	-3122
-606	5089
23731	-17331
1977	16571
-2113	13428
-48	-142
-3585	5690
17860	-11432
-52	4459
-7358	202
-4178	7557
269	-11793
23918	-11419
25932	-10147
-4168	2574
-24275	-3137
-4396	1722
10735	-11386
-5370	-1486
13368	-1547
13736	-2213
16745	12125
11269	-3906
5063	-6707
7700	-3967
2092	-6229
4593	-3001
2847	-6290
-20361	3853
858	-9938
-4939	16649
8924	-5849
-10417	1239
17711	-10017
4794	7004
1977	-448
4078	-2257
9274	15467
590	33509
-5272	282
13726	17792
8995	-6358
-4780	-1584
11636	-2584
4348	-6163
7766	-5453
-1833	-4246
-12129	-627
-2189	23364
7135	-9155
-2027	3078
960	-14353
-6846	-5346
16528	-15686
12805	8224
14583	-10103
-5190	1542
13951	-3742
-4599	33304
4261	-1466
21199	-6192
-21397	13399
-497	10356
21155	-20742
-7408	-3597
233	-2144
-526	-8720
9493	-14758
8179	-4435
-15591	9538
-8601	-7551
-4702	5275
-24536	9034
-143	-3697
6845	-10196
6230	5145
17415	870
-4169	3608
-11925	2560
-1020	-7209
3534	-1212
-19076	-197
-8766	61
-25666	5895
57	18698
17395	-16525
6236	1146
-5198	8501
636	5542
7606	16474
5882	-9662
6985	-3821
21548	-16589
9707	2818
-7423	-17838
-12922	-10996
-22559	16431
-725	-10251
-2400	-6624
-288	857
506	-2638
-13289	8425
-1362	-8122
417	3653
23709	-19881
-5887	4945
-16390	19671
8669	-4857
-20183	5877
-19724	-1238
-11874	16121
5011	-6028
3311	-2705
-17267	1386
-7001	-3223
-45	-2746
-25604	4071
-2558	13478
1403	16656
9133	-3942
-14253	33077
4119	-5108
22853	-8986
-10971	3397
-13511	6323
-4176	-4624
16376	-12837
22257	-8950
-2841	-13110
8112	-2107
12104	-8914
-5043	4484
22664	-18845
22377	-15045
16455	-12972
-3497	-2477
-1274	4835
-6046	4217
13853	-11253
788	23008
4578	-11784
328	7160
6507	-4493
7566	-16405
9584	15342
-4282	9057
-1105	-1919
-10241	1298
2381	-11062
-4380	19110
12509	-6110
1127	4711
1441	-10255
497	-4010
26855	-6870
-1355	-6917
-11843	-980
-1281	-8062
-4133	15222
10844	-5403
6035	-3923
4869	1447
-11674	3912
-9328	2738
-7846	1931
13117	3452
5148	20598
20196	-16156
8896	-3767
10558	14579
593	-3210
-5311	-1738
-373	-502
-1492	2857
2994	-12133
-8395	1124
-15186	16021
5528	-18390
19249	-11419
11179	-2836
11477	12132
6632	13498
-9976	30106
803	-285
5161	7237
-49	4918
9473	11446
4878	2627
12639	-5622
-13607	3312
-7221	7947
-11503	8640
7237	-16919
1545	6390
-9225	-1097
-9861	-1156
2337	-8367
-5948	-1808
4449	10349
-954	-2220
-10265	-590
-12194	9194
-16699	-3861
24081	-12387
6862	4179
2305	7414
15030	-14573
-10625	-13630
-10610	-1213
7913	5531
-3108	-2512
-15186	929
958	-756
-2170	-3089
4750	-2142
-2813	-2030
-239	-8946
-3376	3158
-2457	155
-12151	-2227
8753	-5229
-25607	5772
-11293	-993
2103	-2207
15322	-6965
-27872	17150
7234	-5777
-21092	5522
304	3824
754	3111
3483	-5248
4491	-3878
703	8684
3226	-7929
-7676	25961
-9357	-5012
-10151	-6010
5335	11619
-3886	1674
5118	-2856
1271	-925
-8612	1465
-9337	-3903
6087	-9330
5500	7003
-6901	2748
2159	20589
-13747	-4423
-6391	-2723
13785	6834
15645	3696
4410	12861
5918	-2888
8571	-7450
9080	-6742
29090	-25773
-2995	-6335
5567	-6767
-1867	11584
-19581	15062
-3002	14071
-17153	9587
-8058	3971
-6500	-1269
2791	-8753
5453	-13182
7869	-10427
16290	2064
13459	-18892
15063	-1314
11497	2586
3174	-5478
-3533	-5986
291	-6611
6063	-296
17363	-3769
12301	-16120
-13055	-7071
-7021	-8786
-13766	-3203
1409	504
2131	-9481
5576	-13205
-3821	-11052
-10327	16354
-5874	6248
1333	10821
277	-6639
4426	-9824
26197	-21969
4833	-5953
-2184	-8250
-9721	-3393
-4663	-715
1943	2501
6906	7182
1336	-9039
-11737	-1137
-10961	3658
7385	-2935
4166	-18791
6492	-9346
-4324	3027
6258	-5748
-10380	16847
921	37418
-24620	-4111
-1624	-6209
-4229	-4930
-20543	42685
-333	17306
756	-9057
17418	-8973
-3278	14583
-553	2298
-1606	2917
-4913	575
3053	-2549
-16397	12535
-611	-1147
1705	-11749
22594	611
8790	-4610
-8284	2558
-10879	10846
-487	-3175
-4320	-6484
-12173	-482
-4103	-1755
-13235	6037
3879	-2310
-24919	3080
3142	-3928
506	-12934
2802	5987
8397	4064
6537	-22091
4315	-6877
-3823	2306
-13344	6898
-6176	-4270
-13564	4308
4828	11495
-15506	4891
18564	5159
-3193	-6259
1067	-8668
-7814	17943
-11567	-11038
-923	-6972
7426	-4880
20105	-7948
-413	-3461
4282	-7780
5452	-11224
11067	7708
-726	1924
7005	-11835
4238	2371
-5132	21442
-4229	-948
7443	-540
-510	-15588
10155	-14163
-3146	-8495
-4497	8554
9616	-3173
1224	-3147
-14622	865
-265	-2565
-11783	8368
12636	-12631
6532	-18678
-2774	-3107
-12975	14958
-5529	15783
3621	-4698
2523	12749
1806	-7711
5779	-8337
-8361	2863
2734	-2959
-5557	3840
-1461	6609
4016	-15518
10241	-12234
-13954	-15756
9333	-7166
5620	-7346
7123	-2099
-8984	5478
16658	-15569
-2235	-12730
-2374	11039
12009	-3278
4684	12357
13137	-16824
8609	2427
-7365	6637
5254	10756
-4754	209
-6598	15863
-9884	17463
-4541	6676
3247	-1969
-1662	-6455
-948	3484
-1374	-7741
9667	4283
7510	-6385
-10023	24454
-4699	16838
-6277	32691
21965	-14586
-2030	-11315
8381	-3536
-6829	-5746
-21006	31634
7990	15055
-14907	3295
-20578	9725
-3106	-2922
10689	-13833
-5286	25047
-9904	-5964
22423	-13827
-10564	16167
16074	-6193
10557	20060
-17367	-1524
12123	-4785
-4598	-11967
11595	425
-2844	8052
-5941	53
-7792	-2400
16246	-11125
3439	-14978
-5817	-6916
2100	10969
-2787	-10075
-7952	-219
8786	-3497
-12302	-4059
-10421	-2709
-16220	3143
-5202	-3431
10437	11721
-14069	24908
-15515	4206
-5576	7555
2763	-8045
-15837	16785
4035	4095
-16042	2222
-16192	29691
2851	2728
-11624	-148
-246	7956
1426	4655
6034	3087
-4077	-12106
-14826	-2670
4345	-14932
3114	-9347
1834	-7887
645	-5034
-1286	2224
-6034	-4040
3244	-2360
-9154	3801
10917	10422
-16231	3381
-7455	-1095
2040	5341
10454	-11987
-16901	3605
-17759	-17
7677	-5708
-459	-7611
-11840	2463
2743	6572
7100	-5482
2322	7862
3064	5257
1330	-6046
10276	-1113
-16892	-20849
7399	-5144
8152	-9714
10913	9465
-3947	655
-12441	5863
-10335	12359
18158	-8653
-6076	215
-11919	-4705
-2265	-4511
4938	-2148
3374	-8212
1568	-4205
-17821	41894
-17687	1214
-12120	14540
-17246	9468
-1963	-5152
-2609	12147
20202	-22969
12766	-5253
4441	2333
12450	-11191
-6582	6354
4992	23162
795	-6170
-10209	5782
-4369	11176
10820	1740
-13182	11668
6233	-4323
-12175	3319
3408	-14394
3109	4766
-7819	3562
-12795	-5346
9643	-4170
-1806	251
-7519	8591
9968	-3220
-6062	13992
9009	-9360
-12419	3682
4602	-9179
6	-14279
17447	-6208
-2734	-9305
-176	10876
-5842	-2938
256	-1224
-13963	4639
-14880	21928
15323	-1182
-1142	-9041
4870	-5010
728	4664
4950	14076
-2714	-9515
11949	-10279
4259	-2690
16560	-15782
-6580	-7325
-7363	7417
557	-1993
-20968	23139
5332	3934
19227	-15825
16338	-9089
3308	9321
-10006	5264
7051	3265
-13132	1207
20496	-18104
-17201	-2415
-7842	-3808
17738	3895
-2401	2949
6494	-5143
-14876	16368
7629	-3519
-9805	8942
9983	-10148
-20132	-1575
-10470	-5632
364	-2908
-12468	6504
12778	-10538
-11507	-3516
-2395	1768
12714	-9599
-5431	9954
8662	2506
-1722	87
6335	-4400
8259	-7573
-12270	7119
-9167	-399
-5386	-1040
10008	-10137
12099	-4355
8049	-4345
-255	-5756
-8404	1040
-8421	4241
5014	-1643
10271	-13721
-16824	8057
15310	-14005
15685	-6044
-4075	-6691
-2321	6711
9404	-3989
128	-2106
-1244	3477
1487	25768
-9054	680
-11957	-2487
2120	-3169
-8038	2803
2048	17452
-21016	-3268
4772	-9375
-5076	26866
2946	-314
9880	-14641
-5973	-6755
-22951	4860
2427	-4307
3597	-4206
9138	-5593
-5086	13187
-7995	9820
7957	1590
4516	-1992
7224	-2429
-6060	4581
-10353	4764
2943	15279
-35959	22962
1963	-10141
-3718	27218
12735	-1588
-21569	-13130
2986	-6259
-16644	-72
10947	385
-15374	4863
3003	-9110
13309	-12130
-8436	-1737
-2845	-7762
-1455	3556
4607	-13053
-18058	2111
12303	-6951
14394	11097
-7364	-3560
9843	-4283
-8375	12620
928	-7300
8411	-7502
-2460	10980
19786	-8961
11316	-5500
-13804	-1263
-11072	-14253
-23982	8407
-5827	7908
-10445	-833
-11466	25163
-10068	-1601
-10030	12011
5047	6557
-19319	11671
16733	-8730
-4471	26250
-10881	8420
11733	1973
3030	5908
13141	-4335
5027	72
9084	17141
-2274	6975
-20682	3660
8013	7077
-18860	8123
2920	1817
-4015	6511
9713	-8533
10109	-6679
-6875	27425
-4293	2074
-2994	1478
7528	-21797
-4527	-50
-5891	-13117
19690	-1236
-7969	16561
-1072	-2995
-26247	6769
6424	-6371
19218	-4408
4770	4201
-32816	34825
7715	-11107
21780	-6601
-7503	16406
13575	-7337
-6195	920
-4521	21630
-11785	3161
2362	-5052
2212	-568
-1885	717
-6377	197
-5516	137
4517	-15567
-18212	-4753
5154	-2283
-808	-2079
2063	-5404
-10972	3958
3050	8761
-7079	3941
18201	-15217
4102	-5217
10797	-13900
-19813	5521
16438	-8631
5046	13478
4763	-3359
-23310	-2876
7247	-3062
3499	7269
1870	-6486
-4344	16325
342	-5447
-9452	-4685
-30283	4691
-1683	-4290
-4081	18131
-20553	9053
767	-9134
2193	-1448
5876	-6267
3947	-7041
17267	-11307
-1682	-1719
13879	-8756
7611	8032
4139	-16622
20115	-18083
-21320	16203
1618	-8890
6691	-15950
954	-7453
19075	-8493
-9067	-2312
17922	-11572
-9770	-5243
4763	12349
-7470	7558
21125	-10879
-13191	170
21139	-6686
-2352	-5874
5201	-11049
-14204	1016
12352	-4648
15520	-16941
-7711	14834
5184	14332
-5778	20203
-10842	-5937
-9334	408
4064	-2631
14086	-9475
13293	5152
9706	14577
255	-452
1710	-1516
-8839	-2778
8830	-10649
1534	-573
2551	-2979
2446	-4697
-5617	-1935
-1363	-11095
-1020	1019
-2371	8109
10401	-9578
-3526	11311
-7587	4180
-4196	-9258
7598	-6874
724	11630
2525	-3134
16698	-17337
8485	3046
-27943	10000
11405	-11656
5365	-8805
-968	6886
-1221	-8251
-7115	-15186
6230	-16041
8116	-6956
18251	-10474
10335	-10619
-11346	-9231
23120	-4066
3481	19645
7171	-5330
9411	-5027
6663	18825
-2970	-117
17036	-9393
-16220	2512
-14229	-2408
-5857	-5816
-4957	13837
11015	-4099
14616	-9208
3916	-1925
10733	-10504
-8025	-878
-769	-16857
-16303	7637
13259	4863
6693	-8205
6851	-8986
47	12542
18320	-10273
-3024	34654
5666	-11129
-2750	6621
-16031	2256
764	-5824
5709	-3009
6490	-504
-7782	11330
-5879	23053
-14001	-3328
-134	2610
13900	-5711
-7139	8267
212	7211
-21447	9775
-28247	2295
1869	-367
938	2959
5764	-5278
1232	10681
14338	-23604
-2547	4195
-15877	-2652
9249	-8174
-9455	-1568
-11273	26654
517	-6940
-231	-9873
2180	-14113
-6460	-1916
1696	-1851
-5663	-16766
-37	-4570
5785	-614
21165	-16298
21211	-15430
9150	-10060
3824	-7911
-15967	24368
6109	-9018
10477	9357
1157	-6364
-7724	-388
-9576	7585
-19011	15333
-703	-3351
13508	-6458
20023	-10276
7326	-1140
-8201	9904
19	3015
4631	-10550
12634	-9906
22074	-11712
12095	-21457
-7390	-9124
-5497	11986
13848	3325
-5671	190
3923	-5073
4451	8663
24446	-6719
-3458	-2461
-1427	7455
-1656	18580
-17217	-3154
-9764	440
-948	-3266
-2927	-12590
9192	-3450
-8214	20171
5549	-3960
2122	-3130
3861	-2744
-2249	10462
-8534	-6741
-10823	24919
1554	20923
-3629	3627
2360	-1822
4055	-14367
-6466	2331
7844	-6655
14107	-9542
-1403	3903
4446	-2769
-5816	-4886
-280	7757
5564	-11841
-9337	10833
7101	-7762
-22518	-6780
-73	-4734
5494	-11201
2419	2789
-3035	15169
-25070	-1811
-6322	7786
-1874	19955
3009	-8953
99	27882
1612	-3924
17833	-18691
12613	-4186
5224	10925
-7540	9388
2097	-2371
-8358	8992
2878	-9543
-9820	945
867	-2785
12994	-10378
9548	-17873
-2576	1095
-11478	-2243
20057	-11867
-4091	-3726
7586	-1677
2963	-1062
-13293	3911
9184	-24624
16149	-6987
-2350	6709
-5804	5613
12569	718
-2816	4328
11355	-17456
-2799	-8116
1080	15104
11932	-5832
-7392	-1438
1636	27553
774	-7733
10131	-13301
17053	-13828
1165	7416
-2301	-5744
3722	9005
3259	-6404
5453	-3403
14843	-12182
-3956	-15986
-13094	16115
2068	19131
-5828	12652
-11032	-5964
1654	-8714
-1636	1394
9577	-3179
-11125	-1458
1320	18438
-1313	-1602
2240	682
-11219	-15577
12304	-9737
3074	-11462
11121	19528
21783	-11573
-5639	-4598
799	-15198
-12288	3734
-10408	5631
-11043	25949
1237	-8729
21503	-12896
-12322	-668
8157	-4542
-2323	-1032
10373	-6908
5104	-10745
-10826	2913
-499	1722
992	-3131
-15558	4125
9040	-4310
8046	-2234
2484	2690
8034	3880
15481	-10046
-5319	-4233
-11134	6230
-3424	-2506
11945	-9406
6908	-15013
8818	-2696
-3318	4126
12135	11699
4580	5963
15793	-7888
540	-1428
-13422	6382
-5804	642
26	-4753
9177	-4575
1114	2671
1700	1589
7686	-10479
-15014	8601
1168	-178
-4903	31
-12393	-16039
15645	-1078
6803	7632
-563	-2725
8128	-6634
-6649	2726
-9447	-1203
4690	9194
-24009	-1838
162	-17861
-5495	-3234
-11839	12274
10418	-9496
-16088	10799
3825	-8127
5808	-17107
-1747	-579
7354	2004
793	4125
-5847	10603
2505	6609
-15740	3531
1415	-8443
14450	312
6227	-544
8759	-9736
-4514	1903
6876	-6839
-5209	-2394
-1293	-9855
-1917	-10525
-1166	-2218
6177	-7473
-17735	7276
-14285	8072
10545	-1996
-8369	2767
-13514	8114
14069	-10644
1468	6019
-1603	-7583
824	7952
5990	-1752
16210	-7808
-8815	-526
9701	-1451
5606	-5378
-26734	38
4741	-8190
-21924	10917
15581	-2342
11082	-5420
-2301	-8792
8417	-17009
7181	-3829
-2839	-4867
1625	-17159
4592	-8598
4564	-7773
3227	-8416
14506	-1940
-914	-2425
3974	9287
9625	-19175
-239	-9917
17766	-5399
10599	-3040
-21075	4134
3362	-6360
-1465	-16610
1961	-9989
9387	-17977
415	3227
8112	-9734
-8762	-2905
528	8938
-9695	2809
10672	4254
2597	229
19576	-4022
8329	-10279
3860	-3548
-1222	16182
-8322	-2042
-16695	909
21200	-12744
15709	-8502
1469	-10219
-11295	14185
9735	-5477
5605	7916
9110	-8474
-19291	4933
-13125	36682
-3048	-1762
-6078	-11699
15742	1460
9646	3015
1246	3431
-9446	-17864
16936	-10963
2900	9038
-6397	-823
1627	-1588
-499	1727
691	-2272
-13202	7414
11473	-7566
2965	387
-14506	-3723
10910	8811
802	-13662
10508	-17115
-9736	9022
12885	-8799
23157	-2770
749	-7398
12576	8137
-7399	4064
-7575	137
-8381	-1227
7832	-17174
9996	2472
8392	-9220
-10638	-214
-9505	26928
-8701	-6255
-8459	-443
3841	-8339
14880	-3552
8829	-4214
9524	4311
11942	-10076
1885	19125
13935	-3892
4954	-12618
2653	-401
-7441	10502
10756	-25275
1276	9441
-34651	10414
3395	4613
-8871	7125
11741	-9116
1004	-1273
-2844	-23746
11976	-5943
12796	-3519
24054	-21359
1717	-5967
-12535	13784
-20763	7886
-5155	-3655
-2965	699
4260	-6788
-1905	3815
-11120	8768
-13	950
-4039	-11082
-6703	-3571
10209	-8598
10815	8592
11035	-2314
10213	-10401
6182	13587
-11018	23882
19142	-9619
-9306	2541
16137	-16382
-15200	-2192
7042	-11334
-626	-98
-5528	-7943
-6851	-1948
2083	-8729
-24137	-7087
-13446	905
-1729	-218
-2683	-3290
5137	-117
8137	-2263
17384	11570
-3166	-802
791	-17
5145	-9333
19466	2805
-13565	6873
-20393	19646
-7295	5843
-2138	430
6049	-5531
-9406	-8547
15079	-8219
-7074	-18108
8125	11225
20414	-7435
13354	-17861
6974	10214
-1613	-3047
11995	6345
16205	-1911
1826	760
-10612	9035
2569	-3357
3523	6256
24086	2391
11528	2985
-13387	-2373
10931	5988
5560	-7925
6530	3327
-6737	-4841
-6222	1825
991	-12567
-1264	-3952
-9047	-312
-507	-2508
-7487	-579
12130	5465
7129	215
9271	-6582
2810	11975
-13775	19905
8364	3152
-3240	6042
-4144	18509
7052	-3841
9302	-11063
-16636	31769
17566	-18781
5014	-15269
14159	-3183
-4704	3013
5321	-5815
996	-13379
-593	-2135
-10984	-2917
2164	-155
2938	-1848
-11395	6471
-840	-4814
-10936	2297
-870	12485
-8939	-2239
-5034	5704
-6639	434
4259	8554
3699	-3651
7912	13201
-7905	-1898
-1988	-6723
4850	-1730
-1488	-6166
-3966	15062
-3271	-1894
8935	11708
-6032	2868
-5168	-6321
1485	15699
-232	766
-8877	3535
-747	-789
14280	-8284
2834	3936
-30616	11747
5992	-8055
-6529	3721
3054	13708
9352	5546
-11221	1944
18156	-10003
-3050	-4079
-7601	14512
-1595	5206
22471	-5094
981	-10066
5149	-7528
2047	-2919
-367	-1724
-649	-7944
16499	2369
1593	-887
17135	-10692
-13321	-7587
3908	6626
16937	-2365
-4303	5721
4586	-140
-1999	1595
-3245	13855
-2957	-405
15029	-10856
-10312	-12255
1815	-11234
5607	-5195
515	1339
-819	-3842
-6233	-5365
-5940	-4490
7622	-5481
19960	8679
8737	-10464
-14010	8255
1198	-4538
865	-4934
1823	8659
15940	-12378
372	-9951
4612	-6242
11846	-2083
12001	-13363
-2991	15110
-7996	15734
-4364	-16705
1028	2089
16882	4368
10093	-17191
-4491	-13536
1059	-6346
-4478	-10952
727	-3719
-10946	32595
-7957	-7586
-2723	10694
8794	-10789
-13675	-2044
593	2003
8307	5969
14244	6105
15711	-14714
19464	-7754
4856	-4950
-11498	4415
-303	1318
9838	-9667
7083	2563
-6631	3168
1096	-7677
-6148	3679
4608	17050
-1913	10054
900	-13482
-21558	8745
-4120	-6830
335	-1667
1523	-4145
-1363	9762
-4765	347
-4686	12466
-15110	-4085
993	14011
10114	-4794
6856	-13655
1690	-4884
-21449	36514
9712	-10475
8545	-5088
-6974	15802
2650	-9802
3338	-6348
-650	-3658
-5748	-8704
2352	10834
20149	-9874
-3706	15188
1619	-1817
8766	501
-7447	3291
-721	-6663
-2138	963
1050	-9919
-12860	5979
-1945	15042
-22313	3870
1645	-9191
-2389	10106
-11513	1189
-10316	13443
-19137	9162
-8308	1084
-2358	-7263
-2155	-15807
-21402	8680
2256	1798
-1502	-3523
-3972	-3039
-6883	-11723
-19618	4587
5443	7473
-2482	-5235
1434	-8823
13117	-2152
-613	-9202
415	-11492
12228	-3708
8454	-14265
12395	-13820
-10640	-4427
1873	-9860
7996	-13096
22549	-8813
992	-8089
9278	-6068
11448	-8432
-6911	13317
7239	1724
2048	-11
3742	24139
-5276	-7717
-1377	-1893
-8410	-9058
15593	-10674
-20561	9754
6884	539
-11444	5252
20907	-4633
-6034	-2836
1724	-3987
-3584	11403
1198	282
-8740	2345
-5538	9219
-6780	-3350
-9457	-434
-6850	-11576
-4727	23998
-10473	-284
-8937	2696
-5301	-2468
-9910	-872
-4620	7397
18248	5625
-18608	1955
19128	-6617
6550	7678
6346	3743
-12258	19271
-736	7992
-7661	-5941
-3643	4532
-2155	2367
-1421	-304
-5906	-6349
-8412	21736
-15097	3872
12762	-8532
18519	-18004
-8578	1336
-8874	-4212
-778	-3868
-3268	-2583
4497	-5311
-3275	707
20061	-1717
12383	5310
1195	18155
1092	17892
-5917	-2681
-4224	39146
7193	4812
11556	-8867
-3961	439
-10803	-13343
-9114	1971
4421	18041
-8413	6268
1594	-4912
-7547	3264
-29996	4882
-7275	2510
7774	-8108
876	4314
-10358	-2858
-2128	8554
-18878	35038
5091	-9515
-505	5057
-9032	136
8864	-18064
-14759	-841
-16993	-3334
2196	12092
-15534	-958
-22110	6055
-6880	21098
1639	5510
-13254	11960
9948	-12904
-7592	19446
1239	-2108
6541	-8912
5500	-2437
11291	-9865
-20194	37561
-3486	-3719
-10924	-4790
903	-2275
-11066	2445
-15747	-13638
3233	-7691
11020	-19043
8402	2528
-10743	2416
-840	-64
1445	8499
-12891	21617
-13333	6217
-4422	24595
-6914	13042
-1069	-2498
15829	-8353
3344	-3970
30150	-30320
-1026	11301
4663	-6614
-1244	-1052
9940	-18050
559	-3602
3213	-2763
-837	580
-11596	9140
11539	-4576
-16082	-3163
-6112	-414
4454	4991
14332	2564
-1391	-5206
-8895	-1896
-13908	35090
1	8010
18197	5907
4981	-3615
-10808	6
4703	-13917
-7155	1933
-4213	-4119
2787	-10978
-2687	6917
-550	3305
-1792	9214
3157	974
8615	-1525
-9592	-13842
-761	-3921
-581	19860
-10853	3220
-5777	38217
8546	10613
-11369	17182
11987	-1207
1688	-6292
5147	-16823
9939	1667
10233	-5027
18837	-11831
-9359	3476
306	8951
20935	-8775
-17745	7654
7490	-8965
7489	-1278
8060	-1201
14981	-6106
4359	-12076
-6344	5622
-3320	-6383
-931	23153
9409	-2369
-3913	-605
2403	-9880
2280	-202
4044	-5879
-17706	19386
3610	-1611
-10328	1942
-16373	-1071
3923	-11893
14225	-12329
-8578	12013
9581	-4187
-11906	22805
-19813	5095
-1680	4280
-5507	11251
3435	-10273
4408	-1590
-5730	-1434
-1574	8828
13868	-7654
15673	4301
-5048	9681
-858	10860
-9407	-1812
-6503	-7975
11361	-8482
19	-5700
3146	7827
3946	-7213
18660	-9699
-10216	-12715
4601	-16188
7951	3335
-5020	13818
4678	-1366
2049	5435
6350	-6348
2330	-6498
575	-6205
-2387	-2612
-9568	5256
-8968	30338
4211	-4410
7946	-16336
-11719	6585
-10630	2401
6272	-3466
-16258	1506
-1215	-4222
-4206	1243
-2409	2297
-4612	-4261
11275	-4883
28	-3440
-127	14026
-13794	2272
2309	-11702
381	-6575
-3719	-8659
5377	-10052
992	7888
15064	-5470
-19873	-466
-10907	-1233
6418	-4709
-9248	-2561
-1871	19643
9126	-1782
3881	5628
-965	-396
333	-2917
-3173	-3697
3865	-8436
-8134	1806
6649	-8102
16609	-13362
1504	-3972
6567	1743
-10730	-666
958	-6164
-949	2902
-11728	-3403
12849	-8769
-1673	-16556
1967	17690
-6450	22398
3390	-545
-11668	-19444
-18648	4943
6249	1807
-2273	-8961
-4310	-6100
-7931	1990
-5355	32898
-5674	23657
6850	-16434
2270	-7933
4295	-4065
-6782	-3168
4862	-7078
9002	1562
-4406	4467
10379	-9510
-8388	-6107
19090	-7742
5430	1650
-6715	-9930
-2045	11149
-9935	3538
-5716	16597
-9929	3085
-2899	-9725
-23463	-8790
15348	-14257
6499	2891
-9820	-8852
-1643	182
-2654	19825
-141	5504
4016	-14957
6524	-16764
-6397	2284
-24246	7709
5442	-6854
-10965	78
-5990	-4423
-515	13101
-5086	-3341
2545	-5375
-1335	16754
-11606	15005
8469	263
-5524	8623
-1162	-13248
-1864	-331
-6869	21297
4596	945
-744	-5632
-7776	7279
-6583	1600
7775	7052
-11637	3274
7128	-14853
1178	-8346
9904	3719
-14603	-4173
-3944	-1374
11655	-10527
4795	15064
18188	6404
222	13050
1415	5303
-1110	974
8692	6219
5154	1357
-12367	9359
1609	6810
6038	-7189
-2797	-4454
-8356	34208
-630	-3152
-2439	-1568
2461	-4276
-7919	4777
3419	5630
-11225	4718
-11623	16629
18698	-8611
-2803	-382
283	21224
17914	-18879
11831	-11313
-10398	1368
-13845	309
4251	4476
-3146	-4874
6803	-9394
5855	4576
395	-7090
-3393	-1335
2613	-13283
23027	-19322
-25973	6864
-4856	-2093
-1162	-6791
-9812	1198
-1464	-1182
-15281	-10955
1679	15124
5285	-8452
-7619	23701
14658	-16827
-13725	150
4418	-4876
2895	-7065
3492	11866
-18762	-2984
-17218	139
17133	-5922
-3014	-6593
-1286	12997
19046	-16405
-2865	21181
14254	9240
-20249	6076
549	4053
5606	-6599
-4732	2430
-6641	-3662
5215	-19003
-20724	9546
7797	536
10106	-6857
4594	6765
5922	-1308
10260	-756
11377	-8798
-9637	4878
8309	8376
15998	-3965
171	-1568
7324	-9232
1066	-898
15456	-6229
-992	5879
-12643	22399
-6159	1522
-1031	20796
-14846	6042
-8911	26444
15662	-8321
-4692	10731
5024	-1346
889	-983
-12270	21615
2131	-4010
-4589	-6291
5968	785
-13006	-2622
13592	-9253
4185	1818
-8191	-1940
24158	-22645
9491	-1355
7858	-3925
10595	-7326
79	-486
-933	-1177
-176	-5931
-6999	1126
-5314	4680
6702	-2803
19037	-16898
12224	-17839
17232	-3647
6136	-2211
-2275	989
5234	13465
-619	-7725
-18392	-23370
5239	24444
-7076	-9682
3882	1117
15031	-15271
13117	-5640
20841	-11616
5373	-4905
-2333	-9107
-374	9214
6488	25075
-3625	149
8182	-6354
-20968	11873
15477	-9168
-1031	10101
6615	-10668
8450	-3013
16357	-6493
8608	-5234
-14582	-2904
-18919	12862
4121	17701
-28402	21709
12441	5699
-2183	-89
-11104	-4305
-12316	1796
2224	7509
-9358	-2897
-3347	908
9222	17648
-10591	-6060
-1701	-612
15402	-10345
-9441	-4122
-12213	6920
-26027	-6838
15575	-7637
7136	-4403
14082	262
-12256	5155
-9452	10157
1741	3991
3222	-5357
4242	-1607
14650	-12801
-6872	-7449
11480	-9063
-10121	11959
4227	2706
6671	-3182
19466	-15078
-7537	-44
-4564	-4738
23060	-7878
-3605	-2870
15542	-8033
-17101	15482
-6283	2012
7941	-5732
10877	17472
4204	-9354
10026	283
-11030	25156
2695	25600
1574	-8984
-4504	2909
3646	7775
-16000	7826
10754	-5868
-25511	18941
-848	-7510
-6246	29477
782	11994
-2559	-3978
4770	-7933
-7872	340
-9186	-784
2443	12849
833	-4461
-649	6987
6311	-6927
3783	-5736
3286	-3272
-6742	20350
-3102	-1339
-10288	2892
-3022	7610
-13735	-3456
6311	2626
-4724	-642
-1205	-1714
-3283	-5778
-4572	10930
-10895	3319
-1607	10833
-6165	-3076
6960	-5622
-8269	-1559
1365	-3689
-250	-9128
-4063	6992
-4907	-2364
1670	-23519
5789	14848
6282	-13604
13464	340
12755	-17565
5139	-6549
887	-2600
-6357	9713
-6599	-17666
-4088	-2094
7675	18684
-12476	-217
8097	3870
-8173	-6763
-20960	-10699
8712	1310
-7520	1569
-7093	-15609
-8423	-6380
7798	-5819
12837	-6206
2555	-3643
13626	602
-7150	-3486
-5875	8211
13419	9579
-13071	1011
12553	-10439
7102	-18306
462	3694
-7255	1040
8052	-18391
-4759	-5384
-13174	2280
-6309	584
6528	6209
16227	-3436
-9685	1456
7744	-22188
-6433	16582
-363	7508
3931	11910
-5763	-6719
-3980	2660
18466	-12070
4170	-3820
15443	9902
10182	-3345
423	-2200
6045	1551
6647	12603
10129	-3729
17887	-10053
19639	-8782
5893	4110
-1614	-11680
-7417	-26
-8582	9547
-4452	7143
17125	-7404
-16229	-3007
-3998	-3086
-10356	-13837
20037	2236
1740	-7305
-26708	921
1870	-9388
-1188	-2032
2593	4676
9353	879
-9005	2453
11547	25838
-2111	1865
-3335	-9494
20238	6434
-23476	11131
4760	-18290
-694	-5568
22028	-21279
16643	3988
1779	2062
-8187	-2910
-3723	-1908
-3485	782
1665	-3863
-616	-337
-4274	25143
-32667	36011
12677	-12013
-913	27983
-4850	1253
5638	4383
-8407	5111
-3870	-250
-17410	17499
13817	747
1400	13425
-4301	-7821
-4176	9522
-1209	17760
3219	-7078
-14639	38143
17160	-10326
11593	-2727
4838	5199
-9838	10524
9414	-15428
-9300	1190
-3489	5262
5715	-15330
-2536	30137
-6669	-9504
11849	-4244
4943	-11030
-1281	24493
3230	-4948
1102	-7436
8024	-9872
11845	-6036
1007	1537
8636	-8634
-7265	-2100
-12898	5976
20947	9549
5306	-5159
4835	-17148
882	2975
-6533	-16551
-652	-670
-5687	34317
51	-4974
1408	-7179
12599	-388
2793	1425
4049	-13743
-2776	-783
-10342	6940
2001	-6746
15518	-7771
1706	-2609
-7853	19796
16193	8750
9068	-3436
5730	-5401
15723	-8409
659	15161
-889	12613
16909	-5899
-256	-3063
8360	-9361
7020	-22068
7770	81
-44140	22820
1449	-8305
-12394	2812
9358	-11347
-9147	12371
6728	6774
4875	4879
-1131	-1577
-5492	-2491
-3053	3881
-6346	-3623
51	-2709
-11645	2957
12078	-3652
-22194	-1655
19423	-11703
-15349	-2384
-3579	14278
-290	1401
-7742	14740
-16417	2383
-864	-2017
-4616	-6189
4248	-2107
16167	-11084
7306	-1431
-9699	1053
-8163	-12555
-4043	2345
-65	-9358
-2653	-1811
-4118	-2262
16135	-9210
-381	-525
-9864	-2149
1329	-13521
7407	-6365
10420	-12446
5147	-3375
-8450	3982
10567	-5063
-25662	9468
-4906	-2392
-1021	4490
-12148	6868
8607	-9722
11379	9632
2564	17293
7000	-10782
1316	-287
2150	-2600
11461	21365
11186	-10815
1054	-6751
-643	-10110
12832	3312
-6860	-1230
11546	-1492
-21815	6768
-21829	15197
7388	5861
-1910	-1514
-8625	8800
-9917	6657
-17100	3835
-4045	-11584
12993	22253
4305	657
-1896	-2861
-14299	18010
-1064	-6342
-13367	6222
-2018	-909
628	0
2406	-571
-7192	-3954
4667	-4773
-16975	11359
-6378	-1943
5565	-5656
820	6451
-5501	4735
3298	8607
3221	-8090
-11454	2433
-8734	4664
16357	-17162
-6344	7917
2012	-1013
15441	-10238
-16983	17362
3066	5836
-463	-1173
4558	7597
3233	-12726
4087	-2839
2722	8528
-8537	-1889
-3113	-5115
1040	-9246
-9343	2439
-10870	-11456
-1181	10302
-10198	4988
3810	3047
28304	-18543
-1188	649
20523	-10849
17699	-14929
15951	-5433
2222	11065
-12159	4390
5722	7092
21404	4396
24931	-11803
-13701	15536
5806	-6797
-1110	28158
-10020	5151
5966	-1778
19425	2080
2107	-6628
3459	10096
-4225	-4311
5662	-6571
4989	23769
-4237	14853
16191	-12356
-12276	14820
-13019	6024
1988	7051
13723	-2396
-18125	10104
-1242	-6404
-14175	1675
-4162	-4165
-11366	13262
-397	-4918
-14104	7710
-11794	2460
-19169	13177
6970	-2955
-7285	5121
2260	-6934
-7950	7
7952	-11695
18432	-5465
-16729	4815
19756	12124
-5589	-4825
5929	-9854
1349	-4191
-9620	9072
2250	9670
-5696	-2470
1274	-8697
5209	5870
16216	-6966
3223	-289
-13683	17200
9368	-8395
4038	-9497
-3043	16061
-5554	16432
1594	8261
11651	5563
-6373	1410
7854	5257
10727	-6373
14354	1285
-9542	2232
9769	-7328
-6219	-901
2265	9662
12737	-4036
-8538	4187
14926	-6883
12359	-2525
-10178	7882
6672	-659
1300	-4934
-9344	-2380
-6359	-4698
8881	-4339
2718	-2757
-3881	750
2195	-6824
2480	17244
8011	-3624
5065	1768
-10139	-3617
-8539	2490
4031	-672
-5077	13799
-6010	-1409
-12890	5558
-2267	17655
13738	-6397
-5601	-2004
-3668	6425
-3460	6670
11567	-13004
12591	2692
2455	-1465
-10374	6765
2467	-9910
6545	6292
-3181	8708
-3726	13374
16135	13862
7044	-1587
-12054	23694
-4062	4010
-8873	-346
19029	-14061
-5159	2281
-16588	7639
-1689	-10303
7973	-221
5783	-5593
-1597	4536
-7586	3924
9791	-9718
-1419	-546
-4770	3791
-1949	-4805
7590	-5884
-2690	8948
5186	-216
5663	20894
-3901	-3963
9649	2573
1968	1343
-2400	-20967
-12871	-13522
16261	-12907
2976	-10340
-14942	1472
-6507	-4417
5999	-17662
13264	-8714
-14129	8870
-11486	-787
1419	-10997
-11439	2257
3473	-2715
411	1999
635	-544
-25105	-4904
-3163	10529
6359	-12022
-5235	-2995
703	-6097
16523	-7097
1694	16644
11717	-580
-6666	3644
471	11362
2321	-11602
-9713	1193
-5810	-2680
8080	-8005
13557	-7468
6079	534
3188	-2492
-8397	22959
8755	-8738
-17405	14972
10456	-3370
9988	-7731
-5946	41
-6755	5597
9897	-423
-7173	3159
-2572	3135
4243	-6444
-3119	2140
8740	-1237
-10246	452
-1315	-8799
-933	12008
5124	-7655
54	278
10294	-14670
-10064	-9017
-79	-12102
-6069	-5897
19240	-12510
4797	-9775
-6133	28748
-22862	176
9550	-13872
9540	15275
2037	-12633
1175	-9420
5370	18827
-6520	-888
3762	-8423
-34063	10862
15595	-10406
-6630	-1644
-108	-7333
7721	-8310
13034	-13201
-6446	-4017
-6024	15824
19707	-17395
1131	-10636
-5489	6050
-9408	-1936
-6893	-6702
-3875	-1999
4100	1357
-2474	7718
-1673	-1057
-11772	4480
-6543	-6395
-889	1387
-669	-10782
1422	-6879
-7824	10824
-7920	7823
7543	4775
-21553	6139
-3564	913
-2571	27276
9014	-6674
-10626	20832
3487	-4083
1581	-1100
5862	17786
-5943	-5868
-9538	3953
8611	-15804
-3021	-14454
-829	-5273
8248	-13273
-2850	-2250
-17294	2967
-9265	-3297
-487	-9327
25194	-7082
13594	-9275
-22714	6146
-304	11643
3706	3083
-5007	22345
3665	7331
-6586	-901
-363	-14880
-9387	27120
2725	-11267
-9745	3071
-5464	-686
-7555	19405
-13371	-2319
3133	10418
28987	-22898
-182	774
23718	-4586
-3202	-1178
-15900	1453
-15382	5412
827	16595
-17760	36786
1247	-2969
6070	-12292
14356	-7115
-5124	4262
8245	5217
8808	-12720
15127	-5623
-2851	-4720
68	-3134
-5050	-2840
1320	-6212
2934	1211
-9024	2068
-3970	3396
-3424	21160
5214	7207
3096	-4926
4488	608
-6907	-3736
11336	-8128
-9822	2737
-12069	6164
-3044	12172
-527	14979
32304	-30487
-2325	-18237
-7214	-1236
6337	-4916
-3289	-10453
-9190	-2545
1005	14513
-13278	17649
3882	416
-10566	5412
5011	11673
-5189	10866
-3730	-4590
8088	-6654
12524	-517
2371	12476
-28672	23930
-726	-5990
5068	-20050
-8251	-6222
9905	-5291
2929	10259
-6787	8842
-4032	-13901
-1464	-4616
252	-5058
-7365	-415
-13697	-5859
3922	-4077
-3216	2729
-5334	4371
1489	-7925
624	-2613
-3626	3182
349	-10207
-2551	1786
10848	-5869
-9666	-3603
-1898	7937
-9385	4654
-901	-3613
-10071	9866
5719	841
-16219	-2044
6874	-3250
-2248	-2960
-2774	4637
-19146	1666
-10501	4065
517	-5068
3083	20041
11661	-1313
-7911	-2376
2039	10426
27823	-22041
-14564	30592
-5813	1403
6679	-7403
12861	-7488
13170	-10121
9746	-5367
3688	-3480
4558	-518
-7820	-461
2340	15405
-14442	8916
-13906	1495
10661	-12942
11440	-9359
7560	-9004
-10870	-9338
12657	7799
-15181	33319
13617	15827
2062	18494
-800	-2046
-77	-11866
-5420	-10234
-1301	-6663
-13328	-2515
-12658	-306
14926	-12657
12070	1690
8682	865
-22819	12945
13698	-700
2926	16981
13586	-11865
-919	-4659
9092	673
1562	1727
-5763	12233
-10263	1830
5204	2108
-15394	18482
-2183	566
21602	-26220
6512	-10896
8272	-4673
5385	-12751
-13037	1680
7480	-4067
-5454	15853
3716	-5225
938	-3028
1625	-3360
-35217	7917
6127	-3105
-5015	-10808
6351	31599
18597	-11443
15575	-528
2967	20783
-12617	6785
-5400	-3444
2814	-2600
-6172	3834
-14638	9214
3437	-2495
-4158	5354
4526	21888
-6029	8132
-13121	-71
-15319	11081
12512	-8599
-10278	-6043
-4578	137
4243	4970
-2142	7628
-10065	4688
10598	-17409
19687	-8942
-1996	16176
227	-8897
-10468	-1331
-985	5821
9912	-8472
-9677	-1861
16297	-3922
954	7385
9738	-7780
1865	-10842
8721	7718
-18001	7325
-9084	6794
-2882	-7775
1838	2014
481	3198
-4489	3855
-5159	-4386
2377	-8339
-5088	10785
6093	-9000
8176	-7564
-1898	-8029
1521	-6781
1869	-5515
1170	-4611
9788	-7444
1288	-522
18272	-12019
-16202	7229
-2472	-4590
-26320	8027
9788	2044
757	803
14907	-10509
-9078	-119
-4320	11742
16611	-5132
9390	-15378
14132	-7844
4816	-10720
9187	-53
-11010	23128
5481	9087
-28053	1471
7215	-443
-237	-15980
7120	10552
-8398	10488
-22865	3509
15514	-12268
5025	-10186
-1528	13184
9826	-1649
14635	-7036
4986	-7246
-17217	1228
-11792	-3142
-4899	-3191
-12602	3510
9363	12296
-2181	-1830
-3341	-10404
-336	-697
6451	22135
1257	-1067
-894	-15019
871	14501
-2604	-7120
697	-5349
4938	-9775
2821	-8176
708	-7451
-11555	-14728
-8542	-363
1897	11073
-16113	23212
-10506	739
6643	17857
-3198	5776
7886	-5688
7868	-3834
8440	-2762
-1239	22755
2954	10638
-15016	4841
2751	11197
6660	1037
-2154	17217
5593	368
-5995	-9794
18571	-16196
-15308	-11077
7682	5415
7765	-7097
-1581	-785
-2689	-3333
-17444	11495
5197	-5532
2611	-3141
-8893	-2052
-6012	-2203
7421	-7596
-3228	-8663
-3502	6264
-17636	-1978
204	-7259
11653	-3988
1186	2968
4678	-8234
-1064	2964
-15122	3500
3925	17636
1239	6630
-5170	4624
-641	2374
10821	-63
-2721	14973
8794	-15800
2974	1441
12593	-6943
-5554	14023
-3360	-7864
7212	5877
-4502	2233
1313	-8099
2090	-9593
-820	14615
1422	3874
-9203	-3379
3723	6546
3000	-12488
9028	-1805
13079	-14701
8733	-16686
-3775	-3820
-12653	3310
10322	-13052
6877	-7711
-17853	7512
-6203	-3721
-4521	-8522
-20509	14013
-16607	28481
3559	11534
-9616	3429
-2378	6018
-1226	27204
-17638	7128
3242	3718
12246	-11112
-8284	22358
-7704	-8819
-10971	-2541
-432	-6274
22636	-15817
-2285	-12081
-17094	7125
3142	-4012
7211	-12558
7114	-10675
-11456	14500
2339	-1718
1475	-5156
-35794	37606
11555	6128
1403	5547
17035	-4047
535	-3129
-13663	4590
18575	-2817
-13737	3319
-15106	17881
289	311
-1396	13177
-5373	-11837
-13546	-394
-12824	7532
14834	-2144
-8420	-5914
17760	-11880
19016	-13075
9853	-11630
5820	8104
-11624	3619
26242	-13137
-11766	12509
8510	-7143
-2900	-8093
-3986	-950
3756	-4169
2561	-407
19415	-12571
-10951	-6577
5518	-3306
-6121	869
8939	-12218
7708	646
382	8936
1767	-3280
9600	-7292
-15179	9278
12667	-17922
-11522	9608
9952	-10943
-4158	1750
13363	4460
-5090	4359
-12517	1279
-9053	7052
-20104	6882
5154	-2494
9263	-11025
-8374	330
3530	-6299
14796	-14868
13785	-13786
12170	-3012
7232	3461
-10293	25416
1182	3063
-9598	-5976
-473	9125
6925	-7626
-2936	5447
-2126	711
9756	-17310
829	-5394
19423	-6234
15603	-17667
7429	-13314
-715	-4586
1653	-4045
-2158	-3283
3503	-8542
3382	376
-5661	6780
5571	-6751
5707	-9590
-18756	10962
3103	-2254
4480	-4908
-7305	-6645
2140	-6744
-2390	-7977
-9746	3511
-2549	-2041
-11681	5227
-18262	2828
-2579	2332
-7862	-11009
6984	8044
3371	1515
5379	-4253
13267	-2525
-5526	169
5468	-10772
-19220	-5687
-1372	-1222
10774	-13427
15140	-7271
2703	-2713
10760	-10293
-6206	-636
11982	3055
-5379	-2671
-7442	2700
14234	4799
-6390	3811
4218	-3858
6592	-20964
1291	9709
4056	1035
11419	-9762
11281	-7100
-3510	-2407
-10592	3600
5169	3050
-13514	10916
-4284	782
1959	23064
4827	940
-6762	-1881
-2059	-10689
8740	-2872
-10971	13441
-4866	-2253
664	6442
1454	-2804
7583	-14134
-16080	-3370
-8816	-696
9671	-449
-2307	1557
8985	-5288
-10659	2388
9744	-12490
-9460	-2497
-5929	14170
4009	-8348
3824	-4219
10828	-11278
-1524	1687
-6090	-2919
1075	22685
9524	-19360
-786	-4516
-12589	-8237
-4240	-2359
2544	-10704
-4794	8621
-5944	-2790
7079	-3487
-8315	-1231
11711	-10508
21151	20450
-5544	2951
16324	-19043
5766	-8783
-22665	4205
6316	-20442
9481	-5340
19048	6067
-704	-9401
7268	-17188
5443	9045
17745	-8633
4794	13115
11200	19788
4834	-1020
-5461	32774
-7628	11494
-4654	-2593
8500	10487
536	5699
4477	9995
123	2708
-933	-9184
7759	-16983
5336	-6630
-3411	1206
-18272	4674
1779	-8086
-19845	-2138
1500	-4391
-15441	-3376
-8387	2953
20143	-8560
-12126	15144
-7314	3050
-5123	-1603
-4822	-4640
4162	-4428
-2879	-2890
16973	-9353
-958	-6473
-10957	3691
3626	14392
14559	-5346
12881	-5307
14694	1305
-15577	14297
6283	-6034
-4919	8328
4046	-5475
-9817	1987
-13776	-1817
7225	21096
4166	12528
3352	-3553
-584	17258
-22674	9712
-1119	-4522
-3636	16981
-41376	22282
2682	30593
26096	-7309
-15643	1760
6680	-11831
2355	-8011
-12419	1195
-12307	4064
896	2651
-11001	8867
20540	-13048
4691	-3879
-7278	2146
13915	-16674
1165	-5461
2797	-5413
12099	338
6114	-8899
7611	-640
-10032	7879
-4700	9898
17541	-7923
-15817	6569
-511	19355
-12182	15258
2814	7807
11015	2598
-18294	-487
-8612	1016
14359	22077
12962	-12265
-6622	-11619
-4593	-4015
-7141	-3043
7092	-10168
14154	-3853
1850	-10008
9026	-2155
-939	11067
11164	3817
-1375	-1507
-4328	-2647
18857	-8166
9905	-7094
-11159	-10984
-6661	16727
-3749	774
16727	-17064
-6681	-7769
-94	-3478
-4304	-635
9992	-2790
-22193	3757
-7666	-7328
3920	2823
10788	-1587
18127	-11903
6591	16376
19563	-10632
21127	-9890
-13119	-5026
-3797	-4614
5334	11194
-3925	7974
-5276	11562
2644	-1045
19259	-6161
-6851	2761
-2718	-2432
-21379	-2956
15096	-5878
-15529	5648
4647	15137
-2909	-1913
9720	-10655
7861	-1995
835	-7610
-1941	-5615
-3370	-7005
-2894	16094
-10910	19660
9075	-5243
-17798	16838
9880	3100
2899	1351
-2318	-1902
-2090	-3
1835	-1796
-7449	6069
12543	-22944
5200	2078
1148	-6974
-934	25091
-7351	-3362
-3013	10628
-9227	-6249
-5516	-965
3074	-14351
-4478	-3903
15728	-17598
6217	-2826
-5652	12084
6707	-9092
-2113	10397
2516	958
25223	-10385
-11602	317
-7737	-5559
-4112	2027
-6662	-2131
-822	-3878
-12482	1439
-7887	3925
-12336	-2105
-6616	2565
4600	-10515
3461	-2950
-7880	1010
-63	-2805
10085	1046
5538	-3773
-19461	1933
6946	7764
-6693	-5917
-1374	24855
3640	-4879
-711	-14729
5162	-562
-8944	-9722
-11697	10293
-6422	-13345
-1730	-241
-12769	5413
-4555	116
21076	-8587
3878	-2412
-2660	-1747
-10970	4718
-8668	-6544
6647	-4526
-15357	5934
-10570	1400
3210	-2523
2059	-165
5105	-14049
9345	-7212
-4248	7718
-12739	-6293
-756	-2859
10803	10505
6208	-6648
-7118	-7120
-9105	-1976
1669	-2276
-20	606
-7644	12174
-8412	8634
-4783	1638
351	-13305
-9610	-46071
-11059	-8959
188	5467
6061	6014
3904	-8963
-5528	23417
9945	-13255
551	-4557
8590	15650
4782	-2286
-1942	-4675
9543	885
3459	-7426
3040	-2521
-8463	-1868
22361	-12623
6122	10089
3210	-3481
-3299	-4217
1291	-5311
6905	-12605
14218	-1977
-23885	5280
2515	18533
7415	-5677
-7873	18162
-3265	2572
6249	-3672
-198	4909
17202	207
9682	-8010
8568	-5220
-1069	8394
2970	-4214
-13309	1665
-13679	3367
12871	-10325
-12846	44447
-4164	2713
-9945	-4729
-21131	21252
7847	-12674
5452	-1744
-12183	-6306
5706	-11508
-2381	5066
-4424	5597
-17316	12808
139	-4524
-7950	21556
-22742	14038
-5190	-1477
-2415	3340
13325	-8566
5828	1035
26253	-3152
11609	8657
-1459	-923
5378	224
10555	-10710
4007	8903
-1524	-3632
-8037	-3047
-16156	28126
2676	677
6697	3208
4033	-11329
10103	-6269
-294	3457
-20246	4516
-6622	10410
4934	2500
-3806	17329
25763	-18708
10580	-67
4729	-11655
12750	7222
-25522	-3005
6164	-3956
12411	-33540
-9232	4533
16364	-936
-3302	-1516
6372	-4472
9542	1244
5337	2801
-1349	-1362
-6970	-1002
15684	-10728
13923	-9104
2843	27876
9258	-811
-2799	3090
-3523	2700
8633	-8080
-10009	17866
-5015	-3457
-2136	23003
2658	6792
11584	-10390
-383	-4551
-24625	3225
-13661	-2642
5351	-18340
-5745	4863
23201	-12382
-13246	2045
-19662	2245
5473	3904
-15119	13300
2326	-7812
-4402	27556
-4617	-3533
5200	2804
2692	-2927
11483	1170
-4836	3546
-6028	-1136
-15000	-5782
3441	-4638
8990	954
-6103	-7677
5561	-5767
4	-1279
13583	-2608
-20247	12385
10260	-13365
2745	-798
-12265	4349
-10335	4517
-8126	17937
6798	-6586
-6683	17929
1641	-6796
-6515	-3562
819	-8161
-13515	-13232
-5305	19729
-6741	287
-1282	-7116
-2456	20481
12308	-11739
13672	-5470
18934	5119
-19419	12761
5966	2071
-10633	4698
4269	10159
2637	4002
-6167	-124
6196	-723
-16608	-1390
-2697	14418
1982	4909
-1086	-7139
-2933	15006
-8772	10153
-6511	2850
15440	-11919
-5441	-2734
1391	2889
2260	3943
3269	-3058
17324	6802
-15285	2053
3454	-1500
6043	-5109
12366	-10256
5594	-5426
-13895	271
-12951	288
2370	14494
-3730	-126
7551	-2240
-14716	4057
9756	-5793
-14736	129
-14274	-1352
10511	-14160
-575	-835
719	-10706
-5611	-1344
-3173	2317
-4598	-1705
-10514	4662
4496	-691
-7137	1630
-5684	4518
-17281	22880
3542	-7150
11501	-13052
13026	-2666
-1521	9464
-7981	-4699
-7097	2519
8727	-12023
3740	-17009
908	15585
-5301	1469
-14212	1344
18922	-8723
12860	-8530
10161	-5780
-17448	3471
-13713	743
-21643	-3001
-1270	6558
-23410	15275
-9574	6275
-15850	-3748
7139	-4881
-6903	8623
-6606	208
-8485	1123
-3647	1862
-471	13474
1580	-13994
-4828	13965
-15875	4578
5509	-6638
9241	-5344
-6159	-2879
-6664	19224
11398	-9342
11554	3013
10861	-3923
2890	6490
-19734	8508
10813	-7073
-7729	-731
-7746	-9589
-3194	-11066
7534	-15476
4922	-4176
10862	-9788
13891	-6573
-12710	4868
-10146	-5866
599	4168
2103	-3257
-3121	5931
-2109	1010
11907	-7147
-11823	4855
-6252	1381
-77	-3372
-4530	-5599
8179	13077
10425	-12955
10229	-5725
6480	-5580
-12778	492
8609	7575
-10709	4300
8453	-10921
6374	-7697
3793	-9460
3674	-2741
-2784	-1265
-1141	340
-5007	258
-5701	-5598
2962	2852
14067	-17891
-9750	19953
-2417	-1478
-2863	16298
2873	-12677
5665	7896
1036	7564
293	-1239
-3153	10533
-4485	-5221
-13831	5673
-12360	40870
2961	-3426
-12957	6268
3574	-3231
-5078	-7451
-5749	3941
1468	247
5509	-5412
-6804	-298
-3415	-10869
-3495	9596
-15429	9
17446	-9474
4758	-9888
5074	-10819
11558	-13868
-3397	2591
3073	17180
8554	-14283
-627	2194
-3430	-6930
-96	4405
5065	-1789
-5114	14823
-500	-1055
9883	-2996
6702	6026
-12690	-681
7817	-5720
-7425	-8
-9818	11199
-12401	4856
-6459	17143
-10966	5115
13933	-9374
1056	4658
16057	-17816
-26043	26137
-4393	6537
-1558	-4284
2332	-2154
-844	-12011
-3730	-156
3575	-857
5907	-8547
-4038	27459
1202	2462
-14698	10793
-4001	-2244
-5149	-393
-5644	-740
-1666	14279
5223	-2066
-18444	-1158
-3463	4701
2685	-527
5939	2469
-1636	-4321
-4515	-1402
4386	3406
-1505	6830
7687	-3546
-809	-825
1751	-3051
-8059	31317
-28007	-18241
-5242	-9016
8747	-13867
-5710	10783
-4243	-5213
22600	-8443
-9943	14160
4469	-4311
2226	-6592
-7584	-2252
11587	13808
-1354	-5248
11585	-6730
3785	-4770
-3767	1509
-10148	-12803
-10238	4814
-4756	4654
-9283	2382
-2711	6311
-7707	1327
-16691	33390
8865	-9926
-7856	-10606
-2748	-2603
17242	-13691
1709	-4556
18882	6036
14372	-9930
14975	-16627
-2176	-6503
6158	2594
-1103	3421
-2678	-5165
-22155	3289
-1443	7284
-2354	-385
-4662	-1051
-1467	-17446
12406	-12980
2637	-2965
-11670	5468
10195	-2588
-3547	-7127
946	9558
-5567	1657
6442	-2769
1758	4055
925	-3269
33535	-40635
-1245	-1813
2211	-3817
2754	11730
-6672	-87
2369	-61
7359	-4535
18252	-13388
-8198	25565
-21299	36917
1161	14249
-12295	22392
3655	-3878
-2317	-2055
-7373	-2238
2077	20390
10115	-12325
-7241	2113
7470	-5683
5540	2519
-6662	-7049
-8926	2556
587	-3220
-2543	1410
3670	5061
3827	-4840
-4361	12177
-1804	-4789
11033	10921
-1192	-25605
2652	-3717
5957	-3945
7799	-6278
-15183	7456
6824	-3666
-10419	430
-6539	13586
4286	6911
-880	12135
1394	2249
15613	-17347
1665	-8396
-6797	4284
7308	20408
-779	4725
4118	-7858
9988	15068
20868	1875
-3748	-3057
227	5441
-10513	3676
4261	-3113
5163	-1329
1372	-15582
-15290	-4
-13521	-2801
-1848	10029
7056	8490
9247	-7296
-10412	1826
13598	-16829
-18171	-5310
-1294	-7571
8360	-9155
8596	-4728
2686	11667
4166	-5687
7035	-6369
16036	-5870
-2601	25044
14188	2028
-8791	-5022
6796	-9696
-5994	-6162
1512	17543
-9570	-1855
-1484	-3536
3191	17867
4176	104
-8550	5337
-32875	13111
-8385	9203
-15305	3831
-8197	-3343
15561	-8114
5724	-889
-19586	-1675
-4499	-4520
19537	-18787
10976	-11807
-6415	4658
15293	8979
-9489	11429
-1188	2744
-2943	-3353
2720	2444
-1721	14454
750	-1592
-20962	21432
5488	-3649
-16832	-934
4048	9049
-8918	-5514
16080	-605
3192	17951
-8301	2185
-1970	1228
-1362	3023
-973	175
-5824	3043
42	-53
-19002	771
-489	-2806
-5056	16500
8333	-7167
-14624	2025
-2711	-8753
16387	-7329
10282	3161
-982	5864
-1615	-3329
7972	-4032
-11532	9823
-1501	-21921
12962	-2486
-1239	-627
-22953	3471
20128	-9320
-277	11094
-19693	7795
-9596	-2803
-10297	1526
-2844	-12439
-7058	-2583
5005	-1602
-2612	1206
1914	674
-12885	4956
-8866	-8361
2837	-5685
-10757	1062
-3783	7242
2810	-3843
14070	-14893
29	-6173
-844	4707
6403	-9408
1267	-7871
2618	-6059
7028	-10761
-2630	140
-13432	-1273
-24060	6343
-2633	8824
-4421	-10828
7565	-4961
-3313	-1260
6090	308
9791	-7720
-5885	15962
6056	-3921
-13274	331
-9865	7759
1142	-4472
-5600	-6225
3163	-9997
559	-5408
4830	-3185
-15505	15645
2043	126
-3648	6268
-4225	8441
5437	-1857
-1849	-2737
13485	-11937
275	14881
1054	-16383
13787	-1604
5507	-9629
19122	-6130
-1621	5970
-2474	-8205
3542	-10130
1703	-7175
2956	10299
-8868	10030
-15395	4511
1356	-403
17021	-11992
-13832	-4118
-4211	-7754
-3472	4910
1981	9739
-14520	18008
7489	-6956
-13141	3145
7469	9522
3713	-11648
-1118	-100
-16662	665
-9469	759
10093	-6133
10187	-6676
-12486	1226
-14577	2708
4170	7380
7020	-7649
6000	5487
2299	24107
-2522	-8796
-15581	-6124
2214	-11396
6196	-10377
13908	-14198
591	23800
-6720	2602
-14363	-4652
2560	-6410
-9961	-10055
-9903	1521
-6925	-1538
-1619	-7089
-3426	-1408
-1904	4642
-417	12356
-10260	-1164
18282	-12700
8130	1029
-2316	2231
-2816	-6873
-4892	1359
-14678	1816
15586	-8820
-13873	-3980
1047	-9204
-981	-1912
-6508	2692
-26514	31282
-16522	836
-8099	10144
5756	-308
2571	-9684
-12588	-9947
-14372	3799
17528	-6760
-2991	-1186
-9260	10145
-9932	363
13881	-20168
14220	-1784
-2454	-5300
-13708	1164
5413	-4182
-3419	-18784
-1827	12606
-10492	6581
-15491	739
11442	-6911
1368	2882
5788	-7404
-662	-423
-4580	5563
19320	-15945
7407	799
-13106	5846
-15881	2159
-7278	-2748
1758	1839
6460	-9001
2511	825
7291	-16948
10745	-6195
-15687	15597
-16412	5657
-22432	4143
-5240	-5181
6807	-1277
-930	9080
-2608	-5438
14037	-15520
-9114	4228
2180	-41
-3210	6470
-10774	21007
2803	-15368
7452	-12181
1028	3634
12620	-5553
8985	-7416
20605	-14558
12518	182
9461	-17881
-28400	8519
-11989	-10903
-10099	1034
1051	-7216
523	-3671
-1793	-7374
-5303	12706
5090	-688
14594	-13786
7077	-25892
-5836	-5189
2040	11498
-9803	781
-14090	-7872
7627	-8510
-7407	-2306
6115	-6838
16012	-11926
-2006	-5008
-17932	17859
24325	-17060
-19624	244
10602	2654
-898	-8444
13212	16221
13381	-10306
-8287	10654
-6045	2855
-4306	-1303
-3421	4134
-1137	44
-9284	188
22059	-5439
-2906	-8876
8824	12908
-4274	-2639
7938	11876
1590	-9176
-15422	221
-10595	1766
-11679	-3098
-3123	-289
-18170	-6572
8877	-3576
2131	-6500
2401	19547
-1974	1222
6545	-9489
-15245	6771
-298	8300
-3514	2870
-10816	17199
-18623	8899
-9344	-115
-1388	9333
2246	-1948
-14610	12176
9043	-5988
10869	-6244
1701	16242
-7136	-1828
-9397	19982
-7168	5525
-11181	-5886
7266	-10559
3811	-16429
-5752	6233
10956	-4127
7720	-10632
12079	-16993
14037	-10003
2986	10203
6731	-5343
8056	-7292
2717	6890
-10746	25366
13585	-11159
5234	7348
10591	14528
-12939	9161
17022	-27267
4897	-6277
-294	27178
-7329	14329
10677	-9805
-11774	569
-14475	2889
5822	2177
-347	5690
-12173	2400
7784	-7988
-4197	1534
-289	4810
7622	-13127
-6856	18007
-10954	3823
-2438	-9156
6730	-13953
5814	5917
-4592	17697
-3892	5552
-435	-10781
-2843	10575
10449	8030
-7502	-1979
10864	-8524
-12836	8605
-5710	2376
1527	17279
-3004	5914
-7265	-1249
-30398	17178
-4217	16664
6487	6557
-2316	30126
31044	-7828
27695	606
10397	-8476
7716	-9887
-17133	11298
-15532	37
6792	-3688
-281	17978
4990	-3231
-4342	-2897
-142	-817
6950	-9359
11274	-16959
7957	-229
8078	-260
11426	-12293
7455	-7660
-2647	16860
23481	-16468
-2726	-10796
-3947	1261
-15598	3497
-3128	-5128
-11153	-2453
-3009	-3199
-2306	-7087
12033	-14475
1916	10037
8107	6978
-2605	5430
16425	-4831
-9980	-6178
9220	-5633
-2313	-505
-19885	1596
24088	-11692
-1634	-4291
14313	329
10316	-30
-783	-1759
5395	-6453
10749	-4139
13162	10400
10096	-14902
-1056	2192
542	33800
-8447	19857
9162	8980
-6103	-6250
1477	-3289
988	-9840
-3414	34358
5142	-1532
-3052	910
-7344	-1412
1877	-4006
5042	-164
14309	305
5614	-6820
-9090	7264
7270	23097
6888	-14838
75	7290
-2202	11415
-13368	-7210
-5548	-681
409	-2281
218	63
-8942	-4767
-31685	14740
-14588	1723
16039	5709
9272	-12661
-3882	8175
4836	6067
3204	-2246
4461	73
-8932	2404
18261	-14114
3549	-4989
-9822	-4631
15770	-1438
2664	-9498
-3966	3913
1257	-2681
-8564	-4604
-12465	-7340
12060	-11205
1504	-9685
5835	-6434
6815	-15475
-8349	-7167
-2735	-13683
-9262	456
41	14192
14648	-13843
-7134	721
2503	24409
-9413	7393
8199	-4010
5531	-7409
3340	-167
23518	-2803
5071	-12047
2454	1326
4692	15052
-20905	8580
9837	-1252
707	9535
18973	-1800
5121	-7626
7708	19683
8646	-15501
2742	-8912
1172	-6076
-8849	3521
1585	6551
11312	-10713
-11886	1289
-9045	33491
-3838	9729
-1385	-2925
-15329	-934
8810	2952
-26149	13133
8992	4770
7641	-12144
-1346	-4436
4506	-18372
3819	-729
-1078	-3143
5744	-9564
5247	-13324
2013	4726
-15697	5175
16543	-8931
-1002	-2599
-16501	-2653
354	4588
-3775	1585
1701	-2695
2131	-814
-7759	-1181
2913	789
1944	-6634
-9742	-4438
-4689	14325
-1530	-4773
1912	6733
-9497	18123
-9129	1316
-6845	-6924
-17733	-1372
2715	-1495
-7463	-2399
17866	-10096
-9942	22519
-8225	6514
-299	2485
3655	-11087
5579	14543
-541	1082
-8496	-832
-5805	-3740
-6462	-1467
-15750	3498
13944	-14605
7851	-5841
1488	-2502
-6593	1581
-820	-4782
-678	23827
9982	289
10484	-6822
12470	-6089
-2397	-9161
2335	7398
9580	-12957
11087	-1620
3830	-27414
-13266	-2740
8367	-7145
-877	8558
3598	15095
6829	-3942
-1636	-9899
20322	1222
-1707	9349
1524	-8957
-616	-3473
9446	-6306
-24752	2012
-5991	-7331
5381	-265
665	5101
286	22436
-1792	-2806
10501	-896
20017	-10298
-26888	26576
-10709	-6627
736	-4381
2721	2772
3151	-5011
3994	20754
-13817	15306
-4467	11354
-6156	-9279
7294	-4640
-3522	-5422
1663	-9775
1476	-5512
-1355	-14722
-16903	3559
768	-2043
-11996	-2085
9702	7211
13396	-17337
2426	12290
7100	7764
-894	-7990
6381	-10350
6609	14660
-14677	21625
19340	-15024
-4455	9121
7927	-231
-6681	5522
732	-2520
4321	-7729
-4540	-8806
4875	-4381
-4322	640
16095	-6184
9721	-9417
-4957	-1783
2124	6064
-4672	-7736
-12838	11446
12445	-7209
-7024	-1233
2403	-11619
-9037	-7021
-14791	8047
1953	16423
11839	-11159
-9286	2795
737	6743
-5700	5730
-16636	28607
-4480	14704
10389	-9499
-16217	7672
-2646	431
-4305	-7624
14573	3119
2859	10624
18250	-7878
3052	-3252
7841	-2542
25097	-17813
22730	-16342
4427	4212
11067	-8166
-2117	-4089
-2068	-9426
3936	12668
8914	635
7449	27918
-5684	20627
-3258	-2313
-14454	23932
9951	-3276
14773	-6080
8998	-1916
-230	1572
-1111	-6246
7404	-2255
1666	-10159
4363	917
-11866	300
19920	-10730
4673	-4737
1932	-8025
-528	-6807
-20702	8886
10855	-3260
2366	-11889
-1311	-9555
1229	-7869
-424	7087
21242	-9910
-6972	3429
-9974	5287
-28599	1237
3233	-9481
-10992	14471
21427	-2963
-10034	2247
-9023	166
-5000	1152
-9184	8147
-13069	7232
969	-5691
12451	-414
6655	-8186
6523	-13440
10887	-4803
-16533	-2198
2361	-24401
-14851	10606
6040	-2209
12325	-11911
4264	232
12259	-3632
-5935	23281
4607	4145
-6700	3535
3578	-12217
1258	-4886
6715	-1511
-17944	3989
5725	-10096
-3915	-3448
5584	1161
-19571	-3871
-12119	2472
-11703	5883
-7338	3654
6586	-7433
-11834	-33
-3	-7107
-9735	1298
7219	-13412
-1973	-2190
-7558	26880
20277	-2454
-25712	32593
-9051	-4558
3812	18719
-9616	-9293
-9437	1571
-7940	6067
11403	-5829
-8245	1942
5251	-151
-8921	-5556
-3977	8730
5021	-7273
6757	330
1630	-6222
588	8573
-4532	5427
-2432	-6887
-10848	1534
10660	-4598
-8264	-8541
8694	-10345
-16397	1662
-15360	23417
-4494	291
7331	-1805
11948	-10462
26919	-13291
-10000	-1678
251	8187
-3410	-2838
-6251	8226
3959	2129
-9826	-6825
-358	-2067
-1599	-1192
-14344	1657
22	-2113
-2505	-823
-2970	5325
12255	-12039
5899	6847
3792	-3925
-680	-7799
-14225	-434
-7798	-6180
15011	-11908
-2226	9050
-2184	5522
21146	-5178
-5731	8386
-3170	7205
-6775	-1120
9560	-12174
19314	-13472
2449	-3481
117	-3577
26695	-18714
-16073	8421
11303	3147
13194	-7275
801	7031
-10115	-932
5019	8293
-9931	-4481
2263	338
4869	-2591
11129	1151
-1087	11220
-3170	3445
-3918	14706
-4536	-1320
2061	4204
-4613	10223
-4501	3619
-14355	1907
10558	-7288
-11780	18191
3578	-2672
6840	15593
13069	-10473
-1385	5128
-1689	-2593
7619	3287
1849	13963
2131	6454
-3606	1466
-17213	3245
6560	-4890
20696	-18085
-694	7860
-17333	30097
-1115	25937
-3643	-4188
2041	-1569
-26956	30104
315	-15186
9745	7537
26	-2593
7972	2093
6120	-2681
11855	-9654
3506	11975
-2902	-13480
-14999	10166
-16260	5565
5849	-6582
-5873	-1629
-9944	14395
-4551	12762
-14546	7173
2969	8084
-26155	13566
18128	1454
-817	-14465
924	94
2335	3973
10815	-5582
-593	10159
8715	-5927
-2921	-1787
5369	-13610
20159	-3791
15837	-9958
-13407	-10180
-4748	-14508
-5291	7342
11301	-3853
15566	-7844
-4851	-10794
-4524	-11489
11802	-10330
704	9214
-6983	-4261
-7332	-1259
3757	9597
-12460	1702
7238	-2860
-6520	-617
-27714	6216
-9266	1419
-12485	9261
-8668	5928
-3074	-2793
-1475	-731
12775	-4824
16391	-7638
-24355	49969
8798	-4778
-8774	3488
-843	-9853
-1296	-5428
5880	24273
1602	-9445
-745	-7478
27333	-5440
-13232	1652
7331	1870
-21879	16279
3885	-8740
-1916	558
-12045	-3204
-1814	696
-14001	3309
-19455	6570
-11871	-2960
10696	-2529
-7119	4738
-11707	11407
5440	5267
3975	-6900
-2633	-3107
-8554	-6112
-372	-1778
-7399	14614
8703	-11717
-8610	-3790
13996	-4625
28059	-17789
11248	-5629
-684	-6506
9281	-2635
9738	7065
-9293	-4337
4899	-8894
-11638	8202
-6247	-6230
5801	-1955
-4653	-9303
-1885	2296
1835	-2536
8945	-13997
-1270	17593
-4267	5187
7216	2872
1062	-3758
6752	-4911
1386	-3210
4903	16295
-17007	4376
6465	-5282
1677	-298
-13255	1068
-5786	6519
2200	3785
-19014	1570
17591	-4044
-697	23043
-13773	-6028
528	10480
-2359	-5447
-6068	-3440
-4212	8085
-18709	3596
-5942	8973
-868	14964
7594	12065
435	-7325
3977	-9278
2834	-6271
-7043	6131
10769	2180
2860	-5126
-10231	-1144
-35	4913
-2735	28345
14287	10744
-7433	9469
-1036	-9870
-12323	9517
418	-437
-7798	27458
-5243	6342
-7727	4030
-6389	1456
-5223	4334
-6960	3235
-5820	-5913
-10719	82
-4535	-831
2080	-5991
5121	-8816
1515	-1948
-18270	-4175
1307	-1950
1906	1881
20934	-12714
2710	-5899
7852	-3332
2711	-11166
24062	-19717
4435	24161
-5981	10440
19514	-7772
18078	-12150
-583	8737
15414	23546
-2986	34609
-5577	1425
7763	2001
12412	-7494
-2783	7936
8574	-10657
7907	31553
8608	-10362
6929	2994
-15158	7672
427	-2538
-2238	-8382
-10289	2554
-10960	43006
-2825	14946
-5741	1818
7625	-9099
11518	-8867
-8845	-510
-1006	-4710
-1613	13101
-2950	2874
14176	-9982
-3099	-5030
1695	196
-12664	10265
5073	-14756
-76	-8728
17583	-11966
-4081	-2840
3016	10854
-10392	19001
76	7115
971	-7372
-392	-3592
-17731	18143
9858	-3359
19167	-12240
-1614	-458
-9319	3762
9880	-12543
-5890	-3633
3008	-6557
5735	-5938
8392	-2761
1418	160
1522	-3588
20923	-10347
-5551	835
5413	3948
11616	217
12526	-2300
5662	-4390
-3316	746
-2329	364
-753	-4216
7471	16638
-1146	-5885
1662	-2786
-7841	11229
-11783	12811
10285	-8689
11467	3740
17782	-10139
7385	480
-10242	6488
-16077	7099
1197	-4996
11384	-8566
-6257	4977
15480	1452
-18357	-2404
