-9382	-13232
-20772	-5892
1604	-13120
-4863	2038
-5003	-3886
-6499	-10530
-3431	-278
21711	2045
-2504	-12729
-15611	-21033
11740	-8665
4946	-15428
204	-16096
6165	6619
3985	-3622
7970	6901
6612	4185
3816	-7666
-6523	-12074
-2496	5367
-14178	-4703
-6430	-5538
923	1921
-2593	-2815
-10764	2219
-723	-2325
-20936	-9441
-9058	748
874	-7997
4258	3347
4588	9343
7250	-11352
10991	-229
9810	8808
-3019	7967
15765	7269
-11708	-3132
-6486	-3378
1106	-4684
5393	-2747
-1682	-1685
-5656	-4692
-19342	1807
-4964	-5184
-2705	13272
-10643	-5175
14688	13985
2779	-13114
-7907	-11360
2917	-1434
10613	3106
4195	-1001
-2560	-5339
-12789	-4843
-15668	-828
12217	3351
13796	6058
-8426	-10718
-7517	-188
-16749	-13832
-12001	-4747
4352	22285
2356	21055
12549	10051
1405	4301
5221	2103
-862	1320
25971	17101
-24342	-12145
-21153	-6396
11083	6265
8507	35374
8691	15223
-2172	-340
8476	3158
-10036	6745
587	9119
-980	6286
-367	-1970
23156	-18780
4669	-13857
367	-12010
-6312	4646
9507	8438
15865	-10099
9851	-6634
6715	-11844
1622	7966
12709	-3843
-6097	12575
17270	1845
4483	-12935
2829	3834
-25425	-8729
10106	1171
-10117	-10985
-26991	-5353
1981	2660
-5489	-10452
-6742	-12604
-6945	9995
9677	-331
-13443	-4701
-2752	922
13008	13439
-13591	-12300
12526	4879
23301	47342
2349	679
-4161	-4144
616	-3926
-3257	-9571
7169	6003
1991	-3388
-18578	-5749
2146	5360
-19081	-33
14110	4424
-21459	-9457
-10816	-1059
879	-11988
12063	7153
12710	-4899
5209	-2107
7541	4058
23429	4641
-3278	3283
-13717	2067
8563	3804
5890	16054
-12141	-12488
6151	8097
22269	11575
-5854	-6913
-783	15508
-18487	-750
4937	-11806
-7949	-9669
9819	18533
-3614	-3946
6973	9537
-1559	-4477
-4058	15887
11640	3055
-2630	7082
-2889	10110
13507	11238
-10744	229
-202	3480
15976	1430
-3707	-3025
10344	-13783
9622	11382
10441	-12923
3148	-2871
9121	14046
-7357	-4798
1718	17783
21866	2616
-5995	-13952
1548	1601
-327	916
12265	-1254
-4109	-12230
3802	2028
-3007	4531
-101	6231
-1778	-2757
17313	11678
-5091	10125
-1875	23921
-10353	14827
10904	3443
3155	-7814
-3093	-8720
6704	-141
-6389	-13927
-9225	8346
8474	1409
-2212	987
15038	13056
-10768	-6790
1795	-9133
115	8531
11614	13676
4854	-6203
3931	18364
1775	-4161
-8540	-11098
1080	336
2234	938
9659	122
-403	-7622
9092	13779
21629	-9225
-2220	-10517
4981	-7793
1987	17028
-2342	-5392
-2465	7243
1304	-3411
3513	10071
-1505	8059
15976	18659
6356	-846
-1530	3231
1135	-1741
8838	2467
-13662	-7271
-9871	3659
14566	2284
-7004	-2783
6637	642
9763	-7244
-6465	-6358
3308	-1272
-10322	-5286
-5679	-4551
2759	-4454
8730	-172
-9555	-8707
-2587	3000
-6167	-10961
-1850	-1851
-19146	-8133
-4959	-7634
-3724	-13539
9161	2026
-5954	7774
976	-8991
13646	4304
-674	-4669
-7820	3585
-2871	-13890
14127	10105
4296	2632
-12843	-115
8197	-1655
9060	3557
-919	6496
3573	-1798
2040	8691
-8470	2978
3308	-23281
-970	-7309
1085	-8566
22439	12318
-2434	-13109
414	4759
-13833	-1395
-20824	-8984
-3161	6639
9547	-9329
-721	-4180
7373	20269
-6874	9350
2156	-1302
-750	24843
4266	19570
-7963	-3557
-6287	-26955
-1510	7744
-8585	-10851
-1049	14923
6199	39918
-10042	13231
-13333	131
-8418	-8110
11859	21374
11507	8074
-7794	-6383
-1608	-9685
6871	9377
-5822	8960
6778	17986
7043	-15164
7654	1760
2498	8086
6979	1590
11493	1328
-14283	2168
9915	1876
-373	6310
-6743	-14905
-4725	-14399
8369	-10709
8559	1040
4869	791
-18032	2599
-5958	-10065
-1544	-624
16622	20571
-9555	655
6904	1245
38600	26414
10094	26994
3478	-6234
-1284	-13026
8515	-15051
8089	3534
705	2412
4977	7621
17478	8247
1885	7583
-1701	-8317
4508	-3927
6785	5653
1600	-5978
-8707	-2989
15804	6938
-8535	-2704
8630	-16271
-5661	-1773
-2260	-928
6499	-3656
-1642	-6404
1360	-2968
6299	-12274
-17992	-6296
24319	-11777
5653	-12006
-786	-7485
6101	-16363
12527	5785
-3685	-7816
-17023	-14542
275	-15766
10124	-9904
-5432	-4668
22548	4476
-8806	-2831
-279	-7873
8222	15330
7665	3188
1971	-9993
8996	-8788
15840	4047
-10124	-724
2775	-17812
6328	-11396
-1299	-10530
11995	-13766
11468	-14673
10707	5887
565	19475
-10892	-6410
577	-3627
-122	-3336
-9674	18460
-300	10222
21413	19769
7351	6824
10543	-8223
-8909	-3715
-11140	-8863
1796	-2413
19072	8355
-12798	2766
10830	970
1621	-6282
10808	-513
-14353	-2528
-5967	-2888
-4203	-10957
-2436	449
4268	13740
-13385	-18924
10024	6426
9724	12527
-25327	-11559
5027	5804
-12322	2492
4186	20150
-576	2959
-9719	-14510
14110	13934
11817	-3865
-6994	465
321	-16143
-632	5178
-10079	-6978
1688	-16976
-562	-11109
1768	-4920
-7149	-3989
-2786	-3594
5559	710
10500	14657
-5296	-11989
-6865	-1045
7245	-12348
-11084	-7184
-2314	12272
3967	3087
-16096	-5993
-5083	-10460
-7144	-549
3495	-899
-10199	9809
-17954	-5433
-153	6660
-14007	-8134
12912	1270
19240	5842
-1187	-2074
-10382	-2271
4381	7138
14313	27676
3657	-6965
8304	24172
-1030	-6336
-14545	-120
-5997	7582
-19	-6626
-4571	-6613
-4358	9460
-13924	1958
19214	770
-736	-4343
853	18949
-11695	4558
-111	-5525
11950	21602
-16046	-6230
4731	17885
-1834	-1285
8122	10016
9337	4144
-8859	14874
2477	-5203
-8206	8387
-5284	8347
12312	12951
5519	4516
-6139	-13266
-8488	6156
9656	35551
-16412	-274
7302	10256
-1991	10421
11144	-16306
-571	5323
-3810	-3252
-1377	-9055
-1036	-1798
-635	-3959
12924	332
-4322	-13315
2033	9982
-8525	-6181
-1407	3922
8358	8127
-1353	-3864
19524	7752
191	-13890
7463	-3322
-6267	-191
-1151	7974
-5182	6158
854	4063
-2972	14394
-1760	-6283
-5796	15104
-11288	-2034
1738	10093
11860	8197
-919	5879
2215	-5278
5019	15839
539	-869
-19289	-9959
2388	-373
6934	-3188
-1587	-9022
103	-16124
1907	-1228
4864	5586
16569	6772
-4262	-8049
-740	17339
-3355	13832
-9419	-13756
10920	2282
-1560	-7811
6354	7877
-7202	-4371
5744	-16050
-15061	-11259
3631	-7681
-8470	-8501
-14842	13494
1511	-21265
-2421	-11064
-5072	3865
6777	17256
6200	-12361
6753	8343
2550	-12098
-12713	-8098
-9241	-104
-3261	-2086
-9022	6754
375	8784
-2300	141
16265	11875
9714	25403
9379	29498
17446	1569
-5007	-10970
-263	-12979
-1680	-109
3961	5720
-4414	-7798
3034	-12327
9774	8501
-11626	10659
-6417	14991
17540	6419
291	-1095
1878	-14031
-4044	-1587
2493	4780
10379	2560
-18188	-11988
11078	11029
11650	-5495
20029	11940
-1961	1712
-10014	-5273
-7752	68
18012	28640
6563	31616
-221	16882
1740	3356
-22369	-3289
13415	10022
-3690	1249
-1422	8141
-8356	-6167
18778	14450
9918	-450
3228	-4713
-20200	-5584
3658	6980
-4288	-1155
-8384	-1128
3392	5732
-224	5657
15087	17843
-11883	-14644
6540	4796
-14723	124
3070	1320
5460	-3762
-8475	-11473
-23140	-105
-8675	1266
15169	-8144
-326	-5485
-9106	-5449
-10176	-7235
6286	-5425
4108	-4915
-11626	-6088
-18205	-10892
-583	217
-441	-7347
-14469	-6689
1438	27645
4232	11592
15559	1371
-330	-12771
-8009	-1018
-2146	21535
-8152	-20648
-185	-1828
4078	316
-9722	-13240
8397	1173
36775	13439
-3362	-4712
-5341	2748
-551	-11
-6732	-9557
-7349	3611
6307	12383
-3721	-907
10114	10030
-16106	-5504
17588	943
-5092	3977
1861	-1761
-17165	-7287
823	-2947
5974	-664
15333	5090
-3015	-8527
3223	-8323
-11481	-7220
-596	-10300
4115	2742
11943	20376
3099	3010
-17032	-14142
11594	2970
-15268	2610
1407	-12668
-6450	-3114
7006	-5868
-10081	-13733
-7983	-8139
5518	-5078
-11464	-18210
-16221	-7639
8656	-1820
-1113	-1022
4858	-8445
-19933	-6513
-248	16974
-29851	-9468
9030	5058
11734	-19817
-4074	-3035
-7730	-5919
-19114	-10428
-9479	7064
-17445	-10120
9557	9231
9541	5883
-10034	-3877
-11615	3731
-16002	-4637
3722	4587
16379	5714
5400	-7855
67	614
-10005	-2308
6464	-833
5363	-7745
-3557	-1167
3540	-6548
13597	-1783
959	-3621
5492	-3703
20345	10537
16867	7518
-777	-593
7383	-640
9136	-1038
1296	-3195
-10945	-8710
-8885	2655
-19305	-4640
825	-2400
790	-3828
-338	9686
-7232	2973
4618	3121
-12054	-7034
15073	2196
21255	6016
12039	-1295
20125	5356
9276	8418
-7341	-10555
7975	6187
3433	-26701
-1603	2558
-2001	-15714
10917	34336
3125	-6000
4832	89
-9348	-5515
4844	-1407
8204	1431
4821	-9250
-1265	-469
-1394	-3542
-21514	-4433
7490	41969
5919	11144
-1947	-19247
-14290	-3001
-22005	-4490
-5797	-11566
16917	43770
-20294	-1611
9023	5320
1085	-5443
1688	-595
-8567	-805
8558	-17424
-3105	212
5361	15426
-273	-3717
7463	-6334
16640	604
-15749	-12592
410	2359
14635	3145
-12568	-9168
2888	911
1389	-16073
8901	5688
-11298	5511
13910	23225
12700	-18371
-4196	-18907
-6746	-10709
-11037	-5185
15212	-6174
2121	-1792
-3361	-5813
-2769	322
-4571	-1878
6036	4222
-7327	-3113
-5368	-9793
-11367	-8747
-7881	-9585
-1194	-10247
-270	1277
6564	27840
-4568	18224
7359	-5535
-3101	-2831
3189	-1900
-1266	-6556
-9222	-4948
4009	2782
7049	6476
10722	8932
-292	16545
458	-11276
9898	4524
8769	4773
4704	-864
-6978	-10981
3699	2575
-5181	-5789
-4116	-3001
-13957	-2590
4584	-11378
-14417	-6690
3498	-17785
8297	-12407
3790	-361
16110	10728
17546	15270
-485	22713
-10702	-4753
1367	-7942
20589	7155
9690	11348
-4553	665
-7558	-10158
11156	12050
1804	-1462
-13836	-1964
4770	-10539
-6041	-10058
4227	1632
-574	9773
3794	-10922
-1665	47
-4988	-5994
-9560	-3752
9514	-3893
-21925	-6833
308	11226
5080	3258
-8371	-7029
-4645	-2110
-74	-9946
-24	-4285
-1663	-6912
-669	2351
2724	-1185
449	-18660
7128	5328
251	-6778
23986	2435
-140	-13051
-10866	-11587
8152	7291
17092	-2424
2019	15283
11747	7996
-3268	-6352
-331	22113
208	-185
-16589	-3621
14119	3220
-17715	-4635
3717	7367
-1250	131
-8118	-12803
-9233	-16091
-16525	-5052
-10168	-5667
-7881	13947
-20104	-4087
9233	2916
-2986	11691
-78	15363
-12197	-6220
-7084	-2158
-3103	-5391
10106	20439
-7163	6932
8603	11441
9587	880
18006	1166
-1481	-22352
-26445	-1913
-11460	2858
948	13408
-5279	616
-4259	233
-9202	-6110
-5849	-4049
-5286	4106
-33440	-5022
153	-2559
-1274	-5430
9732	-450
-705	-285
10816	20133
-14814	12600
-1757	3450
-2583	-5737
5018	-1608
-3916	-11384
-6904	-3326
-2256	-13379
8961	929
1017	-1654
-13472	12826
-14016	316
4278	-6769
-1409	-10445
22668	707
-1193	5738
4190	-2358
21378	4572
-3925	-8443
-6504	14645
-4978	3700
6516	-14572
-3914	662
-20945	-8405
-425	-4297
-20973	-12301
10451	-2367
-299	2818
-6982	3434
-8849	3989
-16971	7029
5807	4166
-13034	-5424
-7904	843
-17257	-2249
-7788	-1957
8895	11497
-10283	-3737
-3322	1907
-2534	2997
561	-7271
-3797	-7524
2445	925
23718	13983
10771	15672
-6256	-5249
12816	-12994
-10451	-11138
-10046	-17852
10565	2163
-5189	-12492
13562	-12737
-11087	-3714
-2588	-2501
6287	-16511
-12864	3063
7135	9139
-755	-13131
-8765	-47
3169	-6084
-20665	-8783
-3358	-17017
1720	270
-8138	-3614
7515	-6681
-8921	-8320
-15091	-5414
10695	-1968
7501	568
8955	4974
-1205	-785
8006	17161
-3692	191
29637	5628
18598	-1587
7482	4275
2489	-19845
-4158	7104
8289	10813
22248	28082
-12062	-9713
-18582	-1467
-7685	-3702
-14133	-7942
5583	-8763
-1261	-12793
-6032	-20163
57	808
11129	11224
1955	543
13549	24085
-4508	14859
16679	29400
3407	-9538
-7462	-3428
1932	-5755
7861	14392
-5029	5706
9340	6364
1318	-336
7056	6285
-11046	9342
4757	-3426
-15520	-9027
-7562	80
-4883	-6430
-7653	4065
-11028	7124
1365	4829
3356	7116
-3853	-1352
-16655	-8251
6048	-1051
4089	-303
-6670	5798
7381	15529
4358	8050
343	-11888
2614	-15609
-1896	1843
1628	1228
11194	19071
-11286	-10469
17686	7105
3284	2079
7729	13016
-16570	-3160
4866	5364
1484	-6179
17289	11177
6062	5177
-18530	2780
1040	-17637
2995	-3612
-13626	-2495
4324	10679
-11232	10416
-12547	6446
2076	-8808
25904	25663
8846	-12452
5016	3601
-8824	-14124
-7670	-3759
8938	11174
19447	6081
7788	-4220
-2557	-1262
-7088	-6216
24795	4269
273	4358
5957	4107
-5721	-2185
6519	-13570
5362	10114
-1515	7427
-12308	-8552
-5032	-2308
14005	3800
-9390	-8036
-13213	-5144
17755	15952
-4527	-15995
6728	-14065
-7237	-17021
-9126	-12816
16265	27289
1167	-1647
5283	34322
-1680	-19330
12887	7269
-17419	-5447
-20355	-9105
3247	1054
-16603	-5202
-7416	5671
20757	4566
-14248	-4428
1324	5702
8735	1721
7178	1692
9834	4607
-12627	-21851
-1773	-8565
-10751	1223
-4607	-5430
17781	3112
-5725	-13328
211	5178
-6408	-435
7438	3081
8292	3960
-19686	-7429
-6727	9230
-4896	3250
1647	285
3519	-2518
-12621	-4770
4580	4251
7889	-9154
16943	1484
-1043	16839
1811	-16068
-562	-18587
-2950	-9509
-4681	-11291
-12332	-7406
2077	-625
17190	14625
5749	8755
9382	4598
13013	3855
851	5575
-945	8912
8885	-6330
-1472	-11287
8925	-3361
491	12557
-1191	-9128
18883	3192
-9893	15322
-2255	-320
-9559	-5444
3916	3426
3680	-4278
-3297	-3656
1707	304
-2715	-2764
4294	-8611
-281	-1186
5619	-5044
-264	2309
853	-1059
10802	6236
25962	4423
-6312	-3693
11657	-1349
1406	-6675
2598	6549
-19532	843
-11094	13180
-17704	-5597
13011	-12907
-2396	1356
-7760	-1226
765	-5519
7002	4080
-6055	9463
-13998	-5538
-1983	-5665
-14951	998
-4497	-9354
255	-2075
-14279	-1556
-23616	-2762
10435	2264
-15940	-5495
2313	-4805
-957	10340
17437	27140
1567	-1507
-13061	-549
1294	6833
7520	931
-11030	-905
12225	-18715
12614	8074
-532	-3060
7771	22242
10442	6504
19736	5499
-11252	-8723
-9078	-650
-16993	-9360
-3057	-11562
9349	7471
2990	-15663
16909	-4353
20135	699
157	-7677
286	-1579
-6329	2384
-13992	10086
-8013	5148
-7144	10047
6725	11237
-8017	-5653
8332	16
5377	-615
-4025	1766
10587	2702
-7363	5449
7354	16923
3289	2714
4851	3411
-7486	-5545
9151	24425
-3081	-7884
8008	-2804
3386	-989
-5543	5183
-26598	-6542
12706	30919
3988	8766
5538	3081
-9694	16572
13688	-6070
-3204	-1489
5440	4899
6456	13247
-7980	700
-3065	-2313
3234	1045
-22072	-6914
-4027	9040
-10333	10496
-25696	-5230
-1092	-99
15570	2578
14925	-8031
13623	12017
14484	20792
9412	-5709
2252	6786
-7840	-8780
4767	3339
7174	430
-2018	16304
-7128	403
13562	5209
1802	-11420
-4880	-10736
-14650	-5375
123	20372
-7265	174
1165	11979
9331	6798
5426	-5025
-1977	749
-2676	1138
-25082	-8754
-3036	-6351
-2183	-7570
-1143	-12263
3912	-4432
-15784	-10659
3544	18708
17494	8330
9696	-5699
6865	14867
12804	-19332
-943	-6489
-5988	-7522
-6001	-10941
-4343	-16267
2598	-19251
-11694	2910
5740	12069
15965	-6420
-11643	8740
-15648	-4341
-4092	-5821
18557	5907
-14649	-1668
-13708	2774
8540	943
4121	-3763
13109	-4409
1941	-1623
-16753	-5777
-9658	-17530
-10378	-1464
3541	-13933
3720	-2571
-7569	-5609
11327	5568
1321	-12232
-4659	-6459
-4762	6266
4683	-22745
-6741	-5532
20307	20294
-3136	-872
-3843	-10460
5818	4148
5188	4124
-9645	2620
-25086	-9917
-2153	-3801
-8942	-1507
-2087	-4061
8738	-14883
-5332	-11525
8637	10445
-12183	-1655
2328	8966
2876	2262
16459	4386
-1368	-2269
-7735	-9060
-3727	-7418
-7977	-4035
-10849	-808
-7363	-6575
10741	10205
-16835	-3424
-20239	-4252
-7656	3482
-4965	-7494
9899	-6854
-14225	-8448
1663	-500
-18196	-5680
153	-3100
-551	94
12924	-1438
8523	3144
1245	7321
3089	15904
5857	6079
-4726	-11354
19699	-6855
-14072	-5375
4750	4119
5003	4733
555	-3089
3536	-20895
14009	23627
24938	11152
10034	27122
-15862	-6560
-398	-5115
-5410	-3163
3840	-11739
-3527	-1592
-3422	-15750
-5444	6554
-9377	-6845
-4586	-14978
6856	6353
-21183	-3930
-2150	4847
22380	-3976
11809	14131
7091	3968
739	802
-9492	-12285
11367	574
-22659	-2924
-891	-2780
5324	17652
-9674	-7508
595	-10495
-11518	-10812
-3776	-2073
-9715	757
4349	13101
-4183	-15418
9299	-10449
-314	-7999
2605	-19641
-111	-9174
-1668	3744
14883	-700
1447	6574
518	4742
8747	-1673
395	-4606
-4105	-3365
-11013	-5792
4606	-490
5689	5230
-2020	-4108
4305	-9525
-12498	-3525
-4936	-12162
-9179	-8616
-15334	-186
3328	4669
-9568	5567
-14712	-11933
4408	-5657
-4167	1864
1375	-13386
6726	-2377
-3940	-6126
-6385	16329
-11482	4644
-7189	-10548
8278	17087
-13561	-1913
1098	-13584
-5567	-11251
5278	6945
13211	13856
-27166	-10337
2423	-1226
4134	306
564	-5318
-5368	-5474
-6273	-2716
-6588	10669
-657	396
-11810	-5546
-2865	-8217
-4058	25837
5344	480
-6838	-14032
1227	28883
-759	-18160
6331	1295
-7012	-7725
-14934	673
10735	5325
-14497	-7003
-2740	355
-12911	1321
6147	5879
50	-84
-16093	-6041
4988	9641
6933	-3997
6818	-4889
6729	-5875
8501	5214
-5030	4114
-2181	-12743
1413	16909
17609	-2393
-12109	1912
11546	14518
-12948	2916
-16341	-5310
-8290	-1444
6008	9148
-13653	-12166
15551	20755
3143	19352
-5642	3225
5046	-4657
-7160	-2574
-12105	3668
-1392	-12671
2270	-10397
5277	4475
-510	-10920
7872	6544
24646	28779
14661	24427
-15670	14563
-15880	-378
9189	-1807
-6356	-10274
-993	-6966
-1124	1002
-7294	-9598
1818	-9116
6843	17934
-1314	-3846
-7658	2696
-17076	-10829
358	5168
-13663	-496
5904	6321
3914	4462
-6554	-8741
7910	-9678
-15983	3724
3530	2766
15498	-1649
140	4277
-14461	-8864
7002	5794
-4197	-3619
-21557	-23017
7746	-7701
8685	4968
-7860	895
-16810	-6164
-338	-8469
13418	6388
-13960	-5788
20657	-8539
3619	2009
4093	9407
11369	-13627
-2785	3357
13141	6886
5528	4905
-13474	-9775
4746	-6261
-10728	-7043
12847	6670
7699	3693
-3723	3641
4247	29308
-15709	-8311
-11364	-10672
27779	2472
2169	7126
797	-10810
-11128	14483
13429	8542
4250	-5685
5580	5900
-7902	-8310
649	7714
21692	27314
17073	-8967
5015	18300
-1778	-14378
-305	-5931
9272	5339
1990	3594
22731	5532
6787	-6196
-9357	-11680
1099	6310
7613	-10710
7750	12
-2281	7100
29685	3299
4741	-6972
-5465	13937
-1981	-1971
10279	6401
1013	-4458
-14214	-5845
-19694	7424
3164	-6921
-8857	-1208
12064	10594
6337	-15119
-8641	-5880
-16937	-1907
893	-10439
-1336	-5072
-9183	-1357
7173	-18088
2086	-8175
11985	15652
3943	5938
889	-6405
-10950	2884
-924	3077
1371	8014
-2567	-288
20016	15062
6580	8183
773	-3312
-258	14075
-15795	-10327
7041	3685
2236	18252
8974	1913
12321	25384
2055	8782
8893	-15108
-352	1486
-114	-2050
-11882	-15828
-1981	7028
1990	3838
-12943	-5468
-9175	-15170
-24192	-2490
-12615	-5563
15656	9402
17023	-3202
8885	11939
9026	-18910
3717	21123
-12356	-3681
3313	3639
-2584	-4464
-6405	-10604
11600	26400
-18550	-7466
-77	-1868
-16652	4450
-18764	1605
1280	9299
18637	10935
14572	16587
9936	9597
9892	5313
-2112	-11165
10656	11094
-335	15234
5886	5890
4243	-15440
-6037	-3543
-11774	-1401
-4082	-3504
-4833	-5654
14752	3569
-10	11047
-15018	-1750
-18368	-4374
2265	-5521
8486	-2747
1344	-13467
23417	2077
-7984	-5836
29961	19931
13603	33935
13034	8545
-190	-14190
-7005	2519
-1270	1911
-23199	7357
-4594	3836
-7395	-5953
4654	-2592
-1347	-7012
-2654	-3664
-2410	-6142
16033	9424
-4497	7447
1025	-1
1695	10312
-4041	4089
-6432	-8011
-5917	-4248
3977	-3460
6520	4540
-1652	5239
-4854	-3780
2676	-17047
12015	-9091
-13396	-11142
-1991	-3031
3249	1673
12317	6100
1414	5971
7158	17668
6637	-15870
9075	6640
-13655	15735
-3816	2606
15165	-9554
2757	21532
18506	31070
-6988	3703
2148	36695
-18964	18718
-5722	-6634
1236	9180
12824	4364
-8177	1446
3186	9466
-8486	-1224
8218	6956
-8986	-4167
3767	-18155
-15194	-7767
-6261	-3279
11817	3360
-543	12361
-16163	3273
3757	-12877
-2004	-3777
4916	12895
16238	9990
7880	11133
12166	-9761
-18103	3077
-18895	1443
-14903	-9574
9544	7153
7675	2998
831	-12284
12275	-10786
-26920	1912
-10869	-5650
-19496	-6631
-814	-3655
5456	-18418
7625	-11003
-11320	-4077
-9030	-4651
2862	-20015
-8676	7385
3076	-61
5360	6699
4426	8161
-3108	-3417
2857	-3881
5791	-2547
-5191	1496
13849	8762
10031	5546
3767	-10826
5468	-10933
7232	-3794
8117	29030
8316	1135
-5204	-498
-11770	-11147
-12665	-10397
2009	-5478
-11363	13929
23300	8188
3501	5670
1715	3281
-5243	-321
16636	5868
8807	21250
-1101	8662
-4887	-9555
-2856	-21480
4501	2497
1593	-408
13154	-6469
-454	528
11421	1441
-9734	-5181
-5646	-1895
-8363	-653
-6053	-8572
-4933	-2208
-10921	-5982
21433	9450
-15908	6724
-6690	32
7332	23766
-10174	4137
-7466	-9493
3324	-13038
-4721	-6609
1301	-464
-6645	-2880
-17631	-7542
-3653	-2224
8812	8472
7613	10714
-6372	-11517
9791	6831
-2145	-8505
10723	16480
-14380	-13873
-7174	20252
-5020	-11437
2570	8743
-1654	-1581
-3251	-8853
-6165	-16731
-9746	-3518
3762	2251
-3975	4917
6754	-2135
256	-16383
-3432	-11136
-5521	-21915
-11608	11265
-5582	-5744
-2612	4872
-3415	-4410
-2310	2310
56	-2683
15823	13733
-9855	-5347
-904	2314
-975	-363
2101	-4252
5369	508
22058	5087
5148	-149
-16163	-12394
-7919	-5159
437	-4155
-1782	-2082
-1478	-16222
-13188	-5469
8820	23970
9214	234
4411	-8617
-7220	-657
-269	6930
10756	15480
-4101	-5363
4844	6099
23248	7064
-7966	1149
7644	6030
28920	9345
10568	4860
-15898	2069
5164	15538
5052	9777
16317	33847
23562	29792
-6016	-25121
4936	42202
-1069	3883
14802	-6810
13357	-2227
1113	-1279
10169	7497
-198	2174
-20105	423
4421	12112
2355	4536
-11770	1567
-4546	851
-1672	11103
7604	-12125
-7029	12378
9193	6445
-5536	-12038
12230	2828
7215	10435
-4838	-3346
-12851	-12385
-19691	-5986
-7730	-1561
-5441	-12676
2715	7340
10057	-11626
3182	-1057
3117	1060
1114	16913
-9101	-8608
-2661	15936
17174	-18671
-2265	-8415
13803	-2208
-5611	-8146
25258	9409
-30172	-5249
6480	1689
-9240	10038
-4085	-258
13345	3766
4275	-4774
16439	-8483
-1202	-9657
5036	-14337
-13464	-2944
410	-2897
-8699	-19465
-3241	-6423
-7681	-14259
-10695	1246
-2433	3784
8685	2173
40	6409
7323	47
-5484	17723
-4461	-910
-2620	-5439
8232	9471
14068	3842
-6136	-9677
14110	2940
1795	948
-9295	15075
-8043	-12055
-2465	5562
5133	833
-6839	-6751
-19427	-7031
-19192	-1710
11174	4787
4223	1775
-5184	-16766
-8971	-4756
632	-4921
-2435	11603
-1053	-751
298	-1699
2358	-8283
-272	-5585
-2943	-7841
4301	4020
-2569	-1615
-5545	-14164
-10339	153
-29569	-9538
-2887	-10807
-6660	-4934
-6496	-1650
-3190	-14574
-1970	2258
-7012	-2758
-13134	-7000
-8217	15687
-12740	1821
-15254	-4177
-15875	-6448
5334	10958
7357	6273
8797	17829
-16069	-5789
