7	11742
7	-6745
5	18595
6	1128
6	-1356
7	-1469
7	-7637
5	9984
8	-7607
6	38
7	-742
6	13475
5	11300
7	-382
5	1564
7	-10796
7	3414
5	2546
6	11772
6	-2983
7	-3529
7	-3397
8	-8063
7	-1980
7	5083
6	11254
6	6235
3	-12836
8	-11014
6	1096
6	14923
7	-4378
3	-13840
1	-18173
3	-11801
8	-10343
7	6029
7	-4349
7	-11447
7	-5242
6	1317
7	24509
7	2863
6	6327
7	-5900
7	10220
7	-3637
6	-4199
6	8279
7	3187
6	2211
3	-16956
7	3253
6	9880
7	-6113
7	272
6	-1262
7	15618
6	4166
6	20789
7	11200
6	10735
6	4258
7	18962
6	9981
7	6671
8	-11601
6	2645
3	-12782
3	-13626
6	5527
7	-3231
6	16099
7	-6207
7	8059
6	2992
6	2196
6	9810
6	3029
5	17958
5	3420
6	4913
8	-13352
7	1639
7	-2461
7	-7305
6	8007
7	11351
6	7539
6	2384
8	-9955
7	-8480
7	-4613
6	11570
6	628
8	-6660
6	-3617
7	-10403
7	-4604
6	15634
7	440
7	4203
7	-2710
6	25711
7	-3478
7	8155
7	-3336
6	-884
7	1092
6	4200
7	-3071
8	-13889
5	2672
7	-8286
7	-12475
7	-21345
6	-286
2	-21204
7	23880
6	14848
7	-5259
7	-4843
3	-11535
6	2689
6	9670
8	-8413
6	14791
6	1356
6	-409
6	4257
7	-5268
7	-3992
7	-4239
6	6813
6	10264
6	12637
6	7779
6	14070
7	-13242
7	-8186
3	-13620
7	-1203
6	5464
7	2095
6	3110
6	-2380
7	6746
6	-3855
6	4998
7	13202
3	-14976
7	10571
7	11175
6	-367
6	-2536
7	-21759
7	1809
5	6869
5	16778
6	15318
5	17884
6	5629
6	-2432
6	210
7	-6899
6	5063
1	-18943
6	6032
5	13151
7	-1412
7	-2550
6	10680
6	4879
7	12210
6	8310
6	6271
3	-16422
6	188
7	14
7	-5765
7	-7250
8	-11943
6	-4952
6	4292
7	-10213
8	-11651
6	16249
6	7086
7	11411
7	-2367
7	-21366
6	10941
6	14185
6	10941
7	27921
6	9633
8	-11601
3	-11270
7	6542
7	-20920
8	-9303
7	-6486
7	-22100
3	-16432
7	6054
8	-10017
6	968
7	-6080
7	-2749
7	2927
7	12093
7	-13922
5	-3115
7	-6696
7	-4555
7	7415
7	-1210
7	-4743
5	9837
7	-4995
6	74
6	753
6	2752
6	5538
6	9759
5	-4544
6	2537
8	-9275
6	8458
6	-7308
7	-7708
7	10578
8	-9809
6	15
1	-16895
6	6358
7	-1403
6	7164
8	-10669
6	-6011
5	3658
7	-5844
6	-5892
6	5321
7	-4365
6	11188
6	7126
5	5311
7	4255
3	-13021
6	11188
7	-11560
6	-9508
7	15521
6	3477
6	942
6	1714
6	4515
6	4718
7	-9673
7	-5912
7	-2728
5	2509
8	-11034
7	8286
6	8464
7	-955
6	-3710
6	10990
8	-5791
7	2831
8	-8140
7	-9504
3	-13258
8	-8595
7	-3644
7	-7219
6	9403
7	4208
1	-17602
7	1688
5	3091
7	-3554
6	20220
6	2776
7	758
7	9377
6	6787
7	-3225
7	-7527
7	-3659
6	27709
6	19323
6	3726
7	8491
5	1548
7	-2100
8	-7586
7	645
6	20982
7	-3006
6	20698
7	-24380
7	-8842
7	3168
8	-7085
7	-338
6	4640
7	927
6	-2198
7	-102
7	4791
8	-13454
7	-5023
7	3869
7	15963
6	14611
7	186
1	-16190
8	-10313
7	-7213
8	-12273
7	4757
7	-2241
6	11277
6	-26
7	-807
7	-4916
7	-9396
7	-21056
5	10515
6	1751
6	12999
7	-1924
1	-17918
7	1507
6	9248
6	221
6	8924
7	-4046
8	-8998
8	-4859
2	-19747
7	-329
7	-10351
5	12114
6	521
7	-6341
5	18000
6	11843
7	-3447
6	8618
7	19194
8	-13854
6	1983
8	-12912
5	2046
8	-7624
7	2232
7	4907
7	-20707
7	-1128
5	-1682
7	-3709
8	-8052
8	-8584
5	5609
8	-8171
5	-1125
8	-11134
6	7226
7	7058
7	-8138
5	6241
6	4420
6	6840
7	-22709
7	-7881
7	-5070
6	9831
7	379
7	-2964
8	-11334
8	-14812
7	3177
6	8785
6	2786
6	747
8	-7666
6	17421
7	10235
7	9182
7	-10635
7	-6662
6	2897
5	8355
6	3885
7	-4063
7	7174
7	-5849
7	-2193
6	-1063
3	-18642
7	7567
6	5092
6	9164
6	3032
7	-12737
7	10707
8	-6352
8	-11562
7	1178
7	1073
8	-10154
8	-5479
6	4695
6	-3881
6	22550
7	-5853
5	-1834
6	14182
8	-11063
7	-25634
7	-3572
7	1929
8	-5363
7	-2919
6	92
6	2319
7	-589
7	10345
3	-15651
5	10955
1	-17284
7	1527
7	-2739
6	9943
3	-11557
6	-3267
5	3852
7	18434
7	-5780
3	-14276
7	-20804
8	-10784
7	-8944
8	-13153
6	-4842
8	-9507
6	1658
6	6308
7	2932
6	11502
7	515
6	3393
7	3735
7	-1878
7	-11732
7	15226
5	19478
8	-8673
8	-11873
6	10969
6	7084
8	-5952
7	-36620
3	-15046
6	10170
6	-2512
7	256
7	-3555
7	3724
5	3508
6	17571
7	-7183
6	-286
4	31286
6	-1332
7	21105
7	16309
8	-12981
6	24413
7	-4412
7	2760
3	-17294
6	19656
3	-13130
8	-11986
7	-9489
8	-7429
1	-17911
7	-9582
5	7467
7	-4960
7	4067
6	-2347
7	7070
6	9575
6	6193
6	1271
7	3724
6	4872
7	-7964
7	-5126
7	-4837
8	-6982
6	14817
3	-12260
7	-12526
6	-1054
8	-10238
7	234
7	-25322
8	-10886
8	-11370
5	-1363
7	-3742
1	-16488
6	157
3	-12676
6	15524
7	-4851
7	9739
6	433
6	2484
7	18671
3	-14506
6	-3600
6	17667
6	6375
7	4087
6	-932
3	-15339
5	1485
7	6848
7	5900
6	5883
6	27751
8	-7500
7	3923
6	-10450
7	-6792
6	18931
6	1514
8	-8601
6	2861
7	1473
7	-19816
1	-18840
7	2206
7	-5426
8	-11023
6	11885
7	-6450
7	1885
7	-10817
8	-6831
7	9911
5	11116
6	7023
6	-6936
3	-15142
6	7210
6	2242
5	3970
6	16029
7	-6477
7	-1607
3	-14525
8	-9521
6	9550
7	7364
6	-1359
7	-7381
6	-1165
7	-2716
7	6161
6	10016
7	10723
6	1726
6	-6697
6	6260
8	-9119
6	7859
7	-6489
7	3494
6	10964
6	6604
6	-2847
5	1570
7	-2958
6	13612
7	-1127
6	14223
7	11218
8	-8563
6	22096
7	-3085
6	9004
7	-4333
7	3579
6	2505
7	-7216
6	12760
7	-3621
6	-3799
3	-11462
