-4259	-11011
4044	3391
2897	3515
2867	6936
2954	10838
5196	-2343
2317	-11349
4115	6582
4139	2639
-17056	3446
1229	1299
5128	18053
-1561	320
3988	-5611
53	-7236
4091	-8671
2346	9265
4143	7005
3103	-4891
4271	8309
-9709	-10837
4395	-80
5620	-2757
4051	-476
2914	-4966
4539	6537
1083	5506
3549	3214
4010	6147
-11115	-10987
3878	6359
4111	3672
-217	4201
2576	-9001
-9103	-10788
3824	7396
4046	4568
4025	-4147
4090	4292
4083	-5687
2961	892
3642	-2877
4075	8459
3852	1088
4063	5856
2783	2977
-7152	-10847
2581	-11321
4094	5409
2489	-11308
3892	14309
-611	-10936
4085	-7549
4796	-1703
1007	-3844
2886	10533
4093	-58
-2109	-9951
529	-8621
4090	-2243
3681	7416
-428	3989
3835	6961
3411	-9959
4090	-19
2323	2791
1956	-1846
4433	-254
1284	527
4144	385
3974	5571
-41759	-9514
4032	-9870
3141	-1601
591	5871
3548	2826
7005	2702
707	11148
3764	3208
3864	15214
-8712	-9493
3828	-8174
4150	847
3800	2462
3461	-4968
3354	-9102
-4154	-4551
4467	-6382
234	-5910
3849	1064
3824	-10080
4099	8129
4095	-339
-17012	-9648
-4810	-6405
-3422	-11279
23295	10998
-1237	5623
3592	-478
3791	-5156
4091	-7195
4240	-2305
3361	309
11082	21
-5741	-9515
-4574	-9801
2373	-4979
-8132	-8388
3860	9412
6071	1284
4102	7820
9198	12061
5403	9387
-6899	-2547
3949	842
20331	22514
5773	-4163
-1138	-8647
3665	14317
4069	988
1205	-7128
12545	17414
3170	-2339
-22822	-7152
-8956	-6553
4096	-6741
-4630	-6002
-14291	-9691
-25	-7922
4063	17465
5578	-4976
4079	-6848
802	5511
6281	10073
2609	3113
5294	2007
-9109	1881
4776	23199
-5045	-2476
4072	2009
-28524	-6059
4043	-1706
-2411	2728
4927	8215
3771	-19404
-9183	-11095
4113	-10866
4006	3015
6757	-4077
-2190	3831
4091	-4320
4091	13357
-5104	-10936
4039	2135
1650	-5328
-11199	-11282
2801	10533
-10425	-2929
2273	-6542
-2121	-7667
-19946	-10975
26987	30171
3949	-10163
-2293	-8742
1840	1251
3737	12309
2937	-4497
3884	11741
2459	-715
1585	6521
1657	1706
1385	-1065
5455	9207
-10027	-11177
4090	16126
-40825	-7177
-10818	-11225
-10013	-11226
-10133	-11342
-21302	-8249
4104	9644
4106	-3024
5521	-3589
-1614	-7388
3595	446
4301	-4182
-4173	-10499
4131	-2634
4320	174
2033	-1927
4097	18222
-4072	-8848
-9726	-9680
4890	-444
2530	-4129
336	-1517
-35255	-7117
5539	6664
4090	4308
2837	-8525
-41	-7421
6784	4234
-7443	-7619
1898	-6782
1565	-7352
-20555	-5976
5865	-3825
4093	23738
3528	-11092
4394	6454
5206	-7111
-844	-11147
-2590	-8735
4089	-2614
4396	23269
4082	20070
4090	1531
-3608	-11129
-385	-1662
3808	-348
4135	-1046
2391	-2250
6553	-7594
4066	5574
-15745	-11135
-30546	-10876
2415	6327
4098	-9013
-25727	-8351
-1932	-9373
4272	-3020
-49176	-6748
3921	3734
4104	-599
3249	5027
10821	29
3972	4807
3667	-3464
3974	7815
2776	-2960
3909	377
4121	7015
4032	-2550
2228	-3268
4089	12180
-940	-7872
3831	6075
-1516	-1515
-4836	-7608
4090	-3550
-869	-6094
3914	6841
-3212	-5813
4183	9419
-13348	-10385
-8598	-4492
3587	-2158
6606	4406
-9118	-10663
3660	6403
4032	16420
4089	-2921
4151	19215
-9219	-11126
4617	-9818
4272	-6807
4035	-3545
-37	-5842
2636	-9809
-8126	-8418
4011	-2851
4136	-4567
4918	11040
4201	825
3697	-11296
-6390	-8371
3652	-5251
-353	-4370
4038	-7255
-8085	-6100
3359	6560
4091	11021
3999	13845
2755	-259
3509	-6141
-6511	-6955
-45492	-14481
-273	-10784
-2299	-11017
1146	11158
3696	-7712
3492	3313
1252	29494
2799	-9840
3169	-1468
3420	10290
4418	-2364
-2973	-5551
-29474	-7295
-2029	-10650
-6350	-10629
-19833	-9917
2445	-11350
-1170	-11052
-13369	-11042
10333	3819
4090	-2248
10982	10495
962	25233
162	4132
-30991	-6035
3741	6640
3936	-10180
4095	6072
3302	8902
-13082	-10350
3134	-10820
4364	2061
4946	2000
6407	-8320
3637	-6682
6651	-8230
5275	-10538
-30042	-6046
-33446	-6034
4049	13438
4180	9510
1842	30172
-5751	-9163
-30452	-5324
-6453	-10752
4086	7282
3607	3961
4599	9408
-1618	-4913
-31447	-11175
-2723	23376
-52606	-10039
4037	5400
4997	31695
-2863	-6138
9325	19772
4680	28547
4090	134
-42674	-7343
4067	-5399
4089	24109
-10494	-8738
4675	1536
1219	2429
3929	23860
4419	-1362
620	-7864
4042	6113
4094	-5651
4101	-7758
5141	34398
951	4748
4082	2241
4093	-5339
-8370	-9464
4070	-4965
4120	8444
3953	1904
3188	-5479
3512	23124
4090	6472
-33084	-7544
4158	19289
3826	-4512
1981	1213
4121	3618
4102	3114
18114	5919
4087	4888
4091	4617
3428	-9358
1280	-10423
2014	-7047
4164	-526
24	-6745
-6308	-6958
3974	6364
4348	602
4091	-7763
4090	-6408
3525	3101
4006	6952
4106	-7362
4252	-1968
3879	11958
-22048	-7146
1795	-1498
-15456	-9722
-23406	-11009
2494	2911
-5508	-1611
4091	3861
-4962	-10419
151	-481
3719	17949
4048	-5357
4042	17091
4079	6771
2780	-9880
4089	-10648
-13389	-10638
3380	5503
4029	-6434
4062	7570
3841	-4292
4104	15343
-3416	-5339
54	-6747
2361	-10332
5215	7909
-9227	-11333
3802	27905
5667	9490
-61025	-19811
4861	8205
3746	321
4655	7120
-6305	-6202
-1831	-7199
5514	8409
3742	7719
3617	-2741
4090	31
3981	3252
2986	21014
4013	16716
3693	8775
-734	21934
2588	-9736
-5141	-6579
4080	11734
-4296	-3014
940	13833
6897	14912
4762	116
4092	-8987
4090	9517
-6591	-876
4091	-2670
2697	-5810
-7061	-4143
3614	9007
-7753	35
4090	-3390
3539	-8381
3649	-8582
4470	-6349
4966	11250
3640	5986
4065	4004
-19049	-10788
-18240	-10939
4312	129
4111	7047
4247	-9760
-1031	-7506
-1125	7800
4091	1937
3385	-11329
4628	-7840
4433	12531
5571	22874
-479	-6812
3465	2767
4057	-3417
4105	20194
4708	-1011
24018	32594
4922	-10053
-16033	-10616
4102	795
4126	-1622
1264	5462
4079	11589
4168	-1479
3932	-7099
4096	-729
3126	-4739
3970	-6515
-6160	-11345
4070	4141
2126	-7660
19103	28059
3484	12595
706	14366
-8730	-10037
4199	-9438
-76188	-20746
4091	-4693
-5892	-10276
4092	-4020
3986	-7626
4194	-2485
-714	-4353
4006	-3019
4351	17573
-12772	-9986
4095	5326
4089	-236
5147	3155
4471	-72493
3267	1717
4008	8004
-5745	-8108
4143	3507
809	-11268
3940	-2019
3904	-451
-939	1284
-8180	-11093
4079	24883
1862	2878
4118	-8836
4219	-4203
4526	8513
4087	-1519
2237	-2983
3454	-3071
-1549	8022
3244	7456
-1826	-5000
4777	3200
-23517	-6338
4091	7852
389	3821
3176	4355
13604	19471
4092	8394
-1057	-8832
4385	448
4073	-10329
2465	6021
4118	-1914
1215	1974
-345	2307
4762	13087
4178	-7219
4097	-5332
4342	-11308
-469	6468
4295	145
5470	-5316
1176	-7164
661	-5505
4084	-9777
-1245	-7113
-7935	-8167
10675	22981
2178	2549
4067	22203
-20200	-9835
-9323	-11161
4074	299
3497	1374
766	9268
3828	-10840
-1757	1
8152	-609
4438	-4189
-595	-2819
-6341	-5180
4102	-11296
4092	14593
-26770	-8484
10760	5789
3112	-9177
-7666	-11268
9992	5254
-23044	-6097
3831	-9248
-7826	-4135
-21704	-7557
17287	19175
3479	-1855
3995	5302
2990	-588
1950	-4116
3063	2993
-14281	-8608
4092	-2403
2228	9536
-1170	-5396
3494	-2640
5312	12151
4087	9088
-328	6375
-5537	-10061
8012	-3165
4067	6154
4395	10268
1643	-2452
3735	37925
5504	2121
4407	12340
-17824	-9759
4069	-9924
4176	6949
1154	-7620
-2731	24601
3467	-4044
3029	23498
3317	2604
1584	8568
4113	3536
6779	1729
3563	-2346
-2104	-6136
4099	4336
4507	8361
3868	-11086
4093	-6924
4160	12341
-16788	-9168
1499	-10509
4081	-1044
4113	-9028
4077	-1791
4000	6144
5325	-1025
4085	1487
-55394	-19275
4144	3617
-25673	-8853
-2565	-1540
5583	12969
3159	14925
6050	1752
4271	8354
-7498	-9831
4330	-1511
341	-10829
4014	-11153
-27022	-10384
4123	9147
-14391	-10173
17505	10370
3417	20863
-10643	-8790
3770	-11257
3723	-3093
1521	-9694
4090	-1094
4024	2009
8534	6959
3312	-9324
4174	-6884
-1303	-11259
16	-3785
3252	3155
3636	-2942
-740	16773
4086	-4751
-21199	-8286
2545	-6785
4091	-8022
2344	-7598
3876	-532
3305	-1110
4468	-1301
3049	7984
4097	-6937
4354	-1783
3846	4625
3340	-579
-13087	-11188
6349	3121
3783	-6190
2011	-2602
1896	2481
-37044	-6540
-9900	-11282
4490	2464
4092	-6890
4093	31080
2300	11355
5395	-6235
3841	1805
3788	-10459
-11995	-243
-10110	-8138
1901	-2592
4374	18358
3168	1717
4099	6629
4091	7321
-36526	-11230
3646	16891
4721	-3680
3990	-3924
4089	-4443
1489	2680
4856	-4252
4101	-2939
3012	25176
2898	-3772
4129	-9066
-3332	6612
3553	10383
2466	-110
-1183	-11118
-5674	-7002
42	-10031
797	-10884
3862	-7008
1187	-3012
3522	11670
4317	-2999
3332	20278
1633	18295
3164	-10976
4091	-8957
1076	-2531
-37071	-6895
3751	-3778
-39492	-7409
-4048	-9579
4254	14591
4092	3121
1495	-11325
-32779	-8244
1764	-4324
-2965	-11129
4129	-6845
5660	-6574
1400	-2662
4424	-1237
3259	4214
4090	7604
3228	-6129
4091	2599
16753	21702
4144	12628
-2301	38062
-3932	-10677
2439	-9899
4213	-6550
-2137	-1301
3948	30771
2949	-5078
6343	16880
4091	266
4910	1827
4087	3943
4091	6193
2670	-7810
4155	-393
4759	10488
4013	-1358
990	6091
3624	9771
4078	18562
966	11989
4164	-8512
3511	-4467
-28712	-6099
5068	-6661
4030	-4220
4128	-7569
4091	-10315
4118	12197
-21255	-9948
-18017	-11277
-48	24051
11847	7651
-14649	-11015
4067	1926
1900	10747
3879	-1029
3864	12210
4110	7902
-13671	-9549
2657	-6993
4094	9250
5139	-4369
4755	13288
3070	-10515
-5092	-3405
3871	-4718
-1077	-5468
4091	-763
3656	27999
-992	9381
4119	-5928
1174	-8909
8012	19544
4091	1741
3927	-681
1969	-3139
12208	8731
3109	-8668
14397	24193
-14615	-10859
-18162	-11057
4143	-7965
4325	-4411
2847	2748
1397	-5212
4102	1965
-1414	-8018
1677	-5381
4087	3103
727	-18
4096	14500
2454	-4550
3987	238
3501	-6323
4755	16928
3893	1680
-231	2169
4081	6369
3703	-4629
4086	8501
1045	6148
708	-8443
1578	4510
-999	4100
5333	29268
4091	-1500
4089	-1697
4080	12508
4091	-4653
-3659	-10420
-16232	-11235
-13393	-11267
-7913	-11075
1036	-169
3187	14357
2111	-7759
3840	19507
4727	-5980
2971	26239
4082	15086
3719	-11095
4101	-4735
587	-8137
3139	-8322
11080	3782
3985	-5590
4109	-332
2349	2148
4066	17598
1698	-4802
-35915	-6903
1825	-1709
-48606	-9763
4500	13893
2526	-11293
4067	1112
3908	-142
-7329	-11165
3292	-11185
3702	2253
4098	2860
4199	11307
1204	-6734
-14138	-11183
-43117	-6140
3359	4593
3525	-5257
4087	19502
4328	-10588
844	-1613
-40278	-8181
5016	12219
-494	-11321
1112	644
195	-6059
2259	-7794
-6599	-11350
3079	9761
-9568	-11273
4254	12678
738	133
4132	-2407
4461	-1344
-3511	-1677
4071	3727
2851	-10120
4081	1431
1827	8295
4083	10181
7623	12844
3911	8229
-26734	-7096
4131	-6953
4089	-5353
-1064	-9366
4090	-7137
2553	-3313
4049	-8848
7329	-4548
4131	26226
3590	-225
-22294	-10571
-5263	4152
-54692	-15517
3065	6745
4891	15735
2747	6016
9734	4933
-703	-2211
3666	17699
1718	-9186
4269	5916
4893	-5550
3731	29533
-10759	-10306
4526	-1261
-11549	-11276
-43681	-6216
