-5723	1
-12183	1
6655	0
-9671	1
-4940	1
-4109	0
4135	0
9435	0
1788	1
-4756	1
-1254	0
-3681	1
113	0
9846	0
-5849	0
11512	0
643	0
-7050	1
-5631	0
-2371	0
-14170	1
5040	0
5502	0
-82	1
-25406	1
-13238	1
61	1
-7930	1
-14101	1
4001	0
-4796	0
9400	0
-12710	1
19858	0
4371	0
2685	1
12587	0
-10534	0
1893	1
10412	0
-6983	1
-3117	0
-1776	0
-4514	1
-736	0
9250	0
2907	0
8912	1
-10235	0
75	0
-1366	0
-11316	1
2507	1
-1290	0
-4207	1
7532	0
3142	0
18	0
-10591	1
9287	0
-9714	0
7356	0
-5812	1
-6451	0
-10693	0
5257	0
673	0
-11548	1
-8220	0
20257	0
-10950	1
-2236	0
-12610	1
-11795	0
-1027	1
-8425	1
-4731	0
-5537	1
10141	0
-2127	1
14275	0
15691	0
-10047	0
-5066	1
3374	0
6831	0
7832	1
21801	0
-26649	1
-2690	0
-5931	0
-18564	0
-11584	0
1684	0
-3081	1
2698	0
-4939	1
4300	0
-12293	1
718	0
-6308	1
13293	0
-4473	1
11588	0
12204	0
-553	1
-6887	1
-1776	1
12651	1
-5200	0
20243	0
18093	0
11332	1
994	0
3420	0
13677	0
-3009	1
-3632	0
-11223	1
11857	0
17770	0
-7573	0
-5859	0
-6156	1
-1092	0
-15286	1
3960	0
-1977	1
5992	0
10974	0
3899	1
-14068	1
1662	0
1588	1
3743	1
-20132	1
12568	0
12933	0
131	1
2580	0
6827	0
-11967	1
-4266	0
14854	0
-4712	0
7961	0
12526	0
-6407	0
10491	0
-1196	0
10029	0
1808	1
2146	0
4359	1
5733	0
-4759	1
360	0
-3659	1
-3750	0
13843	0
-5366	1
-1772	0
-10367	1
-5575	1
609	1
-10371	0
-1431	0
1320	1
6052	1
-13204	0
-4761	1
-11058	0
2820	1
1343	0
13732	0
-12543	1
14178	0
-6514	1
-5178	1
-3056	0
-7749	1
-3031	0
3034	0
10097	0
-19919	1
-12806	1
16366	0
17897	0
-12044	0
3145	0
-8989	0
-11374	1
1513	1
8155	0
12918	0
2663	0
-22613	1
3734	1
2024	1
10806	0
499	0
12856	0
626	1
-2483	1
9973	0
-104	0
13143	0
-12246	0
10462	0
3236	0
-21404	1
1340	0
1644	0
-17862	1
17644	0
-5826	1
-717	1
8960	0
-4963	0
8130	0
-6193	0
1364	1
-7678	1
8441	0
4613	0
-5686	1
-13039	1
9359	0
-13470	1
7993	0
21345	0
1786	1
-4592	1
17070	0
2542	0
-11805	1
-4193	1
8485	1
502	0
-7384	1
1898	1
-6457	1
10327	0
-11176	1
-5924	0
-11581	1
7095	0
4	0
-20137	1
-23808	1
879	0
5278	0
1987	1
1329	1
-13113	1
10945	0
-4273	0
16915	0
-6244	1
10651	0
-12883	1
5234	0
-15618	1
3621	0
4995	0
-13768	1
-1424	0
-16614	1
-20028	1
-1741	1
9216	0
8390	0
10625	0
2331	0
2833	0
6488	0
4328	1
-375	0
-12642	0
8790	0
4172	1
17195	0
-16012	1
10719	0
-11800	1
-1297	0
-8389	0
3956	0
-3789	0
-2980	1
-17874	1
-10167	0
-4794	0
872	0
-4179	1
8190	0
2189	1
-4049	1
-7294	0
6740	0
2819	0
-8058	1
1350	0
8811	0
-6345	0
-1550	0
7008	0
12715	0
3707	0
-385	1
22497	0
5279	0
4036	1
6364	1
-10525	1
421	0
3471	0
-851	0
14813	0
-169	0
-6284	0
24887	0
6826	1
-7925	0
17484	0
6210	0
6060	0
-8494	1
11173	1
19920	0
-6951	0
-709	0
5029	0
6822	0
5544	0
6687	0
-8662	1
13503	0
-6322	0
-15552	1
3327	0
2370	0
4839	0
7650	0
15066	0
-2455	0
14318	0
-492	0
6289	0
-3096	1
-9557	1
7652	0
21035	0
-10071	0
-9802	1
-19298	1
7524	0
8340	0
-4516	1
-10671	0
-2515	1
-14127	1
-3163	0
-4882	1
1021	0
5940	1
4399	0
-5195	1
-17754	1
-2831	0
-10109	1
-1331	0
-10317	0
-7130	0
2039	0
13780	0
-6094	0
19166	0
-3373	0
9703	0
-4184	1
2622	0
-20376	1
11433	0
8506	0
-7060	1
-3957	0
-1435	0
-780	0
15314	0
2938	0
-12475	1
12702	0
3113	0
-4011	1
-7063	0
-6245	0
9030	0
10947	1
11394	1
-1734	0
8448	0
-1056	0
2195	0
14100	0
2714	0
-16129	1
2034	0
-9278	0
-16336	1
-420	1
-16841	0
-1299	1
6948	0
17659	0
-3252	0
17287	0
-10157	0
20813	0
17729	0
-4947	1
-12021	1
3849	0
7960	0
16792	0
7725	0
-6685	0
-6264	0
5223	0
9719	1
-17568	1
6562	0
-12892	0
6340	0
3065	0
8905	0
-5376	0
-2720	1
3975	0
3575	0
-1043	1
-9578	0
-18789	0
-7236	0
-6136	0
6609	0
-7399	1
-2567	1
-177	0
11870	0
6090	0
-3246	0
-7667	0
-6079	1
-2095	0
-12769	0
-14291	0
13211	0
-4345	1
-616	1
-6483	1
-8524	1
283	0
-14209	0
-1748	0
3321	0
-17743	1
-839	0
-17489	0
3827	0
17943	0
9186	1
8705	0
15961	0
7543	0
-14733	1
9347	0
-14161	1
-11423	0
5746	0
-6152	0
853	0
-16194	1
1595	0
-14954	1
-683	0
-14236	1
-9723	1
-6646	0
17391	0
-11554	0
-8150	1
-6648	1
-16424	0
-14553	1
-7677	0
-2263	0
2484	0
-4017	0
-12801	1
-1491	1
14650	0
-411	0
-8673	1
-1991	1
17355	0
732	1
1411	0
8743	1
6679	0
618	0
-6606	0
7534	0
-9178	0
108	0
18792	0
-13332	1
3950	0
6149	0
3240	0
-22704	1
20555	0
58	0
-5596	1
2483	0
8119	0
3404	0
-9774	0
-719	0
508	0
-7939	0
18342	0
-1587	1
-899	0
-860	0
5607	0
-2804	0
-13627	1
-1616	1
8695	0
-4445	1
-9611	0
-6789	1
-16105	1
-3563	1
-4177	1
-6378	1
2071	0
-3549	1
17166	0
5691	0
-23964	1
265	1
990	0
11705	0
-7016	0
19566	0
8358	0
512	0
15321	0
4895	0
6474	0
1990	0
-4173	1
19569	0
10197	0
25087	0
-17146	1
3958	0
-10615	0
12645	0
7462	0
-12189	1
-5339	1
2574	0
-928	1
2948	0
14850	0
-3487	0
8311	0
-8428	0
-5996	1
-14676	1
-497	0
-18297	1
-1336	1
3036	1
-2311	1
6262	0
-1137	0
8466	0
-17463	1
13973	0
-6116	1
2891	0
10315	0
-2267	1
-2927	1
-4925	1
-13328	0
1071	0
-663	0
-4634	0
-4123	1
-408	0
-64	0
1672	0
2045	0
-8724	0
16057	0
-13121	1
1256	0
-14178	1
-8588	0
6090	0
5287	0
-11037	0
4965	0
6819	0
-1742	1
22893	0
-8213	1
9204	0
-2900	0
7456	0
-9790	0
2907	0
2657	0
5633	0
13592	0
13823	0
8340	1
-8786	0
-3042	0
-14738	0
6730	0
5268	0
-13518	0
2711	1
2105	0
-7067	0
-3461	0
17017	0
-26882	0
252	0
-13072	1
146	0
-6223	0
2714	0
-21363	0
5007	0
18506	0
3441	0
-7707	0
12506	0
-2513	1
4976	0
3602	0
-24516	1
-2775	0
-8364	0
-16247	0
5340	0
9091	0
118	1
-4591	0
7693	1
6103	1
-18670	1
-5596	1
5014	0
-3370	1
6092	0
-8273	0
-992	0
-600	0
103	0
1086	1
7086	0
14157	0
-842	0
3053	0
1051	1
-2608	1
-1365	0
-4135	0
8096	0
-3736	0
11710	0
7724	0
13885	0
8125	0
6528	1
-15584	0
-8436	1
-733	0
20872	0
236	0
9910	0
-5995	0
9651	0
4353	0
-2244	0
10217	0
6691	0
4365	1
-4471	1
-2466	1
2564	0
4625	0
521	0
2334	0
-25648	1
12153	0
-10421	1
2119	0
12312	0
3828	1
-2475	0
11262	0
-7868	1
2622	0
9630	1
6656	0
-6079	1
-25274	1
-638	0
3723	0
19850	0
18242	0
-12082	0
-17944	1
3687	0
7669	0
2907	0
652	0
10399	1
-1462	1
6424	0
-2385	0
-3918	1
2971	1
-4934	1
5324	0
-8854	0
-10178	1
8162	0
-5117	0
1954	0
763	1
12160	0
12366	0
3869	0
-1999	0
7576	0
5568	0
-6475	0
7827	0
9411	0
5857	0
-4151	0
-5681	1
-729	1
-9945	1
1112	0
-8056	1
-9107	0
-5253	1
-10211	1
-4445	0
6608	0
-1384	1
10646	0
-11337	1
8024	0
2254	0
16489	0
-1059	0
-13163	1
-6100	0
647	0
10967	0
6691	0
8331	0
3798	0
-3154	0
-16226	1
16023	0
-18162	0
1399	1
7340	0
-1089	1
-3747	0
6521	1
1217	0
-4332	1
7983	0
-21558	1
-4238	0
-1485	1
-15915	1
6485	0
9606	0
-16816	1
14588	0
13696	0
5162	0
3821	0
3173	0
5798	0
-7533	0
16643	0
-16648	1
12114	0
-8897	0
6087	1
19160	0
-7002	1
-1502	0
14869	0
-4415	0
-30387	1
-2469	0
-11491	0
-17323	0
-9068	1
5420	0
-8274	1
-591	0
20131	0
9241	0
-10340	1
-10566	0
-611	0
-12400	1
10683	0
-19908	1
7288	0
4710	0
12163	0
-17792	1
15793	0
-19842	1
-15531	1
10061	0
-1003	1
-3341	1
832	0
-2321	1
-9121	0
8875	0
-3583	1
3252	1
7696	0
409	1
2235	0
8740	1
4698	0
-9115	1
-8906	1
6043	0
1637	0
-13652	1
6972	0
5885	0
2312	0
22706	0
7906	0
-2195	1
-854	0
10777	0
-18857	0
2532	0
3946	0
7259	0
-12461	1
66	1
-2081	0
4565	1
-7712	0
-10937	0
6918	0
-6006	0
15248	0
12634	0
-1463	1
-1210	0
-1199	0
-14233	1
-5053	0
664	1
-11167	1
8274	0
2255	0
-3161	0
-9048	1
-9368	0
11082	0
-769	1
-6725	0
8276	0
-10886	0
40	0
-4859	0
-46437	1
8087	0
-97	0
-356	0
-1348	0
-13148	1
-24417	1
16939	0
-12105	0
16695	0
14721	0
7626	0
-3480	0
4388	0
-3849	0
-4662	0
7503	0
4961	0
-19505	1
13727	0
12212	0
-16017	1
12983	0
11525	0
-8081	1
-2851	0
5636	1
3143	0
-18924	1
-3625	0
31631	0
2681	0
2845	0
15775	0
-20197	1
-13488	1
-19139	1
-16484	1
2929	0
-6082	0
698	0
-10585	1
4092	0
-4117	1
-8877	1
-8667	1
13445	0
-21898	1
3958	0
-2553	1
-326	0
1705	1
16040	0
9273	1
-957	1
14928	0
186	0
17011	0
10509	0
-8516	1
-2175	1
-15961	1
10481	0
2674	0
18120	0
-9100	1
8188	0
-2505	0
-523	1
7771	0
1855	0
443	0
-3116	0
7223	0
-4096	0
-12096	1
-17652	0
7264	0
-10622	0
-6531	1
17411	0
8611	0
-942	0
16003	0
-6587	0
-13904	1
-5108	0
9641	1
1138	1
10809	0
6144	0
-14084	1
7430	0
-22032	1
2344	0
10942	0
-1158	0
366	0
-3905	1
11539	0
-5022	1
-2969	1
4274	1
14926	0
-4700	0
1603	0
-8471	0
19556	0
-11280	1
1995	0
-5376	1
-2938	1
9015	0
-9490	0
2013	0
-3210	0
13528	0
10857	0
13512	0
-7734	0
11267	0
6647	1
13463	0
6096	0
7775	0
4650	0
-4812	0
-14193	1
-911	0
-5282	1
-8696	0
4147	0
-7908	1
-17227	1
-2787	1
-8242	1
-7525	1
8059	0
-179	1
-12206	0
-11712	1
9349	0
-11176	1
10085	0
14490	0
16118	0
12659	1
5832	0
-4252	1
12721	0
10259	0
-5610	0
-8888	0
-13839	1
2561	0
5781	1
7542	1
12079	0
-6640	0
5358	0
4394	0
978	0
9706	0
-8665	0
-1986	0
-1961	0
-6840	1
19908	0
-2074	0
7158	0
9275	0
-109	0
7664	0
94	0
-20679	1
3981	1
264	0
-14097	0
960	0
-4939	0
8733	0
1260	1
-3660	0
5808	0
19299	0
-16013	1
10234	0
-11091	1
-18109	0
-3676	0
4566	0
1399	0
4256	0
-8762	1
-18722	1
-6869	1
-8352	1
-6811	0
-8239	1
-1708	0
-3893	1
2983	0
11422	1
-29270	1
-416	0
3143	1
-14690	1
-6945	0
2558	0
-12992	0
-15206	0
5916	0
-13997	1
8625	0
929	0
13326	0
-9737	1
-11256	0
-4934	0
268	1
-2911	0
15098	0
3964	1
-18570	1
19819	0
14870	0
5098	0
4954	1
-2348	0
-17169	1
-1545	0
8043	0
5691	0
-19588	1
115	0
-10054	1
2681	0
562	0
-4774	0
2432	1
10547	0
978	0
-4563	0
-21825	1
7454	0
-8302	1
-997	0
-11993	1
1522	1
-6120	0
-14442	1
-3693	0
-7114	1
6082	0
8948	0
-11054	1
-2324	1
12136	0
12095	0
4594	0
10247	0
7521	0
13728	0
3856	1
-12993	1
-3648	0
-8650	0
-2480	0
2041	1
-13643	1
11893	0
19578	0
-876	1
-7817	0
-3940	1
1481	0
22002	0
-5176	0
-42	0
-3639	1
-11020	1
6762	0
8076	1
-15400	1
-8053	0
-2875	0
-8206	0
-5721	0
297	0
25483	0
-18889	1
889	0
-14234	1
4929	0
11503	0
8756	0
-4449	1
4548	0
1852	1
-13141	1
2593	0
17693	0
19339	0
-5747	0
5147	0
-4433	1
11592	0
-2441	0
4538	1
-8905	1
5196	0
-6841	1
-22772	1
2072	0
-362	0
-616	0
-14273	1
3576	1
2496	0
12983	0
3774	0
-1900	0
396	0
7324	0
11004	0
-5243	1
-5165	1
-1937	1
7523	0
7913	0
5050	0
-30	0
-12572	1
-14931	1
-3173	0
2055	0
-6197	1
2463	0
-5198	1
10613	0
11785	1
8396	0
2725	0
-6436	0
1287	0
4805	0
4649	0
-9001	1
2387	1
-3081	1
-4693	0
-3747	0
15808	0
2661	1
-15012	0
-5244	1
-7084	1
-5338	0
10242	0
-5514	0
6823	0
-13604	1
-7757	1
-3477	1
490	0
280	1
-16916	1
17963	0
11039	0
3954	0
-8062	1
7361	0
10252	0
5426	0
3493	1
-3635	0
-25065	1
5540	0
-13417	1
15056	0
-8349	0
1957	0
9249	0
-8531	0
4320	0
9384	0
15612	0
-1233	1
-11096	1
298	0
22571	0
12068	0
-2906	0
-11931	1
-10443	1
5945	0
14983	0
17326	0
-3684	1
-14428	1
8445	0
-14105	1
8390	1
-2421	1
1379	1
5708	0
8866	0
1681	0
6538	0
-3608	0
6956	0
2322	0
-346	0
4896	0
-6434	1
-2803	1
-11576	1
4559	1
871	1
12164	1
6506	0
-16937	1
1200	0
6721	0
5131	0
7406	0
-7604	0
2356	0
790	0
13809	0
-12247	1
-3674	0
8824	0
-17859	1
-10020	1
3498	0
-1846	0
459	1
765	0
3404	0
6792	0
13946	0
15241	0
15322	0
-8130	1
5536	1
13359	0
-431	0
-365	1
-3894	1
-10981	1
-12381	1
-2441	0
13115	0
-12479	0
-15476	1
-15621	1
-16017	1
-23031	1
-5453	1
-7242	1
2795	1
2355	0
7300	0
-9942	1
-5564	1
1295	1
570	0
314	0
-12742	1
-8885	1
-7270	0
-10335	1
3106	1
2967	1
4917	1
-3310	0
7544	0
19199	0
14417	0
9827	0
-7430	0
-14897	1
6647	0
547	1
-1513	0
-4817	1
14706	1
-4438	1
-120	0
3659	0
-7566	0
7149	0
1641	0
-21726	1
-13417	1
3378	1
-194	0
-3513	1
17397	0
9983	0
2784	0
26200	0
9560	0
-28422	1
-8529	1
-3691	0
-23318	1
8302	0
7193	1
225	0
-16840	1
11802	0
3110	0
12027	0
-7064	1
11165	0
-4693	0
-11550	1
-14494	1
8444	0
14580	0
3043	0
-5906	0
-13788	1
-3986	1
5155	1
3073	1
-1931	1
11481	1
-4629	0
10703	0
-4963	1
-20361	1
8835	0
-3926	0
-2540	1
9295	1
1654	1
-15658	1
17476	0
16617	0
4201	0
3735	0
4068	1
14417	0
-1248	1
-17419	1
3644	0
8944	0
2871	0
-14649	1
26876	0
-12713	1
-7385	0
-9808	0
6316	0
3973	0
635	0
1708	0
-2522	1
10620	0
12306	0
12833	0
-18971	1
6809	0
-11575	1
-8063	0
1736	0
-5963	0
-14768	1
4434	0
5393	0
-4816	1
-3889	1
-3659	0
-1681	0
6306	0
-6550	0
-2555	0
25371	0
6182	0
-2123	0
2453	0
7450	0
-12673	1
19302	0
-4941	0
-6196	1
4153	0
16307	0
12728	0
5358	1
-1006	1
12454	0
549	0
22405	0
-11086	1
2897	0
3186	0
3197	1
2865	0
-10802	0
15932	0
-2856	1
-4015	0
-961	1
4743	0
3839	0
6322	1
-15836	1
7691	0
-13384	0
1264	0
-22761	1
8926	0
8343	1
8148	0
20692	0
13709	0
-2399	0
14613	0
-9641	1
-4308	1
-5162	1
52	1
-15394	1
-405	0
14922	0
8599	0
-3615	0
9402	0
-468	0
775	0
-720	0
-8828	1
20425	0
-2744	1
-3231	0
2561	0
-2054	0
8760	0
8870	0
11133	0
-8987	1
-2653	0
9820	1
9103	0
10976	0
-9682	1
19438	0
-16726	1
7095	0
-4157	0
-8680	0
1773	0
-5232	0
-19559	0
-3651	1
-10668	1
-6573	1
3217	0
7871	0
8360	0
7652	0
-8631	1
17424	0
22222	0
-8986	0
-628	0
-9223	0
863	0
-9004	0
6749	0
12883	0
-12027	1
-15770	1
-12868	1
-13864	1
-13481	0
6200	0
-473	1
-13861	1
-10	1
13912	0
13683	0
5028	0
-5478	0
12975	0
5854	0
1993	0
-4545	0
-194	0
16093	0
5445	0
1126	0
13877	0
13649	0
3605	0
5909	0
-6332	1
155	0
-12136	1
-2539	0
3314	0
16648	0
-8133	1
3675	0
8014	0
8332	0
11850	0
-13253	1
14504	0
-15609	1
-4245	0
-439	0
19830	0
-2479	0
2371	0
686	0
3790	0
-9477	1
-4195	1
-13738	1
9727	1
-11469	1
-8092	1
2556	1
668	0
-1818	0
-11607	0
-6749	0
8812	1
-15793	1
-10549	1
-7882	1
3905	0
2995	0
-8006	1
9369	0
19013	0
10377	0
-2376	0
-8600	1
2050	1
9161	0
-8645	1
-14716	0
8748	0
-192	0
-1347	0
5000	0
14173	0
566	1
8552	1
6228	0
2569	0
-4875	1
-6215	1
-3140	1
2442	0
5978	0
8148	0
2032	0
13180	0
6178	0
4114	1
3994	1
3366	0
-9612	0
4495	0
-1225	0
8389	1
-17877	1
8265	0
21709	0
8500	0
-2087	0
13472	0
5702	1
-5263	0
3304	0
21916	0
-5652	1
-9385	1
-6669	1
-9722	0
15745	0
19403	0
-18778	1
-9764	0
-9656	0
3992	1
-162	0
3735	0
-12751	1
-1184	0
-2273	0
-10386	1
7373	0
2715	0
6464	0
-6743	0
18826	0
1629	1
10191	0
7273	1
5805	0
9045	0
-13814	1
1954	0
-27896	1
-6304	0
-10197	0
19621	0
-3847	1
-6597	0
-3722	0
-1739	0
-7998	1
-19079	1
-15081	0
-9248	0
-2259	1
5461	0
5759	1
-9715	1
3944	0
9357	0
3555	0
-4452	1
6789	0
7305	1
3601	0
-282	0
6724	0
10527	0
-1700	1
-862	0
8660	1
-10366	1
-666	0
3629	0
-2955	1
-2022	0
-16106	1
-2704	0
4203	0
-9691	0
-2760	0
5740	0
-13604	0
17934	0
-18831	1
-777	0
11348	0
-2702	0
-593	1
6300	0
9109	0
2666	0
9221	0
-5673	1
3436	1
11777	0
25748	0
14782	0
2958	0
14350	0
3444	1
2746	0
1387	0
16631	0
-7246	0
3227	0
4308	0
1425	0
-1416	0
2005	0
3001	0
2760	0
8484	1
-5880	0
-6872	1
-19748	1
3410	0
-6401	0
-10379	1
-10028	1
215	1
-1981	0
-10967	1
-11298	1
-13817	0
3926	0
-14417	1
6139	1
7655	1
-12417	0
-9620	1
3474	0
11743	0
13137	0
-3478	1
-11762	1
-12627	1
-1167	1
-7709	0
-8253	0
-1111	0
5159	0
-2947	0
1088	0
4057	0
5790	0
-5192	0
12116	0
-67	1
5283	0
-1726	1
11581	1
-8841	0
-8243	0
-9836	1
-1477	0
3111	1
-5704	0
11977	0
-13610	0
17392	0
-3827	0
-22470	1
9695	0
-25712	1
-6249	1
9843	0
-2052	0
-236	0
-20598	1
-14430	1
13906	0
-11443	1
915	1
-12133	0
-9155	1
-1597	0
1526	0
-5685	0
7328	1
-999	0
-338	0
-4179	0
-10545	1
8759	0
5012	0
-7470	0
-19835	1
-7449	1
4008	1
-10055	1
12248	0
841	0
-2243	0
3509	0
5594	0
2656	0
-1413	0
-5764	0
7411	0
-9801	1
4259	0
3402	1
6798	1
-28297	1
-7175	1
-18815	1
-10470	0
9568	0
17474	0
3925	0
-5465	0
2926	0
12927	0
-3465	1
-3932	0
-6951	1
7630	0
9812	0
-8268	0
7368	0
3066	0
-6820	0
17750	0
7286	0
13777	0
-3893	0
-4851	0
958	0
-15763	0
-12777	0
6158	0
-2898	0
-2005	0
9991	1
-9202	0
11326	0
-13424	1
1082	0
7644	0
-7424	1
-684	0
-5805	0
4295	1
11792	0
4550	0
3276	0
-1673	1
-182	1
-2588	0
-5029	1
7989	1
17587	0
964	1
3910	0
-5096	0
6826	0
8054	0
7484	0
-12099	1
-11664	0
15355	0
-2197	0
1961	1
1519	1
10663	0
1139	0
-4287	1
-13136	1
7094	0
-1856	0
-3304	0
-19086	1
6010	1
-3863	0
20048	0
-18105	1
-17475	1
17266	0
3094	0
5973	0
-1424	1
1269	0
17214	0
4462	1
-16221	1
-2209	1
-13241	1
-1786	1
18519	0
5210	0
-4977	0
13947	0
10605	0
-11911	0
9319	0
2129	1
8054	0
122	0
-1627	1
-1706	0
-4522	1
-2863	0
-10025	0
7434	0
-7847	1
7254	0
7774	0
-7720	0
-6659	0
-18097	1
12279	0
7999	1
-10455	0
-13236	0
-3928	1
4664	1
-2805	0
9218	0
16099	0
14943	0
-6374	0
-4841	1
-9259	0
-8469	0
-2955	0
735	0
-5156	0
-5401	0
-19010	1
-9043	1
-1045	1
14674	0
-253	1
281	0
16387	0
-17028	1
2589	1
-8851	1
11888	0
15144	0
-13096	0
-8937	1
8410	0
5164	0
4801	0
-4940	0
2462	0
5136	0
17576	0
-5431	0
2892	0
-1686	0
-2466	0
-9574	0
-4190	0
-23414	1
11929	0
-19453	1
-15833	1
-15626	0
5418	0
-10290	0
-6782	1
6804	0
1403	0
-5520	1
8249	0
8009	1
2302	1
-6584	0
-3943	0
5263	0
-2884	0
2799	1
6527	0
12069	0
-12764	1
4503	0
4069	0
4658	0
5068	0
19851	0
7670	1
-794	0
-14074	1
-8563	0
-21179	1
-1596	0
9901	0
-2364	0
3207	0
4033	0
-4803	0
-7249	0
-2299	0
702	0
5561	0
-10408	1
-7739	1
6441	0
-6696	1
11505	0
-21210	1
5045	0
-880	0
-2660	0
-18146	1
499	0
6858	0
3305	0
6422	0
-147	0
-1144	0
9084	1
10716	0
17364	0
15991	0
-12243	1
3659	1
2217	0
17944	0
2400	1
16648	0
-6300	0
-14705	0
-14907	1
-7395	1
-8454	1
-8991	0
12698	0
-162	0
2879	0
9157	0
2780	0
-482	1
-11213	1
4345	0
-18502	0
11261	0
6068	0
-15553	1
14548	0
2660	1
9641	1
-6072	0
8024	1
6285	0
858	0
11557	0
-5250	0
-1613	0
16939	0
-4846	1
-3640	1
-3876	1
1107	1
474	0
8899	0
-4598	0
-3694	0
8384	0
9425	0
-2783	1
17762	0
4560	0
18221	0
-8548	1
3585	0
-621	0
21728	0
-351	0
-6711	0
-4104	1
-2609	0
7520	0
2364	0
14114	0
-5924	0
7368	1
9290	0
1755	0
12063	1
8726	0
-8709	0
12357	0
-8855	1
3659	0
-7428	0
-9077	1
22635	0
3289	0
131	1
11045	0
-14610	1
13127	0
-10781	0
-6185	0
-10548	0
-10448	0
11884	1
-13117	1
-8966	0
-6437	0
-15688	1
1942	1
5644	0
8677	0
-3382	1
-8436	1
5290	0
-9922	0
4038	0
9699	0
9058	0
-1123	0
4492	0
-5926	1
14010	0
22829	0
-8635	1
-5995	1
-2544	1
-12113	1
-17928	1
8996	0
7877	0
-3613	0
1895	0
-839	1
3451	0
12737	0
2346	0
-437	0
4973	0
10911	0
1738	0
-5503	1
2431	0
12441	0
-17382	1
-15529	1
-5995	1
-2654	0
7990	0
11308	0
4083	0
13922	0
2306	0
1792	1
658	0
-10040	0
-2769	1
-14957	1
-2260	0
-6763	1
-4221	0
6325	0
10494	1
-20219	1
-9488	1
2366	0
-2241	1
-3463	0
4352	1
542	0
-16011	1
-10351	1
-1072	1
-17022	0
-5287	1
2682	0
-1707	0
-4748	1
22674	0
-1555	1
2688	0
-667	1
-10846	1
21262	0
3922	0
19792	0
7129	0
3220	0
13542	0
-8193	0
-8803	0
-12461	1
-7143	1
17489	0
245	1
-20392	1
3632	0
6225	0
-546	0
-7684	0
-10387	0
14890	0
-3275	0
13604	0
-2254	0
5568	0
530	0
-16	0
9909	0
5343	0
6986	1
-783	0
11235	0
1976	0
-11720	1
4663	0
4457	1
10831	0
-3917	0
-3794	1
13248	0
-7269	0
-6189	1
6501	0
978	0
7391	0
2987	0
-15874	1
-528	1
-465	0
12639	0
-13390	1
-2546	0
9602	0
14704	0
-10469	1
-818	0
-2272	1
1813	0
-9742	1
7521	0
12862	0
16702	0
14258	0
1121	0
3056	0
909	1
12886	0
5901	0
9659	0
-561	0
-21781	1
-232	0
10900	0
-13680	1
3354	1
4511	0
-1898	0
5222	0
6046	0
7266	0
-1435	1
-9492	1
-2836	0
-4269	0
-70	0
10563	0
19559	0
9457	0
-13031	1
18458	0
6815	0
19682	0
3035	0
7617	0
-11612	0
-4266	0
6787	0
13231	0
-11903	0
3820	0
325	0
-15058	1
-7229	0
14942	0
-6579	0
3415	1
6848	0
15062	0
-10287	1
174	1
-14383	1
2285	0
17377	0
-4983	0
-7125	0
15906	0
10347	0
565	1
5890	0
-6173	1
-14383	0
1226	0
-7503	1
-8676	1
4883	0
10391	0
-9794	1
7926	0
7979	0
-10897	1
-9610	1
1327	1
-18361	0
-6738	0
5147	0
3117	0
-1860	1
-3813	0
5411	0
-1331	1
3864	1
17398	0
-5045	0
-4298	0
14743	0
1207	0
804	0
5720	0
1388	1
7572	0
-16578	1
184	0
5645	0
-8306	0
-4163	0
-19172	1
-8424	1
5669	0
374	1
-4033	0
-4227	1
106	0
-3152	1
22570	0
-1755	0
4327	0
-2927	0
7809	0
-12934	1
-3898	1
-6937	0
-8115	0
-1548	0
3839	1
17231	0
1392	1
8515	0
3697	0
14352	0
811	0
3975	0
-5270	1
8906	0
4206	0
-8108	1
-7786	0
-7073	1
11105	0
-3934	1
16422	0
11133	0
-13288	1
-649	0
-8053	0
9253	0
-709	0
13542	0
2421	0
16492	0
6901	0
594	0
-5702	0
-3398	1
9485	0
-7984	0
-24632	1
-140	0
-10135	1
228	0
16690	0
9206	0
88	0
-535	0
-17761	1
-11496	1
8053	1
-3599	1
-12986	1
4655	0
-11590	0
-1714	1
-10884	1
-5662	1
9073	0
-9308	1
-17887	1
-8432	0
10143	0
3213	0
-12716	0
-7271	1
-9695	0
5980	0
-7400	1
15409	0
-17630	1
16728	1
-4719	1
15316	0
-8505	1
-12019	1
4787	1
-18428	1
-6344	0
13041	0
13068	0
-2361	0
7957	0
-10660	1
5527	0
8149	0
17158	0
947	0
-1635	1
6551	1
-451	0
1997	0
-21337	1
9967	0
-2784	0
6280	0
9692	0
-12117	0
-9232	0
-21939	1
8196	0
-5263	0
-3021	1
12680	0
-6734	0
-1610	0
-2586	0
5021	1
2655	1
6373	0
-16429	1
-827	0
-50239	1
-6516	0
-3747	0
3840	0
704	0
-6975	1
-946	0
4183	0
18234	0
-7566	0
13416	0
8027	0
-5258	1
-412	0
1981	0
2258	0
6442	0
2768	0
-1401	0
13173	0
1970	1
-4497	0
6294	0
-1979	0
3194	0
1732	1
7513	0
-10875	1
10291	0
14595	0
-9661	1
12870	0
6934	0
-1816	1
-8776	1
-2486	1
7245	0
-1644	0
17540	0
11298	0
19441	0
4481	0
8013	0
-8101	0
-278	1
-12007	0
12701	0
-3489	1
-1646	1
3087	0
9626	0
6420	0
14524	0
2112	0
-285	0
-402	0
-3	1
2847	0
780	1
-1647	0
12462	0
-12772	0
2551	0
-15892	1
-6540	0
1414	0
2259	0
-7567	1
11188	0
16795	0
558	0
-1184	1
5514	0
-8943	0
-9193	1
2222	0
-4856	1
7509	0
11381	0
-32200	1
-2332	0
-13413	1
9282	0
-17467	1
1739	1
-7894	0
-10628	1
-1958	0
-2708	0
-23784	1
9001	1
9494	0
-6923	1
-8797	1
-11883	1
-906	0
11503	0
7367	0
-11356	0
6908	1
7712	1
-1553	0
-5756	0
-10345	1
-1339	0
-8938	1
-3630	0
14198	0
16434	0
2646	0
7963	0
-15781	0
-14093	1
1389	0
7712	1
1406	0
-9749	1
6303	0
16022	0
-10	0
636	1
7021	0
8249	0
-2672	1
-10013	0
24878	0
-15458	1
16074	0
10024	0
-7802	1
11642	0
22192	0
4191	0
6860	0
8457	0
5236	0
-161	0
-9533	1
15368	0
8203	0
-11294	1
4884	0
6297	0
-16432	1
4644	0
1764	0
496	0
-13167	0
-5976	0
7461	1
-4715	0
343	1
-3687	1
8570	0
8145	0
12153	0
8165	0
-14934	1
17614	0
-4524	0
450	0
1619	0
-3268	1
-8632	0
-528	1
-3391	0
184	1
1870	0
-982	0
-14499	0
6570	0
-7332	0
-17498	1
-11682	1
6905	0
-15676	0
-11525	1
2135	0
2187	0
-427	0
-11706	0
6605	0
-7594	0
-15136	1
-713	0
-8475	1
-13257	0
-688	1
-15001	1
4989	0
-2934	1
-13572	1
-11885	1
-2795	0
-2858	1
-8978	0
-7399	0
619	0
-3818	0
-11644	0
-7811	1
9790	0
-5584	0
-6971	0
18553	0
-3906	0
9597	0
9183	0
6218	0
-7423	0
2585	1
-6080	1
102	0
20251	0
7286	0
-16085	1
509	1
-7707	1
-7145	0
882	0
24511	0
-4171	0
10061	0
-8998	0
5010	1
-13528	1
1344	0
11544	0
-8914	1
-5764	0
2666	0
-6528	1
3298	0
-11914	0
6496	0
-10935	1
-8870	0
-13535	1
-8500	0
-4436	0
-8549	1
-26292	1
6307	0
10952	0
2054	0
5870	0
-15673	1
16296	0
-6721	1
-2355	0
-1347	1
14836	0
-10668	1
-1899	1
-1813	1
6643	0
5810	0
8422	0
10271	0
18941	0
923	0
26053	0
-1731	0
23457	0
3572	0
9421	0
50	0
4791	0
-25839	1
2715	0
-10745	0
-1111	0
10048	1
794	0
-11384	1
6982	0
25258	0
10213	0
-6398	0
-6668	1
8756	1
-129	0
3694	0
4181	0
-13415	1
18732	0
-4318	0
5783	0
-9819	1
6170	0
15474	0
-18342	1
4135	0
960	0
8555	0
-424	1
1355	1
4509	1
1761	0
17471	0
-106	0
221	0
8067	0
4893	1
-4586	1
-1179	1
-3138	0
1141	0
946	0
-14156	0
-1689	1
960	0
-4579	0
-1312	1
19806	0
-7121	0
-14718	1
6918	0
-10712	0
3154	0
3053	1
-6518	0
125	0
-6179	1
8702	1
-9062	1
6822	0
-6419	0
-3945	1
-3966	1
-10559	1
-11043	1
7070	0
7752	0
-7200	0
-11695	1
2813	0
11553	0
11479	0
2976	0
-1583	0
14199	0
5538	0
-10384	0
5610	0
12070	0
10138	0
1705	0
3028	1
-12140	0
1685	0
-8852	1
11006	0
10038	0
-22059	1
-4140	1
-16341	1
-9304	1
-1314	0
-18287	0
4832	0
4228	0
3487	0
4585	0
4840	1
4797	0
1213	0
-6537	0
4166	0
-1106	1
2992	0
5745	0
2962	0
-2760	1
4776	0
5049	0
16240	0
9437	0
1616	0
-25819	1
-6950	1
-1560	1
6835	0
-418	0
376	0
19406	0
8684	1
-4547	0
-127122	1
8950	0
-7907	0
2478	1
692	0
-1495	1
-1361	0
-17168	0
-4109	0
11369	0
-242	1
-11217	0
1279	0
7481	0
-931	0
9219	0
1377	0
10032	0
-12119	1
75	0
15925	0
-2650	0
-2837	0
20868	0
-8472	0
-4329	1
-8783	1
-2190	0
3010	0
-3395	0
-2492	1
3085	0
-2472	0
3067	0
3824	0
-13738	0
-1383	1
1984	0
-4360	0
-6354	1
-28798	1
5538	0
1909	0
2876	0
1977	1
-4327	1
-11658	1
5001	0
-7768	1
-1601	1
-18364	1
14894	0
7420	0
5117	0
21104	0
4643	0
-4707	0
593	0
3250	0
2827	0
-4926	1
-1403	0
10050	0
-4401	0
7359	0
3702	1
2759	0
-13902	1
-4501	0
-5432	0
10247	0
-13615	0
204	1
7570	1
-13952	0
21557	0
-13110	0
-521	1
242	0
-1030	0
-8034	1
12701	0
-3946	0
14498	0
7734	0
2055	0
17005	0
8116	0
-6238	1
-12445	0
2028	0
2333	1
136	1
-1470	1
-8410	1
2432	0
-7251	1
-45	0
-24898	1
-7950	0
-6626	0
-9996	0
1331	0
-3429	0
313	1
8958	0
-1846	0
-2684	0
-2011	1
877	0
2090	0
3500	0
19988	0
-14539	1
-5736	0
-13655	1
10225	0
-5630	0
8200	0
14271	0
-2533	0
-11331	0
2419	0
3268	0
13309	0
-13898	1
-3195	0
13783	0
-11768	1
4217	0
-266	1
6046	0
-15438	1
-7273	0
-6658	1
-307	0
12152	0
3973	0
1479	1
-3969	0
-10931	1
1666	0
-15391	1
-19280	0
8192	1
-8804	1
18567	0
-4331	1
-13752	1
-8590	0
-5272	0
-11326	0
11450	0
-12011	0
-3228	1
4231	0
-21158	1
-2034	0
5096	0
9957	0
-7346	1
1913	0
-3104	1
1109	0
-1354	0
-15739	1
-7301	1
4273	1
6627	1
-21148	1
-15616	1
-6660	0
-6251	0
3468	1
-12685	1
6894	0
-5732	1
11538	0
-5198	0
-8889	0
11801	0
15920	0
5201	0
1480	0
4054	0
-5935	1
1513	0
-2374	1
4045	1
1716	0
9551	0
-19499	1
1089	0
6571	0
-6826	0
14730	0
-8797	1
9509	0
-5338	1
-1632	0
8890	0
11108	0
4565	0
3951	0
16773	0
-15810	1
-10302	0
-10398	1
-1890	1
-6869	1
-8489	1
3631	0
12324	0
772	1
-6952	0
23090	0
-3088	1
-3892	0
10052	1
-5721	0
3781	0
1617	1
-5115	0
1813	1
-2445	1
-6633	1
-9146	1
-1377	0
-9443	0
-15536	1
-12040	0
-13672	1
-11108	0
4308	0
13042	1
-1376	0
-4972	0
5079	0
-2955	1
-8540	0
-2783	1
10273	0
-10445	0
15609	0
6378	0
-2315	1
-1119	0
-17150	1
-2425	0
-2440	0
-7620	0
18024	0
-3481	0
4714	0
6742	0
12267	0
5242	0
-4445	0
7648	0
713	0
9984	1
18300	0
-37693	1
2910	1
4346	0
10141	0
16620	0
869	0
-8864	0
15648	0
-1989	0
9938	0
-5035	0
14125	0
-1712	1
14539	0
9400	0
-13241	1
-13224	1
-13636	1
1252	0
-9934	0
593	0
-9765	0
-17573	1
-21843	1
508	0
-13289	0
3394	0
18259	0
2945	0
2218	0
-4451	0
-7803	1
12950	0
-13917	1
21126	0
14293	0
-6102	1
-7306	1
9158	0
3801	0
2022	0
-3758	0
2668	0
12528	0
-7824	0
1679	0
-10	1
2657	0
1651	0
-8835	1
15560	0
9664	0
-5602	1
2428	0
