6030	-3856
-3813	14240
-11638	-4392
-4608	-1661
-16015	1773
5976	-24203
5529	9866
3570	-443
4084	9523
-22168	11415
-1316	16030
-140	-7788
-9185	6873
-6643	-3402
1110	4173
-47810	-1211
3958	-6003
7578	11010
-12588	-11369
7162	4526
-3073	16161
-11501	-5863
6483	-7898
4942	6500
2624	-18104
-1509	-13329
2307	-13685
7480	645
-7769	8970
-119	-2919
4452	12229
4057	617
7212	-9321
5028	-1454
7594	5385
7271	-11845
-34726	11377
4809	-7596
-5352	3411
-1174	10815
2288	-3839
-28790	-4632
2593	13916
3603	-6094
7603	-11710
6611	1234
-3098	-1505
3120	7621
6796	4914
7107	12629
5611	24121
-2383	-6865
-12343	-15876
-4620	15085
-15833	-7922
-23408	16989
-12668	-2377
7321	-13551
446	4728
7620	-899
5652	4509
981	5775
5418	-5404
6180	2758
3190	-4329
7337	-2184
6145	1178
6572	11179
3809	-3036
7608	-7616
-9929	-4128
3500	-5942
7370	-9370
7010	15172
-3798	-6622
-7292	-3931
6749	-6636
4481	1094
759	1974
-6634	15695
857	2169
-24979	11325
-294	7145
-21268	-24590
200	974
2904	-6081
-239	7712
5626	2242
7629	5067
5888	11143
7614	-6904
7153	3846
7577	-383
2051	-11046
7413	-1750
2345	7672
3450	10778
7507	11948
7531	5319
7344	134
7641	14683
7181	-10303
-16133	-736
7641	-11873
6013	15717
5782	7156
5929	3674
-6506	4021
7532	21135
-13737	-11104
-21557	9395
1479	1299
6930	8239
2232	-1884
7443	8535
1859	-9006
-4217	-392
-14697	4702
-28106	4540
-22675	-4737
6783	905
-9888	1395
1230	2672
2090	-10554
7640	4591
-4698	-6899
-13627	-5742
366	3048
7483	-9307
-1292	3625
7536	240
-5214	4048
7437	7694
2716	-4413
993	-10011
474	-16758
6000	-19070
30	-380
6567	-26061
4149	-31380
-9102	-13377
6341	-7977
6875	7857
7043	16329
470	2947
4432	4783
-13304	6855
-29364	14464
6321	7404
6868	-6183
-209	16557
2242	-6536
-25444	9502
-20738	4554
6823	1165
5983	-6396
5004	-13702
-12115	7848
-12710	-422
7350	-349
-29342	-1994
-899	-1117
1393	-5775
-14842	14057
-18028	-2625
-8638	-13210
-533	2991
7276	-801
6504	-6133
6181	2093
-4514	7260
7108	-426
6100	12740
7576	4050
-6733	-3838
-6483	1279
7333	6846
7426	531
478	-2982
7474	-5456
6681	-3511
-1158	-11295
3732	-17907
-4159	-269
3677	7691
-1099	3304
-2356	-4216
3234	-384
6837	-17511
6146	16972
5002	-4319
-6916	-9574
7280	4044
-2681	165
7075	-4418
1509	1794
2950	8029
1527	-21833
-1912	-14865
4742	3958
-257	6195
-38781	28205
7458	11618
3461	7153
268	-7346
-1910	7369
4121	130
2275	-4695
6100	-26422
1555	1623
7591	564
-5261	-5631
-2859	5788
7633	-7080
1982	6968
7642	-5558
-5070	-32118
7615	-14547
-22469	6361
6482	-5655
5814	-1535
6982	11315
4841	-3259
2970	8493
363	8792
6796	15954
2869	-10423
668	-5128
6161	1660
-16098	-21144
-43812	-17027
1547	9130
-12322	10332
3131	1291
3985	16309
7060	-5488
345	-14805
6828	-2855
-1952	12980
7635	-5873
5553	-6149
7368	-5175
4837	-1106
-17848	-544
7042	8867
5351	12451
1121	-5515
-3395	-12358
6896	-6108
-2452	-412
-34796	-2024
-14501	-14740
7642	7746
5431	14968
7640	2532
-5727	-5600
7546	1954
-8348	-12394
523	-9161
6371	-4848
5786	7971
2985	-475
6566	-3246
5995	-1671
7617	5039
7387	-7148
-40975	-17464
7600	8782
4016	12200
7608	-3762
6694	2046
-17819	-513
7068	6100
-23471	-8510
6918	-9406
5546	21941
-53053	2710
7600	21041
3081	-34386
6328	17866
1402	-681
7233	-15082
7626	3480
-31740	-4541
-4307	-1924
-3023	-1532
5998	2952
-21595	4303
-10502	-14132
7420	5394
7621	-9316
4656	12765
3209	15832
5959	2273
6448	10863
-9431	2885
-18619	4923
7640	-15952
7412	1917
1109	-7350
6374	14354
4642	-20005
-1970	11234
-5810	-16432
2636	-10099
7298	4429
-26910	12132
-24350	16301
3459	-5858
-9025	19521
2124	7761
3795	3845
-16249	-14969
7552	12694
4905	9459
1489	22535
198	-6335
4827	-3829
3818	1379
6333	12366
-7411	3775
5300	11383
6833	7320
4912	-24293
3351	4356
6846	-14295
2563	997
-22949	-4214
6171	-4626
-4565	11594
6812	-1721
4689	3656
-9105	8244
385	-8134
6029	-24506
-3926	550
-2204	-15007
861	-8353
2984	-161
1365	5490
-20250	-3304
7377	11656
-3626	12942
7564	4666
5080	1653
6791	-11610
-12369	14292
6689	-8442
7597	292
6867	2029
7463	-8371
5658	16153
6457	-8894
4478	10815
-8442	8612
7196	18506
6971	6802
-6411	6486
289	1070
-6725	3236
3854	-14040
7296	4371
6177	11281
-11910	5782
7592	-8247
6223	1035
263	-4273
6292	5414
4950	-1628
5310	-14861
3234	-18264
6901	430
6910	9968
-4122	3253
7187	-125
-1131	-1521
-13711	8728
7605	2279
-10320	-21571
70	-9133
-25751	18180
5874	-2843
7156	-15309
6751	-5224
-3578	4812
4444	-16611
6627	810
6276	-15834
4947	-4027
-3982	1840
4652	-34640
-17467	-7683
6074	10825
-308	-12921
-1064	-1337
-12906	486
5276	4988
-6014	433
2337	179
-4826	12606
5414	10633
5696	-5215
5592	-13956
6593	6636
7452	11684
7534	-365
7530	12431
-8449	10783
5943	7539
3825	9946
6055	-12883
-4259	9741
7628	-8617
864	14856
435	-9000
7508	8986
-13475	-498
-4793	615
7522	5292
7634	-8396
-25531	-22856
-5	-8698
1512	-5164
-9901	12692
-271	-14114
1686	-21320
7584	11032
2337	-7549
-7588	1829
-8364	5142
6492	1331
7523	-6606
-6489	21444
3097	8312
1558	3209
2150	380
7415	2252
7060	3090
-37459	17535
-41896	-9607
6878	12732
5741	-4901
7589	13012
6776	3959
7490	1895
-827	-16362
7170	3659
1751	-18120
7434	4830
-29072	-18840
-2359	-3842
3645	-12492
7641	-1369
996	17938
-1870	-3611
-9430	-1586
-4624	-17579
-3479	-13881
7523	8567
6597	-2420
-2290	170
-4329	3032
6166	-285
6858	-7472
2609	-199
5909	-6794
-41277	-4469
5766	-2110
6356	-628
7576	9266
-9377	-7488
7640	-4761
5172	5085
6799	-18310
7598	-19686
6530	-5048
2754	14232
5742	3646
-11692	2618
5550	-2622
7639	-3319
7118	-5876
6525	13389
6909	6117
6582	827
-3618	9779
-10876	-14567
7261	-2494
7428	-2866
1946	-1641
-6235	-5877
-8278	-5372
-16160	2532
7078	-12321
-13590	-10587
6007	6641
6814	-5342
5425	3056
7259	9172
-24425	-62
-18257	367
7480	-558
2159	4818
5211	10122
-3258	9758
6816	-1340
-6366	15427
7413	3814
6559	2280
4717	-3098
7622	-5791
-19556	8797
-665	-2679
2489	6481
-18449	-3729
-494	-20752
-9298	8997
2001	2409
2769	-4476
7628	-15134
6994	-16534
3726	-4200
-9367	-6146
7639	11097
5296	-161
6128	-8975
-6903	3058
7640	723
6132	-18693
7470	8692
-1771	1905
-5409	-24011
6896	-309
4770	15300
5661	-13886
-16179	18655
7284	-10240
6495	-2001
4336	1208
7288	-5983
6161	-9349
3285	-6850
-6234	13303
4905	17187
-5711	-2958
-3552	15194
7140	-11344
7289	5497
4571	-3366
7423	8090
4983	10344
7201	1540
-43141	-12159
1095	-6477
7354	-9917
566	7422
2768	-1534
505	10153
7276	10437
7631	-1469
2662	7688
-2621	-7221
-4473	-3740
7605	-1103
4745	-13546
497	-4382
6366	-12931
7521	-6694
7606	-764
6724	6513
4167	5294
7403	13399
-13834	-11042
7326	-17114
1581	-4998
7339	-23541
-4515	-4810
3553	19467
-15093	-5393
-4857	1449
7280	-794
7633	-3182
757	7657
6883	841
6864	-2313
3810	2978
-12573	-203
4494	-11921
5421	3373
1842	-9876
7611	-6403
7626	2460
4881	10396
7293	-5952
-4920	-15392
703	19680
5285	-4191
6814	-5204
7368	-7220
4241	-9403
-18814	-1740
-286	-1226
5536	5154
6441	9490
-13280	-6881
407	-2318
-2987	12644
998	-5262
6922	428
7616	-761
7640	6081
7593	800
7571	10871
3542	11939
-2566	3607
-17111	-20252
439	9808
7146	-16457
-12534	3404
5311	-4793
6808	-11527
7443	918
5613	18076
7122	8619
-2865	-11012
-16584	-8856
5003	4638
-10301	-10297
-13992	-4416
5513	4900
3211	-8762
3765	3795
7641	3244
6756	2335
7497	-8302
1846	6567
7359	-3152
7161	-2326
6183	4763
-1770	16608
5549	1182
-14043	-265
6427	6587
4756	17750
4313	8599
5854	24619
-23936	20484
6506	-18687
3495	-5926
-2651	6052
7635	-1271
4000	-12780
7300	-5410
6992	-2714
7532	-931
4146	2247
5877	-4556
7572	-1340
7416	-5063
7201	-7264
-5172	1057
5727	18490
6937	-20551
4523	8609
5490	1112
4912	-2045
7524	25248
6401	-7002
7606	11754
7563	-7498
6417	-14824
679	-3182
3543	5399
7637	5381
7640	-6689
3836	-10689
7351	-725
7591	20897
-32330	11699
7140	-14030
7435	10900
-9115	8878
7247	-6535
6240	-23413
6436	7936
3042	12379
3851	4530
-24056	-9932
6531	-4460
7042	-10243
-18764	-9741
-9816	6204
-3820	-4737
5216	-5420
7642	8837
12	5713
6196	-1073
-3951	-7082
3124	-10522
-7313	-193
6604	-2153
-5564	-6224
7635	4632
6083	-18923
5180	-6740
7240	9207
-13009	-60
7121	13859
-16644	7582
7530	8517
2160	7841
-5581	-4390
3368	3191
817	2477
2102	11508
3191	-18119
-14008	-22234
6239	-4228
4393	7962
1878	-9319
6129	16618
-4188	2445
3863	1159
-22216	12966
2759	16495
7642	11244
1291	-1792
-3357	-3679
-1626	-1715
-11286	-23050
5541	17901
7086	11872
6012	-20197
7618	1783
-12623	-13870
-44620	-1585
3626	-10338
46	8501
7598	-1127
4226	800
-21803	5439
7002	10092
6008	-4498
7640	-14000
5015	12039
2736	7270
4802	10604
-3697	-7511
1558	6234
-2042	5656
5183	17091
3354	8637
7639	-19630
6228	-1265
-1776	65
-1276	371
-20354	989
7311	3719
-4140	10355
-5722	-3144
7598	-1259
4883	8489
7527	3899
7426	1069
3831	2218
7610	1842
7401	819
3175	2521
-7255	4800
7517	8448
7557	-11593
-713	-19898
-11448	11457
-4978	15689
-30447	-7194
-11990	12264
6734	6339
7541	-492
6126	-15506
1231	6232
3234	8250
-13933	14629
-11214	6758
-29968	-3600
6983	-5182
-10388	1251
6437	10506
7135	-1466
-12227	-354
292	2974
-11742	-10793
5934	5067
-6007	5743
-12558	-19241
2862	-155
7488	3053
-16824	5372
556	6884
2078	12003
-6996	-2779
-5657	-15264
-38530	8437
7455	-2242
7573	2149
4739	-10614
-14348	11299
-5132	-7551
3249	-648
4857	7303
5127	9044
5306	6333
-1210	-19
6926	2857
6843	6831
7471	17518
-31780	5017
4418	6950
-5275	2673
-3886	10145
1066	8986
2790	-11410
4837	-16420
3567	-13952
-39328	-7687
6636	-2647
7619	3439
7640	3169
5761	13082
-603	1054
6521	11006
-30025	15593
7524	-10397
3686	-2439
6029	94
-15559	-2510
7262	11372
7591	-4497
2206	-1893
2412	7558
201	126
7174	8040
-2037	9887
-13554	12255
-5300	1875
7311	7708
7005	10262
3983	8525
3802	2404
-10781	-2055
7641	6294
2768	-27770
-22413	2001
5710	-17208
7512	-123
6544	-3894
-11897	13613
4268	-1211
-29313	-893
7589	12008
3896	-21588
3551	10823
2353	-7130
1498	-10419
-20950	4362
2563	-587
7641	-5645
-18412	1903
-7263	2042
5978	-2269
6867	-20991
6286	-20113
4171	1225
-2006	-7650
6417	1969
6564	6877
-3610	2303
-16458	-2321
7357	-6107
5003	-29862
-4578	-17291
4700	11366
-1592	-10187
7328	-1323
7186	-5336
6333	-6416
5504	3364
-7592	-9579
-3205	-1608
-25616	133
6583	6551
-2853	1663
4875	-10982
7558	7245
-2320	-3646
6502	4148
-7163	-2876
7637	3869
-5038	-3588
2680	7705
6958	6507
-5814	-2479
-60322	4321
-24857	8169
6868	-6431
7295	10928
-2026	6446
3036	-4428
909	5291
5149	-20263
5066	12561
7471	-4203
4382	-8137
-612	-1210
-19025	-5149
6349	-3748
7571	320
5359	3078
4794	8938
-12728	2931
3771	8114
7271	-2342
1577	-16452
6685	-2754
447	-13134
7244	10416
2867	15689
7563	20584
7417	-2213
-7506	11574
5705	-3416
-3109	-12557
7509	9585
-14152	1398
4374	-291
5449	13835
-13971	8800
-11385	8370
7620	5098
4928	10831
7642	12067
6792	-8688
3912	-3859
-5012	-4512
6848	-8341
2911	-6471
7185	-7014
4112	4007
2901	-6480
6747	15575
7516	-3089
7232	757
7642	-4890
7585	8132
-11178	-1522
6042	-3104
3044	-5458
3253	-20914
-2775	12968
1804	-5883
6557	-2205
7150	-21933
-9651	5753
6622	539
-12644	-492
7170	-6028
7329	-22404
-10518	-12933
5290	-16026
6524	12035
-23795	-475
-18114	-12161
6059	-7530
-8048	-10852
7316	7171
6121	3762
-11178	2944
-31342	-4808
7553	1650
-1342	2137
7068	-5089
7326	6362
-39980	7595
-7573	-2527
4547	3134
3839	3467
-6170	-15809
7622	-5716
7301	5238
1452	-2333
-2428	-3683
1310	-1465
-25318	-5890
-47112	5028
-100	6282
7121	10091
-2919	1976
7261	-10381
6862	-1526
4321	2618
4954	4338
934	-2746
6866	9822
7625	9833
-22368	-4891
-9234	-738
3390	-3181
808	2859
-13644	8905
7465	17516
-29	6648
-40483	1518
5859	11117
3552	-14052
-2071	6243
-5288	6167
6090	648
7072	15111
2945	2131
2112	11485
-8218	-2605
1057	24961
7595	-18931
-5557	2798
7222	2354
-14687	-3622
5397	8803
1425	-4119
7642	-7109
3904	-2700
7219	10636
5217	-369
5806	5950
6497	-2997
-5315	-17189
7630	-161
5466	6106
-3304	-399
2650	4500
5984	8498
6400	-1693
5960	885
3481	93
-24642	-367
2916	-17432
-22129	3757
-9280	6153
7602	-3055
-8245	14279
-55	2441
-5857	2340
7558	-8132
7589	11991
4096	-9774
-14003	-6917
6395	-12225
7622	6812
3436	4006
6706	83
-4019	4123
7621	-12842
7128	-5453
-22387	-1760
7231	-16665
-2970	-3521
3133	-4503
3292	-4845
3599	-22186
7115	-3728
-17901	-2341
-2721	12157
-512	8757
-2842	-3868
5689	-214
3337	-12104
7562	-2275
-20715	7031
-14201	7730
7640	2629
6879	3124
6830	5726
5565	-3847
-875	-12781
6839	1652
6942	6726
7603	-4832
6021	-26253
-5908	13080
-10286	-3002
-4436	467
-15850	-2352
4583	12384
5620	6032
-908	-4198
2850	17540
5637	20016
-4283	-19861
7036	1399
-9251	15305
6459	-18728
-1959	-1634
2794	-2278
4762	-25385
3367	-7053
-17187	8278
-13896	11190
1256	-892
-8713	13450
7628	109
-533	21021
6105	4655
6659	-1890
5735	29498
7257	-3014
-3740	-9739
5891	9937
7189	-27313
6132	-5698
2333	4334
-19654	17875
-8850	9841
4088	13119
2499	-15891
3968	8975
7453	-20622
-3173	-15392
-13407	-10251
2687	4919
-1555	13452
4087	-25577
5843	-8673
4585	-24218
-890	-5366
437	-2477
3278	12971
2657	-6657
7102	-16893
7309	-5418
5533	3000
6870	4020
7503	-21107
6954	5922
160	17238
2923	5295
7004	-1433
6068	5455
4120	2745
-14220	5636
4726	-2072
-7271	12143
3240	-6137
4083	-234
5044	7507
4913	-3462
3759	15551
-6857	16159
7229	11153
4187	4858
6501	3889
-675	15433
5530	11787
-24533	14686
-7903	11931
7596	13561
-9088	507
3282	2797
-6698	-32862
-4532	-31272
-24110	-1809
6104	12322
-4515	11262
