-3312	671
-2167	749
-1472	797
563	795
-4815	797
-2816	664
-80	796
9349	792
-4539	797
614	796
2637	797
7373	-10875
-2675	-83798
26588	744
-3300	797
-4789	796
-4074	794
-922	794
6614	785
-3499	796
-1480	797
-3793	797
6078	785
1011	796
-11774	662
4127	796
-12488	667
23857	797
-2036	797
-2157	797
-4187	795
-12017	795
2619	794
-7251	794
1330	794
-6266	787
7645	795
5832	797
-529	797
-3653	794
-12783	797
-858	795
4102	797
-5956	796
-2269	797
19187	746
-2285	797
10024	793
-5896	797
-13638	797
-4356	796
-2577	793
-5680	797
-15455	797
-4359	797
-5483	796
-1642	-46
-10166	-4250
-2223	-36367
1306	797
12508	785
-5387	786
-2512	797
3802	777
14015	797
-1339	781
30638	797
-1523	793
5940	795
-7698	789
-1628	789
-6055	790
-10034	792
29042	786
5681	797
-13868	797
2131	350
-5965	795
-2934	797
5400	795
-2519	84
13565	-21731
-13321	787
26119	797
26728	796
26438	793
-8190	792
2147	797
10293	796
-12531	796
-5491	797
-4543	778
-1456	747
5588	797
-918	797
8701	794
15284	797
25235	392
17746	786
13032	751
3455	-958
-4499	-3590
-13851	797
7357	796
7570	783
-601	792
-5224	797
-4253	797
-6263	794
-1999	781
-5357	797
-12190	797
-1921	797
-2705	797
-11530	793
-4828	-35695
-10762	797
-1498	704
-10326	792
1176	781
-14527	797
-1604	213
-1265	796
-2759	779
-3715	789
-9547	793
-3956	630
-8040	796
2347	791
-6328	797
-3408	794
1754	728
-1212	797
-1843	793
-3382	797
-6261	797
-1461	796
-3578	796
-5167	797
6513	797
-9854	797
-755	796
-1898	795
16949	756
443	796
-2947	797
-904	789
-2815	797
-2364	797
1903	796
-10678	796
-9773	797
-6460	797
-3150	796
-2835	797
6079	797
-2638	797
-1337	797
-14840	797
-2370	797
-4114	788
-2156	797
-3196	797
-4291	795
-3108	791
15479	781
-1409	789
-3452	797
40079	708
-4	797
-2464	710
-11923	797
-4278	797
-13307	797
-1965	638
-1166	796
-5334	-218695
-5226	680
-10475	796
-1077	795
8278	796
-2761	797
-3089	789
-9165	797
-2489	797
-777	782
-5610	797
-1129	789
-11934	-1848
-1369	778
6232	797
18971	797
288	797
5126	797
-3218	792
-931	793
-2950	784
-3973	789
-6349	797
-10545	-1925
11092	795
-3595	476
-13152	789
-5420	797
948	792
-3679	797
-2383	797
-9841	793
2027	-9017
-10606	797
983	791
-2416	795
-5815	797
10178	797
-4868	789
-5685	796
-2176	789
-2666	797
2509	797
-3386	794
-756	797
856	768
-2508	797
76	797
-6962	780
-5417	796
-2882	797
-316	791
248	797
-13476	795
-4543	796
-1172	796
-13330	797
-1757	358
-5056	788
22210	797
-12333	791
-3585	790
-6956	797
-2635	793
-677	797
-6938	797
-12421	444
2899	730
2142	796
-3041	-194
-2402	797
4880	797
14053	796
94	797
35	797
-2124	796
-1202	797
-1788	797
20292	797
-3345	796
36194	797
10773	797
-7793	796
-2207	797
2098	617
-11517	797
-5946	797
-2616	797
-4692	796
43561	795
-22	797
-5284	797
-5408	792
3463	797
23338	526
-2089	797
-8060	797
-5949	795
-2361	797
31101	797
-1233	-5077
-3862	-929
-2784	201
-6393	797
-2397	795
10806	793
43050	725
31397	792
-4773	791
-3810	797
8440	653
-4421	795
-5248	797
-1420	789
-1799	781
8983	759
-2306	797
-13135	794
137	795
2166	787
4201	657
15453	796
-407	797
9023	790
950	796
-3302	796
-13958	790
18511	666
3718	796
-2605	789
-2380	797
-11054	793
-2350	779
371	795
9593	791
4000	797
-971	36
5740	-1908
-195	797
-3102	791
-3467	796
9742	792
-5107	734
-379	797
-3748	797
-1959	-43629
-688	797
-3538	795
-12093	797
6384	775
-8772	797
-2744	797
13502	796
-2908	797
-3657	796
-5186	797
-1162	640
-606	797
-12257	796
-3943	796
-3246	540
2196	783
-5137	796
-2221	796
20346	797
3349	797
-4551	661
-3045	789
-5066	797
-11640	797
9852	797
-6881	794
-1277	719
-8096	796
-1588	782
15906	796
-8717	734
-1549	432
3778	758
1671	797
-9798	795
-8179	796
-12636	795
48	797
983	797
-10276	797
-5486	797
-3340	794
27397	797
-3274	795
-4533	796
14735	795
-2408	-523
-484	789
28109	797
-13134	797
-2267	756
-531	795
438	796
-2585	788
12932	795
1973	756
-13347	-2225
-12103	789
-5722	795
41370	370
1969	797
-4182	797
-12107	797
6707	-246
3004	797
-4048	795
-3641	765
-1615	796
-2176	796
-4804	797
6548	797
-5193	793
-580	-23268
-32	782
-10775	787
25	797
2538	795
-16169	796
-1387	761
1897	797
-14504	796
-905	793
-3501	787
551	797
-1405	797
6022	785
-904	795
-10915	797
19608	797
-3782	789
3272	797
-3136	797
-10472	797
9672	795
-11276	797
-3349	797
-3282	797
2176	796
-5760	781
-2410	797
-3571	797
14840	792
-6571	785
13490	797
-1444	797
-3464	586
5406	797
-1730	796
18758	797
-2615	797
-14566	797
-2640	732
4514	791
6656	797
-3872	792
3588	795
-1598	285
-4047	797
-12880	786
-868	797
-14032	797
-3300	791
5204	797
6348	-218340
4063	790
-6594	795
3557	796
-1377	-1018
-4986	797
-6412	787
-3225	769
-13213	701
-12466	793
-1589	793
-2489	797
-988	796
-9034	797
-963	784
4925	794
-5279	-22549
-10371	795
-1748	792
11595	557
-4243	797
-696	797
31774	796
443	797
7925	796
137	797
-613	797
13653	797
-780	796
35090	504
-3646	795
-3357	792
6797	795
-1292	796
-3586	796
-3055	797
-1872	797
-4569	789
-2026	-424
-9413	797
-12232	797
-2511	797
-3207	797
11457	797
1307	797
-4646	-3084
-318	797
-12975	797
-3844	796
-1586	788
-4604	791
17526	632
-14417	797
19044	795
1336	797
1082	789
-8807	796
-14653	795
3724	795
-2211	791
-536	760
-184	720
-8137	796
-9153	165
-2851	795
-2198	797
-13006	-129
-2767	797
-1920	797
-2577	797
-1534	-11507
45317	797
-2558	797
1067	546
-2007	797
-5459	797
-13047	794
24742	775
-9429	796
-11358	796
-2573	795
2268	795
2938	796
-14892	797
15529	797
337	797
-3381	791
-1596	796
14619	771
-4069	793
-11513	758
10121	797
-1983	797
-12275	796
2343	797
863	-8144
-829	789
-13290	795
-2259	797
3172	797
-1146	796
-2486	-854
-2630	797
2842	797
-3484	784
-7	-324
-1032	797
91	793
2754	794
758	794
15845	794
34807	792
-3873	797
-3157	796
-4742	783
-9847	796
-2992	763
5487	797
-6087	793
-11728	796
-3726	797
-3629	769
-983	15
7125	797
3027	753
31443	795
-2306	796
2019	797
-8801	764
-12232	780
-14559	797
3978	797
2097	793
3012	797
-3734	793
-2077	781
-213	793
-6488	796
-3562	784
-7740	786
1035	797
-10829	790
-435	797
-3394	788
3352	351
-4974	796
-10316	797
-3266	795
-238	792
-3607	795
1973	797
2609	796
-2373	796
-13441	797
-2468	797
-759	795
-5050	794
-4800	-6227
35756	797
-12807	797
-4938	797
-13709	791
-1747	795
-3645	793
-1631	797
-12786	774
-4451	795
-12096	797
6228	796
1021	795
-5995	797
-6053	795
-269	720
-3884	551
3592	702
10293	797
7918	786
-863	789
-10974	797
-3755	786
-1828	796
-13699	797
-4280	797
30690	417
-2057	797
-8620	314
-5190	796
-12973	797
-2942	797
-9039	797
-6815	691
-3021	797
-3606	796
-2387	797
-12022	797
-3518	425
-1457	797
-4970	795
-3594	793
-12983	734
14759	797
-7557	793
-4082	797
6283	797
222	794
18231	797
-3282	797
17349	775
4133	797
-3706	783
-12638	747
18811	797
28213	775
3495	797
-5067	797
5145	796
-2265	797
-4554	796
2973	779
-2818	797
-3673	774
-6307	797
30729	797
12719	758
-3390	797
-3660	773
5033	796
-4792	697
-3288	782
-412	797
-14229	-2693
-5211	797
-8956	797
-14514	789
-5572	797
13776	793
-4091	796
8702	760
-8972	796
274	788
-3470	797
75496	785
-5255	797
5835	792
-9320	797
-914	797
18425	797
11843	797
-2929	795
-2947	796
-7006	797
4926	796
-2887	796
-8582	791
670	797
-13587	629
10793	792
-6662	797
-14109	797
-4547	795
-5236	796
7493	-3286
74	794
-1680	796
2831	796
2993	787
-2398	768
3053	796
-4900	795
-1694	786
4460	785
5373	797
42301	793
-7212	796
-2755	797
-2555	795
-4380	795
-6139	565
-1713	794
-4406	797
12134	797
-773	795
-103	797
-2833	781
23484	792
2325	797
2513	574
-5334	790
-1995	789
-2690	787
-2090	793
-2909	652
2777	796
6858	797
-9961	797
-4811	797
-47	-1814
5953	797
-10919	783
-4134	796
-11622	767
6914	784
-11463	796
-1216	797
15738	797
-7022	789
-1806	756
-13493	796
382	723
-9113	797
-5556	796
-2632	797
-4938	795
-5514	797
-11243	797
-5753	797
-4876	796
-11124	796
-8333	797
-3620	793
31774	796
12873	797
-9520	797
-9302	762
16116	769
-12293	451
-946	683
2813	795
13797	792
-8696	795
-3713	796
-3144	797
10198	797
-5992	791
-5139	763
-4513	797
3552	796
7091	789
-6048	797
7862	797
5984	797
-12951	797
-8547	797
255	797
5473	797
-2787	797
-2011	761
-2241	760
2841	790
-561	797
6832	439
2037	797
21043	796
15647	796
-4415	796
2092	797
-3696	797
1097	751
-5006	786
-3062	791
-2907	791
-5122	792
16902	797
-4612	790
-15140	793
20299	797
-12068	790
7248	797
817	796
-273	797
-11367	797
-1597	797
-5263	796
-179	797
-7392	793
-4353	797
-2024	797
-3816	797
-7582	796
41297	796
-6620	758
11135	797
-7898	786
3729	797
-2686	797
-7387	791
-3114	797
-4697	797
-3484	797
986	765
-12489	797
3359	-2949
-2281	791
20318	797
-309	788
-6991	793
-13927	-3190
-5216	796
-1889	777
11319	797
-3179	788
1596	797
5389	794
-295	796
125	796
4388	797
-1567	797
-6809	797
2671	794
-5221	691
-2388	795
-11015	795
15487	739
5324	797
76	-14640
405	792
-4562	755
2546	797
-1494	791
-2393	796
-13538	784
-1133	797
6476	796
-12444	797
4031	-125674
-15832	789
-8362	797
39833	797
16670	772
-9921	788
-7217	797
-3355	797
-6812	797
-3175	727
-4423	781
31	797
-621	797
-1891	797
-6044	785
-9674	762
-5210	797
-3207	613
-1047	793
2089	797
-6121	797
-1633	797
-14566	783
25420	797
20691	797
-2838	-4155
24877	795
-4769	784
8794	797
-7928	797
-2296	797
21233	797
-9409	796
869	797
-2912	353
-3287	797
-7670	796
-1844	796
-4960	114
6460	795
-1901	797
-659	797
6432	796
-2001	791
1008	766
-2052	797
-2137	797
31229	797
-3405	797
-4781	796
-9136	797
-4235	797
-8855	773
11462	796
-6239	-2372
1703	-6991
-4897	797
-2361	797
-6052	797
-2904	797
-3245	784
-1327	764
-1789	749
23430	797
-5627	797
25542	796
-3758	791
7153	797
-5568	688
11292	-3168
2479	797
37488	794
-1848	790
26475	795
8857	797
18973	797
-10009	794
-9051	796
8178	797
-13345	794
-4528	781
-3563	797
-4702	797
-1417	793
37116	797
-8006	796
-10520	797
-5267	163
-2293	796
-3733	795
1046	757
-2985	797
1675	794
-7793	389
-269	796
6937	772
-1745	796
26920	797
-9269	796
-3034	797
-13713	791
43338	797
7791	797
20895	785
20271	782
-10536	796
-4609	387
-3006	795
-569	753
-2140	794
2426	797
-11616	796
-9391	797
-13915	796
-4382	794
-3720	792
8359	797
2660	797
-775	797
-3158	797
1037	797
-2243	793
-11679	556
9265	797
-8299	797
-1552	787
-11227	796
-3154	797
-5589	796
230	789
-5699	797
-327	793
-1575	797
-4036	797
-5001	797
8741	65
-5638	797
-3192	797
-7175	797
-3300	797
-6940	-64274
-3252	522
-3812	797
-5119	797
4020	797
-2117	725
-3554	797
25002	796
-4567	797
-6045	797
4565	795
-13441	796
16855	-2943
35977	796
4007	793
-9385	586
-8045	797
-6894	797
17345	797
1111	797
-2714	741
-3957	797
-169	796
18047	672
-2857	793
402	796
-2144	797
6249	795
-10673	797
-2843	797
-2508	793
1354	797
-7048	790
-1066	755
-10921	797
3580	678
-1023	792
-4604	793
8179	797
-10191	720
-2479	796
-13327	797
-4303	797
-2449	797
3591	797
13861	790
3142	795
-2752	797
-4549	797
-3755	797
-3243	794
-2397	796
-4920	791
-1393	779
-27	-91652
7556	797
-4770	796
-5594	797
-4385	795
-1960	797
-2743	793
40148	796
-5814	795
-5701	719
-4053	796
2072	792
948	796
-3213	795
-3904	795
-797	796
-5043	797
10915	-12582
8680	797
-9501	796
-6616	797
31794	500
155	797
-1876	790
-3098	-68276
-3348	796
-1980	-983
3564	797
-14254	797
-7972	797
3241	778
-14636	797
-3482	797
-7039	789
5584	796
697	797
1599	792
39462	795
-8642	795
28624	797
-2796	797
4332	789
10740	766
-5520	795
-3629	790
8548	610
-2376	795
3236	797
-2176	797
-5594	776
-11909	796
-6085	788
38	782
4308	786
-6340	797
-1154	796
-5076	794
-5798	797
25618	705
8551	797
-3713	797
1181	797
9054	797
-2363	791
-12073	791
-10641	796
-1150	797
46774	797
1464	794
-417	797
-3866	796
40266	796
-2797	796
4579	797
-7911	796
-961	789
29891	794
15043	796
2393	795
-1256	797
5470	796
-14425	794
-2622	792
31196	797
-2660	754
-1028	797
29769	797
3352	794
-1788	797
15535	-1779
-2491	797
-11948	781
11450	796
15567	797
-10892	792
-1721	796
-9271	797
26531	788
-3293	796
3106	792
3146	797
5314	715
-9097	603
-12641	796
-9496	796
-4191	646
-11292	796
2054	797
-14569	797
1279	103
-2657	797
6901	795
-10734	797
-8581	797
-11760	789
777	797
-2119	771
7	796
10306	767
-4886	795
-9705	797
-444	797
-4737	-33551
-11922	797
2357	797
-1846	773
-1847	796
17076	797
2225	796
-4493	406
-9959	793
-15190	795
11089	797
-1961	797
-6556	789
-1849	789
-5171	789
-12579	797
669	797
-3642	759
-3580	797
25069	683
-1841	739
-5382	797
-4351	797
8399	797
6574	791
5247	797
26171	797
-9947	797
-4541	797
9430	796
-2457	797
-1901	797
-1306	797
9196	796
-4037	790
-5191	796
2329	796
-3665	797
3239	797
35475	795
-3684	782
-5805	796
-1677	796
-3875	731
4551	797
-12378	796
16143	683
1904	797
-12331	797
-2042	797
-3851	659
12202	797
1552	797
-1707	797
7737	794
-1296	642
-4117	797
9213	797
22074	794
4962	714
-5972	787
-2856	-3203
7483	797
-1350	797
369	797
3437	797
7472	797
-4652	783
-4079	792
14895	792
-4136	795
-6271	788
-932	797
36478	-6585
5651	796
-8958	786
7091	797
-4441	769
-6848	554
-2600	794
186	778
-11435	797
4240	694
-3630	796
-2337	797
-11334	794
-13850	797
-6216	372
-3038	766
-5587	769
-857	797
24762	796
-1520	795
-4617	788
41547	-90666
4020	796
-3899	-2024
14784	796
-4050	797
-5312	796
9539	790
-12467	796
-3635	771
4478	796
-12709	797
32811	446
-7446	795
-12706	797
-11634	760
-4176	-186712
16692	797
-6939	797
4422	797
-1108	784
-13000	796
-3708	795
-7185	797
445	761
-15062	792
-3526	796
48958	796
-2325	796
-3711	794
-2964	797
1897	797
-4596	797
-12289	797
-7594	797
-7050	797
31913	797
-2507	794
-5117	797
-6271	795
-10526	720
-6236	619
-461	797
2444	-46
-3415	797
838	795
-4842	797
-4166	796
40425	796
-14102	797
2136	794
1613	787
27885	790
167	797
-604	797
-4117	797
-3667	796
-7866	764
-14221	788
12743	796
-3881	794
16672	793
16013	795
4727	795
-905	772
-3125	797
-707	796
6327	797
-1629	792
-3565	797
-12841	797
-1091	790
-7476	797
-12437	797
8439	797
-9167	797
-2237	556
2001	796
-2810	793
-1725	796
891	797
-5070	797
-9467	796
-10900	784
-7250	797
13487	665
-2170	795
535	797
-14106	796
-7578	795
-1337	797
-3869	793
-2603	797
24378	793
-4754	-4466
4734	796
-1918	789
36123	796
-3453	778
-4662	795
-3353	797
-10216	732
-2589	797
1121	794
1226	797
7072	797
14414	708
-3470	797
-6420	796
-5846	797
-11074	797
-9374	790
26264	797
-13056	775
-3804	607
20358	205
31254	736
-2515	795
-2614	734
-3586	797
-14294	797
-7351	797
7707	768
-3907	797
-2264	797
-5073	796
-2782	796
-52	797
-3845	795
-9188	797
-2483	-525
-8778	797
-652	797
936	797
25754	797
-2975	795
-4268	797
-2216	789
-6566	797
-4881	797
-1257	796
-3287	794
-4228	794
-2388	796
-11694	784
-3186	797
-1233	797
10626	795
20230	797
15017	797
-4705	789
-1685	797
-3280	658
-3039	-20570
-7511	797
-8124	797
22205	792
-2770	796
-3824	797
4866	797
-14547	797
-1825	797
3435	259
-13302	790
-5869	796
-7597	797
-8544	797
1812	797
-5064	797
-3032	-22869
-1491	797
-3903	797
-919	796
-13952	749
-3974	797
13667	796
-3224	796
-679	796
5499	794
-13070	796
5357	797
-3751	789
-8611	797
4308	405
27254	771
10872	795
9118	796
-13633	797
-3181	796
3554	796
-2692	673
21369	725
-2763	796
-14071	797
-1426	797
-13686	-3717
-6307	796
9944	797
17869	796
5087	777
-5676	788
815	-3400
-1972	796
3004	796
-1740	797
2545	797
-2968	797
-7058	797
-4613	770
29950	796
-3089	796
-3363	789
-3629	797
4691	782
2527	797
-6961	793
-4402	796
-969	797
12472	735
29222	761
-6091	-27936
-3007	774
-3206	796
-3965	795
-3320	66
-1457	794
-1687	797
-2629	797
-6491	796
-1998	797
32408	795
-2528	795
15797	795
4489	796
-2824	795
-3229	794
-1439	794
29	796
-9315	792
-5783	700
-7816	733
11087	793
-4378	795
-2375	773
-1074	797
-1348	785
-13295	785
1083	796
-6037	796
-4258	786
2492	796
-1762	797
4081	315
-5707	796
-3320	785
-15700	797
-8676	746
-2521	744
-2371	797
-3535	797
-379	797
-3195	797
1885	796
88	796
-2495	772
4268	797
-1986	797
-3902	797
-7969	797
-552	414
3961	797
-11023	231
-13899	795
-8214	797
-2077	797
-14152	797
-3904	797
-5749	797
-5406	790
4990	773
-3744	796
-8639	797
-7266	-8354
92	794
1093	796
-7848	797
10152	770
3300	594
-12321	797
18278	797
9753	772
-2372	797
-6258	794
-3652	795
-5368	796
-887	795
28271	797
-2733	794
-5251	794
-1720	762
4151	791
1989	796
-4622	795
25623	796
-8279	672
-2296	789
-3069	787
26712	797
-8780	797
-1863	793
-4935	787
-287	797
-3262	794
-4221	796
-4841	797
-2757	602
-6903	797
-5408	787
7909	797
-10637	-22353
-7369	413
17551	797
2477	786
-2203	796
-13336	797
-7038	797
-12023	795
-6126	792
-10586	793
108	796
1440	776
-7065	796
-2777	786
-5730	797
-374	566
-4209	738
19351	794
-5017	794
-2909	797
-1791	788
-8962	794
12940	797
2862	796
-5123	793
-5383	797
-4511	794
-3504	791
-4963	760
15961	797
-2227	795
-11560	797
-876	797
-2324	781
-4477	769
-9571	796
-2601	795
-2668	797
-522	-3634
12389	796
-10429	797
4193	797
9341	797
-10561	797
-11032	796
5465	796
2477	-5144
-4950	793
-954	795
1309	738
-1977	7
-3512	780
5041	789
2256	797
-13679	726
-10985	791
-3208	797
-2490	789
18601	791
-7067	793
-5389	-15396
824	796
-13083	750
-3022	780
-13481	797
-4075	652
-12103	797
-2742	796
15984	797
-7659	797
-3339	797
-32	161
-4812	797
-3500	797
4939	797
-2385	797
1913	719
73	797
-13764	689
-4667	795
-3042	761
-5256	790
-3925	795
-2221	797
8274	785
-6431	795
15716	796
-4025	797
-4460	783
-5988	797
2422	797
-2695	735
7	670
6929	792
10080	789
-5978	797
-996	797
-4883	796
-8193	797
-5179	795
5420	796
-2428	789
-1004	794
-2976	796
-7515	793
-5679	-219
3434	796
1890	797
1938	-225927
-2333	797
-7413	797
-11417	795
-6258	794
7062	797
-4846	774
-4270	794
3871	796
-1621	797
-1449	797
-1710	790
-5803	796
-3047	797
-1082	786
1084	797
548	796
-1456	797
11573	797
7940	797
904	797
5030	797
443	731
-13998	793
19050	796
-944	797
-549	797
-4266	595
-5692	789
-3019	797
-2012	787
-1574	796
1692	793
1119	795
-1780	796
-7033	797
-1829	796
15970	796
30599	797
-2176	796
-15155	796
-7018	797
-3368	795
-13118	795
-4697	796
-13038	797
-865	797
12571	796
-6093	-2879
-940	797
-11859	792
11114	797
1021	797
-2534	797
9246	797
-2650	747
33	797
-4448	796
-8046	797
26931	795
992	796
-13102	797
-4743	683
-3295	797
-5640	797
27029	49
9446	796
-4429	797
765	460
-11950	796
-5140	697
6289	797
3005	797
29962	794
-3806	796
-10551	796
2643	795
23979	796
8018	678
-11916	797
-4470	795
-276	796
-2747	797
-12058	795
-11906	797
-11368	797
-6258	457
-1920	797
-2930	749
-2965	791
11391	717
-3836	797
15267	792
2027	797
-1961	797
15346	797
-11184	754
-2123	9
-1998	797
-7585	-283
7566	776
8369	794
24971	-430
-9216	797
-1060	781
-12854	797
4551	-1368
-3488	797
-710	797
-2854	796
-3045	792
9426	795
-5690	797
-1661	80
-1065	795
-1930	796
-3409	796
-8850	671
6956	772
1054	797
-2877	789
30117	496
1991	796
-2956	795
-12106	797
6384	797
-3221	445
1882	797
-3400	797
-2678	797
11426	796
-6237	797
-13289	797
35833	-100
-13371	793
-3004	783
4437	307
-4028	792
-13568	797
-915	797
-1847	797
10131	783
-1423	797
-4435	797
7394	786
-3105	792
-7705	795
-3681	795
-3305	797
-2713	797
-2806	778
-1445	795
-8083	797
18635	797
-4860	472
11144	796
-11414	797
10840	797
15202	796
-10587	795
-3629	797
-2229	777
-1539	792
-3240	797
16531	790
-6685	796
-11319	797
-1138	797
33630	796
997	792
-12580	511
831	748
-6135	797
-2825	797
-2986	797
27069	758
1182	797
-4602	390
11314	790
-3728	797
4948	550
-8650	792
7824	796
-4572	787
1381	726
-3037	217
-3387	498
-12273	797
-9625	797
19370	788
-2439	131
-9223	-3032
-3823	797
1765	747
-9874	-258
-12789	797
-8319	797
-7766	777
-3558	783
3333	797
12245	796
-2748	-376
-2100	767
6581	797
-2784	797
-4477	348
34717	796
-3503	760
-7884	789
-1806	797
-9081	796
-4118	797
8359	797
21074	786
-2900	797
-1611	793
6706	797
1538	795
-3303	795
2659	796
20788	797
164	795
-716	796
2704	797
-1901	797
-2782	797
2146	797
-4941	797
-3692	624
-3660	797
21773	795
-5632	796
-14308	797
47984	795
3697	796
-1458	797
-2160	797
-12654	797
28867	789
-7219	797
14292	-198960
12486	794
-5610	788
-5179	796
-12272	769
-537	796
-3454	787
-6146	795
-5609	797
-4031	785
-9324	619
-218	796
-4127	794
-275	796
-11494	796
-13355	797
36809	796
-2250	795
-9561	791
6287	761
9981	797
-4133	796
523	797
1317	790
-14085	797
12181	797
-3588	793
-2212	784
-3372	797
-4986	630
4833	797
5125	797
-9542	796
1611	797
-2508	797
-10239	793
-4959	796
-13811	796
-2972	756
-14641	794
-11203	795
-12801	-5848
32778	795
14011	734
-3783	796
-1967	796
12945	793
32085	797
-3281	795
-7563	797
-1467	-5636
-9772	794
-7503	771
-6350	797
32376	796
11193	783
-13148	793
-3657	796
-3319	788
9294	794
10319	793
11112	470
-2621	62
-1218	791
-4480	797
1855	797
5244	797
-1668	498
-2224	789
12253	790
-7014	797
-2685	791
-925	797
-14960	794
-4162	797
-12604	796
8572	771
29760	788
-3865	797
-13506	796
-1782	796
15145	797
-4189	796
-2738	796
-5285	797
3400	797
-4660	718
-12271	796
-3045	795
-1993	796
-3096	797
8013	772
11936	796
-5622	751
-52	797
1453	796
-12924	796
-11529	797
-3217	796
-5471	796
-8717	797
-54	797
-12628	255
7591	797
1350	797
-8090	794
-5731	779
14381	796
1391	794
-2560	-274
-4631	786
-2048	793
-3107	764
-2285	793
-2410	793
-1604	797
-1407	790
39877	796
-5145	796
-1253	793
-10261	796
-1966	797
-4729	797
12768	790
-1242	778
-3887	796
-10767	788
-5105	795
-3953	797
-2096	795
-3333	796
2285	762
20506	756
-1348	797
-7547	791
-4483	791
-12462	386
-3746	797
132	797
7547	797
-2346	796
-3169	785
18828	796
-2602	-6
10933	797
-2015	796
-4027	779
-10301	775
-9265	-165508
343	796
-1485	794
-1875	788
-10061	797
-10688	780
12777	795
40579	789
14231	797
699	761
2272	795
-4504	787
-2495	770
-3195	797
-8198	795
41522	793
26068	796
2038	773
-4693	797
31417	343
-822	797
3455	764
-7475	797
14996	707
-2147	791
1690	796
9360	794
22026	797
-16438	-1568
2548	756
-6410	642
40614	797
-1432	787
-4318	795
-1922	791
4006	790
5349	795
-4341	797
-3654	796
-3720	797
426	-8118
-1632	797
-10422	797
9219	797
-2089	797
-3713	794
-5082	791
-12924	735
-4573	789
20994	797
-2076	130
-1701	797
-2509	797
-3334	797
-12594	797
-5973	792
-793	796
7219	794
137	796
6638	797
-14185	797
13994	795
-7523	797
-8078	796
-9110	797
6761	789
-4231	797
-2554	795
9884	778
-3121	797
-5915	792
-863	785
1662	796
-237	796
-2714	794
4035	780
-9352	797
-5054	797
-4113	796
-3433	797
14187	797
-13106	789
-655	797
-2993	797
-11032	797
-2774	797
2787	797
27358	797
31199	797
-2500	796
-27	611
137	794
-2656	797
-3870	796
-2242	797
18053	796
16492	794
-10999	787
-2921	797
-4988	795
1856	797
-5908	797
-9852	796
-2940	797
-4242	797
-5885	797
-10147	797
-4477	781
-2814	325
7086	759
-7560	795
-2927	797
483	791
7778	797
-6653	796
-5699	797
-8311	797
-1719	796
-2580	766
-2854	797
-10896	797
-3111	797
-4696	792
-2294	796
-7488	797
2588	783
3488	780
-1385	792
-4588	797
2028	797
-2941	797
535	586
-2619	796
37777	792
10928	797
5021	793
-3315	797
-2983	797
-5019	797
-5696	796
-4864	797
-1479	797
3133	797
-14687	796
25509	797
-15274	794
-1125	796
8481	797
17871	797
13078	797
-3410	797
-5516	796
-2998	119
-2391	688
39387	649
-9133	797
1455	-196545
-2231	797
-6531	797
8825	794
6051	797
-3092	772
-1480	775
9268	796
22465	797
-3034	797
-3844	794
-2699	795
-4737	755
-1413	797
-2358	665
-5843	787
-2601	794
7781	797
-2498	745
21453	650
-2413	280
13323	795
28023	797
-4431	797
-1786	772
3392	797
-3108	781
-4041	-225674
-13526	-301
-3968	789
23840	789
-9265	796
-54	797
-662	796
8135	797
-12587	797
-203	797
-3940	797
17792	552
-3641	681
-11395	797
-2129	797
-5767	796
1582	797
-318	792
-2778	797
-2118	593
13497	797
-2890	797
-3732	796
-732	-120
-9722	797
-2570	-7385
5357	797
11769	788
-6964	779
5054	755
-2570	513
-1786	797
-9674	797
-1762	797
18652	796
-6455	794
13745	797
-2208	789
-477	797
10250	797
-2910	796
-1862	700
9554	669
161	716
-2799	797
-9583	797
-6483	792
-2676	416
3968	794
-5204	795
-4901	797
-3317	791
-954	450
-3214	795
-10452	797
-3385	793
-12706	797
4608	-1583
-2786	795
5059	796
316	797
-4921	796
-3037	797
-4731	797
7576	734
-11720	797
-664	-2666
-2430	791
2246	778
-24	784
8	797
-4120	797
22403	797
-3883	797
1883	797
-160	797
3498	793
-6331	797
280	797
2848	765
-3689	790
-3292	789
3182	792
-2679	796
-15669	787
3762	795
-5310	794
-7524	722
-4674	790
-3368	749
-2443	797
-2688	796
-1495	790
-1457	796
-3836	-574
1001	797
-8102	797
-9768	797
8503	795
15270	797
2057	797
-3156	797
-7234	796
-4265	797
28725	796
-188	796
11523	797
1574	797
-2354	767
-3886	632
-2886	797
-2964	722
-4187	797
-6158	797
-2520	797
-4516	790
-1408	797
1815	793
-1058	797
-2721	755
-2010	718
-4259	788
8565	796
-12555	795
1975	797
-9091	797
-2845	797
-2516	797
4606	793
-3448	797
-12274	796
-2396	797
-4129	784
-5811	797
1098	797
-5984	796
-1836	779
-12867	797
-4682	796
-486	-2503
2758	795
-3001	797
-6172	789
-4956	797
-1944	797
-4581	797
-2313	795
-14353	797
2269	797
-5558	797
-3126	797
-4296	797
-3548	797
-2001	-611
8990	797
-2158	797
18741	797
-7113	777
20761	797
-2816	794
243	-5830
12107	797
173	797
3374	738
-2369	797
-687	786
-13440	797
41793	796
-5051	797
-3334	795
-8100	796
-10121	797
-9790	797
2205	788
680	797
-4051	797
-4577	773
-1981	797
-2082	790
-8734	275
1050	797
-7504	749
4726	794
-11610	793
-1602	797
-3148	797
-3200	779
-14809	791
33287	796
890	796
-8939	794
-5741	796
-5115	756
35371	797
19004	797
-794	596
-2306	579
8287	794
-4431	785
9055	797
-6411	797
-12470	797
-5172	797
-3330	794
4918	795
-6682	427
-454	797
2033	797
-2312	768
-2869	-3208
-2740	797
7749	797
737	770
-4779	707
-2400	796
-3377	797
-3158	797
3956	791
-3125	792
-2841	795
16479	797
-8639	797
5172	797
-6415	797
-4104	796
-5668	796
6418	796
-3753	797
-1890	789
-3763	792
-3892	796
-3559	789
7290	791
-2439	797
3266	797
4579	-2427
-5475	797
-12154	789
-4168	797
-5047	795
-2004	538
-11505	784
4326	797
-6640	790
19444	782
5014	797
-4682	797
1926	797
37	795
681	796
6314	797
-4064	797
1255	797
-3365	795
-3049	796
-299	796
19365	796
-10641	796
-9051	797
-2681	791
-13014	783
-11745	797
11414	797
-2811	797
-3409	797
-10068	796
-10283	795
-82	795
1099	784
7799	797
-4269	577
-12710	770
-125	772
-11414	676
7247	797
-1863	797
-2414	596
-10115	772
12952	797
14339	791
-8220	795
-1190	766
14000	151
285	761
-2529	796
-14077	795
-6381	797
-11578	793
-2097	797
-2664	797
2569	729
-15295	23
-11784	795
-1594	786
-2960	796
37584	797
-14292	792
29560	797
-1473	796
-13631	794
5622	797
-4747	797
-4606	797
2196	797
-12438	796
-12076	795
-3446	796
-490	767
-1902	745
-11833	777
1872	796
-21	790
-11145	797
-5325	795
1897	794
2324	796
-5508	795
488	797
-14262	796
44150	794
9864	796
-2601	797
-13795	795
-2810	797
-1762	796
-3704	796
-2261	797
-4065	797
11994	797
-3282	796
8081	795
21135	785
-9827	797
-2915	766
-6069	-6737
540	787
-6365	796
4969	779
-3716	793
-1933	797
-11128	797
-3166	797
-4508	796
-13953	797
-8326	797
-3190	784
-12739	797
1876	797
-8434	795
2836	796
5258	797
23415	797
-1679	796
-3108	797
418	622
-8555	792
31171	792
-2537	791
-2694	796
33022	797
21696	796
-2576	-3388
-10735	797
5404	794
508	795
-2496	797
24228	797
1146	741
-12112	797
5806	789
-1350	757
-4248	796
-10026	797
-4597	795
6873	791
-3615	797
-8203	797
-3251	796
-3384	796
7361	796
-176	797
-1534	796
-5103	797
4992	797
-1734	780
-4178	797
-13047	797
-2879	797
4478	793
6521	796
-4067	790
3754	779
-5913	797
-953	-676
5900	-12
-3347	796
-2854	797
-1481	794
6636	795
-12326	797
-9926	796
461	795
-6099	596
-3109	794
-168	796
-2095	797
-2533	788
-2394	797
45	191
-282	796
9369	797
-2878	793
-8568	796
11799	795
-10343	797
-1409	791
-473	797
-167	797
-4230	794
-6033	793
-3279	795
-5570	795
-7645	795
1491	792
31699	796
277	797
-1983	797
-1549	731
-3382	791
469	795
23976	796
477	683
-3955	791
-3875	788
33616	797
-9562	797
-5839	796
-1506	797
5898	797
-4908	771
-701	797
-2273	797
-5133	797
-1679	797
-4834	762
-1930	716
15444	797
-3768	794
18810	797
-3436	791
1723	797
-2049	790
-1000	797
-12537	797
1081	796
-2457	796
-4005	796
-6974	614
1201	796
-7481	797
-3127	797
19438	796
30021	796
3833	797
1193	796
-9186	789
17686	797
-10272	797
1066	796
8327	797
-5150	-2772
-1874	669
30577	792
-3337	796
-2445	797
9716	790
12127	796
-3469	797
-11689	761
-137	797
-11518	797
-4619	797
4425	755
6281	797
3780	788
-2563	793
-8830	796
-9374	797
-5077	780
12870	789
1216	797
1005	797
-1948	797
-4079	-21
5248	797
-9904	-3892
-3971	775
-4404	797
-190	794
-31	796
29137	795
32816	-1240
9796	793
-4253	797
-6699	797
-2320	796
-9133	792
1587	792
-630	794
-4406	791
-5132	793
20277	796
5094	795
1725	797
2881	797
-371	748
11570	638
-3298	772
-1497	795
6695	796
-3048	797
-9694	796
-13824	790
-3619	797
-561	795
22323	796
-6137	796
21800	761
-3555	778
6097	796
-2501	796
-2170	797
-13427	797
-4597	797
-2532	719
34084	795
-3963	-29742
13169	797
-1644	789
-2080	691
7602	796
-6478	796
-1397	796
-12480	797
-3678	-580
-4372	797
8448	797
6383	797
-2995	790
-1561	797
-5250	-84
-4532	794
-9224	790
-3695	795
-2669	797
2443	797
6600	797
-10154	797
6595	797
-6668	796
-2152	797
-2553	797
-1965	788
8791	792
7748	778
-1505	796
-7228	797
-2622	796
-5045	797
-156	796
30163	797
-9157	796
-11693	526
1120	790
-3222	792
-6095	252
-15110	797
-4522	797
1380	797
-8048	769
427	796
-1211	797
4	780
-5500	797
-2981	796
9572	797
-4426	797
2621	794
6278	797
7437	797
-912	793
-10473	789
-445	792
13842	772
1275	797
621	797
-4036	797
-8664	796
-11675	797
-2131	797
-6416	713
-13018	794
-2896	797
-4199	796
-549	795
-4590	753
-2572	797
-12296	797
-5179	797
-3840	796
-1538	767
-2804	793
-4799	796
4133	797
789	623
-5603	794
-1284	718
-11478	797
12039	796
-2505	797
3650	796
-209	792
7734	795
1416	797
-13629	112
9736	797
-1990	780
-15273	797
29901	797
-852	796
28318	792
7803	796
10784	794
-3415	797
10599	797
-13085	797
-4647	797
2237	785
-3637	797
1015	797
-2722	797
-302	797
22505	797
5363	790
-2521	797
23749	797
-15444	797
2958	636
-2819	-1257
-4708	797
18455	-405
4900	774
-6193	509
-7599	797
15143	795
-9896	797
12164	797
-2961	774
-2189	797
32768	793
-1199	794
-3074	761
-2883	797
-9559	797
-2480	794
-14253	794
-6164	797
-10353	787
1744	797
4563	795
-3537	797
7737	795
16186	789
-2489	797
-3489	796
26199	791
6279	797
-2999	797
-6442	797
-6940	761
-3026	753
6768	782
-3963	797
652	796
27725	797
-2216	796
5651	795
-3102	794
-1809	796
-5937	796
18472	788
3626	797
-308	-92251
-2657	793
-486	510
814	502
-6579	779
-1926	796
4933	795
-354	792
2495	797
-4059	797
7843	797
-5396	794
-3022	765
-2985	797
-11363	797
-3086	796
17669	797
-3600	797
-1885	-11045
-1150	657
-8479	796
12606	797
-2939	796
-3492	797
17251	797
-1089	797
-5864	771
4130	797
-11548	797
-12752	796
-3527	793
2032	797
-2982	792
-2755	794
76	797
-2339	437
-245	797
-6826	796
-9977	796
6837	793
275	796
6031	797
-677	796
-13810	797
2021	795
17529	770
-4997	25
3711	780
209	797
-12679	795
-1912	792
-10020	797
9724	797
-1220	788
-4726	797
39767	797
5853	796
13590	793
-2637	794
-155	-411
8779	797
6067	795
-2828	793
4164	794
-4865	796
-6664	785
-6684	794
-8551	781
-8340	791
-442	797
-4812	796
-2573	-17619
-2163	797
7912	797
-5455	797
1388	797
-2597	797
3906	796
15054	-101
-2681	797
26350	797
-6412	797
8599	797
-11986	797
18151	797
-7397	797
-13955	796
33914	796
-5270	773
-3725	789
-3202	796
3737	642
-4367	301
-9160	796
-1548	797
3310	796
1778	789
-6257	797
10590	789
377	797
6984	796
-1720	797
-3540	797
-12875	794
3854	674
-9970	695
2799	794
-3096	797
-6975	796
-4360	792
7358	734
-4187	797
-12674	740
8479	797
24325	796
-2146	756
-9701	797
16451	791
21811	797
-3493	617
-4547	253
-5410	-88
7558	797
13499	797
-3240	797
-4275	795
-3774	797
-2897	796
507	797
-3734	758
8043	796
1137	797
-3166	797
27664	797
2335	797
-3684	689
31112	778
-3490	797
-13982	795
1678	790
-3348	797
2517	797
-1699	2
10434	797
1527	797
-2419	796
-6630	797
-5390	794
-2193	797
-3166	797
31128	790
-2911	797
-3567	797
-12399	797
-4138	789
-8669	796
-2216	797
-7206	795
-12530	796
10575	796
-3861	797
-5158	797
905	797
-1294	442
-1410	796
-4587	788
-2047	780
-13450	368
28111	797
7364	796
1789	797
-2182	797
-2664	793
-7504	797
-2559	781
5711	-12224
-589	451
9920	795
4763	787
32455	788
16369	738
-1548	551
4362	797
-2090	796
36712	797
-13862	766
-5768	797
-3131	790
3385	797
2224	797
20453	796
8192	776
10331	783
1272	797
6925	797
48447	796
31975	797
-3309	795
-824	796
-10443	797
-12993	797
-11413	797
13533	796
-663	795
-3727	797
5644	797
-3591	797
-6582	797
-1232	797
21873	796
-6437	793
-137	797
22364	796
-1722	752
-8000	786
-3466	796
-1399	797
-3185	797
-14658	796
28494	768
-11333	797
-1889	792
-3549	347
-6222	795
3525	797
-1678	797
-3068	792
7202	797
7096	797
-2282	783
1049	797
17539	797
7245	790
-768	789
-2694	796
-4189	797
-2967	713
-10500	797
-3389	792
1989	797
-1502	796
4271	797
-3829	-22007
-1520	796
-3802	797
-5082	796
26758	501
-4362	793
-12087	792
-3552	796
-5891	797
-2376	-3576
-9348	623
-1002	794
-4013	797
6396	796
-3443	797
6806	797
4714	795
-4844	793
-1679	797
2585	795
34517	796
-6166	788
-3414	700
-3367	797
-957	797
-663	-1172
-1222	797
-3747	795
6453	797
-12350	797
-189	796
-4088	795
-3706	797
-5361	785
775	796
-2937	797
5448	797
-9745	795
-2245	780
-11754	794
-5609	797
39820	794
3864	-2925
-8734	793
29502	796
-2685	795
-764	786
-6100	791
-3614	796
12062	795
-3430	749
-309	797
-4011	715
-3078	796
1972	794
-3844	790
10098	797
-3659	789
28397	734
6557	797
-3354	797
19523	780
-4558	793
-4433	796
-2204	789
-3959	626
-3027	797
-8486	787
-6781	795
9635	795
-2631	796
-13166	797
-394	793
-5952	796
-6516	797
19435	789
-4046	797
-6782	788
-2000	786
6810	796
1526	794
39613	791
-5769	796
-4736	781
-3790	797
15717	797
-4022	796
-3310	796
-9660	646
-5218	789
-2783	797
-2815	505
-5656	218
-2459	793
-1615	797
4330	796
-10784	794
-3347	797
-3585	791
-780	797
-8154	795
-4252	797
24612	769
11615	797
-3271	706
-6688	601
-2124	797
-5750	797
-3890	793
12320	796
23298	794
2238	797
-6374	-2145
-11117	797
2873	792
-3325	797
-3088	789
-2696	767
-12967	797
-448	789
-3582	795
-330	797
-2558	796
-13033	792
-2678	791
-2956	-10125
476	674
-4211	792
31094	791
-3259	796
-4981	797
-3775	796
4491	797
9775	767
737	792
-1907	797
22854	797
41115	795
-8313	509
-2260	783
-12343	786
477	789
-1326	795
-1896	789
-14516	789
-8321	797
-2934	783
-3195	783
-978	772
2081	796
-3817	797
-4157	795
-3146	796
11462	211
3160	796
3106	797
1537	789
-2628	797
20815	797
-5848	796
-11238	796
-5189	395
-1675	797
-3720	795
-2972	789
-1497	790
10303	794
1839	797
32446	797
-2994	796
-10439	795
-9003	797
29747	794
9454	797
-2440	349
5258	796
-2557	796
14733	796
13576	795
-7113	797
4263	797
-11502	796
-3664	795
-6697	794
614	797
6129	734
8618	797
-918	797
8443	797
-1179	791
-2209	797
-2398	797
19109	796
7637	797
854	797
-10719	332
-282	797
-11051	279
-4492	797
-3956	797
-768	795
-305	797
1466	773
-3232	797
-5924	-2344
3051	797
-5220	797
18800	796
308	797
-12919	738
-188	797
-4574	776
174	796
-14262	797
8537	797
-5593	796
-658	765
-13688	797
1174	797
-2620	797
-5106	794
2724	789
-4291	797
-2587	795
115	791
-3292	711
-5672	-788
-3620	796
-2332	791
249	797
-10631	797
-8782	797
340	797
7074	797
1950	720
-12152	797
46767	797
-10787	797
-2074	796
-1961	796
-3904	774
-13904	789
-1826	797
20603	763
-2422	797
4104	647
31026	797
-11277	651
-4460	772
25460	794
-10879	792
-4138	796
4593	797
-1894	797
-4072	797
11826	795
29812	793
-5266	797
-3636	796
-3189	796
-1475	761
16389	790
14460	-443
-12939	797
-10414	797
-11755	797
-5603	797
-5438	797
2279	797
20876	797
9649	781
-9846	733
-4626	605
7752	796
-2645	797
-1128	795
-3715	797
1594	423
-3088	680
-4236	795
-4322	796
1554	797
41135	795
1035	797
-9699	796
3928	729
9676	797
-3501	797
-953	797
-8038	792
-1879	797
-677	797
-6194	796
-8538	797
475	797
-1942	-1274
-3147	794
1107	797
-10652	797
-416	797
31332	796
-365	752
-9047	797
-3861	797
-8892	791
30259	797
4095	796
-594	797
-627	796
-3250	797
-2376	576
-6688	797
31971	797
21927	797
-2815	797
-336	797
-2245	797
-6498	797
-3642	792
-13760	791
1287	661
-1620	289
-4226	794
-2379	797
-1730	793
-13915	790
-790	-956
-12987	797
-2602	796
-3901	784
-3057	785
-2741	797
7676	796
-5697	797
-13040	797
-2499	797
413	797
5636	792
-8658	797
-731	796
11757	754
-2028	796
-11900	797
-2576	793
-4247	-2285
659	792
13707	796
-3993	797
12651	-42998
-14345	797
-551	796
-10583	739
6624	789
-8778	693
-3099	769
-15933	797
-6541	797
-3210	797
358	778
4412	639
-2839	796
-1979	794
-2581	797
-2688	796
-11790	725
-609	796
-5001	797
-564	761
-3196	685
-2669	797
-3221	797
-4423	796
10698	792
-1013	797
-783	797
-14245	790
23798	-4613
-248	-623
2661	391
-9483	789
-9329	796
9680	797
-262	757
-1109	-410
220	797
-3967	790
477	763
-2118	797
-947	797
2455	785
-12714	794
-6274	797
-2022	796
-3621	796
-2108	787
-7925	797
-6930	779
-12022	797
-2407	796
-2413	797
4388	797
10080	791
5854	796
-3746	797
-14770	797
-4735	792
-2995	797
-4248	797
10753	777
-8132	797
-4428	797
-6855	797
-13003	797
15300	729
20413	797
-5560	784
-1419	796
2315	-10665
-3948	797
-868	797
1503	796
-4031	796
-2886	788
-5030	758
-14912	797
-5854	797
24167	796
-3192	-1534
-12696	797
11716	796
7265	797
-980	797
864	789
-4629	-1673
-8508	792
-2960	796
2221	796
-6916	797
-8890	797
-11183	797
-3246	797
-1406	797
6102	793
7095	770
249	797
10592	793
-644	797
844	796
-1493	796
13223	797
-9296	797
-8963	796
-5152	744
-4515	797
-2857	621
3052	786
-5911	797
-4539	709
1541	797
-6188	788
-362	797
-2163	797
-1365	797
6517	766
-12075	797
-21	797
-4238	796
-1972	793
226	797
-1043	797
27196	781
-2493	797
-2488	797
-4186	796
-4807	797
149	797
8526	797
-3193	797
5281	797
1404	797
-2161	797
-5332	790
12768	701
-3907	796
-7312	797
30606	797
14913	678
-3199	796
-14359	795
481	792
-3724	789
29714	797
-1843	796
-1651	796
-13572	796
31826	797
5042	797
-2143	794
-2024	797
3339	797
-2043	795
2807	797
-5380	796
-13171	796
-3157	794
-1989	796
-4404	773
-846	797
-14147	307
-3085	797
-10657	797
-8500	794
2106	796
2303	797
-599	793
-10300	796
-1931	797
14939	529
501	795
1382	790
-3396	797
-4418	797
-4595	797
-10928	797
-13602	797
-5811	335
-12405	797
1702	-20479
-1034	797
-2193	797
-9352	796
-1689	775
-7897	797
-4976	797
-3100	757
-6173	795
-2791	-2735
-2844	795
-842	790
-2710	797
-3389	795
-2820	789
438	794
15682	793
30831	797
-5545	795
21667	796
-1541	796
35681	797
-4709	797
-8159	797
-2105	795
542	797
-3034	797
-4176	797
-4839	388
-1618	785
10309	765
1359	758
2465	796
-9876	487
-10396	769
-9668	791
-2815	794
7155	797
-1161	651
-9027	785
-1824	791
-1450	797
-2704	796
38267	795
1420	795
-3944	797
-3532	354
-3502	797
-12617	779
-3810	797
-3056	797
4148	793
-12787	787
25382	797
-15921	796
-1862	796
-3675	797
-4734	797
-4771	797
18256	796
13711	575
-4811	730
-7866	797
17837	797
-6153	746
-4435	797
-9982	791
9241	796
-11695	796
16049	555
-3623	791
133	796
-3234	786
6113	795
-4073	797
-2368	797
-14711	797
3737	797
15004	797
1560	797
12649	796
1540	796
22114	797
10351	797
-5137	781
-5794	592
-11466	792
-5961	797
8723	792
-1943	791
-1168	796
-4198	796
1703	797
-3963	797
-13632	797
-10060	797
-6141	761
30325	797
-6978	-2245
-5401	797
4996	-7174
12072	723
-2927	774
10050	797
-2426	797
-8240	793
-1649	797
2837	797
-3411	797
28694	795
-13622	797
-2062	786
-491	797
-10568	793
2379	797
-3721	797
20964	783
13579	797
9424	797
-3099	-175409
3359	796
-15448	797
17869	797
1567	794
-2809	797
8345	797
-3871	789
36291	797
9140	797
-1125	796
-4948	797
-3135	797
2451	797
-2612	788
-4139	782
-4807	796
-7010	709
-3554	780
-12280	797
21807	792
1482	797
-5812	793
-2829	797
-3991	782
13827	795
-5074	797
9798	793
3306	-274
16785	797
7058	797
963	797
-2310	796
5772	796
-6569	770
-4564	797
24555	797
-1287	796
18331	797
-4499	797
5617	797
-1787	792
-3455	-87
-5261	797
-13826	797
-2936	797
39534	797
-5415	797
31525	759
5893	787
-4402	787
19094	797
-234	795
26882	795
-7643	797
24803	797
278	790
5925	797
8395	719
-3022	250
-4083	797
-8378	782
13952	789
-2024	797
-1524	797
-10212	795
3360	797
-4081	792
-2623	797
-6572	797
3121	797
-4159	794
-9899	785
-5320	787
-3643	797
-13163	797
-7617	797
-1641	793
-2524	797
1946	795
-13557	789
-4146	797
-8668	370
-3196	797
-13476	-2016
-1688	797
-1828	797
-9202	796
-4385	797
-8180	-1949
-5414	753
-6442	797
-8337	793
-6195	795
10160	797
5731	758
-13913	797
-13042	797
-4375	791
6935	797
-476	796
22	796
-3562	797
-13585	797
-6393	796
-2326	797
6663	797
438	796
13820	797
16370	796
4151	646
-2036	795
-12257	796
-859	797
2309	794
-4450	797
38517	797
-758	769
4359	796
-436	790
-2216	797
-4509	794
-4814	796
-6994	796
-3114	-2221
-2749	797
6445	796
-483	796
4275	770
-2371	796
-13726	797
-9371	797
-4245	797
18303	797
382	796
-11639	-5101
-481	797
-3483	797
-1497	89
4271	795
-4118	789
3373	-142600
-3739	759
23455	792
-4926	797
22725	797
5237	795
-1453	490
-7335	797
769	797
-1419	797
3995	793
-9227	796
-4108	609
-3796	796
-2920	795
11878	797
-13698	741
14287	797
15746	797
-4987	775
-13503	793
-91	791
-3834	797
-5967	793
-4395	792
-1364	797
-11536	797
-1890	797
-2672	797
-3855	797
-2152	797
-3353	-458
-12304	794
8318	796
6540	-10698
-1409	766
-4432	559
-607	796
994	796
12557	773
26568	794
1401	797
-1901	797
30035	797
-759	775
12870	797
-379	795
-3546	795
15815	797
-2412	797
-837	796
-6701	788
-9383	743
-4185	793
-3582	797
-11457	797
-3701	797
4186	-2086
-2408	797
-2845	797
-5833	796
-3338	779
4339	794
-8549	797
-5023	794
-635	782
4920	797
-1606	797
-10150	712
-3155	795
-13818	796
-2986	797
-3890	796
4723	795
-12409	797
199	796
-198	654
-2306	767
646	796
-5182	796
-6786	580
-11334	794
-4421	796
3468	797
2476	797
2995	795
-9245	683
-6685	795
-4856	797
9797	786
23445	797
26882	789
1544	797
-1103	793
-8105	791
-1960	796
-296	756
-13268	797
6055	114
4696	797
-796	496
-3624	709
-1385	797
4254	795
5419	728
-4171	797
-227	796
1378	797
3705	796
3574	797
-13118	673
-1016	797
40337	797
-1475	791
6575	797
-3185	581
-3313	423
32782	797
-3976	797
-287	790
105	797
3888	638
547	796
12841	792
5031	787
-2743	797
-2667	795
-1329	797
7986	797
6108	797
3865	797
-14645	789
7049	794
17555	796
-3847	276
42725	794
1046	793
-2361	797
-2700	-6424
-3248	794
5672	797
-2029	797
-559	792
-4893	797
-4263	795
-3183	662
3837	797
-10384	796
-1384	796
-12168	779
4659	797
-6076	796
-4569	796
-4347	795
-10990	796
-4262	795
-1088	796
-1469	795
11408	797
-2180	796
-1035	797
-3515	797
-3527	-8041
-2961	797
8031	797
5391	744
-9569	786
6852	432
-12115	797
-505	797
-2489	797
-4604	797
4939	792
-3233	797
-11904	796
-4384	745
21486	789
7471	797
10586	797
-10709	796
375	797
-2876	795
-3299	797
-2124	797
-2399	797
-3462	781
-3812	796
-1694	797
-6743	797
-4745	797
1749	797
-4133	782
33422	797
9064	715
-2644	786
8063	796
-2681	796
-2841	797
11859	797
-821	790
1291	796
-1169	797
-3032	797
-13227	797
5953	795
-1270	796
-1357	797
17935	797
-1916	796
-9172	797
15151	796
-5874	574
-11661	797
1465	797
-4473	797
316	797
-3308	797
-3371	796
-4632	797
-11630	677
1235	794
3795	797
-4170	796
25545	797
-10634	796
-14050	797
-3354	765
2812	794
-2312	797
-1954	797
-3093	627
-2121	796
-6341	797
-10958	796
-1706	-1489
-2825	796
-1578	797
-1854	797
561	768
-8349	796
151	707
-4402	794
-3682	797
32244	797
6750	756
13520	785
-3635	796
-12780	796
-1779	796
-5436	-1461
-7444	721
-2589	797
5074	797
-14666	-37947
-3542	797
-3481	797
13823	795
39981	785
3220	733
18621	797
37105	796
-13052	796
-949	788
-2598	783
-4914	718
-12916	782
12486	789
-1287	797
-1258	796
27820	797
-3845	775
-5486	796
-1050	797
-2721	794
764	797
-223	796
4668	797
114	795
-2406	765
-7387	796
-1405	797
-2682	797
-4033	796
-2868	797
-1578	788
-538	794
-2964	797
349	794
-401	797
-306	-794
-496	797
-1982	795
-5433	794
-2069	796
-15027	761
1836	713
3201	797
-12385	750
14423	710
2228	797
-2587	797
4263	795
15179	796
-9220	791
-3616	791
6813	797
15813	792
-14509	796
-5189	797
-782	797
-12129	767
-3132	797
24076	797
21759	788
-5064	609
3094	797
1711	796
-4172	796
1701	797
-2795	797
-6211	797
194	797
7658	797
-11894	796
-2658	796
-2878	795
-8163	797
-977	797
-5914	795
-13908	796
10064	797
3559	-495
5723	792
-13805	797
-5497	536
-4762	797
-300	797
1440	796
8928	797
15950	797
-3359	797
-1926	793
-10682	793
-13074	796
9470	786
-2766	797
28319	797
4935	797
-6685	795
-7683	797
21524	797
-5124	793
-1118	797
-2242	763
-3577	795
-8862	796
2108	797
-1399	797
29800	797
11244	797
-3685	796
-2344	797
4361	796
6706	723
-2536	797
7370	797
4302	797
-5090	797
-4151	797
25069	753
-1408	771
3170	797
-1879	797
-1468	796
-3097	795
291	797
-6806	796
-3539	796
1201	792
-5162	756
-3719	-34
-2730	797
24140	234
-760	796
9752	797
-567	796
4977	797
809	797
-294	-1379
-2389	796
-1920	797
-4282	790
-2011	793
6084	797
-3047	797
-4955	797
-8638	797
-5715	794
13876	797
-1108	-417
-2082	795
-3816	797
2874	749
-2265	797
-4565	797
-2855	760
-1441	797
-4929	797
27239	796
-4428	797
232	797
-4784	796
-4646	797
-6100	797
-1500	797
-5906	788
-3656	794
-1843	794
-4323	744
-4045	797
-2693	785
-4167	786
-2086	792
-1449	731
-868	796
14210	-1033
-6857	797
-1691	797
-1028	641
27134	784
6106	793
-2629	795
-10926	797
-2008	672
-3383	797
-3707	796
-3031	796
17633	797
-4823	732
-315	789
-1489	796
-2335	796
-1127	796
-703	797
-3094	112
5002	797
26202	796
2826	797
-5277	786
22601	782
7640	785
-9086	796
10234	797
-12343	796
-3032	797
33249	796
-10742	791
-13570	797
-3925	793
-2302	797
-3625	795
-1987	797
18780	788
497	797
-11476	686
2990	661
12604	677
-8539	791
-6729	795
-4375	793
14640	796
-5579	789
-8860	796
-1913	797
-3512	797
-3189	797
5584	797
-225	795
3345	797
-4921	797
14052	791
-3586	797
139	789
-10385	797
-4035	797
-3022	795
-11767	796
19358	778
-210	795
-5186	790
5209	796
-177	636
6865	792
-2064	796
-7776	796
2939	796
-2274	682
-4259	761
-12365	797
-3108	797
23638	797
-3743	797
-760	797
1813	791
-7766	797
5412	587
2834	789
-2345	783
-5099	785
-7089	654
24	753
-1840	797
-13875	797
-3937	797
-2410	751
27531	797
-3712	797
7759	797
-795	797
-5499	739
-3737	797
2905	788
-2885	797
-53	796
-5139	796
-12107	787
-8143	797
-9130	791
33682	795
-8214	785
-2915	796
-3728	797
8723	794
-11687	797
-9763	708
34839	-701
-9414	796
-3478	796
-3461	754
-5465	778
22538	797
26031	795
-1144	792
7716	511
-5096	797
5067	794
-2415	797
-4545	797
4765	795
-3258	794
-5748	797
-4029	795
-3986	797
-3355	797
-5980	797
-5628	793
-145	792
-2959	94
-2844	794
-7387	796
2767	797
-13042	778
5651	795
30077	795
-3000	796
-15	797
-4381	690
-1705	796
-2174	797
-3185	797
-1781	796
2820	780
-13082	746
-5934	794
-12993	791
-1250	788
-11797	751
-13553	796
-3323	797
-139	775
-3925	797
8526	797
23610	733
1722	650
-2327	796
-11157	797
-1824	673
1897	665
-5124	218
-2474	797
-3394	797
-1972	797
-13416	797
-14711	797
-13716	797
-4491	765
2325	797
-4524	758
-3266	797
-4029	797
1571	796
2051	795
7450	787
-433	793
11418	797
-4789	-412
362	797
969	793
-8790	774
-3904	779
-2316	793
2404	797
31697	797
14453	797
8197	797
-4379	766
-5055	796
26517	789
26972	795
13354	783
3137	796
-3648	797
3330	797
-4569	795
1626	791
-4708	-921
3029	796
-3449	795
10161	795
-12583	795
-14475	794
-12890	790
-5712	-5117
-13451	783
2626	-8719
-5192	797
24302	795
-4252	797
-384	792
-263	789
-3023	596
3520	788
-4332	796
50	791
-2927	797
2696	797
-397	793
-1688	795
1085	797
1092	724
115	754
-11642	731
-895	791
-851	797
29465	793
6805	796
4160	791
-11203	797
-5757	797
-2886	784
889	649
-4769	797
-6752	795
-3720	704
2006	778
