5	-12810
5	-3968
11	27583
5	-4128
5	-5207
5	-834
5	-1877
12	13737
5	-3420
5	-3154
5	-5533
10	28839
5	-4412
5	-3518
3	33522
12	12369
5	-4287
2	29206
5	-3857
5	-6633
5	-5941
5	-728
5	-4759
5	-5168
1	22672
5	401
5	-6756
5	-7975
5	-4648
5	-1248
5	-2612
4	14561
5	-6388
11	33476
5	-5050
8	5020
8	1924
12	13182
8	2888
5	-12132
12	11651
5	1534
5	-6021
5	-5773
3	24202
5	-8741
5	-5551
10	27177
10	32060
10	28729
4	22985
10	23860
5	-2530
5	-8827
4	18267
5	-4297
5	-6847
12	10619
5	-1078
5	-2282
5	-4451
8	8614
12	11927
5	-839
5	54
5	-1314
5	-635
5	-1339
5	-3515
5	874
5	-7292
5	-5338
5	-6617
4	20275
5	-9014
5	-2764
5	-7136
8	1888
8	-16032
5	-3208
5	-2834
5	118
5	-6634
5	-1652
5	-7659
5	-16388
5	-5851
5	-9027
8	8236
5	-21
5	-7550
5	-2
5	-4905
5	-957
5	-1733
12	12906
4	21993
5	-3441
5	-19933
4	19123
5	-2724
5	-3145
5	-485
8	3493
9	3665
5	-8822
8	-6540
12	11786
5	822
8	394
5	-2844
5	-8045
8	-9152
5	-10190
5	-11012
5	-3966
5	-2092
5	-365
5	-1670
5	-3280
8	-10
5	-1647
4	19165
5	-5453
5	-4563
5	-6106
5	-15482
5	-2784
5	-3662
5	-2924
7	9706
8	4174
5	61
5	-1242
12	10375
5	-5837
5	325
5	-1906
5	-2482
8	2092
5	-1472
5	-13484
10	24157
5	-8051
5	-1523
4	19710
5	-904
4	17178
12	11990
5	-5238
5	-5148
5	-1413
10	28465
8	-6159
5	297
5	1237
5	1455
5	-8972
4	16037
5	-1569
3	31039
5	-937
5	-3846
8	4369
4	22306
5	-2408
5	-11442
5	-1650
5	-5885
5	-3638
5	-3736
5	-3243
5	-1332
5	-5583
5	-7829
8	5263
8	2725
12	11382
5	11
8	3477
8	3593
3	25407
5	-21268
5	-3567
4	17967
5	-4645
5	-2603
5	-73
5	-2084
2	32060
5	-3565
5	-2412
4	11730
8	1502
12	5527
8	2201
5	-8963
5	-12424
5	-1792
10	27558
5	-7202
10	30099
5	-867
5	-2181
5	-2446
5	-1785
5	-2302
5	-4838
5	-2925
5	138
8	554
5	-3244
5	-6119
5	-2277
5	738
5	-1837
5	-2187
5	-2362
12	11912
5	-1081
12	11486
8	1573
5	-576
5	-789
4	23488
10	23745
8	5292
5	-3184
5	-7103
5	-3441
4	20045
5	-3717
5	-1926
5	347
5	-3944
5	-3794
5	-1363
5	-1671
5	-14872
4	17295
5	-12032
5	797
10	25909
5	-2161
4	21732
5	-3391
5	-2193
5	-2686
5	-7417
5	-736
5	-11998
5	-2337
5	-1455
5	-2561
5	-1260
5	-2848
5	-4930
8	6134
5	-12627
8	5943
5	-4254
5	40
5	-3086
8	4028
8	5179
5	-317
5	-7757
5	-2646
5	-2707
12	10108
5	1663
5	-1138
5	-1091
5	-1986
8	-8478
12	3765
5	-6303
5	-191
5	-14742
5	-1500
5	-4547
8	2066
5	-6222
8	-11239
5	-3967
10	31438
5	-5136
5	-3739
5	-6211
5	-1893
5	-6211
12	11559
5	-4494
5	-4716
5	-7909
5	-4186
5	-3354
5	243
8	1068
5	-2471
5	-7539
10	24859
5	-5376
5	-2697
5	-2695
10	30615
5	-138
5	529
5	-1917
5	-812
2	25522
5	-11863
5	-4579
5	-7054
5	-3923
12	8005
5	-2623
12	9397
5	-1477
8	450
5	-273
5	-1399
5	-2140
5	-7373
5	-3553
5	-402
3	33933
4	17471
5	-3178
5	-5036
8	3478
5	-8456
5	-5478
5	-933
5	100
4	19702
5	-660
5	-3515
5	-1900
5	-1536
5	-5424
5	-1766
5	-3696
5	-7693
5	-2361
5	-3925
12	12648
5	-3143
5	-7968
10	27669
5	-3225
8	-5353
5	-2590
11	28195
5	-2649
8	-2800
5	-6571
2	18785
5	-617
5	-1439
5	-155
12	10899
5	-1931
5	1408
5	-7748
5	-4094
5	-1930
5	-7176
5	-4776
5	-637
5	-3208
3	15825
5	-19411
5	-12480
5	-4862
8	2441
5	-1581
5	4521
5	-2365
5	-4751
5	-1158
5	-2731
5	-3201
8	1565
5	1320
5	-10944
5	-1174
8	-10945
8	4683
5	-34
5	-14525
5	-3679
5	-3185
3	31911
5	-2059
5	-2948
5	-6806
5	-6307
5	-1711
5	-310
5	988
8	6438
5	-6142
5	-3042
5	-10451
5	-2554
12	11953
5	-1109
5	-3159
5	-3224
5	-11968
5	-5642
5	-2129
12	-4988
8	2713
5	-1421
5	-3667
5	-2146
8	542
12	11076
5	-1744
5	-1968
5	-6391
5	-2087
5	-364
5	-5434
8	1346
5	-6504
5	-4330
10	26932
4	23415
5	-5491
8	4517
5	-4738
5	-2800
5	-7675
5	-4179
8	3420
5	-8166
5	-2602
5	-8101
5	-1641
5	-6119
5	-20754
1	8263
5	-1312
10	27571
5	2025
12	14511
4	21439
12	11448
5	5
5	-1021
5	-8690
12	11409
5	-966
5	-11970
8	5255
5	-2217
5	1860
8	-153
5	-4693
5	-2020
5	-1022
5	-258
5	-8842
5	-2133
4	20809
5	-17799
8	-152
5	-8325
5	-38072
5	-6915
5	-3441
5	-2135
12	13596
5	-3766
8	3872
5	-6237
5	-4318
8	2923
4	21276
9	5089
5	1619
5	-1595
5	-5712
3	32494
8	1967
5	-2436
8	2722
5	-3182
8	6276
8	6037
5	-5230
4	5780
8	-1352
1	23712
5	-2970
7	8574
5	-1931
5	-3173
5	-4930
5	-6748
5	-3576
8	1376
5	-2176
5	-3536
5	-202
5	-1671
5	-1371
5	-3132
5	-548
12	6564
8	3155
5	-10052
5	-1680
4	20586
5	-2980
5	-12352
8	-4701
8	176
5	-3295
12	9894
5	-3333
5	-4939
5	-553
5	-1106
5	-4940
5	-2660
5	-6081
5	-1320
5	-1915
5	-2570
5	-7092
5	-302
12	8373
5	-1225
5	-2122
5	-6548
5	-1902
5	-2812
5	-1460
5	-3051
5	-2966
12	9670
5	-513
5	-6366
5	-3048
5	-7061
5	-5783
8	4077
5	-2065
5	-4206
5	-8208
5	-3224
8	4981
5	-3672
5	-709
8	-1557
3	28291
5	-5527
8	3723
5	-3056
9	4436
5	211
5	-6439
4	20157
5	-4518
5	-6946
8	-1817
5	-3346
5	-2871
10	29890
5	-1551
4	21096
12	7868
2	25682
5	-6210
5	-1831
8	5037
5	-4393
5	-5548
5	-3442
5	-3588
8	990
10	23709
2	34340
5	1511
5	-3121
5	-193
4	17912
5	-11447
5	-1107
5	-6790
5	131
5	-193
5	94
5	-4252
5	-12844
5	-609
5	-4064
4	20340
5	-3675
5	-3983
8	2087
5	-3578
5	-3640
5	-4432
5	-5231
5	-5014
2	33053
5	-1864
10	30121
5	1145
5	-1088
5	62
5	-2466
6	-6691
10	27193
5	-5140
5	-6035
5	-6280
12	10220
5	-97
4	19766
5	-1464
5	-1828
5	-17685
4	18080
5	-15124
8	1890
5	-285
4	21211
12	11918
5	-2405
5	-688
5	-4803
5	-1834
5	-5898
8	3171
5	-188
5	-6250
5	-9548
5	-814
5	-4554
5	-3879
5	-2218
3	33352
5	-4362
12	13319
5	491
5	-3093
5	-2782
5	-5556
5	-1200
5	-4288
5	-6087
5	389
5	631
5	-6930
10	28747
5	152
5	-6842
5	-5317
5	-17261
5	738
5	-2106
5	-1301
5	-3996
5	-6906
8	2600
8	539
5	-3196
5	-1511
5	-6273
5	-25775
12	12270
5	-1111
5	-11056
5	-11377
11	27361
5	-785
5	-4008
5	-5616
5	-2390
5	-4044
10	25268
5	-3704
8	2628
5	-6020
8	-2114
5	-5770
5	-13189
5	-3434
5	-6091
9	-11299
5	-1430
5	-2547
5	-5973
5	-8137
5	-1811
3	31329
5	-10248
4	22488
8	1539
5	-4273
12	10390
12	12427
8	-137
8	3479
5	-5251
12	11580
5	-10284
5	-14970
5	-2247
5	-6073
5	-2054
5	404
5	-196
5	-4597
5	-4895
5	-4756
12	15879
5	-1375
5	1636
5	-2837
5	-5371
5	-8211
8	1596
12	16869
5	-86
5	-1832
12	1680
5	-1180
12	15345
5	-12155
5	-2188
5	1304
5	73
5	-17605
5	-7912
5	-2173
5	-2197
8	5838
5	-5885
5	-1840
5	-8425
5	-4446
5	-7879
4	19967
5	-4778
5	-4191
4	18921
5	-6305
5	-5083
5	-3225
5	-4785
5	-2249
5	-3167
5	-5712
5	-4721
3	31969
5	-3706
5	-583
5	-8006
5	-4252
5	-1400
5	-12821
5	-2753
5	-7757
5	-10407
5	-6147
5	1239
5	-5322
5	-165
5	232
4	19751
8	4041
5	-5361
5	-8372
2	32778
5	-2964
8	483
5	-9176
5	-3211
5	-4441
4	21436
5	-6773
7	11476
5	370
12	12115
4	21790
4	22333
5	-806
5	-2803
5	-12270
5	-4052
5	-15496
8	562
4	20276
5	-4282
5	-15145
6	-13311
5	-8722
5	-2952
5	-12789
8	2771
5	-9545
10	31379
4	10874
12	12421
5	-4474
5	-993
8	2117
5	-1175
8	444
12	2400
5	-3930
5	-11864
8	1311
8	2290
5	-1935
6	-3195
8	-380
5	-8062
5	-1655
8	4103
8	3840
5	-7443
5	-10196
12	11960
3	30784
5	134
12	13312
5	531
5	-938
12	15163
8	1529
5	-1995
5	-1359
3	31720
5	-1666
5	-8415
5	-9145
5	-465
4	15580
5	-337
5	-5657
5	-6911
3	32952
5	-2092
12	10925
9	3048
5	-2059
5	-14596
5	-1027
5	-10650
12	10921
8	-4403
5	2066
5	-1440
5	324
5	-2336
5	667
5	-800
5	-3847
5	-2641
5	-5176
10	30973
5	-2542
5	-12823
5	-3567
5	-701
5	-3211
5	-2934
5	-2420
5	-3443
5	-4068
5	-1804
5	-2264
8	909
5	-710
5	-951
5	-2996
5	-3905
5	-3722
5	-1611
5	-6304
5	-2456
5	-7891
5	-2687
5	-2427
5	67
5	-3173
5	-1323
5	-1040
2	32400
8	4106
5	-18465
5	-1628
5	-7683
4	25244
5	55
8	3095
5	-1165
5	-2962
5	-5689
8	-7551
8	4870
5	-8692
5	-7332
12	11264
5	-4393
4	22116
5	-2038
8	-264
12	3555
5	-8800
5	1967
4	15250
4	18318
5	-9305
12	11430
12	8429
5	1106
5	-2533
8	5891
5	-2024
5	-587
5	-3819
3	36714
10	28836
5	-7421
5	-6651
5	-13452
4	16880
5	-2500
4	10299
5	-1104
5	-1772
5	-8592
5	-3456
5	-14486
5	-463
5	-2058
5	-4080
12	14406
5	-6230
5	-1698
4	18901
5	-9410
5	-13767
5	-3504
5	-2522
5	-680
8	500
5	-2734
1	18390
5	-5407
5	-9575
5	-3132
6	-3410
5	-2770
5	-2240
11	30869
12	7523
5	-9849
12	12236
5	-7338
5	-2308
5	-6768
5	-19404
5	-4635
5	-2340
5	-3325
5	-1546
12	10914
5	-6183
5	-5697
5	-9975
8	6355
5	-4007
5	-4842
5	-2835
5	-15675
5	-2575
5	-2163
12	3300
5	-785
5	-292
4	19211
5	1204
5	-7722
5	-1967
5	-7701
5	-2095
5	-3674
5	-7636
5	-654
5	-12089
5	579
5	-5004
12	5213
5	-13705
5	-3599
12	5693
5	-3514
5	-63
10	30419
5	-9030
5	-2034
5	-4921
5	-1673
5	-2851
5	-5735
5	-4188
12	11486
5	-418
5	-993
5	-1242
5	-3745
5	-2688
8	3310
5	-5803
5	-5129
5	-4936
5	-996
5	-5045
5	-4305
5	-5472
12	11272
5	-6230
8	3826
5	-2286
5	-1658
5	-560
4	15241
5	-2960
5	-15992
3	31429
5	903
8	1130
5	-3341
5	-893
8	1183
8	1439
5	-2936
5	-3642
5	-3125
5	-3202
3	34362
5	-9555
8	2047
8	-2972
11	25464
8	-14688
5	-1790
5	-7643
4	21560
12	9958
5	-4145
10	32472
5	-2663
5	482
5	-7239
5	-2351
5	1146
8	-2591
3	34415
5	-4498
5	1984
5	-3723
12	12707
5	-2043
5	-4129
5	-4984
5	-5637
5	-346
5	-2953
5	-3948
5	-8966
5	-10671
5	-17192
12	11973
12	10888
5	-3656
7	8840
5	-31103
5	-11083
5	-4224
12	327
5	-26137
5	-8904
5	-2353
12	11585
5	-4060
12	5384
5	-2938
2	28722
5	-3039
5	936
8	5036
5	-2340
5	-3629
5	-12959
3	23002
12	11854
5	-4354
5	-3582
5	-5622
3	21123
12	10908
5	-4085
5	-2314
6	-2090
5	-2898
8	2634
5	-512
5	1057
5	-2668
5	1340
5	-1482
5	-4950
5	-8549
5	-14818
4	15412
5	569
5	-8275
5	-8505
5	-3871
5	-4550
5	-9627
5	-8992
5	-1195
5	2953
5	-2374
5	-4350
5	-4028
5	-4123
8	2238
5	936
5	-3242
5	219
5	-4478
10	28287
5	-2597
5	-10280
5	-1642
5	-6460
4	20221
2	28206
5	-3754
5	-10817
4	22073
5	-2180
5	-3650
5	-5791
5	-3576
12	12816
5	-4086
5	-538
5	-1629
5	-3081
5	-4531
5	2393
12	12277
5	-10629
5	-3049
5	-3491
12	14700
5	-9639
12	12035
5	-10803
12	10146
5	-5016
5	-3718
5	-6175
8	1062
5	-3823
5	-4160
5	-1820
5	-1873
5	-2879
5	-4524
10	25792
5	-2439
8	-7644
5	-3565
3	26792
8	-4145
5	-4686
5	396
5	-1799
8	-270
5	141
5	-6039
5	-10786
5	-129
12	15219
5	-725
8	1791
8	3235
5	-5530
5	-5883
5	-4242
6	-6226
5	-4639
5	-16741
8	3511
5	-920
8	-3592
10	28918
5	-1729
5	-6385
8	2351
5	-4151
5	-258
5	-5672
5	-2271
8	-11971
5	-2218
8	2623
5	-4916
5	-8423
5	-18706
5	-1989
5	-11580
5	-2265
5	-1845
8	-7552
8	2214
5	-605
8	5722
5	858
4	21694
5	-4708
3	32555
5	-4089
10	29942
5	-1688
5	-8719
5	-6850
5	-10690
10	31816
12	7928
5	-1237
5	-13524
5	-4751
8	947
5	725
8	-799
5	-3231
12	13242
5	-314
5	-5560
8	4663
5	-12262
5	-6398
5	104
5	-3114
12	5555
5	-8033
5	-1217
12	10512
5	1672
12	8594
5	-7814
5	-1004
5	-2013
5	-1128
5	-3588
5	-383
5	-4411
5	-1458
4	21461
5	-6539
4	20301
5	-733
5	-11546
5	-12047
5	-5791
12	13295
5	-1363
5	-6034
5	-8093
8	6570
5	-3790
8	5141
5	-4124
5	-1648
5	-5157
1	15118
5	-19955
5	-3364
5	1439
5	-2145
12	8994
5	698
10	29428
5	-1578
8	-10287
5	-2754
5	2434
8	6486
8	2455
12	10858
8	8780
5	-1645
5	-8564
5	13
8	4146
8	-9353
5	-2031
5	-2032
12	9336
5	939
2	37197
8	5759
5	1447
8	4906
12	4814
5	-1315
8	-543
8	-2677
5	-5023
5	-4538
5	-4462
4	19348
5	-401
12	11645
5	-247
5	1598
12	7651
5	-5351
5	-3899
4	23784
5	-3050
5	-4865
5	-2986
5	694
5	-18905
8	6608
10	28404
5	-1727
5	-2305
10	22252
5	-279
12	4764
5	-397
8	4203
5	-6441
5	-1985
5	-11738
4	13672
8	3551
4	19491
5	-9166
5	-3842
5	260
3	30497
5	-7144
5	-1852
5	-5228
2	30083
5	-5547
5	-4128
5	-12931
8	293
5	-574
5	-5935
5	-1706
5	-1695
5	1763
4	12793
4	8342
5	-17846
5	-13561
5	-7721
5	-1862
5	-1956
5	-3009
8	-6501
12	11124
8	5346
5	696
5	2011
12	10434
5	-4067
5	-4437
8	-8331
5	-184
5	-2215
5	-3376
5	-5448
5	-1188
5	-9746
8	-276
5	-10660
5	-1927
5	-7246
5	-13978
5	-4333
12	10033
4	15184
5	-5255
5	928
8	5168
5	-3349
5	-3115
8	405
12	10416
8	-481
5	-1694
5	-1538
5	-5375
5	-2582
5	-3704
5	-3607
5	-6232
12	12235
5	-2884
5	-8613
5	-3596
5	-2527
5	-3001
5	-7972
3	27357
8	4434
12	12149
4	21003
8	-1626
8	3904
5	-6031
5	1541
5	-4994
5	-5952
8	2367
5	-7523
5	-1282
5	-4918
5	677
5	2791
5	-3945
8	-18601
4	17183
8	5349
8	-970
8	4071
5	-1074
5	-1426
8	-3331
5	-5921
5	-545
5	-4690
5	-4512
5	-2404
5	-7614
12	1280
5	-5050
8	71
5	-977
5	-6515
5	-3405
5	-6990
5	-1187
5	-5483
5	-3269
5	13
10	22849
5	-5666
5	-2249
5	-3609
8	5929
5	-2017
5	-4112
5	-3740
5	-2090
5	-5529
5	-1881
5	-890
8	5215
5	-3240
5	-2059
5	537
8	973
10	30551
5	-677
5	-5222
10	26126
5	-4111
3	31362
5	-272
5	-427
5	-862
8	4693
8	-349
8	-654
5	236
5	-1032
5	-29910
5	-1470
8	4040
8	408
5	-2701
5	-1889
5	-18391
5	-2576
12	5256
5	-4479
5	-2486
6	-3218
2	33308
5	-1139
11	23629
5	-1091
5	-2656
5	-17114
5	-8828
5	-7067
5	-7283
5	-3228
5	-5615
8	2378
10	24625
5	-663
5	-10431
5	-1877
5	-4378
4	23861
5	-7716
5	-2213
5	-9266
5	-2765
5	-3360
5	-3803
5	-7364
5	-4754
8	4714
5	-7766
5	-3579
5	-4356
5	-1859
5	-2848
5	-804
5	-2276
5	763
5	-2210
5	-8342
5	-9237
5	-1475
5	-4740
8	3175
5	-2785
3	23775
5	-2259
6	-4795
5	-546
5	-4248
5	-11538
4	5985
5	-9879
5	-3910
5	-7371
5	-9332
5	-6864
5	198
5	-4877
5	-1567
8	4755
5	-1665
5	-6039
5	-772
5	-2580
8	6047
8	3051
5	-9494
5	-2648
5	-3555
5	-8114
5	-9661
5	2309
5	-6221
5	-165
8	4499
5	-2964
5	-5204
8	-2152
5	-3710
12	12966
5	-3912
5	-4377
5	-631
5	-8651
10	28520
5	-2324
5	-1362
5	-2924
12	12746
5	-1447
8	-332
5	-2803
5	-2479
5	1588
5	863
5	-6346
5	-1574
5	-1220
8	5252
5	-4315
5	-3192
5	1383
12	7435
5	-1203
5	-11731
5	-645
5	-2774
5	-3939
5	-4651
5	-8707
12	8413
5	-4781
5	-3900
5	-3134
5	-1146
6	-9496
4	15200
5	-354
5	-1990
5	-14994
5	757
5	-16551
5	-4645
5	-5184
5	-4901
12	8496
8	1858
5	-6994
5	-5592
5	-12570
5	-1044
5	-21141
5	-6627
4	20305
5	-3530
5	-6830
5	-3086
5	712
5	-11365
5	-9941
12	8639
5	-4108
5	2702
5	-7422
5	-8328
5	-4637
8	-5415
5	-4245
5	-2561
8	-1348
5	-778
5	-5067
8	-829
12	11203
5	-3574
5	-11831
5	-1666
5	-5034
5	-10144
5	-12932
1	21025
12	14375
5	-9179
2	28236
8	-1165
5	-15843
5	-4981
5	-7848
10	29367
5	-2579
10	34913
8	3345
5	-2468
5	-6067
4	21413
5	-9152
10	22370
8	-2078
5	-1168
8	1126
8	303
5	-5921
5	-3092
5	-2295
5	-4043
5	-602
5	-4850
5	-9846
6	-3626
5	-5433
5	-3169
12	13556
8	3891
5	-4068
5	943
8	-11941
5	667
10	28662
5	-1855
3	31143
5	-3191
5	-4383
8	-4199
5	2320
5	1056
5	-16006
5	-3811
5	-13615
5	-3809
5	-5666
5	-5021
5	-1646
8	8608
8	813
8	-1190
5	-1878
5	-1181
5	-10916
5	-5990
5	-2628
5	-536
5	-7959
6	-7629
5	-1942
12	8972
6	-1469
5	-15383
5	-4120
5	-1309
5	-4123
5	-2299
5	-6032
5	-6611
12	7779
5	-7304
8	968
5	-1816
5	-15315
5	-3042
5	-2458
8	3991
5	-3671
5	-2203
5	-3639
5	-6239
5	-6195
5	-10239
5	-8255
5	-5020
5	-30
5	-5927
5	-2234
5	-3154
5	-7790
5	-1083
5	-10037
5	-9074
5	-4537
5	-5525
5	-1234
5	-4870
5	-14035
5	-1446
5	-8473
5	-9433
5	1001
5	-1154
5	-2496
5	-3300
12	7733
5	-10942
12	11296
8	-2621
5	-2270
5	-3250
5	2562
5	-1696
5	-5606
5	-3350
8	-2680
5	-328
8	2352
5	18
5	-11436
5	-1500
5	-11164
12	6236
5	-5694
5	-3343
5	-5054
8	6419
5	-3869
5	-5870
12	11654
8	-2493
5	-7673
12	-860
5	-5093
5	-16923
4	20577
12	8604
5	-16754
4	15056
5	-17787
5	-4879
8	-1425
5	544
5	-4474
5	-6292
5	-5283
8	6968
12	10878
5	-24135
5	-8022
10	32348
8	894
4	9485
5	-6054
5	-1474
3	30154
5	-1483
12	11953
5	-1735
5	-6905
5	-4904
5	-3293
5	-6593
5	-1628
5	-2362
5	-2195
8	135
5	-7954
5	-1696
12	14532
5	-15522
12	11121
5	-10788
5	-1965
5	-4124
5	-3723
5	-3661
5	-935
5	-4998
3	24454
5	-3235
12	5142
5	-622
5	-2185
12	7970
5	-14532
5	-3034
5	-2127
5	-1598
5	-6991
5	-1538
8	310
5	-4193
12	7785
5	291
5	-912
12	8371
5	-4201
5	-1788
5	-4671
12	10232
5	1704
4	18842
5	-6776
5	-9625
5	-297
5	-8657
10	28573
8	-1407
5	-3422
5	-171
5	-4721
5	-4585
5	-8755
5	-6353
5	-4784
5	-601
5	-1905
5	-1030
12	11962
5	-1493
5	-1097
4	19927
5	-3585
8	-5615
8	4537
8	-458
5	-8627
4	19938
10	27043
5	-7911
12	5354
5	474
5	-241
5	-12534
5	1884
5	-3356
5	-13517
5	-3796
5	-3977
5	-11697
8	1589
8	4737
5	515
8	8675
5	-5051
7	8625
5	-1996
8	3218
5	-6963
5	-5898
8	3980
5	-3252
5	-284
3	33758
5	-1624
8	-8407
12	10030
5	-6127
5	-10438
12	7908
5	-4483
5	-1166
5	-1732
5	854
5	-7642
10	28645
4	14714
5	-7531
5	-2256
5	-11602
5	-19388
3	32253
5	-2564
5	-8887
5	-6550
5	-4486
5	-3765
5	-14728
5	-3223
5	-1822
5	-708
5	-6473
5	-1645
5	-2052
5	-5948
8	-12807
12	12466
5	-1388
5	-6194
5	-8963
5	-1739
5	-2397
5	-403
8	-1539
5	-6024
4	23715
5	-22126
5	-4590
5	-13733
2	36080
5	-4113
5	-4317
5	-4756
5	-7650
5	-3236
8	2026
9	2574
5	-3328
8	6874
5	-3250
5	-3162
5	-3716
5	-20344
5	-5772
5	-5644
5	-4373
5	-1739
12	7165
5	-3826
12	8128
8	-4546
8	5298
8	-1578
5	45
5	-2589
5	-2241
5	-10099
5	-2878
8	3689
10	30322
8	3186
5	-349
12	14280
8	-1223
8	4237
5	-4779
5	-8309
5	-6534
5	-3350
5	-2140
5	-5211
5	-2627
5	-5499
5	-45
5	322
5	-7451
8	3276
5	-13538
5	-1165
5	-540
4	20799
12	10921
12	3590
5	-253
5	2322
5	-4823
5	-8123
4	9179
5	-2573
5	-3684
5	-2661
5	-3539
5	-5332
12	4766
5	-8426
5	-1375
3	35277
10	31055
5	1120
5	-12453
5	-2632
3	34449
5	-4095
5	-13117
5	-11314
5	-15672
5	-879
5	-2795
5	-466
5	-24
12	14031
4	20961
5	-2675
8	2359
5	-9603
5	-4011
5	-1851
5	-5030
5	-7721
5	-10198
12	12449
12	10493
4	21801
4	15056
5	-1295
5	-795
5	-3094
5	-4935
5	-2392
5	-4216
5	-2508
5	-2881
8	1008
5	-2307
5	-10016
5	-15806
5	-1601
5	-5184
8	1556
5	-15316
9	5626
5	-7806
5	-10388
12	9666
5	-2903
5	-6504
5	-12472
5	-4534
10	26553
5	-7596
5	-5306
5	-1089
5	-1691
5	-3734
5	-1474
5	-3817
5	-3725
5	-2691
5	2563
8	-2385
5	-2828
5	-607
5	-1289
5	-7022
5	-7307
5	-903
5	-3230
5	-4182
5	-14277
5	-2339
5	-5960
5	-3476
5	-1272
10	29689
5	-5540
10	22912
8	5854
5	-2126
5	-455
5	-2371
5	-3656
5	-10034
5	-1365
5	-1281
4	20265
8	3561
5	-2185
5	-5271
8	-3381
12	15147
5	-2099
5	-5985
8	4600
5	-3143
4	9235
5	-7236
5	1897
10	26214
5	-4297
8	-9189
5	-4188
5	-4550
5	1894
12	9403
5	310
4	7017
5	-1162
5	-6124
5	-1112
8	-16185
8	980
5	-11297
5	-4558
12	12883
5	-5992
5	-1663
8	1821
5	-3193
10	25731
5	-3646
5	-3077
5	-3680
10	25622
12	9105
5	-4583
5	-3206
12	7407
5	-6844
5	-2697
11	31131
4	14921
8	4084
5	-875
5	-5471
5	-2315
5	-2762
5	-1253
4	16229
8	-3782
8	3797
8	1698
4	20619
4	21922
5	-2558
5	-10786
5	-13944
5	-3365
8	-5606
5	-8741
5	-242
5	-12678
5	1080
5	-12884
5	-3039
8	1164
5	-1652
8	2706
8	-8602
5	-3810
5	-3597
3	19398
5	-23535
5	-419
5	-4105
8	1712
12	10465
5	242
5	-2204
5	-4119
5	716
5	-902
8	2243
5	-9278
8	3319
5	-9153
5	-765
5	123
5	-2239
5	-4786
5	-2558
5	-1033
5	-2308
5	-1248
4	18368
5	-2258
5	-430
6	971
5	-2856
5	-3186
12	10491
5	-2533
5	-1917
5	-1284
8	-7781
4	24489
5	-8706
5	950
5	-1031
5	-3389
4	12927
5	-6862
12	13496
4	24877
5	-7123
5	-1345
5	-2312
5	-1662
5	-2715
8	-2093
5	-1927
5	-2536
5	-578
8	4373
5	-6036
8	3614
5	158
5	-8747
5	-1890
5	-6194
3	34461
5	-10052
5	-2911
5	-1173
4	21958
5	-220
5	-2861
5	-4804
5	-4597
5	-2383
5	-6032
5	118
5	-1773
8	1549
5	-4480
3	33859
5	-3878
8	2758
5	-3323
12	5327
5	-8885
5	-637
12	11817
5	-1548
12	9608
5	-7021
5	-10296
5	-1593
5	-9950
5	-6218
1	12888
3	30782
5	-489
5	-4331
4	21331
5	-2475
5	-6572
5	-32872
5	-6229
12	13607
5	-3069
5	-8240
5	3432
5	-7190
5	-2343
5	-790
5	1352
8	3089
5	-9010
12	6096
1	18758
5	-3196
8	5764
11	32304
5	-1462
4	16813
5	549
5	-3626
8	-8217
5	1667
5	-11845
5	243
5	-1056
5	114
5	-5575
12	15481
5	-6908
5	-13527
10	32417
12	-2277
5	-6801
5	-6716
8	5106
8	-6191
3	33648
5	-6485
5	-5614
8	1809
5	-1736
5	-2069
5	-3699
5	-6613
8	6212
5	-4620
5	-17473
8	-3142
10	29674
5	-4606
5	-3570
5	-34426
5	-4653
8	3185
10	30546
5	-3060
12	11125
5	-6517
6	-7691
10	27326
5	-13480
5	-2023
8	-6170
5	-7167
