1606	-4719
-3417	7245
3280	-23863
-23510	7245
13327	7245
-8441	-4719
-6766	-4719
1606	7245
-6766	-33435
-68	-4719
9978	7245
8304	7245
3280	-4719
13327	7245
-1743	-14291
8304	-4719
8304	7245
-3417	-23863
-10115	-4719
11653	-4719
-11789	7245
3280	7245
-1743	-4719
4955	-14291
-10115	-4719
-68	7245
13327	-4719
-1743	-4719
6629	-4719
3280	7245
-8441	-4719
11653	7245
8304	-4719
-8441	7245
13327	-14291
6629	7245
9978	7245
-10115	7245
11653	7245
-68	-4719
13327	-4719
-68	7245
-68	-4719
-1743	-4719
-8441	-4719
1606	7245
13327	-4719
-20162	-4719
-6766	-4719
11653	7245
11653	-4719
-35231	-4719
8304	7245
-3417	7245
3280	-4719
6629	-4719
1606	7245
-5092	7245
-10115	-33435
-13464	-4719
4955	7245
-11789	-4719
11653	7245
13327	-14291
6629	7245
-1743	-4719
-3417	16817
-18487	-4719
-5092	7245
-1743	7245
-11789	7245
-11789	7245
-5092	7245
13327	-4719
4955	-4719
-16813	7245
-5092	-4719
-16813	-4719
11653	7245
-5092	-23863
-3417	7245
-15138	16817
4955	7245
4955	7245
8304	-14291
-11789	7245
-1743	-4719
-5092	7245
8304	7245
4955	-4719
1606	-4719
11653	-4719
-6766	-14291
11653	7245
-68	7245
9978	-23863
8304	7245
-6766	-4719
1606	7245
-1743	-4719
-1743	7245
-1743	-4719
-68	-4719
3280	7245
-1743	-4719
9978	-4719
8304	-14291
-11789	-4719
1606	7245
-11789	-4719
6629	7245
8304	-4719
6629	7245
-68	-4719
8304	7245
8304	-4719
8304	-4719
3280	7245
9978	16817
4955	-4719
8304	7245
-3417	-23863
-68	-14291
-16813	-23863
3280	-23863
-8441	7245
-1743	7245
4955	-4719
-6766	-4719
-5092	-4719
-13464	7245
13327	7245
-21836	-33435
-5092	7245
4955	7245
6629	-4719
-10115	7245
-11789	-4719
-5092	-4719
3280	-4719
-13464	7245
-5092	-4719
3280	7245
-15138	7245
13327	-4719
3280	-4719
9978	7245
8304	-14291
11653	-4719
9978	7245
-3417	7245
4955	-14291
13327	7245
13327	7245
4955	-4719
-1743	-4719
-3417	26389
-8441	16817
3280	-14291
9978	7245
9978	-4719
11653	-14291
9978	7245
-8441	-4719
13327	7245
-6766	7245
6629	7245
6629	7245
6629	7245
-68	7245
9978	-23863
6629	7245
4955	-4719
-5092	-14291
3280	-14291
4955	-4719
11653	7245
11653	7245
1606	16817
4955	-4719
-68	-14291
-18487	-4719
9978	-4719
8304	-4719
4955	-4719
13327	7245
-6766	-4719
6629	7245
-3417	7245
-3417	-4719
9978	-4719
-16813	-4719
-8441	7245
-3417	-4719
11653	-4719
4955	16817
-6766	-4719
-15138	7245
-3417	7245
-1743	-4719
9978	7245
-1743	7245
-10115	7245
3280	7245
6629	7245
3280	7245
8304	-4719
3280	7245
-68	-4719
3280	-4719
-68	-4719
1606	7245
9978	-4719
13327	-4719
-13464	-4719
-23510	-4719
11653	-4719
-20162	-23863
3280	-4719
-1743	7245
11653	7245
11653	-4719
-68	7245
9978	-4719
8304	-4719
-11789	-14291
3280	7245
4955	7245
13327	-14291
-11789	-4719
4955	7245
-1743	7245
13327	7245
-6766	7245
13327	-4719
3280	-4719
-16813	-4719
9978	7245
6629	-4719
-3417	7245
1606	16817
6629	7245
-6766	16817
-68	7245
1606	-14291
11653	7245
3280	-4719
-5092	7245
13327	-14291
8304	-4719
8304	7245
-8441	7245
-3417	7245
-5092	-14291
13327	-4719
1606	-4719
6629	-4719
-10115	-23863
11653	7245
1606	7245
-68	16817
11653	7245
-18487	-4719
13327	-4719
3280	7245
-68	7245
3280	7245
-1743	-4719
3280	-4719
3280	-4719
-11789	-4719
-6766	-4719
-8441	7245
1606	-14291
3280	-4719
9978	7245
4955	7245
4955	-14291
3280	7245
13327	7245
-15138	16817
-18487	-4719
11653	-4719
-3417	7245
1606	7245
9978	-4719
1606	7245
1606	-4719
9978	7245
1606	16817
9978	7245
11653	7245
-3417	7245
-10115	-4719
4955	16817
-10115	7245
11653	-4719
-3417	-4719
4955	7245
-68	7245
-8441	-4719
-10115	-4719
4955	7245
-16813	7245
9978	7245
-18487	-4719
-68	-4719
11653	7245
-5092	-4719
-3417	-4719
11653	-14291
8304	-4719
-5092	7245
13327	-4719
3280	-4719
8304	7245
13327	-4719
-3417	-23863
-68	-4719
11653	16817
-3417	7245
-1743	-4719
4955	7245
-8441	7245
-68	7245
-6766	7245
-6766	-4719
3280	-4719
-18487	7245
13327	-4719
4955	-4719
-6766	7245
9978	7245
-10115	7245
3280	-4719
-68	-4719
13327	-14291
-1743	-4719
11653	-4719
-1743	-4719
-16813	7245
13327	-4719
11653	-4719
8304	7245
-11789	-14291
11653	-23863
4955	-4719
11653	7245
-5092	-4719
6629	-14291
1606	7245
6629	-4719
-3417	-4719
-68	7245
9978	-23863
-16813	16817
3280	7245
13327	7245
13327	7245
1606	16817
-1743	16817
-10115	-14291
-3417	7245
-10115	-4719
-18487	7245
-13464	-4719
6629	7245
-1743	-4719
6629	-4719
-5092	-4719
-6766	7245
-6766	-4719
-3417	7245
-68	7245
-68	7245
11653	7245
4955	16817
-8441	-14291
-5092	16817
-68	7245
4955	-14291
-10115	-4719
3280	16817
-5092	7245
3280	-4719
13327	7245
3280	-4719
8304	-4719
9978	7245
-5092	-14291
4955	16817
3280	-4719
3280	16817
9978	7245
1606	-4719
-5092	-4719
-68	-4719
9978	16817
-68	-4719
3280	-4719
13327	-4719
9978	7245
13327	7245
-5092	16817
8304	-4719
8304	7245
-1743	7245
-11789	-4719
4955	7245
-68	-14291
1606	7245
3280	7245
11653	-4719
-10115	-4719
6629	7245
-13464	-4719
-68	-4719
-28534	-4719
9978	-4719
6629	-4719
-16813	7245
1606	-4719
8304	7245
-8441	-4719
-16813	7245
-5092	-4719
-10115	-4719
-3417	7245
-5092	-4719
-6766	-23863
4955	-4719
-3417	-4719
8304	-4719
-68	-4719
9978	-4719
-68	-4719
4955	7245
-10115	7245
8304	7245
-5092	7245
-20162	-14291
9978	-4719
-68	-4719
3280	-43007
-16813	7245
11653	7245
-1743	-4719
-3417	7245
13327	7245
-68	-4719
-10115	-4719
9978	7245
-3417	7245
-10115	-4719
6629	7245
9978	7245
1606	-33435
-18487	-4719
-13464	7245
-20162	7245
3280	-4719
-5092	-4719
9978	-4719
-1743	7245
1606	-4719
9978	16817
4955	-4719
-1743	-4719
11653	-4719
13327	7245
1606	-4719
1606	7245
13327	7245
9978	-4719
-3417	-4719
11653	7245
-6766	-4719
-6766	-4719
8304	7245
9978	7245
9978	7245
8304	16817
-6766	-23863
8304	7245
-15138	7245
-23510	-4719
6629	7245
6629	7245
13327	7245
-5092	-4719
11653	-4719
-1743	-4719
9978	-23863
-15138	-4719
4955	16817
11653	7245
3280	7245
-1743	7245
-68	-4719
-15138	7245
9978	7245
-3417	-4719
-15138	7245
8304	-4719
-8441	-14291
-5092	-14291
-68	-4719
-68	16817
-10115	7245
1606	7245
3280	-14291
-31883	7245
13327	-4719
11653	7245
-1743	-4719
-3417	-4719
-10115	7245
-68	-4719
-11789	7245
9978	7245
-1743	-4719
-21836	26389
3280	-4719
4955	-4719
4955	7245
13327	-4719
-1743	-4719
11653	16817
13327	-4719
4955	-4719
1606	-14291
4955	-4719
-3417	-4719
-68	7245
8304	7245
-11789	-14291
1606	-4719
3280	-4719
-23510	-4719
-20162	26389
6629	-14291
-8441	-4719
1606	-4719
11653	-14291
-68	-4719
-13464	-4719
-5092	7245
-5092	7245
-10115	-4719
8304	-4719
-8441	7245
6629	-4719
3280	-4719
3280	-4719
6629	-4719
13327	7245
-8441	-4719
-10115	-14291
13327	-4719
9978	-4719
-13464	-4719
3280	-14291
11653	-4719
3280	-4719
1606	16817
-1743	-4719
-8441	-4719
-25185	-4719
-5092	7245
3280	-14291
-68	-4719
9978	16817
9978	-4719
4955	7245
8304	-4719
13327	-4719
-15138	35961
-8441	-4719
-10115	-4719
13327	-4719
9978	-4719
-1743	-4719
11653	-4719
-1743	-4719
13327	-4719
1606	-4719
-1743	7245
-16813	-4719
1606	-4719
9978	-4719
-10115	7245
11653	-14291
-23510	7245
3280	-4719
4955	7245
3280	7245
-8441	7245
-6766	-4719
-6766	-4719
8304	7245
-13464	7245
1606	-4719
1606	-4719
-3417	-4719
-3417	7245
3280	-4719
8304	7245
11653	-14291
3280	7245
-8441	-14291
4955	7245
-5092	-33435
8304	-4719
9978	-14291
4955	-4719
4955	-4719
6629	-4719
-1743	-4719
4955	7245
3280	7245
-68	7245
-1743	7245
8304	16817
6629	-4719
11653	-4719
-68	7245
-10115	16817
13327	-4719
-6766	7245
1606	16817
-3417	7245
-3417	-4719
-20162	-4719
-10115	16817
9978	7245
-6766	-4719
-6766	7245
4955	7245
-1743	-4719
4955	16817
-6766	-4719
-3417	7245
-5092	-4719
13327	7245
-6766	-4719
-8441	16817
9978	7245
-1743	7245
4955	-4719
6629	7245
-5092	-4719
-15138	-4719
1606	-4719
8304	-4719
-13464	-4719
-10115	-4719
1606	7245
-1743	7245
-5092	35961
9978	-4719
1606	-4719
6629	16817
3280	-14291
4955	-14291
9978	-14291
11653	7245
-38580	16817
-1743	7245
-6766	-4719
11653	7245
13327	-4719
-13464	7245
-18487	-4719
13327	-4719
6629	7245
9978	-4719
8304	45533
1606	7245
6629	16817
1606	-4719
9978	7245
8304	7245
1606	7245
-3417	-14291
-1743	7245
-5092	-14291
-1743	7245
-20162	7245
1606	-4719
-5092	-14291
-5092	-4719
-3417	7245
-16813	-4719
3280	-4719
6629	-4719
-15138	-4719
-3417	-4719
-5092	7245
1606	-4719
-1743	7245
9978	-4719
-3417	-4719
-13464	-4719
3280	-4719
-68	-4719
-3417	-4719
9978	-4719
-28534	-4719
4955	-4719
-3417	16817
4955	7245
8304	-4719
-10115	16817
1606	-33435
8304	7245
1606	7245
1606	7245
11653	-43007
-5092	-14291
4955	-14291
4955	-14291
3280	-4719
-3417	-4719
8304	-43007
13327	-4719
-5092	-4719
3280	16817
3280	-4719
11653	-4719
1606	-14291
4955	-14291
1606	-4719
9978	-4719
1606	-4719
9978	-4719
4955	-4719
6629	7245
3280	-4719
-68	-23863
-15138	16817
4955	-4719
6629	-14291
-8441	7245
-15138	7245
6629	-4719
-1743	-14291
-10115	-4719
13327	7245
-15138	-14291
3280	7245
4955	7245
-6766	16817
-1743	-4719
1606	16817
13327	-33435
8304	-4719
-11789	16817
6629	-23863
-10115	7245
3280	-4719
-68	7245
9978	-4719
6629	7245
8304	-4719
1606	7245
-15138	16817
4955	-4719
-13464	7245
-68	-14291
9978	7245
1606	-4719
-3417	16817
-11789	7245
-13464	7245
-36906	-4719
-13464	-4719
8304	-4719
4955	-14291
-1743	-4719
13327	-4719
4955	-4719
1606	7245
11653	-4719
6629	-4719
1606	-4719
-15138	7245
3280	-23863
-10115	-4719
-6766	-14291
-5092	-4719
-3417	7245
8304	-14291
-3417	-4719
6629	-4719
-8441	-14291
6629	7245
-6766	-4719
13327	7245
-68	-4719
1606	7245
1606	-4719
11653	-4719
-15138	-4719
-68	7245
9978	-4719
-18487	-4719
-8441	-33435
-13464	-4719
9978	7245
13327	7245
-18487	-23863
-68	7245
-68	-14291
4955	-4719
6629	-14291
13327	7245
13327	-4719
-3417	-4719
-5092	-4719
6629	7245
-1743	-14291
1606	-4719
-30208	-4719
3280	7245
-8441	-4719
8304	7245
-68	7245
13327	-4719
-11789	7245
13327	-4719
8304	7245
-3417	-4719
3280	16817
6629	7245
-1743	7245
-40255	-23863
-1743	7245
-1743	7245
13327	-4719
13327	16817
-10115	-4719
-11789	-4719
11653	7245
8304	7245
-1743	16817
4955	-4719
3280	7245
-68	7245
3280	7245
-1743	7245
13327	7245
1606	7245
8304	-4719
11653	-4719
8304	7245
1606	7245
9978	-4719
4955	-14291
-68	-14291
9978	7245
-13464	16817
-3417	7245
13327	7245
-10115	-4719
3280	7245
-8441	-4719
-1743	-14291
-8441	7245
3280	-4719
-5092	-4719
-10115	16817
-5092	-4719
-13464	7245
13327	-4719
-3417	-4719
-48627	16817
8304	7245
4955	-4719
1606	-4719
-68	-4719
-1743	-4719
-11789	-4719
11653	7245
-3417	-4719
-1743	-4719
4955	-4719
-6766	7245
8304	7245
-68	-4719
6629	-4719
11653	-4719
1606	-4719
-68	-4719
9978	-23863
11653	7245
-13464	-14291
11653	-4719
-68	7245
8304	7245
-1743	16817
-3417	7245
3280	7245
9978	7245
-3417	-4719
-18487	-4719
8304	7245
-5092	-4719
6629	7245
8304	-4719
-3417	-4719
-10115	-14291
3280	7245
-68	-4719
-3417	7245
3280	-4719
13327	-4719
-8441	7245
8304	-4719
11653	16817
-11789	-4719
1606	26389
-28534	-4719
11653	-4719
6629	7245
-6766	7245
13327	-4719
11653	16817
3280	16817
11653	-4719
-3417	-4719
8304	-4719
-5092	16817
-16813	-4719
11653	-4719
-1743	7245
-6766	7245
-1743	-14291
9978	-4719
6629	7245
9978	-4719
4955	-4719
-1743	7245
8304	-4719
3280	16817
9978	7245
-21836	7245
-5092	-4719
-3417	7245
13327	-4719
-10115	7245
-8441	-4719
9978	-4719
4955	16817
8304	16817
-6766	7245
6629	-4719
9978	7245
-3417	-4719
-5092	7245
8304	7245
3280	7245
8304	-14291
-5092	7245
-1743	7245
-33557	-4719
9978	16817
-11789	-4719
-3417	-4719
-68	-4719
-5092	-4719
3280	7245
13327	-4719
-68	7245
-13464	-4719
-23510	16817
-3417	7245
-3417	-33435
6629	7245
-1743	-33435
9978	-4719
-1743	7245
4955	-4719
6629	-14291
-3417	-4719
9978	-4719
13327	-14291
-6766	-4719
6629	7245
9978	-4719
-13464	7245
8304	-4719
6629	-4719
-1743	7245
3280	-4719
-21836	-4719
1606	7245
9978	-4719
-16813	16817
1606	-4719
-5092	7245
4955	-4719
-68	-14291
-3417	-14291
-10115	-4719
-3417	7245
9978	-4719
-6766	7245
9978	7245
-13464	7245
4955	-4719
-1743	7245
-68	-4719
3280	-4719
9978	7245
-10115	-4719
11653	-14291
3280	-4719
9978	7245
9978	7245
-6766	7245
-13464	7245
-10115	-23863
13327	7245
6629	26389
4955	-4719
9978	-4719
13327	7245
-8441	7245
1606	-4719
-1743	-4719
-3417	-4719
-8441	7245
8304	7245
13327	-4719
11653	7245
-18487	-4719
-1743	-4719
-6766	7245
13327	7245
-10115	7245
-68	7245
11653	-33435
-5092	7245
-16813	-4719
-10115	-14291
-20162	-4719
8304	-4719
-3417	7245
8304	7245
4955	7245
11653	7245
3280	-4719
11653	-14291
4955	16817
4955	7245
-5092	-4719
4955	7245
-6766	7245
-6766	16817
4955	-4719
3280	7245
-16813	-4719
3280	7245
8304	-4719
-8441	-4719
6629	-23863
-16813	-4719
6629	7245
3280	-4719
-13464	7245
8304	-14291
9978	-23863
4955	26389
11653	7245
3280	-4719
4955	7245
-5092	-4719
-23510	-4719
-8441	16817
13327	7245
-13464	7245
13327	7245
-3417	-4719
-10115	-14291
-10115	-4719
13327	-4719
-1743	-33435
-10115	7245
6629	-4719
-21836	7245
6629	-4719
-6766	7245
1606	16817
-6766	-4719
9978	7245
13327	7245
-3417	7245
1606	7245
-3417	-14291
-1743	7245
4955	-4719
6629	-4719
-16813	-4719
-3417	7245
6629	-4719
9978	-4719
8304	-14291
-1743	-4719
11653	7245
-68	7245
-8441	-4719
-15138	7245
-1743	7245
11653	7245
-1743	7245
13327	26389
-5092	-4719
-8441	7245
-5092	7245
9978	7245
-3417	7245
4955	-4719
1606	-4719
1606	7245
4955	7245
-6766	-4719
-1743	-4719
-10115	-4719
1606	7245
4955	-14291
-68	-14291
13327	7245
11653	7245
-3417	-4719
9978	-4719
6629	-23863
1606	7245
-16813	16817
-10115	7245
9978	-4719
13327	-4719
-6766	-4719
6629	-4719
3280	-14291
11653	-4719
-10115	7245
3280	-4719
13327	-4719
-1743	-4719
4955	-4719
-18487	16817
-18487	-4719
1606	7245
-10115	-4719
-8441	-4719
-68	-4719
11653	7245
9978	7245
13327	-33435
-1743	-4719
-13464	7245
-21836	-43007
9978	7245
9978	-33435
-38580	-4719
13327	-14291
-25185	7245
11653	7245
4955	-4719
1606	-14291
-1743	-4719
-15138	-14291
8304	-4719
-5092	-4719
6629	-14291
13327	-14291
-13464	7245
-1743	-4719
-6766	7245
-68	-4719
-5092	7245
4955	7245
-20162	7245
-8441	-14291
11653	-4719
-3417	7245
-1743	35961
4955	7245
13327	-4719
13327	-23863
3280	7245
4955	-14291
-3417	-4719
13327	-4719
4955	7245
-23510	7245
-1743	-4719
-3417	-4719
-3417	7245
3280	7245
13327	-4719
13327	-14291
9978	-14291
-6766	-14291
9978	-4719
6629	-4719
11653	-14291
9978	7245
8304	-4719
-25185	-4719
13327	7245
11653	7245
-30208	-4719
-20162	-4719
8304	-4719
-16813	7245
-13464	-4719
-3417	-4719
-68	-4719
6629	-14291
4955	-14291
9978	-4719
-16813	-4719
-3417	-4719
-3417	16817
8304	-4719
8304	-4719
11653	7245
-5092	-14291
3280	-14291
6629	16817
3280	-4719
4955	16817
3280	16817
8304	7245
-13464	7245
8304	7245
11653	-33435
-5092	16817
3280	7245
8304	-4719
-68	7245
-10115	7245
11653	7245
-3417	-4719
4955	-14291
-28534	7245
3280	-4719
-15138	7245
-68	35961
1606	-4719
-23510	7245
-15138	16817
-1743	-4719
-5092	7245
9978	-4719
11653	-4719
6629	-4719
-5092	-4719
-11789	-4719
9978	7245
6629	7245
9978	7245
8304	7245
4955	-4719
-3417	-4719
-18487	7245
1606	-14291
3280	-4719
13327	7245
-8441	16817
4955	-4719
-1743	7245
13327	-4719
4955	-4719
1606	7245
6629	16817
-15138	16817
4955	7245
11653	-4719
-1743	7245
-5092	16817
4955	7245
-10115	16817
13327	7245
-8441	16817
9978	-4719
-18487	7245
6629	7245
3280	-14291
9978	-4719
4955	-14291
1606	-4719
11653	-4719
-1743	-14291
3280	7245
-1743	-4719
-6766	-4719
-68	7245
8304	7245
11653	-4719
-1743	-4719
3280	-4719
-5092	-4719
-20162	-4719
1606	-4719
-6766	-4719
8304	-23863
13327	7245
8304	7245
-1743	-4719
-11789	-4719
-13464	7245
-1743	7245
8304	7245
-6766	7245
13327	7245
9978	7245
-5092	-4719
-68	-4719
-33557	26389
4955	-14291
13327	-4719
8304	7245
-1743	7245
-10115	7245
4955	-4719
11653	16817
3280	-4719
11653	-4719
-3417	-4719
6629	-4719
3280	7245
-18487	7245
6629	7245
-68	7245
11653	7245
8304	7245
1606	-4719
-5092	-14291
-68	-4719
-6766	-4719
-16813	-4719
-3417	7245
-6766	-4719
11653	-4719
3280	-4719
11653	-4719
13327	-4719
13327	-14291
-1743	-4719
-5092	45533
3280	7245
9978	7245
-10115	-4719
1606	16817
-10115	-4719
8304	7245
-25185	7245
11653	-4719
11653	7245
-5092	-4719
9978	7245
-3417	7245
-21836	7245
4955	7245
9978	-4719
11653	7245
-5092	7245
11653	-4719
13327	-4719
8304	7245
3280	-4719
-18487	16817
-68	-4719
-5092	-4719
-11789	7245
8304	7245
13327	7245
9978	7245
1606	-4719
9978	7245
4955	-4719
6629	7245
1606	-14291
-5092	16817
-8441	7245
3280	7245
4955	-4719
-6766	-4719
-5092	-14291
9978	7245
-18487	-4719
13327	7245
11653	-4719
-6766	-4719
-3417	7245
11653	-4719
1606	7245
3280	-4719
-8441	16817
-8441	7245
13327	-4719
-1743	7245
8304	7245
3280	-4719
1606	7245
-8441	7245
6629	-4719
-1743	-14291
-3417	-4719
13327	-14291
-3417	7245
11653	-4719
-5092	-4719
3280	7245
1606	7245
6629	7245
9978	7245
-6766	7245
1606	7245
-10115	7245
13327	7245
-5092	-4719
13327	7245
3280	7245
-10115	7245
4955	-4719
11653	-4719
-6766	7245
-15138	-4719
1606	-14291
-1743	-4719
9978	-4719
-26859	7245
4955	-23863
9978	7245
-68	16817
13327	-4719
4955	-14291
1606	-4719
-68	-4719
6629	-4719
-8441	-4719
8304	7245
-16813	7245
13327	7245
-10115	-33435
1606	7245
-13464	-4719
13327	-14291
11653	-4719
13327	7245
13327	-4719
-16813	7245
-68	7245
-13464	-4719
-3417	-14291
-10115	-4719
1606	7245
11653	-14291
-68	-4719
-20162	16817
-6766	7245
8304	7245
1606	-14291
-1743	7245
8304	7245
1606	16817
4955	-4719
-68	7245
1606	7245
-68	7245
1606	-14291
-11789	-4719
-28534	7245
11653	7245
11653	7245
11653	7245
-3417	-4719
6629	7245
-68	16817
-1743	7245
3280	-4719
-16813	-4719
1606	-4719
3280	-4719
-23510	26389
13327	7245
13327	-4719
3280	7245
-5092	-4719
1606	7245
6629	7245
-13464	-4719
-21836	-23863
-31883	-4719
13327	-23863
-3417	7245
3280	-14291
3280	-4719
4955	-4719
-21836	16817
-18487	7245
-3417	-23863
9978	-4719
8304	7245
8304	-14291
6629	7245
-3417	-33435
-8441	-4719
13327	7245
11653	-4719
13327	7245
11653	-4719
1606	-4719
3280	7245
13327	-4719
-10115	7245
1606	-4719
8304	-4719
-15138	-4719
11653	16817
9978	-14291
-6766	-4719
-18487	-4719
6629	7245
-68	16817
4955	-4719
-5092	-4719
-23510	7245
-8441	-4719
-3417	-4719
1606	16817
6629	7245
-8441	16817
-6766	7245
13327	-4719
-16813	16817
-68	7245
3280	-4719
-3417	-4719
4955	16817
-11789	-4719
-18487	26389
-1743	-4719
3280	-4719
8304	-14291
1606	7245
13327	-4719
-6766	-4719
-3417	16817
-8441	-4719
3280	-14291
-5092	7245
4955	7245
4955	7245
-18487	-4719
-68	-4719
-8441	-4719
3280	7245
-6766	16817
8304	7245
-20162	7245
-13464	16817
-68	-4719
11653	-4719
-13464	-4719
-1743	7245
-8441	-4719
1606	7245
4955	-23863
-8441	7245
-3417	7245
-3417	-4719
13327	7245
3280	-4719
-1743	-14291
-1743	7245
1606	7245
-3417	7245
8304	7245
-5092	-14291
-13464	-14291
13327	7245
-6766	-4719
6629	-4719
4955	7245
1606	-4719
-1743	7245
-11789	-4719
-6766	7245
-68	-4719
-11789	7245
-18487	-4719
-6766	7245
-8441	7245
8304	-4719
-3417	7245
1606	-4719
13327	-4719
1606	7245
11653	-23863
-68	7245
13327	16817
6629	7245
-5092	7245
6629	-4719
6629	-4719
-16813	-4719
8304	-4719
-16813	7245
6629	-4719
6629	7245
3280	7245
-5092	16817
13327	-4719
-20162	-4719
-68	-4719
6629	-4719
-5092	16817
1606	-14291
9978	-4719
-1743	-4719
-15138	-4719
13327	-14291
-68	7245
-68	7245
-1743	-4719
-16813	-4719
3280	-4719
-6766	7245
13327	-4719
3280	7245
9978	7245
-15138	-4719
11653	7245
9978	7245
-20162	7245
-11789	-14291
1606	-4719
9978	-4719
1606	16817
-10115	7245
-11789	-4719
-16813	26389
11653	-4719
3280	-4719
13327	7245
-10115	7245
1606	-4719
1606	-4719
9978	7245
11653	7245
11653	-14291
11653	7245
-8441	-4719
-5092	7245
-1743	7245
13327	-4719
6629	-14291
-6766	7245
6629	-23863
-16813	7245
-8441	7245
-3417	-4719
-8441	7245
-13464	-4719
-1743	7245
-23510	7245
3280	7245
3280	16817
13327	7245
-6766	-4719
-15138	7245
-15138	-4719
13327	-4719
-10115	16817
-3417	-4719
-5092	-4719
1606	-23863
6629	7245
11653	7245
-13464	-4719
4955	7245
-68	-4719
9978	-4719
13327	7245
1606	7245
-21836	7245
1606	-4719
4955	7245
-10115	7245
13327	-4719
11653	-4719
4955	7245
13327	16817
-35231	45533
-6766	7245
-8441	-4719
3280	7245
9978	-4719
-10115	16817
4955	-14291
-68	7245
8304	-23863
-15138	-4719
13327	7245
13327	-4719
-10115	7245
-68	-4719
9978	-4719
11653	-14291
-8441	-4719
-18487	-4719
1606	7245
11653	-4719
-68	16817
13327	-4719
4955	-4719
-13464	-4719
3280	-4719
-6766	26389
4955	-4719
8304	7245
3280	16817
3280	-4719
6629	7245
1606	7245
-1743	-4719
4955	7245
-6766	-14291
4955	7245
6629	-14291
13327	-23863
-6766	-4719
-1743	-4719
13327	-4719
-6766	-4719
-10115	16817
1606	-14291
8304	7245
-8441	-4719
13327	7245
-13464	7245
11653	-4719
-10115	-4719
3280	7245
-68	-4719
6629	-4719
-20162	16817
-68	16817
-6766	7245
-6766	7245
-8441	-4719
-1743	-4719
-6766	-4719
4955	-4719
-6766	7245
-5092	7245
-1743	7245
1606	-4719
11653	-14291
-10115	7245
-10115	-14291
6629	7245
-6766	7245
-68	7245
1606	-14291
13327	7245
-8441	16817
3280	7245
-11789	-4719
11653	7245
-68	-4719
-21836	-4719
3280	-4719
-1743	7245
8304	-4719
-5092	-14291
-23510	26389
6629	7245
6629	-4719
6629	-4719
-26859	-4719
6629	-4719
-3417	-4719
1606	7245
8304	-23863
-16813	-4719
9978	-4719
8304	7245
8304	7245
-3417	-4719
-18487	-4719
1606	-4719
3280	7245
8304	-4719
6629	7245
-6766	7245
8304	-4719
3280	-4719
-8441	7245
-1743	7245
-6766	-14291
6629	7245
-3417	-4719
8304	-4719
-1743	-14291
-6766	-4719
-6766	7245
-68	-4719
-11789	7245
-68	-4719
6629	-4719
8304	-4719
-1743	-4719
-8441	-4719
3280	-4719
-16813	7245
-26859	16817
8304	7245
-11789	-14291
-1743	-4719
-8441	7245
-6766	16817
-68	7245
9978	7245
-68	7245
1606	-4719
-33557	-4719
6629	7245
-18487	16817
-6766	-4719
3280	-4719
-68	-4719
13327	16817
1606	7245
1606	-14291
-5092	7245
13327	7245
-3417	-4719
-1743	-4719
-3417	-4719
11653	-4719
8304	7245
13327	-4719
11653	-14291
1606	7245
-68	-33435
8304	7245
13327	-14291
-8441	-4719
3280	7245
8304	16817
13327	-4719
13327	-4719
-11789	-14291
4955	-23863
-5092	7245
13327	-4719
8304	7245
8304	7245
-3417	-23863
8304	-23863
-6766	7245
4955	-14291
8304	7245
-18487	-4719
3280	7245
9978	-14291
11653	-4719
-16813	-4719
-6766	7245
6629	7245
13327	-14291
13327	-14291
8304	7245
13327	-4719
3280	7245
11653	-4719
9978	7245
-6766	-4719
11653	-4719
8304	7245
3280	-4719
-5092	-14291
-1743	-4719
-3417	-4719
-13464	7245
1606	-4719
-68	-4719
11653	-4719
6629	-4719
13327	16817
-8441	7245
6629	7245
-26859	7245
-5092	-14291
6629	7245
-68	7245
-21836	7245
-10115	7245
6629	-14291
11653	-4719
-68	7245
8304	7245
-1743	-4719
-5092	7245
1606	7245
11653	-4719
-23510	-4719
6629	7245
-23510	-14291
8304	-4719
-8441	-4719
11653	16817
3280	-4719
-68	-14291
8304	7245
6629	7245
8304	-4719
3280	-43007
4955	7245
-8441	-4719
-3417	7245
-11789	-23863
6629	-4719
13327	7245
-6766	-4719
3280	7245
4955	7245
4955	-4719
4955	-4719
-5092	7245
-23510	7245
-3417	16817
11653	7245
-3417	7245
-15138	7245
-68	-4719
3280	-4719
-1743	7245
-15138	-14291
1606	7245
8304	-4719
-6766	-4719
3280	-4719
4955	-4719
-10115	-4719
-6766	7245
1606	-4719
13327	7245
3280	-4719
-8441	-4719
-6766	-4719
-6766	7245
8304	7245
13327	-4719
13327	-4719
8304	-4719
-21836	16817
4955	-14291
8304	-4719
13327	-4719
-11789	7245
3280	7245
-5092	7245
-21836	-4719
8304	-14291
-35231	7245
13327	16817
4955	-4719
1606	-4719
11653	-4719
6629	7245
-20162	-4719
-3417	-4719
4955	7245
-18487	16817
-10115	-4719
13327	-4719
4955	-4719
4955	-33435
3280	7245
-23510	-4719
9978	-14291
11653	-4719
6629	-4719
-3417	7245
3280	16817
-18487	7245
-20162	-23863
-18487	7245
3280	7245
-6766	-4719
-1743	-23863
-13464	-4719
1606	16817
-8441	7245
-68	7245
-68	7245
-16813	16817
-8441	-14291
-68	7245
3280	-4719
6629	7245
-3417	7245
9978	16817
1606	-14291
13327	7245
-30208	16817
4955	7245
3280	-33435
3280	-4719
-16813	-4719
13327	7245
-68	-14291
11653	-4719
-68	7245
-25185	7245
-10115	7245
6629	7245
11653	-4719
-6766	-14291
13327	7245
-13464	7245
-5092	-14291
-6766	7245
6629	-4719
-20162	16817
11653	-4719
1606	-14291
11653	-4719
3280	-4719
-10115	-14291
11653	-4719
-13464	-4719
1606	-14291
11653	-4719
-11789	7245
-1743	7245
-15138	-4719
6629	-14291
11653	7245
1606	-4719
-68	-4719
13327	-4719
1606	7245
-6766	-4719
6629	-4719
-8441	7245
9978	16817
-16813	7245
-11789	-4719
-13464	-4719
-25185	7245
-3417	7245
8304	16817
-10115	7245
-15138	-4719
6629	-4719
1606	-4719
6629	16817
8304	7245
11653	-4719
-3417	-4719
-5092	-14291
-16813	-4719
-16813	-4719
3280	-4719
3280	-4719
6629	7245
4955	7245
-8441	-14291
-3417	-4719
11653	-4719
-28534	-4719
-8441	7245
-5092	-4719
-68	-14291
-18487	-33435
-11789	7245
-5092	-14291
9978	-4719
11653	7245
3280	-4719
13327	7245
6629	-4719
-5092	-4719
-1743	-4719
-10115	7245
-23510	7245
13327	-4719
1606	-4719
8304	7245
-6766	-4719
-13464	-14291
4955	7245
8304	7245
9978	-4719
-8441	7245
1606	16817
13327	-4719
13327	-4719
8304	16817
13327	-4719
6629	7245
13327	7245
6629	7245
13327	-4719
11653	7245
-13464	-23863
11653	-14291
-13464	-33435
9978	7245
-11789	-4719
13327	-4719
4955	-23863
-3417	7245
8304	-4719
-15138	7245
-23510	-4719
6629	7245
-5092	-4719
-3417	-4719
3280	-4719
-5092	-4719
-3417	-23863
8304	-4719
-8441	-14291
-68	16817
9978	-4719
-1743	-14291
9978	-14291
3280	-4719
4955	7245
-13464	-4719
-1743	7245
9978	-4719
9978	7245
-68	-4719
-15138	-4719
-10115	-4719
11653	-4719
1606	-4719
4955	-14291
6629	7245
-1743	7245
6629	-4719
-15138	-4719
-8441	7245
-3417	7245
-13464	7245
9978	-14291
11653	-23863
-68	-23863
-1743	-4719
3280	7245
9978	16817
4955	7245
8304	-4719
-18487	16817
-13464	-14291
9978	-4719
11653	7245
-1743	7245
6629	-14291
8304	-4719
13327	-14291
-68	7245
13327	-4719
11653	-14291
9978	-4719
-1743	7245
1606	7245
-8441	-4719
1606	7245
-18487	-4719
13327	-4719
-18487	7245
11653	7245
11653	-4719
3280	7245
11653	-4719
-18487	7245
6629	-4719
13327	7245
-1743	16817
-8441	26389
11653	-4719
-6766	7245
-8441	-4719
1606	-4719
-25185	-14291
11653	16817
-1743	-4719
-6766	7245
-18487	-4719
11653	-4719
6629	7245
3280	7245
3280	7245
-26859	-4719
-3417	-4719
13327	-4719
-16813	-4719
-11789	7245
11653	-4719
-68	-4719
-8441	-4719
-1743	-4719
3280	-14291
13327	7245
11653	-4719
-8441	-4719
9978	-4719
4955	-4719
-28534	-4719
1606	-4719
-8441	-4719
13327	-4719
-3417	-4719
3280	-4719
11653	-4719
-6766	7245
6629	16817
9978	-4719
-68	-4719
-25185	16817
3280	7245
-68	16817
6629	-14291
11653	7245
13327	-4719
9978	7245
11653	-14291
-15138	7245
13327	7245
8304	7245
13327	-4719
11653	-4719
3280	-14291
1606	7245
-3417	-14291
1606	16817
-68	-33435
1606	7245
-10115	-4719
1606	-4719
9978	16817
4955	16817
1606	7245
-1743	7245
11653	7245
13327	-14291
11653	-4719
-3417	7245
-6766	-14291
-1743	7245
8304	-4719
-11789	-14291
-16813	26389
-68	-4719
-13464	-4719
13327	-14291
-8441	-4719
4955	16817
-68	7245
8304	-4719
-6766	-4719
-3417	7245
-21836	-4719
-68	7245
8304	7245
4955	7245
3280	-4719
-3417	7245
-23510	7245
11653	-4719
11653	-4719
3280	-4719
-10115	7245
6629	7245
9978	-4719
-6766	7245
1606	-14291
13327	-14291
-6766	7245
-11789	-14291
8304	-4719
-68	-23863
1606	7245
-11789	7245
4955	-4719
-15138	7245
8304	-4719
1606	-14291
-1743	-4719
13327	-4719
-5092	-33435
-68	7245
-68	-4719
-1743	-4719
-6766	-14291
6629	-4719
-5092	7245
13327	-4719
-10115	7245
6629	-14291
-13464	-14291
-1743	-4719
-5092	7245
11653	16817
1606	16817
-8441	-4719
8304	-4719
-10115	7245
-16813	-4719
1606	-14291
-68	7245
11653	7245
4955	-4719
11653	7245
8304	-4719
9978	7245
-8441	35961
-3417	-4719
-3417	-4719
3280	-23863
-5092	-4719
1606	7245
6629	-4719
-25185	7245
-68	7245
-68	-4719
-1743	7245
13327	7245
11653	-4719
-10115	-4719
1606	7245
-11789	45533
9978	7245
-8441	-4719
-68	7245
6629	7245
-1743	-4719
-23510	7245
-5092	-4719
-3417	-4719
-68	7245
11653	7245
-68	7245
-68	7245
-3417	-14291
4955	-4719
-11789	-4719
6629	7245
13327	7245
-6766	-4719
13327	7245
-3417	7245
-6766	16817
13327	-4719
-6766	7245
3280	-4719
-68	-33435
11653	7245
1606	7245
9978	7245
-68	-23863
-18487	-4719
-5092	16817
4955	-4719
-6766	7245
6629	7245
11653	7245
-16813	7245
-1743	-4719
9978	7245
-3417	-4719
-8441	7245
-13464	-4719
11653	-14291
-18487	7245
13327	7245
-1743	7245
-11789	7245
13327	-4719
6629	-4719
6629	7245
8304	7245
3280	7245
-3417	-4719
8304	-4719
8304	7245
-8441	16817
-16813	7245
-1743	-4719
-8441	7245
3280	7245
-10115	7245
-35231	7245
6629	-4719
3280	45533
-5092	-4719
8304	-14291
-1743	7245
-16813	-4719
-5092	-4719
3280	7245
-8441	-14291
-35231	45533
-8441	7245
-68	-4719
6629	-4719
-10115	-4719
9978	-4719
-8441	7245
-6766	7245
-11789	-14291
-3417	-14291
-6766	-4719
6629	-4719
11653	-14291
8304	-14291
3280	7245
1606	-4719
-5092	7245
-26859	-4719
3280	-14291
13327	-4719
1606	7245
13327	-4719
1606	-4719
-40255	7245
9978	-4719
-8441	-4719
-3417	7245
-10115	-4719
-16813	7245
13327	-4719
4955	-4719
-3417	26389
8304	-4719
-10115	16817
3280	16817
-6766	-4719
-18487	-14291
4955	16817
-3417	-4719
11653	-14291
-68	-4719
3280	-14291
8304	-4719
3280	7245
-3417	-4719
4955	-33435
-3417	-4719
13327	-4719
-13464	-4719
-68	7245
11653	7245
-6766	7245
3280	7245
6629	7245
9978	-4719
-16813	7245
-68	-4719
-5092	7245
13327	7245
-10115	7245
-18487	16817
-20162	-4719
4955	7245
9978	7245
13327	7245
-3417	7245
-3417	-4719
-28534	-4719
-15138	-4719
11653	7245
1606	-4719
6629	7245
-18487	-14291
13327	-4719
-8441	7245
-3417	7245
-1743	7245
-6766	-14291
-10115	7245
1606	-14291
4955	-4719
-68	7245
-3417	-14291
-30208	-14291
-15138	16817
13327	16817
11653	7245
6629	16817
1606	-4719
1606	-4719
-68	7245
-6766	-14291
-1743	-4719
3280	16817
-18487	-4719
6629	-4719
9978	-4719
11653	-4719
3280	-14291
-20162	-4719
8304	7245
-11789	-4719
3280	7245
8304	-4719
-21836	16817
-6766	-4719
-6766	7245
-3417	7245
-3417	7245
-3417	16817
4955	-4719
-3417	-4719
6629	-4719
9978	7245
1606	7245
1606	-4719
6629	-4719
-1743	-14291
-11789	16817
11653	7245
11653	-4719
-3417	-4719
6629	-4719
-8441	-14291
13327	16817
-16813	16817
4955	16817
-68	-4719
6629	16817
-5092	-4719
1606	-4719
9978	-4719
9978	-14291
-3417	7245
13327	-4719
-68	7245
-1743	7245
-1743	-4719
11653	-4719
-8441	7245
6629	7245
-18487	-14291
-1743	-4719
3280	-14291
-8441	7245
1606	-4719
4955	-4719
13327	-4719
4955	-4719
6629	-4719
1606	26389
-3417	7245
-68	7245
13327	7245
-8441	7245
-18487	7245
-3417	7245
8304	-4719
-68	-14291
1606	-4719
-11789	7245
8304	-14291
-8441	7245
-5092	-4719
3280	-33435
1606	7245
11653	-4719
13327	-4719
-3417	-4719
3280	-4719
8304	-4719
-3417	-4719
8304	-14291
4955	7245
11653	7245
-20162	16817
8304	-4719
8304	-4719
-68	-14291
9978	-4719
-68	-4719
-1743	16817
13327	7245
-3417	-4719
1606	-4719
8304	-4719
-68	-14291
-28534	16817
8304	-4719
13327	-4719
6629	-14291
-11789	-4719
1606	7245
4955	7245
9978	-33435
-11789	-14291
8304	-4719
3280	-4719
-3417	7245
-8441	-23863
8304	7245
9978	-23863
8304	7245
-8441	-4719
4955	16817
-20162	16817
-3417	-4719
-68	7245
-1743	-4719
-3417	-4719
13327	-4719
-1743	-4719
-8441	-4719
-3417	-4719
4955	-4719
-68	7245
-18487	7245
11653	-4719
-25185	7245
8304	-4719
-3417	7245
-68	-4719
13327	-4719
3280	-4719
13327	7245
1606	16817
-10115	7245
9978	7245
-68	7245
-6766	-4719
1606	-4719
3280	7245
-16813	-4719
-1743	26389
9978	7245
4955	7245
-1743	7245
-1743	7245
-1743	26389
-5092	-4719
13327	7245
11653	-4719
9978	7245
9978	7245
9978	-4719
-68	-4719
-68	7245
-8441	-4719
-68	-4719
-10115	16817
-8441	-4719
1606	16817
8304	16817
13327	7245
4955	7245
-5092	16817
4955	7245
9978	-4719
9978	7245
-15138	7245
-68	-14291
-13464	7245
4955	7245
-10115	-4719
-68	-4719
6629	7245
8304	16817
8304	-4719
4955	7245
3280	7245
-20162	-14291
-68	7245
1606	-4719
4955	-4719
-68	7245
8304	-4719
6629	-4719
-5092	7245
9978	7245
1606	7245
9978	7245
-1743	7245
-3417	7245
11653	7245
-5092	-23863
-11789	7245
8304	-4719
-5092	7245
13327	-4719
-8441	7245
-8441	-4719
8304	-14291
13327	-33435
-11789	-4719
-10115	7245
1606	16817
-11789	7245
1606	-4719
-26859	7245
8304	-4719
-3417	7245
1606	7245
13327	-4719
-8441	-4719
-10115	-4719
-68	7245
-3417	7245
-1743	7245
13327	-4719
-8441	-4719
-5092	-4719
4955	7245
8304	-14291
6629	-4719
-3417	-14291
1606	-4719
-3417	16817
8304	-4719
-11789	7245
4955	7245
8304	-4719
4955	7245
-13464	16817
-1743	-14291
4955	-4719
9978	-14291
-8441	7245
-68	-4719
3280	-14291
8304	7245
-26859	-4719
-15138	-4719
8304	7245
-10115	-4719
3280	-4719
-16813	-14291
-11789	-4719
-1743	-4719
-6766	7245
-68	7245
8304	-4719
-8441	7245
6629	-4719
11653	-4719
-1743	7245
-13464	-4719
-8441	-4719
6629	-4719
4955	7245
-10115	-4719
3280	7245
4955	-4719
-1743	-4719
9978	-4719
3280	-4719
-18487	-14291
-5092	7245
1606	-4719
-1743	-4719
1606	-4719
-8441	-4719
11653	7245
-10115	-4719
-15138	7245
-8441	-4719
-3417	-4719
-16813	7245
3280	-4719
-1743	7245
-1743	-4719
3280	7245
-68	-14291
-1743	7245
13327	7245
-11789	-4719
1606	7245
4955	7245
6629	-14291
-1743	7245
-68	7245
1606	-4719
9978	7245
3280	7245
13327	-4719
-3417	-4719
11653	7245
4955	-4719
4955	-4719
6629	-23863
-8441	-14291
3280	-4719
11653	7245
-5092	7245
6629	-4719
4955	-4719
9978	-23863
-16813	-4719
3280	7245
13327	7245
9978	-4719
-8441	7245
4955	7245
-5092	-4719
-6766	7245
6629	-4719
1606	-23863
-8441	-4719
-1743	-14291
1606	7245
11653	16817
-20162	7245
11653	-4719
-20162	-14291
-15138	-4719
4955	-4719
4955	-14291
-8441	7245
1606	7245
13327	-4719
13327	-4719
-13464	-4719
8304	-14291
-68	7245
11653	7245
-8441	7245
-11789	7245
-11789	7245
1606	-4719
-1743	7245
9978	7245
4955	7245
-11789	7245
1606	7245
-11789	7245
-13464	16817
-5092	7245
-68	-4719
8304	7245
-16813	-4719
-8441	-4719
-10115	7245
-13464	-4719
-68	7245
8304	7245
-6766	-4719
-68	-4719
6629	-4719
6629	-4719
11653	7245
-68	-4719
8304	7245
-16813	-4719
1606	7245
3280	-4719
9978	-14291
1606	16817
-23510	-4719
13327	7245
-3417	7245
4955	7245
-68	-4719
4955	7245
-1743	7245
-68	-4719
-6766	-4719
-16813	-4719
-53650	-4719
11653	-33435
-3417	7245
8304	-4719
-15138	-4719
13327	-14291
8304	16817
1606	-4719
13327	7245
4955	-4719
11653	-4719
13327	-4719
13327	-4719
13327	-4719
-28534	-4719
-10115	-4719
-5092	7245
11653	7245
-3417	-14291
9978	-4719
-30208	-4719
3280	16817
6629	7245
13327	-14291
11653	7245
-6766	-4719
4955	-4719
11653	-4719
3280	7245
4955	-4719
13327	-4719
6629	-4719
-6766	16817
9978	-4719
-3417	-4719
8304	7245
-10115	-4719
9978	7245
-21836	7245
6629	-4719
1606	7245
-68	7245
8304	-4719
-11789	-4719
13327	-4719
-6766	7245
3280	-4719
-11789	-4719
-1743	16817
-6766	7245
-68	-4719
-15138	-14291
-3417	45533
-8441	7245
4955	-23863
-30208	7245
-26859	-14291
6629	-14291
-1743	7245
-13464	7245
3280	-4719
-5092	7245
-1743	-4719
4955	7245
1606	-4719
3280	16817
-68	7245
6629	-4719
4955	-4719
8304	16817
4955	7245
11653	-4719
-23510	-14291
4955	-4719
8304	-4719
-10115	-4719
-25185	7245
-10115	-4719
-3417	-4719
-3417	-4719
-13464	7245
-68	7245
6629	-33435
6629	16817
-13464	7245
1606	-4719
3280	-4719
-15138	7245
-3417	-4719
-5092	-4719
4955	-4719
-13464	7245
-3417	-14291
9978	-4719
-5092	7245
11653	7245
-68	7245
-20162	-4719
6629	-4719
-16813	7245
6629	-4719
-10115	7245
-21836	-4719
4955	16817
-68	7245
-5092	7245
13327	7245
4955	7245
4955	-4719
-26859	7245
-5092	7245
11653	-4719
3280	-4719
-1743	-14291
13327	7245
3280	7245
4955	-4719
11653	7245
-5092	7245
-68	-14291
6629	-4719
-3417	-14291
13327	7245
-1743	-4719
-68	16817
6629	7245
3280	7245
6629	-4719
11653	-4719
3280	-14291
-3417	-4719
-8441	7245
-15138	16817
8304	7245
-1743	16817
-18487	7245
4955	7245
3280	16817
-8441	-4719
13327	-4719
-11789	-4719
-10115	-4719
-68	7245
-15138	16817
-68	-4719
-13464	-4719
4955	-4719
9978	-4719
-5092	-14291
8304	-4719
1606	-4719
9978	7245
1606	7245
3280	-4719
-68	-4719
11653	-4719
-3417	-14291
8304	-4719
4955	7245
8304	-14291
3280	7245
11653	-4719
3280	-4719
-68	-4719
-16813	-4719
6629	7245
-3417	7245
-1743	-4719
-13464	7245
-68	-4719
-8441	-4719
-28534	35961
-15138	-4719
-3417	7245
-11789	-4719
-5092	-14291
-8441	7245
-5092	7245
6629	7245
13327	7245
11653	-14291
8304	-4719
-15138	7245
3280	7245
-18487	-4719
6629	-14291
8304	7245
1606	-4719
4955	-4719
9978	-4719
11653	-4719
-6766	7245
-68	-14291
-6766	7245
-1743	-4719
1606	-4719
8304	7245
4955	-4719
-5092	-4719
11653	-4719
-15138	-33435
13327	-4719
-3417	7245
4955	7245
9978	16817
11653	7245
6629	-4719
-21836	-4719
9978	-4719
-13464	-4719
8304	-4719
6629	7245
-13464	7245
-3417	7245
3280	-23863
6629	7245
3280	-4719
-3417	7245
-18487	7245
3280	-4719
13327	-14291
13327	-4719
9978	-4719
4955	-4719
-5092	16817
3280	-4719
-1743	-4719
-21836	16817
-6766	7245
-25185	-4719
3280	7245
1606	-4719
-6766	7245
8304	-4719
11653	7245
8304	7245
-5092	-4719
-5092	-4719
13327	7245
3280	-4719
9978	7245
-8441	7245
-6766	7245
3280	16817
6629	16817
-68	-33435
11653	7245
-1743	7245
-6766	-4719
1606	16817
13327	-4719
11653	-33435
4955	7245
3280	7245
11653	-14291
-5092	-4719
13327	-4719
-68	-4719
13327	-4719
8304	-4719
1606	7245
13327	7245
3280	-4719
4955	7245
-5092	-4719
1606	-14291
6629	7245
11653	-4719
-68	7245
-3417	7245
3280	-4719
-13464	-4719
11653	-4719
-68	-4719
13327	-4719
-68	7245
-6766	-4719
13327	-4719
-16813	7245
11653	7245
1606	7245
-23510	-4719
-3417	-4719
1606	7245
13327	-14291
3280	-4719
-68	-4719
-11789	7245
4955	-14291
-18487	7245
6629	7245
-3417	-4719
-1743	-4719
11653	-4719
-5092	-14291
13327	-4719
6629	-4719
-6766	7245
8304	-4719
3280	-4719
4955	7245
-8441	7245
4955	-4719
-8441	-14291
-3417	7245
-10115	-14291
8304	-4719
11653	-4719
-3417	-4719
-1743	7245
3280	-14291
-68	-4719
-13464	7245
4955	7245
-1743	-4719
-6766	16817
-1743	-4719
1606	-4719
-8441	16817
4955	-4719
4955	-14291
-8441	-4719
-10115	7245
-68	-4719
8304	-4719
-13464	-4719
-1743	-14291
11653	-4719
9978	16817
-10115	-4719
6629	-4719
6629	-4719
4955	-4719
-11789	7245
6629	-4719
13327	7245
3280	7245
-1743	7245
11653	-33435
6629	7245
-3417	7245
1606	7245
-5092	7245
-33557	7245
-11789	7245
-3417	7245
4955	-14291
-5092	-4719
6629	16817
3280	-4719
6629	7245
-68	-14291
-1743	7245
1606	-4719
6629	-4719
-18487	-14291
4955	-4719
11653	-4719
3280	-4719
9978	7245
-6766	-4719
-26859	-4719
-1743	7245
-10115	7245
13327	7245
-1743	-4719
8304	7245
6629	-4719
3280	7245
13327	7245
-5092	-4719
-18487	7245
-10115	-4719
11653	-4719
-1743	7245
4955	-4719
-68	-4719
1606	-4719
-68	7245
4955	7245
-13464	7245
8304	-14291
6629	-4719
-68	16817
1606	-4719
11653	-4719
13327	7245
-25185	7245
-6766	-4719
4955	7245
8304	7245
-23510	-4719
-10115	-4719
6629	-4719
-68	-4719
3280	7245
13327	-43007
-1743	-14291
-21836	-4719
13327	7245
-1743	7245
3280	7245
8304	-4719
1606	7245
-3417	-4719
-3417	-4719
3280	7245
13327	16817
-6766	16817
4955	7245
4955	-4719
1606	-4719
-16813	-4719
4955	-4719
4955	-14291
-1743	-4719
-5092	-4719
-68	7245
-26859	-4719
11653	7245
-6766	-4719
8304	7245
13327	-4719
-23510	7245
-3417	7245
13327	-4719
-5092	-14291
11653	7245
-10115	-4719
-11789	7245
8304	-14291
-13464	7245
-6766	7245
1606	7245
1606	-4719
9978	-4719
-10115	7245
13327	-23863
-11789	-4719
3280	7245
4955	-14291
-10115	-14291
3280	7245
-16813	-4719
-3417	7245
-68	7245
-3417	7245
-6766	7245
9978	-4719
8304	-4719
-16813	7245
-6766	-4719
-6766	-4719
-1743	-4719
13327	-4719
13327	-4719
-1743	7245
-68	7245
1606	7245
-68	-14291
3280	7245
-8441	-4719
-3417	-4719
-3417	16817
-68	-4719
-3417	7245
6629	7245
-1743	7245
9978	7245
1606	7245
3280	-4719
13327	-4719
-28534	-4719
-10115	7245
9978	-4719
-5092	7245
-6766	16817
-10115	-4719
8304	-4719
-16813	-4719
-68	-4719
4955	7245
-6766	7245
-5092	7245
-11789	16817
3280	-4719
3280	-4719
8304	16817
4955	-4719
11653	-4719
-15138	-4719
-1743	-4719
-15138	7245
4955	-4719
1606	7245
-23510	16817
-16813	-4719
-11789	-4719
6629	-4719
-18487	-4719
-18487	7245
3280	7245
1606	-14291
-20162	26389
-13464	16817
-68	7245
13327	-4719
11653	-4719
13327	7245
9978	-4719
-1743	7245
-16813	-4719
-6766	-4719
-68	-14291
-3417	-4719
-16813	-4719
-5092	-4719
-16813	7245
-3417	7245
-8441	-4719
-68	-14291
-30208	-4719
-8441	-4719
-1743	7245
-11789	7245
9978	-4719
-1743	-4719
-18487	-14291
1606	7245
9978	7245
1606	-4719
-13464	-14291
-68	-4719
9978	16817
-6766	16817
-6766	-4719
6629	7245
-1743	7245
-6766	-4719
4955	-4719
-15138	-14291
3280	-4719
8304	-4719
-8441	-4719
6629	-4719
8304	-14291
8304	-4719
13327	7245
-6766	-4719
-1743	7245
13327	7245
-11789	7245
13327	-4719
-1743	-4719
-6766	-23863
3280	7245
11653	-14291
-26859	7245
-11789	-4719
1606	-4719
1606	-4719
-8441	7245
8304	16817
13327	7245
9978	7245
-3417	7245
3280	7245
13327	-23863
-68	-4719
11653	-4719
4955	-4719
8304	-4719
8304	-4719
1606	-4719
3280	-4719
13327	7245
6629	7245
-1743	-14291
11653	-4719
11653	-14291
6629	16817
13327	-14291
-11789	-4719
-1743	-4719
3280	7245
3280	-4719
11653	-4719
4955	-4719
4955	-14291
-68	-4719
-25185	-14291
8304	-4719
4955	7245
-8441	7245
-1743	-4719
-5092	-14291
-68	7245
-13464	-43007
-5092	-4719
-13464	7245
8304	7245
13327	16817
-18487	7245
11653	7245
13327	-14291
-1743	-4719
-3417	-4719
-68	7245
13327	-4719
8304	7245
4955	7245
1606	-23863
8304	-4719
9978	-14291
1606	7245
11653	16817
9978	-4719
6629	-4719
1606	-4719
6629	7245
13327	-4719
-18487	7245
8304	-4719
-8441	-4719
-11789	-4719
3280	-4719
11653	-4719
3280	-14291
-1743	7245
6629	7245
-6766	-4719
4955	16817
13327	-4719
-68	-4719
8304	7245
13327	7245
1606	-4719
3280	-4719
-11789	7245
8304	7245
-3417	-4719
-3417	7245
-5092	7245
-23510	-14291
-16813	7245
-16813	7245
8304	-4719
1606	7245
-10115	-4719
-33557	-4719
-6766	-4719
-3417	-4719
8304	-4719
9978	7245
-68	-4719
3280	-4719
1606	16817
8304	-4719
-15138	7245
-8441	-14291
-10115	7245
1606	-4719
6629	7245
-10115	-4719
13327	7245
-3417	7245
4955	-4719
-3417	-14291
6629	-14291
-3417	-4719
8304	7245
11653	-4719
-13464	7245
4955	7245
-3417	7245
13327	-14291
-11789	-4719
-18487	45533
-10115	-4719
6629	-4719
-13464	7245
-68	-14291
-16813	7245
11653	-4719
11653	7245
-23510	-4719
4955	-4719
1606	7245
-28534	7245
-68	-4719
4955	7245
11653	-4719
-3417	-4719
9978	7245
-10115	7245
4955	7245
-5092	7245
3280	7245
9978	7245
-6766	-4719
-6766	7245
-68	16817
-11789	7245
8304	-4719
13327	7245
8304	-43007
-68	7245
-13464	-4719
-6766	7245
-1743	-4719
9978	-4719
9978	7245
1606	-4719
8304	7245
3280	-4719
-11789	-4719
13327	-14291
-5092	7245
-1743	7245
-10115	-4719
-68	-14291
4955	7245
9978	7245
13327	16817
6629	-14291
3280	-4719
11653	-4719
-6766	7245
13327	-14291
-3417	-4719
-15138	-4719
-68	16817
3280	-4719
4955	-4719
8304	7245
-6766	16817
-5092	-4719
1606	-14291
1606	-4719
13327	-4719
-13464	-4719
-68	7245
11653	-4719
9978	-4719
11653	7245
-1743	7245
-3417	7245
-13464	16817
-3417	7245
-68	-4719
-20162	-4719
13327	7245
-3417	-4719
1606	7245
-5092	7245
3280	-4719
4955	7245
13327	16817
4955	7245
-1743	-4719
1606	-4719
-3417	-14291
-3417	16817
11653	7245
3280	-4719
11653	-4719
-1743	7245
-3417	7245
3280	-4719
-15138	-23863
8304	-4719
6629	-14291
-15138	7245
-68	7245
-21836	7245
11653	-4719
-1743	-4719
8304	-33435
3280	-14291
-1743	7245
-5092	-4719
11653	-14291
11653	7245
-3417	-4719
-8441	7245
-11789	7245
-6766	-4719
-68	16817
-3417	-4719
-11789	-4719
4955	-4719
11653	7245
-23510	7245
-33557	7245
-6766	16817
13327	-4719
4955	-4719
-6766	7245
-10115	7245
9978	7245
-15138	-4719
-5092	-4719
-18487	-4719
6629	7245
-1743	7245
-10115	-4719
3280	-4719
11653	7245
3280	7245
6629	-4719
-15138	7245
-6766	-4719
-10115	7245
11653	-4719
6629	7245
3280	-4719
11653	7245
-8441	26389
1606	7245
13327	-33435
-16813	7245
-10115	7245
8304	-4719
-5092	-14291
6629	-4719
8304	-4719
-18487	-4719
3280	-4719
3280	-4719
-18487	16817
3280	7245
-10115	7245
8304	-4719
1606	7245
13327	7245
8304	-4719
3280	7245
4955	-4719
9978	7245
-13464	-4719
8304	-14291
-10115	16817
-5092	7245
4955	-4719
11653	-4719
13327	-4719
-10115	-4719
1606	7245
13327	-4719
4955	-4719
1606	-14291
9978	7245
-68	-14291
3280	-14291
-68	7245
-31883	7245
4955	-4719
6629	-4719
-16813	-4719
-68	7245
3280	7245
-16813	-4719
1606	-4719
-11789	7245
4955	-33435
6629	16817
9978	7245
-3417	-4719
11653	-4719
13327	-4719
9978	16817
-6766	-4719
11653	-4719
-8441	16817
-10115	-4719
1606	7245
-68	-4719
-18487	-14291
-1743	7245
13327	7245
4955	-4719
-5092	-14291
-6766	16817
13327	-14291
-3417	-14291
9978	7245
3280	7245
-15138	-4719
4955	7245
9978	7245
13327	-4719
-8441	-14291
3280	-4719
8304	-4719
6629	-14291
6629	-4719
3280	7245
-20162	-4719
-13464	-14291
9978	-4719
4955	7245
13327	7245
13327	-4719
1606	-14291
11653	-4719
-5092	-4719
9978	7245
6629	-14291
-68	-4719
-21836	16817
3280	-4719
-5092	7245
1606	7245
4955	7245
13327	-4719
13327	16817
3280	7245
13327	-4719
9978	-4719
-1743	7245
-5092	-14291
-5092	-4719
9978	-4719
-68	-14291
-8441	7245
-1743	-4719
-10115	-4719
-8441	-4719
8304	-4719
-3417	7245
-3417	-4719
-20162	16817
-3417	7245
3280	-4719
8304	7245
6629	-4719
-21836	7245
-5092	7245
4955	7245
-6766	-4719
-3417	-4719
11653	7245
3280	-14291
13327	7245
8304	16817
11653	7245
-13464	7245
-6766	-4719
-1743	7245
-13464	7245
8304	-14291
13327	-4719
-6766	7245
13327	7245
3280	7245
8304	-33435
9978	-4719
3280	7245
3280	7245
11653	-4719
13327	7245
-3417	7245
-13464	16817
1606	7245
4955	-4719
11653	7245
1606	-4719
-3417	-4719
-5092	16817
-68	7245
-11789	7245
-8441	-4719
-3417	-4719
13327	-4719
6629	7245
-11789	-4719
-1743	16817
-18487	-4719
8304	-4719
-13464	-4719
3280	-14291
-68	7245
6629	16817
8304	-4719
-1743	7245
-3417	-4719
-11789	7245
8304	7245
6629	-4719
3280	7245
-11789	7245
1606	-4719
6629	-4719
-21836	-4719
-5092	-4719
1606	-4719
-13464	-4719
8304	-4719
6629	7245
3280	7245
-6766	-4719
3280	16817
-5092	-4719
-1743	16817
9978	-4719
11653	7245
13327	7245
-10115	-4719
9978	7245
-8441	-4719
-6766	7245
-15138	7245
9978	7245
-15138	-4719
4955	7245
-3417	-14291
1606	-33435
11653	7245
6629	7245
-23510	-14291
-15138	7245
-10115	7245
-68	7245
3280	7245
11653	16817
11653	-4719
6629	16817
4955	-14291
11653	-4719
13327	-4719
8304	7245
-8441	-14291
-1743	-4719
6629	-4719
-1743	-4719
1606	-4719
-5092	-4719
-1743	-4719
-13464	-4719
-8441	7245
-28534	7245
-3417	-4719
-3417	7245
-10115	7245
-10115	7245
11653	-4719
11653	-4719
4955	-4719
-6766	7245
13327	-4719
4955	-4719
-8441	7245
11653	-4719
13327	-14291
3280	7245
-1743	7245
-5092	7245
-25185	-4719
-6766	16817
-6766	7245
-3417	-4719
-3417	7245
-1743	-4719
1606	-4719
13327	16817
1606	-4719
8304	7245
1606	-4719
1606	-23863
1606	16817
-5092	7245
6629	-14291
13327	-4719
6629	7245
-25185	-4719
13327	7245
-11789	7245
13327	7245
13327	7245
1606	-4719
-8441	-4719
-6766	7245
-8441	7245
-6766	-14291
-1743	7245
-3417	16817
-1743	-4719
-6766	-14291
-68	-4719
-15138	-4719
-1743	7245
13327	-4719
-68	7245
-11789	-4719
-68	-4719
6629	26389
-1743	-4719
-10115	-4719
-68	-4719
-5092	7245
-5092	7245
-11789	7245
6629	-14291
9978	7245
-68	-4719
-68	7245
1606	-4719
-16813	-4719
3280	-4719
-10115	7245
-13464	-4719
-68	-4719
11653	7245
13327	16817
4955	7245
13327	-4719
11653	7245
-6766	7245
-13464	-4719
4955	-14291
-21836	-4719
13327	-4719
-68	-4719
9978	-4719
1606	-4719
-10115	-4719
11653	-4719
1606	-4719
8304	-4719
9978	-4719
13327	16817
-20162	-4719
6629	7245
-3417	-4719
-3417	-4719
-1743	35961
9978	-4719
-6766	16817
13327	-14291
13327	-4719
1606	7245
-5092	-4719
1606	-4719
-21836	-4719
-15138	16817
-68	7245
11653	-14291
-68	-4719
-18487	-4719
3280	7245
8304	-4719
-5092	-4719
9978	-14291
13327	-4719
1606	7245
11653	7245
6629	-4719
-68	7245
13327	7245
-1743	7245
-68	-4719
11653	7245
-11789	7245
6629	7245
13327	7245
6629	-4719
8304	7245
6629	7245
-6766	-14291
11653	-14291
-5092	7245
-5092	7245
-1743	-4719
-1743	7245
1606	-4719
-15138	16817
13327	-4719
-5092	-4719
-1743	7245
-8441	-4719
8304	-4719
-1743	-4719
-40255	7245
-5092	-4719
-1743	7245
3280	-4719
9978	-4719
-15138	16817
8304	-4719
-68	-4719
3280	16817
-13464	26389
11653	-4719
4955	-14291
11653	7245
-1743	7245
9978	7245
3280	-4719
8304	-14291
-23510	7245
13327	-4719
8304	-4719
-11789	-4719
13327	-4719
11653	7245
4955	7245
8304	-4719
-5092	-4719
1606	7245
6629	-4719
11653	-4719
3280	7245
-8441	7245
1606	7245
9978	-4719
8304	7245
-6766	-4719
-5092	-4719
-8441	7245
4955	7245
-68	-4719
-23510	-4719
-21836	-4719
-18487	7245
3280	16817
9978	45533
-6766	-4719
4955	-4719
4955	-4719
8304	7245
4955	7245
-5092	7245
11653	-4719
-68	-4719
8304	-4719
13327	-4719
4955	-14291
-6766	7245
1606	-14291
4955	7245
-5092	7245
11653	7245
8304	-4719
-68	7245
-8441	16817
13327	-4719
8304	-4719
-68	-4719
-68	-4719
1606	-4719
-1743	-4719
9978	-14291
11653	7245
9978	-4719
4955	-14291
8304	7245
-1743	-4719
8304	7245
-1743	7245
-8441	7245
-10115	-4719
4955	-4719
-18487	-4719
4955	7245
1606	-4719
-13464	-14291
9978	-4719
-18487	7245
11653	7245
1606	7245
11653	7245
1606	16817
3280	-4719
13327	7245
13327	-14291
-10115	-4719
-18487	-4719
-15138	-4719
13327	7245
9978	-4719
13327	-4719
-5092	-14291
8304	-4719
-5092	7245
1606	-14291
4955	-4719
3280	-4719
-68	-4719
6629	16817
-21836	16817
11653	16817
8304	7245
4955	-4719
-10115	7245
-3417	7245
3280	-4719
8304	-4719
-6766	7245
8304	-4719
-10115	-4719
13327	-4719
8304	7245
-5092	7245
-13464	16817
-6766	-4719
-26859	-4719
-13464	-4719
6629	7245
-6766	-14291
6629	7245
1606	-4719
9978	7245
13327	7245
8304	7245
-5092	-4719
-3417	-4719
-6766	7245
6629	-4719
-18487	-4719
4955	-23863
11653	7245
3280	-14291
6629	-4719
-68	7245
3280	-4719
-68	16817
8304	-4719
-1743	-4719
8304	-4719
8304	-4719
-5092	-4719
-5092	-4719
-20162	7245
-6766	-4719
-8441	16817
-3417	7245
11653	-4719
-6766	-4719
-3417	7245
9978	-4719
11653	7245
8304	7245
-1743	-14291
-5092	-4719
-16813	35961
-16813	-4719
3280	7245
1606	7245
-6766	-4719
-68	-4719
-16813	-4719
13327	7245
11653	16817
8304	-4719
4955	7245
3280	-4719
13327	-4719
3280	7245
8304	-4719
3280	-4719
3280	7245
4955	7245
-68	16817
-8441	7245
-10115	7245
-15138	7245
9978	-14291
-8441	7245
-11789	7245
-6766	7245
8304	-4719
11653	-4719
-8441	7245
3280	-4719
6629	-4719
6629	-4719
-16813	7245
-5092	-14291
-11789	-4719
1606	7245
3280	7245
13327	-14291
-68	-4719
-5092	7245
-68	-4719
-3417	7245
11653	7245
3280	7245
-1743	-4719
11653	7245
13327	-14291
-15138	7245
1606	-4719
11653	-4719
-15138	7245
-8441	-4719
-5092	-4719
6629	7245
4955	16817
13327	-14291
3280	7245
-1743	-4719
-1743	7245
11653	7245
-1743	-4719
13327	-14291
-11789	7245
11653	7245
-6766	-4719
-8441	-14291
-11789	16817
11653	7245
-68	7245
-8441	-23863
-15138	7245
9978	-4719
8304	-4719
-25185	-4719
1606	-4719
-8441	7245
11653	-33435
-11789	-4719
-1743	7245
-25185	-23863
3280	-4719
-15138	-4719
11653	7245
-18487	-4719
6629	7245
6629	-4719
9978	7245
13327	35961
-11789	7245
6629	-4719
6629	-4719
-8441	7245
-13464	7245
-8441	-4719
8304	-4719
1606	7245
-11789	-14291
11653	7245
-8441	7245
3280	-4719
9978	7245
3280	-4719
13327	-4719
4955	7245
6629	7245
6629	-4719
1606	-14291
13327	-14291
8304	16817
9978	-4719
6629	-4719
13327	7245
9978	7245
-18487	-4719
6629	-4719
8304	7245
13327	-14291
11653	-14291
3280	7245
-3417	7245
3280	-4719
-10115	-4719
-8441	7245
3280	-4719
1606	7245
4955	-4719
-3417	7245
1606	7245
11653	-4719
3280	7245
1606	-4719
6629	7245
-68	-4719
3280	7245
-6766	7245
-25185	7245
8304	-4719
13327	7245
13327	7245
6629	7245
-30208	7245
9978	-4719
-3417	-4719
13327	7245
8304	-4719
1606	-4719
1606	7245
-5092	-4719
-16813	16817
9978	7245
9978	7245
1606	-4719
-13464	-4719
13327	-4719
-68	7245
11653	-4719
-18487	16817
9978	7245
-10115	-4719
-1743	-4719
4955	16817
-11789	16817
-5092	7245
-36906	-4719
-6766	7245
3280	-4719
-8441	-4719
8304	7245
11653	16817
-20162	7245
-68	-4719
-8441	-4719
11653	7245
-5092	7245
-13464	-14291
4955	7245
4955	-4719
3280	7245
6629	-4719
-1743	-4719
6629	-4719
-15138	-4719
-8441	-4719
-6766	-14291
8304	7245
13327	7245
11653	7245
-68	-4719
4955	7245
-26859	7245
9978	-4719
8304	-14291
4955	7245
6629	16817
-5092	7245
-6766	7245
9978	7245
-8441	-4719
-11789	-23863
11653	16817
8304	-4719
1606	-4719
-6766	7245
-5092	7245
-1743	7245
13327	7245
11653	7245
-16813	-4719
3280	-14291
3280	-4719
4955	-14291
9978	7245
-11789	-4719
4955	7245
-18487	7245
9978	7245
1606	7245
1606	7245
13327	-4719
1606	-4719
-68	-14291
4955	7245
11653	16817
-10115	7245
-10115	-4719
-6766	-4719
-20162	-4719
1606	7245
9978	16817
6629	7245
-6766	-4719
-41929	7245
3280	-4719
-3417	7245
-16813	-4719
1606	7245
13327	7245
1606	7245
11653	-4719
11653	7245
-3417	-4719
-3417	7245
13327	7245
4955	-33435
4955	-4719
-8441	-4719
13327	7245
11653	-4719
1606	-4719
13327	-4719
-11789	7245
9978	-4719
3280	7245
-6766	7245
6629	7245
9978	-14291
4955	7245
-20162	7245
-3417	-4719
-13464	-4719
13327	-4719
-21836	-4719
-11789	7245
11653	-4719
-68	-4719
-68	7245
-15138	-23863
3280	7245
11653	-4719
13327	-14291
11653	7245
-15138	7245
1606	-4719
9978	7245
3280	7245
-68	16817
-68	7245
-38580	35961
-3417	-4719
11653	7245
1606	7245
11653	-4719
-13464	7245
-68	-4719
-11789	-4719
-1743	-4719
11653	7245
-16813	16817
-3417	7245
-5092	7245
-3417	-14291
-5092	-4719
1606	-4719
-13464	7245
4955	-4719
-15138	35961
-68	7245
-6766	-14291
3280	-14291
-15138	-14291
4955	7245
-10115	-4719
3280	7245
1606	7245
-25185	35961
-33557	-4719
-1743	-4719
1606	7245
3280	7245
-5092	7245
3280	-4719
-23510	7245
-8441	7245
-13464	7245
11653	-4719
11653	-4719
-68	7245
13327	-14291
9978	-4719
3280	16817
3280	-23863
-5092	-14291
8304	7245
-68	-4719
-23510	-4719
13327	16817
8304	7245
-68	-23863
1606	7245
-16813	-4719
8304	7245
1606	-14291
11653	7245
13327	7245
3280	-33435
-5092	16817
6629	7245
-3417	7245
-1743	16817
-18487	-4719
3280	-14291
1606	-4719
6629	7245
-5092	7245
11653	-4719
4955	16817
-1743	-4719
-23510	-4719
-5092	-4719
11653	-4719
6629	-14291
3280	-14291
4955	-4719
-11789	-23863
8304	-4719
6629	-4719
11653	-4719
-8441	7245
11653	-4719
-3417	7245
-5092	-4719
-26859	35961
8304	-4719
3280	-4719
11653	-14291
6629	7245
6629	-4719
-25185	-4719
-3417	-14291
-10115	7245
4955	-4719
-40255	16817
6629	-4719
-10115	7245
13327	7245
-13464	-14291
-38580	7245
4955	-23863
-10115	16817
11653	-4719
-8441	-4719
11653	-14291
4955	-4719
1606	-4719
-8441	45533
13327	7245
-10115	-4719
-16813	-4719
6629	-4719
-13464	-4719
3280	-14291
-3417	-4719
-68	-4719
1606	16817
-3417	7245
-1743	-4719
-68	-14291
6629	-4719
-68	7245
1606	-14291
13327	-4719
13327	-4719
8304	16817
-68	-4719
9978	-23863
-10115	-4719
1606	-4719
8304	16817
4955	-4719
11653	-4719
11653	-23863
-6766	-4719
1606	-14291
3280	-4719
4955	16817
13327	7245
13327	-4719
1606	7245
13327	-14291
-15138	-14291
-3417	-14291
3280	7245
11653	-4719
8304	16817
9978	7245
-3417	-4719
4955	7245
4955	-4719
-23510	-4719
3280	-14291
-26859	-14291
-13464	-4719
13327	7245
13327	7245
1606	7245
9978	7245
-11789	-4719
-68	7245
-1743	-14291
8304	7245
-68	-4719
-5092	-4719
11653	-14291
11653	16817
3280	-4719
-68	-14291
13327	7245
8304	-4719
-15138	-4719
13327	-4719
-10115	-4719
-6766	-4719
-5092	7245
1606	-4719
3280	-4719
-13464	-4719
-3417	-4719
-5092	-4719
-6766	-4719
-35231	16817
11653	-14291
8304	7245
11653	-4719
-18487	-14291
6629	-14291
-68	16817
8304	-4719
11653	-14291
3280	-4719
-3417	-4719
4955	7245
-3417	-4719
3280	7245
-6766	-4719
13327	16817
-15138	-14291
-11789	-14291
-10115	16817
-5092	-14291
-10115	-4719
-5092	-4719
-6766	-4719
1606	-4719
6629	-4719
-3417	-4719
11653	-4719
9978	7245
9978	-4719
3280	7245
13327	-4719
6629	7245
-1743	-4719
13327	-14291
-25185	-4719
-68	-4719
1606	7245
9978	7245
-5092	-14291
11653	16817
-1743	7245
8304	-4719
9978	-4719
4955	7245
3280	7245
-1743	-4719
3280	7245
-8441	7245
-13464	-4719
11653	-4719
3280	16817
-3417	7245
11653	7245
-13464	7245
13327	-4719
-5092	-14291
-5092	-4719
-26859	45533
13327	-4719
4955	-4719
-68	-4719
-3417	-4719
1606	-4719
-11789	7245
-68	7245
6629	-4719
11653	-4719
-10115	7245
13327	7245
11653	-4719
11653	-4719
13327	7245
9978	-4719
-13464	-4719
-40255	-4719
9978	-14291
-3417	-14291
-13464	-14291
-3417	-4719
8304	-4719
3280	-4719
1606	-4719
-5092	-4719
11653	7245
-1743	7245
9978	-4719
11653	-4719
-10115	-4719
-15138	-4719
-8441	7245
-16813	-14291
-5092	16817
-6766	7245
4955	7245
6629	-4719
6629	-4719
8304	7245
-5092	7245
6629	7245
-1743	7245
-5092	7245
-68	7245
3280	-4719
-13464	-4719
11653	-4719
8304	16817
8304	-14291
-20162	-4719
9978	-4719
6629	7245
-18487	16817
4955	7245
1606	7245
-10115	-4719
6629	-23863
-11789	7245
-5092	-4719
1606	-4719
-6766	7245
-1743	7245
11653	7245
-6766	7245
-3417	-4719
1606	7245
4955	7245
-6766	-4719
9978	-4719
-5092	-4719
9978	7245
-3417	7245
8304	-14291
3280	-33435
1606	-14291
9978	16817
-6766	-33435
3280	7245
13327	7245
11653	7245
-3417	-4719
9978	7245
-6766	-43007
-68	-4719
-3417	7245
-3417	7245
-3417	-4719
11653	7245
13327	-4719
11653	-23863
-6766	-4719
9978	-4719
-68	-14291
9978	-4719
11653	7245
-6766	-14291
3280	-4719
-3417	-4719
3280	-4719
-1743	-4719
9978	7245
-68	7245
-8441	26389
3280	7245
6629	7245
-15138	-4719
6629	16817
6629	-4719
-5092	-14291
11653	-4719
-26859	7245
6629	7245
1606	7245
-18487	-4719
-68	16817
-3417	-4719
1606	-4719
-10115	-4719
-68	-4719
-10115	7245
-1743	7245
-1743	-4719
11653	-4719
-15138	7245
6629	-4719
8304	-4719
-8441	7245
6629	-4719
8304	-4719
1606	-4719
4955	7245
4955	7245
8304	7245
4955	-4719
13327	7245
13327	-4719
-68	7245
11653	7245
9978	-4719
-1743	-14291
13327	7245
13327	7245
11653	-4719
-8441	-14291
8304	7245
4955	7245
3280	7245
-13464	7245
6629	7245
-68	7245
-68	-14291
-21836	7245
6629	7245
9978	-4719
11653	-4719
-68	-14291
-68	-4719
11653	-4719
11653	7245
6629	-4719
-3417	7245
-1743	-4719
-6766	7245
-18487	-4719
9978	7245
-3417	7245
6629	-4719
-5092	16817
11653	-4719
1606	16817
-68	7245
13327	7245
-13464	-4719
4955	-4719
3280	-23863
13327	7245
-1743	7245
8304	-4719
-10115	-23863
-5092	-4719
3280	7245
13327	-4719
3280	-4719
1606	-14291
11653	-4719
-16813	-4719
-68	7245
3280	7245
-68	-4719
13327	16817
-10115	-4719
3280	7245
-16813	7245
11653	-4719
-5092	-4719
-68	7245
-5092	16817
-3417	-4719
-13464	7245
-15138	7245
-3417	-4719
11653	7245
13327	7245
-3417	-4719
-68	-4719
6629	-4719
13327	-14291
1606	7245
-3417	-14291
13327	-14291
-10115	-4719
11653	7245
6629	-4719
-68	7245
-1743	7245
-1743	7245
-1743	7245
11653	7245
8304	-4719
-16813	16817
-10115	-4719
6629	-4719
-1743	7245
11653	-4719
-10115	-33435
-6766	7245
13327	7245
1606	7245
6629	7245
-6766	7245
8304	16817
8304	7245
-1743	-4719
-68	-4719
13327	7245
-68	7245
-3417	-23863
-10115	-4719
-68	7245
-31883	7245
11653	-4719
-11789	7245
-68	-14291
8304	-4719
-18487	7245
-18487	-4719
13327	-4719
13327	7245
9978	7245
8304	-4719
-1743	-4719
4955	-23863
-21836	7245
-68	7245
1606	-4719
11653	-4719
11653	-14291
-1743	7245
-8441	-4719
1606	-4719
4955	7245
1606	-4719
-18487	7245
11653	7245
9978	7245
6629	-4719
13327	7245
4955	-4719
-6766	-14291
-1743	16817
-15138	-14291
1606	7245
-68	-4719
-11789	-14291
-5092	7245
9978	16817
1606	-4719
3280	-4719
-68	7245
9978	-4719
-68	-23863
-3417	-4719
-20162	-4719
1606	-4719
11653	7245
-18487	7245
-5092	7245
11653	7245
6629	-4719
-11789	16817
-5092	7245
11653	-14291
-8441	16817
3280	7245
3280	-14291
-68	-4719
1606	-4719
6629	7245
13327	-23863
-5092	-14291
11653	-4719
1606	7245
9978	7245
-6766	7245
8304	-4719
9978	-14291
8304	-4719
-6766	16817
1606	-4719
-16813	-4719
-5092	7245
-11789	16817
1606	-4719
-11789	-14291
-13464	-4719
6629	7245
8304	7245
3280	7245
-10115	-23863
3280	-4719
4955	-4719
-3417	7245
-1743	-4719
-68	7245
-68	-4719
6629	7245
13327	16817
-6766	-4719
-1743	7245
11653	7245
1606	-4719
13327	7245
-16813	-4719
3280	7245
-68	-14291
-8441	7245
-8441	-23863
11653	-4719
1606	7245
-3417	7245
3280	7245
4955	-4719
6629	-4719
13327	7245
8304	-4719
1606	-23863
3280	7245
6629	-4719
1606	-4719
-68	-4719
6629	-4719
9978	-4719
6629	-4719
-1743	-4719
-5092	7245
6629	-4719
-20162	7245
13327	7245
1606	7245
-68	-4719
-3417	7245
-6766	-4719
-6766	-4719
13327	-4719
3280	16817
8304	-4719
13327	7245
11653	-4719
6629	7245
-1743	-4719
13327	7245
6629	7245
6629	7245
3280	-4719
-13464	-4719
-6766	-14291
-6766	-23863
3280	7245
4955	7245
4955	-4719
-16813	16817
-33557	7245
-68	-4719
-1743	7245
-5092	7245
4955	7245
11653	-4719
6629	-4719
1606	-4719
-3417	-4719
8304	16817
11653	7245
-68	7245
-5092	-4719
13327	-4719
-11789	7245
-68	-14291
-21836	-14291
3280	-14291
1606	7245
-10115	-4719
3280	7245
-5092	-14291
-1743	7245
-21836	7245
-16813	7245
-68	7245
-5092	-4719
3280	16817
13327	7245
-16813	-4719
3280	7245
-1743	-4719
9978	-4719
-68	-4719
-5092	-4719
8304	-4719
-16813	-4719
13327	7245
3280	-4719
-3417	7245
13327	-23863
-3417	-4719
-16813	-4719
-10115	26389
-5092	7245
11653	-4719
-11789	16817
1606	-4719
-5092	-33435
-3417	-14291
-6766	-4719
-3417	-14291
3280	-4719
6629	7245
-5092	-14291
-3417	7245
3280	7245
-6766	-4719
6629	7245
6629	7245
-8441	-4719
13327	7245
1606	7245
-33557	16817
-10115	7245
13327	7245
4955	-4719
1606	16817
4955	7245
-6766	-4719
1606	-4719
3280	-14291
-13464	-4719
1606	7245
9978	-4719
11653	-23863
3280	7245
-1743	7245
6629	-4719
3280	7245
3280	-4719
-5092	-4719
8304	7245
13327	7245
-8441	-23863
13327	7245
-6766	7245
6629	7245
-68	-4719
-26859	-14291
11653	-4719
-3417	7245
4955	-14291
4955	-14291
3280	7245
8304	-23863
1606	-14291
-11789	-4719
11653	-4719
-5092	-4719
-1743	-4719
4955	-14291
-13464	7245
-1743	-4719
4955	7245
-68	7245
-68	-4719
6629	-4719
9978	-14291
-5092	-4719
9978	-4719
13327	16817
-15138	7245
-20162	7245
-18487	35961
8304	7245
-10115	7245
-6766	7245
8304	7245
-3417	-14291
11653	7245
-5092	7245
3280	7245
-5092	-4719
-10115	7245
-3417	-4719
-3417	-14291
8304	7245
3280	-4719
-8441	-4719
4955	-4719
-3417	-4719
1606	-4719
6629	7245
8304	-23863
-68	-4719
8304	-14291
11653	-4719
9978	7245
8304	-4719
6629	-14291
9978	7245
6629	-4719
11653	-4719
-10115	-14291
-5092	7245
13327	-4719
6629	7245
-6766	16817
9978	-14291
-1743	7245
1606	-4719
-3417	7245
-18487	7245
11653	7245
1606	-14291
13327	7245
-13464	-23863
-3417	7245
-13464	7245
11653	-4719
11653	-14291
-18487	-14291
-68	-4719
9978	16817
4955	7245
-11789	7245
-11789	7245
-11789	7245
-68	-14291
13327	-4719
11653	7245
13327	7245
-1743	-14291
-1743	7245
-68	7245
-5092	7245
-6766	7245
13327	-4719
-10115	16817
-5092	-4719
3280	7245
-3417	16817
6629	7245
13327	16817
8304	16817
13327	7245
9978	-4719
3280	-14291
-1743	7245
-3417	7245
6629	-4719
4955	7245
-15138	-4719
-23510	-4719
-15138	-4719
-8441	-4719
-18487	-4719
8304	-4719
13327	7245
4955	7245
-10115	7245
8304	16817
-1743	7245
13327	-4719
9978	-4719
-68	7245
-15138	-4719
13327	-14291
9978	7245
8304	7245
9978	7245
6629	7245
-13464	-4719
8304	-14291
-21836	-14291
-6766	-43007
-8441	16817
-8441	-4719
1606	-4719
-68	-4719
-8441	-4719
-11789	-4719
6629	-14291
13327	-4719
-21836	-14291
-68	7245
-10115	-4719
9978	7245
6629	7245
-21836	7245
4955	-4719
6629	7245
-68	-4719
-1743	-4719
13327	-4719
1606	7245
-5092	7245
1606	7245
-68	7245
3280	-14291
-1743	-4719
13327	7245
-6766	-14291
1606	-23863
-15138	7245
4955	-23863
1606	-4719
11653	7245
-33557	16817
6629	7245
-6766	-4719
13327	-4719
9978	-4719
-3417	7245
-16813	16817
8304	-4719
-5092	7245
-1743	-4719
-11789	-4719
13327	-4719
8304	-4719
-16813	7245
8304	7245
-6766	-14291
-16813	7245
-5092	-14291
9978	-4719
3280	16817
8304	7245
1606	-14291
-5092	-4719
1606	7245
-18487	-14291
-68	-4719
9978	-14291
1606	-4719
3280	-14291
-6766	7245
-20162	-4719
-6766	-4719
9978	-4719
-8441	-4719
8304	-4719
13327	-23863
-5092	7245
-10115	7245
1606	-4719
9978	-14291
13327	7245
8304	7245
8304	-4719
3280	7245
13327	7245
1606	-4719
-5092	-4719
-15138	-4719
13327	7245
3280	7245
-15138	26389
-13464	-14291
13327	-4719
-68	-4719
-1743	7245
6629	-4719
-13464	-4719
13327	-4719
-5092	-4719
-5092	-4719
-15138	-4719
11653	7245
1606	-23863
1606	-4719
6629	7245
-68	-4719
-8441	-4719
9978	-4719
8304	-4719
6629	-4719
6629	7245
13327	7245
13327	-4719
3280	-14291
-1743	-4719
-10115	16817
-68	-4719
1606	16817
-3417	7245
-5092	-4719
13327	7245
-11789	-4719
6629	-4719
-11789	7245
-1743	-4719
3280	-4719
-8441	16817
-5092	7245
-11789	-14291
6629	-4719
-1743	7245
-5092	7245
4955	7245
8304	7245
-15138	-4719
-68	-4719
-10115	-4719
3280	7245
13327	7245
-5092	-4719
4955	7245
1606	-4719
-16813	-4719
3280	7245
-10115	7245
13327	7245
-3417	7245
-1743	7245
1606	16817
1606	-4719
6629	7245
-16813	16817
1606	-4719
4955	-4719
-5092	7245
-11789	-4719
-6766	-4719
-8441	7245
-25185	-4719
3280	-14291
-68	7245
-68	7245
13327	-4719
-10115	7245
-6766	-14291
-23510	16817
-5092	-33435
-1743	-4719
13327	-4719
13327	7245
1606	7245
13327	-4719
-8441	7245
-5092	-4719
4955	-4719
-20162	-4719
-1743	-4719
-5092	7245
-1743	7245
-5092	16817
-13464	-4719
-1743	16817
-3417	16817
4955	-4719
-6766	-4719
-5092	16817
11653	-4719
13327	-4719
9978	-14291
11653	-4719
-68	-4719
-3417	-4719
8304	7245
13327	-4719
6629	7245
-21836	7245
-21836	-4719
3280	7245
13327	7245
13327	-4719
3280	7245
1606	7245
-1743	-4719
-13464	-14291
8304	7245
11653	-4719
1606	16817
-15138	7245
3280	-4719
-1743	-4719
3280	7245
-21836	26389
13327	-14291
-5092	-4719
-11789	-33435
-5092	7245
6629	7245
-3417	-4719
-3417	-14291
-15138	7245
1606	7245
1606	-4719
-68	-4719
-38580	-4719
8304	-4719
-1743	-4719
-21836	7245
3280	7245
3280	-4719
-68	7245
13327	7245
13327	-4719
6629	16817
13327	-4719
-6766	16817
-68	7245
-8441	16817
-8441	16817
-3417	-4719
9978	-4719
8304	-4719
-1743	-4719
13327	-4719
8304	7245
-1743	-4719
3280	-4719
-68	7245
-68	-4719
-10115	7245
-21836	-14291
8304	-4719
6629	7245
4955	7245
-15138	7245
11653	-4719
-5092	-14291
-10115	7245
4955	7245
-68	-4719
11653	-4719
1606	-4719
-11789	-4719
13327	-4719
-1743	-14291
4955	7245
-3417	7245
9978	7245
-1743	7245
9978	-14291
-15138	7245
3280	-4719
1606	-4719
-15138	-4719
9978	-4719
3280	-14291
-23510	-4719
-8441	-4719
-8441	7245
-3417	-4719
-8441	-14291
4955	7245
13327	7245
-48627	26389
4955	-4719
11653	-14291
6629	-4719
6629	7245
-16813	-23863
6629	-4719
-1743	-4719
13327	-14291
3280	-14291
13327	-14291
1606	-4719
6629	-4719
13327	-4719
3280	-4719
13327	-4719
4955	-4719
13327	-4719
13327	7245
11653	7245
9978	-4719
3280	-4719
-10115	7245
-11789	-14291
-21836	7245
-1743	7245
4955	-4719
-5092	35961
4955	-4719
-5092	-4719
-10115	-4719
8304	7245
13327	7245
13327	7245
-11789	7245
13327	-4719
6629	-33435
-10115	7245
-1743	35961
6629	-14291
8304	-4719
13327	-4719
-15138	-14291
-8441	7245
13327	7245
8304	-4719
8304	-4719
4955	-4719
1606	-4719
-10115	-4719
1606	-14291
-6766	16817
-1743	-4719
1606	-4719
-68	7245
-18487	-4719
-68	7245
6629	16817
9978	16817
8304	-4719
4955	16817
11653	-4719
8304	-4719
-21836	-4719
13327	7245
-1743	-4719
6629	-4719
8304	-14291
-6766	-4719
-68	-4719
-3417	16817
-5092	-4719
8304	-4719
-5092	-4719
-1743	-4719
1606	7245
-15138	-4719
-20162	7245
-3417	-4719
3280	7245
-21836	-4719
-21836	7245
-8441	-14291
6629	-4719
4955	-23863
-68	7245
4955	7245
-16813	7245
9978	7245
-13464	-4719
-11789	-4719
1606	7245
1606	-4719
-10115	7245
6629	-14291
1606	-4719
9978	7245
9978	-4719
13327	-14291
-8441	7245
4955	7245
8304	-4719
-3417	-14291
13327	-4719
6629	-14291
1606	-4719
-8441	16817
-15138	-14291
13327	7245
11653	7245
-18487	7245
1606	7245
-1743	-4719
-10115	7245
-3417	-4719
11653	7245
-20162	-4719
-6766	-14291
-1743	-4719
-15138	-4719
-10115	-4719
4955	7245
-13464	-4719
-6766	-4719
-8441	-4719
6629	-4719
13327	-4719
-3417	16817
-3417	-4719
-10115	7245
6629	16817
-10115	-4719
4955	7245
4955	7245
9978	-4719
4955	-4719
8304	-14291
13327	7245
-68	-4719
1606	-14291
13327	7245
-20162	7245
4955	7245
4955	-4719
11653	-4719
6629	16817
11653	7245
8304	-4719
-10115	7245
-1743	7245
13327	-14291
-6766	-4719
4955	7245
9978	7245
6629	7245
-10115	-4719
-10115	16817
6629	7245
11653	-4719
6629	7245
3280	7245
-5092	7245
4955	7245
9978	7245
-5092	-4719
-11789	-14291
-13464	-4719
-1743	7245
3280	-14291
6629	-4719
3280	7245
1606	7245
-38580	7245
-6766	-4719
4955	-4719
-20162	-4719
-68	-4719
3280	7245
4955	-4719
6629	16817
9978	-4719
-6766	-4719
-6766	-14291
3280	7245
-10115	7245
3280	-4719
-1743	16817
11653	-4719
-68	7245
9978	-4719
-3417	-4719
8304	7245
-1743	-4719
8304	-4719
-6766	16817
4955	7245
-6766	7245
13327	-4719
11653	7245
1606	-14291
-5092	7245
4955	-4719
4955	-4719
-68	7245
4955	-4719
13327	-4719
9978	16817
-13464	-23863
-5092	7245
6629	7245
-6766	-4719
-1743	-4719
1606	7245
3280	16817
-5092	7245
3280	16817
-11789	26389
-3417	7245
-3417	-4719
-16813	7245
4955	7245
11653	7245
-8441	-4719
4955	-14291
11653	-4719
8304	-4719
-10115	-14291
-6766	7245
-13464	-4719
-21836	7245
6629	7245
8304	-33435
9978	7245
-18487	7245
8304	7245
1606	16817
13327	7245
1606	7245
1606	16817
9978	-4719
-18487	7245
-18487	16817
13327	7245
3280	-4719
-1743	7245
-5092	7245
-15138	-4719
-15138	16817
13327	-4719
9978	-14291
9978	-4719
-3417	-4719
8304	-4719
-18487	-4719
-3417	-4719
9978	16817
-10115	-4719
3280	-4719
-5092	7245
4955	7245
13327	7245
11653	7245
-1743	-14291
11653	-4719
9978	-14291
4955	-4719
-68	-4719
-38580	-4719
-5092	16817
11653	7245
11653	-4719
-23510	7245
4955	7245
13327	16817
-68	7245
-15138	-4719
8304	7245
1606	-4719
-5092	-4719
-15138	7245
6629	-4719
-13464	7245
-5092	-4719
-8441	7245
6629	-33435
13327	-4719
4955	-4719
1606	-14291
-1743	-4719
8304	-4719
4955	-4719
-68	-4719
8304	-4719
-5092	-4719
-11789	7245
-1743	-4719
11653	-4719
8304	-4719
-15138	7245
-11789	7245
9978	-4719
9978	7245
-8441	-4719
-5092	-4719
-20162	7245
1606	7245
-3417	-4719
13327	-4719
3280	-4719
6629	-4719
-68	7245
13327	7245
-3417	7245
-6766	-4719
8304	7245
13327	7245
-5092	-4719
-6766	16817
4955	-4719
-5092	7245
1606	16817
4955	-4719
-8441	7245
-8441	7245
-5092	-4719
9978	7245
-11789	-4719
-5092	16817
9978	-14291
11653	7245
6629	7245
8304	7245
3280	7245
4955	7245
-3417	-14291
6629	7245
-5092	-4719
-8441	7245
-6766	16817
-68	7245
9978	7245
13327	7245
-1743	-4719
-25185	7245
1606	7245
13327	7245
-15138	-4719
4955	-4719
4955	16817
13327	7245
-20162	-14291
1606	-14291
4955	16817
13327	16817
3280	7245
6629	-4719
-5092	7245
-10115	-4719
9978	-14291
-11789	-4719
6629	7245
3280	7245
-31883	-4719
-18487	7245
11653	-14291
-15138	-14291
-6766	7245
13327	-23863
11653	-14291
-6766	-14291
-1743	-4719
-13464	7245
-68	7245
13327	-4719
-26859	7245
13327	-4719
1606	-14291
-18487	-4719
4955	16817
-13464	-4719
4955	7245
-5092	7245
-8441	7245
8304	7245
3280	7245
4955	-14291
13327	7245
-23510	7245
6629	7245
9978	-4719
-8441	7245
-5092	16817
6629	7245
3280	7245
13327	-4719
6629	7245
-1743	7245
13327	-4719
8304	-4719
-26859	-4719
-10115	7245
4955	-14291
-20162	-4719
13327	-4719
4955	-14291
-6766	7245
8304	7245
6629	-4719
11653	7245
-68	-4719
-1743	-4719
-68	7245
-18487	-4719
-25185	7245
-18487	-4719
-18487	7245
8304	-4719
9978	7245
6629	7245
-35231	7245
1606	-4719
1606	7245
-11789	-4719
1606	7245
6629	7245
-6766	-14291
11653	-14291
6629	-4719
-8441	16817
-11789	-14291
9978	7245
13327	7245
1606	7245
-68	7245
3280	7245
6629	-4719
4955	-4719
13327	7245
8304	-4719
-1743	-4719
-8441	-14291
-11789	7245
-23510	35961
-5092	-4719
-13464	26389
11653	-4719
11653	7245
-68	-4719
-5092	-4719
6629	7245
3280	-4719
-11789	-4719
6629	-4719
9978	7245
-5092	-14291
-25185	-4719
4955	-14291
13327	7245
-18487	16817
11653	-4719
-6766	-4719
-5092	-4719
-13464	7245
4955	-4719
-68	-4719
4955	7245
11653	7245
-5092	7245
8304	-4719
-5092	7245
9978	-4719
-8441	7245
9978	-14291
-68	-23863
-1743	-4719
1606	7245
-30208	7245
-13464	7245
-5092	16817
13327	-4719
13327	-4719
13327	-14291
11653	-4719
3280	-23863
-3417	-4719
4955	-4719
13327	7245
1606	-4719
6629	7245
6629	7245
-5092	7245
-68	7245
-15138	-4719
-13464	-4719
-5092	-14291
6629	7245
1606	16817
9978	-4719
-21836	7245
-25185	26389
1606	-4719
6629	7245
-1743	-4719
-1743	-4719
1606	-14291
-13464	-4719
-1743	7245
8304	-4719
4955	7245
3280	-4719
6629	-4719
3280	-4719
-13464	7245
-68	-23863
13327	-4719
-1743	16817
3280	-4719
4955	-4719
-10115	-14291
-5092	7245
1606	-4719
8304	7245
8304	7245
4955	7245
-16813	-23863
13327	-4719
6629	7245
-3417	7245
-68	7245
-5092	-4719
-23510	7245
13327	16817
-1743	7245
-10115	-14291
-11789	7245
-5092	7245
1606	7245
-1743	7245
-13464	7245
3280	16817
3280	7245
-15138	-4719
13327	-4719
-11789	-14291
-1743	-4719
8304	-4719
3280	7245
-18487	7245
8304	-4719
-13464	-4719
4955	-4719
-23510	7245
-10115	7245
-6766	-33435
1606	7245
3280	-4719
3280	7245
1606	-4719
-68	7245
-21836	-43007
9978	7245
-1743	-4719
-20162	7245
9978	-4719
11653	-4719
-25185	7245
6629	7245
1606	7245
6629	-23863
11653	16817
9978	-4719
-16813	-4719
-3417	7245
3280	-14291
-5092	7245
-11789	7245
-1743	-4719
1606	-4719
-5092	7245
-3417	7245
13327	16817
8304	7245
-10115	-4719
-5092	-4719
-15138	-4719
4955	-4719
-8441	-4719
6629	-4719
3280	-4719
-30208	7245
-8441	16817
-21836	16817
1606	-14291
-6766	-4719
4955	-4719
-3417	-4719
11653	7245
-68	-4719
4955	-4719
8304	7245
-8441	7245
4955	7245
-10115	7245
6629	-4719
-15138	7245
-5092	-4719
-68	-4719
6629	-14291
3280	7245
-15138	-4719
13327	-4719
1606	7245
-31883	-4719
8304	-4719
-23510	7245
-6766	7245
4955	16817
-10115	-23863
13327	-4719
6629	7245
-1743	-4719
3280	-4719
-18487	16817
11653	-4719
8304	-4719
3280	7245
-3417	-23863
4955	-14291
-16813	-4719
11653	-4719
1606	-4719
8304	7245
3280	7245
-1743	7245
-1743	-4719
13327	-4719
1606	7245
-8441	-14291
-3417	7245
-68	-4719
3280	-4719
13327	-4719
11653	-4719
13327	7245
-5092	-4719
3280	7245
6629	7245
13327	7245
1606	-4719
-5092	-14291
-68	7245
-21836	16817
-13464	-4719
-6766	-4719
-8441	-4719
8304	7245
-16813	-4719
11653	7245
-1743	-4719
-16813	-4719
-6766	7245
-18487	7245
-1743	7245
9978	7245
9978	7245
8304	7245
-10115	16817
-68	16817
-10115	-14291
8304	-4719
-1743	7245
6629	-4719
-15138	7245
-10115	7245
-5092	7245
9978	16817
4955	-4719
11653	-4719
-6766	7245
-1743	7245
9978	7245
-3417	7245
8304	-4719
13327	-4719
-3417	16817
4955	-14291
-20162	7245
8304	-4719
9978	-14291
-10115	-4719
-15138	-4719
8304	7245
-68	-23863
-35231	45533
13327	-4719
-5092	7245
11653	-4719
-3417	7245
6629	16817
-3417	-4719
-1743	7245
-5092	-4719
3280	7245
11653	-4719
-3417	-4719
1606	-4719
-3417	7245
9978	-4719
8304	-4719
-1743	7245
8304	-4719
-10115	7245
-68	7245
-1743	-23863
-5092	-4719
8304	-4719
-6766	-4719
-6766	7245
1606	-4719
-8441	-4719
-21836	-14291
-68	-4719
-11789	16817
-68	7245
6629	-4719
-13464	7245
-5092	7245
8304	-14291
9978	7245
6629	-4719
-6766	7245
8304	7245
13327	7245
3280	7245
-31883	7245
8304	7245
4955	-4719
6629	7245
-68	-14291
-1743	7245
13327	-23863
-68	-4719
-11789	-14291
-3417	-14291
3280	-4719
-8441	7245
6629	7245
-6766	7245
6629	-4719
-1743	-4719
6629	16817
-16813	7245
-8441	-4719
4955	7245
9978	16817
9978	-14291
-18487	-4719
-8441	-4719
-5092	7245
8304	-4719
3280	-4719
6629	7245
-68	-14291
1606	-14291
-5092	7245
-5092	-4719
4955	-14291
1606	7245
4955	7245
-23510	7245
1606	7245
3280	7245
9978	-4719
1606	7245
-18487	26389
9978	-4719
9978	-14291
-3417	7245
13327	-4719
-10115	-4719
-11789	-4719
-8441	-4719
-21836	7245
3280	7245
-3417	-14291
11653	-4719
3280	35961
-68	-4719
13327	-4719
4955	16817
-30208	7245
9978	-4719
-10115	-4719
6629	-4719
4955	-4719
-3417	-4719
-68	-4719
-68	7245
-3417	-4719
6629	7245
-6766	-4719
13327	-4719
-5092	7245
-8441	-4719
13327	7245
4955	16817
-68	-23863
9978	7245
8304	-14291
9978	-14291
4955	-4719
4955	-4719
-25185	-4719
8304	-4719
13327	-4719
9978	-23863
-1743	-4719
4955	16817
-5092	-4719
-26859	7245
-3417	-4719
-5092	-4719
3280	-14291
-26859	16817
3280	-4719
-1743	7245
9978	-4719
-3417	-4719
-18487	26389
-11789	-4719
6629	-4719
9978	-4719
8304	-14291
-8441	7245
11653	-4719
1606	-14291
4955	-4719
-5092	-14291
-1743	-23863
13327	-4719
-68	-4719
3280	-4719
8304	7245
13327	7245
-10115	7245
3280	-4719
13327	-4719
-8441	-14291
-5092	-4719
-1743	7245
9978	-4719
-5092	-4719
-68	7245
4955	7245
4955	7245
-6766	-4719
-68	-4719
-5092	7245
11653	7245
1606	-14291
13327	-4719
3280	7245
-6766	-4719
13327	7245
8304	-4719
-68	-4719
9978	7245
13327	-4719
-8441	-4719
-5092	-4719
-3417	-4719
11653	-4719
-5092	-4719
9978	7245
13327	-14291
4955	-4719
1606	-4719
-8441	7245
-10115	-4719
-5092	-4719
-5092	7245
13327	7245
-8441	-14291
4955	7245
9978	16817
11653	7245
-8441	7245
13327	-4719
-68	-4719
6629	16817
4955	-14291
-68	-33435
-1743	-4719
11653	7245
1606	-4719
9978	16817
-1743	-4719
1606	7245
-1743	-14291
8304	16817
3280	7245
-68	-4719
-68	-14291
-3417	-4719
-6766	7245
-10115	-4719
-21836	7245
13327	7245
3280	7245
-11789	-14291
13327	7245
-10115	-4719
9978	-4719
13327	-4719
4955	7245
-6766	-4719
-11789	-14291
11653	7245
-6766	7245
3280	7245
4955	-4719
8304	7245
-6766	7245
13327	7245
13327	-4719
-6766	-4719
-15138	-4719
-3417	-4719
6629	-4719
13327	-4719
-13464	7245
11653	-4719
-68	-4719
-6766	-4719
13327	7245
3280	7245
8304	-4719
-68	7245
-6766	7245
-68	7245
-68	7245
3280	-4719
6629	7245
-5092	-4719
8304	-14291
11653	7245
-10115	7245
-8441	16817
6629	7245
13327	7245
-8441	-4719
-3417	-4719
3280	-4719
4955	-4719
-6766	-4719
4955	-4719
-20162	-4719
-15138	-4719
-68	-4719
-1743	7245
4955	-4719
-23510	-4719
-18487	-4719
8304	-14291
1606	7245
-11789	-4719
-11789	-4719
-21836	-4719
-1743	7245
-3417	-4719
13327	-4719
13327	7245
9978	-4719
1606	7245
8304	7245
13327	-4719
-3417	-14291
-3417	7245
4955	7245
-68	-4719
-13464	-14291
1606	7245
11653	-4719
6629	7245
-11789	7245
4955	7245
-18487	7245
-20162	-4719
-6766	-4719
-3417	7245
-6766	-4719
-11789	7245
6629	-14291
1606	7245
4955	-4719
1606	-4719
-5092	-4719
-18487	-4719
-10115	-14291
-1743	-4719
9978	7245
8304	-4719
-68	7245
11653	-4719
8304	-4719
3280	-4719
9978	7245
3280	-4719
8304	-14291
6629	16817
-20162	-4719
-6766	-4719
-3417	16817
8304	-4719
8304	-14291
-68	-4719
-68	7245
6629	-14291
-1743	-14291
-10115	-4719
11653	16817
11653	-14291
-10115	7245
-3417	16817
-6766	-4719
-1743	-4719
-5092	-4719
-68	-14291
11653	-4719
13327	-14291
-11789	-4719
13327	-14291
-3417	-4719
-5092	-14291
3280	7245
13327	7245
9978	-4719
8304	-4719
-10115	7245
-68	-4719
9978	-4719
-68	7245
-5092	-4719
-5092	7245
4955	-4719
9978	-4719
9978	-4719
11653	-4719
9978	-4719
-5092	-4719
-1743	7245
13327	-4719
8304	-4719
4955	7245
11653	-4719
-3417	7245
-3417	-4719
-10115	-4719
-8441	7245
-68	-4719
-35231	16817
-20162	16817
11653	7245
-3417	7245
1606	7245
3280	-14291
13327	7245
4955	-14291
-26859	16817
1606	-14291
-1743	-4719
13327	7245
6629	-4719
-6766	7245
-5092	26389
-3417	-4719
8304	7245
-1743	7245
-13464	16817
-8441	-4719
-15138	7245
9978	-4719
-10115	7245
-3417	7245
-6766	16817
-10115	7245
4955	7245
-18487	-14291
-68	-4719
6629	-4719
1606	7245
6629	-4719
-68	-14291
-1743	-4719
-8441	7245
6629	26389
-10115	7245
9978	-4719
1606	7245
-1743	7245
1606	-33435
13327	7245
-13464	-4719
9978	-4719
-21836	7245
8304	7245
-1743	7245
-68	-4719
-28534	16817
-6766	-4719
8304	-4719
-8441	7245
-6766	7245
-15138	7245
-15138	7245
-11789	7245
9978	-4719
6629	7245
-5092	-4719
6629	-4719
13327	-23863
-16813	7245
-23510	-4719
-3417	7245
-20162	7245
-68	-4719
-3417	-14291
8304	-4719
8304	-14291
-1743	7245
9978	-4719
11653	-14291
-23510	7245
-1743	7245
1606	7245
-18487	7245
-11789	-14291
8304	7245
8304	-14291
-1743	-14291
13327	-4719
-18487	16817
4955	7245
-16813	-4719
-10115	7245
-8441	-4719
-5092	-14291
-68	7245
8304	-4719
13327	16817
13327	-4719
9978	-14291
-13464	16817
8304	-4719
11653	-4719
9978	-4719
6629	-4719
9978	-4719
4955	-14291
11653	7245
-15138	-4719
13327	-4719
9978	-14291
1606	7245
-21836	-14291
-1743	7245
-10115	-4719
-68	-4719
-68	-4719
-1743	-14291
8304	-14291
-1743	-4719
-5092	7245
-68	7245
-8441	-4719
3280	-4719
-21836	7245
-3417	7245
13327	7245
-1743	-4719
-68	-4719
3280	7245
13327	7245
9978	-4719
-18487	16817
6629	-33435
11653	7245
8304	-4719
9978	-4719
-1743	-4719
-10115	-4719
-20162	7245
13327	-14291
-68	-4719
8304	16817
-26859	26389
13327	7245
-8441	-14291
-8441	7245
4955	7245
3280	7245
4955	-4719
-23510	-4719
6629	7245
13327	7245
-68	-4719
-1743	-4719
3280	7245
9978	-4719
-6766	-4719
-11789	-14291
-23510	-4719
-1743	16817
-6766	26389
11653	7245
-68	7245
1606	-4719
11653	-4719
1606	35961
1606	-4719
-68	-4719
-5092	-4719
8304	-14291
13327	-4719
8304	-4719
-13464	-14291
-18487	-14291
-13464	-23863
-11789	7245
13327	-4719
1606	-4719
13327	7245
11653	7245
13327	7245
-68	-4719
-11789	-4719
-5092	7245
-3417	-4719
-1743	7245
-25185	-4719
11653	7245
-15138	-4719
-11789	-4719
-68	16817
13327	-4719
6629	-4719
-68	-4719
-1743	-23863
8304	-4719
9978	7245
-10115	-4719
-68	-4719
6629	7245
11653	7245
3280	-4719
1606	7245
11653	-14291
-6766	7245
-8441	-33435
13327	7245
-26859	7245
-13464	7245
6629	-4719
-11789	7245
-68	-14291
6629	7245
-5092	16817
-1743	7245
-38580	16817
11653	-14291
8304	-4719
11653	7245
6629	-4719
3280	7245
-1743	16817
-31883	-4719
11653	-14291
13327	-4719
8304	-14291
-15138	7245
6629	7245
-10115	-4719
1606	-4719
-68	-4719
4955	-33435
-3417	-4719
1606	45533
-25185	-4719
3280	-4719
1606	-4719
-11789	7245
1606	-4719
-3417	-4719
6629	7245
-11789	7245
13327	-4719
-5092	-14291
-6766	-4719
13327	-4719
9978	7245
4955	-4719
11653	-4719
-1743	16817
4955	-4719
11653	7245
11653	-4719
-5092	7245
-5092	16817
3280	7245
-5092	-14291
-3417	7245
-5092	-14291
-6766	-4719
3280	7245
8304	-4719
3280	7245
-6766	7245
13327	-4719
6629	7245
13327	-4719
-1743	-4719
-6766	7245
4955	-4719
-68	7245
-3417	7245
1606	-14291
-25185	7245
9978	7245
-13464	7245
9978	7245
11653	7245
-18487	-4719
