19998	-2623
-2525	-5241
4982	-2623
-2525	-5
2479	-2623
2479	-5241
2479	-15712
-12536	5230
-5028	10465
-10033	-5241
7485	-5241
-10033	-5241
4982	-5241
-5028	2612
-23	-18329
2479	-5241
-2525	-5241
-7531	-10476
-2525	-2623
-2525	7848
7485	5230
-23	2612
-12536	-5241
-10033	7848
2479	-2623
-7531	5230
-5028	-5
-12536	7848
-23	13083
-2525	-5
-7531	-2623
-2525	-13094
-23	5230
40019	-2623
-10033	-5
-10033	-2623
-5028	-5241
7485	-5
-12536	-5
-5028	-5241
-2525	-2623
-7531	5230
-10033	-10476
2479	-5241
-23	5230
-2525	5230
-7531	2612
-5028	-5
-7531	-13094
-2525	-2623
-10033	-7858
12490	-2623
4982	-5241
-12536	2612
-2525	5230
7485	-10476
-23	10465
7485	2612
30008	13083
-2525	13083
25003	-13094
-7531	-7858
-23	5230
7485	28789
7485	-7858
2479	2612
-10033	-2623
4982	2612
-5028	-2623
-7531	13083
-5028	-2623
42521	2612
17496	-2623
-2525	-5241
-12536	13083
-12536	13083
7485	5230
7485	-13094
2479	-5
17496	20936
-23	26171
-5028	-2623
9987	-15712
7485	-2623
-2525	-2623
2479	-2623
-5028	2612
-5028	-5
-10033	7848
2479	-5241
-7531	2612
4982	10465
-2525	-5241
-10033	-10476
-10033	-5241
9987	-2623
32511	2612
9987	-7858
-7531	-10476
-7531	-5241
-7531	2612
-10033	2612
2479	-5241
27506	5230
-2525	-5241
-5028	2612
-23	2612
-5028	-7858
-12536	10465
7485	10465
-7531	2612
-7531	-10476
2479	10465
7485	5230
2479	-2623
-15039	-5
2479	-5241
-23	-5
-10033	7848
-23	-5
-10033	15701
-12536	5230
-2525	-5
-10033	-2623
4982	5230
-12536	-10476
-5028	-2623
17496	-5
19998	-5
2479	23554
14993	-2623
-23	-7858
-12536	-2623
-2525	5230
-5028	-5241
2479	-10476
9987	-2623
-15039	26171
-2525	5230
7485	-10476
-7531	2612
7485	-5
-10033	5230
-23	-10476
-7531	-10476
-23	-5241
-2525	-5
-2525	5230
-10033	-2623
2479	-5
-23	-2623
-5028	-2623
7485	2612
-2525	5230
-5028	-5
-2525	-5
-12536	7848
-10033	7848
17496	-10476
-10033	2612
7485	-13094
-2525	2612
2479	-15712
2479	2612
9987	2612
-23	-5
14993	-5241
4982	-5241
-23	18318
27506	7848
-10033	2612
-7531	57584
-2525	5230
4982	2612
9987	-2623
9987	-2623
7485	5230
-2525	10465
27506	15701
-2525	-5241
-7531	-10476
-23	-2623
-10033	7848
4982	-10476
-12536	-7858
4982	7848
9987	-7858
-12536	2612
2479	10465
14993	-5241
-5028	7848
12490	-5241
-5028	-7858
-23	70672
-2525	-2623
-2525	-5241
17496	5230
-12536	7848
12490	-5241
-12536	7848
37516	-13094
2479	-7858
4982	2612
-2525	-5
-10033	-2623
22500	7848
-5028	5230
-10033	-5241
-7531	-5
-7531	-2623
-10033	-5
-15039	7848
-10033	7848
-12536	7848
12490	-5
-7531	-2623
-7531	-5241
14993	7848
4982	-7858
-5028	-5
-7531	5230
-7531	-5
-10033	-7858
-5028	2612
7485	2612
25003	-5
-10033	13083
-7531	2612
-2525	2612
-2525	-5
-12536	-7858
-23	7848
-10033	-5
-5028	-2623
12490	-5241
-7531	-5
9987	-5
7485	-7858
7485	-2623
-12536	-7858
-2525	-5241
-5028	5230
2479	-2623
-23	-7858
-7531	5230
-15039	-5
9987	-5241
-5028	-5
7485	31407
-2525	13083
7485	10465
-2525	-2623
-15039	-5241
7485	-13094
-15039	-5241
2479	7848
-2525	20936
-10033	-10476
22500	2612
2479	7848
-5028	-5241
-7531	-5241
9987	-2623
-12536	13083
9987	10465
-2525	-5
-15039	2612
-10033	-5241
-23	7848
-5028	-7858
-2525	2612
9987	-2623
4982	-10476
-2525	-18329
17496	15701
-2525	-2623
12490	10465
2479	20936
-20044	31407
4982	-5241
-23	-7858
7485	-5241
-5028	5230
-23	-7858
-12536	-15712
-7531	-2623
12490	-2623
-23	5230
-2525	2612
4982	-5241
2479	-2623
-5028	-5
-23	-5
9987	-5
-12536	-5241
-5028	-5
-5028	2612
-10033	2612
-12536	-2623
7485	-10476
-5028	-10476
7485	-7858
-2525	-2623
-5028	-7858
-23	5230
25003	-2623
-10033	-10476
-2525	-10476
-5028	13083
17496	-2623
4982	-5
-10033	15701
-2525	-5
4982	-5
-2525	-10476
9987	-7858
14993	2612
-5028	13083
-7531	7848
-23	2612
4982	7848
-23	7848
12490	-5
9987	-2623
-2525	-10476
-12536	-15712
7485	-5
-5028	5230
-7531	-13094
-10033	-2623
-23	10465
-10033	2612
-5028	-5
-5028	-5241
12490	-7858
4982	5230
14993	-5
-10033	-5
4982	28789
-23	-2623
-2525	2612
-12536	7848
2479	7848
-5028	26171
2479	-7858
-5028	-5241
4982	-5241
-2525	-5
55035	-2623
-10033	5230
14993	-2623
-5028	5230
25003	2612
-10033	7848
-2525	7848
-23	-2623
14993	2612
-2525	-7858
-12536	-5241
-7531	2612
14993	-5
4982	-5
2479	-5
-2525	-2623
-10033	2612
-5028	-2623
14993	-2623
-2525	-7858
12490	2612
-23	18318
-12536	-5241
2479	-2623
-2525	-5241
2479	-5
-10033	-5
2479	-2623
-2525	54966
9987	-5
9987	7848
-7531	-5241
-2525	-5241
-7531	2612
7485	-5
-7531	-5241
7485	-2623
-23	-5
-7531	5230
-2525	-13094
14993	15701
-7531	-5
2479	2612
4982	-5241
2479	-2623
9987	-10476
-10033	-5
4982	7848
-5028	-2623
14993	-2623
-15039	-2623
-5028	15701
-23	2612
4982	5230
7485	5230
7485	-7858
-10033	7848
2479	2612
14993	-13094
-5028	2612
9987	-5
17496	-7858
-7531	5230
17496	18318
-23	2612
-5028	-7858
-5028	-13094
-7531	-5241
-10033	5230
4982	-5
-10033	-5241
-10033	15701
-10033	-5
-7531	15701
-2525	5230
-10033	-2623
-12536	28789
4982	-2623
4982	-5
7485	-5
-12536	54966
-2525	-13094
-2525	2612
7485	-2623
-7531	-5241
4982	5230
9987	-5241
7485	5230
-7531	2612
-2525	-5241
14993	-5241
-12536	-5
-12536	10465
2479	-7858
17496	-18329
-23	-13094
9987	-5241
-10033	2612
-5028	5230
-10033	-10476
-10033	-5
22500	2612
4982	-2623
-10033	5230
-12536	-5
-23	-5241
7485	-2623
-15039	2612
-5028	10465
4982	-10476
12490	-5241
-5028	10465
2479	5230
-7531	18318
27506	-15712
-10033	-2623
-10033	-10476
-12536	13083
2479	2612
-23	-5
2479	7848
-10033	18318
4982	-13094
9987	-13094
-2525	5230
4982	-5241
-5028	-5
9987	7848
-7531	-7858
-23	-7858
-10033	7848
-23	-13094
2479	-7858
2479	-13094
2479	-2623
4982	-13094
-7531	2612
-5028	2612
-5028	-5241
-2525	-5
9987	15701
-7531	-7858
-2525	-7858
-23	-2623
19998	-2623
-23	5230
4982	-7858
-10033	-5241
2479	5230
-12536	-15712
-10033	2612
4982	-10476
-5028	-5
9987	7848
-7531	-13094
-23	36642
-15039	-2623
7485	2612
2479	7848
-15039	-10476
-5028	7848
-15039	-2623
-23	10465
7485	-7858
7485	10465
-5028	5230
-12536	-2623
-5028	-5241
-2525	-5
14993	-7858
2479	-5
4982	-5
4982	5230
4982	-5
7485	-5241
14993	5230
-10033	-5
2479	-5241
50029	-13094
2479	7848
4982	-7858
-23	15701
-10033	-2623
7485	-2623
32511	-2623
22500	-5241
-5028	5230
-5028	-5241
12490	-13094
-7531	2612
-2525	-5241
-2525	2612
14993	-7858
25003	-5241
-10033	7848
-5028	5230
-12536	-2623
25003	-5241
-10033	-10476
40019	-7858
12490	-15712
-7531	-10476
-15039	7848
-2525	7848
-10033	-10476
-15039	10465
-10033	2612
9987	-2623
9987	-5241
-23	-5241
7485	-10476
14993	-10476
-2525	-5
9987	-2623
-10033	2612
-2525	2612
-2525	-13094
4982	5230
-23	-7858
4982	-5241
-2525	-2623
-10033	20936
-7531	-10476
-7531	-5
4982	2612
22500	10465
-7531	7848
-7531	-5241
-5028	15701
-2525	10465
-5028	13083
9987	-2623
2479	10465
-23	-5
-2525	-5241
12490	2612
25003	-13094
-12536	10465
9987	-5
4982	2612
-10033	-15712
-10033	13083
-5028	-2623
-5028	7848
-2525	5230
12490	5230
14993	-2623
-5028	15701
2479	5230
4982	13083
17496	2612
-5028	-7858
4982	-10476
9987	-5
7485	-2623
4982	10465
7485	-5241
4982	13083
-7531	5230
-23	2612
4982	5230
4982	-10476
-2525	-13094
-23	7848
-2525	-2623
9987	-5
-15039	-10476
9987	-5241
4982	-5
-12536	-2623
-23	-7858
-12536	-5
4982	-7858
-23	-5
-5028	-13094
-2525	-2623
-23	7848
-7531	-5
-12536	10465
-5028	-10476
-2525	-15712
-5028	2612
-2525	-13094
-7531	-7858
-5028	-15712
22500	-15712
25003	2612
-2525	7848
7485	5230
-15039	2612
-10033	-2623
-7531	-2623
7485	-2623
-12536	-5241
-5028	2612
-7531	-7858
2479	2612
-7531	-10476
12490	-5241
-7531	10465
-5028	5230
4982	-5
-5028	15701
-5028	20936
2479	-5
-5028	-7858
-5028	15701
-5028	7848
22500	-5241
-15039	2612
9987	-5241
-15039	-2623
-23	-15712
2479	-7858
4982	-10476
2479	-5
-5028	-7858
7485	-7858
2479	2612
-7531	-10476
-2525	41878
22500	-5
-2525	-7858
-7531	5230
7485	-5
-10033	5230
9987	-7858
-5028	-15712
14993	2612
-2525	2612
9987	-5241
-10033	-7858
-23	5230
-12536	-2623
22500	-2623
19998	-7858
-10033	2612
-5028	-10476
27506	-7858
4982	-5
-2525	5230
27506	-15712
-23	5230
-10033	-5
-12536	-5
4982	-7858
2479	18318
2479	-2623
-23	5230
7485	-5241
-15039	10465
-23	2612
-5028	7848
-10033	10465
-12536	-7858
2479	-20947
4982	5230
7485	-7858
-10033	-5241
4982	2612
2479	-7858
30008	-10476
-5028	2612
-12536	-5241
-2525	-2623
-7531	13083
-7531	7848
-10033	2612
-12536	10465
-10033	-15712
-5028	5230
-12536	5230
4982	-13094
-7531	39260
4982	-5241
2479	-5
7485	2612
-2525	5230
7485	-5241
2479	-7858
-12536	-5241
-2525	7848
-23	-5
-2525	2612
9987	-5
-2525	-7858
17496	-2623
14993	-15712
12490	-13094
9987	-10476
17496	-5
-5028	-15712
-10033	-5
-7531	-10476
22500	7848
-2525	-7858
-23	20936
-7531	2612
-12536	-5241
-2525	5230
-10033	-10476
-2525	10465
-23	-5
-10033	-7858
25003	10465
-7531	10465
-10033	-7858
-5028	-15712
17496	5230
19998	-7858
-12536	-2623
-10033	10465
7485	-10476
-15039	-5
2479	-13094
7485	-5241
4982	-7858
-15039	10465
-5028	-15712
-7531	-2623
7485	2612
4982	5230
-23	-10476
12490	5230
19998	-5241
12490	5230
-10033	-2623
-23	-10476
-10033	-7858
-2525	7848
-12536	7848
7485	7848
2479	-10476
2479	2612
-2525	-5
2479	-2623
-23	7848
-23	5230
-23	10465
-23	5230
9987	15701
-2525	-5241
-23	-5
-23	5230
-23	-5241
-5028	5230
-12536	-5241
-12536	-10476
-23	7848
-7531	-7858
-7531	2612
2479	2612
9987	-10476
4982	2612
12490	-10476
14993	-5
12490	7848
-5028	15701
-5028	2612
32511	-5241
7485	7848
-12536	13083
-2525	-2623
4982	2612
-23	2612
-2525	2612
-10033	-5
-2525	-5241
-5028	-5
9987	2612
-7531	5230
-17542	-5
-5028	-2623
14993	2612
12490	-10476
-15039	-13094
-10033	-2623
-7531	-5
4982	-5241
-5028	-5241
-5028	-5
4982	7848
-2525	5230
-17542	-5241
-5028	2612
-23	7848
-5028	-5
-5028	-10476
-23	-2623
2479	-7858
-23	5230
-7531	-18329
-2525	2612
-10033	-2623
-23	-2623
-23	-2623
2479	-5
-2525	5230
7485	5230
-5028	10465
25003	2612
-10033	7848
-2525	-2623
-10033	-2623
-2525	-5241
-10033	10465
-7531	2612
7485	2612
-15039	-7858
-12536	20936
-23	-5
-5028	-2623
-7531	5230
4982	10465
-12536	18318
12490	-7858
-5028	7848
-7531	-5
-12536	-5
2479	2612
-12536	-2623
7485	2612
-12536	-5
-5028	-5241
9987	10465
-5028	-2623
9987	-5241
7485	20936
-7531	2612
-23	-5
-23	-7858
4982	2612
25003	-10476
-10033	-5
-10033	-10476
17496	5230
12490	7848
7485	7848
-7531	-15712
-7531	2612
-15039	-5241
-23	-13094
4982	-2623
2479	-10476
-15039	15701
-5028	2612
7485	-2623
-23	-2623
-10033	10465
4982	5230
-12536	15701
2479	13083
17496	5230
-12536	-7858
-23	-7858
7485	-2623
-23	-7858
22500	-13094
17496	-2623
-23	-7858
-12536	-2623
4982	-2623
2479	-7858
-7531	-2623
9987	5230
14993	-2623
-5028	-5241
17496	2612
-12536	-5
17496	-2623
-10033	-7858
-10033	2612
2479	-7858
-23	-5
-10033	-2623
2479	-10476
-2525	-7858
-7531	39260
-7531	-15712
-15039	-10476
-10033	13083
7485	-2623
4982	10465
2479	-5
-23	-5241
4982	5230
2479	10465
-2525	-5
-5028	10465
-10033	-10476
2479	5230
7485	-5241
-2525	-5241
-2525	5230
17496	7848
-2525	2612
-10033	-5241
2479	2612
7485	-2623
2479	-5241
-7531	2612
2479	7848
22500	-7858
-10033	-5241
-5028	-7858
17496	-18329
-17542	-5
-2525	62819
-5028	5230
12490	-2623
-10033	-5
-15039	-5
-10033	-2623
-2525	-10476
-2525	-5
9987	-7858
4982	2612
-12536	13083
4982	-5241
2479	-5241
-5028	-2623
2479	7848
17496	20936
-5028	-10476
-2525	5230
-12536	-7858
-5028	2612
4982	7848
-10033	-5241
9987	-5
-5028	-7858
-23	-2623
19998	-2623
19998	-5
4982	-2623
9987	-5
9987	2612
-2525	-5241
2479	-5241
-10033	-2623
-17542	-5
-7531	5230
17496	-7858
-2525	10465
-2525	-5
12490	10465
14993	-7858
-23	-5
4982	-7858
-7531	-10476
7485	-5
9987	-2623
9987	-5241
4982	7848
-2525	10465
-23	-5
2479	10465
14993	-5241
-12536	-7858
-5028	5230
-23	7848
-10033	-5
-7531	-7858
-10033	7848
-5028	15701
-5028	-7858
-12536	62819
-15039	-2623
4982	7848
2479	5230
-2525	-5241
-5028	13083
-15039	-5241
4982	-5
-10033	-5241
14993	-15712
4982	-18329
-23	-7858
-5028	-10476
4982	31407
25003	-5241
-7531	-5241
-2525	2612
4982	-2623
-7531	-5241
9987	5230
9987	26171
-2525	2612
14993	-5241
-2525	-5
-12536	18318
2479	2612
-5028	10465
-12536	-10476
7485	-5
7485	-10476
14993	2612
-2525	-2623
2479	-7858
-2525	-5241
-10033	5230
-12536	-2623
-23	-2623
7485	2612
-12536	-5241
14993	15701
19998	-5241
-5028	-5
-23	-10476
-7531	7848
-5028	-5
4982	2612
25003	5230
-10033	-13094
-15039	-7858
4982	-5
-5028	-10476
-23	-5
-7531	-5241
-10033	7848
9987	41878
12490	-10476
9987	7848
-23	-13094
2479	-10476
-7531	-5
7485	-5
22500	2612
-5028	2612
-5028	-18329
-10033	2612
-5028	2612
-10033	-2623
-5028	2612
-2525	-5
7485	2612
25003	-5
-5028	-7858
12490	13083
-7531	-7858
-23	-2623
12490	5230
2479	5230
2479	7848
-7531	2612
-10033	2612
-5028	7848
-5028	23554
-23	-5241
2479	5230
12490	-2623
-5028	-5
2479	-5241
-12536	-5241
-23	5230
-23	2612
4982	2612
7485	-5241
-5028	2612
-7531	-5
4982	-5241
-7531	-7858
-2525	-7858
-10033	-2623
-7531	5230
2479	18318
-10033	5230
-7531	-5
-7531	-5
7485	-5241
-5028	-10476
12490	-5
12490	2612
-7531	2612
7485	-7858
2479	-5241
-2525	-5241
-2525	-7858
4982	-2623
14993	10465
-23	-5241
-23	49731
2479	-5241
-10033	-10476
12490	-7858
2479	2612
-23	-5
9987	-5
-5028	-5241
4982	10465
-5028	10465
4982	-2623
-12536	-2623
-5028	7848
12490	7848
-10033	5230
-5028	-18329
-5028	-5
-5028	-5
9987	-7858
-10033	2612
7485	5230
2479	2612
-23	18318
-12536	-2623
-5028	10465
-23	15701
7485	-2623
9987	13083
2479	-5
-5028	-5
9987	10465
19998	5230
-15039	-7858
4982	-2623
-2525	-2623
4982	-13094
-23	5230
-12536	10465
-7531	-13094
-23	10465
-10033	-2623
17496	-7858
-23	-5241
-10033	2612
25003	-5241
-12536	-2623
19998	-7858
-7531	2612
-10033	-5241
-2525	5230
-7531	-2623
-23	-2623
-23	-5241
2479	10465
7485	7848
-23	10465
-15039	2612
14993	-2623
4982	15701
7485	-5
4982	-15712
-10033	2612
22500	-10476
9987	-5
-15039	-15712
7485	-2623
-12536	-7858
-2525	10465
-12536	-2623
-2525	5230
2479	-2623
-7531	5230
-2525	2612
-5028	-5241
9987	-2623
-10033	7848
2479	-5241
-23	-5241
-10033	2612
-7531	-2623
-2525	5230
-20044	-5
2479	7848
9987	5230
-5028	13083
-10033	-5
12490	-15712
7485	13083
14993	-13094
-5028	5230
-15039	-2623
27506	-13094
-5028	2612
12490	-7858
-10033	2612
9987	-2623
-5028	-5
-7531	-5
-7531	-2623
9987	-7858
-12536	-5241
-2525	7848
9987	-2623
-12536	-5
4982	-5241
4982	2612
4982	-5
4982	-5241
-2525	5230
9987	15701
-2525	-7858
-2525	7848
12490	-10476
4982	-7858
-5028	2612
-2525	10465
22500	-5
-23	5230
2479	-7858
-15039	18318
7485	-10476
2479	-7858
2479	-10476
-23	-7858
-2525	20936
-7531	-5
17496	-2623
-10033	-13094
-2525	-5
9987	5230
-7531	5230
2479	2612
-2525	-5
2479	2612
-10033	-5241
2479	-5241
2479	-2623
2479	5230
14993	-2623
2479	-2623
7485	-15712
-15039	-2623
17496	-5241
-10033	2612
-10033	-5241
-5028	-7858
2479	-2623
-12536	-10476
2479	2612
4982	13083
7485	-7858
-5028	-7858
4982	-5
-5028	-5241
-2525	13083
-10033	-7858
-2525	-7858
-10033	2612
-2525	-7858
-7531	-2623
-7531	13083
12490	-5241
-5028	5230
7485	2612
-23	-7858
4982	2612
7485	-10476
-2525	-13094
-2525	-10476
-2525	5230
-10033	88996
-10033	-13094
-5028	-10476
-2525	-5241
-10033	-5
-23	-5241
-12536	2612
-10033	5230
-5028	7848
32511	-7858
-2525	-5241
-5028	5230
-12536	5230
-2525	-7858
-10033	-5241
4982	2612
-7531	-7858
9987	2612
-12536	-2623
-10033	-5241
4982	-5241
-10033	7848
-23	-15712
-2525	-15712
-23	54966
7485	7848
2479	-5241
-10033	-5241
2479	-2623
-2525	-2623
2479	-7858
-23	-2623
-5028	2612
9987	-5241
-7531	-7858
14993	-13094
4982	-5241
-23	5230
-10033	-5241
-7531	-5
4982	-5241
-12536	-13094
-5028	7848
-7531	-15712
-12536	7848
-12536	-2623
-10033	-2623
17496	-2623
4982	-2623
-2525	-5
-7531	-2623
14993	-2623
-2525	7848
-23	-2623
-5028	-5241
-10033	-10476
-7531	5230
-10033	-7858
-7531	-2623
-15039	-5
-2525	-5
2479	7848
4982	2612
-2525	2612
9987	2612
-23	-2623
-7531	-2623
17496	-5241
-7531	7848
-5028	-7858
7485	-2623
9987	-5241
-10033	-15712
22500	-10476
-23	-13094
-7531	-2623
-2525	2612
-23	-2623
9987	10465
-2525	-2623
-7531	2612
-7531	5230
12490	2612
2479	-10476
-2525	-10476
-5028	7848
-2525	5230
-5028	-5241
7485	10465
-7531	2612
-7531	-5
-5028	2612
7485	5230
-12536	-7858
-15039	5230
4982	-7858
-10033	-2623
-10033	13083
4982	-5241
-23	-2623
-15039	5230
12490	-5
2479	10465
40019	-5
-10033	7848
-15039	-2623
-12536	5230
-10033	-7858
-2525	-10476
-23	-2623
-5028	31407
-10033	-13094
-12536	-5241
-2525	-10476
-23	-5241
14993	-7858
-23	-13094
-5028	-5241
42521	-5
-2525	13083
-5028	-5241
-12536	-13094
2479	-13094
-7531	-2623
-5028	5230
-12536	2612
-15039	7848
7485	-5241
-12536	-2623
-12536	7848
-12536	7848
-2525	-7858
47526	-7858
2479	2612
4982	-5241
-10033	5230
-23	-5
-5028	-2623
7485	5230
9987	2612
9987	10465
9987	-2623
9987	-2623
19998	-5241
-10033	-2623
-7531	-7858
-2525	-2623
-5028	-5
-23	-7858
2479	-5
12490	2612
-7531	10465
-2525	7848
-2525	2612
12490	-7858
19998	2612
-15039	2612
4982	-5241
22500	-15712
-10033	2612
-5028	5230
-10033	2612
-10033	-5241
9987	5230
-2525	5230
9987	-10476
-10033	5230
12490	-2623
2479	-5
-7531	-10476
-5028	-2623
7485	-15712
-7531	2612
-12536	-5
4982	-5
12490	2612
2479	13083
-2525	-18329
7485	5230
2479	2612
9987	2612
17496	7848
-10033	-5241
4982	-2623
-5028	5230
-2525	15701
-7531	-5241
17496	2612
2479	-7858
-5028	-2623
9987	-5241
-7531	15701
-10033	-2623
7485	2612
-23	2612
27506	-2623
25003	7848
-2525	-2623
2479	-5
-7531	-5241
-23	-13094
14993	-10476
9987	-5
-5028	-10476
-5028	41878
-12536	5230
-7531	15701
2479	-5
-23	-5241
-5028	-2623
-5028	-2623
-7531	-5
7485	-2623
4982	2612
-10033	2612
-15039	7848
-10033	-5
2479	7848
-23	5230
14993	-5
-12536	10465
-23	10465
-12536	-5
-7531	-2623
-12536	-5241
7485	2612
12490	-2623
-10033	-5
-5028	-5241
-12536	2612
-5028	-2623
-10033	5230
-5028	-5241
-10033	2612
-23	-5241
-5028	-5241
9987	-5
-5028	-5
-10033	-2623
2479	-2623
-23	-5241
-5028	-2623
4982	28789
2479	-5241
-5028	-2623
25003	2612
-12536	-5
-15039	-5
9987	-13094
-23	-5
2479	-5
9987	10465
12490	-7858
9987	13083
-10033	10465
17496	7848
7485	-7858
9987	5230
37516	7848
2479	-5
-10033	7848
-10033	-2623
14993	-5241
-10033	7848
7485	-2623
-7531	-5
-7531	-5
-5028	-5
-23	-2623
30008	7848
-5028	2612
14993	7848
-2525	-7858
-5028	-7858
-10033	2612
-2525	-5
-5028	-5
4982	-2623
14993	5230
-5028	-5241
-2525	2612
9987	-5241
9987	5230
32511	-5
-23	15701
12490	-7858
-23	-5241
17496	7848
-15039	15701
-7531	49731
9987	-2623
-5028	13083
7485	-10476
-7531	-5241
2479	18318
4982	-7858
7485	5230
-2525	-2623
19998	-5
-7531	-10476
-23	-5241
2479	28789
-23	7848
14993	-5241
9987	-7858
9987	-2623
-12536	-5
-2525	7848
-12536	5230
-10033	5230
-12536	10465
-10033	-5
-12536	10465
4982	-7858
-5028	-7858
7485	-5241
4982	-5
-5028	7848
2479	7848
-10033	-2623
35014	-10476
-7531	-5241
-2525	2612
-5028	-10476
-12536	-2623
-7531	-2623
17496	2612
-7531	-5241
7485	-5
27506	-5
4982	-10476
-7531	2612
2479	-10476
-10033	-10476
-10033	2612
-10033	-13094
-12536	-7858
-7531	-10476
-23	-15712
7485	5230
-23	-15712
-12536	23554
-10033	2612
2479	-13094
2479	10465
-17542	-7858
-12536	-13094
7485	-7858
2479	-13094
30008	-7858
-12536	5230
-5028	-5241
14993	-5
17496	-13094
-5028	5230
-10033	-15712
12490	-2623
-7531	-2623
-5028	-5
-7531	-10476
4982	15701
4982	-15712
-23	-5
12490	-15712
-5028	-5241
-7531	-5
17496	5230
-7531	-7858
-7531	-10476
12490	2612
-7531	5230
7485	15701
-23	5230
-10033	-10476
4982	-7858
-10033	5230
12490	-2623
-5028	-5
-7531	-13094
-10033	5230
17496	5230
-2525	7848
9987	-15712
14993	15701
12490	10465
-10033	-10476
7485	-5241
4982	2612
-2525	-2623
2479	-5
-7531	7848
-10033	2612
4982	5230
-2525	2612
2479	-5
2479	-5
-7531	-5
-23	20936
-23	-20947
-15039	-2623
2479	2612
-5028	-2623
-2525	-7858
-10033	-2623
2479	2612
2479	15701
-2525	-5
-2525	-5241
9987	2612
-15039	-10476
-23	-2623
-7531	10465
2479	-7858
19998	2612
-10033	2612
32511	7848
-7531	-5
-2525	-2623
-7531	18318
12490	-5241
-5028	-5241
-10033	-13094
-12536	-2623
14993	-2623
-12536	-2623
-23	-13094
4982	-2623
-10033	-10476
7485	2612
-5028	-5241
-2525	-20947
-2525	5230
-5028	-5
-10033	7848
-10033	-5241
-2525	2612
-5028	-2623
2479	-5241
19998	-13094
22500	-2623
-12536	-5
-2525	5230
-5028	-5
-23	-2623
-7531	-2623
-23	13083
-5028	-7858
9987	-5241
4982	2612
-23	5230
32511	-5241
14993	5230
4982	-5241
-23	10465
14993	20936
-2525	-7858
17496	-5
-10033	10465
7485	-7858
-5028	7848
-2525	-7858
-10033	-5
-2525	-13094
2479	7848
9987	-7858
-7531	5230
-10033	-13094
4982	-2623
-12536	2612
-2525	-5
9987	-5241
-7531	5230
-23	-7858
22500	7848
4982	7848
-23	-5
12490	2612
-5028	-5
7485	7848
-10033	-10476
12490	-2623
-7531	10465
-2525	-5
-10033	-10476
4982	13083
-12536	-15712
-5028	2612
-23	-10476
-10033	-5
7485	5230
9987	-10476
2479	2612
-12536	5230
4982	-5241
7485	-2623
-5028	2612
4982	-2623
-12536	-5241
14993	-5241
-23	5230
4982	13083
37516	-13094
2479	-5241
12490	15701
2479	-2623
-5028	-5241
-5028	2612
-10033	-2623
-10033	15701
9987	-2623
4982	-5
-23	-7858
-23	5230
14993	2612
2479	2612
-5028	2612
-12536	5230
-23	7848
7485	-2623
30008	-7858
7485	-2623
-10033	-2623
-2525	-7858
27506	-2623
14993	-5241
-10033	-7858
27506	-7858
-5028	-2623
-15039	-5
9987	-7858
-10033	-10476
-5028	-2623
-17542	5230
4982	-5
2479	-5241
-12536	10465
-7531	-13094
2479	-7858
14993	-5241
4982	-5
17496	-2623
-5028	-2623
9987	5230
-5028	2612
2479	-15712
9987	-5
2479	-10476
-2525	-5241
4982	-5
-5028	23554
-2525	-5
-23	-10476
2479	-5
-2525	-5
-17542	-5
2479	-5241
19998	-13094
-10033	-10476
12490	-2623
-23	-7858
7485	-2623
-2525	-2623
-12536	-5241
-2525	5230
-5028	5230
-23	-5241
12490	-5241
-10033	-2623
4982	2612
7485	-2623
2479	-13094
-23	-13094
-5028	-7858
-2525	-10476
9987	-5241
-10033	7848
-7531	-2623
-2525	5230
-5028	2612
14993	2612
4982	-5
-10033	115173
-7531	-2623
-15039	-5
-5028	-5
25003	-5
-5028	7848
-5028	7848
-5028	-5
-7531	-13094
7485	7848
9987	-2623
-2525	-5241
-10033	-7858
-15039	75908
-12536	15701
14993	2612
-5028	7848
9987	7848
-23	-2623
-10033	5230
27506	-2623
-5028	18318
4982	10465
-7531	-5241
7485	7848
-23	-10476
4982	2612
9987	-2623
2479	13083
-5028	-2623
4982	-2623
-5028	10465
4982	-2623
17496	-5241
9987	-5241
25003	-10476
-23	-10476
22500	-18329
-12536	5230
-5028	-7858
-12536	-2623
-12536	-5
-7531	-5
-7531	-15712
7485	-5241
-7531	-2623
9987	49731
-12536	-10476
-12536	2612
-12536	-10476
-5028	-5241
2479	13083
-7531	13083
-2525	2612
-10033	13083
14993	-5241
-15039	10465
12490	-5
-10033	-2623
-2525	-2623
-5028	13083
4982	-7858
-12536	-10476
-23	-10476
-23	-5241
-10033	5230
4982	-5241
-2525	-2623
-12536	-5241
-10033	-5
2479	-5
-23	2612
-2525	-7858
-7531	-2623
7485	-2623
-10033	-7858
-12536	10465
-7531	-5
-7531	-10476
-5028	5230
27506	-15712
2479	78525
-12536	-7858
-5028	-5241
2479	-5241
12490	7848
-12536	-10476
-12536	2612
-7531	5230
12490	13083
-10033	-5
-10033	2612
9987	-13094
-10033	10465
-7531	-7858
4982	-2623
-23	5230
7485	2612
9987	2612
-2525	5230
-7531	-5
-15039	-5241
-7531	2612
-5028	-2623
-23	-5241
7485	-5
-23	13083
17496	5230
-12536	5230
-5028	-2623
-10033	-5241
-10033	-5241
-15039	13083
-5028	-13094
-2525	-13094
-10033	-5
-23	-7858
-2525	2612
-7531	-5241
14993	-5241
-7531	-2623
-2525	-7858
4982	-5241
19998	-2623
4982	5230
12490	-5
-5028	5230
9987	-5
7485	5230
-2525	-5
2479	7848
-10033	-13094
9987	2612
-12536	-5241
-23	-5241
2479	15701
-5028	-5241
2479	5230
-10033	7848
12490	-2623
9987	-7858
-12536	5230
12490	2612
12490	-10476
-23	2612
-2525	-2623
-7531	28789
-23	2612
-10033	-7858
-23	-7858
-23	13083
4982	-2623
-5028	-7858
-10033	-7858
19998	13083
-12536	-13094
-23	10465
-10033	2612
-5028	5230
-2525	-5
2479	-5
9987	-10476
12490	5230
12490	-7858
-2525	-2623
-5028	2612
-5028	-7858
-10033	-5241
-12536	10465
7485	-2623
-10033	-2623
-5028	7848
4982	10465
14993	-7858
4982	5230
-7531	18318
-5028	-13094
7485	-5
-12536	2612
-2525	-7858
-5028	7848
-5028	-2623
-7531	5230
-10033	-2623
-23	7848
-7531	5230
-12536	-5241
-7531	-10476
17496	-5
-10033	-5241
-23	5230
-10033	-5241
-7531	5230
-23	-5241
4982	-5
-10033	-5
-5028	-10476
4982	-2623
-7531	-5241
-2525	13083
12490	-7858
14993	-5
7485	2612
-23	-10476
2479	-7858
-2525	5230
-7531	-5
-7531	-5
12490	10465
4982	2612
-5028	-5
-10033	2612
-23	-5241
-7531	2612
-5028	-5241
4982	-5241
-12536	2612
-10033	-10476
-10033	20936
19998	15701
-10033	-5
9987	-5241
7485	10465
7485	2612
9987	-7858
14993	15701
7485	-2623
-23	-5
14993	7848
2479	2612
-12536	-2623
7485	-5
-5028	-10476
4982	5230
19998	10465
-12536	-13094
4982	-2623
-10033	13083
17496	2612
-23	-2623
7485	7848
-10033	-5
2479	2612
-23	7848
-10033	36642
-23	-5241
4982	-2623
14993	20936
12490	-5
2479	20936
-5028	-5241
19998	-5241
-10033	-5
4982	-5
9987	10465
4982	-7858
-15039	7848
2479	-2623
12490	-7858
2479	-7858
-7531	-5241
17496	-5241
-23	-5241
-23	-5
-5028	-7858
14993	-2623
-10033	2612
4982	5230
-7531	5230
12490	-2623
-23	2612
-5028	-2623
-12536	-2623
32511	-10476
4982	18318
14993	-7858
-7531	-5241
-23	18318
-10033	-5
-2525	-2623
2479	2612
-15039	2612
-5028	-5241
-2525	-5
-10033	-5241
27506	10465
-10033	-5
-12536	7848
22500	15701
4982	-5
-10033	-2623
22500	-5
-2525	18318
-10033	5230
14993	26171
30008	-5241
4982	15701
4982	-5241
-10033	34025
14993	-5241
-5028	5230
-5028	-2623
-23	-7858
25003	2612
-5028	-5241
4982	13083
4982	-2623
7485	13083
14993	2612
4982	-7858
-12536	10465
12490	5230
-23	-5241
14993	-5241
-12536	2612
4982	-10476
4982	-5241
-5028	-7858
2479	-2623
2479	-5
-23	2612
-2525	-13094
2479	-10476
-7531	-5
-2525	-7858
14993	7848
-7531	2612
14993	-5241
7485	-5
-5028	-5241
-7531	-2623
4982	-5241
-12536	-7858
-10033	13083
-2525	-7858
2479	47113
-23	-7858
-5028	10465
-2525	-13094
4982	-5241
-5028	-5
-23	15701
-23	-2623
35014	-5
-23	-2623
-23	-2623
-12536	2612
-12536	-5
-5028	7848
-10033	5230
2479	10465
-2525	-5241
-7531	-10476
-7531	2612
-2525	-5
-12536	-5
-23	-2623
-17542	5230
9987	-2623
-23	-7858
4982	13083
9987	-5241
-23	-10476
-12536	-5
2479	5230
-5028	-10476
-2525	-10476
-5028	5230
-7531	-2623
4982	2612
9987	-10476
9987	-5241
17496	-5241
-7531	-2623
14993	-13094
17496	2612
2479	7848
9987	-7858
-10033	13083
-7531	13083
-10033	-7858
4982	7848
-2525	-5241
-5028	-5241
-23	7848
9987	-5
4982	-5241
-23	-5241
9987	5230
2479	-5
-23	13083
7485	2612
-7531	7848
-12536	-10476
-7531	-5
-7531	-5241
4982	-5241
-7531	2612
-23	-2623
7485	-7858
-7531	13083
-23	-10476
-23	-18329
14993	-2623
9987	-10476
7485	-5
-10033	-5241
-7531	5230
-23	-5
4982	-13094
-12536	-5241
-2525	7848
9987	-2623
7485	-2623
2479	2612
9987	-7858
14993	-5241
-2525	-5
-23	-2623
4982	-10476
4982	5230
17496	-5
-12536	-13094
-2525	-5
2479	-7858
9987	-10476
7485	-2623
-7531	13083
7485	-2623
4982	-20947
-10033	-10476
12490	-2623
-5028	-5
2479	2612
-10033	2612
-5028	5230
-10033	-5241
2479	-5
4982	-2623
4982	-7858
-10033	5230
-7531	20936
-7531	7848
7485	5230
-7531	-2623
4982	7848
-10033	-5241
-5028	-5
7485	-5
-12536	-2623
-5028	2612
-23	-2623
-23	10465
-10033	-7858
-12536	7848
-5028	-7858
17496	-5
-23	-10476
-7531	-2623
-5028	-10476
-7531	-2623
-23	-7858
-7531	5230
-12536	-5
-5028	-5
22500	-2623
7485	5230
-7531	-5241
7485	10465
-7531	2612
12490	-10476
17496	-13094
-2525	-5241
2479	2612
-10033	2612
2479	-2623
-2525	2612
27506	-7858
-7531	-2623
-10033	5230
-23	7848
-23	15701
-7531	5230
4982	-15712
-23	-5241
-7531	7848
25003	-2623
-23	2612
-23	2612
2479	5230
-15039	5230
2479	-13094
-2525	20936
4982	-2623
-23	-5241
-7531	-13094
-12536	2612
14993	-2623
-15039	-7858
-5028	-7858
12490	-5241
-5028	13083
-10033	-5241
4982	-7858
7485	-5241
-5028	-2623
9987	7848
-10033	7848
4982	-2623
2479	2612
-2525	5230
-15039	-5241
-5028	-13094
4982	-18329
9987	-5241
4982	5230
2479	-5241
4982	-7858
-5028	2612
-5028	2612
-10033	-10476
9987	10465
-5028	7848
2479	-5
-10033	-5
-10033	20936
-10033	-2623
-12536	5230
7485	-10476
-10033	5230
-2525	-7858
-10033	7848
30008	2612
7485	2612
-10033	20936
-23	5230
7485	10465
25003	2612
4982	-5241
4982	5230
-12536	-7858
-7531	-10476
7485	-13094
9987	-13094
-7531	-13094
-10033	-5
9987	7848
7485	-2623
-2525	-10476
9987	-7858
9987	2612
-2525	-15712
14993	2612
-23	2612
-12536	5230
-23	-5241
-12536	-7858
-2525	2612
-23	-10476
-5028	7848
9987	-5
4982	-2623
-15039	-7858
7485	-5241
-23	-5
-12536	-5
2479	10465
-10033	-5241
-2525	-10476
2479	-5
-10033	-7858
9987	10465
7485	-5
4982	2612
-7531	-5
-23	10465
-10033	5230
-23	-2623
-12536	-5241
-2525	-5
9987	7848
-5028	-5241
7485	-13094
-23	-5
-2525	20936
-23	5230
-10033	5230
-5028	-7858
-2525	26171
-12536	10465
4982	7848
4982	-2623
2479	7848
-5028	-13094
-12536	-2623
17496	13083
-5028	-7858
-12536	10465
2479	-7858
-12536	-5
-7531	-5
2479	2612
4982	-5241
-23	7848
22500	-5241
9987	-5
-2525	-2623
-12536	2612
-7531	-5241
-2525	-20947
9987	-5241
-10033	-5241
4982	7848
-15039	7848
-5028	-5
14993	2612
-10033	-2623
-5028	-15712
7485	-2623
17496	-10476
-12536	-7858
12490	-13094
19998	-5
-2525	-5
-23	10465
4982	2612
-12536	-5241
-10033	-2623
9987	2612
-5028	-2623
12490	20936
4982	-5
4982	-5
4982	-5
-5028	88996
-7531	2612
-17542	-5
4982	5230
2479	-5241
-2525	23554
-7531	5230
37516	-7858
-10033	10465
-23	-7858
-5028	7848
7485	-2623
-15039	-13094
-10033	5230
-12536	-7858
-2525	2612
9987	-5
-10033	-5
-2525	2612
-7531	-2623
-2525	-2623
-10033	-5
-2525	-2623
4982	2612
7485	-7858
2479	-2623
-7531	7848
12490	5230
-7531	-2623
7485	-7858
-10033	-2623
-7531	-5241
7485	2612
2479	-5
-23	-13094
-15039	-5241
7485	-2623
-2525	2612
4982	-5241
-2525	-13094
-23	10465
-23	-10476
-5028	-2623
2479	-10476
-10033	2612
-12536	-5241
-10033	-2623
22500	5230
-5028	7848
-23	5230
-7531	2612
25003	5230
-10033	5230
14993	-13094
-2525	7848
2479	15701
4982	-5
14993	-7858
7485	-2623
2479	-5
-7531	-5241
-7531	7848
-23	-2623
17496	2612
9987	-7858
-2525	5230
-2525	-10476
9987	5230
2479	-15712
9987	-5241
35014	5230
-2525	-2623
12490	15701
-23	-10476
-2525	5230
4982	-5241
-5028	-13094
7485	-5
-23	-5
-2525	10465
-23	-5
-17542	7848
-12536	10465
2479	-2623
12490	7848
-23	-5
-5028	-2623
7485	-2623
7485	-5
-2525	10465
-2525	15701
17496	5230
-15039	-13094
4982	-7858
-23	-5241
17496	-5241
12490	-2623
-7531	-7858
-23	-2623
-7531	-5
-5028	-5
-2525	-15712
-7531	-5
-2525	-10476
12490	-2623
-23	-7858
-10033	10465
-12536	-2623
-7531	-7858
-2525	-7858
2479	-2623
-7531	-10476
-5028	5230
-2525	-10476
-2525	2612
9987	-10476
9987	-5
-5028	2612
2479	-7858
-10033	10465
-23	7848
12490	10465
-5028	-5241
-10033	-2623
-10033	-5
-5028	5230
2479	-7858
12490	-10476
7485	5230
4982	-5
-12536	-10476
-12536	-7858
-2525	-5
4982	-7858
32511	5230
-10033	-7858
-5028	-2623
-2525	5230
2479	13083
4982	-7858
-12536	5230
-10033	-15712
30008	-5241
-23	7848
-23	-5
-5028	2612
4982	-5241
17496	-2623
-7531	10465
-5028	10465
19998	2612
-5028	-7858
-2525	-5
4982	2612
-10033	-7858
4982	-2623
-5028	-10476
-12536	2612
17496	2612
-2525	-13094
-7531	2612
-7531	-5
27506	-5
17496	7848
-23	-5241
-17542	-5241
-23	34025
-5028	-7858
4982	15701
-23	18318
-10033	2612
12490	-5241
-12536	-7858
-2525	2612
-2525	-5241
-12536	-5
-5028	-5241
-23	34025
-23	5230
2479	-2623
-23	7848
-2525	-13094
-2525	2612
-10033	-15712
35014	-5241
-15039	-5241
-15039	7848
2479	2612
17496	2612
7485	-10476
19998	5230
14993	5230
-10033	-5
-7531	10465
-23	-5241
-23	2612
4982	2612
30008	-10476
-12536	-7858
2479	-5
14993	18318
2479	-2623
12490	-5
9987	-13094
2479	10465
2479	-7858
-2525	-5
-23	-7858
14993	2612
-23	-2623
-7531	-2623
-2525	-7858
-5028	-2623
-23	-7858
7485	-5
-7531	-2623
9987	7848
-12536	10465
-23	-10476
-5028	-5241
-23	-5
-15039	-2623
-15039	2612
4982	-5
-23	-7858
-23	5230
22500	7848
-12536	5230
2479	-7858
2479	15701
-7531	-5
-10033	-5241
12490	13083
-12536	-13094
-10033	-5241
-7531	-5
-7531	2612
-2525	10465
-7531	7848
17496	-7858
-23	-10476
-23	5230
-2525	-10476
25003	10465
-12536	-13094
2479	-2623
-12536	-15712
2479	-2623
-23	-15712
-5028	-2623
14993	-7858
2479	10465
-5028	-15712
-2525	-7858
40019	-2623
2479	-5241
7485	5230
7485	-10476
12490	-5
-23	-5
-5028	23554
-7531	-10476
-5028	-5
2479	-5
9987	-2623
4982	-2623
2479	-7858
-15039	-2623
4982	-2623
4982	-2623
2479	-2623
-10033	23554
22500	-18329
2479	-18329
9987	2612
7485	-7858
12490	-13094
-23	-2623
-5028	2612
-2525	2612
-5028	-7858
14993	5230
-7531	-2623
-5028	-20947
-2525	-2623
4982	7848
2479	-5
9987	15701
-5028	2612
-23	2612
-23	2612
-5028	-10476
-15039	-7858
-7531	-13094
-15039	5230
-2525	-5
-5028	-7858
-12536	-7858
-10033	2612
2479	-5241
-2525	-2623
2479	2612
-23	-7858
4982	-5241
-5028	5230
-2525	-5
-10033	7848
4982	-5241
-2525	18318
14993	5230
-7531	-2623
7485	-5
-23	-10476
-5028	-2623
12490	-10476
-7531	-15712
-7531	7848
2479	2612
-5028	-2623
-5028	-2623
-2525	-5241
2479	-5241
-2525	-5241
-7531	5230
-15039	-5
-10033	-5241
-2525	-2623
-5028	5230
12490	-15712
-23	2612
-12536	-5
-5028	7848
-10033	-5
-2525	2612
2479	7848
22500	-2623
-23	-5
-10033	5230
-12536	-10476
19998	-5241
4982	-2623
-17542	-5
-23	-2623
-15039	-2623
-5028	-5
-7531	10465
-10033	5230
-7531	-7858
12490	18318
-5028	-5
-12536	7848
-2525	-5
-5028	13083
-2525	-2623
-23	10465
-2525	-2623
-23	34025
-12536	-10476
-10033	-5241
-5028	-2623
12490	18318
-12536	2612
-7531	-7858
2479	-10476
-10033	-5
7485	7848
9987	-2623
-23	5230
-23	5230
-7531	2612
-2525	-7858
-10033	-5
-2525	-10476
-7531	2612
27506	2612
2479	-5241
-10033	-2623
-12536	-5241
17496	5230
2479	2612
4982	-5
9987	7848
7485	5230
-7531	13083
-23	-5
-23	-2623
-5028	-10476
-23	5230
-7531	7848
-5028	-10476
7485	5230
9987	-7858
22500	-2623
-2525	-2623
7485	-5
-7531	5230
-7531	-2623
-15039	5230
2479	-2623
4982	-2623
-5028	52348
-10033	2612
-12536	-5
-23	2612
-5028	-5241
-5028	5230
-7531	5230
-15039	13083
-12536	34025
17496	-2623
-7531	-5241
19998	-5241
-5028	5230
2479	-5
9987	-5241
-23	-5241
-23	2612
9987	5230
9987	5230
-23	-5241
-7531	-5
2479	-10476
2479	2612
-23	2612
4982	2612
-12536	5230
2479	-5241
-7531	-5241
-5028	-13094
-12536	-10476
-23	7848
4982	-7858
-7531	-5
-7531	2612
-5028	-2623
9987	-5
-7531	10465
-23	-2623
7485	-13094
7485	-5
4982	2612
4982	-7858
2479	-7858
4982	-7858
-7531	-2623
-2525	-2623
-10033	-5
2479	-5
-2525	-10476
2479	-10476
2479	-7858
-7531	10465
2479	-10476
2479	10465
2479	-7858
-10033	-5
-12536	-5241
19998	-10476
-2525	-5
-23	-5
7485	-2623
-5028	-10476
9987	-2623
7485	-5241
-23	-5
-12536	-2623
-2525	-7858
-5028	-13094
-12536	-7858
2479	20936
-5028	-7858
-2525	-5
-10033	2612
32511	18318
-23	-2623
2479	-7858
-12536	-2623
-2525	-5241
-7531	-7858
-2525	-5241
9987	10465
42521	-5
-7531	-5241
-5028	10465
-5028	36642
17496	-10476
-5028	-5241
4982	-13094
-5028	2612
2479	10465
4982	-5241
-7531	-2623
-5028	-5241
-23	-7858
-15039	-5
-7531	-5
-10033	2612
-2525	5230
-2525	-7858
4982	-18329
-2525	7848
2479	-5
-5028	-2623
-2525	-7858
-23	-5241
-5028	-13094
-5028	-2623
-7531	-7858
-2525	10465
-5028	-7858
2479	-10476
2479	7848
-23	-7858
17496	5230
-10033	-7858
-5028	7848
-23	-5241
-5028	-2623
25003	-5
-2525	23554
4982	-5241
-7531	5230
-23	-5
-10033	-7858
7485	13083
-2525	-7858
-10033	-7858
-5028	-2623
12490	-5
-12536	7848
4982	-2623
4982	2612
12490	-5
7485	-10476
9987	-5241
7485	7848
-12536	-5
-5028	-5
-5028	-2623
-23	2612
-5028	5230
12490	-2623
7485	-7858
2479	-10476
-23	2612
-10033	-2623
9987	5230
-2525	-5241
-12536	-5
7485	-2623
-23	5230
-5028	13083
-12536	-5
-23	10465
-5028	-5
17496	-10476
-10033	2612
4982	-2623
2479	-5
2479	-2623
-5028	2612
2479	-10476
7485	-2623
14993	-2623
7485	-5
2479	-2623
2479	7848
-2525	13083
-2525	15701
-10033	5230
-2525	-5241
19998	-7858
-7531	15701
7485	-10476
7485	-2623
-23	-10476
-23	7848
-23	-10476
-5028	-2623
14993	-5
-5028	-7858
27506	-2623
14993	-2623
14993	-5
-5028	2612
-7531	2612
-10033	2612
9987	2612
-2525	2612
-23	-10476
2479	13083
-2525	-2623
-23	5230
22500	7848
-7531	2612
-7531	-5241
-10033	-7858
7485	-2623
-5028	2612
9987	-15712
-23	-5241
14993	-5
12490	-5
-7531	-5241
-7531	18318
2479	-13094
-7531	-7858
-23	54966
-5028	2612
-15039	2612
7485	-7858
-7531	-15712
-2525	5230
-2525	2612
-15039	-10476
-2525	5230
4982	5230
2479	-5241
2479	-2623
7485	-5
-7531	-2623
9987	-7858
-5028	20936
2479	2612
-10033	-5
-10033	-7858
-2525	-5241
-7531	5230
-7531	18318
-23	-2623
2479	-2623
-5028	13083
-10033	-5241
-10033	5230
4982	-7858
12490	-2623
-2525	15701
-2525	2612
-15039	-2623
2479	-2623
-2525	7848
-5028	-15712
-23	10465
-10033	-5241
-5028	-5
-2525	-5241
2479	-5241
-12536	-5
-10033	-2623
-15039	13083
19998	-5241
2479	-5241
12490	-5
-12536	-2623
-5028	-7858
-10033	-2623
-7531	-5
-7531	-7858
4982	2612
-12536	5230
-10033	-2623
4982	2612
-5028	2612
4982	7848
-2525	-5
-7531	-7858
-10033	-5
2479	-7858
-5028	-15712
-5028	7848
-15039	-5241
2479	-10476
-2525	2612
22500	-2623
7485	-13094
-2525	-13094
-2525	2612
-15039	-7858
2479	-5241
4982	10465
-2525	-10476
-2525	-5
-7531	-5
-12536	2612
-23	5230
-15039	-5241
2479	5230
-2525	-5
2479	5230
4982	-5
17496	-5
2479	-5
-23	13083
-5028	-2623
4982	-5
-12536	-10476
-7531	28789
-10033	-7858
-5028	10465
4982	-10476
19998	-2623
17496	-7858
7485	5230
-7531	15701
-7531	2612
-5028	-5241
-2525	-2623
4982	2612
-10033	7848
9987	-5
-7531	-10476
-7531	2612
-12536	-5
25003	-5
4982	5230
-10033	20936
-5028	2612
2479	-5
-5028	5230
4982	2612
-23	5230
-7531	7848
-12536	2612
-10033	5230
-2525	-5241
-23	7848
9987	-5241
-10033	-2623
14993	-10476
-23	-7858
4982	-5241
-10033	-2623
12490	5230
-2525	-2623
-12536	10465
-15039	5230
12490	-5
-5028	-5
-23	-7858
-5028	5230
14993	-15712
7485	-5241
-12536	-15712
22500	-5241
-5028	2612
-23	2612
2479	-5241
-10033	-7858
7485	-7858
7485	5230
14993	-5
-10033	-2623
-23	-10476
-2525	-2623
-7531	-7858
-7531	20936
-12536	-18329
-12536	-2623
2479	-5241
37516	-2623
-2525	-5
-5028	-7858
-23	5230
-10033	-15712
-5028	-5
-2525	-5241
12490	-2623
-2525	-15712
-7531	-7858
19998	10465
-2525	-10476
17496	2612
-12536	-5241
-10033	7848
4982	-2623
4982	-2623
9987	-5
-2525	5230
42521	-5241
17496	2612
-10033	-5241
-10033	7848
-12536	-2623
2479	-5241
-2525	-5241
7485	-7858
7485	-7858
-7531	7848
-2525	-5241
9987	5230
-7531	-5241
-5028	-5241
-2525	-5241
-12536	-5241
4982	-5241
-5028	-5
19998	7848
-23	5230
-2525	-5241
9987	5230
-23	-10476
-12536	-7858
-2525	-5241
-10033	49731
-10033	49731
-7531	-5241
4982	2612
2479	-2623
-10033	-10476
-23	-2623
2479	18318
9987	206792
-10033	5230
12490	-13094
9987	-5241
-10033	-5
4982	-5241
-5028	13083
-5028	2612
-7531	18318
2479	2612
4982	-5241
-2525	-5241
-5028	-13094
-7531	-7858
-10033	-5241
-23	-5
-5028	10465
-12536	-5241
7485	-13094
22500	-15712
7485	15701
-12536	2612
-15039	-2623
-2525	-5
25003	-7858
-10033	2612
2479	5230
-10033	-2623
-15039	-13094
-12536	15701
-23	-7858
12490	2612
17496	-2623
-23	-5
-7531	-5
-23	-10476
-5028	-7858
4982	-2623
-2525	10465
-2525	-2623
-10033	5230
-23	-5241
-10033	-10476
-7531	13083
4982	-7858
-5028	-2623
-2525	-7858
-7531	-5
4982	5230
-23	-5241
-7531	2612
9987	7848
17496	2612
25003	10465
-12536	-2623
4982	13083
-2525	-5241
-2525	-2623
-7531	10465
-23	-5
-5028	5230
25003	5230
-2525	-5
17496	10465
4982	-5
25003	-2623
-23	-5
-12536	7848
2479	2612
-5028	2612
-5028	-10476
7485	-5241
-2525	-2623
-7531	2612
-12536	20936
12490	2612
9987	2612
-7531	-5
-23	5230
2479	-10476
-5028	-2623
-23	5230
-12536	2612
-7531	-5241
-10033	7848
-23	-5241
-2525	-7858
-15039	10465
19998	2612
-7531	-5241
-10033	-5241
4982	-5241
14993	2612
19998	-7858
-5028	7848
4982	-5241
-10033	-5241
-12536	10465
9987	-10476
19998	-5241
-23	13083
2479	-7858
7485	-2623
-15039	5230
12490	10465
2479	-10476
-15039	-7858
-10033	-5241
-10033	-5241
14993	149203
9987	-10476
19998	-2623
2479	2612
-2525	-5
-5028	-5241
4982	-5
-5028	-2623
7485	23554
2479	-5241
2479	-7858
12490	7848
-5028	-2623
7485	-5
-2525	13083
-2525	-7858
7485	5230
-5028	10465
2479	-7858
22500	-5
19998	7848
47526	-7858
-17542	-5
-5028	-10476
-23	-5
4982	-2623
-15039	-18329
2479	5230
9987	5230
-10033	-2623
2479	7848
-7531	-10476
-2525	-7858
-5028	5230
-7531	-10476
-5028	70672
4982	-2623
-7531	10465
-10033	-10476
-23	-18329
2479	7848
-23	-5241
-7531	-10476
-15039	2612
-10033	5230
-7531	-2623
-2525	23554
-7531	-10476
14993	13083
-23	7848
-5028	-5241
4982	31407
9987	-5
-5028	-5241
-5028	13083
-5028	-13094
-10033	-10476
-5028	-2623
-10033	-2623
9987	-10476
2479	-10476
-15039	-2623
-23	-5241
4982	-5241
2479	15701
7485	-2623
2479	-13094
-5028	2612
-23	-5
14993	-5
-2525	-7858
-10033	-5
-7531	-7858
-2525	-5
17496	7848
2479	2612
-5028	-2623
-23	-5
12490	-2623
17496	-5241
25003	-2623
-10033	-2623
-12536	-2623
-23	-2623
2479	13083
12490	-2623
-12536	-5
-23	-7858
-7531	-7858
-10033	-2623
-2525	-10476
2479	5230
-15039	-2623
9987	-5241
-23	-2623
-2525	-18329
4982	-5
12490	-13094
-7531	-5
-7531	13083
9987	-5241
-10033	-5
-10033	13083
-10033	2612
-5028	-5
-10033	-13094
9987	2612
-5028	-2623
7485	-5241
9987	-10476
14993	-5
9987	-5
-5028	-5
9987	-5
-10033	-10476
-5028	10465
-7531	-5241
-10033	-7858
25003	20936
17496	-7858
-23	-7858
-10033	-5
-7531	-2623
-5028	-5
-7531	-2623
-10033	10465
-10033	-2623
14993	-5
-2525	5230
-23	-5241
-23	-5
-23	-7858
22500	2612
-2525	-2623
14993	-7858
22500	-5
-15039	18318
9987	-7858
4982	-5
-23	5230
-2525	-5
-10033	2612
12490	-13094
-5028	-5
4982	-13094
-7531	10465
-7531	-10476
-10033	5230
-10033	-5241
-5028	-5
4982	7848
-5028	7848
-23	2612
2479	-13094
32511	-5241
-12536	-5241
-12536	5230
7485	10465
-10033	2612
-5028	13083
-12536	-7858
25003	-10476
7485	-2623
-5028	-10476
-15039	-5
4982	-5
-7531	-5241
2479	5230
-5028	-7858
2479	-2623
19998	-5
-2525	-7858
9987	2612
-10033	-2623
9987	-5241
-7531	-15712
-5028	-5241
9987	-5
4982	-7858
-12536	15701
-2525	-5241
-2525	7848
-5028	-5
-7531	-5
9987	-7858
30008	-2623
-2525	-2623
-7531	-5
4982	-2623
-23	-13094
-10033	2612
-2525	-2623
-2525	5230
-2525	34025
19998	2612
-12536	-2623
-5028	-2623
-23	20936
-2525	-15712
12490	-5241
-10033	10465
-2525	2612
7485	-7858
19998	-18329
-12536	-5
-10033	5230
-15039	-5
-7531	-15712
2479	15701
-7531	10465
-23	-15712
-23	-10476
-7531	2612
-23	13083
-23	2612
-2525	-5
-10033	-7858
-10033	18318
7485	-5
-2525	-13094
4982	-5241
-7531	-2623
-5028	5230
-5028	-5241
32511	-2623
12490	-7858
2479	2612
-5028	-5241
-2525	-5241
-23	-10476
-23	10465
17496	2612
2479	-7858
-12536	2612
-2525	-5241
9987	-5241
-2525	-5
45024	2612
-12536	-5
2479	2612
-7531	-2623
-5028	-5
4982	-5241
2479	-5241
7485	2612
-23	-5241
4982	-2623
2479	-2623
-5028	-10476
-15039	-5
-5028	7848
-5028	5230
-5028	-5241
-15039	10465
-5028	-5241
-23	-5241
-2525	2612
-10033	-5
2479	-10476
12490	5230
4982	-5
-12536	7848
-5028	5230
-5028	-5241
4982	2612
4982	2612
-2525	-5
4982	-5
-23	-10476
-5028	-5241
9987	-2623
12490	20936
-5028	10465
-5028	7848
35014	7848
-23	-5
17496	-5
-12536	-2623
-15039	-5
12490	-2623
4982	-7858
-7531	13083
-7531	-5
17496	7848
12490	-7858
-5028	-2623
2479	-10476
-23	-5
-7531	-5
-2525	-10476
-10033	-5
2479	5230
-23	-5241
4982	-10476
-7531	2612
9987	-5241
17496	20936
-15039	-5
2479	7848
2479	-10476
-7531	-15712
7485	2612
-2525	-13094
2479	-5
7485	-5
-12536	2612
-23	13083
2479	-13094
-10033	-2623
12490	-2623
-7531	-2623
7485	-5
-12536	-5
-7531	-7858
-2525	7848
14993	-5
4982	-5
17496	-2623
12490	-7858
27506	-5241
2479	-5
-7531	5230
2479	5230
-15039	-5241
-5028	2612
2479	2612
-12536	-5241
9987	-13094
-5028	-10476
7485	20936
9987	-5241
7485	-2623
4982	2612
-5028	-7858
-23	2612
-12536	-13094
-7531	-13094
-7531	-5241
-15039	-7858
2479	10465
-2525	-2623
2479	7848
-7531	2612
9987	15701
7485	5230
4982	-2623
14993	-5
-23	-2623
-10033	7848
2479	-5241
-23	5230
-7531	-5241
7485	5230
-12536	-5241
-10033	-2623
12490	-2623
30008	-5241
-5028	-2623
-7531	20936
2479	-5241
-23	-5241
2479	-2623
-12536	2612
4982	-7858
27506	-2623
9987	-15712
-7531	7848
2479	2612
4982	-5
-7531	28789
-7531	23554
-2525	-5241
-23	-5241
-2525	-5
22500	-10476
14993	-5241
-23	7848
-23	-5
-12536	5230
-15039	-5
4982	-7858
9987	2612
14993	-5241
-2525	7848
-17542	-5
-12536	-2623
2479	-10476
-5028	-5
2479	-5241
-10033	-5
2479	2612
-10033	-15712
19998	-10476
-10033	13083
-2525	-10476
9987	-13094
-5028	-2623
7485	2612
-23	-2623
17496	-10476
4982	10465
2479	-5241
-12536	5230
-7531	7848
-10033	-5241
-12536	5230
-23	7848
17496	-5241
-2525	2612
-2525	-2623
19998	2612
4982	34025
-23	5230
9987	-10476
2479	-5241
-10033	-5
19998	-7858
19998	-7858
-10033	7848
2479	-2623
-7531	-2623
-5028	10465
4982	31407
-5028	7848
-23	-10476
7485	-2623
-5028	-5241
-7531	-5
27506	7848
-5028	5230
9987	-2623
-10033	-5
9987	5230
-2525	7848
-7531	-2623
-15039	-2623
-10033	10465
-5028	10465
-12536	-5241
-5028	2612
7485	-2623
4982	5230
17496	2612
-10033	-5241
-5028	-5
-5028	-15712
-7531	2612
-2525	-5241
-7531	5230
-7531	20936
2479	-2623
-7531	-5241
7485	-10476
-7531	-2623
-2525	-7858
7485	7848
-2525	-10476
-7531	60201
7485	-7858
-7531	2612
-2525	-2623
-5028	-2623
-15039	-2623
4982	5230
17496	-2623
-10033	-2623
-7531	-5241
7485	-5
-7531	-2623
4982	2612
17496	2612
9987	-5241
9987	-5
-12536	5230
-23	-2623
-23	-2623
2479	-7858
4982	-5241
2479	13083
-2525	10465
7485	-2623
19998	-5
12490	23554
-5028	-7858
7485	-10476
14993	-2623
-5028	-2623
-2525	-5
-5028	-2623
14993	-2623
-5028	5230
-7531	7848
-12536	-5
-10033	-7858
25003	-5
-23	-5241
-12536	-2623
-7531	-5
-7531	2612
2479	2612
-5028	7848
-12536	-7858
4982	10465
14993	-2623
9987	-5
7485	5230
14993	7848
-5028	15701
-15039	-5
2479	-5
-10033	-2623
9987	-5
-7531	-7858
-7531	7848
-7531	-5
-5028	-10476
22500	-7858
-10033	7848
-23	7848
17496	5230
2479	-5
-12536	5230
4982	-5
-7531	-5241
-7531	-5241
-2525	5230
-12536	15701
-15039	-7858
-23	2612
-15039	-13094
4982	-5
-2525	-7858
-2525	-5241
4982	2612
-23	-7858
2479	13083
-7531	7848
-12536	2612
-12536	2612
7485	-15712
2479	13083
2479	2612
4982	-2623
7485	5230
35014	-2623
-5028	-5241
-2525	-5241
-10033	5230
7485	-10476
-5028	-5241
-12536	2612
7485	-5241
7485	-15712
22500	-7858
-2525	-2623
-23	-2623
-2525	34025
-15039	-7858
-23	-5
-5028	-15712
9987	2612
-23	10465
4982	-7858
-10033	10465
9987	5230
-2525	-5241
7485	-13094
12490	7848
7485	20936
2479	2612
-12536	-5
-5028	-2623
-5028	2612
7485	2612
2479	-10476
19998	2612
12490	5230
7485	-13094
4982	-5241
-23	5230
-2525	2612
7485	-5
-5028	5230
-7531	7848
-7531	-10476
-2525	-5241
-2525	-7858
4982	-15712
-23	-13094
12490	-2623
-7531	-5
-7531	-10476
-5028	-5
4982	-7858
-7531	-5241
9987	-5241
-5028	-13094
-5028	-10476
4982	-5
-2525	2612
-7531	-5241
-7531	7848
-12536	-7858
-23	-5241
-7531	13083
4982	7848
7485	2612
-23	-5241
-23	-2623
9987	5230
-5028	10465
4982	-7858
-7531	-2623
2479	13083
-12536	-7858
-10033	2612
4982	13083
7485	5230
2479	-2623
-7531	-2623
-2525	-7858
-10033	-13094
22500	-5
-7531	2612
-5028	-5
2479	2612
-23	-5
32511	-2623
27506	2612
-12536	-10476
-10033	10465
-10033	-5
4982	13083
-10033	2612
-5028	-7858
2479	-2623
-12536	2612
14993	-13094
2479	-5
-10033	10465
-5028	-10476
-12536	7848
-5028	-7858
-2525	-7858
-23	-2623
19998	-7858
7485	-15712
25003	5230
9987	7848
-23	-5241
-2525	-7858
-23	5230
4982	-5241
-23	10465
-12536	5230
-7531	-2623
7485	5230
-12536	-2623
-7531	-5
4982	-13094
17496	-5
-5028	-2623
-2525	7848
-23	-7858
4982	-13094
7485	-10476
2479	-15712
35014	-5241
-5028	-5241
-23	-5
2479	-5241
-15039	5230
-23	-5241
-7531	-2623
-10033	-5241
2479	-10476
2479	5230
-10033	18318
17496	5230
7485	13083
-2525	-7858
-12536	7848
-15039	-2623
-5028	-5241
7485	2612
4982	2612
2479	-5
9987	-5241
2479	-2623
-7531	7848
7485	2612
22500	-5
-2525	5230
4982	-7858
-10033	-2623
4982	-10476
-15039	-5241
2479	-5241
-23	-7858
-10033	5230
-12536	-5
2479	7848
-23	-10476
-5028	2612
-23	-5
-2525	15701
7485	-2623
32511	-7858
12490	-7858
-5028	-2623
2479	-2623
-12536	2612
-7531	-5
-2525	-5241
-10033	15701
19998	2612
4982	-7858
-2525	2612
-23	-7858
-12536	-5241
-7531	-5241
7485	-2623
-12536	-5
2479	7848
-5028	-2623
4982	-5
-2525	5230
-7531	10465
-2525	7848
-10033	13083
-12536	-10476
-10033	-5
-23	5230
-2525	-5241
-7531	-2623
-2525	10465
4982	-15712
9987	-15712
-10033	-2623
2479	-5
-15039	5230
-10033	-5241
17496	-2623
-12536	-7858
-10033	-2623
4982	13083
-2525	10465
9987	-7858
2479	-7858
-10033	-5241
4982	-2623
35014	-5241
-23	-2623
19998	-2623
7485	-7858
-2525	2612
-10033	-2623
-2525	-13094
25003	-10476
-7531	-2623
-23	2612
2479	-2623
4982	7848
-5028	-5241
-7531	2612
7485	2612
22500	-5241
32511	-5241
-10033	-2623
-12536	-7858
-23	-13094
7485	-5241
-15039	-2623
9987	-2623
14993	-13094
14993	2612
4982	10465
12490	-10476
-12536	7848
-7531	-2623
2479	-10476
-23	-5
-12536	-5241
2479	-10476
-10033	5230
-7531	-5241
7485	2612
7485	2612
-12536	-5
-5028	-2623
30008	-5
-10033	2612
-5028	-2623
17496	15701
-23	-2623
9987	20936
-10033	-2623
2479	7848
-2525	-5241
2479	-7858
-7531	7848
-10033	-5
2479	2612
22500	-2623
-7531	-10476
-10033	2612
-5028	15701
9987	-2623
-7531	-2623
-2525	-5241
2479	-18329
-5028	10465
-5028	-5
2479	-5241
-10033	7848
-12536	2612
-5028	-5
-2525	5230
-12536	5230
-7531	2612
-23	5230
4982	-2623
7485	-5241
9987	2612
-2525	2612
-12536	-5
7485	-5
-10033	-7858
30008	-2623
22500	-10476
-2525	-2623
19998	5230
-7531	-7858
-10033	10465
-12536	2612
7485	-7858
-23	15701
-5028	5230
-23	-13094
-5028	28789
-23	2612
9987	2612
9987	-5
12490	-5
-12536	-5
7485	-7858
4982	-2623
-7531	-7858
-12536	-2623
22500	-5241
-7531	-7858
-23	-5
7485	-5241
2479	-10476
2479	-10476
-5028	-5241
-15039	-2623
-2525	-7858
-2525	-5
-23	2612
2479	44495
2479	2612
7485	-7858
-23	-5
-2525	18318
9987	10465
-7531	-10476
-2525	-5
-5028	5230
-12536	-7858
-5028	5230
9987	-5241
-2525	-5
12490	65437
-10033	-13094
-10033	-5
-2525	-7858
25003	2612
9987	-5
-5028	-5
-7531	5230
-7531	-2623
25003	-2623
4982	5230
2479	-7858
-5028	13083
-12536	-15712
-23	5230
7485	-5
9987	-7858
-7531	5230
4982	-13094
17496	-5241
-10033	15701
7485	-2623
-5028	2612
-10033	-2623
-7531	-5
-2525	-2623
2479	7848
-12536	7848
-7531	-5
-10033	-2623
-17542	2612
-23	7848
14993	15701
-15039	-13094
-12536	-13094
4982	-2623
2479	-5
-23	-5
-12536	-5
14993	5230
-5028	5230
9987	2612
-7531	2612
-15039	-5241
-12536	-7858
-5028	7848
-5028	13083
-10033	2612
-5028	-5241
-10033	-2623
-2525	10465
-5028	-2623
-23	-10476
-7531	-5
-17542	-5241
4982	-5241
9987	-2623
2479	2612
-23	-10476
-23	-7858
-7531	-5241
-10033	-5
2479	-5241
12490	10465
2479	-2623
-5028	-5241
12490	-2623
4982	-7858
7485	-2623
7485	-5
-2525	2612
-5028	2612
-12536	-7858
-5028	7848
-10033	-5
-10033	10465
-10033	-15712
4982	-5
-10033	-5
2479	7848
-17542	10465
2479	5230
7485	-5
-2525	13083
9987	7848
2479	13083
-7531	-2623
-12536	5230
-5028	-2623
14993	-5
-12536	2612
7485	-5241
-12536	5230
4982	2612
-5028	5230
12490	-5
-7531	5230
22500	18318
-7531	-5
-5028	5230
-2525	13083
-10033	5230
-12536	-5241
-7531	-5
-23	-10476
7485	15701
-7531	13083
-10033	-2623
-7531	-2623
-7531	-7858
-10033	2612
-2525	-5241
2479	2612
-12536	2612
7485	-5241
2479	-20947
-12536	-7858
4982	-5
-23	-7858
4982	-5241
14993	-2623
-5028	-5241
-7531	-7858
4982	-5241
9987	-15712
-23	-10476
-15039	-5241
12490	7848
2479	13083
-5028	-2623
-23	-2623
-5028	2612
-23	-10476
-2525	41878
-2525	-13094
-10033	5230
-7531	-5241
7485	7848
4982	2612
14993	2612
-7531	7848
17496	18318
12490	-5
30008	-10476
-5028	2612
2479	13083
-7531	-5241
7485	-5241
-2525	-13094
-10033	10465
-2525	-5
-7531	-15712
-5028	-2623
-15039	-2623
-15039	5230
-10033	7848
-23	20936
2479	2612
-2525	2612
-5028	-13094
19998	-7858
-23	2612
12490	5230
-12536	-2623
7485	2612
-5028	-5
4982	-13094
-15039	-15712
9987	2612
4982	10465
30008	-5241
2479	-5241
-10033	10465
2479	7848
30008	2612
-5028	-5
-10033	-7858
-5028	2612
-23	2612
-10033	10465
-10033	-2623
-23	-5
12490	-7858
-7531	2612
-23	-5
12490	2612
-23	2612
-7531	-2623
-10033	-5241
-2525	2612
-7531	10465
12490	34025
-2525	-7858
4982	-2623
-10033	-7858
-10033	-7858
-23	-5
2479	5230
9987	-10476
-7531	-2623
14993	10465
-2525	2612
-12536	2612
-2525	5230
-15039	2612
4982	2612
7485	-15712
-23	-5241
-15039	5230
-5028	-2623
-23	-2623
9987	-7858
-5028	7848
4982	13083
35014	2612
-23	-2623
-7531	-7858
7485	7848
4982	-5241
-10033	-5241
-12536	7848
-7531	2612
-10033	10465
2479	23554
17496	-5
-23	-10476
-7531	-2623
-23	-2623
-7531	2612
-2525	-7858
50029	5230
14993	-10476
7485	2612
4982	-5241
-12536	7848
-5028	-5241
-5028	23554
9987	-13094
-10033	-13094
-5028	-5
-10033	15701
9987	-5241
-12536	5230
-23	7848
-12536	-5241
-2525	-5
-7531	10465
2479	-10476
-12536	5230
-7531	-26182
2479	-7858
-5028	-5
-23	-10476
-5028	-2623
-7531	10465
12490	10465
7485	-10476
-5028	-2623
-23	15701
7485	-7858
-10033	-2623
-10033	5230
-2525	2612
-10033	-7858
-5028	10465
-23	-2623
-23	-10476
-17542	2612
4982	10465
-12536	-2623
-12536	-7858
-5028	-5
57537	-13094
-2525	-13094
9987	-7858
-7531	-10476
4982	7848
-5028	-10476
-5028	7848
2479	5230
-5028	34025
-10033	-5
2479	5230
-5028	2612
9987	-7858
-10033	-7858
-2525	5230
-7531	-2623
7485	-5241
37516	-10476
7485	-5
-10033	5230
2479	-13094
4982	18318
-23	-10476
-10033	5230
4982	7848
-7531	-5
-5028	-2623
-10033	13083
-5028	-2623
12490	-2623
-23	-7858
-23	2612
-7531	-13094
-5028	-2623
2479	2612
-7531	2612
-5028	-5
19998	-2623
-10033	-7858
-23	-5
-5028	-13094
-15039	-7858
-10033	-5241
-2525	-10476
-7531	-5241
-12536	-2623
-2525	-5241
-7531	-5241
4982	5230
-2525	-7858
-5028	7848
-7531	10465
-12536	-5241
-10033	2612
4982	-7858
7485	2612
9987	15701
2479	-13094
-12536	31407
-10033	2612
17496	13083
2479	-15712
-12536	-5
-12536	-5241
-2525	-5
-5028	13083
-15039	2612
-7531	20936
-10033	13083
-12536	-5241
-5028	-2623
-7531	10465
7485	-5241
-12536	-5
-10033	7848
7485	-5241
7485	-7858
-5028	-7858
-5028	-5
-12536	-5
-10033	5230
9987	5230
-7531	5230
7485	-10476
-2525	-7858
-12536	-7858
-23	-5
-23	20936
-2525	7848
4982	-13094
-5028	5230
25003	-10476
-23	31407
-5028	-5
-7531	-5
-2525	-5241
-7531	-13094
7485	2612
-23	-5241
-2525	-2623
-23	-10476
-2525	2612
-7531	-13094
-5028	26171
-23	-2623
-10033	-5
-10033	-7858
-5028	-13094
-10033	2612
-10033	-7858
-10033	-7858
4982	-10476
-2525	-5
-5028	2612
4982	-10476
2479	5230
-2525	2612
-23	2612
2479	-2623
-5028	-10476
4982	-7858
-7531	-5241
2479	-10476
9987	-5241
27506	-18329
-2525	-5
-2525	-15712
12490	-5241
-5028	-18329
-10033	-7858
-5028	-2623
-7531	23554
-2525	5230
-15039	7848
-2525	2612
-12536	-5
4982	-2623
-7531	-7858
17496	-5
12490	10465
19998	10465
14993	-5
-5028	-2623
-2525	-5
2479	-5241
-23	2612
9987	-5241
4982	-7858
-2525	5230
-10033	-2623
19998	-5241
4982	5230
-10033	-5241
14993	-13094
30008	20936
-15039	10465
-15039	7848
-5028	-2623
2479	-5241
-12536	-5
4982	15701
-23	7848
-23	-13094
-7531	-5241
-23	2612
-10033	10465
-5028	-5
17496	7848
-2525	-7858
-7531	5230
-7531	-7858
2479	-5241
-2525	2612
2479	7848
-7531	-10476
-10033	-5
14993	-5
-7531	-13094
9987	-5
2479	10465
12490	-13094
-2525	-10476
30008	-2623
-2525	7848
12490	-5
-10033	-7858
4982	-7858
9987	15701
2479	-5
-12536	-13094
-5028	15701
2479	-2623
12490	-2623
-10033	-5
4982	5230
2479	-5
7485	-2623
-2525	-5
-2525	23554
-7531	7848
7485	5230
-15039	2612
2479	5230
2479	-5
12490	-2623
-10033	-5
-5028	-5
-10033	2612
2479	-13094
9987	-10476
-5028	5230
-7531	2612
2479	13083
-15039	-2623
7485	7848
-2525	5230
4982	23554
4982	10465
-10033	-5241
-5028	-5
14993	2612
12490	-15712
14993	-5
-5028	5230
-23	13083
-5028	-7858
-15039	2612
-10033	-5241
-12536	2612
7485	-2623
-5028	57584
2479	-5
-10033	2612
-23	-7858
-12536	-2623
-10033	-10476
-12536	2612
-7531	-5
19998	-13094
-7531	-13094
7485	-13094
-23	-5
-23	-5
-7531	5230
-5028	5230
-7531	10465
-7531	7848
-23	7848
-23	10465
9987	-13094
-12536	-5241
-5028	-5241
4982	5230
-10033	-10476
4982	-7858
-10033	-10476
2479	-2623
-10033	-7858
-23	-18329
19998	-2623
2479	-7858
12490	-2623
12490	-5
17496	-15712
-7531	10465
-12536	-5
2479	-18329
-12536	-5
4982	-10476
7485	-13094
-2525	5230
-10033	7848
2479	-2623
-10033	2612
-2525	7848
-5028	10465
4982	-5241
2479	-13094
9987	52348
-10033	2612
-5028	-2623
7485	-10476
4982	-5241
-5028	-2623
-10033	-7858
4982	-2623
-7531	7848
-10033	-5241
-23	-18329
12490	-2623
-23	-7858
12490	-2623
-2525	-15712
-5028	-5
-10033	7848
9987	-15712
-17542	-7858
-7531	2612
-2525	-18329
-12536	26171
-5028	10465
2479	-2623
2479	26171
-15039	5230
2479	-2623
4982	-5241
-10033	5230
12490	-5241
4982	-2623
2479	-2623
4982	-5
9987	-15712
-15039	-5
-10033	5230
-10033	2612
-5028	-5
-12536	-2623
7485	-10476
-7531	7848
-2525	18318
-10033	2612
-7531	10465
-10033	-2623
-7531	5230
19998	2612
-10033	10465
-10033	-5241
-10033	7848
-12536	10465
-23	10465
-12536	-5
-7531	2612
2479	-5241
7485	-5
7485	-10476
9987	2612
-23	-5241
7485	2612
-10033	-5
-10033	2612
-5028	5230
-2525	20936
-10033	-5
4982	13083
-23	-13094
-12536	-2623
-10033	-5241
-23	5230
22500	7848
7485	5230
35014	-5
17496	5230
14993	-5
-2525	-10476
-7531	-7858
-12536	-5
-2525	-5241
4982	-10476
7485	-10476
-2525	-5241
-23	-2623
-7531	7848
9987	2612
7485	7848
4982	-5241
-12536	10465
-10033	13083
-2525	5230
2479	-5
7485	2612
22500	20936
-7531	-5
-5028	-5241
-5028	-5
19998	-5
-12536	-10476
-10033	7848
-5028	-13094
-10033	10465
4982	-5241
-5028	-5
12490	7848
-5028	10465
-12536	-2623
-23	-5241
12490	-5241
7485	-5
-23	-7858
22500	-5
-7531	5230
-12536	-5
2479	-2623
4982	5230
-7531	-5241
-2525	-2623
-23	13083
7485	2612
-12536	-10476
-2525	-2623
-23	-7858
-2525	-10476
2479	2612
-2525	5230
-12536	7848
-23	-2623
12490	-13094
-23	-10476
9987	-5
-2525	7848
-10033	2612
-2525	-5
-10033	2612
-2525	-5
-7531	2612
7485	-5241
2479	-5
-5028	-5
-10033	2612
-5028	-7858
4982	2612
-17542	-5
-2525	10465
-23	-2623
-23	-2623
27506	-10476
-5028	-5241
-7531	2612
-5028	13083
-23	10465
2479	-5
-2525	-5
-10033	-13094
-12536	-5
-7531	7848
-5028	26171
-2525	-2623
-23	-7858
-10033	-5
-7531	-5241
-12536	-7858
-5028	2612
-10033	13083
-23	-10476
-5028	-2623
7485	-7858
-12536	2612
-2525	10465
2479	5230
12490	-5
9987	15701
-2525	-10476
7485	2612
17496	-5
-10033	7848
-7531	5230
2479	-2623
2479	-5
-5028	10465
-5028	-2623
-2525	10465
7485	5230
-7531	5230
-15039	-7858
-15039	-7858
-2525	-2623
25003	2612
9987	18318
12490	-5
-5028	5230
-12536	7848
-23	7848
22500	-5241
2479	-2623
-2525	-7858
4982	-2623
-23	10465
-7531	-5241
14993	-5241
-7531	-10476
4982	-5241
-2525	13083
-23	-5
14993	-13094
7485	-7858
-7531	-13094
-12536	-5
-12536	-5241
-7531	-2623
4982	-5241
-7531	2612
-23	7848
4982	26171
9987	-7858
2479	-5241
-5028	-5241
-5028	28789
-7531	-10476
2479	-10476
-10033	-5241
-12536	15701
-7531	23554
4982	10465
17496	-10476
2479	5230
-10033	-7858
19998	-5241
-5028	-5241
4982	-2623
2479	-2623
4982	-18329
12490	5230
4982	-10476
2479	5230
17496	-5241
-5028	-2623
-7531	-5241
-2525	-10476
4982	10465
-2525	-2623
-5028	18318
2479	2612
4982	-2623
-7531	2612
7485	10465
-2525	-5
12490	-5
-2525	7848
-5028	-5241
2479	-2623
4982	7848
-5028	-2623
7485	-5241
-7531	-2623
7485	-2623
-7531	2612
-2525	-10476
19998	-7858
-5028	2612
9987	5230
2479	5230
-10033	-5241
-2525	-2623
7485	13083
2479	-2623
-7531	5230
2479	-10476
-5028	-5
7485	2612
-2525	-2623
-10033	10465
-2525	-7858
-23	15701
-12536	2612
-12536	-5
37516	7848
-10033	-2623
14993	-10476
-5028	-10476
9987	-5241
-5028	-5
14993	7848
7485	5230
-5028	-2623
-2525	2612
-10033	-2623
14993	34025
-23	7848
-5028	-15712
-10033	-10476
4982	-2623
-10033	-7858
9987	-5
17496	-10476
-10033	-7858
-7531	-7858
4982	31407
-5028	-7858
-5028	-2623
-7531	-15712
-10033	10465
12490	-5241
-7531	-2623
-2525	-7858
52532	-13094
-7531	-5
12490	-7858
-5028	5230
-2525	-5241
-12536	-7858
-5028	10465
17496	-5241
-12536	-5241
-12536	5230
-15039	2612
-7531	2612
-15039	-7858
-15039	2612
-2525	5230
-2525	2612
-2525	2612
7485	13083
4982	-2623
4982	13083
-12536	2612
-5028	-10476
4982	-5
32511	7848
-2525	2612
17496	26171
4982	5230
-15039	7848
-5028	-5
4982	7848
-12536	-5
-2525	-5241
-5028	-2623
-10033	-7858
4982	-5241
-5028	-5
17496	-5
22500	-2623
-5028	2612
-7531	5230
-5028	2612
-2525	-5
-12536	5230
-7531	-5241
-5028	23554
-2525	-7858
-5028	-5
2479	10465
-23	-7858
-23	-7858
4982	7848
27506	-5241
14993	-7858
-23	-5241
-5028	-2623
-5028	7848
12490	-2623
-7531	18318
-7531	-15712
2479	-5
-5028	-7858
-15039	-2623
-10033	-15712
-10033	-2623
17496	-15712
2479	-5
-5028	-2623
7485	5230
-7531	2612
-23	-10476
-2525	-5
-23	-2623
30008	-5241
7485	2612
-2525	-7858
-5028	18318
-23	2612
-5028	-2623
-2525	7848
19998	-5241
7485	5230
4982	-7858
-2525	-5241
4982	-5
4982	-5
4982	-15712
12490	10465
-5028	-5
-23	-5241
-23	5230
7485	-5
-2525	-5
-15039	-2623
19998	-7858
25003	-10476
-10033	-5
-10033	2612
7485	2612
2479	-10476
-2525	15701
-5028	7848
-5028	-10476
-5028	-10476
-12536	10465
-23	2612
14993	-5241
-5028	-2623
9987	7848
22500	7848
-7531	-5
-2525	2612
2479	2612
-23	10465
2479	2612
-23	5230
-2525	-5241
4982	5230
7485	2612
42521	13083
2479	-7858
-7531	28789
-7531	2612
9987	-5
7485	5230
-12536	-5241
9987	10465
-2525	-5241
4982	-2623
-23	-5241
7485	5230
4982	-5241
-5028	5230
25003	2612
9987	7848
2479	26171
4982	-7858
-7531	7848
-12536	7848
-12536	-10476
32511	-7858
2479	-7858
-2525	-20947
-2525	2612
2479	7848
-23	-2623
19998	-10476
-5028	-5
-23	5230
-7531	2612
-23	-18329
-10033	-10476
-23	13083
-2525	-5241
-7531	-2623
-2525	10465
-5028	-5241
27506	7848
-2525	13083
4982	18318
-5028	-5
-7531	-10476
17496	-7858
4982	-5
-5028	5230
-2525	-5
35014	-2623
-7531	5230
