2	-872
2	-5781
2	-10511
2	-1761
2	3190
2	-5171
5	-8324
2	532
2	3572
2	-5077
2	-7602
4	9887
5	10339
4	-2171
2	-6160
2	-1749
2	-11979
2	-5166
2	-9023
4	10093
4	8688
4	16396
5	-2595
5	-643
2	-166
5	-13317
4	5426
2	-7189
2	-7800
4	1746
4	19945
2	-318
2	-10962
5	-814
4	15453
2	-6475
2	-4634
5	-1902
2	-8925
2	4076
4	9824
4	14550
2	-1742
4	-5541
4	-1072
2	-16315
4	28240
5	-284
2	767
4	22476
2	-7555
2	-3260
2	943
2	-10402
2	-2235
2	-5187
2	-5323
2	-2769
2	3542
2	-1399
4	10618
2	-3187
2	-9110
2	-14275
2	-5638
5	1206
5	5477
2	3511
2	-4254
2	-17233
2	-14140
4	3212
2	-7728
4	8854
2	-15482
2	-7125
2	2378
2	-6922
4	6923
2	2793
5	796
5	2120
2	2974
5	-9380
4	6742
2	-4566
2	7567
2	-10457
4	19525
2	-6879
2	-4519
2	-786
2	-5202
2	-540
2	-5909
2	-2993
6	2025
5	-1321
2	-1168
2	1356
2	-4142
2	-14448
1	25708
5	-286
4	4574
2	-5504
2	-8031
2	-5487
2	-3153
2	-14165
5	-6138
2	4655
2	-7841
4	23056
2	2468
5	-16035
5	-17388
4	4261
5	-13824
4	4970
2	5391
2	3330
2	7709
4	19360
2	-4662
2	-2544
5	-10848
4	-114
1	28494
2	1045
5	1300
2	-2733
4	2153
1	10906
2	-8170
2	-8282
2	-619
2	7741
2	-21006
5	2817
2	-4435
2	-8427
2	-5165
4	23748
2	-4150
4	20863
2	-8990
6	1630
2	1677
5	-4966
3	-8579
5	-7461
2	-12796
2	2588
2	-3323
6	21035
5	-4609
2	721
4	23263
5	-6011
2	-4787
5	-3100
2	2369
2	4556
2	1177
2	-14783
2	-8024
2	-2483
2	-882
5	-7455
2	-4678
1	14209
5	-6690
2	-9711
2	-9890
2	-4046
2	-18260
2	-11566
2	-930
2	-3654
4	-6192
2	2656
1	15072
2	4034
2	-1343
2	-7245
2	-6107
4	-68
2	3083
4	5238
5	1424
2	-5829
2	-796
5	-14828
2	-7233
4	4987
2	9591
2	-4675
4	6307
5	-3755
2	-5188
6	34390
2	-6313
2	5762
5	-6357
4	23037
2	3471
6	22577
2	-6577
2	11759
4	-716
2	-8438
2	-14362
2	-9430
5	-3733
6	17290
1	16683
2	-12351
2	3134
2	-3535
2	-3542
2	-11042
2	-9773
2	-4448
2	-4335
5	-15848
2	-3102
2	3769
2	-4703
4	19974
2	-2170
4	27401
2	-8912
2	-1345
2	2188
2	-7125
4	21905
2	-4187
2	-2439
2	-9165
2	-6557
5	-1730
5	-14680
4	5229
2	-8916
2	-2077
2	-7142
1	16028
5	-1848
2	-8609
2	-7325
2	-3460
2	-7629
5	5502
4	15699
2	-8344
5	-2194
5	-382
2	3066
4	14980
5	-5430
2	3446
2	-5558
2	-6205
4	22626
2	6026
2	-14006
2	-3061
2	-14312
2	7036
2	457
2	6138
2	-552
2	-7243
4	14165
5	-4809
2	-9641
6	7864
4	8724
2	-4557
2	-1710
4	13147
2	-11494
5	-311
2	-3979
4	10340
2	-4154
2	-13312
4	19658
4	14736
2	143
2	-3586
2	2521
4	3636
5	-4372
2	-15521
5	7893
5	-509
2	5122
2	-8679
5	-3555
2	-11278
2	-13940
4	-5946
2	-8287
2	-1560
2	-3974
4	15968
2	-23704
2	-7034
5	-3295
4	19241
1	16467
4	20216
5	6106
2	-8715
5	-7844
2	-4030
5	3623
2	-15560
5	100
2	-1221
2	-8975
2	-7713
2	-8320
2	-819
2	-10430
4	14246
4	10160
2	-9451
4	11738
4	22299
2	-19
2	-5929
2	960
2	-3592
2	12217
4	14307
5	-171
2	-5786
2	5579
6	38564
2	2716
2	60
2	-1025
5	-782
2	-5109
2	1119
2	-9785
2	-6103
4	21768
4	3250
2	-5713
2	-4315
2	-8553
2	-4174
2	5401
2	-5636
2	-19
5	-12236
4	11116
4	13951
5	3028
2	-6750
5	-16244
4	575
2	2529
4	15856
5	3058
5	567
4	25070
2	-733
1	-8232
2	3605
2	-375
2	-1569
2	-11600
4	3405
5	-3676
4	1508
2	-4916
1	4306
2	8083
5	-6504
2	-566
2	3001
2	-12397
1	16153
6	-781
4	-7536
2	-9180
5	-8749
4	17410
1	14774
2	-4600
2	-12148
2	-5168
4	18869
2	-1206
2	-3070
2	-850
2	-12441
4	15399
2	-9241
4	25408
2	-8451
2	-527
5	-8749
4	16712
1	1169
4	24287
5	3951
2	8682
5	-4811
2	6100
2	5848
5	-1156
2	3216
2	-2421
5	-2807
2	-10728
4	-15242
4	8711
5	-2779
2	-3462
2	972
2	2407
2	445
4	13904
5	2732
2	-6818
2	-7838
2	-11015
4	6430
2	119
2	-2467
2	-6244
2	3586
2	-7309
2	-15888
2	2294
2	-7022
2	610
2	-9033
2	-8148
2	1908
4	5319
1	-957
5	-4109
2	-122
2	-4289
2	-2383
4	8759
2	-4990
2	2115
2	-2175
2	-4852
2	-3973
2	-19278
2	-5216
4	25531
6	-3337
2	-3212
3	-1943
2	-3235
2	-647
2	-2175
4	12497
2	480
5	-2503
2	-7879
5	31133
2	-6214
4	27372
6	24211
2	554
1	8213
4	22484
2	-7896
2	512
4	18232
5	254
2	-10299
4	10922
2	7172
2	-9435
4	6285
2	2567
2	-6984
4	15506
5	1100
2	-7101
2	1655
5	-1247
5	-919
2	1978
2	-2804
2	-1306
4	21633
2	-14251
2	-3110
2	-3685
4	6428
2	-123
2	-4976
2	7780
2	-5199
2	-6993
2	-8067
2	-4378
2	-8770
2	-1902
4	30942
2	-9134
2	-12575
2	5968
5	-12454
5	-8034
5	-6969
4	3805
5	2893
2	-2712
1	18606
2	11696
2	-4101
2	-6211
1	24819
5	-10470
4	13886
4	4899
4	26039
2	1269
4	15377
6	9732
2	-9505
2	390
5	2058
2	-16447
2	-13984
2	-13695
6	31243
2	-1056
2	3786
5	-4156
4	24128
2	-8581
1	26321
5	-9513
2	-3286
5	1438
4	9054
2	-4557
2	1708
2	-1914
6	15328
5	-8720
4	1324
2	-1709
2	-4667
2	-18210
2	-13995
5	7717
2	447
3	-1528
2	-6061
2	-2923
6	21366
2	-10801
2	659
2	868
2	-8450
2	1154
2	-50
2	1976
4	13718
2	-8177
2	2542
2	-4978
5	-1534
2	-7247
2	3412
2	-9970
2	-5841
2	-4111
2	-13335
1	18787
2	-10484
5	6854
2	-6903
1	13423
5	-9481
2	-6595
2	-3048
2	-3295
5	-4097
4	21680
5	-4213
2	791
2	-2755
2	-11939
2	-10043
2	-577
5	2333
2	-4926
2	-7556
5	561
2	-7639
2	7711
4	15428
5	5471
2	1968
2	-8793
1	18186
2	-13948
2	-1927
2	-2360
2	-1193
