-7557	-1993
13546	333
7218	37757
-15725	-6939
-3978	13236
-10789	-6571
-10717	3030
-3417	4820
350	2976
15642	-9092
14297	-6191
-8734	5110
400	-762
-4995	-12194
2101	3911
-10783	-5276
9178	-5611
665	-8054
-200	-5698
7220	-15823
11393	-9535
-15	-20187
-4096	674
13949	-5978
10594	-11615
-4820	1005
9122	6274
15781	11404
-2499	5858
15378	8758
-4757	-8452
-6698	13513
-1379	12722
-26751	-2366
393	-11204
-3824	290
665	-11104
-2622	8047
-3092	-7229
-5610	3543
16002	-12817
-10780	-6516
147	1515
14629	-9308
-4285	-6067
-2060	6240
-2449	-10947
-3733	-5618
-8451	1063
13405	15633
-1667	-10850
1753	867
-5663	-3239
-6372	-3023
16296	20818
-18707	-6604
-7397	1580
15729	1281
14069	21586
3882	-10775
-707	4233
901	3840
-8022	-16420
-10858	-3988
-13018	-2482
3481	-2252
-2191	1986
-12346	-10043
-10018	13059
-3767	4153
-10780	-8220
-5255	-3923
-2399	8551
-379	-15073
16343	10810
-10953	-5438
2269	16
-1848	4727
-1181	7169
13678	-8423
-4507	-3363
5499	-800
13399	4007
14071	-2796
7675	13265
-9898	1065
3611	8099
14233	2052
-1782	-9437
461	3908
15424	-7214
3210	-9183
-1270	-1046
3403	-13488
-3028	-8107
15930	11321
148	17829
-26473	10030
10853	-7130
-65	-2783
-4777	-4613
-23511	5691
16322	-8482
16265	-13756
11281	1624
-725	-7105
-5519	-6050
12977	-4942
-766	17576
366	-968
-1984	912
-1044	-10590
-7257	-2879
13953	-1492
-1136	2507
458	-1577
14891	1297
-14580	-5228
9731	-9006
9650	-11277
1680	-7269
-2059	-10347
-3447	30444
-8250	4486
8966	-14755
-6422	1835
-19249	9762
-1091	1856
783	893
-4790	2440
3549	-14118
651	-9683
-4723	-11113
-1885	-1570
9206	5022
894	-23258
14812	15627
15529	930
-152	-6845
15421	-6792
-2482	12467
3555	646
-3755	-9751
-9181	6062
-5776	314
3787	8141
-89	-6819
-5317	-7427
-5078	-6335
588	1026
11445	19111
12530	-15041
-7062	1539
-10794	7522
-7052	-8350
-3292	-7358
-5296	19833
-10367	2351
-5623	8926
-30647	11413
-10823	-9561
8003	11990
11045	21507
-7909	-13431
-1618	8268
-15589	-2465
-1708	-3848
446	-15702
525	890
-9056	1480
1196	171
11097	-3175
15545	4543
466	-5412
13778	34610
-1617	-15693
16335	-9878
-5918	8457
-5596	1135
952	-8098
14192	60
-5767	-2446
9791	-6854
13308	6493
6132	-3628
-5732	3649
6257	-14148
-10411	460
-5423	619
-5764	-6996
-1252	6686
-25	1421
-5175	-7218
13976	12703
5433	-18058
16355	-2563
-28101	1556
9781	-13999
422	-4705
9154	-4253
-10916	-7242
16370	-7222
-9352	7186
-3437	15835
1261	5339
-1799	-19208
16136	12503
5641	7216
2828	-10296
-5000	15436
-2141	1292
-3900	276
-12949	-791
-9111	-2104
-5738	-7291
14082	1808
-26036	-14170
206	1642
-4643	11197
-9355	-4697
-281	11201
-9291	-5462
-986	-3474
13968	-9204
55	-471
-834	-19006
-6861	-2702
-11750	-6878
-10381	6348
-5806	-901
632	21394
8081	-8502
-9831	5495
-11756	-4895
3497	-6163
-17376	-4994
6825	10354
9445	-8737
382	11824
-3688	-3643
16261	-6830
2726	-3021
461	11779
10127	9060
-9555	9648
-4880	-1350
6138	27561
-3397	-16912
10701	4080
13092	4719
-10992	-1275
-136	4029
-9121	-793
136	6775
9766	-9966
531	-10605
2104	12105
-10775	1652
-8399	-1073
3709	-5270
667	1501
15289	6486
7688	-251
15154	10017
10692	-2359
242	-7369
-4801	897
-1446	1517
16270	4913
7314	-4984
-8934	-9236
-17147	-1575
-8150	647
-3913	-2625
-3052	-1358
-1229	2053
-5798	-7959
4456	3540
12111	-5451
-10928	10724
-1514	661
-258	-10359
-3869	-5495
13996	-12130
631	9216
669	-7421
9556	28609
10521	-8279
-1884	-1432
16117	-4911
-672	-5852
-5091	2431
9322	-23450
-1647	-13421
-5521	31209
6949	24793
-7249	-13404
-18169	7578
13172	1364
10679	2669
5042	-4563
15967	-14869
-5603	-7352
15159	-10407
-11742	-22107
-15641	7521
9050	-221
-19244	-324
-895	-1190
960	-6714
13494	-12205
14070	7621
8413	11339
10776	7543
2170	13215
-2943	-17208
-16873	5913
-12862	-2530
10294	5198
-2696	18295
-8215	-2127
-5255	-9219
9740	-3230
-8798	4782
-10614	181
3325	4996
-14066	-3273
-3744	-5168
-2127	6502
-5372	1684
-5704	-9219
424	-5086
4240	2193
-7184	-12150
-3343	-3518
-14844	-6190
-12963	-7579
-26927	-5024
482	-3547
-14040	-7309
13002	16623
9511	-9883
-10675	2791
14292	4931
-1989	-7402
-5557	856
8660	-5292
-1585	11898
12854	2960
-13535	-9052
13808	-6941
-5768	-9340
-20021	-6950
2244	1095
9411	569
11595	7418
15302	-3862
-220	-3848
-4018	-1672
669	-1121
-10531	21023
-4273	11819
236	8804
-3219	-12769
16277	-11881
-2617	-6720
-2021	-8782
-5122	-1706
9908	4601
-2383	-3490
-4150	5132
12938	11046
-10424	4851
-9190	-3280
-2605	-473
14534	-14162
11819	-5006
12378	1146
8477	1743
6144	9192
6628	-9521
6498	2768
13564	19934
7505	-4400
-2704	14787
7734	-1038
-14508	-8670
14082	-4135
7004	-5889
-9243	24392
-2053	20066
-15090	-6764
15200	-8769
8865	11324
-5805	11303
395	-11150
-2362	1769
14977	-4930
-4231	444
-5560	-11002
8331	-13773
5489	12699
5399	-3426
-3697	882
-8896	23611
-18182	580
-1858	5371
-2721	-3819
6134	-2217
10484	4459
6470	-25669
12040	7129
6591	25857
-11387	10564
-9438	-9938
-4222	10414
14077	-2537
11328	5710
-9065	-8127
-10464	3400
15361	-9375
10571	-414
13824	1040
12217	939
-5294	-1068
8291	27838
-6160	906
-5035	21988
4767	-4600
-4781	18522
4785	3231
14077	3684
2003	-23471
-2477	-10383
-448	7135
8556	11492
-355	10138
16353	-14002
642	1109
-9634	-37
-2761	2878
-10383	-4717
-4168	240
-4959	12007
-5253	6113
-1070	-1657
13898	-9686
9735	17521
12598	-7834
-31905	7825
16374	25261
-9179	-6544
-10757	709
-505	17699
-25559	-3745
13731	-5061
-4571	1843
-8622	6635
-9701	3333
-466	-767
-5012	-1143
2688	-2625
-9522	-566
-2956	-7782
1422	-10753
-9206	-4875
9008	-17624
10542	-4696
-5120	-2693
-18452	11824
-22777	15758
-4528	-4642
-546	-2923
545	-14897
7689	8691
-1868	8897
15911	-4171
-3398	-7836
-17217	-16565
-25346	818
-31591	-3670
-41	-5889
10988	-2675
-11675	3821
15766	4937
2386	-7588
-10966	-8798
14231	2768
-2930	-2902
3156	-6653
-5239	-20907
13945	-2165
-25808	5585
3636	616
14395	1455
8147	4389
-4094	1124
3555	-3574
13829	20541
-2719	19617
13646	-4661
-1648	1610
-5681	-3597
555	3310
-13228	1775
-1564	-8366
11288	-4004
16373	-12634
-14640	-16690
-8617	-1501
14021	-1758
16281	21334
-4389	1034
-10532	-4497
10661	-5800
658	1730
-12941	-6347
13955	-16825
14624	-14580
14653	1538
659	-16881
-3335	-772
276	9755
5048	1841
-1563	-8126
-22731	-2479
11050	-13614
1077	200
-20002	13345
6635	-6946
6079	10177
-2704	-5435
-19076	-14129
-32531	-3249
12990	-3851
11685	-12025
-1428	-6800
-1328	-2040
14272	-10696
442	20714
-12583	-4949
-3135	-7620
6369	-1014
-4325	-5708
-10521	766
4746	-11159
6497	2399
3993	5416
10212	4467
-23099	16432
-7498	-4322
14470	5728
-10870	21362
7517	35436
-13810	-6713
4024	-5059
12124	-15357
-6227	-5006
3286	-4122
6836	-1065
-26430	1887
129	18362
-13382	14458
13746	-4813
-1053	3892
999	10834
-4081	-4685
-13448	5313
-5803	5224
-13105	-1978
-10104	8193
647	-17613
15311	-1174
-10777	19645
-19189	2988
415	-10195
4710	2336
-1595	-15692
16381	-2297
9428	-14830
16377	6952
-5291	-8380
-21019	14719
3891	47
-10221	-4306
-1306	12787
-14218	-4257
13970	-10451
13103	-8879
-8171	5160
-17869	4674
-1894	-1799
-5806	-3340
6746	-15241
628	7802
15274	5741
-4463	10000
-5758	-410
-4487	-7303
202	492
-4544	-5841
-1696	-1451
-18803	7946
-5300	-15878
12373	-3373
16068	-4931
10533	5867
-12863	-1930
-3387	-16
-1731	-8994
-10100	885
-4935	-910
9977	-13494
16081	-13101
6512	-9419
-491	6074
-25924	-1105
-1327	11190
-9421	-4820
16360	2076
12233	9563
7372	-3466
-8826	-3448
-1850	-5313
-10983	10525
2413	6717
13308	-4644
-23199	-14602
-10667	-10184
-5804	3860
-13874	3253
-7704	-929
6661	-457
12792	9030
-117	7751
16287	-7212
-4857	14563
1587	-17909
-32378	-7221
-10904	-13704
2720	-10769
16369	16733
8625	7227
-3884	14559
-1442	-9453
15428	2552
12239	-6961
-385	-11090
-2987	9622
14366	3245
-15738	10828
15947	-1439
-5662	1580
14097	-8670
-8867	-51
-4901	-1564
7486	11046
5350	-1293
-2081	-9914
9972	8457
-3488	9732
-333	-8029
8089	-16243
12770	-5955
14077	-6081
11813	-3320
-6085	13556
-18487	-1673
-3123	-10152
-3159	17027
-5062	-5415
669	23829
649	19572
-5198	1025
16381	17753
-54	-8917
5816	11412
-65	-13788
-3856	-5659
11782	24315
3151	589
13741	-1656
-10016	17884
-21006	-10032
541	2818
-2764	-2136
-10237	9104
312	-2850
-8777	1304
7850	6702
-3221	-14427
-15250	-19797
-22358	-4809
-5792	23073
-3673	-15508
-3349	5998
1122	17180
-2142	3873
-10140	22663
2931	-2201
-8372	-1691
3744	-16380
-4650	3542
-2553	19163
530	7277
-30230	-9681
-3891	-9287
1892	1121
661	19542
-4318	542
-520	2410
-1410	-1139
-3260	30500
-16979	-291
14262	-7598
-4634	-4950
9360	-731
-2912	-5290
13554	1488
722	-6339
8013	2629
2534	-1668
6901	10738
6709	11341
1297	30656
-18510	4648
653	3516
3755	10243
-8741	-16022
-5058	7755
-5915	-7241
-8659	-1723
5231	-9687
16346	-287
9853	5747
5599	17614
-5122	-5556
150	-11890
4541	-2042
-449	-12368
-6568	9506
-299	6054
211	-7612
2672	-983
13909	-5490
136	-2466
-7281	-4395
482	11232
-18292	3080
48	23633
13859	8374
-8969	-4282
2270	-12214
11569	-6815
-5551	-16731
-10904	-4737
-15814	2230
11027	741
-2433	5384
-5678	-8967
-5643	6987
-10796	-7436
15415	-8391
1524	101
9813	3833
-4202	-17259
-10978	9622
-3871	-9849
-2009	-10750
16374	-3413
-838	-13992
-2278	5921
-2663	-13533
3468	-2303
-13355	-16240
8743	-3400
-11809	1056
-3303	-2687
14400	-7382
-3096	14001
-3432	-5982
-5654	3063
-604	9995
15561	-13171
10279	6098
-1342	-193
-5766	737
-5430	-13604
725	-11906
-4777	3753
-5099	-124
13858	-1644
-5677	13639
15901	9824
-10992	6228
-5048	-14390
16223	-1996
-10723	-12323
4373	-10202
-4800	-5324
-16257	6247
-2938	-797
-7958	-10454
-2617	-11534
8066	3862
12805	-17267
9497	33642
16376	5789
-1646	20370
-5806	12056
4258	536
14763	6704
11899	-4984
-5790	6119
10887	5420
5046	17154
-2917	188
-5586	9225
2257	-5593
-4641	-18547
-5638	-6748
7239	-7784
11380	-16476
-1153	22281
-1060	-587
6840	-8527
-5612	11874
-5099	-4126
-14362	3636
-5715	639
9653	104
-4062	3025
-7595	15012
4964	-12862
9920	-5172
-11692	-3101
-1460	-4113
-26404	-9282
12675	-362
-3082	-3696
590	3640
16379	135
-5299	-5300
-2143	3655
-10792	934
-8942	-6382
2597	-13585
15394	8312
3998	-7917
-2755	-14635
11782	-3705
-424	-2347
-4786	1726
923	16097
6595	11799
13229	3416
-3894	39639
889	-7809
642	17568
-4364	-8075
-1708	10967
11814	-8160
-10512	-608
7255	-10173
15284	6679
-5625	1247
-638	-1026
-158	955
-5787	13293
16367	19244
13689	-10469
-10367	11776
-2307	8145
-3797	-8329
-9236	5856
-3356	-4469
819	16099
-501	-10947
-8918	-1026
-11230	-16444
-120	-16158
13714	15220
-14350	-11855
665	-9761
2317	7210
-50	-5015
8703	17069
14178	-3199
-5796	15535
-21343	4379
-3388	4144
3832	17956
12369	8778
15138	-13147
-12890	3629
16381	-6130
-5435	4827
-990	-10043
-3896	9496
6408	-3219
16271	-9506
12661	-3916
421	12884
15609	-5516
-3646	5514
-5707	-6877
-5798	14008
-5465	11553
-8396	5466
15356	-10237
-5676	-1976
-13	4
814	7382
-31893	14452
16368	4915
-4993	-7724
2971	3138
-4582	17737
-5806	-4998
620	3252
-2781	8209
-8839	16955
-10783	3591
-17726	-2644
-3135	1150
4969	9631
11094	-3963
-1852	14645
4109	-587
-7473	-3743
-10908	-1138
-13763	-5978
-2372	-11571
16037	12798
3807	4795
8792	400
4817	3109
-6868	-13803
14571	13272
-3838	22286
-19054	3195
-6634	-1706
-5532	-5081
-2417	-5686
1440	11085
-817	3658
11863	-5825
-1591	7370
-4423	515
-15190	-3219
-6693	11314
-2824	788
9575	-8337
-4971	-2242
-3482	-6018
-156	5912
-10153	-8303
-12813	-14324
-7799	8225
16352	-3686
-11116	-6433
-5591	-6747
-3535	10524
-723	1734
7683	-6304
10805	1118
102	-1382
-2345	-5143
-2475	-3092
11143	-2081
-5427	-2880
602	266
-407	10250
-10992	-5048
-5786	3785
13845	-216
-5438	2821
-9701	-7395
662	-8743
12539	5831
-11520	19948
12019	14203
11358	1237
-6595	-12520
12361	3073
15954	-12788
15995	-2616
-3681	-1474
-13567	-3348
-20221	5164
470	1798
45	-7409
-2850	-3679
-3060	-9438
11919	9732
663	-4450
2952	7458
2090	10210
6248	-13077
15761	-11044
574	-6501
-22372	33807
-4271	-1384
-6819	-999
-2933	-3171
-3735	-9908
-3112	-1415
6570	2917
10795	17456
-10083	9981
10915	82
16131	11428
14158	4525
-4187	-21250
534	7008
14687	-4426
13172	25429
668	939
2229	-11110
-7288	-14241
-10088	-1776
-5652	5204
-10959	6665
-9601	11731
-4048	-3448
-10987	-10376
-1424	3199
14387	-6346
10589	-15355
-2054	3194
-5527	-1376
3200	-3207
-10236	24083
13201	4921
-5629	-14752
15234	6563
442	-2180
-9081	-969
-15080	2853
10178	2765
-12316	9096
12162	-3178
12358	6
12145	-16988
-1463	-11871
659	2703
11699	-5336
13095	-8472
7430	3351
3596	-5231
-7281	-9805
12530	-2720
-5788	-12110
-4449	3516
-886	-10557
1141	-10131
-10784	3898
-1795	12110
13611	6667
-3147	20410
12341	-19279
-4491	-2305
8098	7596
13458	11255
14075	903
1260	7193
-2652	-509
-1584	-744
-2895	-4505
15975	2272
1066	-145
14237	-2679
7623	-16145
8536	-435
-525	-8898
15421	20476
-2841	-2017
-2008	-9088
-181	-3965
434	2642
10425	2948
-8980	-3708
-5789	-3987
16342	3114
14050	-13968
4173	313
4652	-7287
7562	-8773
6635	-17705
-13166	-5727
12608	-7304
7411	-2261
4267	1327
4470	251
-9391	27335
-10984	-3608
4731	12738
13946	9308
-511	-13754
619	6605
9775	-9590
-13339	-4368
-83	-3155
-5794	449
4454	-4176
-4109	-5458
-15226	-13213
4307	7358
-13545	-3484
5792	-12691
-5540	8841
-4201	12807
5934	-3854
-4171	-11989
-4650	6199
-1623	12985
11252	-3332
15132	-14067
353	-10929
-3785	3003
-18347	1670
3278	-7196
-5796	10247
-4061	-9136
5106	3632
-32498	-4454
-18827	685
14149	-12947
5102	-6959
3821	-6493
-14943	-5710
10106	904
15568	-7506
-3218	11198
-5018	6907
-5356	-16658
-7910	-6097
16335	-6589
5867	7825
-1047	1964
-1752	-8470
600	1662
11296	1699
-243	-8394
-15425	-2879
-2281	-8191
-1330	16048
9615	-2861
-2435	-622
-4446	-146
-5434	3134
-915	5029
15450	1908
9912	-6798
-627	-972
11971	-1109
-2076	-9777
-25089	-14630
-19635	2694
-883	-2118
90	422
-9983	20484
16382	-12508
4946	-1245
12289	5646
5183	-7522
3895	2290
4831	-529
4350	-2160
-1854	4756
-2257	3368
14512	1266
-10313	-6382
6174	18224
4685	-10878
-3426	-6568
6493	3293
13897	-1144
-12670	-5328
13663	-12167
-9161	-5061
6152	-4689
14249	-14269
14709	12537
-1716	13041
-5358	-5060
-5568	2145
7119	-13573
-786	-11521
16282	-11358
-2183	1628
-5331	1729
669	4887
-9212	8491
-18003	-4578
12184	-12013
-5806	18871
-14065	244
14536	5383
-3885	-1241
-1151	2750
-5511	-8993
-2264	9718
-1650	10599
647	-8944
-1571	-3147
4586	-12795
7130	-8793
-4973	4463
-2082	776
3557	-6932
101	-3493
189	3586
-2643	-1399
339	-9043
-3202	-13297
99	-2191
655	-9100
3576	-5720
11843	-1640
11058	-14079
-5658	3311
-5123	-5862
-17985	4678
14317	-8002
-3218	7206
-5507	862
12502	6353
-19016	26113
-5155	-12218
11439	27122
9123	-10557
-369	12518
-4576	-326
11492	-3785
-3398	-1438
14027	-3224
-18216	3032
-926	-1437
-5555	16519
-1226	3615
-3482	-9020
11238	17182
16285	15779
-5265	-15057
-5747	-9690
-10968	-10338
49	-6167
-3927	-5246
10775	-8136
-1358	-12801
-4304	-2691
666	4474
-8565	1193
664	-13614
697	-2241
-8823	-3285
14614	3028
409	5699
8689	-10917
853	20017
10491	-6844
357	4098
13621	-7174
-5936	11380
-8072	-5486
9285	9392
15580	-12175
-8731	8054
16311	-5125
6210	15574
-2684	11431
-5053	-5611
-4860	22871
7735	-8045
-630	2011
13173	-178
13906	5731
-16768	-13585
15351	-10278
623	-3149
-5772	-2960
-26961	24839
-3051	-5642
-9268	3571
11448	16344
1429	-12285
-2970	327
-2173	27523
14806	-1956
-3922	-834
-30663	-16732
597	-17813
-2287	14056
360	623
1660	-4173
4790	-4703
-10962	-18716
-10775	10122
3116	-3651
-10992	-615
-5658	3745
-2203	-7947
10195	-9473
-607	-3136
-2132	-1024
16058	-10871
6236	15127
-3010	-4229
12726	-14194
-1355	-5996
-5362	-7082
-13889	-4470
-1438	2515
1614	26036
12751	9655
620	-2455
-5530	-3999
-2589	2670
-40	9236
-9540	-4830
5202	-6438
-14919	-867
16369	9364
13338	11641
-19241	3258
15295	14050
628	10921
14659	-16923
14187	15551
14032	15367
-5806	-9412
-2137	19326
-8429	8160
-3181	1115
-5757	3780
-13961	-11632
-2014	-11333
14194	-15421
13596	9408
-9963	10934
3911	-11971
-400	14058
1116	6588
-10681	-6454
1834	6332
48	2538
-27797	-1880
1148	-9131
-5789	2041
1029	847
-17719	732
-8397	8485
14252	-11381
12961	-10025
1197	-341
14711	18888
13129	6542
-4619	-6310
-8652	1437
250	8957
12163	14164
-3954	4645
-2997	8824
-2778	-3981
-4027	-2864
-24485	-1121
-2747	-4102
-5794	-4699
6830	20141
-10955	-9161
16094	-4332
-595	-3681
-2245	17047
595	-9429
12032	-2624
-5700	10852
10859	3084
16261	-6744
-577	14343
15957	279
14142	3540
11716	-204
14175	-6707
-9149	-9978
13512	-11704
8340	-18727
13638	24351
4784	9872
16177	-4886
-1565	-9535
610	-4999
-4452	-3695
-15260	17576
9665	13491
-2927	-8426
-10924	-3896
-555	-18442
5037	13486
-2646	5894
-5722	-3671
-10003	-5307
464	-7289
16195	7728
-10861	1926
-2521	-15510
-491	10950
16325	7894
-5252	-4318
-1859	27714
669	963
13130	-8124
14488	2969
-29197	-1652
-7539	2031
-7544	-322
153	-5452
21	7732
7459	8507
-1436	7606
-16332	-7860
7000	-12239
12977	-10223
-10989	170
-5074	20409
-15849	2485
-5391	-724
-4792	-5985
2222	3423
-1042	-3893
-694	499
-23210	-15743
-4611	10968
16143	-12108
16023	1937
4228	-3412
-1100	-11054
11788	1706
-4978	-4316
-14469	-7022
-3784	7621
-4632	21556
-9104	-8734
595	-6296
-4912	-894
-22487	2616
123	-18347
-5898	-11982
1162	465
-2384	-10893
-5850	7885
-1350	-2969
11109	-8416
80	3362
9131	-8071
-2159	-4618
16380	91
117	-12584
4232	-7880
-5768	-4173
551	3338
528	12992
1242	-12441
1926	-7822
-4307	-4768
-8524	-12553
-31918	-18990
16128	4691
-4833	359
-10453	7549
-785	-2163
-3098	17879
10603	6915
10346	-7014
325	-20172
668	11340
-5251	13832
15230	-2220
-3159	-7015
-2972	-1153
9982	-13425
-4329	4616
-2214	-1355
429	2530
2670	1488
16275	7355
13220	-12399
-1292	537
393	3263
-11241	856
-5426	9869
-7431	9168
-1861	-6879
-22483	-8260
7343	6825
-4208	-5932
-17752	-2946
13148	-4219
9388	-8934
8918	-1666
-5531	-20043
-9159	2418
2916	6159
2591	-3501
-4239	2900
-3522	1569
7244	2810
8380	-7349
13295	-1442
154	288
-14115	1319
1005	-5732
-3035	23001
13743	3938
-5159	7520
4841	-4131
12317	-18698
14129	2944
7999	-794
-2553	-3732
-5268	2349
-9060	19680
-5746	-4560
-15252	9157
-5682	-7552
5582	-13636
-18630	-10057
-2517	5346
-28011	1738
9300	-7168
14222	10190
11517	5620
12920	4516
16356	13844
16126	5027
-9973	14480
629	-2744
-6359	1528
-807	5467
3517	-15582
15138	-507
5803	565
-4417	4367
-9345	4463
15662	-10573
13798	-4692
11952	3969
603	-8544
13762	15801
-52	5599
-1945	-7174
7981	2595
-697	-9167
-9940	-17559
666	-1010
-5793	-7238
-4576	-5867
-3556	7545
3868	3341
-5061	-12526
-4795	10113
-24951	410
-1758	15245
-12976	-5251
-4149	-568
16014	3389
-3242	-680
7406	2318
-5729	3987
-9057	27156
13048	-14776
-4088	27005
-5044	1816
-32359	19678
-1885	-4591
-3471	-2766
-10258	-1218
9294	8252
-1479	-4368
15011	13767
-10765	-10655
13844	6238
-2020	-7301
-21001	-5724
-6783	1142
13848	-2811
138	12016
15951	3447
9148	8476
-364	-7352
-9066	2686
-8796	-22745
13413	-7502
-4908	3186
-17536	-3669
6588	4644
12279	8059
13667	7398
11534	6242
-10116	-1223
12723	-261
-11128	-4241
-3417	23092
-5869	1447
-7554	-16128
7786	-4291
-1289	23686
-3479	5914
-6499	-931
-2435	4312
270	-3974
-2801	-21139
5112	-7332
537	5205
-4872	-10781
-2588	27917
-11643	5544
-2613	-11802
6645	9110
-22851	1206
14300	-12647
-174	-7117
-571	1007
603	5085
-765	-8170
14001	-6554
-5789	24205
-521	5006
9517	-3602
14161	-4542
7447	5082
-5081	-9790
504	-225
-415	-6562
-708	-9118
2836	2571
11778	-2881
10696	6351
-2781	-22725
10614	1782
16297	11744
-10947	8777
-4912	-7055
-55	-3870
6145	-1679
-3514	2470
5890	-3463
-5141	-15658
14315	-8207
-19239	5930
-10990	2187
-5785	-15862
-3041	-6311
-717	-7835
-1814	29713
-6891	-3425
-4221	12194
2999	11258
-10654	-5227
16380	-16720
12945	-685
-4620	-4137
-2627	-13716
-15025	4879
-6075	-7636
1517	5547
8924	-2447
-2304	-13159
16046	1263
-1390	-6745
5377	-663
-9056	11678
14314	6614
-5806	1602
-29428	-926
-6718	-8293
7449	-12081
-12127	20680
13169	1106
1237	-1970
9496	7293
16015	15027
12402	-1174
15600	12785
6293	-11633
8661	-178
9961	-5328
-2400	27390
2902	-11175
-1019	-6490
8842	6155
9720	-21306
-3037	-7503
-3355	-10252
-18277	1295
-4552	-3529
-6341	-3599
2453	-7854
15880	2104
-7276	-3520
12398	-7786
13756	-15673
12008	12709
1954	-3288
-31920	-3430
10025	10192
-5074	-3792
-5534	-19708
10882	-2838
-10639	191
8864	5637
-5617	19083
14176	-6940
5505	-4330
-10992	-3530
-5426	9940
11883	-1105
10768	-1150
14374	-2006
-16129	-11125
14301	1524
-17843	-5583
13803	-6942
-22977	23519
12834	-13913
669	-489
-7400	262
-3583	-9224
-3304	-17933
-7898	8965
1300	-6595
-3505	-3277
6800	-3827
-9138	-11101
-6782	-9076
-5079	1873
5994	-16292
-5706	-2122
11062	-13664
-10467	19178
-10747	-6661
-8906	-2033
-5772	-4021
672	-1754
-5418	-13518
-2010	4234
-10165	-2369
7597	3371
10920	-13835
-2754	-7991
-31678	-3046
-2195	5821
-951	-3705
14231	-10509
-14710	4130
-1316	-12081
-17877	4622
4137	-693
15105	-4786
-5250	21516
-2064	-419
9167	11152
-1233	13444
16318	-6970
16346	6804
-2887	-3872
-8315	18475
-5756	4367
349	9887
-1649	17058
14028	-3026
6231	1760
9870	24897
3995	-3356
-9437	-4127
-2170	-4357
-3494	9062
-74	1569
9847	2560
10636	-3879
-2193	16870
-5413	-11801
298	1811
-15235	-4365
2438	-856
-4342	-845
-15268	4868
11871	-2202
-7734	-1751
-3058	-12266
4723	-6501
-18756	-10293
-5478	-2854
-5088	5261
16162	-8680
-4184	2541
-10626	10857
10813	-610
-32513	-18304
8949	-3308
-4160	-7180
-412	19162
8954	11150
-32544	-8503
-18394	4852
-6617	18608
12811	9958
5493	-1433
-9488	1642
-26729	1935
16040	-4055
-3036	1070
-10658	-4297
-2879	6008
14521	-6451
13169	-2892
-6767	-3256
6066	-5383
-4026	-2656
16004	-2480
-4897	13629
352	-1055
9836	11215
-3544	-129
-9384	-4138
8407	-7784
975	-7241
594	3451
8342	8742
659	-11513
-2469	11294
2091	-2553
2824	-532
-6038	10286
10913	2865
644	-4207
-5093	-991
-346	15134
-9565	-9871
13245	-4348
478	-5776
12751	22723
7201	-1242
-12585	-2104
14792	2562
-5748	22519
-7718	1954
-20497	-11069
15922	-110
512	-748
-5604	23199
-3794	2171
15784	-5063
2257	-23171
13190	-7984
-10151	7854
14233	7357
-1621	11197
-5757	3882
-8309	-7727
13553	1155
-10306	-1508
9526	7812
-9748	-7788
6800	1982
2881	14918
-5312	16690
-640	-27331
613	508
-670	-11530
6027	-7794
-9805	-4450
14968	-12222
-32168	-11519
-43	-10778
-97	3591
-6890	-11768
-858	3159
16048	-1290
15504	-18001
-4526	1907
-10863	-3336
13809	-3058
6284	-7389
150	8695
-1129	6913
-7209	4905
13875	-123
8226	-8610
14985	-10403
-5481	-9875
-1826	-15953
-5435	-3981
-5123	-490
-3900	8081
-10958	-338
-20812	-7949
-4617	-1788
-4197	1914
32	-9964
14125	12834
-5036	164
-2510	-5424
-2671	9628
516	2041
-10991	-6808
-5515	30884
-1628	-20518
6310	7198
-4293	-14041
652	-3637
-1093	19769
-5797	14267
-10276	1092
-8581	4859
-4037	21435
-4681	18890
7864	1915
4615	8160
15953	-2241
13786	6893
-7212	-3597
666	-16305
13183	18408
2347	-11796
-1661	-7214
14260	-3175
-22264	-11835
-590	-8028
-5360	1088
-2336	-2158
3134	30028
-3732	7801
-5769	-14210
-10270	3527
16249	4259
579	-10374
-835	-2939
-23024	-17096
9530	-10556
-5263	-4883
-10781	-9670
-10652	-10440
-596	8946
5675	8277
-26212	-6242
14292	15562
398	-6353
12840	8281
14852	8994
-5633	3706
16168	5191
-9432	-2565
12973	-8233
-29766	-131
7937	-11462
-2969	-584
10250	-10699
12043	-5978
-6680	14259
-5026	-7959
-810	20815
-10070	-11104
12587	-8608
1049	2684
6847	21071
-10721	13692
-1305	-1277
-6397	5965
11872	5806
-5554	4367
16328	4485
-14833	-2084
-303	8474
11620	-11684
-588	-9666
8410	3889
-13986	-11388
6036	-11917
10559	-2779
287	-9198
-31627	7166
16335	-2597
7023	10199
14976	-8114
-6256	-4332
16197	-9200
655	10833
-5801	-2222
10448	-2862
16094	2801
-11975	-5119
-1917	6745
7293	15793
8123	21933
628	43233
-10431	-7711
-2330	-3051
5345	10018
-8704	5537
-5405	-19556
-20474	-6434
-63	1109
-17286	7838
-3241	2481
16332	12963
12200	-6687
16330	557
-5490	-5859
-2018	2380
-548	-9239
304	21176
10245	12760
-4860	14849
-5272	-17300
8077	2612
-4422	4040
-2663	3526
-3104	-9182
-3246	9747
-2403	-7026
669	-7096
-5235	-589
-1255	-2997
-7150	-8577
-5799	-2243
16317	-7229
16224	5574
-1718	-2275
-3369	5244
-16870	-3999
-5478	-5117
11903	-9345
-1984	399
16184	-7590
-4332	43696
16210	-7915
13363	-8024
-21850	582
9264	-4667
-18628	-2650
2985	-12999
7070	-14257
-3387	6666
-8640	-6021
-676	43863
-5806	17159
-2856	13893
9109	17121
-21074	8978
11496	5035
-8782	6560
-11311	-1829
-8387	977
14591	1610
3023	-10187
-5345	-257
-2544	706
15123	11541
13203	4032
10616	-4017
-18268	-10934
14202	-8345
614	-1507
-1519	1221
-11235	-7996
-25882	-7863
-8857	5768
-11545	-1264
15610	-21042
-8869	3161
15243	6968
-984	2801
15212	-11018
15179	2785
-32457	-5105
-2066	-3986
12456	5417
9918	-939
4374	-8537
-1521	8999
-3329	2809
5986	-1275
-19842	2709
-5298	-6947
-21643	5722
-5266	-8764
-541	6303
-4895	6407
668	-10881
16218	-6966
13463	-3104
-6218	-20836
-5772	2137
-6873	14691
12439	-4582
7012	2995
-5141	9033
4808	-4148
-10116	3905
-14888	-7110
-275	2541
-873	-756
8338	-8273
9092	11516
-1842	-14123
15652	-7648
-4701	-13546
-16137	10140
-10245	-11388
656	-1340
-703	-10103
14114	2633
13945	-2858
8823	7649
-4636	-12548
-1216	-3865
-5018	378
2187	3511
-4512	-6897
-5107	4551
672	-12856
-21	-18302
952	-20430
16279	2393
-5486	-25154
-4101	2555
492	44685
-9368	-9888
5988	6109
-5403	11359
-4427	9157
-4066	20999
-18707	-546
-2520	-16757
-17578	1027
-3119	7873
-9032	895
-4509	-7440
-5777	-10998
15666	13937
-7801	4676
4203	-13569
-26952	4580
-3292	-7284
-531	5548
15311	4279
15588	259
4497	-4538
12445	-12252
12967	484
-1774	10227
-16800	39228
14084	-1718
-16547	-8909
-8489	-4900
5137	-18031
71	-9009
-21867	15313
7577	-11120
-4680	8910
12805	87
2557	-14234
11970	-7276
3208	-9160
-10105	-4383
1324	-8105
15691	-1867
-4657	-9672
14293	11252
4566	1014
16381	5869
15928	-10496
-10974	14965
1955	5401
-1737	-6003
10966	12754
-296	14784
-5505	-6178
11228	-9176
1620	-4589
16308	-10089
16377	-10827
-8961	-7994
-5462	8911
-2348	-8333
-2390	10084
-10629	6638
66	1041
544	9519
643	-1525
-200	-1066
1205	9549
-8046	-3862
-3138	1900
-6017	-3651
7079	-3334
-21270	-4564
-5378	-7761
14642	-5645
514	10815
-5606	-11308
508	-4806
-1550	9613
-7827	-3336
16289	-7614
11387	-3938
-5794	-3835
-1174	15976
-4406	-25
-1731	-8801
12084	-6454
-617	3647
14847	-18740
-4362	5043
3185	-2052
-9372	-9385
-7872	-6328
-2055	-9788
-155	19926
-10383	7695
12851	4780
12731	-4915
-665	-174
-10088	6032
-1179	-6183
-10559	10445
5519	-9017
16353	-1539
-5172	23913
3	-6603
3406	-15940
-257	-5228
-776	-1234
-7940	31103
-4804	755
-5590	8584
-7422	-8712
-1593	12156
5004	26007
-614	18289
-16803	1488
-2673	11426
-21032	10858
-9400	11371
-1366	10115
-5073	2396
-11569	4833
15657	11035
-1974	-103
-20545	-1159
16171	-13284
13459	3865
871	-11658
-9784	-14518
13521	3454
-10765	3645
-9896	-12150
15089	11184
-14434	-11545
-3615	23178
-18355	16107
356	-548
-2772	11438
15579	6483
-24339	1589
-3119	-10601
-32362	-2315
14097	-3428
10575	6134
-6641	63768
11519	-9008
10528	-10954
-5028	4630
-4496	-1553
14314	16085
-10051	-17578
-5803	6905
9129	-9938
2579	6757
-4810	1144
-2651	-15854
6890	-1067
4613	-3779
14709	5710
-2222	8483
-4879	11183
-3754	8410
11664	15957
-109	8952
-4110	23360
3798	3895
2863	-1518
-7199	4059
-7518	12403
-10545	-1539
-2382	-7051
-139	10526
-4284	-11448
15008	-10184
-5500	-11091
-13493	-15592
9022	4446
-14064	-3490
11482	6113
-4126	831
301	15173
16158	1133
14774	5764
15490	7803
-4099	8769
-4708	16691
-2346	5307
-5673	5870
-4829	11216
-8935	-8587
-24675	7919
15804	-4050
-766	556
-4949	3722
3829	-6569
-1505	-15731
15363	3453
-26357	-2060
440	-16501
594	-673
-1868	-4931
-10956	-3448
16186	-8815
-5554	-17729
2391	1261
-4264	-5559
10415	-11995
-914	319
-1548	-2705
13729	4801
15747	-9599
-829	9122
-10003	-144
-318	17594
4323	1850
-1716	560
15602	-9586
-3048	21422
1822	659
16230	8359
119	8606
421	2084
11990	-1615
-1692	5222
16021	16163
-5724	4577
10179	-4050
