-4038	24
2548	3
33293	11
-1076	13
-6572	21
21010	28
-2570	25
-3401	6
-8909	9
-3283	5
-5283	24
-673	26
-8692	3
-829	3
15802	10
-8931	24
-6711	28
7881	3
-861	13
-5710	9
-4831	21
9541	25
-5238	14
-2050	3
-5378	7
-5708	26
-1366	17
-5187	26
-2262	26
-326	24
-7150	28
-1761	19
-3606	3
6179	15
3244	13
15097	6
-3878	24
-5297	13
-2740	12
-3400	21
-3730	13
-6574	13
6302	6
9394	26
-2086	25
-2691	26
-555	3
-5327	28
16459	6
-7007	6
-8492	28
-5498	13
5587	21
-1177	3
-6271	13
21818	25
195	3
-3774	6
-4135	26
-3828	24
-478	13
-8196	3
-2383	13
-7787	8
-4464	12
-3700	17
5901	6
-5540	21
-1404	24
-4034	28
-6258	21
-5713	25
-15	3
28075	2
2463	4
-34	24
-8990	9
-4576	24
-3845	26
-7822	21
-3912	28
-406	3
-6311	26
-880	24
10126	21
-9224	26
9132	28
-4691	24
-958	21
-9492	24
2415	3
-10358	12
-4487	22
-1866	13
-10759	10
-219	28
-6419	8
-3553	26
-1369	3
-7820	13
-3920	26
15248	2
-1591	13
12783	18
-6892	4
-1908	26
6158	3
17234	15
24139	3
16867	21
-5767	24
-3940	21
-2426	6
-7642	3
-6846	12
-3534	13
36147	28
-2107	26
9721	11
-9464	26
3814	13
-11365	3
-4671	21
15929	4
4006	4
-12933	11
-8257	26
-6931	3
-4916	13
-4004	21
-1745	4
-6393	28
-4014	21
-5494	24
-3416	21
78	1
-745	6
-3693	24
5389	26
-489	24
-10318	21
8985	19
-1063	26
-2570	13
7734	3
3716	3
-2290	26
-5776	10
-9309	10
-2096	19
-12482	1
-2783	21
-8487	13
-11238	13
-3170	3
31	26
-8339	28
-956	27
-6000	8
-2343	6
-13949	10
-13652	10
4186	3
13996	8
-58	6
1849	13
-2417	3
-4261	20
1413	3
6267	3
-12238	10
-3316	1
-1143	8
-5622	8
-2591	13
960	26
-4019	26
17395	5
2306	6
-5068	21
-2656	24
-6588	26
835	21
-9683	9
1645	26
-12545	9
8954	14
-4666	26
-6060	10
-1287	13
-2638	13
-4630	13
6659	3
-10763	1
16480	28
-5111	8
37208	4
-5573	21
-3399	6
-4704	3
-2379	22
6534	15
-6672	17
4709	21
-5017	21
2810	3
6144	11
-3872	24
-4902	8
-3987	3
-6245	3
-953	3
16284	19
-3392	13
-5357	24
-3864	17
3991	3
8390	19
233	9
20665	12
-5863	26
-2104	26
-4046	24
1712	6
-5082	3
-1946	28
3149	26
-5132	26
-1468	21
-6612	19
-890	13
-3205	26
-12635	1
31527	19
12956	21
-6205	17
-2837	11
-1208	9
3257	21
31965	25
-3414	13
-3419	25
-1077	26
-4743	13
3573	13
-5683	13
-7187	24
-7689	17
-5430	12
-6142	26
-4282	3
1637	3
-7869	10
2290	3
-6402	28
-5522	10
15068	14
-5613	6
-4100	3
-10130	10
-450	12
15076	21
-7954	3
-4389	8
-2831	6
-1592	13
-5480	13
114	24
-5672	10
20942	21
1313	26
-1233	3
-3371	21
8228	3
-4052	2
-6316	9
-4460	22
44444	2
26312	22
-1874	15
-9022	9
976	25
-5628	26
-10186	1
-1746	21
-3635	6
2158	25
-3772	26
-12479	3
411	26
-8260	22
-2334	26
12511	26
-8937	6
4216	3
-4366	24
-4175	19
-3365	26
-2704	24
-5985	12
-6108	8
-1737	6
-5594	3
-932	26
21752	1
-3577	26
-2714	21
-3040	13
-1334	3
-1287	26
6003	26
22237	24
12698	2
31625	11
31860	22
-1727	26
8544	8
-8778	28
-6049	12
-4836	4
-8055	3
-3369	6
26699	2
-12788	17
-4571	7
-4363	12
-3035	28
-5728	28
-9547	13
-5801	19
-8761	25
3935	13
-3088	7
-4550	6
-10239	17
-972	26
-267	11
1321	26
38576	21
-11884	9
19430	3
7774	10
-3960	28
-4716	13
-6127	12
-5165	17
3189	26
80	26
-4949	6
2883	13
29642	27
16448	16
-7891	26
20293	10
-7046	13
-3807	26
2878	26
-2573	24
-3693	26
4975	13
596	21
-1829	3
16062	21
-9735	10
5271	3
-1338	13
-10345	13
-900	23
-5403	8
8028	25
4593	26
-6927	21
-6807	9
-7461	21
44	13
-2081	21
-8171	3
-8000	18
-9711	21
28778	3
-1773	28
-5837	12
547	21
-6999	1
-9728	24
-2621	13
-3403	6
-1852	13
6068	3
4680	21
10729	4
-6598	13
5250	3
5615	26
1141	6
-8275	17
609	17
-4622	24
-7793	28
29680	26
3516	22
3076	26
-7473	26
-4676	26
-4923	3
-7848	24
-4515	3
-1746	26
-7709	26
-5768	26
-1059	13
2546	3
-3958	26
-9131	10
-4119	13
-8	3
-5621	9
-4570	28
-1595	6
13247	6
-13787	26
2967	21
5600	6
-8225	13
-3281	24
-1362	8
-4994	28
-7537	5
34157	11
-2026	13
-4093	26
-4880	21
20369	8
-3033	3
-6733	24
8146	21
5918	22
8475	13
-11130	17
-589	13
-4595	3
34923	28
2602	3
26810	27
16711	21
15103	21
2037	16
-3282	3
-4987	13
-7110	26
-18354	6
-6310	21
-11275	9
-9757	23
6285	3
9012	11
965	11
-4328	3
3465	26
2751	13
-998	13
-13263	10
-2763	25
-7552	26
13710	28
-3904	17
171	3
-1182	4
-8556	26
-5175	26
-9360	21
-8237	6
-5737	26
993	3
-9317	21
-6720	28
598	3
21956	19
-1749	3
-10546	3
25280	25
-4169	3
-5555	3
-1570	21
1624	26
-9621	10
-3870	24
20456	21
-7935	21
-2709	28
-9160	10
-7675	6
39992	7
26090	12
-10621	16
11588	26
20525	28
24201	11
-9677	21
-3610	21
-4641	6
-2605	26
29556	4
1257	19
1321	13
-5757	6
-8256	12
-10375	17
-2233	22
-9360	10
-6906	24
-1502	21
-3546	6
-5675	26
31525	4
-50	13
-2508	26
-6241	6
7103	26
23943	11
-1672	24
-5919	6
-9694	13
1622	26
42097	12
1210	13
-2716	24
20040	21
-141	7
-8032	9
-3369	3
-731	13
-4972	24
-5179	11
-8775	1
5935	26
-1065	13
-7055	13
4798	3
3169	25
3170	26
4076	26
7922	3
7773	21
3862	3
-6285	11
4258	1
9548	21
-2317	21
-7047	25
-1297	3
13840	28
1155	13
-682	24
-5749	28
-4754	11
-5287	21
-5011	21
11882	21
17028	21
-1294	4
8226	21
27542	19
-1291	19
1635	3
16735	21
1091	24
670	6
7235	21
-3850	8
-7620	3
-8409	1
-4705	6
-8009	13
-5346	24
-2376	3
-4711	26
5905	24
-3313	24
-4861	21
10237	24
-1552	24
35003	11
-5561	3
5817	21
-3134	26
18650	11
-5012	21
8502	26
-10341	26
-7359	11
-3578	24
-4995	21
-5881	28
-3972	21
26495	1
-6306	9
3248	26
-4163	15
-6687	3
-278	10
-12544	17
2950	6
8147	3
15071	2
-10949	1
-411	24
-2266	13
1608	8
-4509	11
649	11
-4492	6
-427	13
-13447	17
-8014	13
-1219	26
2905	25
18225	4
2321	16
8961	3
-104	3
-933	6
-8159	3
-3308	6
-7483	26
33175	17
-10165	10
1164	13
1249	3
-147	20
-279	13
-2630	28
-11763	3
-5954	26
11385	6
-376	3
-8333	17
-14420	26
5604	1
-6509	28
26971	12
2150	21
-5079	6
-12251	10
-5094	22
-4811	24
-14037	21
-2608	22
-2550	24
4738	26
-8750	17
-6130	21
29050	5
-8496	8
-7080	17
-4660	26
33023	1
7510	26
-2430	21
-5655	24
-3288	6
-7577	9
-6651	24
1007	13
-9175	8
-5655	26
9694	21
-2961	6
-10196	6
9988	21
2712	26
-2812	21
-11139	10
-5461	17
1040	6
-1264	13
9024	24
-2075	3
27671	14
-8424	1
-8249	1
-152	17
-4782	13
-1666	13
32976	11
11252	3
-2486	25
-5887	26
2546	11
-4078	21
40292	16
8263	8
-3262	24
3843	3
-8276	24
-9061	21
-3008	24
-5366	26
-2421	24
-5511	26
-4290	13
-4245	6
-5604	24
-4053	24
19737	21
-8346	17
-7925	8
-5111	24
6793	26
-3785	26
776	26
-3453	21
-3751	6
17262	16
-5692	21
39423	25
-2555	11
-5005	4
-1547	12
-7941	9
12841	21
-2070	21
-6315	6
-5770	17
2302	26
-11364	1
-4140	3
-3448	4
-11696	24
-6069	9
-10159	6
-9309	1
-2819	13
-2192	3
-1871	24
6454	21
-7849	1
-6231	3
-4234	6
4042	26
-3129	6
-8509	3
-10435	1
-12376	3
-2510	12
-3951	26
-5999	10
-2154	6
-8417	21
-2020	24
-3848	26
1312	26
-5559	21
-3999	5
14651	22
-4499	13
-7092	12
-8461	3
-2815	13
-5627	26
-1756	25
-6411	10
-6237	26
-8517	1
-5560	28
-2075	13
2159	26
19863	21
-2740	28
-1419	6
34140	3
-920	25
-4569	8
-2505	6
-5990	13
-2034	24
-9523	10
1179	25
-918	13
-7375	3
4054	3
18216	21
-2335	13
-6553	26
-4855	8
-3940	12
-4907	8
-578	13
-4601	6
-4541	26
-291	13
33001	8
28310	17
-8981	17
-2541	24
-3216	21
-4696	11
-8266	3
-7434	9
-4377	24
-9531	10
13637	19
12479	20
-425	26
-9758	1
-6957	9
-4842	8
-3941	21
-11065	4
3383	26
6219	13
27096	19
-3161	3
-3203	3
7615	13
-6644	12
20210	3
24894	24
-5559	21
-4672	28
-7864	21
-7130	26
-3961	13
1133	3
-3914	24
-2409	4
-3986	24
23817	9
-3538	3
14841	8
17586	21
-4944	3
-2591	21
8231	12
-4341	24
-5729	10
-5407	21
-2301	11
-4555	6
11917	21
-2868	24
-1519	26
-1053	13
11701	8
22829	14
-3063	3
11054	18
-1077	13
-5151	3
-12144	13
-7497	24
-1716	26
11265	8
3221	21
-4983	8
-4473	21
-2184	13
-3634	21
39386	19
-3567	28
-6256	3
-9949	11
-8387	9
-8838	10
-1371	21
925	8
-130	21
-6750	8
-4672	6
-1033	28
-4779	8
16767	21
-5288	17
-4451	21
-5648	6
-11711	10
-2706	24
-4367	8
-7618	17
-52	13
-9688	6
11142	21
1044	26
-4865	26
-9609	1
-643	26
10388	21
6725	9
-8658	13
-7010	1
-8093	9
-4402	21
-5464	1
-3619	5
-11701	4
-7184	26
-2392	21
-4640	22
3287	8
-5720	6
-5537	21
-1570	3
-4036	8
-7044	4
-3915	24
-7201	17
451	21
-4821	3
11949	25
-6589	28
-3029	24
-6474	17
-14718	8
-1844	6
22697	27
-7103	24
-575	3
2119	3
-4156	13
-1851	21
314	3
-10418	10
17982	10
-4069	13
4294	13
-23651	6
-5960	28
1571	23
5702	21
-7251	12
-4211	26
-7200	11
-6758	21
-3951	21
-3245	13
-605	11
-3878	26
-3873	13
632	13
-2925	21
36888	5
-1224	24
4390	28
1379	26
-2118	13
20114	22
-3160	26
-8855	17
-2477	21
-7473	6
-4541	12
-4270	8
1941	21
-3360	12
2449	26
1288	3
-2544	21
-3143	21
-6186	8
-8354	8
5362	3
19477	21
11325	21
-7548	13
409	3
-3245	1
-3116	24
-10471	28
-9752	21
-1325	3
8585	19
28772	25
8008	3
-6017	24
-1992	24
-10893	26
-2153	4
8491	21
-4860	24
-1939	13
2166	24
-9948	10
-2682	24
-2212	21
-3651	11
6494	3
-1256	6
-5262	3
-200	26
2893	8
1893	26
-2642	21
19921	21
-15398	9
11155	6
-1106	24
14946	21
-8967	1
-10352	4
-2303	24
3263	5
322	21
-4882	24
-3291	24
1512	26
22505	20
-13708	28
-2014	25
-6451	24
-8842	26
-3986	24
-2926	4
10962	26
-11334	24
-661	13
-8311	8
-9285	10
12591	26
-3275	3
-2656	21
-7022	28
-9875	1
3430	6
2826	25
9878	3
-4829	28
-1800	3
-5595	8
1220	4
-1938	21
-8842	21
-2631	13
-1206	3
-15964	10
-2005	24
2651	11
21432	12
-3047	8
16661	15
-14364	1
-1383	4
13924	21
-4878	1
350	11
-5356	28
-4630	9
-6177	21
19211	16
20669	22
-7322	21
-6785	21
8278	28
-4260	6
8341	26
-436	13
24349	17
9534	3
13713	6
-1888	13
14021	24
1590	28
-1604	21
-631	6
3237	26
-6069	28
-3218	13
-2202	6
-2337	24
-9534	19
-11542	26
12698	22
-14478	4
-11094	4
-1812	8
-6399	8
8956	21
-4895	24
6912	4
-2853	24
16936	21
23986	11
-11672	10
11843	20
28269	22
-6350	26
-1070	6
-8332	24
265	6
28727	19
-10047	10
-8960	9
789	26
-4410	26
-4076	28
852	13
8540	5
-11072	9
13897	6
11054	1
-1345	22
20452	3
-2753	13
22239	22
-2201	6
-2038	3
-11413	6
1917	12
23975	8
-6341	11
40744	26
5540	26
-1541	3
-4786	13
-2044	21
-9607	13
-14092	12
-2370	24
-6865	11
4573	26
15881	2
-3250	3
-4794	28
-11777	10
-9741	1
-2326	21
-13654	13
-400	21
-3742	13
-5486	24
-743	13
-3568	3
24528	24
-4784	21
-6633	26
-10187	3
-5262	28
-1752	13
-5297	21
2945	26
-5760	28
-3049	28
2033	21
-5314	3
-3399	26
-5495	24
-4046	6
11853	21
-2128	21
-1643	24
-4208	8
643	26
1953	3
-4129	3
-13526	3
-1004	24
10343	9
-2423	3
842	13
-824	21
-10876	10
-4952	12
-5385	6
-3144	21
-6617	3
-6945	21
-86	22
17407	22
24769	1
-5515	4
8402	22
-4695	1
42963	10
-7302	1
-9135	13
-268	3
6900	24
-3345	24
-3765	26
-1785	24
3138	26
-1084	3
11525	24
35036	15
20453	9
-2082	3
7964	24
-5240	17
-4423	13
-10850	21
-757	21
13256	21
77	10
-6242	21
806	24
-1911	13
-4158	24
-2920	26
5838	3
14210	11
14078	18
-7012	1
35190	11
-7798	26
-3100	23
-2061	21
-1826	26
2310	4
831	25
-4866	21
-11105	1
-3964	12
-6986	6
4583	21
11899	28
-3857	6
-5189	28
16750	21
-2529	24
-1316	26
-1246	1
-3097	21
-10791	1
7878	21
27181	8
-2736	6
188	3
-5206	6
3108	19
-3158	8
-1263	3
-8505	17
4163	24
-3423	28
2652	26
-2287	1
11509	26
-8140	1
-2795	13
11520	6
-690	8
23521	22
34724	11
-6351	21
-986	3
-1950	24
-5396	17
15816	17
18432	21
-4407	8
-6406	13
9603	24
3969	26
-7130	19
3649	3
-751	13
-3939	26
-4899	21
1094	24
-5814	13
-8767	1
-6271	26
41947	18
-3691	1
-6896	6
-7031	8
-3400	3
29339	25
-5902	21
-1494	3
-9166	26
173	4
-4365	19
-6700	3
-8097	6
-4982	21
-371	1
5395	26
-2440	26
-5890	3
564	13
-3847	26
-3064	26
-3091	12
1024	26
-330	24
-7940	17
-14132	17
15805	8
2356	17
-3025	13
-7465	13
6381	13
-2235	28
-8767	10
-7274	11
-11511	10
-1923	24
-7369	12
-2542	3
6321	24
-5778	1
3032	26
-10465	10
24665	28
-3215	6
12017	13
-6684	3
-10254	10
-2978	21
1615	21
-4963	26
-4513	9
14749	21
-636	3
-4213	22
-102	4
-4294	3
-1875	3
17008	26
38965	19
-5557	12
1080	26
-6280	21
-3833	8
12332	8
-8230	24
-4664	21
-7434	10
-11105	8
-3232	1
-4319	26
13631	2
2698	26
-488	13
-6701	6
-866	13
-367	13
908	24
-3792	26
-2685	3
1403	26
12690	6
200	26
-5058	3
712	26
-9748	28
-1046	28
-2321	13
16596	22
-6125	24
-7143	6
-5820	17
18899	2
-3440	12
15779	21
-2286	11
-860	13
8648	28
-1295	13
5230	26
-6577	24
-7397	21
-2996	14
-7219	24
-4361	6
-1509	4
-2821	26
-2783	26
-6679	17
-3661	13
7678	14
-4627	24
-4560	6
-5306	24
-8	22
-12046	17
-3670	13
-3700	3
-3689	24
13001	11
-6169	26
-5946	13
-6946	12
-6264	13
7330	10
-8712	21
22018	4
-11367	10
-1572	26
2829	11
15754	21
-267	6
-13634	6
-9716	6
-8195	6
-4119	28
-8665	17
809	8
-6399	28
-6336	17
-8421	21
-2682	24
3569	26
43831	3
-6115	6
-4518	3
20345	8
24679	8
-2258	26
-2718	6
-5445	3
9448	8
-10261	26
27343	24
-30	13
-2964	4
2176	13
-7301	12
-6272	3
18903	17
13181	21
-8826	1
-4640	21
-5140	6
-828	13
6573	3
3547	21
-585	3
6690	12
2135	3
-7298	6
-2526	21
-7289	28
527	28
-7245	3
-6114	26
-5115	28
237	28
794	6
-4548	22
25432	12
-2235	26
-6497	7
-9522	26
5552	3
-14178	21
-1251	13
-4769	26
-8330	3
-6275	26
-488	26
-8109	9
-7828	24
-2484	26
-2527	6
