-10146	-469
23118	-940
15401	-898
-5825	-653
3412	-880
2738	-830
-8073	781
-5984	-795
-140	-849
14936	-790
6045	-786
11416	1580
12814	-935
14476	-929
8794	-373
2104	-435
-442	-753
-13145	-91
5679	-921
-12811	305
-7881	-517
-2266	-643
-10124	167
15484	-891
-156	-878
-2915	-600
-5739	-671
16366	-912
1250	-772
-1221	1217
-34813	35118
-10414	848
-11127	395
7740	-898
7086	333
11274	-937
4813	-869
9378	-898
6625	-922
-7658	-741
-11122	-169
-6056	57
16414	-950
-2648	-836
11371	-910
-5209	-606
801	144
12255	-910
-2414	-668
4218	-955
159	-885
7126	-934
12132	-922
-3712	-378
-14354	-630
17204	-859
-13266	-341
-4975	-606
3107	-846
422	-780
-5040	-730
8	-643
2091	-783
-5731	-736
-10852	-493
12330	-930
366	-868
-12645	-783
8612	-895
11368	-819
10443	-952
45	-734
-9536	-726
13433	-906
-7166	-793
7241	-882
-12400	151
-19072	183
3948	-896
-9034	-84
-9288	-220
-12805	161
-1324	-749
-3032	-690
-26780	4604
3456	-920
-11395	240
-413	-783
-5296	-649
1273	-742
7166	-880
-13004	-373
8828	-853
-10811	88
9921	-879
-18076	2401
-15946	-296
-1857	-896
13231	-923
11091	-719
-1254	-897
-14462	-155
-5308	-430
-12254	230
17806	-928
-1407	-482
-11739	-400
12421	-938
4177	-864
-1699	-764
-7513	-136
472	-873
13501	-818
5294	-915
9205	-794
-6305	139
2773	-537
-5407	-519
-8570	-634
1573	-913
16539	-944
-15933	1235
-2746	-761
1929	-786
-2771	-750
-3665	357
4609	-920
-13353	-502
-13086	3371
3818	-763
12032	-719
-16955	1496
11219	-923
15710	-662
-883	-814
10110	-813
5262	-731
2744	-785
-13273	85
-7188	-674
-11523	-754
-3634	-444
22243	-920
-8464	-143
-8382	-50
4660	-891
-5053	-819
-5637	-471
8216	-699
2920	-820
13719	-912
-7423	-460
5759	-824
7173	-820
-524	1787
13964	-678
-1406	-79
-14400	5325
-5485	240
9908	-706
-13925	-480
6347	-704
3446	232
6241	-891
-2717	-846
-19411	1419
4021	-531
5874	-134
17235	-951
16402	-478
-7158	-269
-10410	-670
-2208	-490
3123	-837
15852	-661
90	-888
-3049	-134
-5355	-747
-21865	3317
6154	-743
-7652	-671
706	-784
246	-607
-4829	-770
2835	-799
627	-714
7262	-937
3237	-198
-2929	-633
-4183	-724
-2881	-912
-5552	-404
-12105	-437
334	-522
5506	-820
8379	-884
686	-296
7606	-665
20844	-871
-8336	-752
7574	-461
2760	-894
18293	-958
14497	-807
20661	-938
-4537	-282
-9321	5302
-11672	-386
-9872	-545
8886	-910
-13995	2787
-3964	-485
9627	155366
-18074	419
-3096	-831
-27100	2635
1831	-933
-4602	-363
-13607	2809
554	-891
860	-873
14185	-948
-11244	5026
6500	-924
15075	-891
-1182	-837
-2849	-487
-11803	-502
-4498	-776
16211	-801
3038	-898
-11517	-596
8188	-779
7837	-938
-3403	-812
5186	-641
6999	-941
-2850	-916
16836	-752
-3611	-749
25887	-959
-9822	38
2728	-167
-5730	2145
-3672	-206
-4953	-670
-7424	-735
2774	-62
-20446	5593
-3000	-837
14859	-934
1942	-897
-354	-884
4534	-775
-5263	-4
-3547	-837
10789	-919
-4879	1051
9487	-673
3960	-787
3041	-808
16210	-909
15573	-873
5853	-876
14154	-923
-2250	-797
4225	-736
6087	-898
-17597	2158
18883	-916
-5930	556
-1804	-798
12390	-924
-22889	4013
14632	1200
4775	-936
6746	-903
5213	642
-7056	1587
6684	27
27914	-911
-6624	-663
1016	-851
7318	-877
4531	-695
-11556	-498
10470	-765
4430	-934
18005	-900
5947	-921
-9576	86
-25727	2417
-23819	2370
-7326	-239
-3430	-480
-2143	-201
1337	-907
18864	-949
26938	-959
-13765	1580
-4060	-697
5488	-865
11657	-932
-7007	-610
-10815	-450
9427	-935
-5261	-815
7754	-478
2161	-880
9217	-926
-11105	-678
-2178	-863
-7191	-101
4872	-845
11924	-891
11821	-493
3122	-922
25923	-935
-13395	801
-6006	289
244	-840
7174	-931
-4658	-765
-9349	316
-2199	-192
-13260	1754
-36567	14899
9385	-906
13801	-876
12090	-863
-24516	6782
3713	-913
-14817	-15
7476	-830
-4208	-770
5798	-744
-2146	385
12321	-894
-5049	1691
-4323	-866
-1233	11815
-15160	82
-7041	-451
-2423	1178
-2221	-535
857	-682
-8617	-635
-4930	-808
2893	-706
-5864	-764
-21163	876
11075	-910
8684	-738
-11333	-667
12580	-903
-10840	-109
5210	-791
5960	-885
-17305	346
-8487	-448
12199	-933
12312	-859
3106	-812
5360	-896
-1264	-379
14401	-783
8587	-862
4965	-891
3744	-864
-13936	163
63	-883
-16147	355
-6555	-538
647	-392
13116	-940
-9367	-792
8384	-893
-2466	-355
-1988	-707
-793	-527
-6509	-852
426	-523
-23971	2697
-435	-786
3781	-848
-453	-616
-2832	-543
11667	-743
17570	-919
-20421	1121
-23263	-93
3979	-905
-16192	3464
-5934	-559
5182	-861
9506	-917
-3643	-733
14467	-936
-1903	-837
-12564	84554
-1576	-921
2013	-430
5713	-930
-1231	-606
-15004	183
6625	-946
-6710	-153
2081	-857
1431	-670
18209	-935
-3894	-867
4316	-856
-3007	-724
470	-765
-12631	9873
2849	-882
-2449	-612
-4279	-808
5059	-843
664	-733
2366	363
-6654	-619
11566	-235
10814	-880
6163	-892
-5112	-596
-2741	-716
-1013	-779
-23478	572
-16355	63
-1025	-41
-12490	593
-843	-750
13231	-916
930	-847
7651	-912
-342	-740
-5711	-713
-23973	2289
4310	-885
-6764	-559
-1580	-895
-20890	-43
60	-590
-1869	-703
14779	-512
4028	-826
-127	-565
-1514	-613
4069	-725
-14031	54
16408	-892
-6658	-606
1254	-852
3918	-798
6534	-930
-9164	-732
3471	-828
-518	-767
4411	-873
5014	-863
-825	-685
-5105	-452
-8042	-834
-5539	1840
202	-561
19221	-911
-16448	78
-12908	-449
-5627	-525
-11561	-151
4599	-689
13349	-908
-6294	-802
-6602	-656
2685	-762
9	-826
6747	-664
10847	-938
-2361	-211
-712	-755
-17185	773
-7677	-583
16250	-934
19658	-953
-9977	2496
-18972	853
3237	-868
467	312
7043	-868
-9173	-346
12403	-946
8471	-918
4191	-228
-2410	-921
-8454	-495
-13430	878
9513	-777
-1927	183
8465	-721
-5232	-310
23365	-948
-7063	-631
5843	-866
11808	-938
-10699	499
7728	-887
-1055	-545
3791	-862
-2861	-383
2036	-329
3076	-909
9246	-882
-27350	7624
-3483	390
-7493	-114
-5250	-517
2058	207
-10409	136
-7273	-82
-1487	-547
-8576	-873
-3834	-848
-2131	-754
-5309	-568
3855	-858
-2910	727
-1141	-515
-6851	-338
4750	-942
13484	-917
-4077	-850
-11193	-276
-10274	-502
-4025	-864
11679	-618
-7371	-567
15530	-948
-11847	1804
310	-640
188	-219
6559	-692
8665	-919
12926	-934
4195	-679
8187	-826
-1987	-846
8687	-907
2102	-852
-9854	188
-349	-782
6902	-959
5586	347
-7225	-732
12302	-804
392	-329
-7262	-722
452	-664
-1357	-813
8068	-898
-17383	1393
-8467	-385
-106	-682
-8833	-642
-9741	2407
-1185	-263
-2205	-495
2607	-872
-5358	-606
-14880	4788
-6657	-804
-23517	1871
4436	-490
16342	-944
11848	-789
-910	-801
9341	-785
-148	-876
-11453	-430
8216	-823
-2830	-761
-16255	1030
-3713	-754
7324	-735
6474	-176
8193	-800
-1346	21
7167	-879
2660	248
6142	-929
5540	-864
5814	-495
957	-920
672	-631
10914	-902
-8765	-383
5272	-918
4819	-851
6634	-770
-43243	36806
5752	-884
12390	-941
1960	-486
13752	-952
-407	-263
-31	-779
-9931	-21
15207	-926
-11632	10770
-14177	-343
-17485	722
7460	-826
-63	-705
6059	-856
-7730	-655
-7774	-365
-9617	11
14943	-960
-4934	-660
-9025	-367
-12497	895
-10329	-717
-11564	1361
1737	-753
3580	-435
-2862	-739
2799	-882
11464	-614
6365	-891
-5456	-719
-10208	-91
-7798	601
-1858	-861
6941	2285
5442	-869
-2062	-433
-32465	20659
-14236	2737
-1312	-886
-1654	-821
6457	-576
11993	-926
11917	-815
-15289	553
10098	-430
1728	-903
8168	-930
7755	-898
-15276	280
14675	-925
-2515	-642
-3796	-844
16885	-905
9263	-945
1853	-675
10955	-912
-15352	-230
-1659	-581
-5173	-602
-6295	-818
10574	-918
-3111	-309
19272	-932
-2710	-911
3472	10311
-294	-521
-5775	-750
2168	-737
3241	-847
-11556	-325
-8349	550
16417	-946
-7683	343
23323	-935
15971	-233
7168	-914
5408	-932
-9820	-419
-18189	-228
9776	-758
9502	-894
18574	-887
3948	-893
-12433	-109
20652	-957
12048	-954
-3559	951
696	-857
11506	-900
-5341	-736
177	-832
6732	-887
-4036	-718
13399	-879
-1235	-714
3189	-473
-11882	177
-4619	474
1024	-509
-3986	-563
-8056	-768
16568	-629
20589	-912
-19573	679
-635	-131
10316	-937
-19301	1109
9016	-934
-6683	-598
-5384	-761
-5623	477
5071	-802
-3189	-841
3330	-652
-6814	-236
2799	-851
5072	-876
-523	-657
16342	-920
-2840	-801
-758	-844
6684	-936
-6430	-601
10435	-882
34	251
-4718	-711
8213	-919
2762	-756
-12647	960
9153	-925
12063	-760
1914	-614
-5591	-736
20197	-862
10349	-848
-3607	-502
-21565	728
-16985	-6
6296	-911
-11290	-383
-5117	-652
18030	-631
3721	-823
4606	-840
5750	-946
3978	-903
2149	-901
2343	-850
-7128	-720
11656	-934
-2571	3753
12568	-903
-13946	-228
7259	-835
-14451	186
50	-353
-10439	-551
9089	-926
4977	-766
6829	-663
-923	-780
-6125	-441
568	-866
-10814	1023
-6615	4
9576	-945
6387	-875
4143	-855
10013	-732
17743	-880
1033	-796
3492	300
4878	-899
-12125	-249
10607	-932
5785	-913
5266	-147
-11066	-452
12788	-848
-8023	-527
5121	-778
-24183	6055
16156	-842
1796	-773
-1223	-448
-6953	-646
1773	-905
-25407	2438
-7107	-125
5678	-856
465	-747
4627	-935
14216	-852
-1996	-732
-4837	-565
-17198	140
-2422	-726
3302	-475
-134	64
-14467	-286
-10173	-136
5808	-842
-1765	193
1390	-489
367	-797
8033	-791
13423	-905
12579	-892
7561	-923
-2920	-358
-397	-896
2124	-713
15583	-841
-14203	247
-6108	-563
2189	-885
-8857	4958
4219	-868
-6633	-869
858	-879
-12614	396
9754	-951
-16604	-567
5637	2388
-3961	-266
3980	-862
2905	-880
-427	-882
9594	-697
1614	-866
-16194	-307
-1205	-770
8112	-927
-2905	-851
4164	-906
2574	202
-2640	-745
-8033	-448
-7059	-181
14513	-942
5036	-796
2364	-353
114	-693
-14969	790
4792	-853
10033	-885
10676	-931
18405	-949
-5290	-648
3265	-908
3754	-768
-2179	-828
5743	-879
-11930	266
-6132	-513
-1512	-838
-312	1339
1422	-399
-2746	1148
2447	-622
7435	-887
289	-908
-8358	-760
6200	-880
6248	-814
3588	-813
1017	-841
-10202	-821
475	-712
17430	-939
11132	-945
-5203	172
-11264	-138
-11755	-379
18956	-954
-22904	1353
12683	-720
-4754	-571
8079	-878
-2924	-723
10561	-851
-3507	-824
3654	-905
936	-754
-1579	-813
-5	-639
-8453	-23
-6501	350
5765	-792
-5990	-776
27609	-948
4554	-808
-12662	374
5113	-935
-7654	-692
3289	-527
-12353	-534
13615	2306
-15780	238
-20792	850
1215	-765
-1217	-800
7141	-908
-13791	1126
-1356	-721
7774	-909
-18089	1010
5637	-864
-10404	-767
-18715	1766
-7932	81
-7089	-855
-5110	-304
-8502	-645
-8157	7
1265	-724
-12769	-262
3891	-858
11789	-920
-11589	820
-2179	-685
15858	-953
-6699	-330
712	-930
10305	-314
603	-866
5019	-684
-8433	-724
5707	-924
-19993	5341
-3074	-790
-11933	1757
-9320	-333
3129	-772
-5472	-784
-62	-672
9272	-891
2290	-776
-12650	-537
-1926	-556
9359	-924
-9677	-394
5885	-885
10930	-886
-16735	-633
2634	-826
-2543	6824
-7275	-336
-20924	1541
4186	-859
-16341	-179
-6622	-862
-22135	11289
-5744	-682
-3059	-669
-7564	-660
-2081	-815
-18881	1782
-4952	-830
2974	-711
7929	-907
3366	-671
7069	-701
1140	-840
-9682	-713
-12122	-200
2924	289
3125	-895
1936	-876
-18531	1598
21245	-887
15024	-882
-2137	-210
-1462	-740
371	-850
5673	-862
-10879	-554
-4830	-260
-15511	-361
-9741	-722
20271	-751
-10963	-655
-8660	-786
-1781	-437
-7709	-374
2052	-203
-17658	-296
-18276	-98
5056	-826
-10011	376
29182	-956
16855	-946
-15673	-97
-16593	352
2842	-887
-9350	-205
4089	-303
1049	-624
4831	-709
-14291	-666
-10189	4334
-19524	734
11268	-912
11482	-876
-6350	1301
6022	-621
-2096	-730
9076	-919
-387	-682
1554	125
6929	-877
4612	-912
-2569	-665
6309	-754
2468	-916
2864	-725
-745	-678
-15203	3280
9319	-935
-12054	-225
-2269	-912
11769	-934
-15749	-176
4901	654
3013	-907
-18962	1927
-21794	838
134	-706
9915	-891
-5475	-861
6289	-845
-9882	71
10751	-864
979	-839
2612	9081
116	-853
353	-833
-14207	-5
6242	-882
8860	-931
-14625	-527
16140	-903
-8918	-525
7221	-929
12658	-866
21022	-943
5712	-783
-8483	-131
8083	-869
9057	-635
6345	-869
-16647	52
7074	-937
-685	-849
15752	-891
-6628	-707
2883	-927
-9451	-660
8103	-925
-4511	-861
-1054	-516
785	-513
1336	-770
-14886	1044
-4163	-879
5675	-925
-2111	7491
7062	-786
1257	-751
14815	-907
-27364	2547
9198	-912
962	-941
20282	-939
-14216	510
-12573	578
-16205	-216
-2563	-238
-11174	-638
-1679	-790
-6360	-408
-739	-664
-4690	-764
14712	-948
3211	-891
3070	-903
5152	-911
-7610	1076
1897	-678
-9375	-244
-6430	1591
5534	-919
4078	-607
10714	-833
-1494	-809
8902	-938
5991	-935
10585	-815
19010	-944
1133	-848
-2278	-335
9949	-851
491	-890
-6047	-749
-4615	422
4604	-927
-8953	-300
-2839	-903
-13623	489
10019	-861
-20657	24291
16251	-767
3740	-932
-9410	-376
7678	-786
5724	-901
14135	-877
1966	-545
-6286	-607
1801	-12
4362	-903
1194	-848
2976	-923
-19391	716
9640	-932
-7198	2942
-7143	-488
7401	-923
741	-857
-22045	946
-8564	6862
-14610	2886
1202	-815
10764	-788
-8034	406
680	-920
-281	-847
6535	-668
-2581	-870
-8767	-816
-27244	2524
-11221	-304
-21607	846
-10122	-153
17686	-923
-3538	-830
17113	-952
10552	-902
-10524	100
3726	-692
-22611	5851
-7281	-647
18821	-934
7483	-817
-9434	-456
4161	-622
6574	-900
9147	-879
12946	-652
-5273	-581
-1223	-646
11303	-885
15062	-906
20442	-929
6864	-407
18473	-952
12036	-911
-25457	8068
2861	-551
18823	-945
-6478	-837
12512	-945
5352	-851
4657	-908
-4561	-895
9944	-952
-1323	-828
12119	-814
7107	-839
-6016	-707
-854	-799
4424	-896
-10694	-196
-270	-184
-16797	-327
-2590	17
-1217	-623
-6732	-608
19302	-859
8351	-935
-3942	-644
2306	-896
12481	-942
-30148	16318
-3123	-724
11046	-852
4581	-713
-14731	240
2321	-657
714	-594
11791	-886
-1862	-880
-1844	-834
-8567	-696
7805	-556
-10434	-482
-21584	651
11827	-927
-1304	-568
9612	-875
-1316	-592
-7629	-695
1536	-848
-6421	-284
11060	-833
-837	-876
-19048	818
4616	-869
20901	-948
-21305	5030
-1963	-866
18774	-873
-768	-628
-23469	5175
5549	-895
14866	-936
-1524	-545
3210	-928
-12367	-246
-10405	-93
14284	-820
-23488	640
7613	-904
-12882	619
10940	-523
-14095	608
-578	-520
8637	-878
18621	-927
3280	-750
-12178	87348
-2610	-755
-3419	-755
-4134	-502
4291	-800
-5798	-655
14094	-941
3125	-875
3140	-754
1201	-779
-4273	-769
-11080	-812
-3046	-873
-2884	-520
-13100	-230
15	-253
14069	-909
-3787	-715
12049	-943
12926	-935
1964	-821
8760	-238
-1637	-47
-14076	-268
13283	-927
-566	-837
-16049	3610
3758	-146
-3036	-111
5251	-835
5563	-602
2633	-892
7109	-909
-6308	-338
12854	-923
6352	-713
5285	-791
-1309	-852
-6322	-770
14711	-922
554	-798
-8709	-499
-12461	-698
-5948	-749
-24561	2884
-13630	1062
20666	-941
5171	-678
-4460	-365
-6528	363
-9072	-602
12419	-927
11127	-863
-3748	-199
-6703	-204
-14113	215
-5511	301
15789	-919
-1699	-794
5071	-916
7859	-944
-6060	-614
14775	-948
13677	-722
-5932	-880
2739	-803
9493	-934
-11325	-847
2157	-922
-5745	-339
-7345	-622
4517	-923
10515	-886
8635	-862
951	-820
19735	-948
-1956	-603
-5806	-722
9878	-930
-1407	-648
-5614	-555
-5932	-766
-5151	-754
6161	-454
9365	-828
11225	-851
-2643	-881
-5582	4000
-2613	-739
-8397	-244
385	-822
2939	-822
-14078	214
-5135	-641
-2421	-856
2657	-844
-493	-859
-11186	196
-12529	3442
-8121	13951
-252	-266
-13290	506
11317	-954
-24483	2996
7296	-911
18655	-736
-5705	-513
13420	2170
5026	-920
-4681	42
10635	-947
-10116	-293
15657	-943
23059	-950
-16688	-376
6747	-759
-19429	5647
12932	-883
-6696	-378
-9407	5
-3532	-793
7235	-912
13183	-922
-1081	-594
-21022	4550
-610	1865
-4423	-695
-2437	-845
7112	-844
8387	-894
-11254	-236
5067	-822
2709	-790
-2872	-938
-9399	-660
-13817	-179
-6607	3776
2465	-912
3241	-826
-2138	-779
6694	-892
15630	-951
5247	-596
-10439	-437
15281	-853
5637	215
3188	-855
18285	-948
11729	-917
-1239	-392
-8093	-556
3204	-853
-7498	-631
252	-799
-6283	-839
-5140	-585
15557	-598
-2765	-470
-101	6855
-9444	-685
9413	-919
7934	-903
-4569	-754
5401	-867
758	-452
12219	-931
-8877	-813
-9360	-658
-16439	993
-11033	1117
-15062	-425
5304	-890
-2674	-785
739	-864
-5856	-668
18043	-768
-5031	-571
-1494	-660
-6080	-142
9346	-759
1292	-610
-7923	-772
-11960	-104
-9290	203
6562	-927
966	-675
6469	-852
4806	-768
-5250	-833
-4817	-368
7378	-881
-30233	7138
4965	-905
54	-747
8766	-921
7722	-525
-18767	-235
8498	-817
-7660	-639
8337	-904
6356	699999
10938	-934
-1382	-870
19415	-953
7288	18500
-8051	-412
361	-847
18968	-930
9798	-896
-1552	1133
2422	-754
-1058	-831
477	-889
-6119	-762
-10942	11697
3283	-835
532	-763
-8914	-830
-15396	2557
5708	41436
9048	-854
19580	-951
-8486	-537
4652	86
16340	-904
2158	-622
-30206	10970
2539	-832
8715	-947
-11660	1398
-8920	-725
10757	-920
-568	266
-11726	405
8740	-927
-2400	-781
-3841	-719
-3289	3358
-1023	-891
14821	-912
-14622	2315
17163	-947
17343	-502
-4829	-722
-152	-744
-12486	-534
-18537	438
10423	-767
-2356	-801
9118	-916
7512	-928
3901	-698
-17307	-91
13596	-766
-2133	-551
-15050	597
-7560	-677
-11786	664
3109	-226
1860	-676
15555	-951
-16035	279
2289	239
-5008	-624
1578	-312
-10600	502
16355	-952
9928	-940
11412	-939
-11163	-494
-702	-773
-285	-365
-1671	-915
-16292	-18
-934	-347
1120	-865
6085	-854
-13864	2114
-2606	-682
10907	-664
-11012	-608
2500	-904
-11812	-154
-1223	-879
-10243	-507
-6115	-844
12857	-783
-7160	-559
2044	-860
-19473	2326
5893	-916
7718	-940
-23	-889
-2870	-54
-3205	-873
15182	-927
-16998	-163
-11233	-589
613	-826
-9126	551
4069	-696
20757	-920
6426	-923
-3452	-390
8700	-271
-7852	-667
13151	-866
-12830	989
-16379	4466
-4559	-702
8680	-664
165	-667
3038	-938
-3131	-928
-8353	-102
-18006	2003
-3002	-834
6545	-42
-9472	-123
-15032	-795
534	-894
4744	-203
14094	-933
-16536	542
3784	-799
-2973	-553
11308	-936
-13346	-224
-1536	-628
-449	219
-7501	-360
6677	-678
8334	-943
-5	-873
20306	-952
7265	-932
-964	-777
1788	-842
-1148	-807
647	-792
18295	-949
-25156	2709
9933	-945
-5888	-557
14254	-534
9966	-925
-87	-639
-13118	-635
-1965	-239
-6268	-742
-773	-539
-12226	681
-2123	-733
-3917	-801
-1379	-711
-1866	-747
-1395	-848
11752	-903
1839	-483
-16897	-260
-17972	535
-10871	408
3579	-894
-2695	-887
4579	-651
8628	-806
15153	-905
-527	-918
-9276	-671
-4253	-846
-17925	4376
1384	-303
-3452	-912
-7975	-781
-1981	-399
-9531	-613
10228	-941
11771	-798
-11414	-831
-12273	-657
-16255	186
2896	-844
15863	-940
-1468	-712
-5114	-235
-14563	805
8815	-917
-4476	-688
-6301	309
3675	-768
20577	-851
5920	-746
6875	-900
-5331	489
-6723	-9
3797	-889
-7074	767
-242	-853
-27043	2114
1267	-164
349	-322
-1469	-875
4236	-931
2422	-673
4336	-838
7355	-904
11300	-924
5886	-884
-7560	-790
-8520	366
572	-812
-2581	-785
4168	-887
5640	-628
-826	-594
-1238	169
6419	-934
-484	-900
-25308	3233
-2754	53
-646	456
1270	-886
6448	-883
973	-864
3866	-780
-7467	631
4421	-325
-6493	-812
8118	-925
12737	-725
6672	-916
10157	-807
-1245	-343
3383	-905
5591	-898
13199	-930
9922	-448
-31447	10219
3617	-732
1652	-912
-33	-80
13984	-753
8209	-690
16632	-945
5720	-462
-13982	431
5245	-880
-4804	-213
7701	-879
10252	-908
9400	-787
2462	-774
11786	-948
12542	-939
-5880	-485
-15785	610
1689	-622
373	63
-3523	-696
-2919	784
-9386	-655
-8617	-759
-4818	-526
-2658	-330
4822	-882
10111	-705
-17178	499
11089	-916
1784	-843
6211	-814
16371	-884
-9630	-603
-11792	-510
-3659	-895
-17255	-350
-16489	-276
-2895	-429
-16417	1988
-2657	-293
825	-621
-1497	-755
6006	-858
21278	-959
3542	-881
-28933	3927
11663	-910
10145	-867
13539	-943
4738	-896
-16476	204
-9467	325
-3581	-243
-2993	-796
-5369	-785
-8632	-127
-9490	-181
-5828	-768
7611	-840
-7379	564
18785	-884
7556	-878
5498	-428
8233	-898
7099	-855
-6599	-404
4806	-843
-3428	-236
791	392
-4506	-603
-17552	20137
1545	-837
2481	-910
-6478	-665
-3300	-570
-6004	-717
-1833	-718
22441	-908
11109	-947
-5389	-736
2814	-906
10492	-941
-4328	222
17104	-956
-2961	-820
-7499	-662
3867	-910
-14036	7349
-7677	-551
-7671	258
-9140	-145
7856	-913
11632	-772
-15155	-169
-10168	-603
13434	-175
13902	-934
8522	-283
-4267	-321
-7338	239
-8135	-830
1185	-882
-8931	-533
-8174	-837
-26392	1580
-2782	-886
-13170	-273
7515	-851
-9003	-617
10610	-919
-5442	-536
-7864	-696
-952	-724
-13596	350
11678	-902
5524	-907
5533	-879
7158	-826
-11759	3284
-2211	-713
-7577	1959
4418	-880
14477	-930
9469	-19
-17254	4596
4739	-932
1118	-677
-11326	-278
-3916	-896
28220	-960
12531	-949
24850	-930
11580	-923
220	-116
3537	-876
-8165	-614
6496	-895
-1580	1202
-5432	-473
-2730	-707
1467	-871
-5830	-837
-3828	-635
7994	-869
17066	-932
10240	-842
10930	-575
-2878	2465
-3239	-691
-2276	337
8783	-812
15564	-930
2344	-651
-6152	-420
-2471	-895
-7349	-919
-6377	-426
18001	-949
-2866	-608
-2271	-549
-2406	-534
8300	-858
-9537	-648
11408	-781
-4176	-430
-10123	334
-13527	-85
-72	-455
-4521	675
6392	-744
7871	-743
-1468	-750
2749	-85
2511	-766
10209	-898
-22648	816
-14697	893
4382	-922
12093	-920
7497	-779
-4837	-783
17377	-930
-199	440
-6730	38
-7505	-448
16671	-934
-4849	-798
-1188	-881
-19227	547
9415	-936
2603	-875
7613	-827
-818	-674
6568	-921
-2541	-237
4372	-689
14450	-848
-7944	-718
-1171	-808
6464	-894
14754	99
-12430	1117
-8693	-448
7446	-570
-6114	-643
-3132	-113
-3399	5015
12369	-942
-7682	-823
5479	-936
5200	-850
-11496	1911
-2987	99
6764	-909
-1095	-388
3391	-886
18265	-937
3724	-647
1083	-835
-3775	-549
-8573	-600
-5029	-140
-11334	-237
-11521	257
-4282	-443
2184	-736
13010	-945
-10953	-138
6685	-620
-9110	2951
5793	-849
6827	-912
-6975	-120
3192	-803
-9646	-282
-9678	-372
7979	-911
-23132	1262
-8130	-505
9670	-491
-8141	-605
16421	-951
11414	-945
3469	3383
6901	-918
1642	-816
-5689	-791
1414	-934
-1665	-264
-3965	-215
-9779	266
3001	2431
5595	-818
6935	-882
1112	-902
-2603	-746
-10378	-420
-13834	-36
14862	-950
15259	-936
5159	-711
10024	-858
25501	-957
2948	-284
-8564	-758
1503	-772
4113	-808
-6698	-686
2625	-882
5869	-781
7661	-885
-1133	-506
11843	-938
-14686	294
3264	-538
-7374	-587
6862	-860
6018	-768
8316	-908
24810	-928
5444	-873
7984	-874
-11193	-484
59	-772
9976	-871
6260	-680
2656	-321
-5117	-685
1211	-794
2275	-859
11360	-933
6479	-891
-11613	-676
6640	-790
1218	-77
-6336	-544
-2009	-664
3222	-738
-6208	-183
2606	-704
11364	-925
-413	-898
17578	-779
7317	-772
2402	-603
-1695	-860
2140	-736
-13959	1105
11909	-948
-1734	-678
5354	-934
352	-778
10108	-886
-18624	-87
-5328	-815
-5653	-645
2810	-826
-4053	-707
-4381	-569
3519	-793
-3597	-853
-1255	-874
15761	-923
1031	95
-1886	1127
-3177	-692
11912	-941
-11902	-523
282	-803
-8648	574
-11361	1123
12921	-910
8282	-943
-6232	-803
163	-426
5225	-826
-9453	-549
-12009	-30
3317	-923
-4413	-358
8873	-512
6451	-850
-298	-124
-5280	383
-12583	-399
-14254	894
-1386	-457
-1576	-820
-9795	-305
-13456	-250
-6142	338
-3132	-766
-13910	-439
-10075	-675
19981	-949
7580	-629
7510	-820
-229	-773
-3083	309
-6323	-698
3996	-776
1530	-622
3878	-896
6906	-742
11896	-905
2314	-728
8061	-477
-14273	-613
-534	-878
-15061	199
-4359	-577
3678	-925
-18453	4275
19585	-934
14752	-895
-14823	-350
-24260	5181
-5644	-649
9463	-909
-10824	-486
-2281	-760
812	-544
-18241	816
-10549	925
16183	-930
19349	-956
-1892	-859
10167	-860
-1862	-580
9876	-926
6375	-852
19546	-909
-793	-903
-15525	251
-5930	-19
7151	-844
-18760	827
-10363	-243
758	-752
14425	-889
-667	-805
8095	-785
6269	-563
-11790	-323
16608	-916
-1134	-854
-5817	-70
-5677	2035
15308	-889
-10930	6594
1132	-891
-13086	338
-16633	-423
3091	-603
4822	-929
6847	-862
800	1850
-7206	-82
-17863	273
9178	-840
544	-649
10569	-941
1530	-674
6837	-909
-1740	244
-4942	-891
-3455	-347
-6181	-592
4475	-901
-2793	-348
233	-887
-21155	11274
-1279	673
-14194	-248
1023	-776
-1882	-897
9012	-844
5899	-936
4750	-895
440	-826
-6536	-842
9957	-707
-14660	-151
14183	-930
1618	-684
2398	-830
5300	-945
8947	-589
3856	-924
-4510	-734
-3333	-131
1757	-845
4460	-941
-6203	-594
-11066	23
4799	-14
105	-412
3587	-684
-8436	-745
4457	-892
2127	-842
-6096	-689
8536	1120
4580	-940
-5366	-761
4153	-897
-6896	-744
-202	-600
-3330	-799
14213	-947
4866	-827
2867	-617
13858	-955
6302	-521
17583	-941
-16923	523
-2769	-815
-4347	-756
5563	-850
4070	1047
-15191	-278
-10645	-264
8185	-559
-3073	19
19222	-894
-7327	-818
-3169	-663
-24109	6716
-3539	-787
15347	-905
7793	-667
-4810	-736
-6111	5600
3044	-106
-6741	336
-3175	-735
-449	-848
12929	-848
-1633	-461
-7927	-707
-7679	-669
11482	-930
-1914	-854
-3525	98
-18633	-24
21135	-924
15342	-938
-27360	2283
-11875	2196
9650	-927
-13469	1774
-7664	-188
15775	-538
10318	-854
654	-866
14868	-941
18236	-183
7195	-786
-1534	-800
6747	-828
-5116	-785
6247	-882
-36742	23108
7186	-846
-3975	-492
13857	-933
-1919	-778
17512	-646
-4138	-617
1651	-889
-4107	-667
-5193	-771
-2893	-588
-7539	635
-21114	568
-4870	-609
-6948	-103
8078	-945
-4844	-671
-12214	57
5407	-711
-2429	-310
5182	-723
6300	-714
-2652	-418
-29187	5540
220	-563
-9178	-616
-14404	1147
2199	-947
6719	-916
6298	-933
6838	-688
2263	-635
10773	-884
6008	-730
7709	-930
-16797	2013
7463	-388
-7876	-363
-6490	82
1981	-695
-12721	1381
-4379	-287
-3377	-816
3050	-838
3765	-832
-6304	-409
3396	-879
22343	-865
597	-894
-1143	-909
8279	-918
10643	-898
7517	-825
2252	-329
7182	-840
15700	-949
-14233	771
10343	-890
1185	-900
-15	-160
8505	-948
1972	-934
11181	-941
724	-149
-1569	-709
4335	-44
10083	-891
-2639	-307
6114	-890
-2203	-751
1583	-848
-3137	-734
-13188	-761
-3394	-623
-6327	-453
-212	-711
15162	-952
-12641	-228
1148	-832
-21819	5600
723	-729
-1961	-574
-21502	1461
917	-262
4886	-797
-8544	-363
-1157	-609
7696	-922
16595	-952
8556	-938
-8083	1775
17031	-950
24946	-955
-12394	-564
16824	-925
-2423	-858
-8299	-351
6374	10
-12224	-592
2197	-771
20568	-899
-470	-626
-4168	-576
-516	-878
3496	-189
-1968	-819
-25348	2667
12861	-890
-6277	-571
1451	-923
17872	-950
3707	-888
-5504	-296
2296	-889
-16311	-110
7769	-795
-28675	2273
-6905	-714
23637	-955
11933	-921
1345	-792
-4135	-559
4746	-516
-13863	98
-3705	-412
6200	-824
-12162	1128
-9990	-165
6845	-886
19986	-948
16674	-927
9639	-768
15693	-912
5143	-943
-4923	-599
17764	-923
12183	-785
-20104	4722
-9524	2888
1474	-908
876	-776
-1585	-804
6241	-588
9144	-939
-1763	-428
-13080	85
6181	-897
2185	-880
-3581	-804
18871	-925
1759	-797
-4483	-639
14679	-703
15485	-887
4507	-912
4871	-839
1444	-848
7066	-609
2036	-893
4548	-887
-8752	-564
-7516	-223
12068	-841
-3392	-878
256	-665
16659	-943
9857	-924
-5378	-403
-7563	-455
5923	-917
-2825	-743
-16971	437
5105	-777
1560	-617
4067	-776
-7527	621
7342	-840
-7839	-507
-14864	-348
6391	-929
-823	-754
14827	-667
11745	-769
-17757	-265
13087	-754
9519	-567
-8241	456
6064	-250
-7290	388
-1967	-98
-7558	-292
4570	-562
-4563	-320
-11096	-697
-1538	-813
5780	-776
26070	-943
25174	-952
4935	-670
-3209	392
-4302	-774
-201	-905
2677	-898
10387	-907
-4079	-567
-6833	-451
6969	-743
4441	-741
-2313	-839
-21158	1367
14298	-859
-4772	-754
-3284	-909
-11417	60
1020	-714
4332	111
888	-887
-4089	521
-492	-748
4108	-920
8758	-897
2193	-729
13643	-833
-6281	-684
2899	-693
-587	-697
15316	-186
-7252	-694
-3304	-647
-5051	-795
3363	-869
-4112	-814
-11297	-325
-8730	316
16741	-952
6661	-909
6732	-872
19726	-935
-6039	-830
-2607	-599
7996	-926
4704	-737
-5119	-563
-7858	18553
26981	-956
-10176	565
5190	-527
15541	-945
-12732	2000
-8230	65
-24990	4590
-6850	-659
8925	-889
11586	-887
11801	-882
3879	-772
-2149	-883
2708	-732
6208	-798
3574	-536
-9969	-505
-388	-740
-3009	-906
-8295	-286
-3092	-866
6740	-350
14104	-812
-2498	-737
2166	-778
-10899	-87
-5490	-702
22211	-944
13297	-945
-11038	6908
320	-657
-1954	3321
-19329	432
-5484	-657
-192	-372
-1089	-396
-646	-808
-3264	-859
-15483	1245
-3954	-907
605	-815
-29959	5073
7882	-873
-886	-707
-14188	-196
4521	-879
-5307	-347
-8199	-805
-3748	-794
-12027	-401
10302	-896
6635	-843
4481	-916
887	-880
-4906	-796
-8876	113
-7963	-538
-11169	1278
-11928	400
-3082	-866
7167	-925
-11788	-156
-9269	-637
-21624	18590
3347	-847
13506	-920
2180	-875
-5462	-26
-12684	-345
-5748	-637
-11006	-616
2377	-679
-4528	218
276	-545
-6714	182
-10358	-320
-7651	-664
-6424	-35
-3657	-689
-13200	557
-4623	-620
-4373	160
3110	-581
2215	-732
5561	-555
4104	-825
-5783	-428
-7887	6
14951	-708
-5859	-759
692	-306
1444	-641
-8635	-437
-3031	1768
-410	-666
12917	-942
12048	-816
-3278	-414
-3417	-296
-11832	-495
18531	-885
-6606	-545
855	-917
-7494	-817
-6479	-538
-6479	-769
-26966	1930
-3061	-794
4113	-814
16305	-855
-24053	177
9095	282
13322	-955
-10152	-657
-11264	-527
8619	-931
-3404	-876
1101	-688
-14300	-396
7798	-842
10137	-841
5348	3310
-5752	6
1562	-589
-17440	388
11401	-827
10180	-667
-47	-812
-13809	759
7202	-649
537	-761
-1751	-626
-4627	-211
-863	-450
19409	2681
27206	-890
5727	-694
6774	-926
-12928	2138
-23362	2578
-4380	-517
-12209	-472
-6759	-720
14409	-748
5460	-881
18808	-951
-4506	-682
-359	-709
-6831	-650
3282	-924
-1068	-742
-2878	-317
5697	-944
3241	-871
15484	-844
3566	-848
10610	-936
-7256	-524
7680	-653
6300	-808
11239	-929
-11125	-749
7575	-251
7969	-890
-14840	-332
-14246	-394
-653	-752
10497	-876
6512	-870
-2235	657
-15362	428
-5913	-577
17683	-881
4401	-927
-4280	-792
-9741	522
2326	-861
-10261	1396
4226	-890
12386	-950
13561	-916
4148	-426
-232	-743
-14090	1211
-10737	-404
20109	-937
-4385	291
17224	-953
-2409	20687
22981	-949
3441	-840
-4554	-162
-978	-911
6095	-832
-12611	96
-100	-908
7611	-938
-3417	-729
10625	-849
2173	-790
11461	-918
5814	-460
2509	-950
3675	-697
9278	-902
21847	-938
5004	-843
9428	-365
9755	-720
-1432	-680
761	-847
-7198	-812
-517	-813
3852	-245
19308	-857
-1202	-841
-1678	-50
7139	-878
3483	-890
6959	186
16456	-905
3561	-814
2916	3306
7418	-920
-7626	-380
1141	-844
2408	-884
-12820	-50
-5807	-515
12992	-857
8061	-729
-351	-860
-8113	-666
-9083	-23
-17348	526
1601	-786
8015	-916
16612	-952
3819	-758
-15244	682
16436	-916
-12124	-483
9313	-938
17640	-888
-19727	714
2665	-879
-6887	-210
-19413	828
-6062	2956
6564	-837
12551	-887
-27720	4805
-6170	-3
2889	-902
7160	-820
-5372	-506
8879	-877
-28184	8240
5923	-909
-3587	-682
-7961	2595
-23262	1855
-1861	-797
1147	-684
-2085	343
5413	-797
5416	-915
-4669	-742
-6388	-919
-13466	-51
-11720	-627
8531	-915
-12828	931
-9192	-437
-13858	-138
-18147	278
12221	-888
6728	-933
-6473	-682
-1304	-430
1280	-790
3464	-803
-23331	12679
-3214	-758
3158	836
-8072	-224
10406	-909
15490	-737
10001	-886
-15327	-532
2236	-680
-4956	-549
10875	-746
-1195	-796
7229	-934
7234	-879
-4120	-353
7717	-869
2248	-837
-127	-426
-8665	1724
4369	-718
-4627	-688
7310	-911
4789	-887
3407	-905
11972	-951
-6910	-732
18288	-934
6308	-851
11392	-938
-6753	-523
-10621	1297
-7397	-843
-4372	-656
12621	-914
17625	-845
10054	-803
10946	-946
-1993	-815
-427	-855
961	-306
5053	-858
-13877	271
1041	-798
13492	-816
6761	-831
-2390	-756
-4991	-775
-8345	218
-7397	-224
2249	78
-2378	-649
1268	-841
3445	-876
15164	-939
16438	-99
-1790	-531
6210	-909
-10865	-410
-2996	-635
12436	-819
-2397	-767
-5221	-335
1422	-858
-1726	212
12234	-790
-2668	-610
11273	-900
-6630	-860
-3449	-288
-11362	-533
-11483	1130
-6350	-486
6492	-752
-14163	3731
7391	-880
-9315	-708
-5146	-295
8345	-873
-4471	-848
358	-718
365	-868
-1262	-842
-16071	621
15178	-910
-7206	-502
-6232	-582
-9775	-585
-7242	1029
-5644	-361
2826	-853
2640	-909
-8614	-660
-3219	-785
1426	-798
2787	-808
1475	-743
-3015	-455
-10663	-676
-10244	2632
4085	-887
2391	-926
-13742	137
3353	1627
3130	-804
11322	-949
11689	-815
735	-886
1861	-721
-6802	-545
16466	-874
-3335	-804
1637	-923
-1572	-860
-1250	377
-8983	-627
17040	-347
-3612	-893
-12345	723
-2750	-247
26	-689
-8724	-452
7414	-876
-5442	337
-4827	-527
18896	-926
-26052	932
1101	-833
-2143	774
8030	-851
20411	-838
2552	-675
-3843	-761
-7250	-580
-661	-437
-5373	-729
-10267	-383
10156	-938
8836	-668
12436	-853
3335	-896
8755	-733
2657	-929
1136	-905
-3649	-761
15958	-938
9161	-895
8884	-841
777	-719
18365	-941
-13374	-372
7606	-882
-4484	-623
7111	-753
-1175	-851
4591	-918
13068	-947
6267	-902
11717	-830
-1494	-516
211	-417
-10213	-633
-9913	77
-10454	135
-1769	-848
799	-692
-6492	3845
8038	-896
-2589	-770
6229	-778
961	-799
569	-694
-479	-276
-657	-679
-4773	763
-15724	108
6535	-783
7676	-927
135	-514
-12025	-740
-7261	-734
3564	-831
-3686	-727
8483	-815
11816	-947
-20525	1665
-11729	-590
-5384	-842
2914	-875
-13413	21
-7552	-558
4446	-869
10930	-912
-21598	323
-2261	125
22593	-924
16161	-936
-2556	-702
-11207	3266
-20898	2790
16104	-912
-19603	3250
-4554	504
15240	-923
1706	-310
7026	-592
12701	-927
12794	-801
-1927	1281
-6417	-48
-4164	-807
-752	-27
-8851	119
10136	-941
-11929	3103
-6523	-746
-4066	-514
10478	-820
-10946	107
10351	-884
1943	247
6127	-881
2794	-898
-22662	1556
1539	-577
11762	-941
3597	-844
-9776	-4
-10812	-400
-10749	-496
1638	-570
6386	-689
-27	-645
3583	-828
4539	-932
1770	-776
-1462	-772
2355	495
-3028	-662
-326	-787
14500	-940
-13925	-156
-12643	725
-1232	-819
-7700	-501
-37277	15237
9073	-782
-29637	5101
19457	-955
14411	-936
-6038	244
6290	-921
-9799	-520
-5019	-543
4964	-717
-3762	-705
-911	-826
115	-852
10367	-878
25830	-902
3539	-837
19396	-942
-17857	3097
13285	-950
-2000	443
6045	-354
-2730	-790
6425	-916
-9205	-805
-1990	-852
10575	-930
8192	-868
-2943	-850
8565	-898
6342	-779
-721	-813
12712	-866
5419	-902
-5347	-808
1881	-794
-3880	-818
-5720	-629
-1821	-521
-12926	-140
3281	-871
-8038	546
-8208	1310
-14710	170
3303	-887
11164	-907
9598	-797
723	103
19517	676
6718	-894
-10989	-209
21046	-928
-242	-807
-14809	-264
2176	-884
-2915	-488
9368	-928
-20632	833
-14639	1244
-15953	-146
-7066	-464
-4996	-485
5859	-742
-9612	-687
17497	-851
-12556	-293
-7752	-660
-4365	-228
11134	-930
7232	6743
8873	-631
-8669	-767
-1130	-805
-5135	-740
-6344	-655
15104	-860
-22004	801
14033	-722
-12248	-556
-8763	183
-5818	3
908	-840
8583	-935
-28	-636
58	-313
2069	-435
-12235	294
-13890	-206
-7504	-329
-747	-624
1699	-895
9105	-864
-5958	-714
-32964	12171
-9743	-747
6638	-897
2096	-765
-8235	-183
-736	-929
3002	-845
-5472	-866
8094	-900
-20001	1994
5654	-552
6111	-790
-11677	743
-602	-579
2756	-442
-4803	-816
-4595	-228
22933	-952
-3683	769
-23831	12034
870	-869
-6443	61
-3518	-374
-7125	-702
-7712	-558
-5724	-682
-3010	-673
4064	-936
13306	-839
13244	-815
22274	-936
-7233	1537
-5684	-239
595	-830
8680	-952
-6495	327
-13891	-309
-175	-696
601	-613
6315	-928
5000	-886
2466	-835
1916	-770
2056	-835
-7667	-665
-6367	-892
-5127	235
7897	-892
1661	-662
3543	-892
-643	-845
9047	-400
11323	-595
-5947	460
7570	-651
9717	-787
-3088	-862
2510	-612
-432	1191
6261	-916
9874	-931
-10353	436
16510	-948
8813	-844
4070	-401
8712	-915
-13326	52
6909	-887
-995	-863
13716	-947
6874	-859
7	-826
3206	-883
-969	-859
-1604	-235
2747	-534
2344	-878
24946	-934
3185	-712
-4677	-740
5015	-798
-11956	534
2621	115
-9488	-199
1762	-910
18305	-814
-4667	-754
-8487	64
4379	-888
10048	139
7797	-837
7128	-862
5834	-941
-3931	709
-6560	-405
-11203	-429
16129	-916
-1806	-805
2759	-745
-25603	24495
-14	-199
6804	-861
-3269	187
46	210
-7137	8755
7712	-591
4559	-794
-4239	-574
-4258	-584
-11940	-408
-11435	-121
6384	-731
-4464	876
8663	-798
-2982	-898
-34927	16452
-4247	-390
-16356	1514
9961	-768
-10324	-568
-14722	-390
-12089	895
-4035	-23
-1187	-469
-10620	14088
-2127	369
4423	-573
1048	-599
5294	504
-3600	-642
20097	-510
-10815	1233
-19316	739
-14059	-59
809	-545
-5014	-637
12449	-277
4273	-915
-13689	611
7913	-928
-20948	988
-4530	-858
-23771	16446
-13396	30053
-3825	-563
-5668	-508
10255	-653
1372	24
4360	-799
1534	842
-15354	-242
-6217	-175
3754	-681
-1088	-866
-39	-552
173	-463
-9691	-353
-2881	-223
10179	-917
18309	-846
-6783	-716
8829	-870
6597	-725
-2314	-809
-836	32
-14555	5
-8688	-643
4810	-910
-2749	-894
2869	-790
2173	-742
-132	276
-10125	-349
2117	-793
-4734	-649
-37	-608
20281	-916
-17107	7034
2814	-877
-646	-903
16664	-902
2930	-815
-10590	-653
10760	-941
1850	-572
-11823	525
15476	-933
-6089	-735
-19995	730
-9313	-280
2676	-902
-2276	-310
910	103
-26510	5061
191	934
-7814	662
-1282	-252
-9658	857
34	-688
-4272	-702
3617	-664
17668	-911
-23704	1640
2881	-681
9301	-862
-1237	-894
-15141	55
-12751	2224
4518	-939
-540	-350
-8506	-509
-6787	395
-17117	1259
-918	-529
2204	1199
-9169	-419
16419	-944
10209	-614
-2448	-760
-7052	385
-15181	1417
1285	-664
4812	-772
-10490	225
-7010	-711
2948	-743
408	-920
5302	-916
-8430	2239
7388	-875
-3522	-624
6047	-868
2010	-758
-9553	-388
-5569	-728
-8534	-747
7100	-880
235	-894
11129	-950
7632	-793
-7597	269
4333	-876
18892	-950
14243	-942
10401	-839
-18320	-275
5570	-763
-3248	-773
6844	-851
6551	-564
-8329	-579
114	-869
-3067	-827
-3389	-808
3131	-786
-13571	9026
-17088	805
8236	-949
-4930	-685
-3163	-598
-4692	-281
-649	-838
-6002	-657
-21150	2056
-4870	-758
7101	-944
-11733	198
-3828	-884
-6212	-448
-1978	-884
-3221	-883
3658	557
4956	-889
4331	-650
-3387	-692
-6530	-429
3012	-767
-4865	-505
-2941	-347
1810	-898
5536	-924
10603	-900
15175	-909
-5981	236
-11800	165
-4033	-480
1282	-894
5292	-854
-6237	-563
-5637	129
-9835	-615
-7030	1222
-6997	-293
1213	-774
5202	-295
-4792	-502
6780	-626
14360	-927
1657	-683
-7129	-174
-3343	-591
13113	-889
-21820	436
21821	-911
13326	-927
-1418	-632
-18134	3810
-4398	-535
-12115	16
-4832	-876
-12692	368
3809	-639
3348	-891
4937	-869
-16394	504
7219	-934
-18584	1211
-3720	-675
-12274	-138
3569	-879
-4730	-317
-1928	-415
4680	-743
20473	-951
-10964	-401
-8163	6732
-3634	-520
-2018	-840
7594	-934
-6371	705
-2983	-747
-11858	-311
14151	-948
3955	-825
-5620	-830
31699	-953
11717	-778
7403	-731
-2555	-891
15169	-950
-12989	-553
-11666	946
-1644	157
-20958	298
-5417	107
-766	-765
-10179	422
-4068	1054
13961	-838
5155	-15
-1348	-869
-3438	-889
6228	-797
14335	-954
5101	-784
7146	-600
5641	-424
1823	-560
-3259	-574
-1929	-749
9587	-927
-10744	656
-692	741
4657	-891
-4896	1891
-15887	2301
4531	-470
-12461	-169
-293	-788
-1896	-862
-2688	-164
-815	-808
5171	-922
2843	-860
-6783	-619
178	-818
-18225	1054
-9226	-756
-5472	231
1520	-766
-11073	-475
-5920	-686
-17605	196
-202	-887
-4567	-721
16152	-948
-4911	-776
-9555	-106
-5588	-665
-5911	-302
530	-833
-10176	-486
8103	-926
14364	-891
-9476	474
773	-853
1679	-898
13218	-929
17289	-568
-22254	199
4290	-912
8253	-703
-6724	-716
-52	1816
8882	-907
-127	-831
1665	-743
29455	-894
2473	-826
-3100	-515
627	-743
4497	-415
108	-852
1347	-725
20056	-924
7912	-923
1767	-435
-13044	4877
9328	-960
13003	-880
4201	-858
5429	-375
-24049	2170
-8926	-133
6542	-861
-4171	1030
-9583	-840
-2628	-462
-5870	-581
-2241	-706
14621	-947
3111	-756
20269	-944
17321	-764
-2893	-589
7290	-650
13087	-909
2730	-559
-4120	-783
-3457	-876
7736	-699
-6139	-387
12354	-881
286	-830
-3520	-902
-3644	-418
-1486	-761
2518	-822
10596	-934
4511	-607
5018	-622
-1970	-773
9669	-943
2936	-873
2929	-650
6948	-852
5138	-929
-11975	143
2361	-803
-11923	463
-3720	-301
4511	-897
10565	-928
-2298	-664
-17086	738
11748	-624
4789	-931
-8479	-72
8714	-894
5195	-814
1373	-772
3531	-833
8315	-912
-1791	-410
1583	-790
22249	-956
-7700	-606
-2524	-678
10952	-944
13702	-921
19364	-950
-11697	-329
4458	-798
11031	-51
1834	-734
-44478	68906
-24185	1641
-5043	165
1901	-694
-15349	168
7902	-927
-3742	-851
16394	4355
1765	-73
1196	-774
-11001	1187
17083	-948
-5640	-568
3460	-657
-16433	1099
-2173	-741
8953	-818
12668	-927
-49499	153785
-9864	-39
-1732	2700
9400	-871
6992	-864
13480	-934
-17392	-1
-5012	-232
8991	-756
4538	-859
7959	-884
6965	-853
4341	-884
-10115	315
-11833	-485
17325	-938
-14464	90
6322	-923
-958	-891
-9059	201
-2737	2416
10281	-636
11589	-933
3211	-692
-401	-869
5146	-810
8603	-741
5883	-801
-12091	716
3953	-876
-23271	707
2164	-888
21979	-924
15024	-922
-15661	375
-12021	972
-5780	369
12313	-940
824	-766
-3915	-570
1345	-882
7286	-908
11681	-936
9369	-936
-12502	-321
2669	-247
-19770	407
3186	-920
-1337	-824
19219	-894
-8418	-805
17094	-950
-7190	-321
10194	-940
-13114	5382
-5678	-242
2188	-879
16778	-946
-3952	-834
3690	-779
12377	-732
7663	1085
13186	-890
5861	-695
13881	-919
3053	-844
3446	-576
-5345	-563
-759	-836
1111	-765
5062	-838
-30348	3884
-1936	-567
3286	-903
13797	-915
-7517	-783
-4438	-304
751	-736
8910	-726
4485	-860
-4741	-611
12102	-855
20481	-892
8911	-861
-5893	-740
-1807	-934
-414	-706
9774	-898
5426	-747
3397	-714
16275	-934
3687	-922
1007	-623
2913	-682
-4848	-826
4028	-917
6551	-898
-5588	-747
-4643	2150
-10764	-345
1723	-738
12961	-920
-12361	-106
-9393	-641
5816	-916
-7881	-656
11004	-923
18876	-924
13842	-932
10203	-917
5087	-175
-2889	-623
-2552	-892
-4932	-459
-7913	3965
15574	-333
-10909	-590
2232	-765
708	-933
-17265	1181
-2875	-498
-5725	1124
14881	-941
-2463	-761
-25633	2827
9920	377
4768	-898
12061	-779
-10044	711
-5768	-255
-2516	3097
8548	-886
3959	-667
-32432	12404
18637	-945
-3845	-241
-2813	-864
17716	-937
-1841	-118
20588	-927
11048	-918
8538	-913
-19493	1541
-581	-898
6287	-914
2065	-827
-5106	-283
13254	-945
15580	-945
6091	-733
-15431	427
-24373	780
-5462	-777
-6985	-271
-4610	-196
-8229	-166
-1553	-818
-7994	-786
-5976	-590
-14172	557
7886	-775
-10563	-582
-18672	717
-1781	-874
1475	-727
4213	-269
-2888	5961
94	-784
4806	-907
5075	-810
3376	-891
6422	-804
-16162	2333
-2694	-776
5642	-898
-15514	864
-8718	-691
927	-141
-20001	235
-15678	-214
967	-796
105	-764
-15583	-269
2241	-884
-19291	450
-6233	-459
-3723	-761
-6855	-197
-13320	-332
6434	-909
-5041	-844
8082	-942
19655	-797
7343	-885
9189	-934
-21418	-120
11640	-930
6073	-901
39	-160
-16489	-102
-6	517
-9030	-541
-5120	-465
5801	-412
-4767	-491
-10124	-77
-21522	19095
-4161	-434
6180	-833
4059	-826
4151	-794
-5183	-870
-10501	938
3491	-806
-24202	2280
771	-832
2499	-803
25410	-953
7640	-296
-23299	43
-1276	-410
10246	-939
-6837	-848
10699	-539
2229	-833
3015	-851
6942	-808
191	-848
-3313	-117
3976	-840
-11517	2733
25	712
-19344	62
-7745	-456
23856	-880
-1469	-450
3649	-390
-11194	1567
9317	-736
-9363	183
-6774	-221
2183	-795
-15579	842
6893	-839
-2144	-276
-3571	-178
488	-620
9732	-908
-5589	-785
6544	-711
2336	-927
12427	-938
7947	-868
2655	-932
-24959	4388
-5765	-809
-9193	-653
-3851	2866
15792	-932
5163	-908
9903	-765
15221	-938
15754	-882
1588	-839
-19249	1192
2536	-912
2417	-689
16455	-953
7765	-861
18132	-943
4850	-912
-11627	-471
5339	-853
9917	-41
-3937	-899
-1634	-689
-9324	-852
-5029	-744
18662	-952
9094	-740
-217	-772
12514	-939
6994	-903
-554	-796
-5061	-400
-13226	32
18149	-949
-11256	-127
20986	-447
7738	-840
-11526	-498
10358	-887
838	-758
17383	-941
-3982	462
11547	-948
-4036	1593
19145	-924
10616	-612
699	-772
1987	-827
12672	-934
761	-825
10265	-879
794	-871
6568	-840
9052	-908
-12774	-512
4292	-870
-939	-651
6478	-726
2848	-726
2798	-902
-16100	4245
-3131	-368
-4068	-444
14298	-890
-14662	-314
12363	-889
-12255	1065
4253	-557
14748	-444
4848	-884
-1556	-776
5711	-934
-9422	-403
-16191	-131
275	-822
-4092	-894
-12837	1003
7828	-858
14163	-935
-20059	775
6332	-942
-2559	-663
13199	-900
8139	-818
9031	-819
-532	-839
-362	-858
1523	-859
-647	-761
1634	396
-733	-726
-20774	-48
14570	-817
-11566	-242
-1819	-333
11975	-902
-4423	40
499	-898
-23236	858
9368	-894
-7471	1690
12547	-624
6348	-838
2858	-696
5704	-760
-5457	-536
655	-646
-2436	-736
7111	-891
3554	-913
10750	-938
9391	-779
1615	-740
22806	-906
6153	-895
-400	-792
-3693	-750
-4530	-688
5647	-72
-8997	-222
13092	-918
15676	-895
6500	-876
22786	-913
-20646	487
15234	-945
-3527	-874
-7113	-637
11195	-791
2720	-848
3892	-862
9963	-920
-7836	-745
11710	-885
-1519	-224
-5639	-361
7885	-939
6882	-930
4947	-793
7902	-930
-9664	1616
31	-766
8287	-869
6281	-897
-8677	1984
-7110	1227
11242	-944
8562	-918
9551	-405
-4096	-572
-1951	-614
9649	-914
1972	543
4123	-153
747	-918
2722	-911
4868	-865
-6101	-186
-5548	163
5672	-879
-906	-720
-29	18
15245	-892
5821	-786
1190	-827
10262	-877
-6347	-108
9996	-398
5811	-887
10321	-753
-92	-253
2062	-912
-3800	-794
18310	-948
10157	-606
13881	-880
-8474	-761
-8006	10522
2821	-800
-2502	-674
3312	-530
-21390	1979
1544	-927
-5142	-623
-1819	-844
-11468	-641
6138	-933
-2543	-819
1709	-907
-7585	-573
-7946	-563
-8042	-418
7392	-894
5886	-676
4894	-614
-12558	1751
-2125	-761
12728	-930
1509	-905
-6625	-716
-6234	-396
4843	-906
1840	-704
9623	-888
11384	-866
-5453	295
-1584	-814
9412	-942
-1500	-896
3096	-756
-3260	-815
3528	-837
571	-815
12316	-883
1451	-844
-3663	-624
4791	-921
-1048	-820
-10677	-488
-1678	-786
13424	-900
-1536	-879
-8367	-163
-6827	135
4484	435
-14771	-354
-3744	-689
20612	-955
17882	-945
-10990	-652
2354	-633
-2767	-676
21086	-778
-1350	-653
7581	-567
4709	-839
6563	-660
-26963	11528
-5925	-479
-270	384
8795	-815
5907	-857
8353	-851
7138	-897
12448	-772
-2296	-713
-8464	-875
5147	-699
5771	1210
-20209	1743
-4427	373
17577	-919
-1848	-732
9989	-941
3325	-887
2079	-842
-875	-786
4384	-432
4917	-291
10759	-936
-5728	-734
2515	-893
-8533	-654
2688	-616
1881	-858
18644	-916
-220	-795
1452	-948
-16292	3632
-17788	1259
6100	-869
15633	-800
-16741	-205
-4809	-819
1438	-835
-9536	620
19104	-306
-1712	-765
-7683	346
5695	-497
4996	-908
-8677	-635
-4884	-611
-768	-887
4436	500
-20423	2432
-7182	-212
13564	-937
4570	-930
19160	-632
-3302	446
640	777
-26101	2885
-5567	-771
-9796	52
8896	-862
-731	-719
-5644	53
14546	-953
-9916	-113
11186	-929
7520	-875
-5680	-693
-10372	363
-10751	294
-191	-844
-546	-709
-7350	-626
2830	-916
-10698	-131
-7206	-222
-16434	1216
4078	-887
-1186	-897
-3792	-164
-4636	-416
-7488	2512
-3528	547
-12692	-484
413	-836
-1827	-846
3178	889
3572	-804
-10431	-682
-16641	356
-17464	-156
-3956	542
-5123	-402
-275	-884
2466	-822
-4157	-783
-9673	1152
-12533	-414
4030	-844
-302	54
13344	-916
-11371	-127
3085	-851
13653	-930
-1564	-680
-7242	-791
3180	-884
12652	-920
507	-658
-19482	698
-2564	-780
10569	-756
4456	-942
-696	-800
-5589	231
-3099	627
-2413	-852
9570	-907
-7434	-722
-11813	-779
-6596	-588
-4434	2506
15478	-752
-1780	-484
-3648	-673
-279	-828
1306	-685
4536	-858
-3513	-626
3915	-618
-6108	-858
14058	-959
-20412	623
-1112	7862
115	-409
-1502	-498
-13336	904
24274	-945
9546	-925
-2733	-775
-546	-910
-218	-761
940	-774
6399	-759
-29206	12171
-4460	-360
8365	-814
-5275	-656
18520	-956
-6394	-204
-2881	-15
-5196	-773
13160	-784
-4580	-495
4125	-887
-4258	-595
16150	-951
2998	-381
-2387	-336
8122	-932
-15892	174
-18518	7441
11385	-818
-10910	-455
9729	-905
17893	-883
8124	-919
-2252	-786
5546	-916
8658	-870
15011	-804
13026	-866
18549	-952
-7783	-428
4227	-863
12029	-774
-1937	-430
11647	-922
-8066	-59
48	-762
-5294	-513
6189	-706
-18923	356
8367	-938
16303	-942
-1475	26206
5298	-848
-8794	-368
-9802	-360
3240	-909
1898	-39
-8114	-266
13654	-956
5342	-946
-2078	-633
934	-844
-1673	-687
12759	-661
3739	-901
12985	19243
-1493	-549
6653	672
-1607	-692
-3090	642
-881	-848
-3828	-456
15084	-791
-5739	-814
7423	-921
-11299	474
3302	-517
8069	-913
6148	-606
-4149	-381
-3096	237
-23440	1989
11370	-941
13163	-951
933	-884
-18476	0
-11945	314
11665	-344
-23593	1541
3969	-765
17195	-951
5087	-892
-9629	1775
-6910	-689
3399	-872
1018	-342
6024	-905
7279	-906
3016	-904
7263	-884
9700	3404
8975	-829
4130	-817
4265	-470
5119	303
4592	-936
9502	-874
-5523	-746
1462	-806
-4925	-631
-9429	371
-12153	-555
24175	-957
13881	-945
-259	-759
6185	-879
-20185	563
-5453	345
-455	-812
1621	-707
-6841	-54
15931	-913
3698	-853
2752	-891
-986	-755
20465	-954
-3422	-883
-325	-859
3970	-763
-15615	10012
3873	-905
1766	-873
1303	-829
-6676	242
12396	-894
-7702	168
21127	-789
1027	-857
7236	-912
-18318	754
-6943	-555
-1155	-856
5281	-835
10188	-896
455	-489
8609	-919
-975	-307
-6482	561
-17979	139
1737	-861
-10466	-176
-17990	10068
-13700	-332
-1555	-770
-881	-552
13122	-904
-500	-653
-2300	173
9210	-350
-11918	-82
-1641	-862
4593	-909
12840	-911
9979	-905
-1497	-827
10193	-921
161	-700
-10665	-560
-17686	474
-5279	-794
-9257	265
3093	-879
823	-698
-12541	-268
8438	-937
7038	-665
-10503	225
-11847	1603
-5777	-627
1937	-800
-20119	818
-12816	-510
4729	-889
-11595	-214
12801	-951
5797	-915
20477	-946
-9826	867
15469	-916
-11385	92
518	-671
-4258	-754
-9927	-432
6133	-922
14058	-678
7824	-856
10053	-870
-13931	-462
5212	-801
3441	-900
24675	-949
12709	-920
-2927	-868
833	-430
-4347	-732
5592	-884
8490	-891
4574	-798
537	-855
-8644	2657
-2251	-497
-1372	-770
5693	-871
10643	-920
7210	-823
-15763	-280
14742	-919
4317	-924
1170	-727
10818	-952
-12859	-76
-1638	-761
10504	-869
1309	-627
-7041	114
-15752	-422
693	-691
-1065	-627
13626	-908
9693	-896
6388	-916
12549	-866
10300	-866
9736	-689
3194	-760
3517	-911
180	-748
-1615	363
2295	-870
-966	-540
1470	-462
4564	-935
8940	-788
-11021	-365
1905	-786
4737	348
-46	-879
19086	-928
-10286	-376
13454	-881
2261	-690
11919	-945
10491	-891
1034	-502
5424	-268
20171	-945
7419	-116
17476	-830
-18210	2754
7456	-920
5883	-563
-20026	3
4632	-842
10041	-815
7419	-443
-5412	-260
-16707	2496
111	-906
-5603	-526
4273	-589
-7348	-509
-6086	-706
-19608	328
9491	-938
-6995	-489
-2112	-804
7304	-716
11991	-934
-16078	7910
4351	-905
5419	-685
-4930	-623
5680	-723
-732	-165
-16044	-169
14056	-955
-9923	16037
21547	-957
16050	-940
12307	-926
-2361	-213
7765	-393
2233	-817
2540	-718
7276	-954
10819	-815
-2375	-911
21928	-940
-9129	1331
-4008	-520
-27255	3747
10387	-920
-12241	-246
407	-797
-4291	-517
-9939	-315
7838	-916
-3007	2374
-10213	-798
-5629	-494
25502	-948
-24921	3474
11484	-941
-10415	-657
-16065	-427
-15404	-147
-15903	-585
-18933	567
-15756	1224
2781	-837
2684	-541
2400	-853
-14947	1595
1521	-856
-17875	779
-2016	-789
-7686	-754
-4218	-678
-4467	-573
1667	-825
4615	-817
19168	-936
8078	-888
-470	-704
-16237	3077
12936	-957
10990	-934
1776	-764
7954	-888
-4420	-627
3040	-887
-2549	-404
-1181	-655
-8678	-343
-5845	196
-10931	-350
-3369	-664
2026	1296
8087	-934
-8545	1620
5725	-933
6286	-880
-721	-714
-10411	-563
13322	-919
-10296	-210
-850	-217
17309	-948
-11288	-568
-6072	-648
-14839	-136
-7002	-747
653	486
8969	-920
-8250	78
-279	-642
3849	-833
3245	-902
10530	-894
6393	-858
-18014	209
-2896	-497
23733	-909
-6694	-812
3673	-839
-9404	-463
11859	-636
-8492	1211
205	-417
-1314	-825
-2801	-831
-1432	93
4726	-933
2798	-690
-10178	570
-19060	2799
3056	-883
6541	-655
8448	-815
-6638	-669
5071	-924
12384	-805
7262	-953
-1965	-785
-2268	-642
4987	-860
-20660	1818
2856	4256
-5314	-795
2928	-731
-7493	-538
-3058	-880
19204	-942
4888	-675
-3581	-861
-9544	-319
22998	-896
-5141	-900
9548	-881
9774	-409
-4798	-224
9961	-891
-15861	979
-1176	-651
-9444	-718
1213	-906
-1867	-909
279	-830
-14516	39
1371	-738
1680	-767
10366	-891
-11230	784
-6923	1437
-1893	-864
10511	-921
-12446	315
2219	-559
14925	-916
-10343	-199
2516	-920
-9695	-727
18714	-898
-3965	-810
-6983	-354
12324	-909
-2021	-179
4472	-534
4164	-880
-13837	-84
-1017	-817
7161	-234
-5359	-746
-5737	-734
-12244	1749
15263	-959
7573	-769
4510	-927
-9261	-48
-8178	88
-13697	345
-27499	3735
-1401	-715
-7570	691
-7030	-642
-4659	-613
-6231	-304
-3719	-429
-11919	-601
6201	-579
12577	-873
1815	-772
108	-830
7519	-851
2716	-830
18543	-957
-13007	614
1808	-748
-16645	1307
-15464	-200
-12060	13706
5990	-788
-796	-902
946	-766
-13335	-385
-5896	-732
5876	-851
-893	60
2130	-892
6170	-866
614	-736
3176	-908
-11497	418
-5010	10702
-7962	73
-9591	-577
9492	-891
-9329	-243
-2794	353
-26900	3345
3	-881
1900	-894
-7088	-859
7783	-880
272	-304
856	-928
14975	-840
6266	-927
11603	-937
21272	-938
12328	-945
-10599	-163
822	-451
-10814	102
-19621	1323
7733	-816
15827	-812
8126	-934
6836	-784
11636	-896
7617	-572
3333	-908
5517	-912
7906	-927
2830	877
412	-499
-3488	-729
-2383	-844
2698	-811
-38058	38087
-19567	291
-16199	-95
-11161	482
2074	-702
-8688	-694
-18849	-334
4213	-875
-14059	1905
-9132	-194
-7258	-394
-1542	-606
10536	-940
-11783	41382
243	-808
-25378	6179
12166	-920
194	-198
-13749	291
1372	-857
24453	-956
8883	-887
-1233	-148
13662	-927
4419	-677
-4439	-776
9421	-755
1583	-923
13472	-886
-18432	248
-15134	4884
-10764	-682
-4161	-96
-16089	3353
-6451	-754
414	-763
7938	-845
4703	-912
-1210	-232
9358	-927
5497	317
-21957	1103
1396	-831
672	580
-436	2776
-5408	-621
-1690	-776
-3709	-819
-12766	-107
7162	-807
20980	-879
-12128	-29
-3016	2669
-5309	-325
-9927	-218
-1573	-801
-3605	17
5580	747
-6972	-861
-10464	-89
8148	-845
4825	-919
-8974	-755
10055	197
-10325	-388
3057	-858
-7485	100
-2364	-349
2091	-920
-7028	-77
-14210	-360
6739	-345
-6757	-767
-11846	132
970	-860
1466	-841
6821	-876
10127	-928
2327	-822
-1724	-776
-894	-509
-3759	-257
-6578	-487
-4481	15
1618	-876
17164	-932
-212	-732
-16832	271
2904	-895
7589	-886
-5664	-756
7633	-860
-6967	-678
-11108	-769
17021	-887
-8474	-555
-12576	-411
-15911	365
8876	-906
-12367	-494
-3981	-359
-2273	-894
-776	-877
18666	-953
18962	-952
-4520	-758
-12174	-237
10827	-799
2212	-912
2469	-750
751	-386
-12951	-245
7310	-827
-18023	377
29	-509
-203	398
214	-725
1380	-653
-17495	-2
-117	-575
-14641	1220
9522	-857
4424	-444
14865	-924
-3457	-743
16838	-876
2218	-916
3825	-722
-12886	636
14005	-948
3038	-867
15087	-930
-4402	-426
-5619	-487
11076	-687
-19423	2740
4002	-824
14498	-708
10201	-461
2906	-777
11996	-947
8341	-934
-5052	-520
11762	-825
15836	-944
5453	-901
-636	-331
735	-689
-15537	219
-13266	13
12580	-947
-648	-921
25876	-953
-5032	-505
16695	-887
9078	-804
-2360	-270
-20497	4204
7873	-559
-17034	-592
2960	-862
-5543	-257
-7654	409
-8664	-702
-13934	-561
-7402	-127
-5770	-458
435	-472
-9063	-664
-9326	746
134	-423
-4095	-603
-457	-532
1414	-892
-5971	-823
9248	-902
-6223	838
-6342	-672
-10155	-555
12533	-920
11506	-931
-9776	-703
200	-555
6706	-761
2303	-801
-6377	-26
177	-842
-5317	-269
7336	-861
4534	-879
14630	-952
-12660	-765
-140	-782
-227	-829
-11262	1584
13759	-942
3080	-927
11080	392
-6767	-391
14990	-880
2607	-866
-8973	-239
7692	-946
-6497	-137
10938	-923
-4207	-264
5894	-894
6622	-765
19061	-750
-4073	-668
10868	-893
6297	-431
2148	-492
-7756	-442
-1217	-863
-12239	118
7872	-126
20051	-930
-15521	918
-13176	459
-26275	4372
19042	-886
-5162	997
638	-859
10917	-902
-2241	-268
17280	-833
358	-826
-8418	-798
-2984	5638
11368	-924
14212	-941
11574	-806
-20175	629
6728	-930
5762	-923
10149	-923
8402	-649
-11612	-193
5034	-610
413	-904
1421	-759
-7875	81
17777	-950
1768	-769
-11854	730
-859	-794
10893	-700
2885	-896
3855	-923
4797	-636
3551	-826
3665	-609
-1917	-264
13214	-914
-7935	-390
5812	-904
8991	-907
28	-732
23596	-951
12337	-905
14278	-938
-5794	-624
-9570	5237
17432	-616
-17110	2050
-3375	-689
-4573	-672
-897	-217
3586	-577
-13732	-626
-14449	-441
-2283	-774
4172	-902
3350	-840
3537	-930
-2416	-520
-15103	-269
1537	-863
-4229	-506
11996	-910
12730	-922
-1590	-878
1539	-579
-1025	-816
8759	-899
-30393	2877
-11381	-459
-8837	-586
4380	-214
-608	-792
7500	-919
13855	-846
-17759	2656
-2378	-489
5681	-905
-3727	176
7551	-928
-1221	-826
3660	-599
2041	-485
-3068	-600
7471	1919
9328	-670
5058	-666
632	-855
3413	-912
2822	32
-9390	-698
20657	-955
-5596	-822
7397	-502
5134	-947
-5550	-741
8723	-817
7266	-940
-31326	5010
8539	-893
16115	-562
-7783	-560
-16063	1111
1999	116
-2271	-869
2438	-398
19589	-947
8597	-854
5036	-912
10729	-670
-20665	3202
11235	-853
-8132	-660
-2131	224
3614	-775
2418	-715
2849	-598
5998	-754
2262	-897
-8203	-356
8171	993
-1378	-451
-4192	-822
9093	-878
10503	-915
-819	-660
-15704	75
-7906	1352
10016	-858
-1779	-785
523	-568
12010	-779
24564	-948
6718	-776
15850	-927
3036	-844
-5111	-796
1796	-891
-10074	44
12859	-896
-14950	1942
-4470	196
-1504	-887
16391	-898
-3192	474
-34115	9779
-4327	-761
444	-802
348	-790
1048	-801
-9992	1721
1896	1219
-91	-735
11245	-445
8317	-957
-5382	-855
-3141	-249
-9751	-631
-13734	-323
2671	-868
-4286	-689
-1007	-668
-194	-758
11855	-955
7936	-831
3334	-678
-1985	-845
-778	-703
-6993	-769
10984	-937
-25092	3417
25593	-927
7504	-344
-16094	1908
9298	-912
2642	-880
11230	-940
18301	-946
8291	-926
-15813	1321
10663	-889
2294	-786
-3340	-624
1504	-852
-3905	-474
4665	-890
-7640	3073
4145	-902
7541	-921
-12585	-523
-5149	-626
11823	-911
-999	-893
2503	-841
-8460	-698
2871	-711
7564	-927
2094	-912
-4657	-595
6216	-876
-38142	17320
-1718	-577
-16383	843
-12008	-283
-9202	226
1090	-723
17322	-793
12934	-927
8322	-918
-5259	-726
10579	-394
14885	-911
4758	-752
1964	-902
4608	832
9502	-938
-13349	2193
14492	-955
-14775	831
-208	-682
1164	-193
-9580	1056
-4270	-898
3485	-906
5637	-922
-221	-250
-4391	600
-5550	-806
-79	-894
16215	-923
-4380	-758
-16345	890
85	1007
388	-724
-1920	-788
-1217	-761
2347	160
-5073	-874
16748	-931
-21	548
-2929	-808
-16755	1166
257	2736
-2676	-752
18891	-952
6591	-836
-15241	374
-12727	43
-17301	113
-514	-796
6790	-888
-3356	1130
-6502	-703
-8926	-418
4445	0
2651	277
7652	-497
11315	-929
-15701	-584
-1524	-702
476	-486
-11475	2081
3787	-840
-1724	-794
12653	-950
-4405	-823
-17462	14767
-593	-858
-1126	-758
956	4254
-15263	2103
4810	-771
-2565	-443
7427	-830
-9984	388
-1228	-737
5125	-923
-24562	1320
2386	-783
-5778	-656
8267	-927
13018	-826
-8208	-687
12834	-955
3407	-906
11068	-857
-18132	-568
8958	-898
-17084	191
7406	-855
-4826	-740
13042	-932
7006	-898
-1557	-843
2251	-812
-6965	17
2602	-791
8372	-840
12180	-889
6733	-851
-19372	2009
9020	-816
10416	-770
8238	-902
6192	-940
7240	-487
-28608	2517
-2287	-914
-5081	149
-1446	-519
12637	-937
3992	-907
-639	-778
4852	-866
-1396	-651
-12782	-384
9096	-908
3640	-858
-70	-595
9644	-819
1218	-778
907	473
2818	-836
10921	-927
-426	-887
-3224	-804
-7022	-46
9414	-883
4322	-896
-77	-695
6996	-884
-7812	-830
9903	-927
9479	-892
872	-884
-18366	1259
-9334	2197
5182	-885
-7168	-791
-6459	-608
1187	29
-568	-765
670	-472
-4687	-431
-3345	-619
-5897	-898
2659	-856
597	931
-14572	-331
-7754	-775
-12520	-523
8154	-861
7073	-858
1287	-700
10307	-923
-3658	-20
804	-338
-5534	-419
-1492	-871
12546	-937
-12464	-627
399	-764
4959	-799
-4479	-635
-2727	-679
4917	1013
8151	-923
-16678	401
6437	-383
14301	-860
-3585	153
12700	-912
-2454	-659
-12597	-40
14884	-937
-11890	34
-13983	-298
13731	-951
-7379	-779
-8541	323
-19838	3699
5826	-871
10631	-673
3083	-627
3746	-715
-2658	-550
14018	-945
-14192	25
-2646	-692
-11131	519
3678	1211
2692	-715
1176	-805
41	-859
-7338	-140
9831	-97
-2671	-305
-5995	-516
10924	-930
-10781	727
-7683	183
17331	-696
1425	-631
6777	-678
8245	-934
-1599	-866
4052	-747
-7167	-565
-17593	836
-21062	1742
3741	-912
-7882	-485
-8693	7134
10665	-837
5031	-786
22565	-901
4601	-330
-10399	1589
-1152	-621
5917	-800
5826	-895
-1434	-824
-9333	1401
3488	-844
19456	-925
10424	-933
-6502	-131
10712	-391
4926	-701
-9084	-684
3292	-879
3435	-878
356	4358
-246	-610
13978	-830
1055	-795
3388	-829
-5383	-740
7524	-864
12458	-923
8063	-885
9907	-848
7282	-797
-1628	-643
10803	-909
-2934	-547
-3229	96
5582	-747
246	-881
22892	-931
14536	-902
-84	-860
8051	-760
-4567	-250
-3548	-628
-3873	-626
8232	-754
-14094	-574
-3289	-407
-9394	-354
7477	-904
5668	-783
-1415	-901
4583	-632
-357	-457
3476	-881
-15348	1537
-27098	1087
12386	-935
-8855	-577
-4192	-693
2505	-914
2520	-663
17025	-930
-18953	7524
15191	-887
7594	-830
-18950	435
-7394	-340
-5037	-811
3363	-853
-3650	-773
-23899	1900
2161	-826
-24967	3464
-21143	5042
19454	-956
-14211	453
13691	-734
5359	-537
-21913	1072
-5117	-629
-13444	-53
6375	-936
-783	846
-149	-761
-8510	1205
5036	-912
-18072	2006
-18967	34687
16367	-944
5099	-667
-2228	-525
2119	-730
4681	-379
1857	-827
10535	-932
-4716	-871
1999	-789
-1847	-160
-5583	-573
14713	-839
14819	-912
2287	-873
3896	-629
11787	-882
7099	-884
3153	-891
3019	-851
-4345	-767
6767	-704
428	-824
-5515	-724
-9143	-6
1194	-871
7500	-921
21445	-954
-5973	-861
-4393	485
-24556	2036
1428	-619
3437	-742
1020	-743
6656	535
6520	-765
-21781	74
-4494	-733
16545	-929
-3686	-765
-3048	-830
9971	-937
-11119	-162
920	-642
23910	-920
6806	-844
13956	-917
-6082	4236
-17142	221
8156	-938
7587	-882
-690	-885
-268	-905
-706	-808
-17883	1035
-16221	1379
983	-813
12927	-815
11825	-932
5562	-885
-22438	7524
-1844	-830
-262	-550
1201	-543
-11239	-242
3536	-788
8085	-795
8188	-761
10024	-628
-1317	-851
-3707	-685
-7163	-636
3550	-543
1484	-390
-10800	-709
-8812	-794
-10188	-569
2664	-670
2204	-636
-1482	-447
-19487	8600
16520	-944
17659	-609
-2779	-883
11352	-827
-5981	489
8282	-803
730	-951
2497	488
12062	-941
288	-935
11080	-923
10449	-443
-2916	249
-16338	-44
-2984	-713
-18979	542
17432	-943
-2803	-832
11690	-921
-5275	-545
3680	-902
-19445	682
-7374	-594
12788	-839
-7139	-638
-373	-838
14315	-952
-5110	-533
8309	-881
-9944	391
-2773	-850
-12708	996
4796	-851
5938	-916
-6954	-415
-628	-902
9608	-838
-9809	171
-3951	-794
6626	-936
-766	-10
14885	-920
-9270	-270
-1036	-711
5185	-261
10828	-888
-6692	-66
-2621	-714
5823	-684
7703	-279
-7354	117
-8473	-514
4301	-700
4870	-874
5700	-892
2911	-812
-5979	-832
-16393	3371
7397	-882
8657	-926
-21702	5088
-6015	-534
6047	-926
4523	-858
-20121	1992
-7426	-318
7488	-895
-21305	1553
7138	-938
-5255	-492
-1282	-702
-8721	-534
590	-825
4964	-907
-4091	-628
4929	-520
14062	-927
-1933	-844
1083	-549
16804	-931
-8075	-396
-6939	-656
-23139	821
-6119	-883
13859	-916
5468	-629
7533	-562
14803	-945
979	-932
-1509	-827
9022	-880
21135	-646
5705	-922
729	-191
4005	-898
8750	-908
-15688	597
5845	1103
-7674	-358
-21337	-188
1272	-838
1357	-553
-342	-885
-953	-570
-2712	-908
5187	-848
6863	-675
5934	-917
13498	-916
-5416	1444
-3023	-747
-8144	1188
4787	-613
-14211	-107
-9915	-295
-1188	-761
-12736	564
-714	-836
-8390	-801
5197	-925
-2320	-685
-6073	-204
804	-718
7973	-513
6467	-874
-17060	-309
13381	-19
711	-884
-37226	12768
-25326	4825
-4646	625
-17009	344
1134	-906
-3018	-629
4025	-838
-3271	-554
-22536	2842
4389	-780
8165	-925
19833	-868
109	-899
12983	-851
20455	-955
-5185	-24
-5205	-235
-2433	-761
-11003	1708
9364	-846
5271	-757
14008	-883
-9114	-622
-9528	17
5720	-931
-8430	-456
16874	-941
-10497	25
3929	-822
6040	-771
-5518	35
-9635	218
-6503	-768
3042	-909
9232	-931
-2459	-781
2452	-606
8168	103
10363	-761
9837	-931
9343	-938
9881	-743
1939	-716
-1219	-873
12863	-908
4202	-709
21122	-924
-6582	-779
5830	741
1117	-390
6940	-871
591	-740
1705	244
7034	-820
-10064	-101
1444	1190
-12102	266
-16570	834
3950	-865
4170	-628
-3313	-632
1980	-833
13075	-571
-10191	-415
5060	-841
-9365	1618
-11469	-563
2617	-823
15855	-947
-24503	683
-12075	-776
4423	-924
5112	-592
4219	-858
-12335	-313
-26253	7420
8004	-876
-4438	-736
-6617	-707
4134	-847
-7806	390
1422	-372
-2415	-930
-14242	1660
7538	-833
19102	-920
13231	-927
-12596	-504
9805	-386
-6829	85
-1024	-912
-9651	-793
8489	-776
-216	-473
11206	-877
-3901	-828
612	-794
-12193	298
2639	-862
-2459	-419
6049	-922
6131	-804
-14096	952
-1249	-537
-8069	-552
-2457	-653
-27027	6692
-13564	560
1464	-495
18090	-865
-9221	1015
-2495	-814
-5038	79
-10552	-384
10106	-891
-4752	-736
-4297	-761
3855	-885
4499	-870
3548	-596
25090	-936
1233	-815
-9370	-605
-18348	2128
-2390	-633
-4166	-904
11647	-847
12055	-952
561	-866
-15373	-138
-10324	-306
-361	-475
-6612	-787
6801	-747
2140	-412
1494	-770
297	-802
-3060	-717
5034	-865
12291	-934
-19931	613
-1543	-551
-796	-755
4914	-879
15898	-932
-3776	-620
-4721	-862
-3712	-591
10053	-824
15354	-665
-2381	-510
-4010	-751
-371	-700
3070	-515
4615	-716
6099	-598
1902	-894
-2128	-533
9896	-831
11384	-800
3632	-887
39	-123
-1818	496
-4019	-864
-3347	-870
-7398	-286
-11824	50
-8225	-196
11942	-808
-2460	1625
4239	-703
595	-691
1434	-319
-3861	-726
9083	-927
-4839	-95
-2042	-164
1039	-892
8126	-860
8266	-903
-7785	536
-3510	-789
-11115	90
-9651	-256
-754	-835
-921	-855
537	-747
3708	-929
-2616	-772
-6638	-214
4179	-257
19595	-923
1970	-930
13269	-869
8485	-883
-13687	1157
362	-875
-20377	781
8768	-894
-2971	-682
1258	-894
-2289	-749
5166	-790
-1752	-610
3817	-412
2425	-904
18264	-945
7173	-788
7490	-881
13537	-902
-7421	-817
9645	-523
-10232	-472
-8297	-217
-9617	2585
