24037	-6414
26089	-9816
-5795	-4039
-11445	12728
29184	-12760
-7846	-8959
-11169	-10436
3307	-10448
-7203	-1187
1742	7506
-6299	-4428
20419	5886
-4267	5528
8070	5629
-3534	5900
-5797	-5719
6258	15346
-9534	-4726
-5439	6405
-1653	-4094
-7895	12999
-3664	-9384
-4100	-1818
-10967	-2279
-1933	3620
-12854	-8123
1298	16703
2342	-11546
-8259	1011
-2587	-1089
-1530	3196
-5743	14072
-5313	-17768
-4264	14022
12498	10514
1893	-9843
-13330	-7121
-3129	-25188
-4539	-13376
-6087	12780
-6624	8940
-8582	-7162
953	15160
-8698	7798
22430	12680
-9711	3245
-8874	1258
8026	722
-2041	-7397
24370	-16357
4555	4215
-9022	-5598
28367	1651
-13241	-16691
8881	-6199
5847	-15850
-6080	-1065
-8290	-12573
15290	68
1273	-5972
3694	-93
3251	21386
5097	3529
28022	-4423
-4488	2803
1784	6738
-2154	3277
-3322	15261
1484	608
-7195	11428
-7549	11463
-2055	10691
-3263	-14557
-11959	784
-6057	-3563
-7430	-247
17658	-2639
7764	-5471
-4768	4420
5562	8003
-4750	-9248
-3813	-15557
-5046	-16476
3103	-3401
1210	-6413
2719	-1537
-3798	-6816
-6980	2002
-1605	2467
-7340	-8114
-9473	-8729
-10256	-695
22823	-16676
-14930	-13166
1119	-10560
19357	-11779
-6277	8821
-7543	24573
37739	12960
-4970	4272
5943	-12681
-5843	-1609
-7202	7810
156	-12610
-4721	18659
-4870	5758
-6210	13296
-10827	4098
7398	1413
7853	9032
-7190	17156
-218	5438
1976	17684
-2606	3174
8989	3715
-903	6493
-1642	3658
1135	7780
10368	-5144
-2396	2162
-3024	-11441
-10377	-11656
207	2272
-6802	-7406
24536	-3381
-195	-3365
-4200	-960
-2248	12878
-7424	-10708
-5880	-11549
-1252	4801
4213	19244
4034	-12090
-7155	13773
9085	-6461
1727	4028
-4615	1851
-4828	11784
-10618	-7915
-4556	14057
1229	15362
-2515	-3240
-1665	8633
8762	9343
-2021	-16959
-4724	3424
-5197	-13716
-2024	5254
-1756	3603
-3326	-4784
-9289	-2671
-6628	2934
-3850	-13545
1635	-13655
-1326	2044
-4214	-11070
-10283	-7230
-9067	-5304
-7710	13907
-1036	-9800
-9057	-8548
33174	-16782
2886	-1613
-3544	2959
-5455	2758
-1396	-6785
-6502	-8269
-4395	-8451
-237	11353
-4169	-1775
-5995	9153
1651	8378
-8218	942
-4927	-7951
-4305	-11539
-4677	-6138
14596	-11959
3178	4822
-10844	-18960
3708	-7345
-3062	8655
1626	2163
-695	7079
18288	-3921
-5498	-3680
-4359	5720
-7847	-7079
178	4316
-1026	5977
17766	-2103
-10439	6603
338	-4497
-8134	-2462
-1530	1550
-9062	-3986
-13427	-5365
3362	-5027
-8836	3746
962	-14873
52510	13489
-2953	6768
-480	13602
-4423	1461
-9526	-2174
-6998	-994
-4836	-21729
-2163	4145
-6572	4842
-4393	-2965
-4225	2791
-3331	3941
4017	-3887
-5666	838
9629	-5441
10693	2356
21878	-9597
1109	8714
-5421	-12828
-4007	-2493
-5705	-22645
-1310	8017
-8035	14431
11502	15647
3405	-12763
3564	29315
-6666	-9747
1492	-20199
5089	6382
4758	2057
-6360	6985
-7528	2756
3553	-4110
-2708	7623
-2625	-14267
26609	4364
-2060	6512
-5349	12766
-3791	-698
-6188	-2334
44540	3761
-9214	-3565
-2227	-8719
1291	-13703
-4688	-151
2874	223
-1478	13312
2210	5697
12226	-4322
7290	25580
-693	8798
12413	18738
-11683	-3258
-4232	-5642
-10882	-7884
18030	8650
6128	-10122
-6245	-19198
10516	2112
3319	-4528
-2898	-11099
43070	7493
-6130	-13045
22623	10742
25946	-12875
-4520	-4729
-8128	-17179
7475	-12736
-1172	10268
-2042	-19993
2863	10590
-13190	-6414
-5828	1159
19338	10796
-7240	15595
52285	-11112
46736	-12034
-4910	-5358
-984	13181
-4461	-5319
-2209	4059
-5142	3640
-5060	8681
-9667	-9395
-4464	7564
-9070	6402
-6831	6358
2173	-7570
-3477	-612
6859	3918
-1471	-4460
-9567	5074
-6838	7475
-9221	-11505
-5773	4158
-2352	-4155
-1806	-6150
-5693	-14257
-4916	4561
-4920	-1129
606	10220
-4282	2523
1	9071
3647	6765
-8400	1473
-13708	22600
-3281	5691
35	7478
-7030	7069
1885	-2029
-11965	1983
-7891	-4297
-2937	6824
30670	13030
3182	13192
-4583	7077
-7551	8339
-2698	-2276
-3869	-4281
-9465	7193
26204	9420
14883	2094
-4717	-12423
13500	-5432
-4544	-10203
-2122	16120
-6931	-2799
-6818	4274
768	22239
-4058	1367
-5489	3310
-8007	-5420
2787	3422
2114	2098
-4506	21425
5837	-755
-5820	10608
55	13763
-4585	12244
7465	-5098
4007	805
-463	-1163
2471	1756
12967	1198
10730	-1844
-4954	6201
-6780	-10432
-6798	20167
49562	12852
20428	4935
19828	8196
-9890	-4289
-2597	-19907
13445	-4300
-2557	-2788
8821	2395
-8156	-16321
-1716	-5950
-3072	15459
-5673	10213
576	341
-3056	830
21639	-13314
-6072	-5092
21962	-3013
10929	-2465
-1784	-9589
-1211	4352
-6335	15695
2768	-5300
-7744	12475
-1333	12974
-380	-4340
-2314	17547
-6210	1124
-3437	-8924
2337	-11299
-12183	-1806
8225	4840
-11054	-8882
620	-11851
-3925	3835
-9250	-4307
-7054	-8491
26915	-11857
-9385	8322
-7580	-16004
-5667	-1353
-4709	-725
-5831	-3883
3483	-1536
5430	484
-438	-2838
450	2180
-2038	12263
161	-19302
14010	6495
-1128	9580
2947	-4475
23507	7385
-8940	4806
2102	5771
-720	4209
42641	7613
4741	-12938
-7489	5011
-8218	4789
764	-4670
7427	-1172
1125	8685
-588	-14260
-7903	-1717
15609	8606
-7389	-11850
-5210	-10553
-4095	22643
27046	-655
25138	7219
-1616	-11564
-6941	-8502
-7560	5502
2908	-9887
-2703	10512
-4534	-8254
-4843	-11734
-2007	8592
-3419	-200
12865	-5590
-4170	4060
2901	-8992
-1513	-3369
19696	5780
-2847	1626
-821	7382
3373	6559
1229	7640
-5367	11974
-5266	3935
-6564	6650
-3214	9331
11478	7020
-8205	8415
3253	24517
-5339	6100
-4416	-8940
-699	5534
14059	3737
9033	-3342
2011	7679
-3787	0
-4644	-3770
4071	-2920
-715	6090
-3906	12082
-5140	20737
1322	16681
-8008	-13707
18002	8656
-1874	456
-8322	-3352
-4378	-13282
-239	1726
-254	-1932
1463	2599
-1338	10222
-7167	660
1739	-10005
-3359	-5276
-3317	620
-884	12232
-6130	7422
-3208	10132
-2366	2720
787	8367
-5281	17211
-156	-28025
43	-16477
1197	15484
-5584	-16702
32404	15074
9234	6257
-6945	16191
-9389	6811
5866	323
-8845	1326
1005	-9214
15543	-7370
-9720	8402
9136	14860
-5724	7135
-4283	13010
-3665	13302
4994	-6566
-4593	-19231
-7165	-7871
-4052	-10243
-8923	-16245
-4575	4409
-863	458
-1661	-17761
-4518	3848
3468	23345
-6545	16965
-2666	-7966
-2377	-12519
-3792	9805
-4425	-239
-14125	-15483
-14347	-22784
-4759	-1065
4646	5349
-5782	994
-3804	8642
5091	5612
-6069	-11596
-8597	-3437
-8184	10961
-5054	-6518
3053	-6307
-3423	-4122
-9320	-86
31219	-5152
-6750	-24912
-7693	-22395
-3999	5117
-2687	4661
-3333	5048
913	-14270
6655	-14347
-5287	10737
6262	10846
136	1865
5940	18864
13794	-4437
-1331	856
-3989	5945
-4815	-7651
10655	12596
-10945	-4073
1581	-14176
-4107	12596
-8241	11356
-5839	-19818
3593	7257
-3376	6914
211	-17011
-1744	-15014
-6369	-10430
-3685	-1797
24203	3101
-13368	-15254
-8034	91
-12426	13768
-7840	15120
9279	9682
-13342	-144
8455	-13474
2902	-15390
-7176	9640
-5111	13639
9968	-980
-2583	-6336
11868	-13001
-2083	-3510
-369	3568
-7667	-14611
-11299	-9893
-1998	16328
34480	9456
-6800	2220
-444	12124
-5221	1581
7598	10113
-6396	12161
10692	8130
-2607	21758
14573	1268
23734	15690
-4059	27361
-5307	12440
-7752	-5853
-13385	-384
3249	19145
-3229	-7155
346	-4046
-711	3072
19013	415
12849	-526
3171	-1971
-2459	-2784
-4481	1695
-8625	-15189
-6894	-10966
4777	-1551
9565	3488
-4483	6884
-9555	-1715
-7042	16426
5920	7286
14881	13559
-5205	-2131
-7526	9733
-10055	-17980
-3724	12548
-3352	7260
-1235	-5236
528	17300
-3457	3123
-7485	2909
23297	5091
-9178	-5883
-3448	11313
1267	-2904
-6980	-113
-6245	-4213
1385	-1162
-4185	-29927
-1137	-957
-252	4773
-6004	-1437
-6891	-1993
-3686	19968
-8124	-8253
-4377	14542
1303	10541
4947	-5186
-6701	3235
-8748	8899
-10772	355
-3817	3678
4054	-6597
-1937	-13225
2866	-2039
-9056	-5296
-3920	1801
-599	-13231
-5262	816
-4912	1293
-1666	15377
-9729	-5757
-3502	17262
-9988	993
27158	-327
9667	-2638
17299	-3791
-8657	-13279
-7157	-12513
-7597	-8611
464	-2326
-3939	-10478
82	-11338
-7114	-9538
-9675	-6934
799	2551
-6563	6651
-2329	3450
-5216	-2543
-2885	-2808
-6998	-5214
-6283	-4888
6926	5245
-1863	-7829
-1850	-5468
28108	3036
-1723	-18185
-4027	-2121
-11537	-16736
-8181	-16189
-8654	15382
-1858	-15414
-6207	-13673
-6460	-9180
-2145	-1914
14219	-8979
202	15921
-10513	-14014
-6279	10043
-7831	-1822
-7704	-6315
535	-10754
15189	-15431
-9824	-391
232	27490
-5193	-6462
-941	-14433
23209	2000
-1324	-4601
-2237	-20738
7698	4144
-5756	5454
-4139	-13389
-4754	-2909
-5815	17601
-3187	6608
-5977	-667
4119	12661
4437	-9480
-1950	-3354
-1888	-7686
8845	641
-9847	9088
-7507	10335
9009	-1606
22565	7600
1182	6938
-9333	-3940
21857	-11468
22704	3190
-1987	-1121
-11792	3288
-11465	-7655
8179	-3033
-7510	5416
-10087	-3956
-3431	8546
-5081	-11456
18680	7828
-1598	5463
-7054	15049
7153	-20235
-7188	22865
-4059	18280
-3120	-5976
258	-3033
1647	-6590
-16132	-22284
304	-6375
543	-18252
-10456	-4940
46164	-9758
-12122	-2246
-3316	-15716
-2328	4083
6265	9352
-7142	-11757
7326	16769
-3392	2403
-2055	5816
-4512	4846
4769	9081
10964	15151
-4380	8627
-4961	16917
-5254	-5606
-5579	-10820
3996	-624
3189	-20785
-11886	15364
-2843	1968
14226	1475
-3946	1322
-3232	-20062
8397	-7125
-389	3647
16109	-1116
-60	-10565
-7366	-2040
-3026	21422
3731	-4695
4185	28783
-5989	2984
-7702	-10282
-4183	12815
-6443	-1479
-9701	4360
4066	8087
-1854	5667
-1604	454
-6504	-13309
-5286	-4687
2048	9231
-2298	-2697
-4591	-11745
-2823	478
-3691	2862
-1492	-1991
8522	-6857
-8287	-4791
-2122	-6348
-4731	6632
1623	-9795
-7052	15377
-6412	-19500
-6227	19590
-3641	494
226	-9144
1047	277
-8653	-3553
167	-5585
8667	14322
6724	19494
3831	1679
-2366	-3407
-2692	-10173
3246	-9537
-9593	5359
-8697	-1708
-3905	6265
13108	-1735
-608	-2587
127	15703
7325	-21457
-4975	-16242
-4684	-106
-3287	-1170
-7813	1042
7879	-3684
-6361	-519
-4675	-4323
-4937	-26381
-2236	3347
-4594	154
-7600	87
19960	-4052
-12552	1990
-9516	2273
197	10305
-6966	7604
-8689	-23264
-2438	-9414
2480	2922
20076	-774
18868	1735
-13040	-11705
-5465	4884
9527	-13929
-6913	8946
1661	7437
8297	-5820
-6653	-10155
-9	2678
-13240	917
-4963	5205
-9840	-12419
6662	15708
-6867	1991
2301	-4308
1945	-1221
-2062	4727
-13299	-5293
-7176	354
-8253	889
5491	836
-2047	-11552
-6878	20318
-3474	-7018
4758	-3150
-6467	-2753
-1160	2040
-3527	-9119
-2460	8997
-5873	-22902
-2101	3705
-7996	-5853
-4988	-8406
2148	6653
-2945	4396
11998	-2820
-1768	17406
-8490	-10528
-6889	14340
-3421	-22723
-1855	20144
3133	-13940
-10007	2916
-4208	2463
-6567	-6776
-2155	278
-5607	16214
11789	-2731
3949	-10033
-2038	14018
-3377	2899
-4720	-6261
11848	13412
-1704	10579
-984	-4914
12200	-9554
22313	-6916
18591	-6162
-2280	13592
8526	3873
225	7696
29273	11000
-2966	6951
-14336	-2205
-9909	3826
-10053	1031
7160	-2506
-134	-941
-1340	1113
-9667	-8806
-4872	909
-8535	-7385
767	10298
5116	1746
-3814	5747
-7083	710
-4720	4181
-995	-23
-1873	-1687
1638	4495
-13807	-3390
631	-9639
-1289	-15529
2631	20631
5500	-3274
10443	11903
10462	-2883
-3707	328
-5701	1160
37774	-805
-9643	-4936
-15366	-12206
-10871	5012
21107	19669
-8573	-15315
-1795	2423
12549	-18970
-817	-10948
32399	6210
-8820	-532
782	-7157
-6363	-15184
-7322	-16224
-5347	-1597
-3602	-5638
-219	-3171
4319	1289
-3812	7277
-2984	666
10307	-4055
-10729	-9191
-8854	17263
1065	10459
-2482	-20744
-13966	2199
-3717	11690
7076	-163
-4703	7059
-8073	4082
43688	-19945
39918	-4681
-3093	6394
-4957	-3401
1321	-11325
-7316	5128
-7299	-4107
-2114	7336
16308	-21155
-7102	10304
-1670	-239
-1445	19417
-4725	-5676
32830	-2254
-4491	3531
5660	-5543
3183	-16883
-4182	10786
-1291	-8332
4428	20946
-3159	8205
-3066	-2492
-5289	-1115
977	-9418
-3283	-1436
-13069	-10040
-2122	258
-2553	-5313
-6508	3518
-4810	-28883
-11122	-1481
815	-2411
-8941	2933
-12388	5904
-5242	1461
1024	-6664
-6630	-9639
4738	-11222
-1786	9826
-11896	-21675
-7258	-13815
2223	1831
-8678	-12363
1575	-10241
5730	-10218
-5896	3048
7750	8070
-5910	-219
-3637	-15057
-495	-2997
-1933	4168
24661	12940
-4054	-12364
-1760	-2432
-3315	-4405
-8392	-2248
5177	-19262
-7239	4080
1801	9167
6169	8282
-7354	12687
-5096	-14778
-5725	19029
589	-1153
-9084	6820
-6729	-168
1486	-1044
970	8635
-2631	2082
-2857	-9050
22794	-4825
-2517	-8275
-757	3135
-3559	5641
8135	9028
-2833	2345
-2388	-181
-9264	4240
-10493	-16691
-7145	4016
-2668	3312
-89	-2033
-11828	-8364
-9065	-5676
5951	-3892
-2643	9061
401	-6235
-4034	18778
-654	10013
10321	-1534
-3980	-152
-3667	-7612
8892	17587
16451	6835
16479	1786
-2066	-7213
4844	-13647
-3313	3853
17547	-5579
-8490	3053
27435	4973
-1151	1567
-1133	-12480
-8068	-12192
-2539	1374
6788	2369
8401	-7579
8376	4849
-4817	-16033
-9287	-16123
27638	2299
-6245	-15865
-2566	35
-3692	-17745
3840	7167
11673	-10206
-7248	1536
8686	-10311
6589	-7895
9280	-21860
-6019	9273
-2252	-9350
-3319	-3717
1658	6040
19704	15201
2760	5872
-8608	-19102
-5983	-9408
-4102	10373
-1368	17520
7309	-4348
-7240	-11481
-3166	8219
-178	4153
-4499	-15544
-4243	9076
-3139	12174
-8276	-15122
-8658	14566
-6568	-2345
-8143	-6400
3679	-7415
-1805	24126
1016	-21306
-1630	2898
20059	-4390
-8845	48
16818	4699
11987	-9171
6364	-18337
14754	22938
-6943	-8484
-7111	23403
-7808	6423
-6132	6915
3009	-1682
-5613	-11657
-3631	-8829
-4151	7527
11466	1092
1232	4035
-4817	13468
-8724	-3078
-7990	13975
-1758	-12353
-4215	809
1090	8419
-2666	-7760
-5260	-10672
-10828	-667
-7359	791
-6889	13852
-10344	-4679
7040	-6294
-862	15738
-2840	-5261
-11014	-3491
-10075	697
14045	-1323
-11758	18739
-3571	-16577
-6905	2460
-5036	18560
336	-1421
13158	-3453
3705	11151
-10181	-3527
3201	-603
2716	-16825
-9283	8774
24137	2067
-2529	26832
-7741	-2378
-6267	-7270
14212	-16865
-971	-6677
790	14601
-3817	6491
-5346	17534
4479	4214
-7611	133
-3874	6982
-8552	-6581
-1604	-2189
-1473	-9059
-8051	4488
6656	-2230
-4024	14422
3585	-4499
-471	6763
7347	3276
-5205	8065
-3714	9554
277	16281
613	3044
-3385	19614
-5704	-20482
-3929	13106
-1477	19061
5188	8024
7	16837
-9200	2621
479	1045
-4547	7960
-11078	-17799
-1385	2768
-4714	7338
-10376	8429
4803	-3593
-5146	-1368
-5512	4586
-2909	-3663
-7207	-1302
464	-2206
-3744	-12651
17406	2465
2962	-467
-2047	670
7083	-2038
-8964	775
-3174	-1371
-2281	-22863
-626	-796
-648	10175
9901	8116
-5247	2798
-2431	-3316
6973	11543
173	-9185
7406	1986
-2898	-3570
481	25184
-3912	-7166
6001	-9827
-3229	3677
-2438	-689
1993	-11815
22982	-3653
13457	-4421
-5588	-7698
926	10187
-8661	-4291
5006	5607
166	-6502
-6176	12370
-5633	2350
402	-1280
3147	-2026
-6946	10121
9657	-14753
-5859	-11811
-1243	8300
-5541	-9217
-4309	2437
-8485	-4785
-3409	12234
-5955	-9504
220	5881
29029	15111
871	3426
-4700	-3412
-9043	12501
21308	21358
-5521	8933
-7473	66
-5748	307
-6450	-346
12288	-3807
7557	12010
-316	12745
-7596	19146
2477	-4822
-15216	19996
-8161	-6809
-3977	5336
-2249	8023
-5252	-9600
18770	-2122
21820	4188
-7650	-18338
3294	2201
8688	2421
-7913	2707
4153	-1891
-5374	4235
-968	4055
-169	7578
9296	-115
8185	5655
9906	-1159
-2459	9019
-4802	12312
-6651	5344
-10537	3020
-7510	-16737
-3393	18655
-3180	-8786
-7465	12265
-3186	-3445
-6911	-11075
-1286	16857
-11468	11076
-227	-3469
360	-22839
-11391	-9142
-7411	-9293
2896	-11172
-8610	-11774
-4517	11896
-5331	-3253
11836	-6931
264	-13583
20035	4628
7566	-18642
3982	16782
-8005	-14261
11837	1285
-784	-1114
10560	5206
-11721	-51
6859	1605
-4876	19303
-335	7759
9538	-8686
-7858	-4204
46472	-5396
-1348	898
56674	-4436
-892	-777
3394	19309
12452	-9699
10459	-6201
-4267	5607
-967	-7130
6612	4241
1522	9737
-12461	8387
-3637	8716
8072	-21248
-4711	-4110
598	-4947
-9915	5381
13099	8547
6585	-9807
-1078	20129
-3397	-3239
145	3134
-7865	-1030
-4720	-9777
-5370	-3860
-8393	2332
9981	-7824
-9011	-3202
1540	8846
-4169	7220
-3373	-22586
-6661	-9868
-1769	3328
5005	-10499
-2008	-8247
-9208	11170
-1792	-11752
-8060	-1998
-186	-1509
20185	2463
-1043	-7681
-8150	10317
1114	-7380
4782	-5925
-1757	7316
26881	6099
6678	10619
-1412	6291
-6678	12499
-8815	15768
-4683	11967
-6154	-3051
16320	-11325
-11688	-4227
-8827	-10160
2332	11373
-10095	4903
-1890	-10035
-7159	14077
-8364	16315
16268	5991
2613	22688
-1981	16307
398	-11372
-4089	2638
-5425	-5784
2075	-11129
-13690	3758
-10404	4518
-4107	-14039
-18743	-1627
3240	1369
-8281	-6099
17315	-2320
-2129	22741
4478	15678
-655	-4677
-13624	10761
17595	-3162
5478	8451
-6192	-5018
-4219	11541
370	-3238
-4543	1200
10042	-765
-8993	714
-7381	-3951
-5969	-2815
15551	898
10650	-9722
-7862	-11983
-3260	7440
5771	1325
1680	12758
-2169	-7593
4904	-13390
51028	12839
-7075	-6874
-2357	2892
-3420	-15761
2917	-15854
2675	19034
-4642	15744
-4250	-1884
-8001	4696
-8115	-3940
-1781	10295
20996	13405
-3058	16062
4666	3316
-4889	-2652
-1299	3567
3800	5829
-10214	1065
4389	10021
-1286	3280
-3572	-25491
-7034	5215
-2550	-5549
-3717	-4274
5026	-8149
-5482	6611
-1593	-3228
5721	-1230
-7937	-3452
-10184	-809
6399	-11626
12743	8473
3576	-9371
-6856	-13005
-2630	-26042
9864	-3095
-1504	-10912
7796	16044
-12606	-3987
2475	-5722
-8933	5074
-9899	1729
-1242	-5043
-6526	-590
12402	461
-6574	-1613
-8532	-949
9125	2134
-3912	10928
-5054	5449
-8095	-5043
18647	-9886
-9532	16042
-1236	-17276
1539	7176
-6507	17088
885	-8597
-14314	-773
-1758	4982
-517	-5564
-9104	2657
17577	-2117
11361	9220
-850	-1985
-3727	-2117
-8432	-6706
-2683	1647
7874	18253
29181	2800
9885	-13166
112	8650
-2256	-97
-7164	-9426
419	-611
47567	-728
-1394	147
5909	4351
14572	1197
9526	-7370
-1891	5415
-7653	9022
26000	6176
-1981	-11366
13152	-13656
-2526	16980
15544	12899
-2570	8147
-5505	8016
4652	10344
2659	-7820
5081	-9818
4213	-2321
-2721	-14723
-887	-8894
-3031	23358
19190	-6450
-4430	21384
-9139	1428
-6792	-20898
-5873	-5457
-9005	-7116
-4061	-4480
28103	18236
-10300	-20946
-992	745
-1099	-2039
-2166	-12542
-3772	3063
-489	22480
-3146	3904
-1877	-4179
-10109	9945
261	5551
-5252	-5368
-3406	-9205
3693	-4852
-3055	18525
1399	-3853
5237	-10749
-3921	13586
3216	13671
-1293	-17762
4625	-6004
29206	4700
-2726	-4057
-11870	3283
-1170	-11339
-3196	-9600
-5402	870
-2823	288
510	7540
-35	3873
1631	-5911
-4660	-9891
8733	-7439
-13791	17702
21165	8293
-12202	2340
1559	-3031
-18	-6053
-5062	-13979
-5357	4789
-3500	-10458
-4600	-10136
-10246	-7377
458	-773
-8510	2237
11993	4233
17397	-10796
45129	6266
-5415	4878
2933	7870
-17710	-4220
780	-3603
-139	-10208
-7767	-15067
2351	-15188
-5346	-259
-10214	-1320
-1559	11139
-5366	13233
-5765	7998
-391	-23609
2400	-11236
46971	-3221
6774	-11145
-4353	-15952
14588	-2014
-3818	4464
-3834	30674
2813	11980
-3657	-2701
460	-5883
-1394	-7254
-9432	13977
-2960	-11704
-4443	-6075
-11044	-16133
-4719	-1923
-1811	-8836
8	-7142
-293	-10548
18	14013
-9169	-9652
-2014	-4097
-5070	4771
-5317	-11925
941	5660
-3502	9560
-6370	15636
-11188	-3748
30645	7891
1624	-2436
-5286	-8068
-6179	-13819
-4753	-3961
-10929	7426
21149	15562
-9438	-7601
4190	-12466
47903	11852
2075	-10680
-8340	5013
22681	-9222
-4184	-7479
2555	-3983
-4637	15103
3039	-1955
7683	-7953
17368	-16261
-3639	7467
4057	5742
-9051	-10207
-1037	-15006
2853	-8183
-9623	1257
-9439	-15427
-7976	-1647
-8570	-8390
-5069	4087
-7871	-649
-5545	1538
2865	4451
-5172	-10911
-7407	-13387
-479	6453
-2138	8932
7526	15505
-5557	-359
-6202	15232
16515	11265
10953	-8519
-1702	9541
21957	2600
-7119	6527
-5552	7084
2977	-4933
17500	-11992
-797	-13620
11108	-10717
11423	11318
-408	-4786
-3758	-22935
-4910	-23296
-2513	5812
-2888	3362
816	20833
28071	24582
-104	13791
-4103	-335
4954	-7896
-2986	4616
661	-1975
8786	-12053
2200	-342
-4497	2614
-204	13837
-3760	-9255
15912	-4481
15590	-3595
-5868	-4336
334	6138
-7648	2166
2453	-5253
11121	-8873
267	26736
-3152	11764
-13069	8971
361	-362
-12001	12838
-8113	26022
-5345	-5531
-4684	1734
-2974	-7973
13466	376
4699	1833
-9174	2551
-786	22901
8346	-1244
4415	-1283
43298	3867
-7732	-17979
-4759	-10198
-2312	-14411
46309	-138
4302	-1891
-5078	21493
-3882	7990
-4575	3098
-2683	2921
-7826	-5568
13391	24312
1870	-2876
-1155	-6141
2673	9324
-2705	9319
-9010	8112
11187	10590
8592	-7140
-5932	8492
-4155	-2248
-7077	-7925
-7439	8009
-897	-11795
465	-6962
-3585	-14104
-2812	-12095
-3486	4115
711	6549
21820	8840
-7248	17316
-4712	-5736
8242	450
2441	-3980
11395	-2308
2198	-15126
-3357	5610
-2395	-2594
-1107	-11978
-8400	-8973
-9717	-9226
-2971	-6721
-7194	-5531
-7035	11936
-3566	5258
4046	341
5946	-7549
4365	10600
-7725	-4346
-10895	-3550
12194	3906
8870	5849
-13001	-9371
-1525	-10721
40433	-4536
-7627	-19628
-1971	9959
-6790	-492
2256	13976
-12379	-7683
389	3978
43151	12211
-6616	-7338
2115	5484
1912	8895
-6304	2032
-5485	2641
41023	2157
-6946	14216
-12918	5088
-7172	-4827
-8031	9587
32912	432
-3617	19514
-3360	-5249
-8971	-2523
12778	-1405
-5345	-8429
2726	820
-1800	9220
-7319	1433
1023	-9615
-7729	4934
7447	-2858
-11249	-2475
-5063	6908
6124	2574
-1395	-17884
-2671	5766
10347	2018
2846	3103
-6172	-19892
1137	6926
6074	-17546
-810	-3016
-3427	-5935
-5680	-8694
-3570	-11045
-6100	-1716
15371	-6530
-5214	22
6955	-5840
-7316	-8218
16866	8877
17438	18754
3702	2830
-478	4840
10231	-5383
-6272	17799
4466	-16838
-9205	-14564
-985	3088
-3413	4038
-217	2192
-4772	10624
-8960	-1216
29016	9519
-13392	-2641
-1891	-7559
-5276	21119
-4726	11433
13241	-24831
3239	7160
-3773	-4007
-9060	12628
-6369	-3675
-15842	-4364
-1075	8569
-3734	-7394
-92	26998
13779	6013
6748	-6030
-8442	-13270
-7884	-3607
-5589	-17016
-5796	-4531
-916	2194
13384	1813
23269	-7222
-8435	-3361
-12233	13123
23614	-18583
-7019	-9245
-3755	6181
4109	9
1343	2743
-7242	4983
-5118	8561
-3207	-17092
50560	-18292
8262	-9464
-1350	1019
-7466	-3067
8624	-344
-7007	-5678
-3378	-4368
11784	-6557
-1918	-1839
