3025	-2856
-8079	-8136
3179	-13470
-3012	-18425
-59310	-3553
2296	4759
2880	5602
3180	-4450
1485	-12252
-1193	-3225
2540	7309
491	551
2297	3892
1981	3040
2443	5016
2595	-3393
3102	-12397
2797	1482
294	-16770
2720	4387
2775	5738
3234	-30194
2691	10653
2499	3175
-15667	43
2660	6313
1714	7145
1014	6007
-69776	-12346
1734	12712
3254	-30009
2940	-10145
3152	-6910
2795	-9581
2994	-8823
2674	3389
2877	6677
2500	4520
2551	-574
2359	4328
853	-4363
2632	8749
3112	-4862
2755	4671
3168	-14234
3079	-33
3007	-7369
1618	13118
2827	1952
2442	815
-3580	2587
2821	-3346
-1851	-11561
2690	4428
2991	-246
3104	871
3216	-24838
-25135	2852
2985	3037
-1120	11472
2608	-8031
403	5337
2304	-1033
2424	6188
2570	-2365
1484	13340
3235	-27500
1660	7592
3025	-15290
2759	10612
2604	3867
1088	-3874
2805	3153
2954	-6932
2896	-12281
2977	2869
3154	-1467
2619	6251
3012	-9556
812	1889
3228	-31849
2607	8084
1934	-2081
360	8155
3132	-14126
2224	15182
2701	7210
3155	-11776
1427	-4090
2903	-20125
-5584	7256
3089	-8335
1095	12961
2681	5150
2974	-8762
2376	604
3189	-20626
2383	10808
3180	-13997
1330	-4202
3042	-1753
2762	6736
2445	8086
3179	-4408
3220	-27844
1133	4492
-7430	-8669
2970	46
3063	-10052
-6715	7093
279	-2332
3124	-11606
2571	11074
1522	5038
348	12563
3016	-2359
-23984	-18078
2627	20682
2247	5009
-8192	145
3116	-7499
2739	4665
-4426	-2879
2523	78
3056	-11772
2999	-5023
2629	4012
1330	-1414
-47375	-308
-5841	15759
3098	1651
3115	-7991
2947	-15557
-430	20322
3100	-6309
2895	-609
-274	-170
3010	1687
2771	-1158
2584	494
-4296	6481
2741	1311
949	1264
2763	-5710
2853	4626
3061	-15514
2990	4636
2713	-4348
1938	1614
-847	8353
-191	1805
2930	9311
2731	935
2772	2744
3077	-4548
2936	-2892
2888	8040
3090	-1894
2669	7283
2842	3647
3026	-6677
3035	-3651
-12556	1199
2420	289
2721	-412
1958	-2656
2925	-10552
1827	16760
2828	-6555
-2433	3519
2638	2365
2760	294
3072	1395
2678	4816
2654	9101
3179	-19965
3151	-5786
-5062	523
-3211	-8021
2684	-1602
-1803	-460
2180	7292
3149	-23423
2579	2111
2860	-1228
2860	1095
-27934	4297
3098	-7121
2758	6244
2603	5606
2341	7325
1707	17812
3213	-19470
2041	7503
2481	3968
2818	3199
-27391	11843
2173	8899
2854	-458
3088	-9139
3168	-15385
3122	-6512
-61224	10307
3134	-6725
2629	7468
1910	7214
2562	-9231
3105	-7353
2970	-4304
2919	-7247
2470	10244
3111	-8374
1947	13262
2060	338
2598	7452
3177	-14866
2916	7285
2895	-4661
-19957	6447
2603	11987
1670	-1702
2451	2578
-1059	-6722
3182	-7874
2905	3525
-36857	9612
2930	-3132
3010	-278
3186	-12017
1181	11280
3213	-17685
3059	-3653
-2870	5129
-3053	6161
2958	-6130
2138	9746
2883	2891
2725	-7731
3043	-432
3010	-12294
2673	6918
2036	9187
1481	1564
2312	5498
3053	-8948
2613	5014
2457	7528
2025	-1682
2690	-1639
1936	-30751
2697	5016
2262	-3748
-2833	2151
-8102	3597
2156	7867
-1002	1692
1481	6180
3149	-13279
2923	1634
2892	-14450
2646	949
-16382	646
2740	7884
3143	-18648
1410	9535
3047	-5635
3076	-4536
-70103	10410
2978	721
2369	13087
3027	-13330
2961	-2744
859	1079
2892	138
-3133	1726
-40194	6050
2195	2870
-254	10454
2129	10825
2530	4977
2852	2422
-25869	-12871
2868	-7972
2714	3160
2387	2892
-44505	4214
2885	1986
3070	-8685
2816	-7550
3072	-13892
-65865	7544
2061	2378
3171	-16772
1958	13377
2861	-8475
3092	-3132
2511	10768
2620	3524
3198	-11573
2423	1840
3176	-25524
-5694	2230
2811	-13501
-4543	-3073
-17780	8841
2753	6739
2903	6109
2409	2989
-2312	-8722
641	12548
-5820	14558
2491	7328
-3621	13041
2791	2216
1698	5113
2223	565
3100	-7767
1957	15143
2931	-7808
3196	-17323
3211	-30299
2662	172
2978	-4884
2131	-2119
1630	1658
2293	6968
1964	6315
2754	-3583
2002	5815
2616	-13007
-6520	-3537
2075	9293
3073	-8668
-1759	5633
3024	-2018
2905	2568
2971	-7367
1509	10768
2602	-2883
2198	13752
1192	14381
2594	5390
2940	-2427
2957	-8802
-22426	8083
3054	-20966
3060	-12377
2783	4957
2688	11104
2886	-370
2208	6246
-4292	-1988
3058	-10423
3194	-9786
2266	10661
-928	5890
2991	3938
2621	9983
2965	-5452
2351	5443
2278	9169
1653	16997
3114	4802
2646	3242
2964	-7695
3077	-7590
2527	12986
2784	1958
2893	-3776
-3875	-803
3128	-6714
2944	-4021
2497	5516
-1394	3632
2797	3138
3089	-7225
1189	252
2936	-458
3058	774
2795	-619
1748	15276
3233	-31795
1841	-7247
2845	753
3032	-4133
2740	3859
-94	-6272
1316	18396
2809	8225
-11222	-2143
3021	-9418
2992	-2856
1849	13894
1733	-3313
-29645	9568
2580	10421
3013	-5031
3145	-13955
2977	3623
2938	3759
-1928	4063
-18757	15165
2607	129
-183	3849
3208	-21950
3271	-44870
-22632	11756
2926	-6212
3103	-1971
-17203	4408
2225	7553
2432	6717
2995	-4578
3004	-1464
2935	-3432
3211	-16828
2440	9339
2973	-4574
2743	8194
3084	-4920
-5442	8673
3029	-1272
198	1271
1659	-4508
-27550	11361
2593	10839
2769	5670
3103	-19060
3171	-12220
2886	3526
2046	-2530
2915	3624
2683	4375
-833	-12335
-1355	7250
-7157	2876
3091	-8899
3030	-5701
2706	2659
3207	-29218
2782	337
2614	13421
2731	2444
1853	15426
3035	-7343
2939	5525
2537	3966
3038	-6599
2753	-1449
2675	3172
2990	-20758
2907	-6087
3076	-42
2814	-4612
1949	11883
3026	1097
175	398
1222	2957
1806	3158
3137	-15871
2670	10859
3128	-4007
2870	1509
2707	3867
1770	8209
2882	4676
2774	2218
2537	14389
2579	5724
2582	-7881
2596	622
2554	1200
2741	-1468
2423	9552
2639	8978
-6134	9130
2447	-14399
2865	676
2887	5010
2600	2004
2761	-3040
3197	-27112
2337	8405
2982	-16436
2523	4036
-897	-6726
2799	1523
1927	-13449
1029	18027
1582	3127
2177	7435
2566	1701
2883	7393
2401	-1572
1689	18780
3186	-20639
3222	-20291
2930	67
2964	-164
3154	-21647
2769	4534
3066	-10937
2794	3079
-1432	4197
2823	-8752
2941	103
2958	-6696
3119	-1330
3077	650
3147	-18901
-101	1836
2601	1798
3193	-28782
3085	-1677
2961	-7533
2325	-16769
3049	2035
2546	1025
1388	4361
2955	-7142
2793	-13225
711	-20565
2835	-2542
3112	-927
2849	1541
2933	-10257
1711	4656
3118	-768
2577	-3848
897	6549
-5797	-1022
2943	-5663
2728	-4936
2574	9441
2070	-2149
2855	-3093
-3606	-1669
3057	-9134
2298	3660
2524	9789
3068	-1398
-7395	22819
2157	24443
3222	-19416
-3367	2299
1487	6982
2678	3407
2994	-17492
2053	4575
2953	-3155
2160	11884
2930	1426
2893	1850
2689	-890
2781	1965
2971	-6536
3061	-6178
2556	-4316
2336	7463
-69937	16633
-964	11335
412	8622
2524	9883
3030	131
2644	13820
2691	1300
-9521	11210
-3802	3952
595	-6897
840	6486
2719	9100
2912	-366
3003	3617
3032	-5312
3250	-40769
2617	12935
2643	3503
3165	-12891
1802	15556
2607	7607
2322	15867
2502	-7537
2880	-371
2787	9108
2798	-5623
2917	-9949
2227	4532
2659	2591
2891	7906
2537	-16247
3076	-4585
1906	7414
2729	6926
902	5926
2185	6673
2577	7649
1848	15828
1232	1015
3022	-9083
3173	-8283
2565	7099
2918	5400
2396	-5911
2980	-3014
1315	6987
107	4137
3091	-20946
2601	3338
3129	-10541
2924	7077
2467	4341
2885	-396
3199	-13398
3096	-8878
1443	11535
1105	-12431
2182	10025
3001	-782
2944	-9499
2417	5042
1676	13883
2531	8759
1758	6713
451	17764
1309	10559
2075	5129
2529	5003
2696	10308
2928	-545
-4735	-9579
2995	-10303
-36044	10591
-1442	-14844
3032	-2657
2860	360
2496	7213
-1720	-5328
3212	-26187
2423	15839
3207	-7580
2576	11971
2990	-9422
1645	6896
2453	7693
2281	-2502
2071	4744
-2673	2543
2620	-775
2814	-9555
2966	6395
-7925	7289
2675	11130
2584	-9334
2777	-6338
3039	-12385
1880	13271
-118	2532
1896	7371
1195	-5033
2792	-5183
3145	-6317
2772	8308
3170	-5237
2828	4570
3136	-13677
2906	-5291
1901	9541
951	8372
2323	16663
3077	-192
2703	10857
-18796	-3026
2215	-1965
3108	-3690
2746	5010
1863	-6182
2205	11555
2585	8751
2932	-1586
754	-2264
3060	-3437
3107	-5998
2903	-15989
2331	3185
2692	1702
-927	13519
2512	15501
2712	2663
2363	4038
2005	15274
-5505	-11550
-10055	5402
2834	16317
2854	6182
2792	435
2772	-8003
3125	-2652
2221	13360
2627	9591
2654	5890
221	71
3142	-2664
2079	7995
1777	-6104
2112	9627
2690	2122
2180	6900
3258	-21780
2769	3543
1922	10995
3135	-14352
1860	-10191
2710	10849
2287	12824
3163	-11078
2594	1239
2869	3602
3119	-1468
2098	1430
1667	6385
2855	117
2518	-2195
2621	-592
-15582	-3168
2860	-8822
2796	13444
1607	3260
2420	3603
2626	8441
3181	-11763
2964	8607
347	6681
2446	-147
2222	1519
2838	6670
3128	-4203
2895	4842
2764	9451
2741	6095
2952	7141
1717	9032
2814	-1712
2283	3850
3013	668
2315	2599
2383	-2013
2108	8926
2951	-816
2494	1906
952	5037
849	142
2940	8926
3104	-3798
-1460	14743
1972	13973
-15317	1990
3141	-5336
2301	6858
2379	9765
-5841	-6580
3074	-3908
2718	-2422
2700	8721
948	22
2725	3278
3008	-12154
2029	6933
2866	1437
2835	-8973
2907	4523
-45012	11934
102	-808
-2948	3367
2696	-2412
-59211	5583
3033	-32805
3129	-15101
2719	-859
3155	-4298
2961	-3562
2578	6395
2767	975
2797	-2389
2721	1113
-18040	-3619
2291	10222
2716	-2945
3037	-7461
2129	16490
1177	-1590
931	10320
2563	2203
2919	-4422
2682	10044
-642	20616
3143	646
2813	2163
2953	-1686
3009	-34733
2736	-3282
1915	6184
-58921	-19376
2632	3114
3232	-23451
-1029	12283
2968	9177
3127	-5350
-31659	103
3202	-21201
2437	4978
2872	-6213
-6373	1001
2470	-19834
3077	-6485
2943	-7461
2855	-4591
3080	-10586
-66642	-17965
2598	4646
2510	-2403
-1656	3948
3146	-7035
2723	5584
1856	3778
2109	9505
2884	2746
2725	-3795
2271	4910
3178	-17973
2866	11485
2691	2463
-2317	5422
2777	-7900
-18972	12610
1992	9547
-64118	-1923
3202	-16236
2261	3885
2600	11774
2658	3699
-66084	3685
2276	13149
2727	-7470
3162	-24438
2323	-6278
2977	-936
3264	-37745
1953	3884
3050	-6135
3111	-10295
2911	-5616
2758	4976
2532	325
1608	9187
1370	5697
3145	-8139
2482	-9494
2831	1610
2549	7263
1453	3520
726	2151
2832	-3078
2822	-523
565	-12881
2423	4356
1331	5260
2075	337
-574	5072
2919	644
2763	6612
1756	5513
3037	-13516
2960	774
-11598	-8973
2666	-507
2934	2650
2762	1959
3211	-21040
2818	-2175
1989	2826
-49420	-11785
-23660	-5217
2417	-2653
-820	-11171
-34466	-1005
-2982	431
-350	-13082
2686	5093
2513	3431
-7021	-2750
1	-4071
3025	1671
-22778	2830
3137	-10685
3195	-12235
2830	3295
2900	-13509
2989	3330
2103	11458
2644	7593
-1292	13053
3121	-7171
3138	-8254
3209	-29124
3208	-17339
-34540	-3738
2825	4374
2839	-1316
1710	9014
3269	-43685
3272	-48495
2925	2480
3155	-14071
2746	6338
2884	3262
924	12971
2703	16861
2686	9731
2645	-3154
1349	8434
1829	6162
2031	5935
3095	-5199
2983	1361
3068	-8037
2147	11599
1528	2145
3091	-12405
2929	-8486
1353	-6221
2568	11059
3007	3893
2373	-776
1938	3837
2297	13980
2819	5034
1856	85
2136	12039
1611	23899
2993	8269
2886	-8110
2940	1068
2945	3516
2966	-6329
2004	7509
2360	8620
2391	3260
3099	-7809
-4737	3628
2980	-4757
2950	1009
3255	-13125
3205	-21292
1688	12397
2772	3303
2774	13860
3172	-8888
2985	699
1857	10918
3218	-25437
2149	12280
2428	817
2988	-16927
2804	-845
-401	7283
-4904	1139
1603	14049
1985	6556
-723	-1632
2091	8686
2790	-9358
2578	-8424
2830	10930
2945	-3490
1670	10400
2067	16915
1351	95
2949	-2701
-35610	454
1460	8474
3074	-10588
2828	-1289
371	7654
3007	-20393
2681	578
3199	-22276
-20994	22749
-1202	11319
2983	1111
1503	6761
2903	-1469
2077	20693
910	8420
2657	1138
2608	9993
1245	19233
2913	268
2365	-4247
2221	13669
2976	4473
1770	20035
-15656	10872
601	-3080
2943	-10710
-66411	-155
114	11670
2760	1579
2550	3046
1552	5593
3178	-12474
3239	-29722
2920	6514
2781	-9771
2554	14392
2802	-5712
3207	-12373
3009	708
-18373	12099
2569	1817
2116	9672
3030	-9172
2835	-812
3153	-12633
2646	6366
-5362	9260
2634	1404
3032	-2689
1979	14662
2984	-2408
3232	-36228
2746	8216
2436	12162
-3191	10624
2919	-1629
-478	7155
2518	12368
3011	403
2312	-1455
2467	4303
2316	11860
2893	-2245
3183	-9296
3203	-20656
-10716	7972
2477	11031
2937	-669
2705	9232
2823	1767
3238	-23437
3023	1254
67	-13758
2998	-1832
-4825	5060
-67221	2149
2662	-4114
2711	268
2920	-7831
2942	-16401
1431	11497
-6200	562
1801	-9821
1704	10712
3262	-29152
-8117	-1352
2889	1295
2876	-3686
2895	-349
2554	-3764
226	15995
2921	-492
3108	-11683
2567	7463
2741	-4389
-2638	5957
-34	10457
2952	-720
2834	3792
-69682	-5137
2101	3624
3129	-13901
-37196	4508
2983	-6161
3022	-1196
2620	8243
2602	-11721
2819	460
2592	769
-14443	9017
2966	-4170
2326	10896
2883	-4586
1908	4658
2499	-15687
2654	-1650
3161	-10843
2919	-1613
12	6505
2340	3964
3016	-4675
2981	3761
2737	-8626
2846	-1977
-64686	-224
217	11354
2415	4396
2549	11497
2347	1681
1783	12113
2987	-7392
3059	128
2584	-12865
2980	-5779
2538	11302
2678	-21955
2842	2071
-2349	2685
3230	-20589
2719	5040
3189	-6458
2910	-6474
2941	-3315
3194	-14810
3100	-12547
2867	-8608
2801	818
3140	-2995
844	5856
2845	4649
222	16933
2334	1311
3161	-11699
2964	-4827
2771	3813
2806	2556
-24081	7839
2612	-867
-305	-98
2740	-8100
-5115	8387
3168	-18345
2232	-1282
1316	3353
3127	-14837
1709	15376
3082	-11799
2717	-858
2459	3256
2385	3722
-382	4835
2972	-3715
2728	3071
2802	-5048
-8384	3093
2676	6283
639	-6768
-7676	13489
2602	13876
2922	-10786
2144	-22910
3001	2706
2885	-3680
2999	-2713
2966	1602
2920	-3858
2807	-2514
-3048	17686
1984	-1686
2962	5481
2962	577
3001	-9209
1843	4064
2347	16489
-58316	-22208
2817	2826
2919	2413
2371	-9540
1008	4998
2918	-4846
2869	-2651
2775	4158
2719	5531
3211	-11602
2901	-672
2894	2003
2525	-1220
2815	-6229
-9782	8952
1267	13554
2304	14650
2758	-2004
2783	6348
3180	-18065
3194	-10235
1721	16136
3094	-8791
2930	9188
1942	7945
1820	-15174
3176	-25539
2662	-2225
2619	1644
1407	7392
-6200	11135
3083	-6397
-2201	-4344
2547	7650
2512	18656
2425	-12881
1179	3940
3009	-13147
-4240	5734
2813	9073
3269	-34378
2308	3201
1796	11937
2581	-1478
3091	-7432
3183	-13160
-2339	8645
2921	-2795
1425	4689
2859	-1329
3004	1830
1964	18404
2955	2590
1918	4091
-2563	-3083
2283	6047
2682	3405
2989	-7762
1549	-5710
2978	-3058
2316	1293
2445	6803
3114	-16223
-65034	-9606
1669	5345
3033	4187
2985	-3588
3201	-19163
2550	6825
-1694	7431
2974	-6768
2798	5445
2375	3710
2936	-6747
2911	-5161
3014	-14940
-81	-283
2802	-5659
-69974	11580
2182	169
2983	-15605
2998	-5339
2155	9751
717	6232
2608	1355
3030	-811
2949	-559
1316	17728
2632	12987
2597	3083
2137	11379
2564	4032
2357	2764
2489	347
1707	182
-5317	4215
2560	1637
2455	9077
2716	5771
1961	-10703
2435	-2760
-6461	13612
3120	-19411
1759	14420
2680	3839
1793	1243
2924	10079
1838	17904
3002	-1221
3153	-5847
2767	-2995
3074	-8716
2959	2472
2768	7769
2502	10305
3008	-9846
2373	-368
2834	-17168
2675	11768
2786	-3030
1165	-9915
-5800	-580
2590	13307
1650	7298
2739	5681
3148	-10943
-10801	4733
-6184	-7037
2565	550
3179	-9007
-44888	3129
2937	96
2214	-5584
2632	-5465
2597	-10398
2733	7092
-1307	-8636
3118	-4225
2070	11264
-5054	-2198
2596	-1410
3086	-9327
-15531	6149
960	-3134
3196	-15200
3021	1372
2615	2643
946	8787
2812	-6667
-9007	-709
2358	6882
2905	-378
2743	4563
-1009	20158
3067	-8522
2687	-2208
3203	-11868
2634	4250
3056	-751
2523	-3036
2568	6507
2597	8598
1727	15789
2865	-1054
1646	14193
2693	-9787
3107	-10986
2142	7229
-11273	18114
2234	8120
-47327	3688
2828	-5886
2991	-12468
2898	-16286
3030	-3412
3089	-20220
-2894	8557
2787	-3676
3197	-10591
2707	5957
-28049	7050
2726	-3706
3080	-4984
2603	-417
-180	12198
-8634	8772
2201	961
1551	10206
2910	5328
2698	6728
2866	13761
2409	4945
1501	10226
2391	-56
-19072	8647
2684	5528
621	-8270
2759	9420
3033	-1917
2889	1145
2899	5482
-3594	15274
-1674	12503
2799	3925
2920	-2308
3178	-13310
2702	9786
-28905	7411
2330	14644
2044	7573
3059	-4793
2898	4058
2124	3139
2392	4324
2244	-1207
-3554	-4077
2846	5667
1495	17777
2824	7032
2653	-2266
2988	-3793
2879	-7166
3084	-12491
2898	1144
3064	-9199
2300	2701
-1747	16735
2609	9833
394	7587
3217	-24420
3169	-15781
-475	4288
1889	7755
-25898	4901
3041	-11485
-33223	19973
-5834	-5539
2679	15106
3198	-17700
1862	11411
-2359	5566
2704	-13035
2948	127
2037	11718
2883	7326
3221	-18404
-973	129
2754	2801
3106	-7275
-32988	12739
2664	2234
2622	3512
3116	-13170
2315	12835
3200	-27734
2879	3609
3037	3098
-29216	9780
2588	8824
2490	11694
2813	2083
-69685	5531
3036	35
2341	5605
2859	-1590
2619	1937
3035	-2647
2182	10059
2806	829
2989	-1639
2613	3020
2484	7756
-40962	-10288
-36233	2317
3084	-906
1343	-774
3065	-15453
1618	4341
3283	-61572
2701	8743
2748	3850
2782	-6825
-309	995
1277	-3664
3128	-16461
-2288	8708
3193	-9695
1338	3051
2053	-10106
668	18476
2590	1663
65	23445
2921	-8118
2844	10972
2543	-1239
1658	4007
2834	-313
2208	-20337
2912	-6763
2381	17969
3124	-332
2776	2157
2751	-3507
-11954	-2962
2905	13331
2872	-1799
3281	-70470
1136	-15615
2928	34
2675	3692
1683	14216
3100	-5204
2725	-12004
3235	-17810
2403	1921
3061	-6642
-1677	-932
3047	4464
-44459	-11052
2219	4663
2256	12165
2957	-5384
3018	-8231
2021	8254
3062	-3248
2955	3234
1707	-5489
2972	-7476
2666	2590
2725	-1608
2021	5266
3157	-9213
2628	-4909
2804	3287
3246	-22956
2889	-11761
238	3178
2775	-8921
2216	8054
2529	5504
1371	4755
3115	-14505
3093	563
-3	2803
2580	3546
72	11631
2632	-22306
2962	3130
2514	7870
-53881	-2356
2173	6544
2580	-3542
2319	-4399
3144	-9731
2837	11271
2729	-989
2547	11287
1057	3036
3239	-25814
3117	974
2861	595
2828	5946
2873	-3295
3043	-9509
2954	-5577
2924	-644
2872	-2281
-2767	-13189
-765	9472
3111	-7100
2801	774
-830	2596
3030	5372
-1618	-3001
1568	2324
2273	2524
2934	-2409
2850	-1768
2774	2992
-3082	9114
2007	4425
-14429	-694
2790	620
2570	3919
1006	-10151
2144	983
2493	-7204
3122	-4706
2403	2467
2915	21
2805	7313
2481	7457
926	5741
2812	5641
2697	9061
2399	9307
-971	8065
2845	10000
2183	6515
-498	10401
2500	7466
-70089	-3721
1941	10466
3030	-6610
2386	9181
3206	-15075
2723	-3762
2736	9066
-19151	16613
-1104	3063
3053	-1326
3017	1496
2797	-2768
1152	8574
2529	12377
2838	-8539
1938	11693
-7205	3138
3078	-8823
2940	-5717
3073	1988
-65546	8719
2583	3444
1683	-21292
1974	7360
2855	132
3204	-45035
-60637	-1651
3167	-12928
542	-6541
3156	-6268
2674	4219
1051	-10228
2505	13241
2910	-2644
2793	5637
-1819	-16640
2811	-1174
3030	-3585
2909	-2038
2913	-6134
-2669	11000
2788	8201
2991	-1065
3165	-18016
-196	11598
3009	-6726
2570	-6509
3134	-5075
1670	11483
3176	-19163
2908	-1800
3258	-26335
2789	-231
3003	-12625
2838	788
2707	4753
2678	-2070
1784	3220
2160	7951
2941	-8454
2891	7283
2516	-4378
2720	6126
2676	4416
2749	2907
2848	8965
881	2404
-67767	12667
2982	-3773
2850	5360
-2698	2703
2706	-316
3156	-21508
2021	10302
2807	4845
2453	8683
1392	20552
2554	4015
3052	-6757
2763	-3324
2965	-8052
3261	-38452
2722	11087
2599	-148
-65806	5540
2557	2899
2937	4982
2817	5743
2841	11480
1322	7443
2836	6864
2780	-2379
2842	7063
2214	10104
3073	9721
-732	-1752
2791	9599
2706	-5445
3085	-4679
3099	-7849
2744	-2368
2646	5158
2373	6356
3021	-6958
2791	-4018
3230	-47131
683	4961
145	-760
2745	6996
2631	1403
2905	-934
2234	2481
2729	-3370
-44202	7358
3170	-15034
-1410	2426
2820	572
-51136	7623
1790	5894
2554	1731
3090	-20014
2841	-5931
3256	-22119
2719	1824
2604	7103
2459	16351
2944	-87
-22891	120
2292	-6731
458	23027
2880	685
3168	-15415
2021	-9686
2160	4145
521	13989
3157	-9573
2960	-6715
2987	-7596
-297	-2407
2075	17576
2945	-2344
2055	5445
-11657	4713
2519	11682
2718	9780
2529	6353
3002	72
2596	7909
2595	-4353
2834	-3980
2979	-12869
-4079	561
-1893	1588
2813	8017
3079	-5772
2645	-4369
2695	9189
-1029	11226
-30233	-10557
2894	-2942
2955	-7651
2827	2692
2725	7770
2781	3637
2886	4159
2777	-365
2859	4634
167	8787
1999	11625
2855	2920
2208	12342
3144	-15050
2945	1516
-7302	-698
3164	-23914
1947	15761
2689	6944
-7	10589
2064	19555
417	388
3027	2206
-10684	12832
2855	-523
2677	13331
1776	8633
3030	4077
2773	2302
1559	496
1880	-2698
2992	3945
2752	15
2966	-7416
2611	15865
2748	1440
2596	4161
2526	3668
2024	-2200
3171	-12222
2979	-1005
-1436	3851
2787	-2233
2401	7089
1924	5669
437	-381
2377	1293
-38409	11112
3180	-13907
2569	7343
2395	2250
-51885	4958
2978	-3897
1611	6773
2458	-3518
3084	-4422
2631	4073
-12231	13590
1476	-5357
1930	-6165
3056	-23388
2140	7795
2680	11492
2933	1834
2910	-3070
1893	-310
2802	2342
3176	-6838
916	21327
2906	3824
2537	-12433
3080	-12895
2842	-2064
3027	-1534
-6454	-4888
2403	6299
3053	-9417
2501	-7654
2878	698
2767	-7310
2068	10501
2610	-7337
2848	7132
-2905	12609
2930	7179
2264	5900
2824	-1181
3033	-3160
3284	-55843
-9843	4507
2938	-6468
2278	1838
2869	-2411
2410	-2122
905	2893
1364	4168
2421	-3440
3114	-14281
1916	10372
1547	-24369
3157	-18361
2439	15419
3001	-5835
2662	6049
2484	-753
2831	1268
2881	-4940
2886	3583
2474	6082
-2589	11708
2658	2582
2996	-2076
2951	-11490
2724	9253
-153	1083
2443	-883
2872	-8324
2392	7693
2269	-14911
2149	14020
3020	4734
3069	-4245
2602	3935
2640	-5587
2952	387
3094	-19916
2504	8082
3154	-27964
-3782	11950
-58	10678
-29804	9963
2564	9908
2651	1523
3086	-7989
2471	-5908
2917	253
3053	-4207
2901	1806
841	-5132
2227	7619
2710	3874
-13311	16797
1868	9494
2713	178
-7413	1922
3121	-12746
2990	-6200
2383	12957
2718	-1250
-21174	16599
2143	4930
2962	-6731
2295	4474
2642	7350
2990	-10291
3050	158
2996	-9482
2349	12702
2571	4403
3134	-26949
3007	-9268
2772	-754
3265	-42998
2827	4418
1985	20390
3176	-11818
2039	12850
2959	-1623
801	-1347
3074	-13904
2729	5707
2674	10616
3167	-22371
3071	-2706
2664	6172
2981	1483
-2491	-17581
1753	12478
2592	-874
2423	-507
3183	-12032
-29947	4497
2796	5215
-3720	13068
3009	-1715
2942	-1662
2931	4781
3013	-15744
2978	-15099
2363	11083
2214	-8217
2780	-1890
2944	-13907
2999	-9976
2744	7042
2994	220
2098	1157
2859	3538
3097	-4559
2911	4773
3044	-2293
2975	6772
1388	-1521
-2172	11927
2501	12981
2953	-11804
-8471	2677
2870	4958
2190	5035
1984	8760
-18453	5277
-69546	-3270
2844	-1166
-18596	1165
-2299	490
-18623	-3317
2910	2577
3276	-44577
2956	1894
2889	-12162
-51699	8558
1481	17083
-69193	7631
2685	9770
3221	-24038
2232	6405
3119	-14152
2469	10319
2591	125
3048	3609
2843	2187
2914	-1073
2658	13011
1666	3073
3216	-17006
-3287	-14556
2592	2823
2843	-9429
2693	-1516
3002	-8252
3109	-13841
3049	-8279
2708	-11012
2843	1395
2920	-3611
2882	-7456
-32627	9537
2777	7832
-3215	-3687
2913	-4657
1708	-2720
2701	4233
2882	3347
-614	8480
-146	4572
2863	-367
3031	-5492
-5038	-11612
2912	4869
2999	-2269
2232	8842
2747	4395
2061	3195
1067	-1972
2708	-1562
3101	-10369
3124	-12480
2997	-3034
931	3655
2950	-1429
2763	-10762
2202	-5775
2830	3497
1569	2078
2821	7212
2495	8099
2913	6506
3131	-16411
-1130	7069
2807	4616
2718	-4613
2969	5484
2754	-2828
2811	2303
2554	3281
2836	-341
2935	-2567
-64266	3248
2813	1999
2464	5601
3026	2613
2804	12444
2543	8092
3105	-8656
-20540	-10834
2609	9814
3056	-8074
1983	4959
2713	1797
3175	-15201
1442	8238
2494	11177
2025	11105
2926	1215
2932	7400
2880	-1212
2514	4041
2767	-3142
2152	13780
2420	7103
2502	12395
3225	-33086
2681	10097
2275	4839
2749	11257
2702	173
2956	-7670
3024	240
3143	-13476
2090	9048
2395	9090
2984	-11183
2934	-4059
2977	-14901
2670	4376
-5427	6592
2896	-4281
1528	-1240
2982	-1935
-19627	-4032
2839	318
2587	-10745
2922	6805
-28604	9021
1870	10605
2872	4908
2692	5237
1484	-15535
3044	-18892
2820	4241
2495	-1465
2126	3681
2939	-12753
2856	206
2433	15957
2676	7156
2960	-603
2195	10693
2633	384
3030	7518
3006	-9516
2853	-1082
-61523	4075
-17004	7912
3194	-22520
3263	-41823
2960	3708
2783	8162
2201	15254
1599	10068
2562	1566
959	585
3192	-11204
2780	-1839
-190	19429
3147	-13204
1842	15907
2436	1170
-15720	7918
2808	7048
2705	8009
2728	-1792
3033	-1264
2610	-6434
2087	297
2401	10814
2997	-5429
2256	13619
3065	-5731
2103	7886
3128	-19653
-7521	2054
-4431	18514
3078	-1320
2515	12200
2671	2006
3098	-6759
2680	-9240
1478	-6006
2552	2194
2181	-2454
-20092	-552
2872	2459
-35567	8476
-15632	-3207
2178	-5873
56	-9337
3065	-15180
1707	8776
2438	9480
3043	3885
2680	-9387
2607	3091
2259	4913
1005	-6103
2678	5277
3115	130
3029	11879
2974	-1465
2483	14230
3165	-14246
2762	830
2898	2438
1733	-14516
2264	1121
-65254	-7491
-2184	10275
2639	-3821
2537	6996
3013	-7322
2992	-8550
2120	14555
3210	-27211
1917	7319
2808	1468
2899	-4212
2961	-2379
-16247	-2909
2477	8395
1925	3427
470	-3778
3092	-6516
-3390	3638
3037	962
2606	5605
2907	-2457
814	-7007
2915	858
3043	-5655
2035	6962
2432	9066
2671	1743
2983	-2481
3206	-28491
2610	5704
-3095	1425
2823	4858
-38172	17469
3095	-4415
2104	1496
1444	17090
2279	4189
-4150	6900
2705	-8304
2803	9827
2328	6695
-534	8375
2703	7233
2733	3546
1082	1907
-1636	12779
2572	8281
2923	-2425
2165	8591
2953	-2059
-66227	10867
3178	-10433
2988	4986
2993	-4398
2756	2233
2104	5062
3064	-15403
2636	2898
2799	-3974
1032	14562
2898	451
1835	23163
947	9633
3002	1095
2537	-3083
2749	5589
1965	14527
2376	2444
1692	6530
3156	-13669
2968	-2946
2558	-2871
2612	-2874
2579	-1203
2934	2047
3194	-9593
2557	-3985
2326	10832
2913	272
1337	1302
2856	6025
2905	2760
2774	4466
2516	-3096
2973	1716
3156	-17788
366	10424
2845	9924
2436	972
2738	2318
2562	3596
2992	2
2278	-9648
1478	11030
2429	8537
3103	-9181
2532	2859
3013	2921
2993	-3514
2096	-6303
2672	3718
2179	-12834
3036	-5202
2832	-3121
1649	12305
-25753	11359
2656	5283
2238	6764
3066	-2787
3018	3377
2521	2761
-224	8542
2085	10320
3040	-15382
2786	-4884
3047	-5631
1701	-28802
2165	14333
-6946	2211
2244	3453
1097	19618
3093	-1244
2643	9130
1412	-1535
2328	4097
2820	2212
-8860	6612
1837	10331
896	1817
2056	-9647
1592	12164
2065	-10836
3039	-8198
-8688	-1993
2907	614
3018	2744
2542	7174
2915	-5338
2597	6916
3014	-2010
2843	6579
2697	3197
2551	3057
2479	6008
2675	4119
1602	1920
1659	8263
-61450	681
2531	14190
2727	8704
2553	3373
2725	3481
1154	7479
3035	-15088
2780	10152
2587	-1570
3014	-1826
-67399	-195
3213	-24206
3007	-6197
2336	11696
2999	-5441
1044	12586
3186	-31873
2295	-1613
2010	20426
3193	-32123
1989	4632
2620	4308
3000	152
2799	-4677
1587	-1690
3053	4130
2248	259
2836	-415
2246	10925
3042	-1760
-10408	8821
1973	11247
3030	-17785
2544	5926
-7359	-16590
2704	-9251
2065	16268
2908	2568
2285	-642
2739	-3904
685	8984
2797	11627
2891	-3519
2866	953
2888	2556
2551	-2861
1726	5849
3183	-25071
2723	401
2901	-1214
3002	1589
2153	4686
-405	4633
3190	-19036
2421	2013
1252	9658
2622	11226
3203	-30398
2126	5854
-586	-7070
3093	-12774
1938	464
3045	-7627
1603	-942
3037	-8799
2355	4174
2530	5341
2761	-6032
2931	-3545
2586	-31
3157	-11162
2972	-8390
3172	-21399
1387	-14040
1105	2982
2608	9810
2770	-6229
-1327	1663
3106	-2582
2295	8796
-61858	-4910
2434	3125
2617	-872
2892	-27496
3023	2652
2436	5415
2652	11907
3122	-11232
2382	-11828
2541	-3651
2808	4842
-1089	-7724
1561	15222
3027	-3095
-11000	202
2987	5226
3063	-8298
-3635	5734
1575	16223
2879	-3558
2387	4282
2107	1455
2566	13062
2314	7528
2972	6313
2702	-112
2660	-46
777	2699
2886	4251
964	-446
2937	-1113
2972	-972
-679	4675
2875	3546
2725	-4292
2715	3405
-434	7330
2384	10829
2729	-9068
2907	3179
1884	1825
2852	1097
2928	2812
2851	8370
1675	-1032
-1406	5388
3019	-6456
2402	3440
2927	-782
-19317	21817
3075	-16093
3145	-16042
2297	18375
3175	-15444
2987	-2519
3018	-2477
3024	-2112
2557	5981
57	11656
2949	-149
-5805	16515
2980	-8508
2444	7963
3175	-6535
-39787	-9339
2323	15397
2736	7793
2996	1529
2247	-1665
1637	1827
3043	-16680
3047	667
-9584	-374
3045	-1729
-53982	8005
2435	8875
2225	6058
-6412	8540
2945	-5481
-3265	7341
2501	11347
2436	481
3196	-23154
3113	-13278
2960	5738
2585	6500
3173	-21249
3135	-5862
2763	1479
3096	-9998
-18	-2577
2652	8640
-3863	2945
2646	-16901
3065	-9252
2805	744
2649	8789
2650	12056
2738	-878
-56246	7670
2741	16384
3015	-5182
2926	-3821
2687	2476
2042	-2601
2832	12630
2303	5521
-9685	9539
2631	6255
2541	4284
519	-7570
2555	1007
2997	-6057
2514	3378
-3005	4478
3158	1233
-6904	12051
3150	-24210
2992	-6075
1903	5651
2242	11303
-3394	1090
2739	6505
2683	4918
562	13232
2709	-6414
-5516	3357
-1766	-10370
-55562	5023
-2205	2985
3011	1486
2438	5883
-910	7921
574	5239
2988	2066
196	9888
-359	8578
-19137	780
1359	-4292
2449	188
3184	-7543
2611	4168
2973	-390
-39824	10582
2804	-5784
946	-454
3192	-14103
2928	2596
2647	7744
-70116	9800
3121	-21373
-14577	11799
689	-20511
2485	14008
1187	1058
3128	-1366
2144	10457
2762	9785
2365	5763
2942	657
2464	12111
2799	3472
-56579	10161
3036	-5007
3075	-10458
3092	-6764
2023	2122
1630	7057
3001	-5379
2694	13017
2417	6632
3143	-16686
2326	11142
2549	10372
2979	-13227
2988	-13008
2520	1142
2435	15325
2981	-9031
2326	6871
2803	5106
2607	-3619
2552	8301
2585	-598
1883	17157
2556	-2182
-39446	6683
2463	9316
2923	-2684
2366	6335
2743	-833
3129	-13218
2903	-527
1996	2220
-17600	7977
2901	-20848
2584	10434
3139	-6942
2765	3234
2536	-19664
3064	-6351
-3208	-16905
2816	-14848
2584	-447
2678	3531
-10121	-2820
2755	782
419	20096
585	13841
-29786	11372
1335	-5589
2593	1662
-118	588
3223	-40435
2253	1056
3235	-27057
-18988	-263
3123	-10109
2603	7019
2457	5610
3199	-20381
3050	-398
2732	2134
2052	-910
1224	4204
1359	-4778
2744	9110
2681	1754
3055	-3137
1873	-4874
2880	-779
3012	-5835
2929	697
2448	430
-2580	-6419
23	15482
-570	4747
2425	7042
-16609	-7035
2525	2526
-58421	6173
2104	5459
1905	7151
2322	102
1880	7631
3059	2710
2502	6615
3082	-13609
2634	3703
2391	9317
-49343	7207
3122	2765
1528	12263
1274	-7688
3026	-4951
1893	6839
3088	-17472
2859	31
1587	6709
1052	12467
2508	5746
3037	-420
-68262	13915
2383	9236
-28730	10845
2746	-4321
3075	-23489
2597	-11301
1748	5102
2553	2956
2370	11779
3053	-20253
2800	748
3083	-8633
3096	-8739
2302	7647
2899	153
3217	-37120
2575	9848
2930	-1066
2892	-4254
2821	7046
3029	-6159
3107	-14920
3118	-16035
3272	-39265
2988	-4025
2614	2243
2647	8336
2786	2729
-51669	2080
2183	12666
2938	1841
2640	3837
2763	-3926
2875	12225
2373	9213
3152	-4678
2434	4593
1791	-13681
3036	2656
3170	-15627
2502	1469
-1963	2833
1075	2658
3181	-7054
1450	14270
3090	788
2537	592
2798	2006
2896	2009
3140	-5691
2382	4002
2268	790
3093	-33722
-789	23769
2625	4068
3085	-11101
278	995
1098	-10960
2995	-3252
3175	-13768
2511	9451
2712	800
2822	428
2784	-2080
2914	-9163
1562	3147
2130	7950
-68079	-10886
451	3958
2869	-2301
3228	-22219
2864	505
1276	-4942
3055	-7447
1511	19251
2276	4437
2951	173
2583	4306
2689	4268
3018	-15342
2915	-1309
2903	1459
-1712	6067
2539	771
558	-8281
-3181	-14626
2901	-7087
3104	-4414
-58845	-8810
3156	-3938
2687	-1097
2884	526
903	7421
3068	-1243
2328	2983
2920	-1089
2535	9365
-642	3535
2680	-2283
3150	-16637
2420	7793
2174	16945
1493	2131
786	9969
2819	13248
3006	-11531
2203	-4356
2922	8137
3116	-2718
-4153	-2973
2999	-2902
2594	-3515
2981	-2436
-41	13092
-10547	8545
1981	-2483
-625	-9947
2438	12797
949	10888
3097	-4237
2863	7382
2884	1573
-7601	-2797
1455	-5864
-771	-7019
-43286	12466
1753	6786
2172	7038
2786	-3765
1980	-3852
2823	5033
-83	-1841
2311	3609
-1685	180
2537	1991
2521	5122
3019	-2678
2161	7029
2950	2892
2061	2745
-15998	2754
-1571	-6348
2413	14490
2997	-5070
689	5340
1848	1835
3136	-8747
2421	2927
3058	-4865
-27952	-4527
3082	-6685
2220	-16944
2678	-1364
-19318	-1308
-1349	13175
2239	7563
3007	-2451
-1336	9579
-41149	-697
2139	16480
3111	-5186
2654	-6543
-430	-5174
2279	6025
-6409	7251
2264	857
2624	10721
2177	5013
-16146	-6787
2044	-9317
3112	-9243
-3743	16182
2585	1236
-48815	14415
2696	2565
2904	4513
2760	-2182
2447	507
2920	-8140
3158	-11543
1601	12577
-336	-5484
3000	-99
2656	-7027
3211	-24824
2716	14796
1033	16858
2688	7406
3261	-33152
-18519	5928
1847	12458
3043	-14589
1326	6822
3060	-10954
2386	-3511
2811	-3488
2289	4587
3006	-4083
-5540	4939
2116	16021
2691	3792
2824	-2208
2000	10552
3201	-13966
2856	-3672
2243	2331
-29559	2183
1099	-9261
2725	-3906
3002	-7007
1116	9820
-6418	6766
3248	-31331
2149	12137
3035	1016
3067	-9480
2176	8689
2212	9491
2892	4224
1467	17154
3070	-6591
3230	-23998
982	11891
2976	3898
3006	-10842
3196	-17296
2995	-10412
2609	12901
3067	-11483
3134	-3349
3009	-3253
2824	-4012
2958	5603
2738	16057
2654	-9132
2854	5947
2443	5393
2853	6563
2996	-15588
2898	-6489
2921	6134
2866	-4851
1429	11102
3239	-33272
2966	-825
3066	-3395
3210	-8183
-5501	15884
2970	4484
2345	2952
3053	-14753
2723	-4498
2607	7877
964	-807
2700	7666
2580	-2833
2766	-3776
2795	-4907
2836	-5089
2658	396
2766	9159
1875	4038
2581	9178
658	15613
2755	-12207
3080	12672
2936	-844
2459	876
3058	-2721
2833	2661
2607	1294
2789	-10024
2835	4798
2530	1247
3056	-2970
2591	-1663
1998	13964
3133	-5154
2843	-2114
2452	8656
2927	-1483
3188	-15351
2641	4966
-9797	4351
2892	7523
-8731	291
2928	-2051
258	-27023
2819	7099
1804	2766
2849	5730
2138	14072
-4978	9699
2634	-3755
2797	7836
2147	9443
1109	-9653
2675	-1488
2966	11955
2076	8771
1993	-2780
3076	-5905
2767	-2961
1665	9424
2926	-6515
2174	15857
2160	7470
2922	-9754
2849	2118
2747	-1661
2688	-831
2769	7911
2967	-5947
2308	8346
2842	-1785
3131	-10915
2961	-3406
2639	6409
2932	6418
2365	5142
2110	4050
2888	-9112
2762	10010
2645	-2988
2473	7750
-3941	-7623
1742	19690
1059	13224
2755	4694
1760	3781
2785	2044
3114	-4333
-6196	8702
2349	6432
2829	5939
2607	9763
-14450	1787
2374	14021
2285	2206
2886	-18270
2778	4938
2935	3480
1486	6947
469	4201
2707	52
2985	-8515
1684	-2759
1545	9851
-755	15800
3062	-2343
153	7902
579	11734
3051	106
3080	-9038
-497	-129
2854	-6790
3055	-2178
2744	666
2473	2758
2925	2928
2948	-4293
2698	6655
-15955	6441
3033	1601
3004	-9677
2981	-354
2595	12976
3162	-3801
2312	16827
2500	5388
2675	7178
3067	-2920
-44810	930
3141	872
2006	7756
2356	-8504
3084	-8881
-2124	-3043
3185	-21131
2886	-2760
3161	-6155
-33958	13716
3144	-7723
-14169	16876
312	-5424
-62627	-1088
2307	8900
1567	15037
2699	877
-4285	20587
3046	6350
2990	4167
3126	-9148
2960	1975
2637	-338
2942	4672
2794	-2843
2960	-2352
-46937	3993
-583	-30871
2820	8192
2936	7586
2844	-2639
3045	-6674
2265	-2484
1841	9988
3014	-3894
-554	2695
2420	902
2613	-864
2893	-887
2949	2382
3093	-7036
-1360	-4617
2958	-5530
1901	-5220
2900	1844
-2467	7733
3162	-8657
2851	-13839
2179	1062
-307	20026
3198	-18578
3017	1303
2725	-5010
3127	-7590
1589	16707
3160	-16008
2691	5986
2552	-1170
-2617	864
3160	-16639
3041	-14830
2983	6013
1217	9920
2197	13283
2686	291
2884	-6620
3097	-3888
2101	8129
2950	-1047
3107	-17064
2869	14223
2888	583
-5842	2528
1908	15031
3115	-10520
2339	4753
2552	2613
2283	4703
2733	6620
1803	1488
2123	8823
2625	-9385
2818	10383
2947	-3203
2473	-2049
3097	-9807
3053	2011
2950	-12956
2997	-8828
1611	-1864
3017	-2214
3254	-24049
-5318	2939
2689	9949
-81	-4826
-69952	11438
2223	7955
2693	10325
3071	-4381
2947	2776
2396	7626
2161	4012
-14410	6998
2155	3138
3185	-21983
3090	-2040
2861	5848
-51224	7388
2762	7567
2729	2445
2134	-11349
-1046	862
2787	2993
-16647	14092
2118	-7327
3006	-7255
3017	-13819
2478	11252
2604	6585
2305	5785
1180	-918
3241	-31549
-16157	8947
2270	17506
2858	-2773
950	15056
3142	-12124
-27415	13129
2999	3033
2375	12901
2591	5644
557	7658
2712	-1713
676	8540
2845	1023
2844	10375
2614	10274
-1094	5416
2771	11983
2371	2122
3277	-44705
2808	6710
2110	14158
2526	-5200
2725	2486
3048	-9525
3168	-11538
3118	1740
2484	6326
2492	-1214
3176	-18982
2365	8601
2925	-11331
2527	4033
1696	17281
2765	-1945
-1143	11566
2558	5373
2979	-9143
-5609	10227
3129	-11809
2935	-6938
-24462	10827
1992	420
2447	3890
358	2523
3180	-28118
3081	-11727
1169	5919
2489	8525
2546	12590
3232	-23817
2460	1742
2611	-539
2746	-117
2326	6064
2522	3781
2285	-3691
-8973	15871
-237	3078
2849	-884
2796	-479
2917	1717
2844	-1368
2939	39
2797	-1285
2498	7757
2910	3243
2911	-2580
2925	6419
3039	-938
3024	2819
2411	14860
2165	1634
-595	-10932
2359	-2493
-1494	6171
-238	4742
-1982	-3198
1215	19423
2710	6565
2726	-3273
3098	-2595
2329	466
2219	7371
2539	61
-33171	386
3044	-435
2874	-7895
2957	-22701
-68900	7261
3007	-7393
2711	4129
-432	-1818
3163	-10909
3261	-37164
3223	-33974
2255	3758
2700	-4570
-215	-1131
2808	-9572
2653	9094
2614	3978
2759	-1995
2302	-1077
2836	6250
2802	11053
3040	-2607
3057	3561
2840	-8020
-80	6260
1857	10584
2852	-11096
2758	6164
-17143	3714
2233	-14903
-29873	5110
2464	-4506
2566	7848
1515	2764
1894	10450
3168	-19878
2883	-4175
2983	2284
2202	9604
3001	-7027
3190	-13101
3072	-10077
1795	2174
3151	-5589
3065	-8194
2512	16830
3072	-7915
3234	-18373
3188	-24650
2932	-428
2346	9699
3038	-21595
-18129	9388
2625	-2167
2122	17374
2975	-3384
1194	19906
2807	4976
2273	795
2934	1426
2791	125
-247	13813
3105	-18390
2476	7255
3112	-14880
2595	8896
-31926	-7319
3272	-33835
-4559	5826
2671	6842
2763	8448
1962	13542
2852	-10246
2731	5714
2615	-20093
2954	-6477
2674	-2353
2111	13503
3023	-16142
1884	8437
2579	20163
2684	2804
2601	-5133
-698	-11028
3046	-1109
2277	11698
2537	3977
2642	-4694
1918	-60
3126	-10555
2761	-4718
2782	-3596
3093	-4407
2766	-2192
3020	-21094
2832	5088
-184	-20552
3115	-8852
3221	-24134
3096	-15550
2249	8902
3082	258
2755	6360
368	1785
-1431	-2112
2410	1225
-21616	-2902
2293	-1528
2806	-2985
1311	1349
-116	-2014
3024	964
2599	5335
2156	9485
2755	-3472
2182	16984
1838	-12764
107	2985
2836	-3644
-67619	10182
2959	-6012
599	6702
-70081	14621
2525	5622
2955	-5942
-2808	15417
1507	10358
2335	5109
2087	8926
3009	1600
559	-23847
2714	10348
3001	-14931
2214	14521
2567	-3134
896	-964
2670	6889
3179	-17470
3007	-3459
2899	-6072
-64078	-5241
1001	4731
3128	-3402
-3275	4397
2106	-4371
2674	6409
2809	445
-196	20097
2364	-791
2795	9573
2624	923
2529	5642
-288	424
3088	-13885
2944	3683
2858	6544
2275	7269
1923	16232
2903	4429
2650	8868
3051	-20705
2030	-5222
2392	5561
3053	-1114
964	-2993
2868	-134
2611	7246
3047	6586
3087	-6668
2958	-6932
3001	-16130
2105	-1901
2918	-10072
2883	1157
3177	-28346
3134	-54126
-643	-14317
2902	4437
-12025	9379
-2853	-396
2771	8378
2836	3205
-102	-13274
2072	18987
3241	-36432
1506	14772
2033	-3229
2829	-444
2257	2532
