17643	4
6495	4
11031	3
-1904	2
-17164	3
111	4
1633	4
12967	4
7791	2
1341	2
6893	3
-20569	3
-9277	3
-16888	3
7190	4
8174	4
1853	4
871	4
1378	3
4214	2
28484	3
-24246	4
3685	2
12728	2
15313	2
17537	4
5117	4
-8092	4
637	3
-3574	3
-5312	4
5881	2
-7050	3
-363	4
6255	2
-7009	4
-8467	3
730	4
504	3
3829	3
4035	4
2992	3
6698	4
19630	3
2584	4
-9042	4
7725	2
4986	4
6491	4
2075	3
-2020	4
2010	3
945	2
1390	3
-19899	4
1281	3
5778	4
11066	3
5610	4
-15559	4
3645	2
-2396	3
-16733	2
12727	2
1574	3
-959	4
14748	4
7361	3
-8657	3
-10732	3
4277	3
-2825	2
2173	3
199	4
9324	3
14841	4
-2240	4
-9290	4
8342	4
18551	4
1202	3
-10940	4
6050	4
15276	3
-4416	3
10678	2
962	4
1791	3
-6362	4
5187	3
-9872	4
6213	3
4085	4
9659	3
12148	3
-10376	3
11475	3
18488	3
-9868	4
-21716	3
3693	4
-4117	4
9538	3
12431	3
-1538	4
-7974	2
-5711	3
-20063	4
11832	4
3310	3
12582	3
2470	4
232	4
-12726	3
7053	4
10235	2
3818	4
17861	2
13982	4
16407	1
11480	2
-6110	4
10196	4
-612	4
-8467	4
26534	3
9518	3
6945	3
12910	4
971	4
-8001	4
2383	3
4039	2
18255	4
-13680	2
-10517	4
8226	1
-4528	4
-889	3
25	3
2956	3
-902	2
2577	2
3414	2
12368	4
-8774	2
1424	3
-1308	3
11205	4
-15542	3
2436	4
-387	3
11380	3
16317	2
7378	4
-13790	2
-5165	3
18817	1
8121	2
3137	2
-12352	4
-598	3
5290	4
-8048	3
14522	3
-3141	3
7059	4
17115	4
5715	3
-4268	3
7335	3
-795	3
89	4
-23534	4
-291	3
-21747	3
-3992	4
-12815	3
-2272	4
-28010	3
8691	4
-5128	3
-14061	4
-5972	4
4049	2
-1806	4
-12041	3
5213	4
9125	3
7320	1
-14046	3
-15980	3
-3209	4
-2213	4
2122	3
2458	4
6183	3
-1797	4
12170	3
-1968	2
-7942	4
181	3
22112	3
-4279	3
-594	4
-5988	4
21484	3
14171	4
5148	2
-9834	3
11079	4
2723	3
-6814	4
-22284	4
14829	4
10641	4
1770	4
1349	4
145	3
8251	2
-7308	4
11889	4
11306	3
13216	4
1406	4
-589	4
-8394	4
6191	3
8700	4
-15322	4
6359	4
530	3
-17593	3
1505	4
11293	4
307	4
-6035	4
-21400	3
-10801	4
13435	3
11101	3
5119	4
-9936	3
3102	4
-847	4
17424	4
-28	3
3963	4
5970	4
-4850	3
7523	4
12973	2
14518	4
-15918	3
2822	2
1975	3
-295	4
17354	4
5002	4
-28541	3
936	4
7995	4
5823	4
-4904	2
-12008	4
3365	4
-254	4
843	3
3247	1
-12649	3
7946	4
-12937	4
1489	4
-19088	3
-8243	3
-4696	2
-2061	4
-9774	4
1278	4
4420	4
-7233	4
886	4
-1964	2
14519	3
2360	4
1287	3
-8887	3
-10227	4
-12063	3
4872	4
-1542	4
-8132	4
-2594	4
-8240	3
2165	4
5870	3
-5500	3
-9660	4
5610	3
-5370	4
1403	2
-5793	4
-16647	3
2618	4
7762	4
2533	4
5929	4
18	4
5093	4
6143	4
-252	2
9613	3
1695	3
21133	3
2746	3
-2770	2
-13705	3
-17290	4
-6477	2
1328	3
-14021	4
4764	2
-4190	3
15285	3
7577	1
2159	3
22905	4
13238	3
-5065	4
8803	2
-11393	4
8163	2
12520	1
8986	4
3098	4
9569	4
5549	4
-6574	3
5260	4
14028	2
20655	4
8224	3
-4226	4
-17306	3
8947	4
5512	3
9792	3
3354	3
-10774	2
-7333	4
-3175	4
415	4
-4352	4
-5267	3
-3365	3
-16344	2
-457	3
2763	3
5897	3
398	3
-737	3
-9018	3
306	4
-4873	4
-4193	3
-4448	4
4843	3
6174	4
-11987	4
-10362	4
-5145	4
4941	3
1152	3
-8633	4
8316	3
-21686	4
3457	4
5135	3
1531	3
-7436	3
7887	4
-4168	2
12374	2
-5687	4
6375	2
7891	3
-6081	4
3412	4
3213	4
15959	2
-540	3
-4199	4
-14452	3
14487	4
-12164	3
-18095	3
6640	3
-10865	3
-10586	4
-3621	4
-9669	3
5653	4
-11431	3
15830	4
10656	3
5164	4
-4278	3
13793	4
25476	4
15622	3
2867	4
12105	3
13560	3
-9553	2
8930	2
-662	4
9773	2
-6143	4
5539	4
-4664	4
-18781	3
-239	4
4797	3
470	3
9385	3
-872	1
-695	4
2063	4
13458	4
6804	4
2068	3
-311	4
1663	3
6431	2
-4639	3
-494	4
8257	1
12248	2
3327	4
-10427	4
-2056	4
4670	3
10469	4
21009	4
17608	4
-10687	2
4246	2
-2983	3
7663	4
4007	3
21895	4
948	3
7980	4
12696	4
547	4
2210	4
-5727	3
-11530	3
1318	4
-8818	4
-10742	4
7080	3
-1622	3
2847	4
-19452	3
6424	2
-1624	3
1464	4
-15562	3
12665	2
-6395	3
421	3
3284	4
2592	4
-2802	3
7998	4
-3451	4
4521	3
-5371	3
-2380	4
-15128	3
-552	4
7281	2
-17704	4
7213	4
19309	4
9129	4
-1310	3
8415	3
4708	3
-11553	4
3873	4
3842	2
12429	4
-8117	4
-58	4
-9725	4
-16665	3
26239	2
7668	4
-1134	2
-4774	4
-17164	3
5856	4
14946	4
-3094	4
-6889	3
11913	4
6287	2
4159	3
-10740	4
-1382	4
840	4
-6070	2
1528	3
-5881	3
-8451	3
12853	3
-10580	2
-12087	3
4334	4
11054	3
6483	4
3575	1
21648	3
10586	3
2502	3
1158	4
14832	4
-1263	3
-4355	4
10535	3
2202	4
-437	4
-1346	3
12246	4
-12435	4
5846	4
3122	3
436	4
7668	4
1444	3
9433	3
-2114	4
-13111	3
-9324	4
2395	4
-7052	4
10089	4
7197	3
4706	3
-5355	4
-12406	3
-4033	3
-6214	4
254	4
8886	4
2603	3
-1444	3
-17177	3
3455	4
-6475	4
-6936	4
10794	3
3002	3
-9968	3
-8405	4
4535	2
-5337	4
2716	2
2288	3
6182	4
1287	4
-13362	4
15460	2
859	4
-3661	4
-878	3
13914	3
-1143	4
-5895	3
-9830	3
11327	4
-5447	4
8554	4
3806	3
-7968	4
523	4
2237	4
-1399	4
-1232	4
-7191	4
1573	4
4939	4
11580	4
-4861	4
-2918	3
8570	2
-3269	4
-4170	2
9059	3
12831	4
-7796	4
3941	4
4979	3
4275	4
7575	4
-9904	4
-15541	4
3916	3
5503	4
-4668	3
-4210	4
4383	4
1176	4
-1407	4
1448	3
3419	3
12125	3
-13379	4
1111	3
16705	4
-1999	4
-3648	3
1996	4
-7634	3
3924	1
-3663	3
-2036	3
19809	4
2386	3
6075	4
-186	4
-4352	4
14493	4
5263	2
-3860	4
5103	4
35903	2
-913	3
4745	4
1194	4
4339	4
3501	4
-12243	3
-2010	4
5025	4
7962	3
-611	4
-11623	4
13028	3
4833	3
14724	2
12261	3
12944	3
6672	2
14085	2
-12615	4
-7039	4
379	4
12994	4
-10786	3
4285	3
9365	4
4507	3
-4430	4
5504	3
8595	4
-5735	3
-5591	4
-10155	4
-11714	3
-13098	4
-451	4
12528	4
19854	3
-19876	3
-1823	4
-1575	4
5771	4
12921	3
14717	4
-18031	3
19981	4
-8298	3
4147	3
11921	4
8488	1
-2993	3
10219	4
7937	3
2559	4
842	3
-2671	3
8588	4
-414	3
-17666	3
-258	4
-7709	3
-20069	3
-952	4
2496	4
2515	3
-3010	2
-5644	3
10678	3
3388	4
1575	3
-6011	4
-7387	4
3167	3
-804	3
6841	4
9535	3
-34772	3
-4455	3
9640	3
-893	3
8578	4
10121	3
-13418	1
14274	3
14175	2
-4454	3
-7048	4
-10947	2
-3037	4
2886	3
9346	4
-2357	3
14089	4
6164	4
1918	4
4260	2
3864	2
-1873	3
-11277	3
1617	3
7982	4
4048	4
275	3
1089	1
2670	4
8442	4
-16572	2
2211	4
1878	3
-6705	4
14039	3
2256	4
802	4
-20924	4
-2127	2
-5471	4
-12888	3
-15412	3
14888	4
7417	4
8088	2
-7394	2
1208	4
-6995	4
-11716	3
-7107	4
321	4
-4988	2
3796	3
-12347	4
-933	4
2759	4
10714	3
2206	3
-3580	3
-6059	3
8634	2
6667	3
11664	3
4309	3
16486	3
544	4
2428	4
14699	3
-3099	4
-12172	4
-15049	3
2331	4
-8772	3
-12403	3
8278	4
-7595	2
3968	2
-1842	2
-19759	3
3516	3
-12677	3
8705	3
-779	3
-4537	4
-11816	3
-4686	4
-3324	4
11007	3
-7470	4
12605	4
-10048	4
-7218	4
-10191	3
12072	4
1996	4
6568	4
-15620	3
7958	2
-2957	3
4332	3
-3331	1
-9790	2
14303	4
11314	3
6860	3
-3129	3
3771	3
-6209	3
-6378	3
20624	3
-4348	4
5996	4
-1732	4
351	4
10452	3
-18113	3
-9042	3
14808	3
-4209	4
12046	4
12533	3
-11642	4
-304	3
-3636	2
-4343	3
2493	3
24034	4
-2707	4
3962	2
-6191	2
-17423	3
22904	3
17394	4
5329	3
-14453	2
1815	3
-13107	3
16538	3
9691	4
-5361	4
9707	4
-3267	3
-6904	4
-3229	4
-7309	4
-25777	4
4685	4
9608	4
-6060	4
-12009	4
-8676	4
7451	3
-11847	3
16681	3
6742	1
5986	3
-13265	4
-10297	3
6721	4
17360	3
-3279	4
13824	3
-14058	2
7522	4
-8143	4
-6477	3
6247	2
3549	2
2249	4
-6022	3
-7280	4
-10553	4
-10249	3
-1366	3
-926	3
11633	3
-26685	3
-5311	3
-17592	4
-6370	4
4712	4
22552	2
-1557	4
-4265	4
-10208	4
6835	4
-12387	3
-563	3
9541	4
-9744	4
-3136	4
3057	4
-1367	4
10319	2
9074	4
-5067	4
3382	3
11329	4
3603	4
-13595	3
-2073	4
8600	4
11020	4
-16050	4
6039	4
-17394	3
5559	4
-9907	3
-2125	4
-5359	3
-12089	4
-3268	2
2559	2
-3244	3
5672	3
-18343	2
16591	3
7410	4
14078	4
-4028	4
14905	3
6542	4
-2414	3
-16436	3
-7720	4
6543	3
-1932	4
10047	3
1558	4
-3899	4
-397	4
4964	3
-13597	4
4542	4
14278	1
2966	4
-19762	3
-17209	4
-15605	4
17369	4
6676	4
317	3
-8345	4
-2412	4
9846	3
-11383	2
-419	4
16129	2
10846	4
-5893	3
590	4
-10311	4
-905	3
-4559	4
3243	4
11473	4
-9116	2
-7162	4
2296	4
-6489	4
6816	4
-6409	3
-98	4
6428	4
449	3
2983	4
2002	4
4921	4
2155	2
-8524	3
-7632	3
-285	3
-101	3
-3062	4
61	3
-3544	3
9419	3
-2827	3
-7464	3
2522	2
1941	3
-1284	3
6774	4
48	3
-1995	4
191	4
-9498	3
6954	3
10861	4
-7264	3
-6196	4
4874	3
-10443	4
10468	3
11391	4
-9933	3
-3609	4
9167	4
-175	3
2675	3
-9593	1
-5419	3
-4090	3
2252	3
13706	2
8161	4
6474	4
17148	2
4158	4
-864	4
-12017	4
13839	3
10405	4
-10832	3
15821	4
6797	3
-3869	3
-6505	3
-412	3
-2226	3
-5316	4
3442	2
15096	3
1216	4
28951	3
27049	2
8567	4
15696	4
-27920	3
12185	4
2435	4
859	3
-1034	3
-6773	4
8719	4
9290	2
-11757	4
12382	3
-3072	4
-12811	4
-7277	3
2299	4
2874	3
8993	3
-6821	4
-9639	4
-10452	4
2478	4
1426	4
1471	3
3272	3
-3058	3
7267	3
2608	4
-6164	4
2265	3
4330	4
-17471	2
-9682	3
-16448	3
-581	4
-37997	2
-3801	3
-13497	3
846	2
-17554	3
5940	4
-7011	3
-2884	2
-5282	3
-12302	3
1219	3
17634	2
-4	3
15340	4
-4457	3
-19674	3
-8452	4
462	4
2698	4
-6244	4
-4904	4
1094	4
12477	3
5828	3
-1917	4
-9902	4
12306	3
-3579	4
1788	2
-3977	2
1203	3
8837	4
-1420	3
1830	4
-9614	4
21533	4
-1168	4
-11521	4
-20276	3
2180	4
-5241	4
-1521	3
9577	3
-2566	3
-6522	4
-1237	3
-15855	3
-16172	4
-12461	3
2587	4
-12003	4
5393	3
10673	3
6543	4
-7570	3
17586	3
6142	4
7360	4
1555	3
2945	3
462	3
-551	4
11302	4
5883	2
-12237	3
-2597	4
-180	3
-5972	3
11166	4
-508	4
-5920	3
647	4
-2887	3
5568	2
-10420	3
4525	3
2158	2
-510	4
6474	2
-3718	4
9926	3
2616	3
5330	2
12998	4
3254	3
-6946	2
-15094	3
13652	3
-2147	4
3943	2
11796	3
5520	4
-2421	4
15126	4
4053	4
4762	4
5019	4
3596	3
-15695	3
-7452	2
-8683	3
-13988	3
-15983	4
5999	2
355	3
-6322	4
-4011	3
7468	3
307	4
-10929	4
19164	3
-8116	3
-8563	2
-1094	4
4224	3
-4364	4
591	1
1812	2
-1190	4
14573	4
3032	2
1801	4
609	4
-22800	3
-6600	3
3651	4
4412	4
15919	4
8626	2
-1758	3
1870	4
-428	4
1857	4
-3699	4
-4692	2
27513	3
-106	2
-3037	4
5888	4
13277	4
-11770	3
-5021	3
5146	3
25838	4
29686	3
10271	2
-3957	3
-5223	3
-927	3
-9276	4
2506	4
-1476	2
-13012	4
5116	4
4595	2
-13555	4
-74	3
-8493	4
329	2
572	3
5793	4
7574	2
20129	3
-901	4
-15116	2
3010	3
7202	4
-5782	4
-21948	3
7899	4
366	4
11588	3
22467	3
-4066	2
928	3
-6552	3
-6750	4
34	4
8020	3
-6776	4
-11424	2
10849	4
3089	3
3893	3
7205	4
7185	4
-2373	3
-9124	3
3587	4
17847	4
-6153	3
-19258	3
6519	4
-3365	4
-2729	4
13796	4
-12400	3
-9153	3
-3267	4
6817	4
-7669	4
9126	3
842	3
12103	4
8473	4
6054	2
9627	4
-15182	3
8388	2
18694	3
1801	4
-7416	3
-3179	4
4069	4
-23077	3
4446	4
5691	2
-21567	3
15718	4
-15127	1
-11942	4
-495	3
-2108	2
1828	4
-2704	2
-920	2
-7424	1
7616	4
-2447	3
7205	2
7743	3
-9675	4
9292	4
-9733	4
9971	4
-1871	3
21198	3
10994	4
11242	4
-1947	3
-4416	2
-16083	3
4190	4
-4406	4
-12649	4
9256	4
-9797	4
2716	4
-3841	2
-14345	3
-4258	3
-11452	4
-4143	3
4717	3
3987	4
-411	3
-5715	2
-12771	2
-16726	3
10647	3
8556	2
548	4
2673	4
4572	3
112	3
-23703	1
-10860	4
-2591	3
-15819	3
17494	4
-5311	4
2409	3
-424	3
-375	3
-2384	2
9310	4
8803	3
6861	4
-9500	3
12776	2
-6084	4
2883	2
15910	4
-10892	2
-548	4
2914	3
2729	4
-4302	2
-4424	1
-7807	3
7743	3
3320	3
22743	1
-21574	4
-8689	4
6067	4
7502	4
8286	4
9311	3
-6481	3
-6657	4
-12528	4
-9369	3
-5918	3
11626	4
6933	3
15440	3
-4562	2
13533	4
-5375	4
-12500	1
-10867	3
-2449	4
-9811	4
4662	4
-18828	3
297	4
362	3
-8834	4
10788	4
13167	3
15053	4
2380	2
1227	3
2785	3
-1235	4
13924	3
-10798	3
20039	4
11529	2
5149	3
-10683	4
4992	4
-4962	4
-16205	3
-27181	3
3312	3
1964	3
6896	4
4789	4
-8867	3
4625	3
-10044	2
-10542	2
4072	4
14161	2
21107	3
2155	4
10611	1
1521	3
1286	3
-3484	4
19687	4
-2782	4
3777	4
-3680	3
-5093	4
3036	3
-5816	2
-3920	4
-10473	3
-10349	2
-3333	4
-1916	3
-5826	4
-1049	2
11553	4
-7787	2
12672	3
10890	2
683	3
5248	3
-8705	2
1442	3
22138	2
-3700	4
-15653	3
9635	2
2975	2
9426	4
4544	4
6759	3
14505	2
4667	4
-11758	4
-960	4
-6668	4
-185	4
-2428	4
-3163	3
-14031	3
14085	3
-4145	4
10671	3
2376	3
6578	4
19955	4
12411	2
11386	4
7854	3
5144	2
-7170	2
4446	4
-2911	3
-22118	4
-5878	4
2018	3
-4825	2
-13746	3
2004	2
11462	2
3380	3
1519	3
-16796	3
8201	4
-4246	4
-3084	3
-15172	3
-11622	2
3483	3
9922	3
-5928	4
-6963	4
-4900	3
3546	4
2318	4
5938	3
-27980	4
-8701	4
-5156	4
-13728	3
10322	3
6207	3
-2345	3
5464	1
14310	4
-8922	3
1860	3
-14058	3
2331	4
1665	3
-4081	4
19268	4
-1967	4
379	3
4190	2
8030	3
10840	3
-2090	3
-22327	4
8699	2
-13352	3
-12901	3
8152	4
-9164	3
-13419	4
-3191	3
-6046	3
8328	2
-16823	4
-5624	4
-1414	4
-16015	3
8196	4
725	4
-2957	4
6962	3
-6886	4
-536	3
-1002	4
-11503	3
-5346	2
-23687	4
-10743	3
-8635	4
6005	4
-5893	4
-3581	3
15378	1
-16040	4
2021	3
-6103	4
3932	3
-12375	4
13518	4
15536	2
1810	3
-19323	4
47	4
-7918	3
1837	3
17347	3
8312	2
-7781	4
-21511	4
-1821	3
9198	3
2384	3
5195	4
-10524	3
-5923	4
-1275	3
-2067	3
3386	4
20430	4
-5645	4
11376	3
-7840	3
2078	4
-6756	2
-12266	2
1807	4
-5171	4
-12318	4
8720	4
-4093	4
10146	3
-7058	4
1963	4
24138	4
-11579	3
3680	4
-3664	3
1560	3
-3054	4
-18024	4
-6033	4
13246	3
8982	3
-14870	4
-3399	3
-1224	4
6802	4
-7928	3
-9606	3
997	3
-3130	2
12319	4
18470	4
763	2
-7618	3
1652	3
-9021	2
5596	4
7777	4
-12419	3
-4422	4
12346	4
-5836	4
3892	3
-10081	4
2168	4
-6136	2
-7282	3
7074	4
7128	4
-7108	2
-7769	4
2021	4
-2882	2
3484	4
-389	3
-8000	3
-2731	3
3438	3
-16607	3
-7400	4
2879	4
10957	3
2127	4
-5753	4
-11140	4
-2061	4
2045	3
136	4
-204	4
3687	1
-12252	3
2591	3
8153	4
5507	3
-4537	3
1375	4
498	4
-25219	3
18023	4
13824	4
-5783	4
2293	2
10450	4
16951	4
13642	4
-3696	2
-28419	3
8320	4
-772	4
2185	4
9075	4
7127	3
10354	4
-23114	4
10071	2
-7832	3
-14015	4
11606	4
-9744	4
3048	4
-3236	4
-4937	3
3918	3
4379	4
-9314	4
2242	4
-4395	3
2772	3
23311	4
3065	4
-3496	4
6444	3
5229	3
-9151	3
2742	3
4634	3
-10365	4
422	4
-1468	4
-8109	4
5850	3
9475	4
-31659	4
840	4
-12711	3
-779	4
2908	4
-338	4
-3784	3
954	4
-2506	4
15472	4
-2458	3
13265	4
3514	2
4049	4
6084	4
4906	4
-23115	4
8596	3
10919	4
-6528	4
636	4
-11325	4
19655	1
-6643	4
-5400	2
-1817	4
-18248	4
-5717	3
-109	4
-1728	4
-13655	3
5264	3
4433	4
9543	4
4234	4
18244	2
4093	4
4112	4
10206	3
10736	4
23496	4
864	2
-7579	3
-18876	3
11960	3
2211	3
-8313	3
3580	4
14782	3
8918	3
12899	4
-4871	3
-184	4
7951	4
-1716	4
-5146	3
-23487	3
-3169	2
14043	3
-8958	4
4567	2
-10339	3
-5776	1
10797	4
-523	4
16690	2
4088	4
4636	4
-5964	4
1836	3
-6188	3
-14502	4
1503	3
8255	3
2617	2
-9574	3
1116	3
-7265	2
-363	4
11995	4
-9788	4
-12362	3
-8355	3
20026	1
16327	4
343	3
7934	4
5053	3
20825	4
-15292	3
1228	4
6116	3
8585	3
10495	2
-13871	3
4774	4
4624	3
-19553	3
-4265	3
11	4
-3204	3
-484	3
21212	4
-4492	3
-21724	2
19137	3
1986	4
-10853	4
8397	4
-846	3
17005	3
2862	3
16092	2
-237	4
-11438	4
10137	2
-86	3
-17118	3
-1490	4
-272	3
3442	2
-35153	3
1133	2
5061	4
2819	4
10161	3
8827	4
-4774	2
-10829	4
9295	4
16043	3
-4099	4
654	4
-3458	3
-2345	3
-16712	2
9203	4
-17340	4
-3247	4
-11259	3
1909	4
7532	4
-15905	4
2013	3
-8817	2
-4509	4
-11326	2
7593	4
-36177	3
-4386	4
-1245	4
556	4
-7647	3
5351	4
220	3
13679	3
-5102	2
17239	3
-5054	3
-2675	4
2871	4
15023	2
-2788	2
2820	4
-6064	4
-974	3
-1793	2
5160	3
-10020	3
-18939	3
-2314	2
906	3
-473	4
16388	3
4687	4
-10900	4
17310	4
1302	4
-6711	4
-2855	2
-2917	3
-1842	4
-16953	3
-413	4
8660	4
-4831	4
-10381	4
-5000	4
6681	3
27419	4
-9405	4
7323	2
-15931	3
-6799	4
-20	4
785	4
-19274	3
-6600	4
-1151	3
-871	3
-5913	4
12650	4
-6267	3
6470	3
-7289	3
-30913	3
-5731	4
-13368	3
-2922	4
-5883	3
-6393	3
-12566	3
6404	4
1943	4
-6365	4
3713	3
-5063	4
6731	4
12815	2
9627	2
9684	4
-4148	4
-2789	3
-197	4
-4344	3
-2763	2
-8623	4
17202	4
10278	4
-13749	3
-12046	3
49	3
-2088	3
4919	4
-1390	3
9210	4
-4	4
-14606	4
1664	4
2784	4
-621	4
3043	3
16875	4
-5243	4
5231	4
11786	3
-6631	4
-6232	2
4753	4
-9155	3
11050	2
4105	4
-13725	3
-3157	4
-4772	2
-1478	4
-3893	3
1099	4
-9662	4
16160	3
20720	4
-1309	3
1429	3
777	2
5214	2
3438	4
-16466	3
806	2
1728	3
5878	4
4179	4
-11832	4
-10771	4
-13517	4
11090	4
1815	3
6398	3
6931	4
6616	4
7665	3
-14611	4
190	4
-20269	4
-2737	3
-7659	2
-5833	4
-14545	4
698	4
1034	3
7180	4
-4348	4
-5586	4
-10876	4
-1126	4
5763	2
11648	2
-8960	1
6692	4
-6717	4
-1449	3
-12216	4
6865	4
-5861	3
-16165	4
-12799	3
-7502	3
10670	4
5081	3
-11734	2
-9985	4
-23053	3
2451	4
1414	4
1223	3
1818	4
6476	4
4196	4
7669	4
3725	4
-8355	4
3464	4
22342	4
-11899	3
-2062	3
-1427	4
-20784	2
9111	4
-19762	4
13736	3
9253	3
1469	3
-17641	4
-12615	4
-20036	3
-5041	1
2715	3
2430	4
-1922	3
-2811	3
4031	4
-20429	3
-6577	4
-7366	4
21527	4
-4301	3
-14135	3
2355	3
-2988	3
21151	2
-17208	3
4421	2
-5190	3
7308	4
8955	3
868	4
-8153	4
1488	4
7273	3
-3994	4
-2597	4
-18983	3
6980	4
-19507	3
3403	3
-154	3
-7	4
-7291	2
2463	4
68	3
-10404	3
9784	2
-6575	3
13623	3
4858	3
6581	3
1701	4
-4760	4
6723	4
-3069	4
5327	3
-6486	4
-1081	4
9516	4
5441	3
6837	4
-585	4
-5734	3
-2840	4
-15233	3
3630	4
-163	2
-4481	3
28094	3
22267	2
10107	2
4848	3
5498	2
2900	4
8216	4
-5120	2
-2541	3
-10218	1
-10184	3
1070	4
820	4
16114	3
5612	3
12270	4
-7911	2
-1559	3
-9804	3
1344	4
14659	4
-16327	3
-4690	2
-21434	3
-4547	3
9497	2
-29436	4
8319	4
5705	4
5561	4
-4911	3
18532	2
-3025	4
-1341	2
2282	2
1121	3
-22776	2
16689	3
6934	4
5617	4
-310	2
7185	4
7195	3
21075	3
-13541	4
-6457	3
-13645	4
5514	3
11211	4
1645	3
3884	3
621	4
-9136	4
8331	4
2354	4
-9022	3
-15269	3
1301	4
-13545	3
-8459	3
-3703	2
-1634	4
-7402	3
8703	4
6898	4
-10362	2
-3870	2
-11971	4
10413	4
-13073	4
9665	4
1277	3
-308	3
22859	2
6184	4
-1840	4
-5034	3
-4748	4
918	4
-6660	2
16615	4
13380	4
3933	2
5891	4
6200	1
-141	2
14834	3
-13097	4
11389	3
-12971	3
-3089	3
3920	4
-15957	4
-6956	4
-9026	3
-11104	3
-10865	4
9459	2
-17056	3
484	4
-6919	4
-2519	3
-7644	4
10168	4
15428	4
-5535	3
-512	4
6134	3
1713	4
-22869	4
-27448	3
16420	3
-4518	4
-11140	3
1122	4
13503	3
9067	4
-3655	4
-8974	3
-10260	3
3400	4
3206	3
11398	4
-13867	3
-6334	3
-6487	2
475	4
11583	4
5568	4
7948	4
-672	3
7237	1
808	4
-7147	4
-8168	3
-3824	3
4142	4
34	4
-6679	4
-2957	4
2576	4
-5525	4
-3921	4
-8591	3
-4894	3
-13880	3
3776	4
-13983	4
-20090	4
3703	4
-2536	3
11596	4
-4654	4
-4435	1
11404	3
-17088	4
-10558	4
-19729	3
5521	3
-1614	4
12420	3
951	4
-25375	3
-22335	4
-3885	3
-9915	3
4333	4
432	3
15603	4
-19481	3
10753	4
1945	4
-2694	3
-6535	3
20199	1
7023	3
-6780	3
13088	2
17689	4
2601	2
-127	4
-2537	4
23284	4
19471	3
-28578	3
-2051	4
-10659	4
927	4
-4584	4
-1156	2
4143	3
5785	4
12985	4
14967	3
1180	3
-13213	3
3126	3
-2027	2
-11492	4
-4516	2
-1294	3
2709	4
-14746	4
-7167	4
-6245	3
-1723	4
1592	4
-16822	4
4162	3
7201	4
-11266	2
1653	3
9579	4
5097	4
-9886	3
4580	3
21990	4
3824	3
12309	3
12473	4
4950	3
17017	4
-4893	2
-1844	4
-2046	4
5668	4
2152	3
-1791	4
14063	3
3001	4
-26028	3
-11843	3
1819	3
1343	3
-12534	4
8852	3
-10088	3
315	3
8486	2
-10624	3
4488	4
5964	2
16052	4
6665	2
-6914	4
-3025	4
2298	3
3255	4
9135	4
-4013	3
-2170	4
7220	4
1384	4
-7960	4
664	4
-1299	4
11842	4
-25824	2
-10162	3
5806	4
-5692	4
2311	2
-2982	4
-4353	2
12142	3
-5374	3
-377	4
-319	4
-8624	4
15523	4
-11739	2
-3424	4
7207	4
11911	3
-8612	4
-21076	3
-5571	4
-2727	4
-1007	3
4599	4
-13712	3
1365	3
16157	4
4319	3
4219	3
11217	1
-28949	3
3745	3
-9394	4
-7035	3
-344	4
4187	3
4096	4
3499	4
3477	4
1382	3
-24355	3
6047	4
2777	4
631	4
-7581	3
2407	3
-2240	4
-8110	3
3359	4
18808	3
2608	4
8327	4
-14201	4
-782	2
-12476	3
10156	4
6882	4
5316	4
4784	4
7405	3
8310	4
11891	3
10346	4
-10596	1
-15057	4
-8092	4
2316	4
14615	4
-1059	3
1252	3
-5113	3
1583	4
-2609	4
7396	2
6907	3
3727	3
14250	3
-9977	4
2377	4
-13818	3
-1677	4
9195	4
12648	3
529	4
-26824	4
-11549	2
-15340	4
-4594	4
-15302	4
-1843	3
6669	3
-3593	4
-10638	3
833	4
3830	4
3607	2
-3240	3
516	1
-5561	3
-5764	4
333	3
-4738	4
-9158	2
-17734	4
14617	4
-8338	3
-14330	4
10295	4
-16874	4
18	2
-29014	4
-4476	3
4263	4
-4703	3
-15619	3
956	4
-14143	3
7232	4
-6013	4
-13150	3
180	4
3477	3
-11951	4
-6079	3
3894	3
-630	3
11040	4
13802	3
13788	4
-3076	4
5426	4
6783	4
13043	3
-3928	4
1499	3
-8389	4
6641	4
-8704	3
-15219	4
777	3
9248	4
-2284	3
7314	4
2348	3
2685	3
999	3
8563	3
211	3
-10664	4
3021	4
-11421	2
-516	4
-7429	3
7691	4
-17060	4
-8936	4
-8756	1
5062	4
7313	4
-15159	4
7604	3
-12831	2
-7334	4
-1240	4
8068	4
3442	3
-20628	4
-3534	4
10158	4
-2886	3
-30777	3
-6358	3
-2559	2
20640	2
2413	4
13786	2
-4035	4
10205	4
7267	1
-4126	4
-9467	3
4919	4
909	3
10825	4
-7085	4
5937	4
12463	4
-8587	3
-15029	4
4083	3
1944	3
850	3
17343	3
-2193	3
8512	4
2116	4
5632	4
-24577	3
3278	4
7724	3
-1708	3
-6730	3
3044	3
-7241	2
9034	4
4459	3
797	3
1491	1
1034	2
-13122	3
3744	4
13797	3
-30279	3
-4200	4
-8754	3
9936	4
10126	4
-35886	4
-9630	4
-6366	4
-2556	4
-9196	4
-27673	3
-13539	4
-16754	3
28085	4
5886	3
-1017	4
-6461	4
-6929	4
-13398	4
10899	3
206	3
5305	3
-737	3
509	3
15046	3
-12520	4
10795	3
-2384	4
-5602	3
9122	2
2809	3
12287	2
15886	4
-8455	3
908	4
-462	4
8763	4
-4637	2
-1545	2
4019	2
6307	4
9871	3
6716	4
-7815	3
468	3
4950	3
15190	4
-6534	4
-15400	4
-21931	3
-6069	4
-2830	4
4937	3
-78	3
13713	2
-15712	3
19924	3
7591	4
1381	4
5984	2
2012	4
-19142	3
5879	4
2132	4
2448	3
10559	3
-3908	3
16104	2
16949	4
23553	3
499	3
7527	3
19619	2
10310	2
-9746	4
-34242	3
-2436	3
10998	4
15966	2
-13202	3
6757	4
-1807	4
9655	3
-33725	4
-8794	4
-5917	2
-13942	3
-21705	3
-8887	4
9453	3
-5134	3
-8716	3
-3288	2
-5464	3
-257	4
-444	3
-2834	3
-4962	3
-7356	3
-8774	4
7531	3
-13896	4
7140	2
4992	3
20055	3
4328	3
11147	3
-10944	2
4014	3
-9317	3
1773	3
13154	3
-15320	4
3083	4
8865	2
2021	3
-3063	4
-11365	3
-11015	3
6666	3
5961	4
7784	4
5400	4
3914	4
-1020	3
5302	4
-9013	3
3950	4
1621	4
-6024	3
168	3
667	3
-4427	3
-1664	2
-1755	4
-1693	4
1290	3
-8149	4
11194	1
877	4
-2259	4
9288	4
-2033	3
6461	2
5466	4
-5953	4
-14044	3
18396	4
-11927	4
7188	4
1780	3
-14571	4
-17481	3
13254	4
-1323	4
-6443	4
12285	4
7091	4
-2860	2
13552	4
-5721	4
4038	2
10209	3
-4268	2
-5930	3
7153	4
2714	3
5091	4
-6039	4
10399	4
-3671	4
6158	2
18092	3
7772	3
-823	3
5589	4
4800	3
10862	4
-6516	4
-8674	4
-18317	3
16254	4
-19030	3
-2903	2
10472	3
16838	3
1056	3
-13103	4
-14920	3
7437	3
-2705	2
3095	2
7061	3
-4452	3
-9455	3
2472	4
1002	4
-18917	4
-3864	3
-18753	4
-1983	4
-11880	3
11625	4
-3486	2
7590	4
-2486	4
-5059	3
-2425	3
-10722	3
1576	2
1392	4
4352	4
-6269	4
-9239	3
6291	3
7138	2
-5011	4
1867	3
-518	2
-10247	4
-11063	4
3795	3
-6906	4
2905	4
-9653	4
4325	4
-327	4
-11000	4
-11215	4
-17797	3
13064	3
5246	3
3708	4
8268	4
-9676	4
-12746	3
-1408	3
-3205	3
3874	3
-2417	3
-2799	4
7621	4
-5211	3
10734	3
18315	3
5953	3
-22501	3
22464	4
-12126	4
395	3
-14774	4
-3371	4
15646	4
12540	4
10585	4
-730	2
6777	4
-5601	4
-2475	3
-2397	2
13361	4
-10433	4
-846	3
1085	4
-1314	3
7595	2
-7185	4
7993	3
3353	3
-22327	4
-757	3
1670	2
6828	3
5680	4
-1058	4
12767	3
15005	3
-6021	4
14055	4
2374	4
4583	4
-16483	2
-9737	3
1051	4
2105	3
9831	3
9533	3
5016	4
-2429	4
13325	4
-11736	4
-2672	3
-706	4
3379	3
-9571	3
-2937	4
217	4
-8864	3
-3630	4
-11079	4
16350	3
-11118	3
2824	3
-11553	2
-8087	4
11572	2
-6190	4
-2435	4
13513	2
1617	3
9730	3
-2459	2
5286	4
5592	4
8126	3
-6466	4
10256	4
3567	3
4013	4
6335	4
9313	4
3391	3
-22548	4
566	3
8299	3
-11091	4
-7875	4
3809	3
5699	3
5479	4
12933	4
-3452	4
13065	3
-2673	3
-1214	3
28070	4
7491	3
-10337	4
1019	3
-13057	4
-13519	4
-6583	4
9561	3
-10510	3
-5778	3
-13139	3
-6807	3
14071	4
-4921	3
13175	3
-4715	4
-26218	3
-13650	3
-10181	4
-18	3
2810	4
5774	3
-5303	4
-1439	3
-8446	3
4094	3
-2284	2
-6074	4
4853	4
13395	4
15041	2
11019	3
-12815	3
22831	3
692	3
866	4
-8978	4
1508	2
19129	2
-6825	3
9039	4
-25583	3
-17225	4
-25804	4
-7321	3
-3437	1
5936	3
3408	3
-12664	4
-8215	2
-2241	3
-1451	4
-1109	4
9800	3
19495	3
-5187	4
4610	3
-9471	4
3581	3
7558	2
87	2
5639	4
-5904	4
-18526	4
14211	2
-6846	4
-2528	3
-8054	4
12539	4
8077	4
-2834	3
5721	4
11820	3
-2929	4
601	3
398	2
6062	3
15656	4
-6962	3
7512	3
4515	4
-12470	4
7340	4
-13176	4
10254	2
2831	3
682	3
-14067	4
2488	4
-9084	3
4581	3
-18068	4
-1867	2
5722	4
8687	3
5353	4
3609	3
-177	3
-3628	4
12663	3
13527	2
-16753	4
-15516	3
-6201	4
8448	4
16514	4
11353	2
-10712	4
1467	4
9848	2
-14372	3
4600	3
1437	3
-6919	4
-1093	3
-17514	4
-3436	3
-6012	1
3476	4
4239	4
-5100	3
-6880	3
-8581	4
4741	3
16980	3
12292	3
16284	3
8816	4
945	3
2133	3
14743	4
2641	4
-5149	3
-5749	4
6033	3
13380	4
11990	4
-1667	3
14557	4
-16555	4
4242	3
3425	4
1129	4
-11897	3
-4015	3
-4998	3
4617	4
11616	4
10384	3
-9929	3
-225	3
-3187	4
7291	3
14024	1
-27704	4
1164	3
10840	4
1992	4
5793	4
8297	4
4961	3
-24124	4
-10339	2
-3386	1
5652	4
11035	2
-12776	4
5542	3
-4787	4
5582	4
13884	4
-897	2
-3976	3
-11231	3
17053	4
5428	4
16529	4
8587	4
-7679	4
12830	4
8791	4
-735	3
14380	4
-12182	3
-3767	3
17690	3
5	3
-11556	4
16336	3
19395	4
-7277	4
-2101	3
8121	4
-23736	3
-6647	3
4023	4
1018	4
-4189	3
6225	3
4209	4
7937	3
-9026	4
-9471	3
-1215	4
-15257	3
-473	3
27099	4
7805	4
-2787	3
-9287	4
-5062	4
6705	4
6369	3
-1280	3
-5083	4
2864	4
-13258	4
7005	4
13481	4
2663	3
-8671	3
-7349	3
-7771	4
7918	4
-4957	4
-7097	2
-25951	3
-13822	4
-12472	4
-2521	3
-2008	4
-11120	3
477	3
-7821	3
4004	3
-96	3
16789	3
14445	4
-52	3
9131	3
6180	3
-2617	4
3444	4
1298	4
363	2
-4100	4
4249	3
6074	4
4071	4
5391	4
7878	4
5257	3
3632	4
-1580	4
18353	4
-2981	4
10407	3
-8396	4
6542	2
-10415	3
6322	4
-6327	3
5290	4
-3636	4
8015	4
19897	4
12118	3
3135	3
14145	4
-20028	4
3854	2
-13439	4
9677	3
-114	4
10168	2
-986	2
14416	4
-912	3
-1381	2
9597	3
-6258	3
2644	3
-272	3
-17656	4
-17732	3
11754	3
1612	2
-10664	3
-494	2
9024	3
9034	4
-564	4
6606	4
-2497	3
6586	4
19474	4
-10627	3
-2454	3
-23039	3
1437	4
11294	3
-7073	3
-670	2
-11720	4
-173	4
13106	4
16362	4
-7284	3
-31115	1
256	4
2773	2
2707	4
10125	4
-22920	3
-22248	4
-2067	4
2604	2
-19053	3
-5749	4
7484	2
-12065	4
-12643	4
-5740	4
7764	3
8276	4
224	3
-1082	4
8330	3
-23450	2
-4366	4
-1553	3
16808	3
9289	4
-3301	4
3920	4
2867	3
-6719	4
7723	3
-1598	3
-1627	4
13808	4
9365	4
-8142	3
-5894	4
-2219	3
-14349	3
-4388	3
8616	4
-5082	2
1620	3
-8236	3
-1734	3
227	4
-112	3
-17385	3
4793	4
-4819	4
-1249	2
10897	4
7382	3
-4638	4
1090	4
33241	3
19628	4
9895	3
2608	2
8478	3
11	4
-4970	3
1972	3
11454	3
-275	3
-3336	2
17155	4
1134	4
13262	4
4207	3
22914	3
18897	4
10638	4
2212	4
9233	3
-17798	3
23455	4
-8573	4
-13083	4
-13178	4
8087	2
19681	4
-4607	4
5159	4
-1753	4
9201	2
-7469	3
5691	3
730	3
2308	3
-7558	4
8821	4
9617	3
-438	2
3237	4
485	3
-38488	4
17620	4
-2489	4
-5451	3
2783	4
8783	2
-1874	4
1776	3
-9658	4
4996	4
-1022	4
-21173	4
2819	4
-15272	3
-2042	2
14663	2
-3974	4
16819	4
7864	4
-1547	4
-1240	4
-1638	2
2861	4
23004	2
9155	3
16032	3
-13552	4
-2238	3
-3421	3
-28376	4
-16559	3
-8378	2
-12300	4
-12963	2
-1265	4
1913	4
-14918	2
10373	3
-17096	4
6991	4
-7215	3
560	3
10802	4
12281	4
-6778	4
-2420	3
6221	3
818	3
17839	3
22992	4
9700	4
-1857	3
-9492	4
-21038	4
153	4
-12593	4
-6035	3
-32160	4
3462	4
-9752	3
-4572	4
-903	4
2130	3
-5662	4
-2012	2
13296	3
-6073	4
11669	3
-2349	4
6992	3
21534	3
-1469	3
2977	4
3598	3
-2846	3
-1772	3
-7253	4
14493	3
-9555	4
-10161	4
-19799	3
-2091	3
9766	4
6974	3
-2017	4
-19291	3
5383	4
4063	4
3522	2
-1728	3
-6886	3
7789	4
-5553	4
9131	3
-717	3
-15142	3
-14146	4
-19935	3
-18172	4
15066	4
-2378	3
9536	4
-5091	3
5602	1
3654	2
19022	3
-1991	3
-9323	3
12319	4
-297	4
4594	2
-1531	3
-1434	3
-9262	4
10850	4
-10552	4
9095	4
2310	3
-2092	4
-3787	3
-3794	4
-10688	4
13931	2
-11562	3
8832	2
8817	4
-28723	4
-5858	2
-2603	3
12346	4
-5267	4
992	4
-6587	4
-10794	4
-3780	4
3044	4
-11573	3
1271	3
-8645	4
2684	4
4674	1
12626	3
-11401	3
-4952	4
-368	3
-18664	3
-10240	4
2106	4
4479	4
-1800	4
-1118	4
-7650	3
-7837	4
20131	4
17349	2
1883	4
9751	4
-3258	3
290	4
9435	4
3570	4
-3852	4
-24767	3
-10258	4
-3834	4
7113	3
-23006	4
-4108	4
-1423	3
-1190	4
10921	4
4439	3
3786	3
3234	4
-14399	3
-6374	4
-19731	4
2815	3
-8108	2
-2365	3
-16417	4
-22644	4
-9305	4
-24839	4
-11647	2
2783	4
8440	2
-3568	4
5762	2
-4356	4
1714	4
5525	4
-24023	4
19616	3
-11349	4
-56221	3
20512	4
17965	4
-9734	3
-18004	3
-3477	3
10230	2
-5944	4
3747	4
9264	3
-735	3
-4135	3
-16152	3
-2550	2
11997	4
-3855	2
-603	4
-841	3
-9448	3
-5029	2
5835	4
2410	3
-137	2
8364	3
-20332	3
-6719	4
-2532	3
-659	3
-8283	4
15204	4
-47654	3
-5483	3
-1939	4
-2748	3
19734	3
312	4
-13433	4
16467	4
12409	3
-529	3
-12181	3
-4881	4
7142	3
5681	3
1522	4
-12497	4
-16980	1
-3839	4
-17380	4
7295	2
3907	4
-8917	3
-5822	4
-613	4
-3949	4
6645	4
-1506	3
-5605	3
8577	4
-13303	4
-10577	3
-9978	3
11911	3
-5838	3
-1538	4
12412	3
5075	2
5367	1
-11100	4
-1640	3
1229	3
-2249	4
-1816	3
-6928	4
-11209	3
15642	3
3072	4
-7179	3
-3499	4
3911	4
8515	4
5188	3
-10735	4
3180	3
15874	4
2084	3
238	1
-17380	4
10853	3
11681	3
-557	3
468	4
11587	4
9649	4
4409	4
-2070	2
-2630	3
6165	3
4887	4
-11732	3
5709	4
-5778	3
-632	3
-909	4
-12147	3
6848	4
-7	2
-2219	4
-4652	4
-3981	2
14312	4
10999	3
-3723	3
3912	4
12087	4
-2798	4
-4064	3
6465	4
6626	3
-1995	1
-14611	2
9416	4
-22283	4
-2260	2
10767	4
-11137	3
3369	4
-763	2
1490	4
-116	4
-2950	3
9762	3
1933	3
256	2
16969	4
8615	2
-15195	3
3929	3
-6268	4
1413	4
565	4
-7166	4
7180	3
14063	4
-10560	3
10228	3
-2852	4
9718	4
13118	2
-9343	3
365	1
-2531	4
16699	4
-7690	4
-24781	3
119	3
-7808	3
-21074	4
7540	3
11742	4
999	4
-12794	4
967	3
-5596	3
7535	3
5595	3
15663	3
-5022	4
20112	4
-15247	3
9319	4
14060	4
-3473	3
4500	3
7810	2
31619	4
14192	4
-11995	4
-823	4
-31063	4
-9385	4
1905	2
-11640	3
-10508	4
14293	4
-4526	4
-13586	4
-7798	3
1563	2
7481	3
-8229	3
1649	4
9204	4
-1822	1
-4325	3
11824	4
1970	4
4929	4
2367	3
-12023	3
-8402	4
3321	3
-8980	3
7716	3
-19351	3
7533	3
-8831	4
5531	2
-917	4
-9539	4
-5574	4
2900	2
-13099	2
-3424	2
5864	4
-9444	4
10334	3
22004	3
4303	3
-2323	3
3076	3
788	4
18901	1
-18181	4
-17037	3
-9085	4
4072	4
3736	4
-1714	2
-5234	3
-16583	4
-21001	4
-4264	4
16105	3
6259	2
7089	3
4945	3
7999	3
-8858	2
9855	2
1397	3
-6417	4
104	3
8820	2
-6395	2
-797	4
7614	4
-5735	3
3299	2
5828	4
-25722	3
14733	3
-1590	3
-1412	4
6944	4
10729	2
-5041	3
6146	4
-22488	3
-5580	2
-5678	2
12103	4
5118	3
-590	3
-1800	4
8727	3
-7708	3
-2337	4
8556	4
12283	4
10598	3
-11800	3
8131	4
16250	1
7329	3
-3657	4
-6133	3
-855	3
-5603	3
-4764	4
444	4
1455	4
8167	3
-30911	3
-1639	4
-4572	2
-8290	4
-10033	2
8322	2
-12355	3
21547	4
7737	2
-5192	4
15669	4
8595	2
6183	3
4921	1
1796	4
21053	3
17829	2
14537	4
-10150	3
10285	3
-3243	4
-9632	4
-4859	4
9790	3
8983	4
8925	3
-7635	2
-2061	4
58	4
-3228	3
-10034	3
-5642	3
2480	4
5369	4
3220	2
-3716	4
6100	4
9613	3
72	4
6686	3
-7469	2
-5319	4
2574	3
-15223	4
-7413	3
-19160	3
-12277	4
10180	4
-4331	2
-4851	4
13186	2
-14803	4
4904	3
-2789	4
13652	3
-12964	3
-7875	4
-668	3
5795	2
-1435	4
3980	4
-4346	3
21807	2
16883	3
1285	3
-2761	3
-2830	2
-7471	2
-2787	4
-8054	4
-17511	3
-12017	4
-17227	3
167	4
-11833	3
-6772	4
2264	4
13866	2
10110	3
-8330	4
-2360	4
18609	4
1863	2
6740	3
2260	4
-475	4
-2399	4
12640	4
3058	3
20781	2
-2399	3
-23464	2
21233	3
-10018	3
-21027	3
-26722	4
-4236	4
-7061	4
1988	4
1972	3
-1347	3
-1727	3
-5855	4
11417	4
2503	3
-15136	2
11759	4
3162	3
13877	4
-13126	3
-9780	3
12366	4
4089	3
-10384	2
8315	4
4183	4
703	3
12877	3
6660	4
-9959	2
9206	3
-959	4
-15013	3
-2319	3
-10955	3
13413	2
9712	2
3839	3
7438	2
-298	3
18678	4
9811	3
12641	4
23059	3
-8600	4
6474	3
1506	4
17130	4
2992	3
2493	2
-9498	3
2915	4
4144	4
-5018	4
-8628	4
-24276	4
9627	4
-6302	2
7844	2
15746	4
16478	3
-5082	4
-15155	3
5385	3
1125	2
15654	4
-7108	4
-24395	3
-4246	3
-5717	4
-7036	4
-6728	4
-5619	3
-4492	4
-10302	3
7323	3
5785	3
4454	3
16171	3
2494	4
11252	2
15645	4
8397	4
-2474	3
12538	3
-7163	3
-17867	3
-2333	3
-12283	3
19034	4
5690	4
2195	4
6893	3
-14687	4
-12804	4
-478	3
-14969	4
2407	4
-17063	3
11432	4
6544	4
-3075	3
9082	3
-2115	4
7589	2
-3246	3
7836	3
-10748	4
-6471	4
8350	4
-5727	3
-17696	4
-3568	4
-13845	4
14619	4
-20055	2
-2128	4
7968	3
3739	2
5994	4
-11682	3
-4266	4
-5785	4
-481	4
-1306	4
-8331	3
-14793	4
14065	3
-19264	3
-11582	4
-4801	3
-11156	4
2515	4
-626	4
4191	4
3664	3
2721	4
5702	2
-6812	4
6760	4
6224	3
4492	3
7788	3
-2456	2
-6310	3
2484	4
-953	3
-342	3
-13340	4
-10247	3
10278	3
9662	4
-1680	4
-10899	3
-4957	4
436	4
10179	3
-5981	4
2458	3
3040	3
12758	4
-52	3
1704	4
22541	1
-7623	3
14659	4
15334	3
9489	3
11119	4
-11028	3
-6325	4
6452	4
6113	2
-21244	3
-27829	3
-8574	3
8484	3
-14798	4
10900	3
20766	4
-7650	3
-18841	3
21671	3
7209	4
17577	4
11835	4
-3535	4
-932	4
13273	1
-9649	4
4876	3
-6601	4
7718	4
-2731	4
-705	3
12086	2
-20369	4
4018	4
1377	3
11241	4
2758	3
5642	4
19415	2
7082	4
-1266	4
8472	4
-7656	3
-804	4
8983	4
27	4
6871	3
6906	4
6804	2
19255	4
-4593	3
360	3
21966	4
-315	3
5674	4
-10400	3
943	4
6193	3
-368	3
-8609	4
9167	3
213	2
-124	3
2131	3
-6837	2
4735	2
2901	2
6210	4
2237	3
13132	4
12268	4
6105	3
8867	4
2553	3
-3148	3
12172	3
696	3
-3414	2
-9775	4
-5481	4
12604	2
7732	2
1389	2
2952	4
573	4
-36037	3
4942	3
1063	4
756	4
-10449	4
5503	3
-16872	3
-13256	3
3025	4
-6721	4
2899	4
-914	3
-8846	3
-6520	2
-17465	3
-188	3
3596	2
6630	4
-304	4
-11953	3
25001	4
5024	4
-7133	2
-1737	3
-3462	4
2586	4
-7282	4
-7383	4
2926	3
12039	4
-6611	3
-7852	4
10542	3
6059	2
5280	4
3991	4
5644	4
4411	3
9285	4
12455	4
-12862	3
-10047	4
-5299	3
5565	4
-3151	3
10648	4
-24074	4
3363	3
-6202	4
1243	4
6216	2
-1567	3
-155	4
6704	4
-11367	3
-1511	3
18572	3
-3469	4
10590	3
-5760	3
-10267	3
4167	3
273	4
8516	4
5086	4
1666	3
2668	3
-15830	4
11286	3
-12857	3
-6108	4
