2	-3001
3	-11345
2	-2014
2	11021
6	8540
4	71
2	-5709
2	-8753
2	855
6	-4662
4	2955
4	-2184
6	21415
2	-12348
3	8297
2	8408
3	-4240
3	20641
4	-3812
4	12409
2	6021
2	-4592
2	-12973
4	-4542
4	7314
4	-10302
2	-3475
6	-13124
6	-12509
4	-11691
4	2603
2	-12816
4	-12876
2	-11625
2	-12873
2	12409
2	3503
2	-8955
4	-5943
2	-9568
2	-9447
2	13540
6	-12650
4	9580
2	1583
4	4531
4	-10385
2	-3698
4	19895
6	-2304
2	9371
2	-7309
2	-11303
4	6940
6	-13115
4	-2260
2	-13188
2	10074
2	8074
6	-8826
4	3764
3	-2616
2	4900
4	993
2	3169
4	-12610
4	4581
3	-12030
3	-3818
4	102
2	13055
2	-1962
2	11626
2	-1187
4	-6757
4	-4289
4	-11001
4	17685
3	2960
2	-12219
2	6832
2	-8159
4	-11150
4	-8790
2	19283
6	-4298
2	20123
2	-11849
3	-4515
2	18431
4	-6416
3	-3849
6	-4538
4	-9812
2	6499
2	-4640
6	-12097
4	7730
2	-4668
3	-2206
4	-11623
6	-12412
2	19953
4	-4633
2	3838
2	-11983
4	-7741
4	2204
4	-11230
3	10383
4	-1215
4	15091
2	21577
2	-4139
6	-12525
3	12253
4	-4268
4	-135
4	-8559
2	-10231
2	14800
6	6097
2	-12385
2	1083
2	-2595
4	2577
4	11589
2	2704
4	-1763
6	-13201
4	-4148
3	-10745
4	-8706
2	-2922
3	-867
4	3159
2	3836
4	3920
3	5271
3	3598
2	-130
4	16883
6	-741
2	-4512
2	-4620
2	-7794
4	-12528
4	-9494
1	3936
4	-3592
4	1887
2	-304
4	484
2	-13150
2	16934
2	-12292
3	-12109
4	1522
4	-12371
2	-781
4	8097
2	-4552
4	9482
2	-1354
2	19944
3	5085
3	11836
2	-3963
2	-580
2	21514
4	-11658
6	-5556
4	-10608
3	-13013
4	-2961
4	-13019
2	-4542
2	-4065
4	6004
4	-3081
2	13481
2	6230
4	-10456
6	-11657
6	2013
2	11500
6	-13131
2	-4661
2	-12254
2	356
2	-9173
4	-80
5	19967
2	-2242
3	12980
4	-12235
4	-12187
2	-10802
4	-13128
4	-9785
4	-10452
4	3536
4	-274
2	5410
4	-9206
2	-4664
6	-11885
2	-4100
2	916
4	-13084
2	-8306
4	-4657
2	-4572
3	20773
3	2855
3	-10726
4	-6550
3	3910
2	-4662
3	-10246
3	12051
2	-4372
2	6807
2	-12556
2	12913
2	-4574
6	21380
4	-499
4	9515
2	16121
2	2783
4	-12723
4	-6782
4	8625
2	-4448
2	-10016
2	-3029
4	-7492
2	-13017
2	7834
4	2478
2	-12356
1	206
2	-4152
2	-13201
2	-11220
4	13677
2	-3067
6	3782
4	3406
4	-11756
4	-8894
4	-5239
4	-13200
2	2231
3	9788
4	16773
4	3599
4	2790
6	9720
2	-4439
4	21374
4	20607
4	8607
6	211
1	-1967
4	-12546
2	2627
2	6762
4	4353
2	3373
2	21590
2	10659
4	-3362
2	2459
2	-13197
4	-851
4	336
6	21613
4	-12835
4	-8056
4	-11013
4	9920
2	-717
6	10272
4	-2989
2	-12940
4	-3230
2	-2755
6	5495
6	14783
2	-4658
4	17501
4	-2105
4	-4576
4	-12450
2	-13199
2	8273
4	21614
2	3099
2	-7834
2	-1961
4	3989
4	-12343
4	16572
1	-10608
6	1891
4	7124
6	-12488
3	10272
3	21676
4	20424
2	-2877
2	2228
4	-3094
4	4037
2	949
2	-13127
4	-2069
2	-2100
4	-727
4	-471
4	-5799
2	-5888
4	-4332
4	-13141
4	-27
5	-12367
2	-3887
2	-4305
2	-8888
6	-11740
2	17115
4	-12632
2	-11059
2	-9853
4	-3414
2	-12212
3	-4012
2	-2165
4	-13165
2	4666
4	-750
2	7163
5	-9628
4	-3922
4	13994
4	-13032
5	-3661
4	-13030
2	-12156
2	3342
4	12629
2	-791
2	17492
2	14448
4	-548
6	-3780
6	2421
4	-1980
4	-13200
2	860
6	3581
3	1439
4	3984
3	-13186
4	-4628
2	13136
5	-6479
3	-3141
2	4219
4	5629
4	1727
4	2027
2	2559
4	21102
4	-2384
4	-3001
4	-11774
4	3425
4	-8835
2	-1462
4	-13196
4	2569
4	-4134
4	-1641
4	-4418
6	1969
4	-11431
3	7790
2	-7284
2	-1041
2	20796
2	-4470
4	-4668
4	-13198
6	-5307
2	-3347
2	-12255
2	-12233
2	-3608
2	21400
2	-4131
2	-5483
2	19848
2	3608
2	7555
2	-547
2	208
2	-12659
3	6787
4	-13047
4	-11877
2	3234
2	2819
4	-4223
2	-13199
2	-3898
2	-6073
4	-9816
4	2908
2	-702
2	1792
4	-534
2	-1811
2	-13196
4	-8722
4	-12027
4	-12903
2	8118
2	-3316
4	-12320
2	5006
6	-11140
2	-2634
4	-1156
4	-7108
3	326
2	4705
4	-11623
4	9050
4	-2867
2	-4591
4	-10961
6	2644
2	-9741
2	12716
4	-8809
4	-2892
2	-4568
6	20895
2	-12753
4	-4060
2	7399
2	-4372
4	-8208
4	-2614
3	1820
2	-1518
4	-3377
3	-2407
2	-9747
3	-6026
4	-357
4	1717
2	15289
2	1225
4	-4492
2	4094
2	-13193
3	21627
2	4009
2	21659
4	-3433
4	-2143
2	20454
4	-4566
2	-175
2	-4583
2	3424
4	-2399
2	-8224
4	21573
2	-351
4	-1809
4	-4840
4	-12472
2	-5142
2	2452
2	9198
2	-3257
2	56
2	-8020
3	11307
2	-13086
4	-12518
2	-76
2	-13200
5	-2225
4	-13073
4	-2772
2	3826
2	-10583
2	-12713
2	-10149
2	17475
5	-3583
1	-1207
6	-4080
4	19926
2	-9738
2	2240
2	9832
4	-12733
4	-4378
4	-2941
4	3596
4	20593
4	-289
3	-13187
2	-11748
6	4820
3	4345
6	1290
2	-12581
2	-2064
6	3626
4	21568
2	-4457
2	19190
4	18715
3	-221
3	-12582
6	7806
4	-12271
2	-11162
4	4357
4	16749
3	-718
3	20693
2	-812
2	14430
2	8760
2	12797
4	17008
3	-4187
6	-2946
4	-4307
4	-4657
4	-4497
4	3877
4	20083
3	9838
2	16821
6	-11361
4	-13063
2	-11269
4	-13047
3	-13154
2	11916
4	9773
4	1577
4	20477
3	7330
4	21473
4	-4272
2	-12975
4	-12765
2	-9462
2	-3813
4	-4316
2	-13127
4	-1805
4	-12733
2	4420
3	-4542
2	5366
2	-13188
2	-11493
4	-11154
4	-3656
4	-13018
2	-7296
4	-6754
2	9381
2	7840
4	-4508
2	-840
4	16382
4	7143
2	-4027
4	1232
3	-2149
2	-146
4	7812
4	-2784
2	-5074
4	-605
3	880
4	-3359
3	-9050
2	8991
4	-12552
4	21683
4	17877
2	-8969
2	-12434
2	97
6	-12976
2	8148
4	305
2	-4537
4	9430
4	-13064
6	11591
2	-3605
2	-12001
2	-9732
4	20982
4	-12206
3	-12832
2	-4284
2	-10178
4	-13162
4	-2166
4	-12616
2	-4175
5	-6633
4	-905
2	-7775
6	-13165
4	1455
2	-9549
2	9811
4	-13127
4	13190
2	6721
2	21684
4	9522
4	-4668
2	19020
6	5543
4	15564
2	-12829
4	-4663
2	-3815
4	-8621
2	-13187
2	-2557
4	-10238
4	12874
2	12100
6	20058
4	6237
2	0
2	-1587
2	-3060
6	11072
4	-6491
2	-12091
4	-10764
2	12272
2	2230
4	9668
2	1823
2	1383
6	1453
2	5122
2	2669
2	-4057
2	-4243
4	-2103
2	6350
2	-12916
2	-4661
6	-2401
2	7973
4	-6149
4	15927
4	20819
4	8786
2	1566
3	21673
4	-7145
2	20766
4	4063
3	-3446
2	-13201
2	4906
2	429
2	-6891
4	-1250
6	13316
2	-9700
4	20472
2	7952
4	-4577
4	6860
4	5455
4	18339
6	3225
2	-12761
4	-3504
3	21583
4	21598
2	-3465
4	19023
2	-12158
4	-3889
2	4564
6	4344
4	15507
4	14344
4	4614
2	6026
3	2430
6	-12164
2	729
4	11027
2	6090
4	20640
4	-2683
2	-3911
4	-3980
2	-12755
3	-1669
4	-6365
6	13021
4	1322
3	14289
4	-3469
4	-11476
6	21605
2	-4022
2	13946
4	-907
3	6767
4	-6758
4	-4583
2	2928
3	785
2	-12266
4	1745
6	-2084
2	16131
4	-9193
4	7054
2	-4433
2	-4669
2	-12905
4	-10716
2	-11383
4	18288
2	7457
6	16487
4	-2102
2	-13085
4	714
4	-6365
4	-2830
6	-12955
4	-4235
4	6949
2	17976
4	-3315
4	-4246
2	21681
4	-4354
4	-12213
3	-3893
4	11685
4	-3866
2	-12267
2	1657
6	-13148
2	3999
2	-8321
4	6891
2	-1692
4	-8194
2	-4634
2	-1237
2	636
2	-3404
2	-12577
4	-8546
3	9258
4	-2429
3	-4213
2	1843
4	845
4	-3172
6	288
4	-3785
2	-12909
4	10335
3	21314
3	4350
2	-8748
3	6871
3	-2784
2	-12227
4	-4603
2	-3091
4	-4466
4	7702
2	-13101
2	-4646
4	333
2	16996
2	7167
4	-12999
3	-10089
6	-10654
4	-8230
4	-459
2	-4427
2	-4519
2	-12590
4	18027
2	-11607
2	10197
6	-11345
4	-10453
4	12297
2	-1886
4	-12975
3	16313
2	9067
2	19776
2	-5501
4	-10795
2	-3790
2	2469
2	329
4	347
6	8845
2	-1914
2	4403
6	8639
4	-12319
4	-12943
2	-12636
6	-12635
2	-7943
4	-4211
6	5759
4	-9746
4	-2487
2	13072
4	-8992
4	-903
4	20891
2	15345
2	-4266
3	-12222
2	2809
3	-4117
4	16235
6	7280
4	-3423
2	12651
4	14282
3	5123
6	-8850
4	11967
2	-9504
2	-9057
2	-4503
4	-4455
4	-9443
3	7068
2	-4663
2	-3501
2	12671
2	-12465
4	18050
2	-3548
4	-10675
4	11794
2	7609
2	20547
2	13049
3	1313
5	20078
3	-12551
4	-7129
3	16838
4	-8219
4	20737
6	-3991
2	-2532
2	-2629
4	3957
2	-4528
4	3651
4	12400
2	-12282
4	-13108
4	3542
2	-8332
2	2962
6	-13061
4	13959
2	5579
2	8132
2	5669
6	-12735
2	-10909
2	9357
4	-9969
2	-12491
2	-3719
4	14693
4	-4446
2	2467
4	20957
4	-1820
1	16260
4	-5299
4	-13195
2	21158
2	4425
5	-9896
4	-4664
2	9700
4	1171
3	5453
4	-3114
4	-10750
2	16616
3	-3689
5	-924
4	-692
2	-1507
2	18727
4	21641
2	18207
6	21654
4	-3968
4	-13199
4	-13015
2	19068
2	-12112
2	-4364
2	-3323
3	17408
2	-13121
4	-6962
4	8515
4	-7815
4	-13129
2	-3821
2	-1523
4	-4622
2	-10049
4	-4149
3	21238
2	-12354
2	-11290
4	-13157
2	879
4	1016
4	16926
2	-754
2	-3895
2	-13190
4	3143
2	2179
3	-2759
4	-4075
2	-5103
2	-5466
2	9508
6	6618
4	-11855
2	-12038
6	-1702
2	16190
2	-4079
3	14605
4	-676
2	14985
4	-4082
4	10227
2	17966
4	-6809
4	5912
3	-10361
6	-12423
2	-4067
2	17809
2	15462
2	633
4	20988
2	-4285
3	5802
2	755
3	-6301
4	-8092
6	-4668
2	5267
2	-4455
6	19242
2	6703
4	-2652
4	-4395
2	18898
2	-12586
3	-13182
4	19039
3	5862
3	-13153
2	10102
2	-1812
3	-4299
2	-8938
4	6343
2	21109
4	-10864
3	4872
4	10500
4	4758
2	-8790
4	-6482
4	9548
4	15738
2	662
4	-307
2	-4649
3	-2267
4	-1959
2	20205
4	17394
2	13674
3	-12823
4	-4298
2	3784
3	-3931
2	17540
2	-4478
2	21667
3	17532
2	19536
2	-2384
3	18625
6	-4614
4	-6906
2	16893
2	-3368
6	-285
2	950
4	21203
4	-13006
4	10726
4	-12607
4	21626
4	-13201
6	-1260
2	-9523
4	3439
2	-13178
3	3771
3	4956
4	2554
2	4365
4	-6567
4	13589
2	20888
6	-4252
3	7986
2	19095
2	1705
2	-10164
6	4282
2	3807
4	-3411
4	5708
