6	2509
6	-6399
6	-8766
6	-1770
6	3513
6	573
6	-7001
5	-4165
4	-1304
4	10976
4	16363
6	7673
6	20014
6	6759
5	10986
6	11708
2	-189
1	27834
6	2668
1	15892
6	9452
6	13745
6	7802
4	-5216
6	8601
4	12080
6	-6510
7	-11468
1	-11859
6	1501
4	-3217
1	-12278
6	13783
6	-8712
7	9628
1	12808
6	-13636
4	2592
6	-20175
4	6339
4	-14264
6	5275
6	2945
6	-10352
7	-3180
5	6360
4	-14077
6	-3699
4	5397
4	-12213
1	11249
6	-952
7	6194
6	4603
4	-2878
6	-6038
4	-6403
6	-18009
6	-7746
6	705
4	-5387
4	-6540
4	-10584
4	8179
4	11682
1	3882
4	8160
4	8538
6	2860
1	-11372
6	-6658
4	-20225
5	-2741
4	14222
5	-730
6	1098
6	37458
6	11677
6	18607
6	-8076
4	-11397
6	1760
7	6118
1	4544
4	3031
1	-20837
1	16709
4	7679
6	-3795
4	-15550
1	-9113
5	-1221
6	6449
6	11848
6	2503
6	7587
6	11699
4	-1826
1	3090
6	17133
4	2471
1	1472
6	-2290
6	3608
4	8297
6	-15203
6	10766
6	-4281
7	-9467
1	3970
4	6586
5	25384
6	3567
6	6216
1	-12385
4	6577
1	-5720
4	-7884
6	-10283
4	-17230
6	-7780
4	-18666
4	-14562
6	-1203
6	5376
6	46
6	13371
6	6196
4	-8875
5	-3973
4	-7485
6	9022
4	-1018
7	6364
6	7240
6	3080
4	19148
5	13061
4	703
1	682
6	-15928
1	-6822
6	14737
6	-293
6	-10584
6	873
1	23310
4	-2049
6	-6408
4	8920
6	5346
4	2203
6	-14406
1	2637
6	3183
6	-11998
6	-21832
4	-5114
6	5690
6	-132
4	16900
4	5388
5	-1976
6	-24376
4	2409
6	-2268
6	9298
6	-5083
1	-2786
4	5647
6	-2901
7	-8288
6	-9383
6	15133
6	-20937
1	-7163
4	8106
6	2432
6	4152
6	7467
7	-9742
1	-8064
1	-2345
6	-12968
6	9368
1	-16063
6	-1547
4	3952
6	-11788
6	5217
4	-11690
6	11790
4	9350
5	669
6	-7211
1	3608
6	4494
1	20380
4	13526
6	8879
5	12425
6	8859
6	-1634
6	-1473
6	-1752
4	4854
1	796
4	-9341
2	3685
4	-3173
4	-10218
6	-17723
6	-2318
6	-6522
1	-11906
4	10085
1	17194
4	-7313
1	-4546
4	10323
6	2745
6	-3965
6	-5252
1	-3199
6	2434
6	-10882
1	-7187
4	-13007
1	722
6	-8665
6	-11031
4	5760
6	-7797
4	9336
6	18308
4	-10839
4	1843
4	-11092
6	15736
4	640
6	1280
6	-7890
4	-16902
1	-7298
6	-3423
7	11063
1	860
6	-14455
1	-1954
4	-13210
5	17674
4	-12231
6	5806
4	-6271
6	-16076
6	-8853
6	4674
6	13481
6	1275
6	1910
6	-5519
6	-2756
6	-10768
6	-7963
4	-12421
6	-12074
6	4150
6	11892
7	13743
1	3738
4	-549
4	-17429
1	2062
1	10142
4	3940
1	4598
6	-2651
6	-4735
4	10040
6	7977
6	-9396
4	5828
6	-4238
6	-6248
2	19113
4	-456
7	7283
1	-9521
6	8691
7	-9100
6	242
4	12902
6	-24951
6	2254
6	-8279
6	-12525
6	4273
6	24511
4	-8161
4	-9542
7	-13780
4	-15858
6	10671
6	-5583
6	3353
4	-11401
6	-10589
6	-12587
4	2682
6	-9092
4	1570
1	5036
4	17903
6	6995
4	-4391
6	-8365
4	3042
1	-6272
6	3492
6	-12394
6	13439
4	-3188
1	-5286
4	-1765
6	-8122
6	-19805
2	9638
6	-6792
6	4652
4	-21696
4	11212
4	3855
5	2878
4	22026
1	-9626
6	-2390
6	7551
4	3863
1	10102
5	5088
6	3761
1	-24465
1	8876
6	6273
5	-6221
1	-17167
1	-2043
4	13781
1	5360
5	6598
6	-14666
4	-7779
6	-6786
6	-6729
6	-8821
4	6260
6	-2255
7	7426
4	-363
5	13447
6	-1167
6	-2063
4	-10176
4	-9713
6	21214
7	8755
4	6900
6	-1616
6	24800
6	504
4	-5809
4	2834
1	-8229
4	7386
6	1945
6	-8188
4	12113
1	15061
1	13129
4	3733
4	-21464
6	13705
6	-4887
1	1740
4	6425
6	15972
4	-4884
4	5057
4	7197
5	-3779
6	-2230
5	-6738
1	3484
6	-2597
6	24806
6	-19122
4	-6172
4	1165
6	9257
4	-5057
4	-6442
6	8712
4	-23259
1	13196
3	8474
4	18783
4	-1975
1	914
6	961
6	17559
6	-6782
4	-14209
4	18415
1	8203
6	10933
6	10977
1	9106
4	-9104
1	-13462
6	7397
5	-12035
6	6220
4	1209
6	-10925
6	-13430
1	7131
6	9527
6	-1779
4	-840
6	25245
6	4509
5	-13380
6	-14017
4	5582
6	-1686
1	-11723
4	-12438
5	4587
1	-6182
6	11069
5	1236
4	5358
4	-1172
5	-9351
1	-6162
6	11504
4	-7859
4	3619
6	7093
4	16467
6	-9013
6	-5935
6	-4085
6	-7132
6	329
5	7643
6	1953
5	10537
4	6843
1	-6080
6	3889
6	8195
5	10568
4	-8642
1	-9100
6	4637
7	22849
6	7116
4	-5278
6	212
6	-18635
4	-7572
4	-740
1	2535
4	17579
1	16852
1	1824
6	-1985
6	-8122
4	-1509
4	17041
6	9346
4	9424
6	6682
2	10266
4	5189
6	2245
4	-8196
1	-1470
1	-17477
6	4259
4	236
4	1035
1	-6814
1	-5471
6	10818
4	8375
5	4179
6	16851
4	-1442
4	7386
6	-11958
4	-5402
4	4503
5	-7799
4	-7192
4	24559
6	-9592
4	-8405
6	-22161
4	-3418
4	-12495
1	-923
6	-5109
4	2280
6	9027
4	-14359
6	-14319
4	-9958
6	3222
4	2857
4	5237
6	-354
4	2906
4	-16900
4	-20009
7	10737
6	-15218
7	-4846
6	3152
6	-3636
6	-4625
6	693
6	-5308
4	-849
4	-4898
6	5584
1	-2140
1	-10637
5	1136
1	-6433
4	6636
5	-1480
4	-7728
1	7583
5	-9785
6	-9738
4	-1737
6	5395
4	17339
4	10535
1	4616
6	-13056
6	-5138
4	-4270
2	594
1	-5999
4	-4264
4	-4661
5	8813
6	-4333
6	13992
4	-1569
4	-19269
6	526
4	5336
4	3591
6	6537
6	-3185
4	16491
6	-3677
4	-3303
6	4231
4	-11117
4	5612
6	746
6	-58
6	8254
6	-2397
6	-18309
6	-10338
4	15317
6	1953
4	6686
6	-13395
6	-13195
6	-9175
1	-15340
1	-4831
6	-2001
6	-8081
4	3562
6	3956
6	6035
6	9590
6	28657
1	-2362
4	9034
4	1863
4	1791
1	5289
6	4803
6	-1516
4	-6667
6	-10283
1	-7231
6	2254
6	6951
4	12504
6	-21117
4	9458
2	7971
1	5924
4	-13836
6	19234
1	-7099
4	-7219
1	2703
5	2136
5	-18213
6	-4615
6	-12284
1	23149
1	-8818
1	8103
6	-2636
4	-2107
6	-16327
6	-8180
6	13406
1	-2422
6	23985
6	-2182
6	2167
4	-16087
5	26871
6	6793
6	7986
6	16652
6	-2822
6	5337
6	-13984
4	5975
6	-5491
6	13014
6	2462
5	2943
4	-2421
7	-13325
4	-15515
6	16146
6	-2177
6	3373
4	2166
6	8970
6	-1286
6	17646
6	-7734
6	1825
6	-1785
4	10245
4	2884
6	21217
6	-10980
1	8259
6	-14516
6	1880
6	846
4	5872
4	-12600
4	5564
4	2218
4	-16527
4	7643
4	-11296
4	1045
6	-311
5	-8082
6	-5214
1	7699
1	8819
4	-20941
6	5181
6	10696
6	-6870
6	3516
4	6632
6	648
6	8765
6	857
4	-11814
6	12600
6	5530
4	4806
1	4193
1	6392
4	-1853
6	-4784
6	1109
4	1748
6	-10917
6	-1449
4	-11183
6	-555
4	9205
6	-10073
6	2693
1	-8868
2	6727
4	-2356
6	-11270
6	6296
6	5345
4	27631
6	-2415
4	19562
6	5914
6	-7244
4	13728
6	-18662
6	8406
4	-7458
6	-8356
6	8152
6	-9494
4	-6014
5	4287
5	6256
6	-8961
5	-4445
6	7023
6	8096
1	5032
4	-12022
6	-3543
4	-13212
6	6538
6	8199
6	16125
6	3327
5	-632
4	3637
1	6612
6	11663
6	15593
6	16332
6	23104
6	5280
1	-3645
4	-12900
1	4796
6	14188
1	-19029
6	13197
6	8288
6	-27662
6	2018
6	9746
5	-16388
6	-15735
6	12473
1	-14243
1	3639
4	2139
1	6799
4	11783
6	774
4	-6911
5	-575
6	-3362
6	-1617
6	10410
2	1449
4	6848
6	24273
4	8589
6	-396
6	-10959
6	-6879
6	8178
4	11601
1	17997
6	-5793
6	-2959
6	-9965
1	-9261
6	4152
1	-21484
4	10945
4	-1162
6	-14396
5	474
6	2738
6	3414
6	2396
6	-6917
7	-197
6	-4777
6	4733
6	-6956
4	-6967
4	-4977
1	-11498
5	3037
4	-2730
4	9049
6	-14281
6	-5941
1	-7652
6	-5913
6	-18152
4	-3175
6	-9417
6	15029
4	15972
4	-8324
6	-4143
5	8833
6	-5487
4	2236
6	-4251
4	-153
4	-1228
2	-8908
1	-5806
6	5943
6	21779
1	1069
4	-11482
1	456
6	-490
1	6252
4	5781
2	-1615
4	-609
6	-11535
4	-4696
6	-16019
1	13912
1	16443
4	-12209
4	5413
6	30614
1	4371
6	376
6	3230
5	14956
4	-751
4	-572
4	-6601
6	7409
1	-13549
6	2545
6	6726
6	-11576
4	-2878
6	-1351
6	-8775
6	-4650
4	-18814
4	4922
1	-17776
7	-8257
4	4007
1	-7097
4	-11215
1	5887
4	1502
6	-380
1	322
6	-304
4	19481
5	-12837
6	198
4	-2191
4	-10547
6	3081
5	-7673
4	13117
6	-11191
1	-13745
5	5849
1	-7784
6	5931
6	-19174
4	-11069
6	1892
4	8646
6	-7361
6	9975
4	-377
6	10574
6	-8865
6	3709
4	36092
6	3240
6	5330
1	-1339
4	-10804
4	1685
6	12524
6	329
6	11368
4	191
1	-4591
1	-6420
6	4487
5	9189
1	141
6	-14948
6	8241
4	5126
6	10848
1	-1327
6	-1565
6	-8151
1	-12956
1	606
6	6608
6	267
6	142
4	-9148
4	3458
4	-4619
4	2372
6	-14762
1	4210
6	-18796
6	-14398
4	7004
4	-118
6	-1236
4	3649
1	2963
5	-4238
6	4884
1	9480
1	19216
5	-9532
4	11621
4	3776
4	-10811
6	1285
6	-10163
6	-7620
6	2619
6	4941
4	-24499
1	-9008
6	-14888
6	-1158
4	-6715
4	-20949
6	-1008
4	-13977
4	7170
1	-14082
6	4682
4	3926
1	-5874
4	-8909
6	12477
4	-7895
4	-10447
6	-14434
6	3842
6	6067
6	-15188
6	10036
1	227
1	1212
6	16763
4	8613
4	-11098
4	2954
6	-8889
4	-1425
4	-2494
1	-3734
6	-2639
6	8783
6	-3206
4	-12941
6	-17530
7	-6790
1	11173
4	4443
6	4329
6	6041
4	10751
4	-14908
6	4908
