9739	-28515
-30780	-8006
-13631	13593
-1393	7913
11135	-4045
-10457	-6506
-5908	8058
-9689	376
-1648	6984
-2242	3468
7018	-3486
10128	-18477
-10466	14196
9143	-8899
3738	-915
-7718	10138
-744	10176
18524	-14627
3027	-21679
-11260	13662
4850	-3079
-18	5736
-4453	728
1231	-1900
10368	-10954
3971	-4519
10376	-1097
5255	-14479
14000	-5024
-2525	8287
-8972	2898
-2720	2786
-3133	6694
506	-5856
-1871	-387
-7922	6327
-16250	14292
8232	-6044
3439	7470
-1984	-7948
4048	-19999
10316	-7983
9301	67
-5216	-579
-5763	2666
24064	-23199
-479	3451
12112	-13685
-4318	2945
6398	-1587
-4656	-15629
-19449	14638
14360	-15749
6039	-294
11175	-1425
576	-2083
-7722	11090
364	7819
-8570	9547
-3334	6066
5157	-11611
-364	4760
24580	-18427
-175	-3826
-4745	1466
25537	-21832
-2747	11873
-11257	14300
1561	-1871
-6466	7491
-20593	20331
7568	-26375
14149	-7770
3775	-7909
-11140	-4386
6401	-5377
8383	-6583
1405	-34
-13050	8794
2133	-7740
11223	-3089
23389	-26779
-271	-1721
6971	-4155
-10349	-14686
347	107
3971	-8197
6006	1466
-4335	6928
744	-7105
11368	-4939
-16120	-2395
7543	-5117
-11481	5476
503	-7330
-6799	3777
2206	-4079
-5857	527
5194	-3031
1908	1927
6714	-4995
5158	995
5322	-402
4703	-2117
8364	-4798
15386	-23775
-5081	2665
-17226	13441
8493	553
-9706	13026
-6451	4561
1761	7920
-17373	15723
13234	-12543
878	667
-6975	4400
16339	-8623
-1291	4453
-13309	6111
-6677	10806
-4476	5811
-10161	13700
12289	-9694
-3060	-2396
9217	-7920
4134	-1633
-6248	4143
-2677	444
18520	-6395
12788	-7312
11770	-12168
11637	-5911
-170	6857
-8149	12955
1049	5255
926	5876
10816	-2831
-548	4535
-3344	320
2358	-3572
-6482	6365
-14281	8690
1762	-8964
-9401	11138
13566	-57747
-3321	5353
-4724	5934
-5884	-16259
-1589	-622
550	-8877
-624	-1087
78	4177
19333	-21281
-364	-643
-5127	7263
-3028	6126
13685	-1477
-7149	8242
3645	-10226
-3406	4148
-8665	15057
14406	-10047
571	1761
-1960	-2735
12821	-19410
-7258	995
6359	-1747
11605	-32831
1620	2144
3661	-2793
-21250	1133
1924	-4002
2259	-743
-2033	267
12740	-3436
3769	1876
-27854	1634
-10160	7927
-2783	-345
13206	-8917
2495	-342
17415	-10936
-1879	5702
-14230	16421
125	25
-2535	-534
7521	-3591
-192	-966
5402	-2335
10080	-24380
-4012	-2509
4973	3085
2029	-5330
21441	-40401
4849	-19281
3046	-35207
-2352	11504
15293	-15550
-6925	5224
7865	-16025
-2143	5889
-6127	3663
1894	2208
-523	2921
3104	5162
14913	-12347
4159	853
3814	-3855
8818	-10012
8724	-4252
11406	-2654
5770	-3775
3141	4484
3857	-4781
-10582	-1512
-6776	8557
816	-3305
10270	-9210
-3369	4396
1876	2486
-10488	9224
6509	-12724
15380	-9696
9494	-11252
5802	3319
-2264	6000
2661	6081
6696	2376
-9810	13194
-2005	4898
5871	-6531
489	8348
11718	-20859
-11231	14916
14644	-2322
-6430	8624
-10712	12390
2365	-227
6489	4416
13361	-6926
3132	-7559
14336	-16782
-4922	2956
4917	-29214
10536	-3369
-16168	13019
6138	-12203
-3048	5183
-913	6109
11228	-3101
-4059	2355
6888	-272
17170	-19912
-9179	4808
9452	-5252
-7568	165
2186	1442
4343	-2806
303	3808
1404	-11948
2456	4253
-8598	13415
2615	372
-7729	3250
-5287	3267
-8313	3584
-871	-4871
-19689	18643
-20	9646
-751	4597
21824	-14807
-216	4088
-11012	5988
-1673	11271
-7816	11281
-2368	-12077
3590	924
-13076	13591
5590	-3002
4495	-293
-3193	3359
5849	2523
537	9802
-6916	9014
550	-3684
3012	-3467
2789	5548
-8969	6989
7396	-1895
11259	-6727
1044	1210
-11416	11548
5487	-1364
13098	-12136
-6221	3380
8331	-14535
-654	10533
5005	-10602
12215	-14881
-3362	8184
-7943	-10060
-7929	10032
11078	-11680
8217	-6448
4954	2081
6896	-7092
4623	2007
5600	-6413
14231	-7429
-6030	9543
10179	-2325
10507	-9054
-9621	8069
3336	-7513
-9617	15297
487	2880
3786	230
-5317	5937
13696	-10781
3466	5192
15463	-7216
5568	3145
-2525	3855
4612	-8720
-4978	2181
10280	-1223
-5337	4251
-14884	8482
-1215	3296
3699	7063
-4620	4576
10395	3684
-2356	1550
-16538	13833
10700	-12344
-10317	5089
-3324	3688
-16708	8078
-152	-15602
10674	-20212
-417	-1670
-12272	-2408
-14664	9451
-4249	5411
15290	-12336
-4552	10480
-21323	16326
5299	1370
-12038	12270
13342	-6379
-482	5748
7393	2448
-5555	3298
5242	-5874
4860	-263
-16665	13619
10136	-24012
580	2465
4453	336
2163	2506
-2813	1263
-7020	7064
1766	2381
67	-5240
6994	1327
-16178	14065
4612	-17456
6264	-7362
557	7894
7813	-4120
-2282	-2859
2611	-6998
18726	-18518
11596	2116
248	-470
-5266	10147
-6054	9788
1401	2225
-1870	5091
15169	-13653
-7977	10957
5318	-7185
-8264	7719
7149	974
6636	1682
-15624	1634
-547	5139
-329	4755
-7060	8332
-554	-19016
9866	-13562
1600	628
-23068	19113
16937	-15655
8299	15
13198	-12475
15954	-8424
-1383	2344
-2933	4620
632	-680
6157	-520
9879	-6098
-6987	8755
9025	4541
20928	-11588
6933	-5185
7705	2149
18878	-10458
-3498	5620
-15880	10637
-11575	2442
342	742
-7152	2352
-4966	7427
-9063	11328
-1837	-6024
-30673	20576
-32239	14370
11949	1706
-5414	2643
3132	-7772
-12778	11369
-3640	1831
-14684	6738
16667	-8093
1238	1354
7323	-6297
276	4953
4089	-9853
181	1729
-12621	11195
-403	-5576
11542	-16594
16894	-11814
-5549	7599
8339	3845
26262	-31588
1615	-540
15359	-6799
7057	-8055
1095	-615
-3398	4755
7021	-1695
2422	3556
11988	-6068
5329	-5136
2377	-8797
2136	1202
7368	293
16174	-12265
13663	-3765
-16711	11055
7574	-4382
24310	-20968
-1374	3526
-4609	-1692
-3026	5663
-4154	3149
-9120	-1183
-4128	-1894
-11335	14805
-2317	-11496
-4125	3892
13733	-3145
-12813	7242
-7730	11623
16379	-5293
8027	2833
-13412	15063
4753	-4337
8411	-12521
-9337	10997
2707	-5744
5912	-10416
3839	-3764
7974	377
-13712	12341
123	3002
-18886	13701
-7555	10230
3568	295
-2367	401
-7400	7401
5755	-3068
-3879	7349
3003	3558
4035	-6020
-2313	3259
3622	2106
-6408	10822
9326	-29010
15747	-14932
8912	-1943
2535	550
4442	-2949
-5980	7958
9870	-10267
-2727	-263
551	11224
10365	-517
6513	-828
-311	5537
-1231	1729
1675	1214
777	6773
24433	-21843
-7851	3915
-11049	5274
-1514	4126
14629	-15839
-3408	-15347
-928	5043
8344	-7720
-3251	2773
-7427	14099
-4794	7049
623	3853
15296	-17128
4485	-448
-2438	3990
-11481	12913
12970	-12168
-4850	4976
15152	-6975
3538	6442
-17652	15800
-11224	13268
7261	-814
-6866	319
22486	-17876
-12576	13947
1957	-4525
-1018	221
-10260	-2824
-6209	10106
-3602	9197
9728	-4230
5527	5534
4809	-6283
-11709	9026
-12723	6349
-6043	10160
13910	-6604
2658	-780
-1118	-3306
-28055	16001
-7229	5602
-4710	10226
-5305	7734
-2771	-1254
-4206	5488
1346	-8568
128	6093
-9049	-4371
5630	-1498
-10367	7590
2848	3296
-11634	11821
5863	-3488
20732	-15135
-20009	15827
10900	-8478
-488	-1974
-8258	13166
-369	1313
5413	-5656
-128	4517
-13070	11397
-6401	8427
-588	-7302
-7716	896
3735	-2169
-8553	10551
-26944	11568
-9851	10430
-7561	11998
-11375	10183
2642	2153
-15031	12571
546	4461
342	7614
5403	4260
6123	1276
-7920	8544
5354	-87
6858	-26970
8654	4011
2275	-28819
-4123	6215
-5039	11221
6163	2514
-23627	17485
-13129	8871
-220	7783
-8781	11366
13082	-15731
8713	-19699
-11849	9230
-7711	7246
2737	-14624
-14565	6123
3289	-5015
-18052	17413
-1322	-2507
-2432	2003
-12624	2441
-1225	6876
6377	-22046
-6859	590
-14206	3598
11921	-6890
7391	-2234
402	3495
-16133	-3118
-18747	13245
-8043	7399
-16812	20309
-12838	9452
-5657	-691
4407	-4128
-10095	11916
6468	-3979
-12378	8808
-10957	11876
-15986	7392
-4573	3145
10307	-4510
-6100	3711
13906	-3598
-9254	10801
-10390	3006
10606	-922
-4936	-2016
-2131	3549
4279	-15243
-144	699
-8748	9788
-7293	5319
8673	-9500
-19814	14612
-2518	6018
5079	5415
13369	-12559
-3228	7254
9928	-11920
-2731	-13425
11293	979
-1520	2589
1916	4323
-5236	-2893
4480	-3984
-3849	-3998
-2242	4352
-6477	12468
-8896	11286
6165	-13490
3794	2546
7412	-7047
5650	2038
-10405	10456
14445	-7773
3083	2822
-1460	4271
-6251	12323
-1837	8083
6752	-12264
-3432	1936
-23887	17025
-1480	-10800
6580	-3300
1816	7935
3489	-546
-11094	16451
-8643	8549
125	1231
-7779	-7672
-8655	1977
7301	-1397
11829	-5269
-4341	1377
-12252	-1933
25667	-26894
-403	2047
22810	-16221
-2590	2597
-14020	8383
13360	-17095
-2925	-993
8176	-12667
11219	-26315
-5858	940
6101	-6419
-14825	12560
5199	-1509
-8400	9795
-3043	4000
-57	-3946
6141	-2787
-8790	9501
-11257	7555
-2323	-1018
3967	-6255
19084	-21552
-4828	7925
-5391	-10762
-23132	15323
-10146	3163
-10195	-4868
-3242	-14794
16748	-21113
-2969	6141
-2514	1511
-3546	2520
6309	365
217	2560
12295	-19223
935	-5517
-14836	10812
12680	-4346
-7971	769
-2340	5038
-14917	8186
-8937	3424
-938	6008
4745	-66
1063	-2841
1986	348
-4433	6434
-3093	6785
5212	4620
-5409	-19219
14290	-5121
-3066	6731
-15066	10161
14151	-25201
-1383	923
-10568	11722
-4219	5198
-11776	12028
16396	-7675
6336	1100
2829	-1511
-7179	7401
-3159	2394
19952	-17013
6834	939
23083	-27488
-14183	6048
-4085	7688
-2470	8220
-20620	17746
9348	-5637
6091	-6845
2287	-2033
1344	-12970
-12711	7451
-1839	3029
-3409	6256
11290	-10411
13884	-5779
1598	-482
-6564	14270
-5703	5012
15137	-4979
12294	-16374
-1928	-3616
2113	289
-887	-5960
-3221	3626
12031	-5118
11156	-11206
15654	-20153
-1402	9178
2998	-4104
-1973	-2495
-14667	11790
373	-1189
19375	-13760
-3029	10029
4523	3371
-17510	12911
-16649	17784
-15260	7768
-7474	-3907
-6011	10835
-9404	8442
17689	-5913
-10394	10414
751	2712
-2095	3508
1480	-924
4215	-3284
-5598	9490
16453	-15023
3158	-6884
-7168	-524
5107	1355
14788	-12922
4831	-2654
-665	-119
19452	-10944
11405	-3655
-5861	-2033
-5953	4787
-638	3623
-1425	-1953
7255	-261
11678	-13260
5825	-6423
5501	-6000
2228	-5172
-10810	11113
-15230	15265
-13191	11209
16376	-26196
-8973	3198
4732	-1832
-3656	5719
19313	-3793
-9064	2187
-13462	16824
-7104	10591
-1265	-6988
21790	-14419
12967	-6612
2568	-4487
-1097	-14134
-5549	9267
2570	-1071
194	-834
-9390	9513
-1358	1033
2310	477
-3226	4477
-14016	10720
-4641	10690
2791	-2917
5226	-1783
10235	-10241
8046	-11466
-6786	6719
-331	-6180
8636	-1783
9236	-9454
3878	-8932
-6550	-2405
-7881	12701
-6280	9562
-7979	10541
-6346	5153
10662	-578
-11048	10364
-6022	10553
-15325	9935
7769	-21974
-4193	3741
-12	-5998
-12842	10088
-3880	3414
-14783	14717
-3167	9392
-3307	7931
3434	-610
4472	-21531
-19922	13167
2285	3954
1975	-2865
-8841	8194
-3960	3592
14369	-2536
6380	-4256
-1840	8216
-13042	9037
-8134	528
17652	-11049
12351	-16760
8290	-13089
13643	-23110
4496	-12327
4021	-406
-4176	6060
745	-6887
-821	-2095
4755	-2503
-11275	9353
900	4744
4184	2082
-15224	-7938
14533	-26637
3626	-2140
-1397	-10514
-9149	12772
-2008	1388
9221	-12581
-13916	13241
903	7327
2152	-8416
-4238	7791
9446	-7893
15414	-2473
9180	-14255
-7393	6870
-3865	8860
-864	4767
-10151	11624
-9204	9246
2311	-6199
6870	-1665
-12410	4120
-7735	4208
7818	2738
-5975	-4929
18418	-5655
-1313	3564
4304	1721
-4884	-7535
-9807	15772
1797	1688
-14387	9111
5239	-1058
-9690	7288
-11843	10212
9091	-4527
5280	-7727
8852	-4984
3481	-683
-14589	12589
-2479	12208
1594	-5695
-4307	3374
2484	8911
11701	-1209
3819	4938
12680	-2729
-5153	9938
-22148	9284
1613	4510
-11194	6095
15875	-12521
-11648	5818
-8581	12141
12866	-8971
4886	-3334
-6689	9071
-12386	9337
16651	-8771
-5622	1961
21810	-13181
10288	-2773
-2802	7513
-3528	454
-17053	7598
2346	6287
-3513	10863
4383	-17
14823	-14594
-3898	11378
267	2105
13902	-6894
-16168	17020
10330	-1314
-12855	15864
-2144	-20697
5757	-4871
665	5593
18915	-19160
-12918	14995
-10652	3523
2374	-9840
19427	-15397
2594	1346
6558	3721
-6346	4493
-6120	7557
-3992	4681
-3326	-13357
12366	-14656
-4251	11860
10879	-452
10882	-11093
-606	6818
-10887	9090
3391	64
-15787	16428
3888	-2617
8076	-11228
-8726	8706
85	6771
-9070	3194
20565	-11507
-23939	10243
5012	44
-23125	18688
-8459	-3188
10071	-10042
-10605	8392
-6958	6044
1562	3916
-11698	7642
21461	-35054
-11517	3464
3986	-135
12449	-8025
-2635	2153
-2500	-14083
-12285	14141
3335	-159
-6136	10589
-3558	4155
3034	7785
-3007	2903
1802	6340
10649	-21693
-218	-567
867	3985
2470	-942
2569	765
-1762	-1271
1433	295
3624	2225
4999	2663
10196	-1898
-8039	6776
1392	2217
-4221	2751
6570	-2972
7660	-1762
4835	1352
-7382	13141
586	7349
13380	-21742
28835	-24395
-11235	9302
-14352	6841
-8068	9521
-7691	7483
-1031	-5245
9756	-4828
-20829	17073
-2173	5231
5364	4437
-12928	-150
-7180	8407
-18301	-4599
3594	-3569
18530	-11607
541	6378
4333	2838
-1512	4502
15535	-21385
-9085	6798
-5805	1323
16633	-7355
13500	-4133
7050	-5215
-2504	-1021
-10616	13706
18126	-26856
23863	-14208
-10862	-2466
1900	2628
24434	-27191
-11475	1807
5670	-540
19026	-14631
22092	-11285
19769	-29984
10164	-7246
-18450	6367
-10060	9022
-8791	13575
-5467	4105
2005	2427
21134	-10783
987	-5581
-7047	11419
8575	-9219
1905	2886
7260	-12180
5472	-1154
13170	-6976
1285	-8940
-10932	-7157
-16228	-1442
8508	-9171
10616	-16372
-8326	13604
-2934	5575
-471	771
5886	160
-14	5469
-2215	546
-17430	13631
-5789	4292
3045	-6456
-5828	8485
-21702	15806
7891	-22098
8914	-20281
64	1314
-10604	11608
6556	790
-11248	8909
20262	-14237
-8766	10979
3740	1304
-2870	728
-8752	10596
7887	-13523
2730	-850
-715	-16436
-17492	-2396
-9618	-892
25215	-39799
11711	-9790
-9040	12649
12611	-3192
2154	1497
1798	4655
-16952	9926
-1251	-2095
9763	-2667
-12566	13058
-28174	16891
-10577	11570
-3180	8097
-15382	9821
12058	-9713
10507	-4017
5164	-6465
-12969	8615
1361	-413
-12756	13356
7403	-11807
2362	2539
-9428	9414
11097	-7826
19565	-7613
9401	2198
22328	-40944
9006	-12168
-8196	4440
14085	-17907
-2445	5423
10826	-217
3170	-3099
3402	1902
6806	-10069
-2330	4366
3738	6013
-9983	6512
-3239	4983
-32	2511
-13910	15154
3607	-2941
12454	-6870
-3280	-4526
-8767	7861
8526	-1771
3375	-5529
-9720	1709
-5719	4085
-9847	3513
5210	3865
16308	-25196
-10562	-19694
-17601	15532
14597	-11591
-9109	9416
14758	-8287
5774	-2246
13364	-5996
23722	-50393
-21	-464
-1170	1605
-7675	11091
5074	2391
-1118	4246
11978	-14161
8889	-1244
-3639	1908
-16079	8587
6483	-1628
-6889	8701
-13439	15656
-1410	3508
-17335	13946
-19215	14385
21178	-21091
-4096	9491
19416	-9468
-2956	7043
2913	-1542
6929	-1882
678	-16606
-1158	-185
-9378	1041
15247	-4879
8032	-29051
13651	-7296
-6598	8798
-2234	9407
-8522	3784
-4448	4496
1082	-4676
-30487	18993
16083	-10466
-3669	7247
-10113	10818
-4345	-1501
6359	-6063
16540	-7128
-4448	2021
11323	-1390
-11487	4196
5830	-3349
-937	2370
-14093	-319
24977	-7487
-16701	10198
5149	-26314
5886	-4684
-13068	-459
-7133	6368
-3291	-1615
6869	-601
70	-4415
950	1950
-4159	10708
-3679	5682
3458	-7085
-1616	5513
-13854	10722
10071	-2179
6097	-3015
11274	-9490
-9237	9635
-3736	-3879
10165	-7485
-8400	14802
3336	-1365
-14060	8309
-8677	11560
2403	299
3103	4746
-6345	6518
6254	-7368
6312	290
-11977	6260
1480	10493
670	-16182
12510	-11842
1130	2924
-260	1941
-1892	7141
-10667	9852
-7815	11251
-5530	13091
1639	-3921
-1778	5074
-5708	-145
6237	-9967
15571	-11336
-2308	-6537
2853	-437
2782	4862
1892	2809
-3614	-9185
8081	3517
4121	786
-3591	7944
22409	-32900
-6520	5415
-10189	10412
3467	1906
697	-1542
-1396	-867
-5029	1378
-5802	8644
5911	-6185
-9761	5862
2760	-1719
8755	-3640
6128	-7085
-1704	-869
-1228	-16435
6077	-6530
20085	-12368
-17894	4994
13073	-6334
1938	2994
7016	461
-5282	-4461
12167	-15472
-39719	25307
5545	-822
-7780	6624
5106	-7398
10797	-4919
12379	-4837
16512	-17295
14227	-3824
4132	1103
13371	919
-6283	12251
-18599	-3846
1863	7880
-4608	-12543
-13931	7409
-2093	-5092
3579	-6642
5649	6142
-10056	-2003
11690	-13688
15921	-17264
-5426	10343
-12629	11262
-4051	-15725
12119	-6565
-2233	-22007
2448	-6183
-461	4433
-9708	4733
6292	-1121
-8033	5359
12830	-11574
8309	3648
-3908	5218
4154	-16830
-5390	4281
-10616	13865
-5709	-5995
80	3684
-5306	6377
11991	216
-24	8747
2009	2279
-7734	6145
-8067	4992
688	522
-5784	-30966
-7271	9721
15024	-12631
1223	-909
8329	-12692
-16511	-1329
-6419	13859
-10240	5799
13951	-7403
-8898	8854
-7007	8211
10482	-190
8954	1522
14101	-9085
-9003	9752
10003	-1830
11254	-3900
12134	-6407
-599	6322
5079	4075
23736	-36562
-3011	8438
5420	601
27556	-22909
20222	-10972
-1024	2443
-13762	16208
2501	4515
-717	-587
-10617	418
19595	-79612
11506	-2741
11593	-18880
-13955	16670
1444	-1216
803	1868
16897	-2734
11352	-6408
389	-1161
-7330	7414
-5996	10066
7385	1127
-27525	12653
-38012	-9456
7597	-1498
-16736	13258
-3392	-6089
-3864	6584
5415	1051
-4108	1573
-14167	10650
-17422	8744
234	-2583
9196	-9011
-1797	1255
1759	834
-16745	12535
22550	-8840
5768	-4047
-426	-435
3500	-1161
3060	-2173
-17408	19088
-11990	-6822
-256	1801
555	-1720
-5750	9183
14327	-4189
9794	-11376
9126	-12241
-16951	4673
20242	-11997
-12103	6936
3986	-4542
-10593	11288
6525	1123
-6551	2488
11697	-1890
-2215	7155
13247	-19588
-2353	1907
935	5408
-4163	-2820
9597	-16901
-11442	12259
3602	184
-22424	15948
5415	-3595
-9308	12964
5419	2539
-15683	8501
12616	-8619
1172	6697
-12953	7104
-236	2019
3623	-412
-14468	-1831
9258	-5525
458	7640
-11844	5811
10702	-591
-3674	5754
14550	-9287
5752	2041
12788	-3561
-5468	-86
-2827	8221
-8297	9614
2500	1888
-5109	1757
11548	-8670
-26351	8663
1723	4810
-11379	13170
-2693	4626
6387	-4214
15486	-7157
6982	2331
6438	-6909
-11770	10500
-14988	17150
-1160	-819
-4460	10573
-10809	13711
-6402	9721
-15993	8044
3437	1287
4305	6471
-7949	4055
4311	-4206
-15667	17803
2397	-5068
2533	-6755
16686	-11908
-11769	6449
-8998	-3669
5104	-2314
5105	-4454
12879	-3181
-22808	10872
16050	-28720
9296	-19080
1734	4573
2694	839
8279	-13423
-14249	5310
-3187	-739
-6446	1312
2367	-20248
2764	-7574
-15293	16153
7578	-209
-8205	9906
-986	7130
9624	-7794
21683	-25292
3968	-1188
8362	-2992
7291	-17061
21877	-17149
-10695	10523
-12649	6049
2738	1022
3858	-13477
5309	4675
-3845	-983
6120	-3776
-4278	6305
6175	462
7690	-9777
6678	1305
-12565	3468
-3000	7361
1633	-1155
-5402	-3120
20109	-29811
-1297	-6906
230	6202
5597	-1159
2977	-9523
510	2064
4691	-895
21081	-18353
1990	-18321
786	-5289
-13512	13584
-9995	7060
-10277	948
-16642	16230
306	-8089
-4381	8476
-3473	-1755
-10509	6431
-12409	13004
-1853	7157
-2677	7148
-17517	12839
7396	-37396
4359	2025
4198	-3490
-17343	12428
22667	-22871
3701	-7414
6312	-5363
17342	-17013
18950	-7939
247	5342
-3829	82
-2169	5417
3102	-13877
6920	-19978
-20863	16639
-17096	13796
-4442	6969
-2186	-2501
1686	1421
-8100	5372
-7404	3416
-727	369
2933	-689
20989	-4691
-8209	-15
-11123	3583
-2329	1842
-5373	8635
-390	4085
-12546	9096
-13435	6585
-4665	7454
-1099	1916
2603	-1125
-8398	-3216
11332	-5309
-13378	9089
-14903	15218
-3517	4598
-1682	-2532
12900	-21081
-22971	14171
245	-10999
7664	-3421
-6804	11781
-7925	6273
-2596	9242
-12761	6801
-3696	6580
8226	-6089
-2173	-4120
-20650	3372
-4907	4829
-26810	18181
3613	2320
-4651	6834
-12780	15960
-3912	-757
11376	-16674
-7071	5986
4895	-98
-8996	-637
-6888	8074
7961	1681
-537	4886
12023	-14808
-10170	-4010
-11846	7746
13404	-20428
-6998	3766
-7286	8038
2714	-1584
19277	-28797
6831	-28895
721	-5899
-11766	122
-11179	10514
1575	4242
-3861	4462
5425	2340
21512	-36363
4969	-1397
7978	2505
-5693	4949
13427	-16724
-16836	4611
-5355	3933
14377	-8269
9186	-6649
887	690
4482	4606
-16072	10264
-4853	1760
5243	-694
-1743	-15385
-4678	2608
-119	-5766
-735	-1731
-9370	2081
-524	-4328
4416	-5731
-24403	18099
12268	-3256
-11545	12993
-7767	4281
-7079	12906
-18312	13615
-12021	6526
3802	382
13109	-12250
-10887	11460
-13392	7427
1256	-954
-1610	5238
-19571	12287
-23767	17924
-472	4746
-17985	13394
13247	-8909
-2863	10687
-3615	4541
14235	-8114
-16707	7709
-831	-5078
6449	2699
-7986	9192
11950	-4144
-8860	2656
2153	-322
-3317	-2913
4052	-1858
9009	-7380
6178	3367
-22978	14422
-840	8400
-10590	9765
-12668	3396
7504	-5864
8189	262
-263	1894
-984	5600
11248	-2338
-1267	-9600
3459	6926
-11150	11698
2992	2434
5245	4087
15	762
8342	3443
-12627	15809
7498	-540
-5674	637
-7728	13124
-22483	19703
-4320	1324
-11503	11440
-8833	10742
1035	-4511
-184	1719
-8769	6753
3107	5381
-1037	9825
4563	-19198
-8076	5406
-103	282
-1166	6140
11808	-5604
5677	5161
-4078	-5243
10456	606
5020	-1934
-6096	8645
-5824	8644
933	-1077
4205	-1368
8186	1160
-274	6064
-4000	5737
-5934	10610
-10096	10815
1016	-4290
-10350	14117
2740	-9271
15725	-16769
-650	3890
-1952	-7383
-6986	5268
1088	9313
-538	-744
-3940	6926
-10275	3330
-22069	15393
1461	162
-1551	-14544
8766	-4850
-16578	7037
-15457	16487
-3303	-4914
-10515	14228
5351	1546
-8853	9688
13156	-4291
-7923	474
-2829	7363
9063	-23902
2806	-4178
13540	-6850
379	-1106
9529	-5274
-1386	-444
21125	-15736
20601	-27263
-3611	8814
-9375	5015
-1827	6006
-8397	-2037
6368	-884
-9145	12909
-5291	835
-5752	9368
-8452	1816
-886	-10436
-16618	17700
-2946	995
-11626	8934
-13810	10063
7131	-2106
-15049	4533
20488	-29554
-13248	12065
16513	-7066
223	1122
8931	1187
3496	3465
-629	-9128
-4958	1812
-19237	14819
-3954	9481
-20886	4782
1886	9222
-113	2271
832	-3446
-5352	9935
-8469	11968
11815	-6371
-6713	7348
8431	-4517
-10688	-28133
-6880	5572
-10355	11006
-1487	1426
-1608	9922
-1073	1664
-5568	8455
20712	-20076
-28233	19602
-18413	14773
16355	-28880
13375	-5938
1895	-249
-6250	8456
10481	-15307
-8588	5821
12848	-2776
5811	-1870
14292	-12823
7409	-13346
12883	-2874
-10374	5272
574	2658
2001	3137
8488	-1049
-3274	8122
12979	183
-12424	3826
4413	-780
4691	-3805
-3396	5825
13961	-10391
776	-19097
7434	-2137
11011	-9392
13123	-2325
-6034	8337
2268	-527
-1498	-970
-5907	7634
-19652	19286
-10189	8170
10464	-8299
8125	-10967
-2272	5089
6811	-1267
-14561	10115
1248	7278
2988	1917
11145	-7503
10632	-4100
-5868	8618
4825	140
20052	-33315
6552	-127
-1133	-9157
2919	2364
6133	-4065
4545	-23215
-11143	7085
8338	-6954
12818	-3597
1914	6400
8854	-889
20659	-16272
7018	-3895
-6414	-755
-10413	11479
-2423	4948
7232	-2765
4574	-873
4129	4805
-9517	1307
464	-4088
-5994	4118
8820	-3342
14500	-11957
-8768	8649
6	-18932
-11322	10699
14324	-12005
11529	-5664
2299	-2673
680	-4851
6452	-3978
1829	12108
3389	1620
7485	2604
2870	4896
5373	3860
-10487	1748
-5405	8963
-11487	12907
13087	-25009
-8120	1676
-284	175
1174	541
-10220	7360
-3261	10392
12515	-13218
-1720	2917
-5821	-10937
-12028	11809
6325	-8130
17245	-17408
-3619	-12552
6246	-4167
13373	300
-2698	7669
8351	-1219
-19622	15001
-14870	9103
3551	-3618
16834	-2115
5969	-6246
12123	-32144
-7310	8344
9883	-21069
-5213	-714
-4543	5731
-7363	3819
7478	-8559
-10736	3737
-2720	3074
-6867	13000
1662	-13764
-686	-2337
-10811	6361
3061	-2950
2427	-1558
-5412	10517
-11982	9177
-2248	2180
13158	-6161
1760	4483
2854	-1944
-2764	158
2958	250
-10034	7470
12961	-15311
-6089	-3623
-26845	11155
-12903	11641
-11984	12974
-10791	8210
-1353	1571
-6185	2415
999	-8179
10306	-5414
15382	-700
1802	-6586
-2273	-3961
-5437	7424
-3059	6387
5736	1243
6625	426
3708	-7303
8627	729
-2225	4034
15550	-12542
9540	505
-5755	5981
4557	6776
7240	17
-4354	345
1255	-10381
-19871	11285
6182	5137
3909	4882
-17531	8946
-10462	12623
-7544	9886
3319	-463
-5090	-8392
-13313	9475
2752	3817
-19441	18304
15815	-16898
18834	-14596
-1933	-5668
5004	5855
-11910	8162
23831	-30049
17408	-6221
-21677	18735
6649	-1240
2382	-7353
-16452	14019
4945	1362
3426	3060
13719	-7299
4784	1814
-11127	9172
-23972	15599
8115	750
15332	-24509
-5532	5672
-2774	5481
-6847	7569
-11029	11425
4545	-4382
-9997	9070
2694	699
-11650	8706
-2540	959
-14862	13895
2025	-3784
25835	-15534
3154	5476
-8012	-1672
-421	1550
-13215	8875
-1722	8093
-6611	5269
11752	-12960
-279	1096
-8703	5724
-5823	7087
-38772	25025
-27158	21169
-9147	8037
-2554	-4400
-5314	8237
544	5979
-166	-4343
5485	-13151
-16219	8797
6812	1913
1812	7004
-5415	-2800
6630	-11910
15122	-4707
10035	-2881
10233	-2505
8842	-29367
10101	-889
2725	3580
1454	6465
-3210	9430
-12440	7712
-9803	11015
-18349	17215
-3282	-6282
8853	98
-17753	9528
1284	2049
308	6106
5549	254
-733	-83
-7717	3728
12702	-1208
1887	4195
18745	-13591
-5920	4987
-10606	3845
-4005	-1284
-4024	8653
15433	-14673
10087	-3662
1745	4724
24218	-35800
-1536	3615
947	-1695
-956	7885
-8907	7493
-61	4448
-7046	9307
-5624	434
-9072	1764
-2446	3494
-19297	17137
-3767	-9547
-3490	6800
-1112	-5954
-10468	7186
-1105	4271
-7161	7298
12026	-7126
-13380	16354
18008	-19896
-6634	13518
5641	4534
2653	1
1118	3251
8158	109
9749	-9263
7562	-13152
14627	-9735
-14626	3354
-3483	734
21526	-23164
-2298	5617
1425	3233
7914	-6165
5183	2131
10773	-8385
-5909	7155
4670	-8423
12317	-9508
-6042	8450
1457	137
-1802	4206
5944	-3080
2353	1997
-14118	-10650
18869	-13276
7842	-2320
12419	-12896
7321	-5416
10351	-810
7578	-11584
-7244	4818
-3458	814
12791	-1468
14919	-7642
-274	518
-6087	-8061
-6226	7105
-9307	-2582
2448	-3049
3146	5017
-11861	12952
3949	-4978
-13775	2768
3171	1840
-46785	-57971
4663	-3461
23296	-19448
-13964	12851
-2733	3970
-12095	7169
1084	-1852
12046	-12352
-12437	16204
-5651	3310
3348	33
3817	3109
10402	-20749
-13285	10108
14063	-3101
1835	-1255
-984	9101
-7606	8591
-23742	20193
-571	7771
1855	1116
7797	-13757
-3677	-7709
14328	-11812
1025	1376
26332	-20772
1903	-2545
-6878	8324
8430	-8727
10142	-12624
15838	-9234
8273	2534
-7014	7426
12111	-11232
-2414	-583
-8791	6397
10899	-4494
-1136	3003
-6234	11769
8299	3738
-13006	10336
-12006	5159
7228	-809
-3399	-5556
-8666	11852
8483	-786
-15831	18036
-308	509
-11677	676
-286	7713
4963	-4050
3264	-783
-30754	20916
-529	4373
6043	-133
21829	-29833
21244	-14836
-10441	5454
-3793	7215
-8791	11396
700	10510
6433	568
8566	-9032
2170	-14342
1686	979
8371	-9584
-12490	11569
-21296	14266
-7923	6751
-4626	2282
-8924	5741
760	6195
-10135	-1003
8153	-11296
-3522	1656
4775	3082
7619	-5743
2515	4887
21824	-14532
-8002	194
21343	-34442
-7822	-4162
-9314	9161
-9731	11916
-2677	38
5351	-6726
-11924	-1351
1899	-1444
-7965	9670
5055	2064
7086	-2183
-2079	9635
2101	-11992
1573	10434
-6131	6445
6687	-3054
4283	3593
24392	-14678
17245	-9428
-12894	15583
-6973	4387
-9983	16190
5978	-7471
235	4205
-1221	-81
-8070	8076
11702	-4716
18357	-9591
19250	-35697
22717	-13588
12098	-6624
14837	-8838
-1404	7112
-2630	8997
-690	-14348
1256	1879
-2444	4625
-1398	-5008
-8999	13336
-11767	9267
-5140	4302
-5512	-3330
-35906	6214
-10828	13760
-5	3891
4958	-11552
-1878	-2632
441	4406
3804	-906
-2008	10032
5149	1151
8632	-12103
-18557	16832
2816	3090
-36489	5157
2434	-2637
-7411	10812
3029	470
-7378	-14374
-10222	16213
-23525	20578
-5965	3631
10866	3880
18789	-29375
-3803	1419
6074	-1008
-2240	-2278
8540	-11387
-5868	565
-13381	-2119
-14056	14133
21389	-13425
-68	1455
-7273	10918
7154	-9468
-182	2694
10982	-6376
6027	-4273
11151	-3423
-2407	3754
5376	-658
-8749	6640
-6890	4475
412	2693
-3954	2592
7386	-2456
-620	1270
9459	-7401
-9375	-1062
-3532	1236
-3483	3441
11726	-7036
-799	-2430
9232	-8949
3181	-15466
-5713	9280
-3304	-13156
3021	836
3666	-4605
697	-373
2832	6493
-3526	5520
-27282	11155
9131	-7102
278	-571
10289	-5651
-11078	11338
4481	309
-14986	14147
3251	4521
-7146	4572
-2764	4496
1423	-347
2717	56
-3562	4545
-247	2767
-168	-6232
8515	-9991
-17342	10378
-7366	11019
-930	4129
1880	-3559
-7469	12859
21891	-17538
1694	737
-28838	18982
-3617	1628
-14414	12310
16412	-17534
7351	-5592
-1714	7346
-11838	4632
-923	-1513
12537	-13025
13438	-6522
-2892	3736
2333	-4404
9514	-7808
-1251	-2183
-11846	-6243
-15704	9411
7817	-7685
-5879	11745
-7567	5106
-1901	-2252
-2256	-2143
-2909	8673
-3217	3914
-4010	-9218
14227	-12212
242	6901
-15842	10538
20034	-17473
5861	-6252
-5033	9795
-6257	8293
-9122	11414
2244	-6044
-1022	4322
-5407	6329
-13791	14320
-657	-11582
-1382	5139
-5698	6684
1840	7671
24643	-37448
-2136	5131
14807	-5093
9500	780
4344	-298
4695	-924
9336	-4821
-12287	5067
407	-71
-3633	12583
6257	-7667
1577	5165
12352	-25222
15491	-10836
-6487	10062
1795	-7030
-1443	-4047
-7154	5413
10911	-384
5258	3055
14697	-7600
7652	736
-499	1489
539	6906
1509	-1784
14062	-16030
-8119	9600
-7055	7771
-703	2390
-8414	3923
9607	-5915
2582	3014
11174	942
-15802	3638
4760	119
-17752	10797
17251	-17298
-4794	10520
13770	-18718
8655	-2335
8076	-2221
18696	-10380
-10784	3543
4397	-2979
4659	-5974
-4186	-3197
-2576	5799
-21970	8183
1674	5676
9975	-2157
-8960	9345
7461	-8734
8093	-4833
-4828	8055
3909	5155
10513	-3924
-643	-3821
2763	4769
-1854	1028
-7710	-7522
-17859	6069
690	-3032
6631	-3164
-5283	7836
9244	-7695
-15341	10575
2442	3018
-9553	6585
-2009	4705
-3628	6593
7855	1127
-9003	3047
-3018	8881
11453	1277
2931	5399
-17225	13412
10491	3354
16306	-15154
-7169	-4786
-14160	7651
10819	-389
11253	-9021
1838	2958
19788	-8939
-10094	13279
-11143	10048
-10199	7175
10652	-4398
7602	-24249
7940	-6274
11081	1791
-12344	1427
19117	-52144
-1916	9471
12048	-6015
543	4369
3751	8164
-301	-584
17014	-14094
8519	245
-2622	2328
-7158	9421
14080	-8377
-445	3427
-13981	7348
-23813	16508
5485	-3109
-831	-1663
2467	-1879
640	-3805
-5612	849
675	3084
1696	-15485
14797	-23416
-8429	5941
3880	996
-9400	7187
9186	-29880
-6114	9779
-2190	9056
-4140	-914
751	7313
-16538	13823
-1310	6386
-8768	11147
6430	246
-1325	4543
4352	-1857
-704	423
-6784	8831
4632	-4066
-1847	3924
13606	-2385
-6319	9581
23926	-11515
15759	-15925
4236	1891
-16631	12840
-2821	7680
-7601	8995
-16627	14881
5440	-14331
-2443	12266
612	1246
6361	4161
-15154	3805
15621	-26087
-1483	-5599
-593	-10415
-5644	7777
17679	-7740
14625	-12070
11823	-12798
-6221	392
-3675	7180
-15424	11986
-21192	17956
18014	-15680
-5835	2744
-26766	17758
-4322	-8019
1693	8753
-7558	-3031
13082	-16779
3941	6037
-3615	650
5776	-2472
193	-761
1268	7558
-9051	7303
-2767	-4390
5249	-9485
-19200	16344
7508	3672
13371	-12254
-9290	14971
9963	-3231
-16618	9357
9063	1852
-2198	4222
2582	6983
-1772	43
7800	-592
-13543	4661
18922	-16934
27	6929
3139	1769
7679	1288
11098	-6429
-4549	-6233
-5044	-674
1857	7351
5631	1169
-13090	14708
-2921	8545
4878	-2469
10288	-20296
-12871	12363
-1347	-2872
-13647	11768
-12050	9499
3802	420
6977	-7932
7076	-9954
426	-1780
-1051	2000
8551	-4784
-5128	6421
2752	-5519
13359	-14519
-5707	11862
13243	-22237
1045	1745
5456	-6155
5189	157
5958	5482
-436	4392
-1069	7118
-26557	20295
-14295	9621
4275	326
-8077	12867
9713	-24631
-1429	-3746
-5260	12911
-15285	15688
1968	7236
11178	-7129
1122	2706
6113	-2092
-4083	4071
4791	-1703
-7968	7762
-5441	10688
10814	-6389
14277	-7968
-4737	-495
17227	-11761
320	10335
7506	-6025
10423	3204
-4495	7315
14302	-12143
14626	-6433
-5199	12244
-726	2580
16915	-7941
-4477	4499
-5459	6216
-1440	6658
-4505	9289
-756	-6828
1606	-3240
-8206	8102
3318	-10396
-25449	17676
-6005	6518
-2431	4826
9509	3510
13662	-8068
7064	-24868
-5095	7571
-286	1776
-5660	8934
1946	4134
-247	492
9131	1858
5336	3504
1141	697
-617	-2655
-15715	6448
-656	4464
-8920	10434
-13193	11950
-4736	8324
-15722	12270
14299	-9119
14737	-9395
10061	-11440
-131	-5278
2740	-8226
2885	-3303
-5010	7635
-13703	17167
-2226	-2292
15086	-12520
14609	-11928
319	-9069
1864	8919
-8504	8386
-14820	9662
-1260	6830
13928	-12483
-20326	17858
-11715	14462
-15603	6191
-19064	15145
9401	2287
-4843	11390
-5748	9845
19775	-15590
-10952	10554
5951	-6666
-836	1501
-7655	11496
-6334	2771
12033	-5225
18967	-27937
4831	-17511
-4274	-6804
4304	-5289
-2661	4641
2436	2667
3729	-24991
-11467	9448
8355	4473
-4911	6669
-3648	12747
-15741	14522
42	6303
-11310	3683
1005	4156
9916	-12944
6802	-2380
-7508	-14045
-15102	13862
-3654	-5249
2262	3085
9554	-21263
-12951	-2937
-5683	14836
4713	-13370
-10532	-1615
164	-7886
6743	5890
-5290	8143
-3252	-5027
1089	-3516
2369	-3706
4808	-4566
10118	-4178
22438	-14263
-1665	1931
-4901	2689
-16108	10610
8922	1192
-4540	9128
-4164	7632
2888	143
2953	4463
-17568	3073
11628	1455
1142	-21146
-4394	14618
1215	5740
-4781	10713
-12014	13332
-477	-12852
14377	-8923
7088	-2060
1583	536
-10945	10283
28694	-38393
-5962	1596
1389	1250
16930	-7195
-7538	10789
-2029	-12293
3681	6560
2791	1004
-6730	9534
-3689	-14682
14125	-8701
6210	-5951
-16187	12952
-630	4520
1306	2948
659	5845
5649	637
5932	-4824
-5704	4166
11811	-8122
3597	1359
-2272	12393
-1025	-4375
-7208	8795
-25424	18222
-6352	8862
13997	-10189
8368	-2074
1862	7135
5153	-2533
3881	2519
16691	-2262
473	-4475
-9118	2801
-4165	5410
6545	-6563
2608	-444
3905	4212
-6644	9316
6855	-6126
-8512	12462
1119	5101
3647	-9728
9869	-7074
-11893	12215
-16839	18576
11189	-24659
-7248	-940
13470	-10153
-19375	1297
-4522	1533
-14143	14632
12771	607
13181	-4826
-2071	4116
8102	-8653
2761	-7636
-16377	12805
4420	3907
16953	-3039
1671	-8031
-2635	9030
757	-7014
7270	-8247
-1509	-6206
-7962	12216
-5260	4402
12532	-334
11374	-35032
-4155	-8159
-11442	13001
10063	347
-11947	7983
3145	3024
-12932	12107
11488	-10285
5071	-16415
2682	-11021
-8393	3520
-12423	16421
6576	5083
-8239	8795
8023	-1591
-12810	11674
-812	5069
-700	-4466
-1362	7692
5476	-3368
-17470	4361
7029	2233
16024	-28265
-8922	9375
-1876	6355
-9159	11710
-19640	14231
807	-1260
16704	-8979
3246	4003
-5360	2783
3534	-10254
6523	-2029
-2733	5540
