-2888	4988
8876	1927
-14310	-6482
-1764	4137
16261	11755
-8768	1601
-1603	-4475
-5017	-6831
7084	9150
12934	9768
-6912	3389
-10492	-6340
6894	-3643
-11736	-8790
3810	-4461
1448	-12796
-12392	-7650
-4156	5761
-1427	-5412
14477	1359
-3226	-5060
3942	-5387
-22286	-22324
-7174	3248
3281	-16331
-8474	-2331
-10291	-3616
-14078	-3849
8383	6621
11972	10472
-3971	-1339
-3435	-494
-7005	-2132
4966	11864
13200	10574
-10914	3901
-13587	-10611
1826	959
7126	13130
9380	11696
8595	9062
-2540	11328
23166	1106
-17333	-5871
-5552	-15208
-2031	-17144
-7886	897
4018	7927
5622	11984
-12788	-9314
4444	5556
-19865	-10449
3757	7631
4185	-8891
-3306	-799
-1054	5913
8198	6534
-14687	-10095
2839	-3608
-2980	-29197
27046	6737
12780	3175
-5837	-17170
-10277	-5971
1282	-1716
2862	1660
-1865	-438
4977	-6988
-6759	-13577
7593	12259
21004	7643
-18520	-11862
808	166
8946	7946
18023	8169
6488	-411
-4758	-8928
-563	718
-19241	-11710
1895	118
15998	9479
-199	-15555
8482	17704
-7346	-9186
12197	-14632
16899	8538
-10125	-18623
2779	2778
19382	11236
11728	-1936
-8509	4096
-3402	8082
15444	2721
6700	14484
11860	15345
-4574	-9292
-5491	1856
-11596	-6903
9300	5890
7419	6557
-7091	-3583
1180	1047
-30926	-15499
11776	5455
20890	10867
-3962	7823
6235	4917
2672	665
2532	10980
-2226	-1534
5090	8730
-19505	-26670
-1692	-5027
-17857	-16820
-11333	2276
24173	2630
-9422	-13213
-24070	-16593
8232	-3392
-17327	-27437
8900	3337
-8165	-2757
4449	1141
-1388	2573
-5271	-18240
-9533	423
1473	2826
8974	11952
-22741	-7724
-10104	-21294
9317	11810
695	8745
20231	8114
9896	10736
3272	7329
-14488	-428
-9502	6948
105	11330
-10101	-7002
-320	-4491
-15622	-10878
-12640	-8778
-11817	-4415
18302	11478
-4612	-6103
-5555	1351
1201	1444
-3148	6254
15148	15827
-1047	2454
508	4705
5520	5022
-19329	-16791
5647	-7274
389	-7470
5198	-3842
10320	7423
6103	5100
3638	-3282
9257	3189
13426	4455
9460	-2354
7685	14782
2911	3520
13161	4907
-6346	-2381
4123	6199
-242	3710
-8854	-11750
-11822	-26376
-2619	663
-3331	3058
1264	5153
-6936	2231
21196	19298
27521	10808
-236	-15009
1993	7291
-13939	-31854
-2701	11601
9223	7474
-13085	980
-3336	1625
-15737	-16285
10030	1528
6292	12693
-8503	-21235
2598	10876
-3442	-5463
19791	21081
-938	10906
1232	2079
1574	3757
7558	17663
-5708	-4185
-9241	-1293
-8094	-32568
687	464
896	-14327
-14684	-5902
-19101	-14469
-7181	-31974
24713	16322
8944	14536
-8872	262
-18273	-3802
-16725	-3086
-9354	-1663
-15170	-17566
-4999	-4540
-8368	7203
-12090	-7478
6962	-8925
7299	7458
5962	2738
-3612	-22705
-5399	-4766
10385	3278
-2162	-1468
3282	-13502
-10012	773
-940	7333
1240	8163
-11024	74
11652	17995
1982	7133
-6382	-6816
-2109	7181
6416	1690
-14943	-3052
-15164	-4942
1220	-8490
-7277	-14123
-626	3050
1483	-12601
-13600	-54706
274	15681
1625	9638
4889	4485
-14291	-3333
-12924	-7106
-23128	-28433
495	8800
9269	12484
19317	-996
10614	12743
13227	5838
12259	13693
-4390	2809
-8940	-3391
9396	-6866
1031	-30955
-2388	-4320
2323	6268
-10945	-7630
-15020	-9968
-4882	9131
-3774	10953
-6945	-4155
-2131	8901
-8351	2685
-1487	-7859
-1366	-7866
-758	-1382
7305	13603
-8414	-10392
6656	4687
5846	-9442
4338	4887
-8594	7402
-10854	-2712
-9127	-5841
-3041	-17961
-4981	7026
-8159	-1736
-8370	412
12682	5601
-9143	-7518
-5611	6828
-12515	-4927
1496	2658
2950	4386
-14130	-7861
4152	-15366
4297	-55
11386	4062
4136	7840
71	2151
-9045	3479
-5271	438
-12287	-10759
18919	6486
549	-5715
-14096	-8949
691	482
-5530	-2070
-14877	-744
-11209	-6002
11694	6332
-7573	-10503
1161	-10059
-324	5402
4150	7658
-3631	-3756
13258	-14
-708	3483
-10032	-5658
-2265	-4168
-4441	4555
3556	-10688
1542	4010
-5968	4320
-9460	-5772
-9310	-4544
1047	9749
2953	-169
-8977	832
-12855	-1934
-15334	-10687
-7335	7697
-9058	578
-16246	-3519
7197	10198
-2225	1957
-479	10646
-3290	-420
-318	10149
-11366	873
10194	6142
-5674	457
5962	10540
-8321	-940
4914	1675
-1655	7928
-1197	-3921
-5658	-3977
-6667	1969
16076	5549
-2947	-5965
6721	18030
22162	9411
1821	777
9441	-4484
9872	16403
2473	-717
26199	15496
82	8358
3145	-7854
8292	10354
3841	-2229
-9696	2083
22128	15227
-3194	-1386
-10404	-3852
6672	8821
-15156	-1113
5861	1334
-7509	-7648
-15059	1628
3360	-8482
-10130	4975
5624	3436
505	-1114
7666	-33336
12332	6012
-855	-4527
6296	9535
1713	6185
-19009	-7133
35408	22688
-17467	-5213
5581	11472
-12812	-2553
-10986	-3754
-5619	5217
-2509	7275
15088	9390
3294	2985
10106	6034
-20005	-21679
6446	-14700
12961	-1024
-2601	2355
11745	-2125
2471	3482
-8529	-6294
5734	-5132
-15407	-11844
-13157	-1162
-11287	-35750
9261	7092
14932	9852
-13040	494
1582	3227
462	-10934
-18021	-13182
-13447	2654
-15644	3503
-13631	-2429
-2481	-14811
14187	13300
6636	5721
7150	11895
-2645	-5939
3997	966
4068	11084
13766	1797
-8135	-9250
7760	8143
2991	5530
7283	9933
-6970	459
-7049	-2219
-15653	-12245
4930	5755
-21177	-22502
3860	-459
11892	10107
1905	-3722
10659	-66207
10034	9778
-7417	-13334
14033	5300
1718	220
-5007	-6286
3300	12971
11503	11753
-3159	-6087
12821	-13255
-2357	5520
7645	14226
-2821	4976
-5265	1569
4513	-12625
3755	3123
-7710	-56560
5641	-9603
-11736	-2468
2229	3280
7002	5830
13856	151
-5668	4171
-6616	-1708
-4804	10474
-14110	-8991
-1918	-9372
3170	-9534
-6692	-4359
6883	10599
-6283	2575
-3296	3912
-7546	8
-8422	6021
-311	-29
6363	10434
14259	-4274
-6321	7594
388	-8087
-3645	-841
-5448	-8342
15282	-2563
-7218	693
-14000	-3669
-8057	-21397
11404	1649
19238	14531
-1656	-1476
8837	476
-894	-1070
-927	-5321
4431	-12129
-2659	-747
-789	4982
4423	-1472
15779	-9906
3107	1913
5765	4373
4406	492
-17306	1784
2900	-524
-77	11073
5263	-1116
5860	8019
12399	-153
-241	3453
5243	-14804
-11843	-3470
-6125	-687
-13649	-8771
13936	4307
480	7989
7482	12906
-3735	7745
12293	5968
5329	-2803
-4920	-16881
-16947	-1032
2533	12280
20727	11810
17619	9167
-11762	-1888
14016	2102
53	-13408
-5831	-20451
-11937	-5519
14025	6275
-7715	-19440
-1059	-3904
11826	-1468
6136	10653
-7784	-30558
-10402	-6962
608	17256
3169	132
576	10419
15812	10164
22743	13990
-8657	-355
-5156	-3283
6165	-5541
-2797	-11038
7023	5616
11848	444
3716	8239
14603	9170
10106	3496
4934	6291
-1277	4782
-4651	240
-6087	-2087
21404	7365
7419	11598
5311	10422
-1519	3442
10763	13181
11127	19098
-10128	5981
-3769	6374
-1211	-1157
6699	-3750
2374	2238
6305	7437
-1481	6440
5429	7305
-2921	-4030
11979	1509
12037	1652
18515	17684
-19621	-13973
10889	11186
25804	12176
-7942	-3553
-714	768
-1902	-13761
6740	10151
-5634	-1407
-1164	-4093
7242	-124
-4097	-4388
-6656	-6625
6249	6015
7534	13053
9344	3426
941	7522
-8994	-11004
4299	3589
1060	-2657
9141	12582
9742	10339
-10995	-2996
29465	18658
27529	11713
1551	6892
-2238	4777
-30715	-20495
14469	13594
6919	14459
1907	5823
4287	8230
3187	7580
-3188	6159
-20407	-17978
3427	5237
10046	467
29240	13297
2290	2843
-5692	5260
-13082	-1009
-11251	-15958
-13543	-3651
-4606	-22534
3353	13700
12505	15847
-6276	4126
16117	15038
2234	4786
-8441	-6344
-18562	-24307
-5652	-38601
5955	10409
5528	11650
-20608	1642
2596	-14051
-786	5669
-419	8615
-5673	-5371
-12681	-547
-980	-1334
-1936	-141
-1014	-2766
6903	10219
2050	7004
3564	6424
-11978	-30040
-3621	6651
3311	-11711
-1055	2823
7032	-2906
-14415	-3716
-8597	-5263
3684	666
-5135	-7053
3419	-5441
-4082	-3202
-4943	-250
15131	5364
11957	19329
-1830	-4382
-15486	-4058
-24918	-50978
8790	872
-10169	2087
-1209	8401
-1893	4369
-613	8020
-1890	-9927
-11819	-13897
-17412	-12514
-2561	1095
-9257	-357
3736	-6551
5741	10265
-4320	-10636
-5811	-2972
-7124	-3640
-2651	-26985
2729	4985
5289	6299
-1266	-2510
9421	15642
-14448	-5020
-14167	-17071
-6852	-9525
22515	17554
2644	15457
-15179	-22809
4948	1075
7556	5783
7045	3398
-16690	-11969
-6491	6587
-3608	3780
-22148	-24618
-8538	-7594
-45	6008
-442	-12935
8739	6081
-16674	1624
9923	483
-15002	-2276
-1002	-1722
-9433	-8133
-14028	-8992
-37858	-27350
-2716	5891
13360	10665
-5731	-10889
-4996	6408
-1514	-9800
2134	6012
-5744	-3730
-3700	1428
718	2173
1419	621
-5385	4484
-11278	-11091
1733	11086
-845	2976
14844	12489
-466	11621
3288	4436
-15615	-11707
6664	12307
13428	5285
1394	4412
-1866	5735
-10140	-2048
4103	5137
-22198	-4643
16046	7625
10632	-10185
7694	-26360
8843	7436
18325	15059
-6065	4469
-6943	-7742
19743	8648
12405	3176
3218	-6072
-15568	-14030
-5206	-15155
-6363	9144
7635	-9341
2995	-7033
-659	1566
-13337	-12420
-365	-987
-8459	5085
-576	743
-2379	-5493
-7041	998
12286	6191
13958	8168
5332	12573
2449	3869
5344	170
15509	16600
1671	3166
-5317	4307
-10789	-12977
-767	5311
2477	-2440
8970	5050
-9290	-9479
-449	3097
12080	17674
-2840	1506
8672	374
22902	18807
1986	-9585
9351	12228
1547	-4116
15918	-2003
9368	1482
12600	-11472
-1287	-4964
-454	6843
-9747	-1579
-27522	-19312
-24433	-12904
-1915	-2054
3704	-1405
-3594	8273
-20041	-9280
4315	3441
1697	-8412
-15899	-24070
628	12903
-11518	-14820
5474	5182
508	5940
-2407	-6629
21475	8653
-9776	5107
-15926	-8213
9433	7444
-5575	6451
-2567	-5648
-8150	5506
-5510	-24750
7735	8363
12477	10724
8005	6942
-12657	-4191
-12275	-7969
14249	13052
-2761	4784
-6806	-1648
25345	19191
-3368	3636
15736	1624
5	838
-2086	-21252
396	2435
-10020	-5509
-292	-4317
13205	11451
-11593	-5255
-3809	-5099
-3936	-7508
-8745	-2910
1871	8361
4270	2730
14230	-10206
6454	6375
-190	9468
-10873	-8921
-5464	5325
-951	6847
-18854	-25726
-685	2385
236	4627
-16669	-6688
6144	-1237
9460	17786
-2923	-24053
1772	1322
18735	7828
10583	15732
15341	14140
2383	6667
5253	7159
8885	8933
12080	9883
9813	14898
11327	-16466
1490	6672
-4154	3732
9506	-18478
16066	4931
3021	2069
13805	-4893
-11933	-12773
3186	3421
-1762	3200
-8758	-13013
11190	3575
18950	19468
4985	11822
-1232	-2509
14519	-4671
-11687	-36567
-4532	-7303
5025	6826
-16909	-4060
4885	11551
12312	6801
-1157	-400
-1277	-204
-2383	-17166
14041	4462
-7897	3719
4484	5092
-3527	-485
497	4421
-6692	-1067
3741	-11594
-4669	6888
-4618	-5678
-16005	-9385
-4234	-11363
-1316	-4280
9417	3665
-324	12565
-18577	-17155
3614	2111
-17616	-14596
2273	10085
-2299	-10954
-5850	-1479
1089	11052
2230	8672
-2925	4395
-6254	10332
6401	-4200
-75	1923
-487	3364
10741	1736
-3072	-11275
651	11079
13019	14068
2301	8781
-8079	-8845
9385	-19990
-18710	-5878
10404	10450
-5314	2985
4674	779
-791	6703
813	10598
-904	-1482
-3034	4181
3654	11072
-2057	7303
-6192	-4683
-3668	8667
7265	-7889
4605	3447
4145	1299
6288	-4907
-7483	1709
898	4570
-235	2590
-5185	-1005
10749	11599
1752	12131
-11492	-10508
-3166	-22645
8254	-2820
-9366	-18718
-7765	1943
-6609	-369
-1745	4608
-8800	-5090
-4609	6890
-6599	-1556
-7243	-2471
-2016	3406
11033	11955
-14558	-15053
4320	5420
87	11406
9244	4671
2389	8902
-4491	-4728
13839	1458
-27779	-22194
117	11163
7079	4657
-10176	-4128
5691	9591
3781	6607
-5220	-18551
-654	6206
-2822	-2050
-17782	-10686
20485	14901
-12623	-6903
-18927	-15392
-5706	-6785
-4064	-6603
-18739	-7688
-301	-15453
10552	19794
17319	12842
3010	1327
-11767	-8005
-33143	-35408
9200	-21118
-1766	12337
-9655	9243
-11111	-17659
-9072	-8258
-9684	-2013
15918	15286
-23498	-7306
7052	13285
-15293	-10862
21599	16435
-1735	1166
10769	13652
-5713	-12056
608	4677
-2407	9347
10995	11627
11330	-3448
-34	-10920
9805	9445
-16525	-4154
-3450	5386
-714	-4043
-15017	-17434
5013	-3546
13571	10730
1658	5046
8267	7341
3813	12161
-6791	1711
-1182	3673
-14158	-2910
-3580	-8870
-11064	-11608
-1079	-4118
1157	-1514
-11640	-11438
-14560	-1780
4590	12430
2583	102
-5646	8560
-8460	-10914
-18707	-16571
4403	9392
-1337	7505
-1328	557
-2705	8603
-14319	-4896
-1004	12063
-2768	5992
6107	2287
-5481	-23734
4680	3586
10807	14286
-15329	-8173
-16421	-5514
-1579	-3940
-11362	-864
6932	7125
-3754	1586
143	10174
-6655	5334
-16405	-8047
-7880	6157
4669	-8722
9377	-902
-13200	193
-272	10734
19169	16848
-3825	-21043
-21236	-2496
12367	3634
-10420	-11686
19436	3597
8078	8257
-22829	-38591
15503	12349
-12717	-14150
-4658	10840
2726	4264
-28460	-22400
9260	-655
14200	-5864
-14513	-7964
2753	1341
8206	3698
-6345	-604
-956	7940
16060	-14353
15263	11330
7560	6757
19508	15840
-12663	-24802
-14284	-8500
-1364	14533
-8497	1473
-8496	541
-12464	-4964
22126	8255
-16815	-17385
-7133	5924
-7047	-1574
-3168	-903
-2865	-5642
21434	8565
3766	-290
3303	3172
-24849	-11352
4715	7046
-12188	3384
-4938	3605
15395	-3572
9208	5144
1790	-885
2369	-19545
-1578	10569
-8407	-10321
-6037	1746
1278	-639
-5593	-18563
6197	-7085
1350	11922
1846	785
-13603	1312
11969	13311
16724	16435
2781	4464
2240	3638
2801	-550
-10014	-6728
18354	-5480
-10069	-2462
6170	15456
9305	14187
2120	-5919
16089	11401
-2417	5842
8679	200
-14321	-7472
-7786	-7143
16860	16443
5693	-17645
-3410	5681
1080	-3872
4137	-268
4978	12436
10356	13729
2072	6388
10779	12711
7285	-1631
-12182	3796
15454	7857
26866	14350
21986	6846
-20147	-34947
-9610	-2406
16812	12983
-8305	-6309
-7845	-10847
4843	-2828
-5201	4765
-2941	2499
-14272	-13765
23633	15780
4359	2290
3627	14126
9790	-7005
380	5426
8245	-3166
18610	-3451
-7283	4025
-6721	-114
-12089	-6490
-15521	-9794
-701	3774
7724	8532
8704	12652
2895	8134
3170	13027
4554	3895
-9841	-19818
-7653	7348
8531	4121
-3460	-5629
4437	3631
6664	9389
3725	-2733
12178	6568
-2533	-1089
6602	9466
5148	-12629
-5796	5244
-5123	9557
706	-5850
-3611	957
-11168	-12161
6598	-21882
3461	4266
-16830	-4354
3734	-6537
9375	9084
18301	3194
15620	-8056
13723	10309
1094	-22951
7211	9014
-12813	-10984
884	13178
6521	8858
-20639	-3524
-24110	-4994
3072	9077
8422	7447
-2630	11370
-352	3663
-2018	-7677
19781	19235
-20499	-10516
-3120	3766
-17019	-3466
-5156	5844
-650	-5932
-4149	-17460
3033	5175
5341	2511
-1543	3126
-7471	-1871
-2197	395
-3856	-1948
-2623	-4239
4781	11486
-3921	-1535
2630	6470
-19452	-10361
-15532	-27932
-15930	-16195
23685	15907
2015	4601
5033	-1414
-4960	4210
-9724	212
17338	8688
3950	3091
16720	18228
10833	9477
-6457	-5346
-660	-20506
16501	8794
1300	-8229
11128	10106
-6851	-353
-4870	2596
1756	-12868
605	-4192
-12370	6590
9555	2891
1790	8157
-5292	-10225
-3987	7208
10345	10220
-5404	-4655
2883	-8619
4157	10955
2508	9385
-1545	1162
8370	5499
20806	19566
-7856	-12423
-3140	-18674
-14521	-3500
-3006	3088
-5372	9698
9661	8109
-1284	-7861
1738	1493
8861	-713
-6696	1841
-4757	-7462
-9387	5002
4133	3402
-3354	3379
-11438	1348
-8493	-619
-4096	-3834
6907	11009
3786	-5431
69	4446
-7130	-2364
4127	7705
-4416	-1297
25764	11350
11086	9178
8232	-8706
6309	-9105
-5175	-3097
-2480	9311
6623	9760
-1027	-2869
-15880	-9130
7508	7886
-6182	-8156
4934	6383
-17490	-15330
16482	11804
11110	12258
258	3417
-6945	4645
4854	-14091
-19969	-1157
3324	-7388
10846	7748
-4614	5038
-2759	2626
-346	7273
9897	737
-13868	-35460
-8403	-8900
-2468	-4790
2709	-6155
-1071	-13783
-3079	-13039
26098	12802
-5749	1355
-4762	8947
5597	5800
-10334	4743
-19357	-13435
-10356	-15653
-3031	8697
-15060	4
6319	4162
7166	-10354
-13605	-14064
5998	-3468
1530	2190
-17636	-4087
-3779	-5584
-5262	-11350
10491	6689
-9247	-16962
11869	3874
8977	6130
-8354	1031
-2401	-1811
9043	11809
10385	9407
-689	-1050
-15882	-21406
-1648	5498
-15626	-11364
2704	-7557
-3180	-14974
-19822	-46562
8400	17621
10119	-103
7677	3603
5568	-14445
-3215	10011
3113	-161
-4776	-2871
15938	9320
-4594	-12070
-7994	-6297
1402	-7533
-13142	-5448
-19887	-9660
-1615	966
-10275	-5173
-7626	-526
517	3785
-1358	-111
-10802	-9091
8611	3037
4185	-1255
8409	-983
3830	4643
19478	6345
7792	5258
-9456	-19844
-7956	-22479
-493	-14197
-9903	-13874
6089	16337
-3151	7189
-373	-6336
-8019	4977
2142	7476
-2967	9210
11292	10745
-268	-8744
-15170	-7458
-20711	-8500
4071	10025
-11013	-13569
9937	11719
-9653	-7135
4934	11713
-4259	-2051
-7284	-2518
-2907	4454
-10831	603
4071	727
-6541	-24989
13452	4262
-1041	3963
12796	11768
2073	1925
-3925	3858
8146	3423
-1048	1244
-20243	-45899
7607	8103
4832	-3641
-18194	-12567
17588	9019
8423	8801
5801	4947
-5586	-8388
17508	4993
8719	-439
-4978	-3007
9421	-7742
-25910	-14507
-5730	-8731
-990	-5110
-8557	4843
-12494	-3171
14467	164
-10143	-3951
-9717	-1940
-5222	4528
-8116	-5004
-9276	-10247
-10060	1391
-579	-1949
3425	1240
-4590	-4712
-2388	-10282
6333	11040
8730	5987
-4169	1118
-10872	-4644
11131	-12006
9213	6562
-631	-13341
8765	-6030
-8627	-11632
-6442	-16272
-13502	-4351
13054	8298
-12836	-31891
8947	3575
4182	1081
12958	-856
-17245	-17822
18389	8756
-7884	-10484
-9364	108
5254	2337
16728	-4070
9448	11690
7843	1044
5278	-12565
-3010	-1337
9550	9479
2104	799
-4762	2373
-6780	1162
-6894	2853
-1803	1850
-1938	-8631
2269	10767
2261	3216
2662	3235
16783	7641
-13261	-4551
1871	9760
-3700	4403
-11343	-7373
-2374	-5564
-6029	-1011
12640	8310
-3416	-17514
13203	8591
9037	16350
-3651	-12510
10254	8231
7364	5245
12709	12051
-3842	3769
-10451	-1281
-15219	-6277
7178	5995
-7485	-3949
5728	9109
-3854	-2900
-772	6895
2637	477
7277	15860
-16858	-1938
-5473	1511
-1615	-9526
472	-18140
5670	9211
586	14300
-7974	-6404
-7281	-4273
3197	3276
-14278	-1834
-7665	10049
8132	12655
8318	10771
-4115	-7693
-5290	-2427
-11795	-3475
-1673	1285
13070	15941
5977	9059
19071	10899
-9657	-4953
-27082	-40925
6538	7686
-12830	-18175
7174	5856
-2659	-8859
-1570	4823
-19061	-20803
7563	222
5211	6608
3465	-453
-2970	-11673
-3333	3121
-8811	2874
-20787	-26141
8974	647
7086	11711
-3151	-9851
-1682	-7156
-2329	-2960
-8081	8326
-7639	5739
16043	14661
-331	3598
9347	8864
19407	2478
-10030	-2642
3426	2006
14880	4885
-13895	-1637
14004	19206
-5861	-14039
2416	3011
259	-7426
2968	4001
-27813	-2560
-14876	-10853
-22648	-15126
3521	8186
-14459	-15837
-15608	-10532
-9178	-1928
23093	13899
8008	10203
-15358	-33203
-17339	-5134
31416	16595
-17358	-20712
6926	5248
15450	10677
-14688	-12246
-17951	-10873
15456	4127
6298	8562
-23549	-21961
9161	8368
12477	7749
-11101	5933
2706	5146
7246	3137
956	-8613
1271	-18582
-4248	-518
17938	4421
-9015	-5925
3254	-1936
-6220	8319
12418	8725
-7719	-4290
-1110	4352
1539	-6755
7966	-1707
6801	934
-4564	-1847
-17262	-25602
-11677	-2505
-5944	1897
-4798	-4379
-10476	-6601
-8137	-991
13671	-2947
-3472	-15648
-11591	1773
3005	8128
-3655	-3631
-2997	2208
-11045	-4282
-5957	-9503
4342	7203
-2951	-7468
-18590	-11105
-1197	-13523
10109	11691
-1067	9233
11682	8244
11220	7445
14784	6977
-9607	-5842
2350	1221
-2602	3241
319	-2454
7578	7397
5897	1986
6524	15049
14563	17319
-10056	7253
-8329	-15798
-16382	-18508
-7866	-2962
11849	-967
-6519	1231
19909	13423
-2227	5905
9939	-10310
40800	-3180
-8311	-33910
3178	4846
16277	-1169
-1946	6758
5392	-5428
-12053	1654
-9641	-23724
-5104	5152
9756	13067
4898	4083
-18693	-27796
-4589	3320
-3420	7064
1561	745
13653	15859
4675	-1371
-635	8567
12925	1911
3927	8242
-8143	-27276
-5080	7446
5027	5789
-10101	-2393
-22539	-17609
-2228	2669
34798	11871
15261	14311
-4210	4343
8016	2971
17355	10471
5090	7340
4481	213
-5068	-18137
8573	10182
-8255	4817
1667	7487
585	-12883
10683	16891
2248	9714
14441	353
6604	-32094
-10874	1529
11401	6800
8937	10166
-3493	7012
-5395	246
4399	319
6086	2468
-2315	-4696
9479	2746
5389	2064
-1844	9543
-455	3593
2768	-8922
13218	18711
-7776	4455
-2162	-16910
5237	9434
-8829	-7733
-10165	2528
7215	7974
7387	12043
4849	4523
-16356	212
-15562	201
10656	7448
5190	1736
10	-8235
-11297	-4452
-8636	-15804
14716	20785
6467	2122
2279	5603
-2209	4765
780	1923
7935	7934
-7411	-776
11451	19408
-6861	1623
2650	-4494
28036	17501
4843	-4454
581	-5912
4450	-187
-6959	4003
-8172	153
-2778	4529
-4868	-2318
-14518	64
6111	1642
-4206	-3481
8903	12107
707	-1212
-5789	11228
-4472	8705
9015	9427
-11501	2336
12289	-3715
-1785	6541
-11141	-10800
12719	4799
-1002	-439
-17456	-21712
14301	5685
13100	7110
-1126	15568
17072	8748
15301	-4070
1095	13243
-1840	11949
3785	1446
9564	3890
7158	12226
-1007	3051
13661	-3021
13746	8189
-830	-1642
-26804	-5235
-5333	-2141
-3076	-6243
13577	11634
1915	8983
20476	7142
11384	-21995
-5954	4091
21264	14911
-1943	6864
314	9433
-7826	-1070
-1043	-2245
-7356	-5655
1989	6614
-16547	-5495
-9567	-7658
7967	-1255
-12163	-2811
-12116	-4179
-12935	1562
13990	12736
-4710	-7452
-12604	-2853
-4781	6376
3195	9685
8143	-11384
6132	1370
-14189	2621
9709	7073
4187	185
3442	16158
10905	11999
6359	-3811
11797	4251
-5356	4003
5049	-3217
-3846	2224
-3045	8612
-3140	-11793
6795	14100
1042	-4630
-15991	-11197
-20959	-10094
-9275	-5950
-1559	6171
-9999	-6597
-7674	1288
21133	9777
69	-11878
18719	18557
7942	-16587
3133	1731
7081	-381
3711	12864
-1679	3246
-3037	-19091
-13830	-6197
5891	7402
-15132	-6208
-15587	-9088
-14951	-6315
18004	9742
3989	1940
25719	8160
-2779	9818
471	831
10573	-7056
-1521	-2634
-7560	3787
-21486	-24406
25001	1551
9422	1707
4956	12429
3579	-2908
1825	-8599
16327	3299
-12556	-17706
7146	-11264
5453	3456
-4187	-6666
5111	12168
6624	3201
-8055	-4978
5019	7659
13819	11515
-6864	-38810
4719	12976
524	-5697
9784	3109
2712	5665
7330	16675
5375	-1312
892	-692
-12101	-23607
7919	2919
-10048	-3922
-20111	-5997
-25605	-18271
-15476	-7600
-6466	-11053
9063	15460
-1088	-9519
3210	3326
-1027	-4020
-6725	8793
-13900	-23630
6129	12842
123	6594
5179	6707
-16294	-7631
7228	13499
-17750	-26547
3028	3243
-1257	463
5255	-1377
-3065	5127
9277	-1456
20567	15450
997	7669
-12392	-17135
-2978	1952
8103	7677
7290	-3056
-5221	-6776
2141	5277
944	223
-4861	6190
-7122	-3442
10409	7940
-4856	-6501
2097	1817
-4145	6220
11110	10411
388	-2162
-2260	-275
11332	16942
13511	16125
-208	4418
-15037	-4098
7137	-2346
-21528	-17335
-5098	-7036
2551	3798
-923	10683
-8308	-7814
-2793	6979
-17460	-5030
9301	-5790
-3219	9865
-9697	2031
1079	10564
-10090	-14909
167	-3104
1588	2999
-3215	-2827
5412	8368
-4084	5643
138	-7494
12398	-5116
-2128	-1079
-5477	-6039
2595	4981
543	7535
8430	-4620
-1596	-12116
-4051	2881
-767	7797
7353	7147
5396	3424
-5719	-3946
15203	7924
509	4072
9442	5470
-1778	2089
-474	-25055
3006	11761
-8664	-533
-5500	-7854
-17066	878
-4150	6572
-12778	-8368
2205	-4890
-15786	-14652
11124	5319
4658	1495
3808	14208
-12176	-10327
-2743	-2708
-2668	4099
-4572	5443
-9204	-9632
-5133	-13022
-3411	-1783
-622	-11342
791	-3158
11990	12436
11256	4632
8760	2279
3838	-1289
5401	8398
-1870	1921
1026	14935
-4829	-10771
15474	446
3182	1403
8540	-5785
-4238	7196
-22921	-20912
2124	-14115
577	5376
13358	5286
4095	10002
6174	9503
-12534	-2786
2043	-3340
-8587	2772
5643	-1786
-645	-7618
8936	10951
-8043	-7095
16473	17838
1349	-7059
-2621	-38292
27815	13609
-1566	-2439
-6421	6888
-5014	-10867
12026	-891
-526	-2173
-16361	-7376
-3937	7481
17400	20152
-6923	-10237
-35	13124
-3947	-580
17981	14580
-3473	516
-9720	-3240
5515	-2221
-5982	-9276
-8957	-12253
3063	173
5972	9170
5032	13065
-275	5518
-5503	-11847
8445	8839
11442	-290
-5535	-1543
8943	20070
28154	23844
3922	-1177
3871	7979
9730	-2132
-2924	4890
1556	382
14153	11268
24071	6626
-911	69
3655	5022
5400	6254
-3809	2691
8361	9732
5427	6533
6322	-4193
2536	4304
7820	-4129
982	-10877
-4397	-7898
5911	-8228
-723	11086
1926	-8640
-7628	411
-6304	-3275
4783	13560
-3209	-6
-452	-2644
3309	1021
-9423	8750
752	1395
-8373	6385
-642	9253
-2373	10607
10666	-6596
-3043	1523
10420	14419
10694	7741
261	-8063
-18199	-2148
-1621	4685
-3915	10190
667	-11773
21642	15264
4917	9459
14393	5574
1812	9813
-9854	-8045
-18902	-6228
-9211	-6398
11181	14638
-4791	1854
-4535	1835
13570	10748
7810	13302
7805	-3828
10497	7827
14573	-35716
4068	2640
113	-2896
-16677	-28264
-8886	-3866
-3446	6614
3130	9789
8712	11107
24699	13712
15015	6631
-11321	-8965
4426	7995
-15766	303
-7087	-470
8036	-1353
-226	-406
-538	3669
3312	13494
1685	6048
-1467	-6872
-12216	-7703
1325	2101
10355	-5560
-4684	363
154	-10716
-5265	4428
13015	-4471
5918	4566
5671	6076
-5160	-8034
1081	9268
-7193	8867
5283	4371
-15834	-9817
-9004	-2753
3594	10495
-4100	-4514
176	-2351
-4030	3480
-7419	-3055
5726	1904
18767	5783
18100	13941
-3832	1748
6256	3653
-14361	727
-3910	6474
12504	-95
4116	4694
-2513	4127
-25446	-21943
8463	2657
-4036	2798
-11292	-8749
12355	13213
-6845	-39390
-3880	13452
-12511	-13306
8612	14722
-110	-161
11399	13544
9835	5945
-8698	-16836
-2498	8844
16777	6161
-6948	-18613
-3889	-9018
-10682	3184
13072	12283
4481	15581
-2836	5
-11469	-2684
6967	10116
4347	2863
-4628	3602
910	16034
-1036	-3423
-11123	-186
10259	4308
8394	11211
-1903	-10838
5627	-16743
11181	-2003
-10490	-5512
-8109	4178
-878	-5067
5242	-6063
-15615	-15735
13215	3953
10687	12895
-20853	-2185
11798	-7907
-22591	-13522
-2109	5359
2398	3636
4429	2814
6949	6120
-3632	-508
-9165	3170
2162	1944
-9	7744
17498	8528
-2981	4183
-8450	-2084
4782	6229
-7887	-9006
6056	8845
-21615	-30923
4812	10334
-9091	4609
-7568	448
9864	806
-3580	-1146
798	6551
14836	7271
-1533	3314
-14503	-16491
-3076	-5672
-6737	-7204
9227	15300
17846	10395
-596	-3573
-20598	-20120
3139	7765
7718	5612
5491	2576
717	-2151
9880	7381
12451	7928
10341	-4112
-1490	8307
-8433	-5325
-2964	9641
-397	-1840
-3708	7201
8795	-23756
-1052	-258
-4865	9580
2650	-3324
-10603	3112
-20108	-10504
6075	15622
4398	5236
6029	3645
10715	-2148
-6769	-6445
-9955	-11110
-3062	3634
-11200	-7991
7119	5900
9390	4940
-370	-3837
-3116	-6637
21916	14154
434	5460
-13001	-4803
-2874	-4655
3184	10467
14163	-6132
2220	3276
20060	18088
3110	3602
-8869	490
-980	-2118
-3924	6548
4556	9233
-20360	-22842
-5032	3801
17769	9485
10008	3286
-9416	-1017
-5981	-3021
10670	-10062
9382	3026
-23308	-13464
9945	4862
5709	9819
-1324	7103
21826	18961
6968	8587
17350	499
-13455	-22657
-20821	-16315
10124	16464
10640	16094
-2388	-5112
-5422	5442
-9475	1704
-5798	-1435
-6548	1262
-5844	-2884
625	-1820
-11999	-8349
1137	5248
-7453	-5419
139	-2394
6197	5576
-22416	-20391
-6830	-3803
-5225	-2144
16656	2104
694	4043
-10410	-2461
-15795	-12802
18527	8698
-15830	-18992
2266	-117
-20789	-7868
-10752	-4746
-14383	-9267
-2774	5478
20179	12510
10379	1343
-6638	1952
-9855	-31331
5392	4631
-2668	10659
482	-3761
-5359	7365
-3468	-14780
-6675	4381
637	-6841
-4624	-2859
-598	-15223
-4190	-26293
-886	-3373
19296	13902
-3342	7103
2061	3994
-9057	-15252
7788	12991
738	-14560
6007	2738
-16167	-6233
349	-10338
-7330	1472
-5603	-46539
2919	-1167
-3844	3453
4664	5881
-12516	-42362
2360	7604
-3576	-3146
-16662	-11188
3581	4091
40	-11705
3338	1989
-5278	1029
-7660	-13032
4078	8902
11098	17134
-6945	-14216
-4306	7731
-9770	-7787
9309	17601
16330	16498
-13698	-19508
1968	3100
-709	-364
-2037	1312
-7113	-26815
-2407	-1408
9559	4673
8512	2111
-4486	762
-19710	-15037
12959	16010
6793	-6337
7114	8689
4205	9819
-3708	2181
23362	4482
3610	10212
-3407	3069
2646	8069
-7738	-4151
-12700	1152
4258	504
-10686	2119
-9278	-17176
-6990	9187
-3948	1264
-15215	-6520
-1847	6156
2916	-752
2425	6478
1189	-238
-76	814
22527	11062
-772	1621
12046	10617
-5741	-5723
-20800	-17939
-11820	2187
10168	8441
-2127	5247
8562	-8776
5480	6509
2844	-5861
-8024	4307
5649	11985
1586	9035
294	1614
-9187	-5041
-8217	-10429
6995	7879
-14772	-7836
-7962	-21546
6306	2178
-25543	-16928
312	7381
10118	3703
-7099	-3194
-6131	-3512
-16880	-7407
-8061	-1652
-3831	3694
-6113	-14932
-9261	-7467
6846	5798
7114	8368
-5615	1754
7067	5972
3597	-19559
2907	9204
5220	-9872
-7672	-19860
13297	2032
-17618	-13025
-4743	8634
1247	7234
-14555	-12344
-407	269
-14751	-3313
13259	5077
-9382	-18327
-2629	11222
2291	3465
-3411	4624
-13	14249
-1293	8442
11325	4109
20307	5650
-6747	-8938
-5712	12426
2806	7415
14952	14641
8346	-400
-6278	6381
-16526	825
-8387	3964
-13403	-10972
-4432	-15891
10089	3259
-9413	-134
-12067	-18777
13612	9641
-1563	-14588
43813	17725
1841	4919
9221	16468
10126	17677
-2017	733
-12966	-7244
300	-37165
10832	-4671
-6606	9181
11879	6949
-9359	-21385
-27352	-19213
12277	3014
5298	9600
-5275	-617
1400	-2021
-10510	-10995
-10246	-12704
13440	-1497
10326	11359
-2005	-1269
-2164	9385
10421	15415
-4619	-15953
-8073	798
-20718	-5178
14360	10471
-5433	-2097
14205	17029
-13014	-11341
-4512	1879
13175	5074
-6289	-7096
4897	8530
13180	3810
-7322	-5627
506	772
534	-2662
2277	5952
-2715	3256
2986	-3709
6487	62
-2605	1534
-6793	-17043
13357	7420
-14242	-4150
3774	8711
-15357	-6037
11033	5717
-1377	13364
12807	-1838
14703	188
-5871	148
-1920	-1011
-6118	-24848
6268	3887
1476	11602
-4680	-653
3299	5120
7449	16890
5349	6142
-2282	-7291
-824	-383
-12476	-3736
-3242	7471
-7183	-4047
13624	9305
4939	10651
2526	-4136
12375	-1753
-12305	-11621
-915	-3661
1163	6863
-1877	1377
-5350	4805
-2591	2327
7109	4930
7184	14057
6706	-2060
-9318	1297
7325	3301
-6694	4907
-8273	461
-4238	10789
-8525	-7727
16699	10762
3419	-17253
-3803	-5915
-15383	15
-8385	-5703
-14080	-12391
9837	-9160
-2883	5175
-16502	-13903
-4768	11775
-15224	-1316
7884	7431
-1011	3661
-2212	1559
-100	4148
-9941	-4460
7364	-133
20110	15035
5655	-3821
-1926	3002
15722	-1093
-331	13707
3883	14023
15819	1207
181	6152
-11126	-21059
728	-437
11074	8931
2138	6073
930	1487
-7281	2817
-3187	-918
-10310	-7550
10352	6528
12445	12943
9290	3673
-21260	-20384
15122	-4759
-8856	-6148
388	8490
5327	-5851
4501	5352
-15274	-5721
17795	7861
12748	14166
6110	22
3044	3261
-2747	1841
-2613	7948
3409	735
3904	7124
10502	9003
-6477	-16375
-2930	-5413
21290	17585
7793	-3712
-4377	-6073
-79	10417
-25434	-11718
-1941	123
15229	6328
1193	2802
-8783	3185
3530	10612
-4444	2379
1500	2506
-1302	-2223
-9803	756
-10482	-1294
-5780	-1487
-3379	-2902
3977	12811
-2369	-14164
649	10706
12390	8183
-6060	1138
-13352	-23074
2191	4148
-16867	-6022
5507	10607
-14162	-9604
6086	-12546
-12645	-5756
-13035	-9131
-732	-4336
1601	-7244
11237	109
5899	-4020
-6043	-13797
9460	-8577
-2083	2503
16396	-271
1298	-6685
-985	2225
459	-403
3134	6148
-6401	-13652
-14960	-5787
9383	12656
-4767	-5669
-7757	-7326
-10191	125
15477	-12513
5303	352
-18105	1150
1286	-14615
11901	-389
2418	3636
15983	1774
14153	9981
4402	-5404
-8739	-22213
-4147	3573
8746	14225
-4544	5812
-5993	8258
13322	-6272
-896	10121
-411	-26149
12078	8014
2719	3717
-22241	-17192
-4251	-985
4792	5433
1818	-108
-6405	-13216
-19716	-11907
-8565	-21505
-8770	5000
1921	-14292
13477	3209
5380	8772
10012	4806
-2912	-6169
7952	5906
1103	-383
-13340	810
2138	-4848
-5573	6480
-6450	-17407
15	-4069
7419	3857
-2796	5774
8740	12015
4095	-3863
6007	7282
-23013	-26005
-1765	8520
-8141	5202
-1111	10865
-18058	-13981
-13382	-5528
19229	9262
-12434	-4831
10533	5704
5401	2454
4047	3947
-9414	464
9392	7007
-2821	5456
-7544	4466
-4700	2332
-5176	-2218
-18162	-15744
339	-9905
-5860	1312
1217	3438
7362	5596
-18730	-19583
6798	5484
-348	-2553
-3542	-13032
10539	2003
5890	-4773
3131	-14377
-1660	1732
13983	6979
-12403	-8193
2954	-4091
-2884	7816
1515	5244
-2070	-772
-12390	-6718
1068	4073
-1884	3559
-26593	-19183
18179	10421
-7950	-2972
-11271	-4756
14874	10578
9147	13733
8530	20954
-17447	-3240
-5694	-6376
-7475	8141
-689	12417
8423	-3323
11900	6672
-5830	4181
-4828	8521
324	8338
144	4229
30614	12565
-6641	597
6977	6220
6312	7505
-7174	5651
82	9312
-4239	-20300
-34	-4428
-2767	3872
7919	3951
-306	8593
10293	3491
-8487	-6733
4105	-6545
-2176	3835
6776	9148
-755	-1828
4230	7894
-13788	-19536
10245	294
-7723	-13833
9747	-9477
7077	-8997
-4835	-522
2164	7351
-297	413
-18487	-8627
12128	5735
5257	2581
1629	12178
8761	9246
-24477	-14172
2972	4252
-5208	-6539
31387	19640
-13305	-3831
5288	-10058
-10054	4834
-16794	-21403
-848	8654
-11003	-9125
-4303	-11222
-495	9857
-2117	2440
10964	6013
2724	-10676
6022	-1514
-13783	2738
-12164	806
17972	13643
2410	6755
-3844	-17538
-10963	-2754
3430	-8720
-2163	5161
21531	10353
79	3933
6288	11908
8865	-7251
26412	14482
-7293	-9750
-6813	-2237
-21110	-16484
-10082	2050
4120	2090
-2810	1758
10180	1999
-3852	2976
5266	7661
-15274	-14782
12990	2768
-305	-704
67	139
3364	-2010
15044	10499
6353	7813
-3667	4632
639	-110
1504	3742
-4787	-831
-108	6849
-17594	-10520
-6330	1709
4698	414
4211	3873
1644	8526
1392	-6250
-18218	-4991
-31742	-26952
-10604	5263
3643	7287
2091	5132
2727	6713
8741	5871
-5028	-11017
-8476	-5011
8720	4103
34309	17989
-3169	-11939
16145	3507
-9691	-19503
-10926	1188
20497	12581
10387	7532
-6107	1096
4930	-7989
-6541	-5033
12084	3877
11156	11466
7651	10157
-10313	361
10814	-500
-2155	-6221
20841	7946
-10235	-12589
-11440	1458
3789	9057
-5390	-13410
13688	5901
-5845	-11291
16940	-15512
1197	4173
2469	6123
-14139	4719
5400	1620
16181	3008
10405	746
-1033	-6681
1069	13831
-6286	9211
6742	-6449
-4793	12700
-5083	4848
-16829	-8512
-4484	5519
18805	12382
8452	16042
8068	11453
-17123	-3237
-183	3519
-9913	-8935
-11098	4772
-5249	-5007
3886	4824
-2478	-12899
-3743	-8525
8046	8653
-6186	1826
7031	14089
-10541	5930
-28687	-11690
-9667	-5284
16516	16552
935	-3214
12526	16115
3079	1108
16176	7255
-6937	851
15	-11312
-5401	-7772
-8390	-4433
-2965	1107
554	4646
-1988	-3752
-290	6170
-11862	-9885
9363	1174
5924	5156
-7141	4818
-11386	3056
-7746	-26389
-8157	-6138
5424	-82
-9278	-9743
12220	10543
-9596	-18674
-12988	-12390
11749	6386
-4801	-5465
9039	3855
4786	7489
-1202	-309
-20490	-25710
-3199	-7167
3620	12020
-8061	-28821
13342	16098
-10380	-1527
5849	5726
14180	12162
-3342	867
-16330	-5312
-5179	-4022
-4373	5695
21259	8782
11344	18079
10679	-14485
-1221	869
7040	6396
-5492	6008
10697	10444
2277	4892
-3959	-186
-4744	1957
-355	-11542
-8753	111
-5759	1970
6771	9694
2181	-2284
14530	1957
-20767	-12100
7745	-3492
-1954	4824
6856	10215
-8331	-8066
-6885	-8803
3070	-12967
-12048	-9631
-13552	-11033
-1532	3779
5490	6630
-11256	-2686
4227	-3307
-284	-7326
-21370	-2278
-22996	-6375
7880	887
-14801	-5507
-13569	-8736
-271	-4787
-11453	-19681
-2404	-6963
5644	5866
-10110	217
-7431	-53354
11402	568
5868	15818
3782	-2757
26129	15491
-4462	1119
-13634	-21417
19611	5954
-355	3709
-3774	-6382
-16269	-16687
1201	-17815
-7099	2482
-663	1146
-20975	-8634
5000	4049
-18269	3639
-19040	-8834
-15256	-715
6246	12442
4518	7099
7828	283
430	-10313
6373	7819
-1427	1305
1131	8739
-5059	-2340
5334	13767
8792	14928
9420	1304
25959	15592
9278	-3364
-5392	-14367
2563	5003
35	4882
4410	10473
-8900	4374
151	7979
3373	9687
-14072	1273
13062	7727
-12429	6248
-13219	-10809
6178	-1941
17523	11084
11395	13961
8440	12488
-2465	-385
7049	-13275
7352	7619
4790	6867
-11269	-5314
12827	16454
-22102	-14938
-17675	-23991
9150	12168
6181	9152
1750	-1134
8317	4154
8902	12385
-5974	7049
9240	4555
7433	7925
6427	-508
-8557	-8786
-11969	-10530
3294	-4533
-2212	-1464
-6449	10999
-11016	-12413
-3723	3345
-4522	1591
9096	6090
-2751	5449
-5156	-4588
1954	-1179
-4195	11879
-8832	-1060
-9950	-18871
-15361	-5247
7289	-9520
-1571	8614
-10049	-13239
5054	-12889
3192	8760
-5419	917
8795	-3914
-13109	2123
-1724	2752
-27189	-34561
-4343	1166
2145	-8081
9535	3506
-7712	2611
4401	9911
18150	7109
-2892	-3371
7907	10816
479	-11649
-1887	-11897
7745	7123
3862	7275
31210	16664
8249	8899
10259	4354
-5578	2951
2891	4629
19950	7862
1686	-5262
-343	-7750
4716	306
-6187	5901
11098	5654
12965	1923
19571	3648
-4864	-20750
12570	16656
9036	-1715
15358	-85
7443	3777
12429	12620
-7173	1756
4963	2773
1334	6437
158	1468
9228	-6775
10678	-413
-9198	471
5217	7962
-15906	-11501
-6753	6050
-6736	271
-18945	-6440
-3109	6186
-8020	-70
22045	-2701
1723	1963
10045	11766
-4600	5313
-19683	-57484
-8807	1900
14312	8298
2707	-4028
27157	2359
15312	6990
-17084	-8331
9110	2534
-9832	2541
1424	-11813
-4924	-6106
-2317	-7344
7302	-14540
3944	5718
-3214	9907
5856	2190
-1131	746
-8009	-13259
8156	8785
810	-6243
-5628	4318
-5454	824
-10857	109
12897	-20830
-9803	-24737
9653	16569
-5245	3739
2386	7322
-12584	-13995
9529	-3289
-11130	4486
-945	-3328
-4144	2555
-6681	2727
-8539	-11019
-21992	-14884
15278	13553
6600	5887
738	5605
2055	488
25215	13934
-3160	-22376
-19257	-13522
13549	14151
3970	3764
-384	4264
-4012	-8186
-10691	-7280
5545	6456
3243	2754
-5887	-41
-26076	-16365
-9657	-10739
996	2253
6547	10673
-16118	-6492
7580	-6094
24876	-1116
-19354	-3514
-1185	5837
908	1350
-8522	-918
6080	2563
-5683	-652
4491	-21733
-10702	-18063
1663	-9630
-1495	817
10003	10071
8081	10549
7211	7741
2531	15618
-11820	229
-12081	-2788
3776	-980
2995	12471
17494	2173
14956	-14410
9077	9411
-3902	-2133
-5250	590
2591	-6943
3589	2559
4469	-794
-3203	7070
9086	7077
-2117	2569
-26903	-27039
7579	-1394
7798	4458
-17041	-15840
-1417	7184
9740	-6287
-13719	-12712
-2215	6795
4812	-9097
-12776	-2949
15415	13639
1653	-9737
-17447	-10557
5975	-5645
2399	7243
118	6742
-14748	-1696
-5659	-19303
-9159	-7143
16231	11303
-8187	2229
15669	11311
1357	-15940
5306	3070
-4032	7949
-3559	-4673
22195	-257
6299	2
8295	3792
12929	17102
9003	2551
4357	1383
-4198	2516
-38	-3392
-9394	-13144
-2479	5261
5044	-2093
-489	15173
10503	6308
-5943	1767
8423	9523
-4849	-14356
6371	4120
9727	7933
-5576	-320
8381	5098
-1757	7987
-13199	-2009
-1037	6017
699	10291
21733	9583
-2576	-8149
-4249	-22526
-5864	-10458
7201	2495
-21208	-16120
-5811	-3759
49	7070
683	8760
-12438	-3610
-577	8165
10661	7730
-85	-8123
3102	4466
-3358	-20244
-4451	7669
9429	11915
-7076	-6555
-11203	1699
1962	5557
1008	7202
6491	2739
25449	18982
-4906	13157
-847	6591
6052	7377
645	4934
-410	-16364
12167	8067
-6239	888
12992	-3584
2057	-729
-2804	-7253
5961	8879
22900	-21495
-5179	3800
268	6518
5532	2627
-5444	-12592
-7894	6769
-5324	9432
15899	6292
-10963	-2302
-23178	-33448
11454	1562
-7036	5074
-5404	3301
-6065	932
7241	9334
5449	10217
20340	17211
-8753	10588
4339	5882
4290	11547
14536	-1489
-4964	-8631
-4322	4859
-1566	3492
-468	1733
8389	9274
3238	-2692
-14117	-5187
1167	-1866
-10613	-1175
1016	-2597
11852	4556
-5542	3953
-1795	-7422
15071	10537
-2516	6645
-8977	-7875
-13126	-4231
2122	6238
6578	7403
-2883	-10786
14059	10883
3165	9411
-7644	-12591
-4886	8776
1010	12712
-1261	1242
5751	-3401
-6962	-5010
-10851	-19534
7306	14358
13691	13607
1904	1956
-6172	535
-1538	-1649
7329	4315
-6419	1325
8158	13045
16642	13439
11685	-1583
9239	5201
4759	5467
-23145	-9735
13249	10897
9564	5520
3374	11315
6728	6004
-12910	1368
-24376	-15954
8210	6311
-691	-7985
-927	-24121
17375	749
-14011	-5161
8966	15001
-2914	-567
11798	10297
12423	1381
-3162	-1645
6850	4630
1663	2464
-20852	-10675
-3162	5984
-19296	-9396
-258	10007
-1517	-7648
3516	10648
-4270	-7379
-6834	-8243
8961	3619
-1784	11385
-5006	-7860
-7083	7688
8417	676
15053	5682
-18360	-15970
194	1799
-14391	798
-6244	-15983
10101	13579
16007	1368
8353	10244
-412	5403
3639	145
-1672	4519
4160	7676
9407	5086
4235	-6853
4281	-13317
-1915	-5950
-3802	-4198
-2081	595
12643	-1277
-15400	-17252
-5073	8748
-18707	-1363
23419	7610
-7679	-6148
-234	1465
-7979	6271
-15063	-10398
2469	10835
-9283	-15001
-1987	3211
-12860	926
-6472	7821
1696	7649
14049	11269
-5354	8835
-7239	-3032
-11231	-6425
-12093	-26244
-10149	-10498
-14858	-8994
-165	3918
-3495	251
-3959	11998
-8352	-5721
8396	1392
-463	11898
17945	17996
16524	8702
-4958	-3790
-19128	-6507
-12832	-6550
-8258	1559
-4832	592
2095	-25159
5398	9491
16185	8463
14370	14446
-2703	-3577
875	1731
3670	11901
-7990	-8124
15621	7288
4535	7584
4644	6536
-8852	-27935
7876	-2460
787	6816
1556	10127
547	3663
376	-6035
-3831	3262
-5711	-3955
-2883	9503
84	-6034
5745	3369
-14880	-2683
-9685	-1075
9959	-5802
-1422	4838
8078	5285
-8498	-2038
7404	12412
26972	10269
5245	2014
13407	-1643
-12532	1436
1130	4765
7320	6352
22966	8802
1367	13185
-2299	-3800
-12781	-11299
-7454	-8618
7644	-7576
-1142	-9346
-1045	-1730
-153	5686
13940	5790
-11273	-7174
-5499	-5792
-5194	1164
14528	16781
-19655	-6874
9494	516
-2384	1739
15428	-4881
-12536	-3741
9303	14586
-4049	-3002
11411	9917
4772	11091
50	11107
10341	8450
-14422	-975
-4469	-4037
2610	1550
-312	163
10870	10654
7120	-2312
-5057	-3341
8918	3060
6735	7109
2249	2322
9665	9115
-5017	-8970
-9867	2951
10044	2737
-417	-5757
6515	5107
-5180	-1668
2202	6667
8935	11918
3596	-1361
-8129	6510
-8493	1906
-1256	-4229
-14439	-12383
-12925	-13525
544	-459
-20402	-9802
5957	4431
9082	-10540
2551	7084
4894	4672
-4982	351
-1098	-1235
11289	2901
-17051	-24111
-5017	-402
-3938	-4422
-13450	-7532
-21523	-24870
5554	9888
720	10414
11278	14425
-11407	-7583
3839	-29742
-14523	11626
10126	-3108
-11310	474
-5803	-14889
-13737	-7605
-863	-14158
-20930	-8663
8912	6705
-16549	-4494
266	-3180
-3997	-12500
8709	-33765
2194	-2484
5577	5965
337	7537
10173	10163
-986	7040
-10497	-3515
3594	-2925
7336	7221
11796	-1416
-2108	-20474
5416	10885
10198	3411
-10976	3430
-4786	-14573
-5749	8473
2812	-19
9896	4354
10550	13856
-6427	1458
-3702	-7596
-3906	-13659
-5762	4233
-12376	-7857
10824	-481
12468	9560
7154	8293
6568	-18014
-9007	3526
2101	2374
5759	12834
6133	-3
-20474	-2542
-7263	-4184
6220	10574
-3251	-9049
6539	-3887
1337	1758
-7459	-6112
-14102	-5348
-21264	-2194
-250	5643
3007	5891
-6352	8347
-99	521
3584	3277
5814	-10511
6682	2740
-15996	-1305
11595	11432
9995	7590
-10694	1158
-14441	-9728
1942	10207
4684	5119
9768	3946
11103	-10144
-14243	-9849
2765	-568
11350	6515
-9095	-8505
-6580	-596
13594	7680
373	-7880
3281	14026
-9067	-19219
-2908	-5355
-7904	-2025
14485	16272
5462	-14125
206	-4251
-22963	-18443
2655	-10267
-7197	2834
-9095	-1753
-118	7008
10762	12825
-82	4083
-15975	-1147
-14662	-2610
1713	-6015
-3952	-4660
-12943	-7118
11183	-2574
6114	-3473
11402	12844
-981	-13504
-17233	-12054
-7225	-3505
-446	4255
-10735	-11777
4797	5905
7901	2040
1408	-16629
-7828	-7839
-8867	-4221
3579	-3414
10273	-523
-2371	-19141
-5462	-13161
1251	-856
-6242	-10958
-703	-3013
6651	6824
-4634	-4775
12221	11447
-3593	-9692
114	-3507
-8945	-9090
6491	-3527
6775	4472
1061	-5504
15292	10268
4618	-5603
3408	400
-12548	718
-5733	-9664
2734	-27173
-309	9650
-5134	-8873
1440	-18127
19615	9280
-5787	-22767
-5478	3114
12529	3394
-7444	-3550
-8599	-180
20139	445
-20828	-16240
4543	13231
-9739	-8273
2368	-14359
30060	8556
3355	12249
7868	8915
12269	15921
9197	2425
-925	-2161
493	1617
-12541	-7224
4214	801
-21352	-31581
-406	5222
-10367	-8453
540	4194
1733	1388
-3320	-675
1612	6608
11416	17285
-1976	4625
2313	528
-7595	6492
-268	1809
-10202	-18638
18076	2387
280	2039
6864	3789
7500	2528
8786	-280
-21583	-13505
-14145	1754
6109	9332
729	-181
-5382	-3260
5276	3392
-10300	-1562
19817	4802
14008	14863
14413	1945
-4770	-2637
15676	-8866
-1479	-344
-15269	-15270
-19810	-11261
-5330	-15736
-985	-3150
-22202	-26471
6114	-3765
-8460	-165
13543	8961
-6940	208
13911	12775
9560	7858
-4301	6288
-5574	4971
6552	5069
-8068	-4565
-15163	-4390
-6289	-1760
-18567	-11027
19234	2595
5261	5696
-7453	3447
-8708	-6392
-7271	3546
-1464	6811
2994	1460
4249	12583
-11374	-4883
12084	-6045
-9811	-2467
5991	-5507
13517	9570
-11993	2545
-461	-14129
-13384	-7335
1534	8064
-1831	-378
-6766	104
3420	3953
6040	-18008
2065	5640
11251	-4844
408	1190
-18540	-2099
4128	4411
8973	14299
-12671	650
2479	12635
-15097	-9313
14957	5971
-3425	2797
5838	-483
-3085	-2588
-3389	478
6263	9138
22261	10823
-1570	-2095
13742	10464
-2205	-3357
-7898	-1830
11225	19535
7779	11268
13642	7563
-7872	5241
5053	2441
6921	9392
-4455	-8004
-5769	-7145
6080	10722
-23096	-8274
-14496	-9430
24	4327
-1816	-12903
6428	12466
7132	12401
-14234	-12715
-2644	-1301
-4446	-7486
5845	9201
15094	12200
-3603	3276
-215	-8905
6054	6885
6323	4845
-3369	8656
6829	-2623
16277	16095
-9933	-8828
7057	-1065
11441	4869
11221	-10260
10373	15940
14014	5078
7536	9393
4061	2203
4808	9053
2393	10899
10318	8909
-9055	4758
3687	-266
-5821	7543
1203	-9342
-5770	5426
-8497	6098
-11805	-2697
4480	10652
-7162	-7725
-2897	5108
1879	5065
1068	-6406
7445	10236
-1722	742
-157	6792
-20076	-19697
12735	5167
-3363	-3380
-2932	310
-18187	-9530
574	1581
20928	17428
-11373	-18389
8916	4668
-546	6927
10044	9243
6867	-4118
-11188	3636
-3946	6340
-9954	-11847
1353	11731
3912	796
-5516	-7537
-12131	26
27398	8031
1323	7470
-3981	-13951
-3935	8244
-9579	-11721
-3301	2544
-3962	5522
13526	9366
22926	9131
9941	1753
11995	5209
-20784	-3054
-13372	-14151
5299	-1020
-2312	8413
-5369	-9137
-14514	-20696
-15682	-767
-1151	10372
2573	9653
-4386	-13622
1604	3665
21836	4025
-6868	-5601
-6918	5577
8293	13380
6451	8604
2501	-383
-16299	-1037
-6270	5584
517	8593
-2303	3845
-3470	-1992
-12795	-8077
-2902	9424
-2301	8992
9078	-8412
-2735	-7508
-21082	-8248
-4293	-5363
476	10175
-2139	-6948
-9338	3771
-1168	-3630
6396	-11496
-16788	-37458
7277	5801
1748	3007
17528	15692
24198	15896
5108	-751
17755	11716
12101	5555
-2414	-6880
7156	5679
-15098	-8485
-514	2444
-18230	-21797
4662	9016
-11952	-14194
-8044	5756
-4676	2390
-19634	-391
3938	-1442
16837	10756
7019	10771
20301	10314
-17515	-11614
5990	9406
-2092	8544
9618	3384
-13540	-15588
1168	15412
-12202	-261
9078	17293
1196	-485
11328	10319
-3535	-1416
-11937	-8884
-11433	-13537
12391	748
-1107	-3327
5463	13245
-10670	1270
3231	2046
-10387	-1777
-8409	-4464
-22176	-17474
5801	4943
9168	3212
-10326	-1670
7526	-7645
6588	11147
15237	-1304
2816	208
8249	7911
-3878	3003
-4311	5987
7482	4816
4542	9092
-565	779
-17572	-21163
15708	10058
-1832	3338
-6856	-9047
8861	657
-8376	-1468
36058	15379
6501	984
-3623	-6365
-14379	-10193
1632	-4101
8619	251
18214	7908
8804	6680
-781	-28160
6205	-8146
6862	3917
3784	-8146
1209	7892
10466	2829
1695	7414
-9493	-4341
-428	-951
6767	10668
847	-2566
-11640	-11104
5946	1904
1001	6654
5034	-11882
-6732	5119
-5448	4278
9761	1012
-3417	-823
-16810	-15060
-1056	-9256
-6550	-2739
-12223	-4291
-1565	-3860
-2878	3303
-2286	7399
-8722	776
-18892	-12569
6413	7397
5144	3910
-1946	-1
-8408	4098
2217	12096
2201	795
-645	6380
21074	-1763
-326	2001
-16106	-7459
10053	-789
-7126	-4720
-9555	-6808
-7938	-13991
-4898	5601
11058	5712
13474	-21987
-3092	937
-19600	-25374
-4337	6208
-2210	8298
4819	5341
3143	-5525
-4844	7391
-757	3181
9013	10140
-8083	-26586
-5227	3904
9383	11319
-4028	-5030
-24941	-10768
10978	15952
1181	-3994
2043	-6847
7147	8018
8701	1876
-14867	-2257
-1199	-4667
905	7858
4478	2897
5952	-16397
-8938	424
-3908	-5655
2003	-4273
-7022	-7879
2833	5078
10217	5066
-12311	-17080
-6465	6942
-1551	627
-19708	-10857
3619	-2770
-12508	1881
3604	-8141
-3860	-340
4001	-530
-7556	129
-12719	3986
17850	22116
-3452	12656
-22869	-10449
4007	7205
12855	-38
7389	2196
7656	6068
6300	-1013
7350	5968
10197	15991
-22622	-6676
-24202	-36891
4875	10737
-5484	-6620
2196	16361
7172	4012
-16958	-21113
-397	3630
2142	13113
29361	18060
-877	-13172
-9426	-13802
-7225	2793
-1218	2030
18649	7670
-17345	-6172
-8883	1749
-16680	-11419
6136	11214
9958	13448
-3917	-7709
7852	4571
3212	-2290
-793	-2960
9566	16788
1792	1578
-2059	1431
2283	-5286
-5044	-3054
5583	7369
10029	5686
17905	13436
16775	19896
5660	10317
-260	-3970
2739	4982
16885	7717
8026	3605
-22972	-11230
-16521	-7253
1439	12347
10742	2645
-3893	5847
9330	8927
-15895	-4446
24422	-559
3949	-4489
6610	8985
7065	13245
-16105	-7318
-3349	2876
14800	10968
-482	-11868
-10133	-16227
372	3670
-18138	1891
-7161	-7040
10642	3062
-9416	-7522
-14199	-22881
-16803	-4291
-4936	5941
-6951	-8567
-26494	-11427
11250	1758
301	-3173
-4284	6901
-10972	1297
24855	17081
257	2570
-687	-1298
-2781	5155
-7841	-2647
-12890	-9754
18762	5641
-4477	-1345
10341	9672
-8727	-10756
-4647	2209
5138	7284
-15918	-23103
-3871	-6312
9930	16455
-5841	-6641
2574	13136
-6549	-17576
14821	1037
7191	12256
20581	17497
-17349	-8200
-10153	956
-24712	-19062
-6987	-667
5949	-17163
16019	10784
-1549	-7456
156	2618
-5228	3527
5016	5932
9771	1986
-19309	-16667
9346	520
1209	1652
-6924	7720
-10682	9178
2930	11790
-2745	-4093
-17520	-6884
-14597	-2567
1663	-1404
-817	9312
8147	9169
16621	15105
-1584	3692
-792	7832
9086	14414
-1192	-5419
13465	-8213
1692	-5778
-12451	-7571
-815	-7839
-18044	-5455
-12546	1587
1410	244
6314	11259
-3329	2666
2960	2874
1897	1113
11752	5358
-1882	4898
-6558	5686
2886	7771
11010	1304
3547	-12600
-5170	-10718
-3915	8138
15835	13527
-7635	-2771
3281	9298
-9201	1982
4797	5897
-2928	3951
6998	11454
-5756	-20972
13491	831
18503	13133
11744	-4849
-14260	-9943
-1330	9999
-2888	-2552
14788	-26880
16716	1225
-19495	-14153
-15638	8717
7791	14014
13885	1981
-13435	1462
-13456	-9125
-2510	2616
16358	12094
10426	-963
9444	-4596
-12908	-5771
7877	8792
-2088	762
694	-11183
-18017	-4717
3904	-646
4342	5656
7086	13417
-9292	-16621
11371	3059
3658	-8891
7012	-3763
9305	9530
1433	3610
-3956	6416
-15091	-19161
-1073	10775
7548	7899
1199	1854
3818	6341
-12140	-1484
-10024	399
12234	14201
8812	11632
3297	3698
2584	630
-1788	8081
-9554	-6326
-11131	-21672
-868	-4512
-1967	-873
-7757	-28226
-7508	-6005
7362	5052
-4767	-355
11308	2192
-5640	591
-4036	3783
6369	6949
-1590	-3351
16646	8916
6589	-3386
12374	7667
12790	-583
21976	186
-237	-846
-1895	6470
726	3149
-565	10520
-17760	-12880
-3665	-1965
-5865	4896
5747	-11543
1147	4242
10734	9434
3040	13875
-3972	4014
-11483	2930
16148	5781
-13528	-1882
707	-12537
13852	14619
-13318	-7319
16323	1185
12029	9376
8223	-148
-338	-2728
-7706	-39
9077	8031
1274	-4168
-9135	-3590
13612	8870
9804	3323
9454	5839
-753	-1773
4160	7367
10262	1890
-4205	3358
6462	13108
-5588	-2991
22556	-494
-6716	-2574
-8553	-20597
-474	3499
16888	17119
10681	-4381
8764	-777
8242	8163
-18667	-14849
7910	5775
-5856	1912
4809	5398
-9126	179
1556	5816
884	6075
-677	-17221
4911	-8342
-16094	-11072
-10174	-2870
5473	6355
-2277	6617
-131	-18472
3976	9667
11253	213
-5767	-1635
-17869	-13265
-9046	-7616
-6099	-4635
-10936	-9162
3256	-1496
5605	-12245
10962	10189
-11003	395
-200	-6294
-9461	1677
3247	2073
-2671	-538
-5957	-152
-7205	-2387
-2315	5274
-8318	-2917
6080	9078
556	-460
2809	7879
-2819	-7126
1607	11958
17499	8876
12148	3753
-6862	1944
7522	1869
-112	-8074
12431	8992
2185	2197
1038	-5095
-5327	5127
2189	3834
-7574	-1670
26327	13102
23457	16057
13293	13290
3141	-20709
1613	4442
123	-3877
-3494	-2706
5114	6040
-343	-8166
12489	1037
-845	785
3185	1584
10743	5190
8923	-3321
8478	-7529
-6996	-5776
-8323	6992
8934	13986
-279	645
-4925	1416
-5910	8860
12098	13603
18324	10198
350	-1635
-9248	4210
4662	8279
-7026	256
-9662	-9137
-1391	6086
-7146	-6385
-437	2332
-7367	7701
3639	4696
12059	10664
4500	3692
-796	-1091
-4967	-4343
5881	-6455
-12104	-21297
-1421	170
9396	3912
7388	-4067
2398	303
13946	6161
16719	14573
3701	4678
-22300	-31358
-5719	-12830
-2965	7457
-9479	-6971
-9823	-9192
-11400	-20933
18415	19397
4323	-9238
4515	4509
-28407	-28059
-1787	-8258
4437	2292
-1874	2423
15773	11447
-3338	6367
-5400	3803
11331	10190
-7280	7516
5166	11714
3930	415
-4313	1352
8146	822
-1726	762
-3161	-744
8929	11509
7586	-10386
-9464	70
587	-301
6535	-1259
14770	10630
-7151	3691
-1140	-340
2605	484
2351	2002
-17908	-19025
-14401	-15550
-16741	-15473
-5635	302
8178	16886
-14564	-5141
-480	7277
213	-11981
-13794	-5574
-14969	-8784
-4630	-15404
-8096	-575
-12284	-11491
9270	15770
1253	3577
-1609	9308
-10151	-3503
3855	10261
-5926	-3525
7746	5784
-11570	-1072
-6262	-14548
-3706	4737
-4719	-12585
13125	8514
-5452	-3964
-13254	-25769
6059	-655
14609	5011
-1769	974
2097	3833
-13971	-8592
-2031	-3794
1438	7164
2428	2945
-13920	-1129
22057	14362
1390	3900
19935	9887
-4038	-1376
4178	-11299
-481	-5609
17365	7540
2790	-1381
3604	11118
4081	14744
-12668	4334
5975	3282
-11346	-17166
-2218	-8887
-7470	4288
-8448	6538
-5184	-4280
-3438	-3724
4974	1617
-14863	-14244
2959	-10889
4678	-6940
-1711	3327
3606	5111
-8637	4032
-16645	-5387
-11023	-4026
-2693	-22193
9139	1941
-1543	-5943
2072	-9675
-15123	7
14217	11015
11284	10064
10429	-2067
-9099	2288
7240	3473
1182	-8466
-3812	-541
13497	6133
16953	6436
-732	3295
-15352	-16807
-3924	-957
-11434	-11963
-7370	8082
-9877	-8136
1885	6300
17115	21477
-4755	-417
-6562	-2909
-4119	-17572
-3390	11384
894	-18809
4021	-1806
1127	-12139
-14275	-6282
-11569	1294
8666	3592
8703	12823
23759	14613
-3267	7868
-110	-4723
11364	6333
-3650	-3338
-3882	-1709
3874	-5634
200	6229
7053	11315
-7744	11184
-6245	1024
5917	5055
15387	7217
2180	6324
10101	10781
9195	4699
-12924	-9601
-10968	-1698
-898	1692
-6440	4188
16895	7964
15369	5144
-22187	-23961
21550	6308
8248	11209
9974	12936
6594	16758
-5130	-8668
847	7581
21216	14009
-6374	12231
-6475	-13380
-6929	3811
-25833	-24404
-1981	-6502
708	12617
-653	710
-9077	1187
-2178	1736
-1691	4854
-830	-334
5977	11746
-2594	-10734
12008	900
21863	12313
-20854	-30420
16172	9399
-5370	1551
6443	-3034
1771	7658
-11600	-2833
-2508	-490
-1655	3227
-6751	8461
1192	-209
-4259	-17002
5312	-9563
7833	-791
4281	3342
-19932	-7426
1177	6357
-517	5469
-5299	3040
4248	370
-1646	-2092
20249	6490
9609	10031
-2562	-16056
1067	-3898
-13489	-45496
-10475	852
10514	5656
1754	6465
5715	-11115
5660	-3563
-5952	287
9585	8298
4902	9360
9795	-9208
-5423	8992
14123	12584
6627	10257
-9469	11087
-5505	8201
592	3827
6472	7036
-567	1331
21338	6829
-7033	10635
-14887	-3083
-2259	-15953
5544	9281
405	4763
509	3841
10917	10175
-3761	-2815
-3705	5358
12687	13694
4797	-5384
751	-16787
8431	-1196
-14025	-6639
-16257	-17551
7370	2430
2549	3062
-5262	-14610
-7353	5881
13836	2693
-4368	4258
-17217	-11171
-12932	1757
4122	-5517
-904	9409
17551	-3451
-11211	-1448
10248	3880
-12455	-3502
5512	6628
3447	-3101
2978	-957
11006	13729
-788	-2837
-910	6429
-2916	3152
12438	14027
-6348	-16594
-18369	-1647
5627	11302
8983	8885
-7230	-2773
3233	-83457
-11762	-33007
3030	6713
2899	8002
-5114	-2297
-1580	-2967
-2383	2838
-1708	2440
2171	2423
-9380	-24455
3939	-10959
-2480	471
25836	22397
8913	-5193
4855	3773
597	2354
-925	77
12506	41
-16199	-4506
-8395	-11786
12871	7653
14988	4754
-9006	-2996
14631	10842
18941	6625
-205	-4871
-15177	-10884
-158	5353
-165	-10162
4268	10095
1718	3346
9148	10548
6832	12722
3875	993
-17586	2054
-1058	-18168
1250	-2376
-32	7437
-477	6545
2337	1394
10371	950
8045	857
-5267	5747
-28653	-25595
2719	-17450
23684	17032
1046	6096
-5477	-20404
-17957	-31394
5922	-9413
1062	10983
12431	11599
-13681	-2554
7216	-9849
-8447	-5403
-7719	-11604
-3888	5364
12555	-214
4080	1294
-2484	6568
17057	12451
-11340	-2727
5950	2151
19383	15794
7857	6107
4048	-12033
-6354	1893
-11256	-20698
906	1524
17389	-4143
-13680	-967
8053	3277
-11992	-21330
5225	11285
-1237	-1967
4713	7151
17508	19048
-1107	-3366
-4145	3783
-2555	3742
-654	99
308	4984
-5153	5824
10286	9203
-13457	-8761
-6825	-2620
-15391	-13964
-11452	-1451
-9304	-670
8873	-6551
-2395	-775
3019	367
6698	13523
-14340	-18392
2373	8577
4744	7955
1447	1139
-3714	-2202
-7580	-7334
862	9938
-7569	-22388
-10699	-4675
-2395	6493
12668	11537
14173	8149
4981	9859
11146	15631
-6113	-4037
-2615	-12967
-17756	-16955
-5998	-3143
3292	4628
18297	4425
21273	19374
-11043	950
3979	5022
8438	13103
18579	13869
686	8599
1619	13314
-391	5227
-587	5783
6677	-457
5734	10537
2387	4094
4415	7219
11656	2051
12568	-18
7087	-1271
-3228	5428
-2079	5826
-5767	448
-1894	5962
2815	7222
11575	11143
3049	11434
-1679	-30051
-3900	3100
10464	-6532
-8347	-20109
-9842	3080
17564	18523
-6338	7725
-7136	3607
-12844	6926
13056	13131
4287	-5144
5871	5758
23194	10237
-11046	-4555
1300	6793
-1118	-8293
27654	21707
-13703	-52392
6366	3701
5985	7557
-10988	5210
-5958	-6553
-4442	-11807
-2267	960
607	68
-913	1682
-531	7419
-14012	-6089
13669	8988
-3781	-19740
14002	-4034
10371	1830
6505	-6840
-9199	316
8888	12449
-3126	5517
-2908	10796
8911	6618
3708	-2221
-9981	-4217
15706	-4510
-3164	-5815
1993	3941
3902	-19508
-1444	8559
-11193	2759
20741	9563
-17602	-11696
-11455	-3006
2314	-4403
-5873	-17133
-365	9342
-3184	6073
4934	19884
21870	1527
4440	2858
2821	4834
3257	6750
-11079	-521
-14093	-1583
2586	1313
9854	3146
1169	-677
-1965	4844
17263	-1794
-19672	-24329
1358	-15259
6025	-3688
14154	4708
-7434	7352
838	-3016
4398	10082
11179	-6445
5884	11361
-34244	-32711
11988	-1721
17710	11686
5684	9917
-2968	4387
-5840	2999
2445	2140
-4214	-1625
-4992	-11030
2604	1124
-11995	-607
-4842	-4027
-2570	1618
-10889	-43055
-1720	6159
25680	19662
6144	3628
16107	11753
-6826	4533
4492	947
-2513	7455
-11377	-13871
11218	2091
4465	1290
-510	9798
1694	12192
1078	8401
11553	9633
-5215	-10677
-14855	6050
-11759	5704
-3436	-1779
1185	5765
-20080	-11783
-1204	-6426
4577	11802
2435	7165
6040	4516
-5502	-2462
-4339	4223
-898	6998
6865	7467
9475	861
249	-3446
-4999	4885
4456	-11517
6179	15422
-12411	94
9102	10053
-2919	-2136
-8875	-8859
2404	6721
613	-35574
3661	4508
