0	-4625
0	7243
0	3444
0	-7254
1	-5861
1	7050
0	-5020
1	-7442
0	-7175
0	-6026
0	-7867
1	6745
1	-4904
0	-6339
0	-5876
0	-11
1	422
0	-2475
1	14610
0	-7515
1	17636
0	1311
0	-3754
1	-1508
1	-3323
1	-5612
0	-5288
0	-1386
0	-5941
0	-657
0	-4050
0	-5934
1	24029
0	-5328
0	-6235
1	-2346
0	17103
0	-3376
0	-3185
1	-7866
1	-6083
1	-6356
1	-5601
1	-7853
1	12917
0	-7807
1	8277
0	11243
0	-2475
1	-5569
0	11961
1	-3476
0	14760
0	-6484
0	-7875
0	-6377
1	525
0	-3972
0	-7676
0	-6344
0	-628
0	-3720
0	-6583
0	-4741
0	1646
1	-5351
0	17711
1	-4838
0	-5094
0	-4590
0	-7073
1	2233
1	-3486
0	-7367
1	-3603
1	-241
0	-1023
1	-3880
0	-4744
0	-729
1	-7873
0	23922
0	2262
0	-7630
0	-7846
0	-5398
1	-2182
1	-954
0	-7233
1	6278
0	15355
0	-7876
1	-4683
1	-7876
1	7857
0	-4281
1	-5765
0	6700
0	-2677
1	-5552
0	-7715
0	8461
0	-7308
0	1635
0	2003
0	-7634
0	-6587
1	13302
1	-2667
1	838
1	-6611
0	27016
1	3445
0	-3490
0	3189
0	17341
1	-7109
1	-6759
0	-7846
0	-6845
0	4363
0	5172
0	-5671
0	-3849
0	-7773
1	4564
0	-5879
1	-7127
0	-7871
1	1815
0	-4734
0	-297
0	-7356
1	1671
0	-1277
0	6489
1	5240
0	-643
0	322
0	18319
1	-2144
0	-6644
0	-5232
1	-7849
0	6664
1	-6458
1	10511
0	-7876
0	-4213
1	3847
0	-3631
0	600
0	-6782
0	-7548
0	6451
0	-7788
1	1712
1	12848
1	-2127
1	4123
0	-5462
1	-5413
1	-7851
0	5667
0	29020
0	-7242
0	-6943
0	2665
0	-1464
0	5976
1	-7799
1	-3227
0	-6787
1	-5792
0	-7567
1	-7496
0	6224
0	19689
1	-7428
1	12304
0	8961
0	-3158
0	-3232
1	37748
1	5872
1	-1846
0	-3237
0	4478
1	-7845
0	-7759
0	10351
0	-7425
1	12258
1	-6923
1	-7871
1	-5260
0	-7609
0	13939
1	-6982
0	-2170
0	7260
0	17116
1	3449
1	-6704
0	3762
0	-7876
1	21202
0	-2218
1	-7458
1	-7694
0	11265
0	-7172
1	-2141
0	24954
0	3806
0	-5240
0	-7690
0	-7877
0	12673
0	-3718
0	-7730
0	-7819
1	-4233
0	4467
0	35975
1	-3599
0	-1886
1	5212
0	-7538
0	3414
0	-6075
0	-6474
1	-7855
1	-5633
0	-6429
0	6460
0	-4861
1	9000
0	-2662
0	-7847
0	-226
0	2653
0	-7348
1	-4596
0	-7872
1	1182
0	-5224
0	-1445
1	-7337
1	-3789
1	-5653
1	-6051
0	-5839
1	-2601
1	4123
1	-3724
1	-1738
1	17125
0	-7846
0	-7808
0	-4081
1	-4207
0	-4288
0	3195
0	3699
0	-3433
0	-7729
0	-3335
0	-7648
1	5728
0	-7620
0	-7639
1	1974
0	-3779
1	-3263
0	-7839
0	-1572
1	8673
0	-7351
1	-2805
0	5746
1	14727
0	3050
0	-4697
1	657
1	21863
1	7206
1	-5329
0	5608
0	9254
0	-6372
0	-1035
0	-7873
1	-7864
0	-7833
1	-4241
1	-6974
0	-5864
0	-6343
0	-528
1	-7183
0	31577
0	-4093
0	-6210
0	-6184
1	4145
0	10082
1	-7839
0	7597
0	-7598
1	-7877
0	-275
1	-1957
1	-7468
0	-2246
0	-4766
0	-4718
0	-4247
0	11922
1	-1997
1	6322
1	13899
1	17601
0	-5271
1	7816
0	-7583
1	333
0	2419
0	-7515
0	-7281
1	8701
1	1252
0	4416
1	-1512
1	-5795
0	-6264
0	26
0	-7191
0	20376
1	-7706
1	11282
0	3335
1	-1613
0	3998
0	-6893
0	-5642
0	-7743
0	-6764
0	-4770
1	-4765
0	8017
0	-1968
0	-6973
1	1103
0	314
1	11157
0	-7207
0	18124
0	5548
1	11876
0	-7739
0	-1391
1	-7877
1	12181
0	-3427
1	1046
1	3397
1	11826
0	-2622
0	4542
1	-394
0	-5849
0	49788
0	-7683
0	1667
0	3817
0	3461
0	-7871
1	10031
0	4517
1	99
0	-4853
0	-939
0	5325
0	4130
1	-6685
0	3906
0	-3914
1	1820
0	-7516
0	-6955
1	14488
1	-6403
0	15698
0	-7420
0	-6067
0	-6658
1	-1633
0	3290
0	-7779
1	-972
0	-615
0	-4699
0	-3361
0	39176
0	-6683
0	503
1	-6765
0	-1004
0	-5249
0	-6324
1	-7653
0	-7704
1	-7864
0	-6549
0	-7859
0	-4713
1	-7088
0	-6345
0	-81
1	-7805
1	-2248
0	4090
1	-6373
1	15769
0	10396
0	5623
0	-2528
0	-7648
1	-3759
1	-7583
0	4244
0	-7487
1	-5929
0	-6109
1	-4087
0	-5457
0	-4451
0	-6049
0	41691
0	6320
1	-3917
1	-2882
1	11426
0	-7705
0	-7699
1	16935
1	9234
0	-2650
0	7028
0	-250
1	-4067
1	-7549
0	-1674
0	-7846
1	3300
1	2059
0	-4772
0	-4546
1	1
1	30399
0	17056
1	-2913
0	-7875
0	-5930
1	-4772
1	38496
1	-7368
1	-1852
0	-2599
0	5805
1	-7153
1	1188
1	-5637
0	15691
0	583
0	-5656
0	20994
1	-1855
0	-4735
0	-2822
0	-4882
0	-7859
0	-6269
0	-7403
0	-7735
1	-5919
0	27200
0	-7628
1	13167
0	-3834
0	-7825
0	-7872
1	1140
1	36215
1	-7378
1	-7464
0	3060
0	-7877
1	-4914
1	2002
0	-2782
1	-3765
0	-782
0	-4920
0	9643
0	-680
1	-7028
1	-5832
1	1624
1	-6088
0	-7785
0	-6944
0	34
1	-791
0	10828
0	4662
0	-7697
0	-4448
0	-4266
0	49197
0	-4101
0	-7739
1	-6870
0	23434
0	8715
0	-6294
0	557
0	-6860
0	1461
0	-7836
0	23341
1	-6486
0	-7698
0	-1259
1	-5903
0	-4533
1	-6700
1	-5728
0	-1137
0	-3066
0	-7876
0	-2190
0	-3547
1	-5127
0	-2274
1	-7623
1	-2327
0	6597
0	8689
0	-7780
0	-6212
0	-5787
0	2759
0	-2443
1	1518
0	27243
0	-3493
1	-7145
1	-7559
1	-5508
1	-7141
0	3541
0	-7265
1	-7357
1	-5019
0	4190
1	-3362
0	-6399
0	-2649
0	-7468
0	33821
1	-7244
1	-4514
0	10357
1	-7829
1	-6998
0	-7876
0	12602
0	-7516
0	-7816
0	-7685
0	-6203
1	-7826
1	-7173
1	5846
0	23215
0	-5336
0	-7802
0	31252
1	-6531
0	-3119
0	-7222
0	4973
0	-7418
0	-7807
0	11153
1	-287
0	-220
1	-6652
0	792
1	-1435
0	-5114
0	-7770
1	38804
0	23014
0	-896
1	-4511
0	-7858
0	-7441
1	-5641
1	-5103
1	1224
0	18221
1	-4651
0	-7810
0	-6722
0	19692
1	1076
0	-6472
1	-5615
1	6957
0	438
1	-6577
0	-6974
0	-7833
1	10171
1	-4597
0	2268
0	-7827
0	-3845
0	-5826
0	-6037
1	-7876
0	-7720
0	-4297
0	-7003
1	-3021
0	-5620
0	-7494
0	-6494
1	-7796
1	-5178
0	-4060
0	-5838
1	-4861
0	-1472
1	276
0	-5085
0	16158
0	2471
0	-7431
0	22587
1	-3021
1	-2528
1	-1705
0	18409
1	-2799
0	12787
1	2346
1	-7419
1	-7852
0	6572
0	-7501
1	12295
0	-2613
1	-802
0	-27
1	-7636
1	7391
1	7207
0	34316
0	-6958
1	-4452
0	22358
0	15819
0	1228
0	20299
0	-2329
0	9519
0	7122
0	3963
0	27395
0	-7840
1	7734
0	8774
1	-7198
1	-4173
1	1112
0	-7842
0	23084
1	-7236
1	1564
0	-7846
0	-5134
1	-7873
0	-6888
0	-7840
0	409
0	-1710
0	1574
0	-5879
1	6908
1	-6577
1	2159
1	-7575
0	1279
1	-6964
0	-5745
0	-7065
1	-6581
0	1251
0	2622
0	17080
1	-7784
0	-5227
0	1628
0	1376
0	-2004
1	-4974
0	-5630
0	-6167
1	-7547
0	-675
0	-7828
1	294
1	-7481
0	28508
0	-7374
1	10055
0	15877
0	-7741
0	-5611
0	3809
0	-4866
0	-5782
0	-2555
1	1176
1	-5082
0	-5769
1	-2884
1	-7853
1	-91
0	-7758
0	-6279
1	-2853
0	-4245
0	-4601
0	531
1	-7457
0	-7876
0	-7812
0	-4619
0	4323
0	-4956
1	4312
1	-6889
0	7902
1	7407
0	-5695
0	-7632
0	-3220
0	-7474
1	-6353
0	9578
0	-7816
1	2674
0	-7657
1	9479
0	-4319
0	4049
0	-7615
1	6127
0	6718
0	11019
1	-6668
0	-7853
0	-6352
0	-6712
1	1080
0	9355
0	-7093
1	-5736
0	11973
0	-2244
1	-7850
0	-6974
1	9924
1	1011
0	-2710
0	-3339
0	-7331
0	-7869
0	-4459
0	-5401
0	-2095
0	-2176
0	-5709
0	7599
0	2390
0	-128
0	2448
0	-7298
1	27387
0	-7137
1	-7761
1	20506
1	31578
0	-1661
0	-1907
0	-7083
1	-3973
0	721
1	-575
0	12023
0	-7499
1	16465
1	-2918
0	-4894
0	6092
0	30318
0	-1523
0	-4552
1	20011
0	-5065
0	-6505
0	-4382
0	-7876
0	-4884
0	-4466
0	-5396
0	-7337
0	22450
0	3419
0	8066
0	-5373
0	875
0	2030
1	-6791
0	-7315
0	5533
0	-7161
0	3304
1	7094
1	-7877
1	-7733
0	798
0	25032
1	799
0	-7875
1	31999
1	10173
0	-2777
0	-4155
0	-7595
0	-4895
0	-985
1	771
0	-4215
1	4037
0	-5259
0	-1837
1	-7740
1	-7335
0	4802
0	-70
0	-2752
1	-3125
0	-385
1	14481
1	9740
1	16344
0	43745
0	8059
0	-5246
0	-4078
1	-7420
0	381
0	-676
0	-5605
0	17768
1	-7798
0	-6984
0	20957
0	-6411
1	-7072
0	-6964
1	-7572
1	-5957
0	-7606
0	-3510
1	-6519
0	-7861
0	-2426
0	-7744
1	-6526
1	-6936
0	-5669
1	-444
0	-1236
0	-6074
1	-6865
1	7302
0	-7876
1	8519
1	-6356
1	10139
1	32166
1	-5260
0	-7876
1	-3684
0	-4789
1	-6390
0	-3978
1	-6971
0	514
1	-7794
0	-6644
1	-2322
0	-606
1	25500
1	-7838
1	793
1	-5679
0	-2214
0	-6494
1	-1916
1	3977
1	-4508
0	-6525
1	-7760
1	-7872
1	-3478
1	2108
1	1907
1	-7364
0	-7848
1	-6090
0	2419
0	26339
1	12941
0	-7468
0	-6580
1	18686
1	15783
0	8918
1	-2195
0	-4247
1	36257
0	6714
0	-7712
0	-7872
0	13627
0	1471
1	-2790
1	15914
0	-6671
1	-7044
1	7336
0	7031
0	-621
0	46051
0	-7495
1	-7873
1	-7290
0	952
1	8094
0	-2017
0	-2461
0	-6333
0	-6519
1	-3209
1	-6449
0	3349
0	-6145
0	3824
1	-2607
0	-5263
1	3722
0	-7871
0	-7541
1	2218
1	473
0	-7092
0	10168
1	-7848
0	-6566
0	-1192
1	-7870
1	-2294
1	4913
1	8419
1	11893
1	-54
0	-3977
0	-2529
0	5487
0	-7534
0	-2443
1	-684
0	-4765
1	-6171
0	2168
0	-5979
1	15517
0	-7576
0	-5303
0	14236
1	-7629
0	9992
0	1243
0	2832
0	-7845
0	5550
0	7318
1	-7822
0	-1140
0	-6592
0	-7409
0	-6046
0	30043
0	-5800
1	-3901
0	2285
1	-7856
1	3070
0	-5116
1	10943
0	7034
0	-6351
0	-2130
0	2714
1	-5087
1	-3964
0	6339
0	-4716
0	-7852
0	-3967
1	-5835
1	-6964
0	-7869
0	6043
0	-4458
1	-6705
0	7381
0	-7861
0	741
0	-7202
0	-4528
1	5859
1	-217
0	10945
0	20862
0	-5031
0	4412
0	-7450
0	-7870
1	-5277
0	551
1	-7137
0	-7064
0	-7854
1	-3479
1	-4484
1	-1344
0	-7186
0	-1236
0	8668
1	4355
1	-5117
1	11053
1	-7541
0	-7788
1	-6916
0	-6962
0	-1296
0	-7805
0	11900
1	25085
1	-7491
0	-393
0	16673
0	-7766
0	52673
0	2477
0	-6560
0	-5432
0	26795
0	1539
0	15593
0	-3085
0	-7390
1	-6550
0	-7876
0	26836
1	-5109
0	-7032
1	-6924
0	16107
1	1939
1	-7124
0	3356
0	-7388
0	5496
0	-7841
0	24054
1	-3829
0	1685
1	-6962
0	-3748
1	-7710
1	-7506
1	13437
0	1776
1	-4104
0	-7361
0	-3652
1	-1020
0	-4806
0	-5341
1	-3154
0	-5030
0	2780
0	-7267
0	-7549
1	-7877
0	-7862
1	-7657
0	-7813
0	-7195
0	-7733
1	-1673
1	-5148
1	-2382
0	-5241
0	3630
0	-7834
0	-6065
1	5796
0	19646
0	-6610
0	-3225
1	-1644
1	6487
0	-4044
0	3217
0	-7827
0	11923
0	-1299
0	12579
0	-2895
0	-3266
1	-7835
0	-6181
0	-6645
0	-3947
1	-5790
0	-5407
0	16884
0	-7426
0	-6823
0	-6950
1	3530
1	-7677
0	12365
1	1317
0	-4093
0	-6000
0	11644
1	4077
0	-423
1	-7347
0	-4527
0	51864
1	2497
1	-7180
1	-7253
0	-2856
0	9210
1	-3134
1	-7402
0	-5533
0	-3248
0	-723
0	-3820
0	-5647
1	-5739
0	4650
0	-1481
1	6121
0	-7851
1	-7810
0	15116
1	-3180
0	-7590
0	-7036
1	-2346
0	-7670
0	-7424
1	-7171
1	-1797
0	4725
0	14646
0	-1424
1	-7116
0	2846
1	-7875
0	21839
1	19931
0	-5272
1	-2619
0	-1274
1	-6578
1	-6351
0	-7865
0	989
0	-295
0	-7506
1	-491
1	-3103
1	-7802
0	-2525
0	-121
0	-2720
0	-4967
1	-7553
0	-6867
1	-5037
0	11328
0	18280
0	-7851
1	-7793
0	-107
0	-7127
1	-7003
1	650
1	-7832
0	10259
1	-7075
0	-5999
1	-4904
0	-7854
1	61656
0	-7869
1	-4224
0	8486
1	-7149
0	8158
0	26266
0	-2407
0	11166
1	8928
0	11225
1	20699
1	-7837
1	-7641
0	-7875
0	-7815
0	-7190
1	-3585
0	-5960
1	17874
0	4414
0	-4178
0	-7726
1	-6697
0	1072
1	-3373
1	-2961
1	4826
1	-7532
0	-7854
1	-7332
1	2731
0	7929
1	23861
0	5472
1	-4851
1	-1017
1	3740
1	-2739
0	5988
1	-4509
0	-166
0	-944
1	-6053
0	-7247
1	47361
0	9013
1	-4227
0	-7570
0	-5035
1	-4443
0	-6566
1	-5013
1	12542
0	3179
0	-7052
0	-4202
0	-6490
0	10855
1	6238
1	-981
0	13039
1	-705
0	-3624
0	-7664
0	-630
1	4738
1	-5665
1	-4598
0	-4130
1	-7594
0	-7839
0	-3086
1	21305
0	-7787
0	-5162
0	-7155
0	-3233
0	-7304
0	12258
0	-4151
1	715
0	-2693
1	-5441
1	-4590
0	-4061
0	-7442
0	3974
0	-7230
0	-2777
0	15525
0	7918
1	-5072
0	-4279
1	-3140
0	-5201
1	-7832
0	-6671
1	-7788
0	-7479
1	-329
0	6517
0	825
1	-7179
0	-1558
0	-4112
1	3577
0	4258
1	-703
1	-7307
1	4975
0	14451
0	-6481
0	11655
1	9641
0	-5135
1	-5808
0	-3710
0	4419
1	-3451
1	-7525
0	2797
0	8934
0	11526
1	-7778
1	5891
0	2226
0	31249
0	-5995
1	-193
1	-6138
1	-4288
0	-7436
1	10034
0	-6335
1	-5280
1	-4560
0	-7797
1	12099
0	-7694
0	1131
1	13
0	-6509
0	605
0	-6905
1	29703
0	-934
0	13794
1	11616
1	2579
0	18231
0	-7543
1	-518
1	-5322
0	20647
0	837
0	-7329
0	-7269
0	-7212
0	-7793
1	-6688
0	1306
0	-6023
1	-6812
0	18784
1	-7784
0	-3753
0	-6625
0	-6083
0	-2120
0	-4219
1	4452
0	4016
0	31395
0	-7523
0	-7329
0	-7606
0	-5764
0	-159
0	-2606
0	-7170
1	11405
1	5652
0	-4223
1	3555
0	-143
1	-7037
0	-3177
1	-6922
0	8024
1	7711
1	-7622
1	-2659
0	-5684
0	-7762
1	-6368
0	12998
0	-6701
0	8257
1	6080
1	-5563
1	-1215
1	-1374
0	9674
0	-7860
0	-3544
0	-1151
0	-5965
0	-5862
1	15012
1	-7690
0	-2740
0	-7782
0	22901
0	2259
0	2813
0	-3899
1	-5244
0	-6563
1	-5619
1	-7509
0	-7743
0	-6276
0	13149
0	1165
0	-2902
0	-7344
1	-462
0	5461
0	13373
0	-4706
0	-2814
1	-4638
0	9753
0	-4062
1	-7713
1	7527
1	3025
0	-3034
0	-7306
1	9587
0	-1590
1	3843
0	11931
1	-7283
1	-7613
0	6998
0	3884
0	11011
0	5250
1	-7651
0	-3055
1	-7641
0	2174
0	14460
0	-7861
0	-6167
0	-6663
0	2305
1	38612
1	-3047
1	4618
0	6037
0	-7586
0	14683
1	-2629
0	-7719
1	-1948
0	11986
1	-700
0	30400
0	-6494
0	-3463
0	-4277
0	-5678
1	-4493
1	-7758
0	-7801
0	-5867
0	19834
0	-7753
0	5264
0	14860
0	-6185
1	-3786
0	-2571
0	-4937
0	-6733
0	3395
0	-4945
0	5526
1	27338
0	-5252
0	-7864
0	16514
0	-7560
1	-6235
0	-6314
0	-7109
0	-360
1	-5404
1	-1769
1	-2368
0	-3187
1	30155
0	-6287
1	-7022
0	29946
0	12314
0	35939
0	3797
1	-7763
1	-7759
0	-418
1	-3765
0	9283
0	668
1	-3493
0	-7790
0	-7333
1	-7787
0	28359
0	-6587
1	-3541
1	-2952
1	-146
0	-5128
0	-521
1	-5350
1	13337
0	-597
1	1025
1	-7877
0	-7875
0	6341
1	4589
1	-7846
0	22227
0	16667
0	-7204
1	-7518
0	15735
1	-1517
0	-6263
1	-7685
1	-6054
0	-5359
0	-541
0	-7496
0	24593
1	13293
1	2905
0	-4601
1	-6631
0	-7124
1	-2806
0	-7439
0	-5642
0	-7412
0	-5600
0	60354
0	860
0	-7833
0	400
1	9180
0	8209
1	2564
0	-7597
1	9500
1	-1262
0	1424
0	-1798
0	25280
1	-7093
1	-7740
1	1756
0	-1119
1	-7872
0	2406
1	-7872
0	2794
1	4941
0	7627
0	-4108
0	-7825
1	-3981
0	1233
0	-7001
0	-5042
0	10384
0	-7757
1	-3896
0	-7792
0	-7351
0	14564
1	4877
1	200
0	10855
1	14587
0	-6218
1	-6760
0	14031
0	-6224
0	-7462
0	-7380
0	-5408
1	-7794
1	-2536
1	18865
1	-40
0	-6857
0	4994
0	2300
0	-5857
1	-7031
0	-7441
0	-7582
0	-7037
0	-3895
1	40895
1	2393
1	-6155
0	-3082
1	13253
0	-7331
1	-3495
1	8093
1	37300
0	-2450
1	-5342
0	-7589
0	-6068
0	-7874
0	24939
1	4577
0	5965
0	21670
0	19206
0	298
0	-6784
0	-4547
0	-2068
0	-5533
0	-4368
1	6370
0	-6781
0	-7869
0	-6826
0	8095
0	-2682
0	13568
0	20039
0	26731
1	-7000
0	1340
1	53876
0	-5741
0	-7832
0	-4939
0	-2075
0	-7180
0	-6219
0	16139
1	-2710
0	-5967
1	8570
1	-2647
0	17172
1	6325
0	-1124
0	-1586
0	-7608
1	5382
0	-7602
0	10432
0	5804
0	7102
1	-7291
0	32577
1	-7667
0	-2876
1	-6098
1	-4558
0	5971
0	-759
0	-7598
0	18003
0	4599
0	-6960
0	6315
1	3765
1	-4215
0	-6629
0	4437
0	-4907
0	6120
1	-5976
1	1195
1	1636
0	-2765
0	-5321
1	1038
0	15418
0	-4631
1	-7843
0	23468
0	-4863
0	-6975
0	-7652
1	-909
0	-5161
1	430
1	-5322
1	-4665
0	28020
0	-2688
0	-5448
0	-7795
1	-4439
0	-5378
0	-5461
0	-7802
1	2251
0	14321
0	1911
0	-4530
0	-7225
1	-7627
1	19965
0	7535
0	-1515
1	-404
0	2581
1	-1110
0	-6216
0	18500
0	7285
1	-7263
0	6992
1	2725
1	21406
1	-7266
1	-4243
0	-1210
0	5407
1	4961
1	8396
0	-7855
1	-2780
0	2273
1	-7807
0	-2839
0	-7432
1	-1419
1	16386
0	-4775
1	-7739
0	7942
0	-4080
0	-7661
1	-7876
1	-5137
1	-6504
0	1086
0	-3381
1	-1875
0	13013
0	18691
0	-4250
1	-7829
0	-4246
1	-2756
0	-7485
0	-6778
0	-6545
0	2135
0	-7877
1	2915
1	-7814
1	-6680
0	-3393
1	-2782
1	-1969
0	-1060
0	-5257
0	7206
1	-6744
0	-592
0	-7877
0	-7848
0	-716
0	-6457
0	-3356
0	2526
1	-7147
0	6684
0	-3930
0	-6930
1	-6751
1	9580
0	13252
0	1999
0	-5150
0	16457
0	6059
1	13272
1	5251
1	-7778
1	-4124
0	-7240
1	-6074
0	28437
0	-6791
0	33719
1	-6023
1	-7862
0	-6548
0	2754
0	13536
0	-7802
0	-6432
1	38068
0	9479
0	5084
0	-5224
1	-5017
1	12064
0	18953
1	10174
1	-4274
0	5077
0	-4735
0	-3500
0	23872
0	12450
0	2083
0	-6637
0	-4771
0	7094
0	-7574
0	-3882
0	-1994
0	-7679
1	17940
1	-7694
0	-7462
0	-2039
0	17794
0	1884
1	-4444
0	7477
1	-7753
1	11016
0	2304
0	-893
0	-6725
0	-6073
0	-1590
0	2321
0	-6113
1	-7519
0	-6677
0	1175
1	3109
0	-114
0	-7859
0	-1775
0	2323
0	34409
0	-3452
0	-7857
1	-6093
0	440
1	-7839
1	21562
0	-3431
1	19607
0	-7729
1	-7207
1	30134
0	-5107
0	115
0	-7400
1	-865
1	7733
0	-7699
0	-2461
0	21075
0	5403
1	-1292
1	4838
1	-4244
0	-7776
1	-6585
1	-6489
0	-3253
0	-559
0	42583
0	-1303
0	-3607
1	-7844
0	6702
0	-6529
0	-899
0	32093
1	33591
0	-563
0	-7416
0	6107
0	930
0	-7586
1	-4410
0	7277
1	-7821
1	13148
1	3651
1	-4886
1	-5135
0	-310
1	4299
0	3864
0	-4237
1	16623
0	4841
1	-7609
1	-2382
1	14874
1	-5233
0	42
1	57150
0	-6719
0	-6976
0	16936
0	-4918
0	97
0	-4089
0	8179
0	-1461
1	-3021
0	-7421
0	-2642
0	-2635
1	170
1	-5211
1	-6527
1	-2399
0	19314
1	-7288
0	-3771
1	1508
0	13074
0	-7517
0	-4959
0	-7169
0	-7379
1	-7406
0	-3352
0	1535
0	614
1	-7293
0	-1124
0	14850
0	-3226
0	40681
0	-7734
1	11030
0	-7805
0	-5250
1	-7754
0	-7877
1	15934
1	-6992
1	6472
0	-2459
1	-5739
1	-7231
0	-7873
0	-5772
1	-4821
1	576
1	-3855
1	5954
0	-7528
1	-7035
0	-388
0	-4364
0	11354
1	1405
1	6634
1	-5525
1	1096
1	9761
1	2443
1	14161
0	-6649
1	-605
0	-7303
0	-1720
0	9016
0	-5425
0	-7792
0	-3198
0	4679
0	-1576
1	-5920
0	729
1	-4910
1	-6961
0	12229
0	-6633
0	-7689
1	-5083
0	-7052
1	2962
0	-4646
0	32446
0	-2559
0	5498
1	43097
1	17533
1	10229
0	2160
0	-7858
0	3452
0	-7700
0	-7041
1	16885
0	-7052
1	-7736
1	5287
1	-7193
1	-7845
0	-4411
0	-3073
1	-6008
1	620
0	1941
0	-6952
1	7520
0	-7007
0	-3053
0	-5464
0	-1580
0	-4013
0	-7837
1	-6667
0	-7872
1	4462
1	26348
1	-7071
0	4696
1	-7153
0	16854
0	2749
1	-7610
1	3388
0	-7428
0	7924
0	19671
1	-2625
1	-517
0	-7684
0	21338
0	4534
0	-2444
0	-7866
0	-4891
0	2106
0	-5545
1	-3683
0	-7192
1	-7335
0	-3925
0	-7877
1	-7411
0	4079
0	-3125
0	-6825
0	1285
0	3226
1	-7876
1	-6933
0	-5362
1	-6224
1	5572
1	-1001
0	-7842
0	957
1	-7145
0	30083
1	6401
0	-6164
0	50
0	-300
0	-7859
0	-6851
0	-1764
1	3699
0	2083
0	-3076
1	2992
0	-4611
1	28677
1	14208
1	-7821
0	-7865
1	-7505
0	-2465
0	-7773
0	-7588
0	-3225
0	4564
0	200
0	-5043
1	-1551
0	3409
0	18289
0	-1612
1	16187
0	-7116
1	-6640
1	1998
0	-7874
0	56066
1	-4038
0	-3642
1	6179
0	-7810
1	56043
0	-7648
1	-4143
0	16793
1	25391
1	271
1	-1923
1	-7768
1	895
0	12599
0	4336
1	3851
0	4096
0	-4931
1	-7758
0	23394
0	1313
0	884
1	-7871
1	-7747
0	4190
1	-7534
1	18573
0	14307
0	-7876
1	-433
1	-923
0	6850
1	-7855
1	727
1	-1815
0	-198
0	-6764
0	-3344
0	-7761
1	-5679
0	-3169
0	-7850
1	-7756
1	-7591
0	314
0	-7319
0	-2878
0	-5648
1	-4960
1	-7225
0	-7464
0	-7639
1	-6972
0	-82
1	-6169
0	57940
0	14525
0	913
0	5842
0	-5376
0	-1873
1	24337
0	10814
0	-5506
0	-1998
1	-4477
0	-7854
0	3340
1	-5766
0	-7103
0	-533
0	3804
0	-7304
0	-7165
0	-5087
0	-1619
0	-4889
0	-5
0	-4940
0	-7346
0	-7716
0	-977
1	13466
1	-4650
1	4623
0	-7234
0	29336
0	3481
1	-3449
1	-99
0	-7843
0	-6481
0	-7843
0	-7832
0	4054
0	-1213
1	1628
1	-7738
1	-5380
1	60413
0	-5050
1	-6404
1	-3113
0	-7740
0	5537
0	-6836
0	-7852
0	-6855
1	-7860
0	-5069
0	-4378
0	-5117
1	-7062
1	-2298
0	7317
1	-7829
0	3074
0	-7876
1	4262
0	2452
0	6518
0	-7536
0	4131
0	12570
0	-7736
0	-5971
0	-7740
1	-1723
0	-4378
0	6097
1	10574
0	-6974
1	3785
0	-6431
1	-6565
0	5056
0	-7760
1	3936
0	-3188
0	1948
1	-7824
1	3533
0	-656
0	20242
1	-2831
0	-6755
0	-4631
0	6822
1	3217
0	2221
0	-5813
1	-6788
1	-7575
0	18950
0	1544
1	2922
0	-7722
0	-4851
1	-4513
0	-7176
0	-990
0	-4807
0	-3637
0	-7802
0	9953
0	-7876
1	-2478
0	-7376
1	-1825
0	-6939
0	23
0	-7754
0	29732
1	-7458
1	1260
0	7913
1	5130
0	-5704
0	-7807
0	-3220
0	-86
1	44
0	-6761
1	-6647
0	20696
1	-2465
0	-12
0	23459
0	11166
1	8764
0	-7717
1	-7824
1	49901
0	-7737
1	28993
1	-7784
0	-5682
1	18832
1	-2726
0	-7622
1	3176
0	-7872
1	-7575
1	-6465
0	-1856
0	-4519
1	-6603
0	-7608
0	23943
0	4058
0	-1699
1	-3667
0	-4548
0	114
0	45416
0	515
0	-5129
0	-7616
0	-7832
0	15032
1	-7838
0	33624
0	-6782
1	8989
1	-3098
0	-7814
0	4004
0	1139
0	-5399
0	-6437
0	-7825
0	-3091
0	-1740
0	-6870
0	-7429
1	-5371
1	19727
0	-3122
0	-1073
0	20307
1	24098
1	5835
0	-5969
0	5084
0	-6828
1	-4953
0	-308
0	5231
0	-7267
1	4446
0	9007
1	10587
1	-7364
1	14989
0	-7649
0	-4041
0	-5610
1	25408
0	-3149
1	5657
0	9953
1	14185
0	-7868
0	-6841
0	-6804
0	25921
1	32002
1	-323
1	6932
1	-3470
0	2113
0	35414
1	-6127
0	-6608
0	-7418
0	14754
0	-7487
0	33476
1	-6889
1	-2957
0	-1824
1	-7850
0	-7778
0	401
0	15564
0	5590
0	24224
1	-5648
0	-7268
0	-381
0	3569
0	-7180
1	-7852
1	-7643
0	24775
0	-7846
0	2842
0	-5077
0	25054
1	-2774
0	-1604
1	20529
0	-7468
1	10095
0	-1039
0	-7857
0	20393
1	577
0	-2162
0	36088
0	-3434
1	-7492
0	-3475
0	-7855
1	25327
0	-2425
0	-3011
1	-3126
0	25112
1	10358
1	-293
1	-935
0	908
1	13784
1	-6254
0	-7828
1	-6794
0	-3874
0	-7082
1	-6450
0	-6723
1	869
0	-6801
0	-7783
1	6176
0	-1128
1	-3252
1	-4236
1	-5061
0	-6834
1	-6678
0	-3594
0	-6670
0	-1206
0	9110
0	-2074
0	27446
0	-6449
0	-2532
0	573
0	-7847
0	7231
0	2836
0	11188
1	-3653
0	-5263
0	-2747
1	-7806
0	37364
0	16187
0	-7856
0	7779
1	-2033
1	-7729
0	-87
0	37
0	-7084
1	-4876
0	-7150
1	-7772
0	11073
0	-5420
1	47648
0	1928
0	-7483
1	36218
1	-3672
0	-7381
1	-7574
0	12142
0	854
0	-5484
0	-7856
1	29843
0	3642
0	535
1	-7121
0	-1961
1	-5710
0	-1571
0	22502
1	5895
0	-7021
0	-5617
1	-6330
0	16555
0	-2971
1	-7427
1	2255
0	128
0	-7486
0	-3557
1	-7874
1	-7212
1	-160
1	-6718
0	-7575
1	-2570
0	-399
0	-4629
0	7500
0	-5844
0	1635
1	-7779
0	-3960
0	-3705
1	-5935
1	-3835
0	-855
0	-2479
0	-7736
1	-7723
0	1439
0	-457
0	-3266
0	-7740
0	-6270
1	-7868
0	-6256
1	1643
1	3728
1	1321
0	-3882
1	3920
0	-3199
0	-4484
1	-1858
0	-6780
0	-7757
0	-6470
0	5703
0	-7266
0	-6723
0	-6884
0	1630
0	5911
0	-2841
1	5301
1	106
1	-7863
0	11285
1	11402
1	-7177
1	-7772
0	12841
1	23416
0	-3591
1	-5425
0	-975
1	-4412
0	225
1	-7871
0	5968
0	4196
0	-6851
1	-7231
0	-7825
0	-7201
1	-5180
0	-4477
0	191
0	-7609
0	2389
0	-5140
0	5637
1	-4587
0	14804
0	-4264
0	-5751
1	-3557
0	-7845
1	2317
0	-7531
1	-7104
1	-4035
1	7285
0	-2413
0	-5879
0	-7728
1	-3670
1	17272
1	-3429
0	-7095
1	9332
1	-7862
0	-7172
1	-7832
1	8937
0	6721
1	1064
0	-7859
0	-7182
0	-7606
0	-3932
0	825
1	-7222
0	-1253
1	-7646
0	-5826
0	-6966
0	-2652
0	2508
1	11791
0	-6333
0	2630
1	-735
0	-7796
0	-433
0	24974
1	37
1	-960
0	-3878
1	-6048
0	7474
1	-238
1	44434
0	9443
0	1144
0	-7841
0	148
0	10306
1	-3343
0	-2349
0	-7797
0	-6000
1	-6798
1	-7820
0	16696
0	19346
0	-3157
0	-917
1	-6251
1	-5387
0	-7559
0	-7816
1	-7575
1	-7521
0	3240
1	-6320
0	-3195
1	-7442
1	25206
0	202
1	-5164
1	-1572
0	449
1	-7362
0	-7561
0	-5981
1	-3938
0	184
1	-5720
0	-1933
1	-6503
0	9865
0	-7664
0	-5581
0	3447
0	-5128
0	-5316
0	13257
0	544
0	2169
0	2201
0	2257
0	-5168
1	-4435
0	-7867
1	5779
1	-1481
1	-6580
1	8308
1	26868
0	-6292
0	-4671
1	-2209
0	-5404
1	5877
0	20901
0	-3674
0	-5863
0	-7741
1	-2403
0	4467
1	-7691
0	-7765
0	-7601
0	6895
1	-6718
0	-2739
1	-7860
1	-7777
0	-3465
1	-5042
0	4144
1	4494
1	-6999
1	10199
1	23086
1	-1648
0	-6815
0	-2432
0	3647
1	8138
0	17665
1	-7839
1	12072
0	3498
0	1933
1	46735
0	19348
0	-6360
1	2341
0	-7730
0	-2179
1	1861
0	21084
1	-2280
0	2733
0	6857
1	10580
1	105
1	4132
0	-6977
0	15198
1	11247
0	-7661
1	256
1	-5154
0	-6562
0	-5163
0	-7325
0	-4851
1	-4474
1	-7473
0	-6417
1	18516
0	14557
0	-1665
0	1399
0	-3306
0	-4056
0	3254
0	-7300
1	-6328
0	-7862
0	-5481
1	-3091
1	-7442
1	-3130
0	2650
0	-7431
0	-3174
0	-2928
0	-7875
1	4177
1	-6371
0	-5761
1	16700
0	1489
1	-5221
0	2598
1	-4730
0	-4934
0	982
0	4422
1	-4042
1	-5612
0	-3624
1	-7718
1	-3391
1	-4807
0	20623
0	-6084
0	-7875
1	1684
0	-4883
0	5937
0	9176
0	-937
0	17002
0	-7849
1	-7354
0	-5021
1	7707
0	-7338
0	15593
0	-6501
0	1639
0	-5900
0	19817
0	1520
1	-1878
0	-4571
1	31296
1	-5456
0	-7265
0	-6273
0	-5559
1	-4330
1	-4617
0	-5913
0	758
0	-1284
0	11840
1	-5967
0	-7001
0	-2340
1	-6756
1	-1841
0	-3085
1	-7584
0	-4040
0	-5540
0	-7323
0	-5171
0	-2593
0	-5007
1	8440
0	5001
0	-4520
0	-6312
0	5593
0	-6977
0	-6883
0	-5907
0	11687
0	35472
0	2579
0	-7475
1	10642
1	-74
1	-7577
0	11245
0	-6295
1	-98
1	42962
0	-7872
0	-7784
0	-7869
1	-7261
1	-7468
0	-5664
0	-7749
1	-6461
1	-4999
1	-454
1	-7868
0	-6372
0	12279
0	-7396
0	-7175
1	5399
1	-6285
0	-7699
1	-1578
1	-6350
0	-6027
0	-7665
0	-7797
1	-7692
1	-7589
0	-7861
0	-7407
1	-5216
0	19096
1	-446
0	17099
1	-7707
0	-5375
1	-2646
0	2706
1	-1383
0	-6307
0	4170
0	-7054
1	-6820
1	-7327
0	-7660
1	17787
0	-5104
0	-7686
0	-6980
0	-2020
1	24212
0	11153
0	5854
0	10055
0	-6331
1	-5713
0	16560
0	-5362
0	-5323
1	-4897
1	16618
0	-1201
0	10941
0	-7748
0	-302
0	-6786
1	28229
1	-6635
0	-4165
1	5416
0	-5619
0	-6834
1	3742
0	-2012
0	-7675
1	-1390
1	-5421
0	3471
1	-6245
0	10611
0	-6800
0	-7255
0	-7570
1	32822
1	-2528
0	-6055
0	-4536
1	31679
0	-7788
0	5437
0	-5880
0	-6497
0	-7859
1	-1826
1	-4922
0	12045
0	-2193
1	-7464
1	35336
0	-7055
1	-559
0	-4535
1	20141
1	-1708
1	4298
1	-1368
0	-5266
1	4869
1	7743
0	-7813
0	-7679
1	-7261
0	-7403
0	9196
1	-5022
0	1837
0	38667
0	11235
1	-1064
0	-7828
0	-6814
0	-5214
0	3210
0	1554
0	-6729
1	-6532
0	-5183
1	1060
1	10407
0	9352
0	6771
0	-1549
0	-7365
1	-7284
0	-6764
0	-1494
1	-7783
1	23798
0	-6514
0	-7745
1	-4829
1	-7822
0	-6463
0	-7463
0	-7798
1	-2060
0	-5467
1	5813
1	20299
1	3154
0	12640
0	-3252
0	-7833
0	3500
0	-3909
1	5820
0	-6088
0	-6271
0	-7790
0	9642
0	-101
0	-2153
1	-4600
0	-1699
0	-7614
0	-6843
1	-4712
1	-5848
0	-7870
0	3838
1	-2890
1	-7020
0	-7593
1	-1915
0	-5722
1	17751
0	1234
1	1892
0	-7694
0	-5092
1	168
0	-6259
0	-7695
0	21811
0	12392
1	-7555
0	35879
0	-7573
0	-1038
0	-6909
0	13028
1	-7072
0	-7853
0	4256
1	1646
0	4022
0	-5415
0	10517
0	-5406
0	-7749
1	-3314
0	14252
1	-267
1	9698
0	-5285
1	-7031
1	-7876
1	-3747
0	-5509
0	-728
0	-7149
1	-7259
1	-5143
0	-5059
1	-7085
0	-991
1	-65
1	9823
1	-7640
0	-3352
1	-6534
0	-5758
1	18763
1	6040
1	-7876
1	6297
0	-4455
0	38029
0	-6137
0	-2025
1	-2650
1	-3449
1	-6988
0	3203
1	-7169
1	5276
0	-5241
0	-6548
0	-2992
0	14592
0	-5350
1	15282
1	18822
1	-7818
0	-7263
1	-6285
0	13774
0	-2080
0	-7113
1	-7847
0	927
0	10184
0	-448
0	-7727
1	10615
0	-141
1	-1328
0	822
1	-5955
0	-7867
1	-3016
0	-6197
1	-5729
0	-2276
0	-7447
1	-6960
1	-7877
1	-282
0	-1008
1	2657
1	-7775
0	-4693
1	-3397
1	-199
0	3715
1	-7081
1	568
0	9919
0	-6829
0	12327
0	22135
0	-4492
0	801
0	-5314
0	8129
1	-5260
1	-5758
0	-6651
0	-7873
1	4084
0	42545
0	-7874
1	-7294
0	2796
0	-7616
0	-7717
1	-4318
0	-7654
0	-5337
0	-5788
0	-7308
1	2824
1	-6599
1	7348
1	-6685
0	-5066
1	9568
0	-4396
1	11065
0	-7533
0	13302
0	-7789
1	-4795
0	18445
1	-7871
0	946
0	-6634
1	23886
0	-4973
0	-7872
1	476
0	7725
0	-6830
1	-939
1	-6107
1	-3794
1	17039
1	12558
1	-7274
0	25876
0	7503
0	-2794
0	-3103
1	-1350
0	-5474
0	-6310
1	-7876
0	-7368
0	-2205
0	5320
0	3314
1	-1555
0	-664
1	5538
1	11452
0	5181
1	-5202
0	-6822
0	-7533
0	32393
0	304
0	-7746
0	-7749
0	-5837
0	-3396
0	-386
0	9215
1	3631
0	-4527
1	21502
1	-7777
0	12696
0	-6578
0	-7854
1	25560
1	-1760
0	-5136
0	-7801
1	29064
0	-5353
0	9933
0	231
0	-5004
1	8263
0	29906
0	-7857
1	12730
1	-6690
1	8744
0	-6208
1	-6916
1	10164
0	-3998
0	-7874
0	12819
0	-7627
1	-2027
1	8556
0	-5393
0	-1436
1	-1956
0	30255
1	-5289
1	5763
0	-5729
0	4124
0	-7522
1	-3903
0	41555
1	-5739
0	-1676
0	-3437
0	-7871
0	-7286
1	-7871
0	-7848
0	-6359
0	4676
0	-6248
1	-5620
0	-7783
0	5207
0	-20
0	-6633
1	2292
0	660
0	17099
1	-6678
1	3151
0	-1089
0	-7868
0	-2550
0	-7033
1	1545
0	-5530
1	-7111
1	-7570
0	-3036
0	-4141
0	3828
1	8468
0	-5522
0	-1541
0	-7856
0	-3470
0	-6647
0	1124
0	8187
0	6818
0	-7730
1	30956
1	-548
1	37330
0	-7545
1	-183
0	-7859
1	-6423
0	59726
1	961
0	17580
0	-3910
0	15626
1	-7055
0	4058
0	12412
1	-7875
0	-6641
0	-6374
1	-3482
0	-5717
1	-6254
0	9057
1	3897
1	16791
0	2620
1	-7450
0	-4803
0	-6325
1	-1833
0	-7488
0	19094
0	24707
0	-5752
0	13297
0	-7390
0	-5560
1	-6934
1	2509
0	5771
0	-6137
0	6124
0	-7819
0	-7753
0	411
1	-6033
0	-7618
0	-6946
1	-5519
0	-6466
1	-1477
1	-5462
1	-7867
0	-1602
0	-7791
0	32
0	-6557
0	-5832
0	-6796
0	-1591
1	8499
0	-6390
0	-5397
0	-7824
1	-6893
1	-1862
1	-4804
0	-607
0	-1519
0	3045
0	262
1	-7860
0	-4771
0	-7364
0	6888
0	3689
0	-7562
1	-5142
0	-1962
0	-857
1	3633
1	9853
0	-7521
1	9093
0	-1639
0	-7345
0	-1776
0	15367
0	4234
1	-1503
1	-6393
0	-2561
0	-7487
0	1662
0	-7555
0	-7655
0	-7368
0	-2395
1	-6507
1	-4279
0	2455
0	-6675
0	-7875
1	-5025
0	-6945
1	-2396
1	-7861
0	-6859
0	-3615
1	-7735
1	-5612
1	-7164
1	-3209
0	-7213
1	-6885
0	-998
0	42053
0	36687
0	-7314
0	-7255
0	-7449
1	-6887
0	648
1	234
0	3376
0	-5180
0	-6027
0	236
0	-6704
0	-7630
0	-7847
0	4143
0	4886
0	-5424
1	4959
0	464
1	-7876
1	-3040
0	6107
0	-272
0	41010
0	-2606
1	-5002
0	-7754
0	466
1	-3005
0	-7675
1	-7855
0	-6893
1	6595
0	3081
0	-6620
1	-7868
1	-2177
1	-7571
0	712
0	-5505
1	-7389
0	-7782
1	10921
1	-7673
0	7798
0	-3257
1	-6348
1	-4841
1	-7877
0	932
0	-1922
0	-6584
0	-3635
0	-7536
1	9613
0	17522
0	-5257
0	21859
0	-7639
1	-7691
0	-5868
0	-5543
1	-4768
1	-5656
0	-4078
1	1298
0	-5461
0	-3131
1	26565
0	-2867
0	6579
0	-4084
1	1417
1	2720
1	1957
1	-7320
0	-3132
0	-157
1	-2633
0	-5313
0	-7515
1	-4773
1	27323
1	-2828
1	7819
0	-6670
1	-7525
0	35
0	-7744
0	13299
0	-6444
1	-5634
1	-6380
0	13032
1	-5173
1	-4408
1	-5884
1	-7598
0	-7076
1	7132
0	9797
0	-4774
1	-3345
0	5319
0	7398
1	-7538
1	-2015
0	-7742
1	-6055
0	-3469
0	-473
1	-7775
0	8377
0	389
1	-5531
0	-7448
1	9357
0	13653
0	-7522
0	-5956
0	-7746
0	-4732
1	-7858
1	8258
0	-129
1	304
1	1106
0	2393
1	-7529
0	18275
0	1491
0	14383
0	-7597
0	-1238
0	7010
1	-243
0	-7512
0	-7821
1	18768
0	-2757
0	6634
0	-6847
1	-4565
0	3932
1	8
0	-5652
0	-7767
1	3201
1	-4504
0	-2626
0	-1263
1	5166
0	-4259
0	9994
1	-2304
0	8477
0	-4630
0	-4777
0	-4088
1	-7394
0	10450
0	-7837
0	-5039
0	-3724
0	-2700
1	1160
1	24224
1	-6115
0	-3689
1	-6485
0	-6915
0	-6827
1	11770
1	-4562
1	-6392
1	1301
0	-4016
1	-7376
1	-7474
0	2348
0	-7315
0	-1950
0	-7812
0	6916
1	-98
1	-439
1	1873
1	-6728
0	-6136
0	33217
1	-6561
1	-2416
0	-7813
0	-1310
0	-2677
0	-7525
1	-7875
1	-1249
0	-7871
1	-2298
1	-7809
0	-7308
0	-7876
0	-5974
0	-6139
1	30684
1	-5738
0	4747
1	1298
0	-4740
1	41541
1	24532
1	1366
0	-4756
0	968
1	-7113
0	7117
0	11329
1	-1623
1	-7875
1	-7240
0	-1099
0	-3911
0	-6378
0	12991
0	-5066
0	-6453
1	14822
1	181
0	9319
0	-7799
1	-5080
1	1632
1	16669
1	-5406
0	16316
1	12289
1	67
0	-1605
1	4013
0	-7775
1	-7280
1	-7853
0	1453
1	2138
1	-7218
0	-3120
0	-7420
0	-7115
0	-5949
1	-4407
1	-2577
0	-5366
0	-523
0	-7808
0	-4722
1	-4573
1	30741
0	-6906
1	7517
0	-6694
0	5063
0	-3578
0	-1825
0	-7109
0	-6885
0	-461
0	-7786
0	9628
1	7060
1	240
1	-3867
0	16052
1	15054
0	-5946
0	-6699
1	-5754
0	11789
1	2298
0	1106
0	-3478
1	5085
1	-7874
0	-1061
0	6471
0	-7438
0	4951
0	1177
1	-6761
1	-6428
0	1070
0	-6705
0	-7106
0	-7177
0	-7242
0	12810
0	1451
0	-3554
0	413
1	-7235
1	-7808
0	-782
0	-6001
1	22573
1	-6717
0	18528
0	11316
0	-6590
0	-7852
0	-6921
0	-7782
0	-7584
1	-1245
0	-5645
0	1764
0	-4361
0	-2637
1	-7219
0	16628
1	-7457
0	-7613
1	-7849
0	5734
1	-3556
1	-2731
1	5921
0	-7868
0	3290
1	24739
1	-2324
0	20173
0	-7274
1	-6957
0	-5348
1	2482
1	-6700
1	-1635
0	-5939
0	-7292
0	15205
0	5570
1	-7741
0	5204
0	2610
1	-2634
1	-5794
1	-1453
1	-3070
1	791
1	-4881
1	-5686
1	-7818
0	4375
0	-7680
0	22583
1	-6708
1	-4856
1	-6710
0	39019
0	-5627
0	-6650
1	-722
0	11023
1	-233
0	-7791
1	-7748
1	-7560
0	-6624
0	10988
0	-5056
0	-7873
1	-7457
1	-7590
0	-6813
1	-4689
1	-7711
0	-7675
0	277
0	8926
0	15736
1	30729
0	-3209
1	-7738
1	-6628
1	11138
1	14672
1	-7690
0	-569
0	-7479
0	-6404
0	21609
1	-7133
1	-2952
1	10527
1	-3370
0	-5333
0	1795
1	-4928
0	-5295
0	-6318
0	1507
0	-5329
0	-7129
0	10084
1	-7875
1	-1979
0	-7795
1	7206
0	-5893
0	-3807
1	-3400
1	-1343
0	-1812
0	16629
0	-3319
0	4004
1	-7579
1	3627
0	11025
0	-2389
0	-2636
1	-115
1	-4825
1	-5683
0	-570
1	8695
1	-4428
1	-4983
1	-5965
1	4839
1	2965
1	3390
1	-7547
0	-7697
0	-3868
0	-7805
0	-2924
0	17209
1	-7788
1	-7055
0	-7862
1	-4546
0	-306
0	-6990
0	-7196
1	15170
0	-481
1	4642
0	-6755
1	-3448
1	11961
1	-7863
1	-5382
0	18288
0	-2739
1	10042
0	6761
1	12081
0	-1003
0	-2881
1	-7058
1	11488
1	-7168
1	1379
0	-7112
0	-4907
0	19343
0	-7672
0	-7173
1	-5274
1	-6980
1	7901
0	-7029
0	-3187
1	18880
0	-7614
0	-7416
0	-6324
1	-7877
0	-6169
0	6873
1	-6614
1	-1973
0	3408
1	-6144
0	6437
1	-2565
1	-5658
1	-4694
1	-7626
0	-3183
0	-7183
1	-2179
1	-1481
1	501
0	-7688
1	-5026
0	-6381
0	-5087
1	-2834
1	-3830
0	-3935
1	7623
0	-1269
0	-483
0	-5872
0	-5755
1	2198
1	26712
0	-4488
1	-4208
0	-6407
1	-3332
0	11169
0	-7759
1	1818
1	-366
0	7995
1	-3028
0	-7781
0	-5625
1	-882
1	-7780
0	-6236
0	9020
0	-897
1	-6102
0	-5148
0	-6995
0	5318
1	-4858
0	-3169
0	6372
1	-7847
1	-6242
1	-173
0	-1974
0	-3095
0	799
0	-6165
0	-5958
0	-7636
1	-4915
0	-5341
1	-6893
0	-7857
0	-7747
0	-7809
1	-7730
0	2596
1	-299
0	7193
0	-6975
0	-3426
0	-4211
1	-7869
1	-7754
0	-7681
0	2060
0	1562
1	9955
1	-6031
1	-7038
0	-1497
0	1283
1	-6129
0	-5140
0	-4114
1	-7481
1	4112
0	11346
0	-6161
0	29698
0	6350
1	8195
0	-6195
1	-3152
0	-3043
0	-6616
0	-6702
0	588
1	-7033
0	-3052
0	9701
1	-611
1	-4271
0	18272
0	4863
0	-6251
1	8426
0	-6489
0	256
0	-7630
0	-7165
0	-7660
0	-1609
0	11172
0	-4821
0	-5932
0	2159
1	-7849
1	27959
0	-7196
0	-1866
1	-1321
1	-6827
0	3690
1	-2520
1	-2096
0	-7484
1	-1289
0	-7539
0	-5155
0	-7240
0	-69
1	-5794
1	7358
1	18432
1	-5283
0	1749
0	-3342
1	4809
0	18432
1	-6082
1	-2556
0	-6516
1	-7271
1	-4479
0	6464
1	-5451
1	-7057
0	-7740
0	-7845
0	-6485
0	-6180
0	-7307
0	-7439
0	23161
1	-3983
1	-6912
1	-6921
0	13515
0	7086
0	8976
1	-4460
1	-1123
1	-1229
0	-5805
0	-1477
0	-7876
0	-7631
0	-4610
1	6139
0	5751
0	-7270
0	-3227
0	-6987
0	-4136
1	1152
0	-7512
0	-7758
0	-1503
0	-3151
1	9005
0	1572
0	-1525
1	-7166
0	4275
1	-7280
0	-3682
0	275
0	-383
0	-6783
1	9231
1	-3251
0	-7877
1	328
0	-6958
0	-7629
1	-5549
0	-2419
0	-6895
0	-2945
0	3824
0	-254
0	4676
0	-7862
0	116
0	-6281
0	-5349
0	-5318
0	3934
0	-7639
0	-1748
0	-6236
0	6353
0	-951
0	3372
0	26805
0	-6195
0	-7506
0	-4245
0	29308
1	-878
1	-7368
0	9499
0	34916
1	669
0	618
0	-2500
1	-7684
0	8256
0	14847
0	-6732
0	-7625
0	-7206
1	-7104
1	-7874
1	-4114
0	-3896
0	-655
1	30828
0	-3103
0	19333
0	-4628
0	-7789
1	-6329
0	-4915
1	-7718
0	-7384
1	-6982
0	-6054
1	-3794
0	-3457
1	-6403
0	21484
0	-1701
0	-4491
1	5993
1	-5069
0	26193
1	205
0	-660
1	-6540
1	-4379
0	8550
0	37318
1	-1488
1	-5321
0	-4808
0	-7025
1	-7874
1	-4030
1	23050
0	36876
0	-2242
0	-7529
0	-5443
1	-7259
0	-4650
1	-7666
0	19342
1	12006
1	102
0	-2354
1	-2563
1	-6925
0	-7722
0	-6160
0	-7864
0	-3820
1	-7707
0	-7561
1	-5942
1	-7328
1	-1415
0	-7522
0	-5184
0	38
0	-7628
0	10843
0	-3184
1	623
1	-7665
1	-5306
0	-5851
1	19972
1	-3841
1	-7876
1	-2714
0	27481
0	-1513
0	7833
0	-7876
1	-7876
0	-3644
0	-6629
0	21238
0	-7332
0	-6576
1	-5892
1	13666
0	-7845
1	6637
1	-6380
1	-5282
0	-7826
0	-243
0	-2296
0	-4903
1	-2663
1	10556
1	-620
1	-7511
0	5449
1	1898
1	-4201
0	-1603
1	-6136
0	3833
1	-7869
0	-7670
1	42338
1	-3508
0	-6171
0	-7542
0	-1608
1	-6600
1	-1382
1	-6644
0	-7192
0	-3029
0	-4901
1	-6465
0	-7845
0	4589
0	-1414
1	-6609
0	-3453
0	-7710
0	10311
0	-6800
0	-1243
0	3610
0	30030
0	277
0	-4503
0	-4903
1	659
0	6995
1	-809
1	39927
1	4694
1	935
1	-506
0	14547
1	1504
1	-4510
1	4304
1	18293
0	7471
1	-7784
0	500
1	-6937
1	-4106
1	5986
0	-7690
1	-7550
0	10064
0	9583
0	1534
1	-1319
0	-4254
1	-6737
1	-7046
1	5952
1	-5724
1	-1469
0	-7361
0	1221
0	-2156
0	-7108
0	5506
0	7544
0	-7610
0	16576
0	-7841
0	-5158
0	-4698
0	-7872
1	21479
0	-7524
0	-7846
1	6402
0	17190
1	-7736
0	17938
1	-6777
0	5584
0	-7077
1	-3753
1	-4803
1	-6057
1	-7869
1	6601
0	-3177
1	-6259
1	3880
0	26811
0	17999
0	-7626
0	-6170
0	283
1	17858
0	-7750
1	1151
0	-2446
0	1741
0	2126
0	3064
1	29279
0	-1583
1	-1942
0	-7872
1	-5844
1	10226
0	-4642
0	-7802
0	-7639
1	2457
0	-7314
0	-6934
0	5390
0	301
0	-5190
0	1482
1	2355
0	-4955
0	-7825
1	-1263
0	9459
1	-7839
0	24187
1	-3851
1	-6651
0	-7476
1	-6437
0	17467
0	-1381
0	637
0	-5941
0	-616
1	-5504
0	228
1	6436
1	-2697
0	13046
1	-7734
0	34434
0	-5610
1	20314
0	20653
0	3608
0	-3661
0	-7231
0	-3637
0	12264
0	-4124
1	-2441
0	10679
1	10790
1	-880
0	-1798
1	-3127
0	5358
0	-6301
0	5668
1	-7123
0	-5215
1	-5900
1	-3447
0	11187
1	-3401
0	-7850
0	4383
0	-7183
1	-5903
0	-6944
0	7547
1	-6046
1	-28
1	-70
0	-7468
0	-7665
1	7370
0	-7717
0	16375
1	-6213
1	7796
0	1972
0	4490
1	-2388
1	-7554
0	17893
1	-6763
1	-2403
0	9629
0	-7369
0	1975
0	4518
0	-3355
0	-7858
0	-3575
0	-4534
0	-7873
0	-7595
1	-6470
1	-5441
1	-7663
0	14220
1	1763
0	-7011
1	-3202
1	20819
1	-7141
0	-2722
1	-2993
0	-5059
1	30555
1	-6615
0	-685
0	3269
1	12318
1	-647
0	622
0	17984
0	19444
0	-7543
1	-272
1	-1727
0	-6961
0	-4599
0	-3916
1	4586
0	-5975
1	-6592
1	2407
1	-7730
0	-7641
0	-7585
0	-1395
0	512
1	-749
0	-7116
0	-61
1	-7626
1	-7206
0	-2477
1	-4382
1	-7346
0	-5937
0	-3562
0	-7613
0	-6370
0	7471
0	-3548
0	18010
0	5318
0	-5531
0	2449
0	-262
0	-7807
1	-5731
0	6962
0	2137
1	25720
0	-6584
0	30114
1	-6187
1	-7354
0	8867
0	-6456
1	-2401
0	-3215
0	-7126
1	-606
0	-6677
0	6524
0	-5925
1	-4945
0	-7258
0	5608
0	12528
0	-4320
0	3309
0	-6317
1	-3766
0	-7762
0	-7783
0	-2741
0	17792
0	1050
0	-4419
0	8519
0	6758
1	-7784
1	7438
0	9911
0	-7411
0	-6200
0	3250
0	-6680
0	-3676
0	-7823
0	34733
1	38074
0	88
0	-5946
0	3022
0	6990
0	-6821
1	-4796
0	-4621
1	-7004
0	13252
0	-7821
1	-2149
0	-1328
0	-2471
0	788
0	-4045
0	-7783
1	44335
0	-5566
0	-2007
0	-790
0	-3820
0	-7784
0	4882
0	5097
0	-7062
0	-5182
1	-4750
1	-7798
0	-7840
0	10155
1	-6045
1	-7071
0	-5519
0	17204
1	-3645
1	4270
1	-7665
0	-4210
0	-5497
1	-88
0	-6671
1	-7234
0	-7538
1	-5598
0	-6270
1	-1666
1	-5874
1	-5328
0	4006
0	-3326
1	48394
1	8783
0	-7013
1	35166
1	-1055
1	-993
0	-1557
1	-2276
0	-7542
1	-6841
1	-6050
0	8311
0	-4260
0	-7218
0	2601
1	-1287
1	-5799
0	1352
0	-7429
0	-7868
0	-7300
1	-420
1	-1665
1	-5772
0	19780
0	-7779
1	-358
0	-2711
0	-4752
0	-7447
0	-3818
1	3558
1	9957
0	3296
1	6494
0	5059
0	6361
0	-4874
0	-4557
0	-1616
0	-7114
0	-4458
0	-7003
0	-3666
1	-3790
0	-1509
0	-2667
0	-7633
1	-2482
0	3632
1	8222
1	-5933
1	-6449
0	3831
0	18225
0	-5361
0	-5049
0	9800
0	1478
0	-7255
0	-7841
0	-6197
1	-7837
0	1753
0	19900
0	24297
0	14026
1	-1477
1	-7873
0	2723
0	-6228
1	3204
0	297
1	-2892
0	-6161
0	-5981
0	-5731
0	19678
0	-5580
0	-6712
1	-6453
0	-6267
1	12006
0	-7745
1	-6759
1	-7442
1	-565
0	-6281
1	-7846
0	11616
0	-6957
0	4506
1	32825
0	-7611
1	4215
1	-5249
0	13065
1	-5274
1	-7742
1	10891
0	-2165
0	5747
0	-4127
1	-6868
1	-5671
1	-3665
0	-7600
0	-4578
0	18977
0	1077
1	-6371
0	-6690
0	-2453
0	-4358
1	-7851
0	-3357
0	-7852
0	20706
0	-5696
1	-5844
0	-3676
0	-7604
0	6238
0	-6558
1	4268
0	-7859
0	684
1	-6583
1	2688
1	8004
1	6530
0	1143
1	27791
0	-4181
0	-3067
1	-7312
0	4038
0	-6709
0	-7545
0	-1169
0	-7087
0	-3271
0	-7281
1	-5066
0	-4134
1	-121
0	29359
0	-6631
0	3619
0	-6095
1	22375
1	-6315
0	1060
1	-6173
0	27219
0	2146
0	5560
1	25240
1	-6018
1	2171
1	56737
1	16518
0	1556
0	-1759
1	-542
1	9397
0	-4774
1	-2860
0	479
0	-2173
0	3057
1	-6496
0	-3344
1	-177
1	-6341
0	-5990
0	-7816
0	-5100
0	3200
1	-6481
0	18256
1	-5750
0	2194
1	4113
0	-6966
1	9497
0	-7707
0	348
1	-5573
0	18890
0	-4625
1	-7867
0	-4650
1	-3871
0	1493
1	-1007
0	-7848
0	2108
1	3831
1	-7771
0	-7873
0	169
1	691
1	-1290
0	1662
0	-4775
0	46861
1	-7852
0	-3809
1	-7325
0	-6361
0	7609
1	-279
0	-6876
0	7180
0	-5909
0	-6574
0	-5653
1	-4671
0	-6337
0	2571
0	2381
0	-2276
0	-7867
0	-7867
0	15198
0	-7317
1	-2889
0	-7876
1	12774
0	4787
0	3302
1	-7793
0	3474
0	-7674
1	-6049
1	1241
1	19687
1	-7601
0	-3809
0	-5035
0	-852
0	-7756
1	-7369
0	5442
0	-6584
0	-7739
1	-4030
1	-7290
1	-1593
0	-7857
0	8637
0	-7132
1	14655
1	6861
0	-5794
0	-6188
1	-7186
1	-1282
0	-6597
1	9935
0	1888
0	-3969
0	-6100
0	-4035
0	1633
1	-5071
0	-7749
0	-7866
0	-6501
1	5603
1	1246
1	-6495
0	57312
0	10355
1	-242
1	3549
0	6869
1	3913
0	3109
1	5972
0	9540
1	-6196
0	-7027
1	-363
0	-661
0	-6985
0	4056
1	345
0	9254
1	1919
0	3694
0	-7751
1	1713
0	-7723
0	3537
0	1235
1	-7644
0	-6166
0	-4068
0	-7403
0	-5629
0	-7203
1	-4387
0	-7092
1	-7552
0	-6217
1	-5070
1	-1099
0	-7871
0	2819
0	-7611
1	-1206
0	-2361
1	1718
0	-4338
0	-7560
1	3489
0	-1887
0	-7815
0	-7270
0	-6842
0	-129
0	25
0	-3687
1	-7697
0	-6511
1	-7467
1	-7300
0	1659
1	-6022
0	1113
0	-7840
1	-5930
1	-7416
1	-7860
1	14736
0	-7832
0	4582
0	17489
1	6532
1	-2464
1	-7479
0	-4376
0	8858
0	5113
0	5402
0	-7014
0	1332
0	-7088
0	-7637
0	1905
0	-6431
1	-4570
0	21042
0	-7092
1	-5877
1	5169
0	1012
0	-86
1	-6318
0	-7783
1	-6171
1	4210
1	6948
0	1788
0	-7741
1	-4106
0	-6262
1	-7414
1	7733
1	-959
1	-6713
0	-7765
0	-7720
0	-5259
0	-3029
1	997
1	-4963
1	-2979
1	26877
0	-40
0	-7600
1	7702
1	41641
0	3668
1	-5563
0	-7438
0	-7672
1	71498
0	2550
1	-7696
0	12538
1	-1110
0	-1185
0	-4385
1	8312
1	-7527
1	-7184
1	-4617
0	-2804
0	-7621
0	11570
1	3459
0	-5183
1	-7870
1	-2801
1	6449
0	-7736
0	-4341
1	1335
1	-5456
0	-939
0	-655
0	-7445
0	-6800
1	-7785
0	-4444
0	-6837
0	4321
0	5095
1	-6050
0	26271
1	-3277
1	-7430
0	-4482
0	5215
1	12029
0	1653
0	-5463
0	13948
0	-1228
0	-615
0	285
0	4396
0	-4104
0	-6049
0	-5800
0	-1367
0	3909
0	-7590
0	-6558
0	13515
0	-6701
0	-5993
0	3277
1	-1202
0	-3002
0	-6205
0	-7773
0	-148
1	-4879
0	-6222
0	-6727
1	-7700
1	-7548
1	-7119
0	-6028
1	17184
1	-5089
1	11569
0	-5508
1	-6652
0	-6346
1	-2774
1	-7866
0	-1493
0	-4984
0	812
0	-2139
1	-5014
0	-7875
0	6314
0	-7196
0	-6005
0	-7748
0	18069
1	-5377
0	-1538
1	11725
1	1642
0	0
0	3611
1	-5655
1	-1419
0	-7745
0	2853
0	-7612
0	2013
1	13079
0	-4626
0	-7869
0	368
1	-534
1	1350
0	-2456
0	9047
0	-457
0	-4037
0	-6929
1	-3671
0	-6534
0	5429
0	7020
1	-7779
0	4017
0	-4526
1	2634
0	-5424
0	-7565
0	12182
0	-7861
1	-1475
0	-2668
0	-849
1	-7825
0	-7876
0	-7097
1	-5385
0	-2520
1	-7815
1	820
1	-4957
0	-5778
1	-7876
0	24697
1	-7699
1	-7471
1	-2832
0	-6876
0	183
1	5670
1	-7868
1	-7723
0	3547
1	-4906
1	-6428
1	-5471
1	15099
1	-1856
0	16298
1	-7620
1	8911
1	5361
1	12046
1	-6793
0	1750
0	-4473
1	-6306
0	21229
1	1220
0	-6602
0	-5057
0	-6543
0	10227
0	-5351
1	274
1	44475
0	9885
0	-7824
0	-4265
0	-7788
1	120
0	-5634
0	8166
0	1358
0	-7875
0	540
1	13238
0	-4341
0	4419
1	1621
0	22212
1	22957
0	15173
0	716
0	-696
0	7794
1	6633
0	-3533
0	54926
1	1678
1	-7092
0	-7702
0	-5721
0	-7869
1	-7827
1	-943
0	-7815
1	-7871
0	6954
0	-6226
1	1430
1	-1736
0	-7162
0	-6927
1	2645
1	52167
1	-6366
0	-404
1	-3787
0	-7732
0	26526
1	-3290
0	-6054
1	-1515
1	78544
0	-3845
0	882
0	-6750
0	-4375
1	-7868
0	-3293
0	1825
1	9753
0	-6599
0	891
1	-6831
0	13243
1	-506
1	-4656
0	-3640
0	2153
1	-5035
0	-6033
1	-5073
0	-5894
1	-4622
1	18968
0	-3078
0	-3646
0	-7832
0	-7418
1	-7794
0	-7020
0	-7071
0	-7856
1	-7860
0	34846
0	3079
1	10406
0	-5594
0	-6234
0	-6739
1	-2514
0	-6793
1	6821
0	-1745
1	-2281
0	-4580
1	-5285
1	14761
1	-6938
0	-7685
0	-1098
0	-7843
1	-7818
0	-6934
1	-5910
0	-7874
0	765
0	28188
0	4335
0	-7303
0	-856
0	423
1	-3238
0	1219
0	1923
0	-7815
1	-6733
0	-7437
0	-908
1	-3369
0	-7581
0	15614
0	-7850
1	-6858
0	1770
0	4436
0	-384
0	15938
0	-5639
0	-3980
1	1248
0	-4324
0	-2514
1	4035
0	-2298
1	-4252
0	5525
0	-392
0	-3362
1	-1875
0	7760
1	3744
1	-6599
0	-5485
0	-5856
1	-410
0	2006
1	11800
0	16627
1	353
1	1185
0	-3131
0	-3761
1	-6870
0	860
1	3572
0	4410
0	-6492
0	-6095
0	22065
1	-1489
1	-1337
0	6871
0	-7084
0	798
0	-7498
0	-1774
1	-6552
0	16729
0	14117
1	-4115
0	6066
0	-6029
0	5776
0	832
1	-2763
1	18827
1	-1861
0	-5626
1	5647
0	-156
1	-4606
1	-5915
0	-2640
1	-7845
1	695
0	-1553
1	-7849
0	-5329
1	-7875
1	-5816
0	-7870
0	-3250
0	-5784
0	17047
0	-6744
0	-1192
1	-7617
0	-1052
0	-6593
1	-6592
0	-4902
0	-3089
0	16
0	-5398
0	-6899
0	-7867
1	-7379
0	8356
0	5857
0	6867
1	-6708
0	-1139
0	-4939
1	-6241
0	-3891
1	11820
0	-6067
0	-3927
1	-6443
1	8075
0	-1948
1	802
1	15330
0	-6422
0	496
0	-6216
0	6577
1	-7875
0	7106
0	7489
0	37
1	-7559
0	8121
0	-5875
0	-1751
0	5434
0	5287
0	-5972
0	-3449
1	-7690
0	-7847
0	-6162
0	217
1	-7838
0	-5898
1	-2345
0	-6954
0	-7873
0	-972
0	-7195
1	-1447
1	-7852
0	24712
0	5256
0	1909
0	-7847
1	7361
0	-1531
0	-6392
0	159
0	-7031
1	2344
0	-6874
1	-6023
0	-7643
0	-7728
0	-5860
0	11163
1	4898
0	-3747
1	2353
0	-6084
1	-7870
1	-7443
0	1976
0	4716
1	6411
1	43144
0	-4850
0	5596
0	-7700
0	-148
1	-5731
0	8392
0	-821
0	-7873
0	-7486
1	-3831
1	6789
1	4915
0	9067
0	67762
0	-318
1	-6621
1	-4313
0	7638
0	-4935
0	-4100
1	-5012
0	-6485
0	15412
1	-6021
0	-1307
0	11917
0	7055
1	76054
0	-6492
0	-7456
1	37103
0	10488
0	-7773
1	7319
1	-6131
1	-7829
1	-7602
1	-6058
1	-6134
0	-135
1	5527
1	-7871
1	-7358
1	-6739
0	415
1	-7188
1	-1631
0	-6775
1	3164
0	-7257
1	-2016
1	-1958
0	288
0	1276
0	-7813
0	-3741
0	-7816
0	-3222
0	-7377
0	22150
1	-7858
0	11928
0	-4835
1	-7876
0	-3158
1	-6226
0	16804
0	-1848
0	-3885
1	-6990
0	9713
1	-3809
0	-7877
0	-5674
0	-3952
1	-2668
0	-6746
0	17573
0	-7860
0	13539
0	-7834
1	-7270
0	-6640
0	-6030
1	-6654
0	-6008
0	-6317
0	-7719
0	-7070
0	-2134
0	-6429
1	8246
1	-6993
1	-7870
0	-4916
1	18325
1	29038
0	24223
0	-880
0	-3129
1	4031
0	176
1	34029
1	1656
0	305
1	-3236
0	6582
1	-1018
0	-7859
1	-3136
1	-3594
0	1226
1	3574
0	-850
0	-7861
1	2019
0	4246
1	-7855
0	-6112
0	-1390
0	-2526
0	7854
0	-6508
1	-5202
0	-7327
0	-7056
0	-7874
0	-5967
0	-7872
0	-3068
0	-2823
0	-20
0	27038
0	18132
1	-3084
1	-7019
0	-4007
1	-6602
1	-2767
1	-7013
1	9781
1	8620
1	-2580
0	-7799
1	-7836
0	18188
0	-6262
0	-7786
0	-1128
1	-6261
1	6813
0	-7733
0	-1123
1	-7687
0	-561
0	-1361
1	-7566
0	-5753
0	-4466
0	-7373
1	-7687
1	4
0	1415
1	-5955
0	-4954
0	4453
0	-4001
1	-7855
1	-7759
0	-7745
1	-7816
1	-3164
0	-7653
1	8906
0	-6445
0	-5145
0	-6237
0	-7521
0	1584
1	-6223
0	183
0	8390
1	23363
0	24671
1	-4281
1	-7462
1	-308
0	-4209
1	-7409
0	-7757
0	-6144
1	13847
1	-7661
1	-5624
0	8468
1	-7634
0	-7876
1	-7774
0	-6094
0	-4797
0	-5069
0	3302
1	-7803
0	-4962
1	213
0	-3329
0	-7833
1	-3075
0	5814
1	9705
0	-7877
0	-7415
0	24499
1	5174
0	-5026
0	-2520
0	345
0	2463
0	-7243
1	-3490
0	4928
1	977
1	-6982
0	-4774
1	-3918
1	-3376
0	-7214
0	-7833
0	-7755
0	-7692
0	-5611
1	-5881
1	2954
1	-7874
0	-5921
0	-6746
1	-7515
0	-7600
0	-5543
0	-3781
0	-1062
1	11531
1	-175
0	-3202
0	-7591
0	17024
0	-2568
0	-309
0	-7876
0	6891
0	-7868
0	5375
1	-6903
1	-7076
1	1175
1	-6687
1	-6593
0	-7407
0	-7370
0	5523
0	-6667
0	-4227
0	6060
0	12450
0	-7307
0	-6726
0	19551
1	-7876
0	-7857
0	5790
0	-4131
0	-2205
0	-7682
1	-4539
1	-7845
0	-7254
0	-7491
1	-7445
0	-7818
0	7310
1	3528
0	3207
1	-106
0	-7454
0	-6577
0	-7717
1	17095
0	-7758
0	-914
1	-4967
0	573
0	-4693
1	19504
0	-7521
0	-4314
1	6622
1	13793
0	-2777
1	-6010
0	-7596
0	-2170
0	-6924
1	-3978
0	-5485
0	-3360
0	-3152
0	-7873
0	-7264
0	-1158
0	20806
0	-3167
0	-5260
0	-5217
0	439
0	7065
1	-3243
1	-2470
1	-7511
1	22311
0	-2367
0	-1342
1	29437
0	-7357
1	-3482
0	-7556
1	-1215
0	-7584
0	-7796
0	-5133
1	-3488
0	-4525
0	-6325
0	-7155
0	-1029
1	377
0	-5385
0	3030
0	-7877
0	-1580
1	-7873
1	8624
0	497
1	-6613
0	4480
0	-7516
0	252
1	2222
1	-77
1	6695
0	3848
0	-1495
0	1393
0	-4
0	-681
0	36505
0	18451
1	12310
0	-7512
1	-7694
0	22862
0	-4102
1	-6322
0	-7698
0	2334
1	2200
1	-7675
0	-4789
0	-6343
0	-7246
1	-2696
1	15569
0	22785
0	2595
0	-7842
0	-5857
0	-6954
0	3085
0	9310
0	-5579
0	12081
1	-6942
1	-5323
1	5945
0	523
0	-7380
0	11437
1	-7873
1	-2904
0	1249
1	8311
1	19187
1	-6904
0	-6098
0	-7795
1	15
0	-1400
0	6929
1	735
0	-5945
0	110
0	-2102
0	-7031
0	-7877
0	-3534
1	-5142
1	-182
0	-6889
1	-5773
1	-4740
1	19022
1	8730
1	-7082
0	-7132
1	87
0	8886
1	-6639
0	-7079
0	-6349
0	16375
0	2598
0	-7552
0	-4716
1	-7740
1	5426
0	-4688
0	-7571
0	25000
0	-6586
0	-1093
0	6872
1	12286
0	-2238
1	3734
0	-6623
1	24250
0	-7530
0	10082
1	-7732
0	-7552
0	-7730
1	-6139
1	-7504
1	3896
0	1721
0	-7836
1	13312
0	-7816
1	-4925
1	-4389
0	11928
1	-415
1	-6591
0	1257
0	-1728
0	43253
0	-5732
1	21003
1	19364
0	-7148
1	1712
1	-1580
1	-2407
0	-4021
0	-6452
1	-3066
0	7853
0	-860
0	15328
1	52280
1	-2007
0	5174
0	11513
0	-6915
0	3580
0	853
0	-4456
0	-6534
0	491
1	513
0	3099
1	-5663
0	-7794
1	46625
1	15373
0	-7056
0	-5054
0	-7122
0	4710
1	-5543
0	5759
0	29810
1	-7778
1	-3138
1	-2039
0	-5890
1	-5902
0	4300
1	23869
0	-6069
0	-2598
0	-1520
0	-3117
1	13211
0	-7203
1	-7508
0	-7851
0	-6897
1	45830
0	40355
0	-3713
0	-4298
0	5116
1	30939
0	17699
0	-7739
0	2335
1	-6184
1	-1080
0	-3979
0	-6393
1	7770
1	-4987
0	-6386
1	-6322
1	-3360
0	7129
0	-5443
1	-825
0	-7510
0	-4630
0	-740
0	13745
1	-4854
0	9672
0	-2261
0	-6413
0	-4111
0	17727
0	-6746
1	-7853
0	-6990
0	5024
1	16108
1	956
0	-6006
1	-7877
0	-7105
0	-4609
0	-3461
1	2791
0	-1
0	4344
0	-74
1	-6853
0	-3695
0	1133
0	5964
1	-2732
1	-5874
0	-5110
0	37708
0	-7726
1	8057
1	-3089
1	8160
0	176
0	7921
1	93
1	-3971
0	-1186
1	-7244
0	-7716
0	-7795
0	-806
1	-623
0	-7564
1	-983
0	-7786
0	-5532
1	15023
1	4874
1	-4366
1	6959
0	1207
0	-2283
0	-5157
0	27678
0	23125
0	-4614
0	461
0	20212
0	-1817
1	-7786
0	-6382
0	29556
0	6975
1	-7716
1	-1010
1	4434
1	18803
0	-6598
1	-5763
0	-6355
0	3306
0	-4208
0	6941
0	-7443
1	10222
1	-7715
1	-1423
0	-4595
0	-7680
1	20295
1	-6022
0	-2487
1	-7266
0	9941
0	-1854
1	-5676
0	-7867
1	-4037
1	-4996
0	-5654
1	-6429
0	1969
0	-6358
0	-1556
0	9498
0	-4637
1	-7323
0	27442
1	-259
0	-7747
1	-1012
1	-7382
0	-3791
1	67035
1	-7518
0	71
1	-7847
0	-7403
0	-776
0	-7615
0	3185
0	-4644
0	-3880
0	7184
1	22316
0	-1369
0	6128
1	3664
0	4369
0	-5913
0	-1025
1	18223
1	-1708
1	38075
0	-2923
0	-7598
0	-7768
1	-5518
0	178
0	-7861
1	1649
0	-7705
0	-5052
0	-5838
0	-2031
1	4151
0	-7866
1	668
1	-5697
0	9968
1	-4804
1	-5328
1	-1999
1	-200
0	-4751
1	659
1	12652
0	17237
0	-7269
1	-7874
0	4451
0	6938
0	32636
0	13455
0	6824
1	-6735
1	9272
0	-6826
0	-7813
1	-1210
0	-6044
1	-746
0	-4885
0	-840
0	-4535
0	-6067
1	-1939
0	-3071
1	1222
0	-6872
0	1682
1	-2475
1	-7823
1	-7001
0	-7709
0	-5735
0	-7370
0	-5439
0	-7566
1	3796
0	3820
1	4567
0	9713
1	3693
1	-2051
0	-102
0	1688
0	18849
1	-5192
1	-7295
0	-7536
0	-5878
0	-6204
1	-6832
0	-7804
0	-1801
0	500
1	-7849
0	-3807
0	1684
1	-6972
1	7224
0	-6977
0	-6195
0	-5614
0	-7850
0	-2933
0	-6628
0	-5106
1	-4713
0	-5472
0	-7274
0	-6748
0	-3049
1	3676
0	-7632
1	275
0	6744
1	-7806
0	-7870
1	-5039
0	-7876
0	10531
0	-6271
0	21129
0	-4057
0	-243
1	-5615
0	573
1	-3336
0	-7751
0	10647
1	-6919
0	-5452
1	-6114
0	-6104
1	6902
0	-5558
1	-3521
0	-6252
0	-3674
0	-3644
0	-2416
0	-2877
1	-5499
0	-3658
0	-6591
0	10433
0	-7590
0	-829
0	-6279
0	9162
0	-6075
1	-3597
0	-1106
0	-7176
1	-3441
1	-4049
1	-7864
1	-5733
0	1772
0	-3266
0	22531
0	-5378
0	-7364
1	-3905
0	-5812
1	-777
1	4373
1	-6353
1	2555
1	3994
0	296
0	-7355
0	-6172
0	-7570
0	9234
0	15512
1	9886
0	-7693
1	4899
0	-1117
1	-7137
0	1301
1	-324
1	38910
1	-7592
1	-7433
0	714
0	14154
0	-6123
0	15661
1	-2616
1	-6500
1	2956
1	-4295
0	-7861
0	-2564
0	-7841
0	9008
0	-7835
1	-5215
0	-5537
0	33798
1	1930
1	-3993
0	9519
0	-4537
1	-1544
0	943
0	-7870
0	1461
1	-7712
0	-7856
0	4338
0	2932
0	5312
1	-7826
0	42980
0	-3314
0	-7825
0	-6174
0	-4265
0	-5566
0	-7437
0	-4636
0	-3990
0	-270
0	-1762
1	-6501
0	-5720
1	-3805
1	-4186
0	-5397
0	-7784
0	1449
1	28948
0	-4803
1	-6662
0	39935
0	3884
1	-5817
0	15772
0	-5046
0	4880
0	-7814
1	-6772
0	-1195
0	-6138
0	-5524
1	852
0	28224
0	-5376
0	1722
0	-2675
1	15701
0	-6401
0	-7090
0	-951
1	-239
0	49961
1	-5796
1	7868
1	-3871
0	-6983
0	4678
0	-6130
1	3102
0	-7251
0	13972
1	10165
1	-6114
0	-6507
1	-2308
1	-1457
0	-6475
1	-7152
1	4776
1	-4120
0	-6935
1	-2992
0	-3822
1	9242
1	36686
0	-6494
0	14576
0	7382
0	14081
0	-7742
0	-7416
0	-6459
1	-6890
0	-7834
0	-7845
0	9115
0	-7546
0	-6872
1	-7777
1	-1608
1	-5372
0	-1005
1	-3290
0	26009
0	-7856
0	3027
0	-4303
0	-1954
0	-4582
0	-3215
1	4694
0	5602
1	-3317
0	-4744
0	-553
1	22902
1	-7260
0	-3083
0	-7863
1	19930
1	-958
0	1097
1	6000
1	-7856
0	-4937
0	77620
1	-7137
