-1257	4388
-8428	-6634
-6612	1324
-2	4759
-1338	1433
-2868	-4273
24673	-11944
-8978	13629
-4156	-13642
-596	13313
-351	-15569
-10424	-1348
25520	354
-8253	-673
-339	6092
1124	1329
-3358	16239
37	1913
1617	8935
3969	-15492
-1168	5060
973	1866
12	-1306
-1890	2310
-4315	-1686
-7144	11295
-5993	8008
-2461	8917
-10312	1020
795	7853
24938	-5015
-1550	1617
-1326	-11845
2501	-4487
23073	-12880
-856	903
2540	2942
-3203	11338
-764	1397
25591	4038
-4694	1564
-1728	9160
-7570	12244
-2976	6406
-437	2986
-3746	-4119
407	1498
-2210	11740
-2062	-8542
-5212	8665
168	-2298
-8169	-2771
-10374	8294
22281	-16114
12722	4940
-15904	-6127
-7632	-3734
-1157	-1428
-4980	-14620
-15937	-5920
-1667	7719
22848	-20679
3322	5704
-5728	2079
-4396	10275
-412	-580
25099	11135
-1333	7971
1623	-19464
13619	12529
-2314	3599
-1544	1698
1857	6580
-6343	1585
2985	2638
-3949	-6050
2430	13271
379	9449
3719	6518
-937	12662
-2280	-4554
-5532	-10545
25000	-2238
221	4739
-4208	12706
-1636	-3777
755	-18074
-13240	8531
-13117	-10250
24292	4925
-2283	14642
-6937	-424
-3381	9729
17340	-5107
-4459	8880
2364	-5537
-14100	4461
242	12036
-371	-9573
596	-8713
-1811	-6424
-4417	7795
24579	10383
-5176	-21284
-3913	4902
-2838	10918
1109	6708
19336	944
-1979	-1834
-2884	-14618
2338	13110
22058	-1677
-1135	16600
-4540	-5289
-3741	-2395
858	11166
-2597	10154
62	-4866
-5274	-1138
-4064	8267
-1154	-1968
-1411	5472
-11540	-27027
2777	12199
-6024	10319
24439	10387
-6023	9083
-10280	5590
104	-15554
-3673	-6837
-11071	-4669
-3389	-4824
25948	-3099
-749	-8669
-12754	-10259
-2924	-6690
-6162	14590
207	5593
-41	11944
3028	4288
-7416	717
-4805	770
-10142	3676
-8785	-13792
-12241	7245
25336	-5660
-5940	10693
-1968	4857
26212	-18189
23913	-4159
-8124	1573
-6700	9202
-5254	8088
1974	-2970
-4108	-5517
948	740
23503	2529
-9660	12304
3007	4215
-2626	-12948
-6644	-899
-2589	-9516
-5341	5202
-3925	9751
19243	415
1057	-5139
-3874	-25815
-8348	5518
-2662	3833
-4791	-686
61	1996
-702	-5828
-5530	-7243
6417	7826
-6327	14611
-2803	-678
-9055	9483
-7604	-13598
-2714	2754
-4482	1603
-6015	3721
-381	-29876
-3933	10769
569	-8069
-406	8979
25431	-22794
-12916	12416
-4495	-1723
-12978	1814
24430	-5622
1301	-3956
-34741	7109
-1884	-2306
3078	3864
-1238	6406
-3490	8419
-11091	5608
-4831	-16786
-2360	15908
-13975	-25
-39	2770
25086	-2487
-10786	12533
22661	10606
3110	9769
-7188	-1893
10403	-7182
1747	-17266
-3122	2426
-4484	-8619
-4186	2820
-7339	1777
-3721	3871
-1238	8172
-12956	-4196
-7327	10343
2062	-6504
-12535	10787
-3715	-6907
302	4496
26412	-16455
-7180	7957
1173	7617
-1167	6220
-3245	-17030
-3676	6129
-1737	13346
-189	6546
-6032	10354
-7317	-1505
16624	-8757
-10332	1348
-4991	13556
23580	8396
25028	-5060
1974	1318
-1625	4691
1474	-10329
25878	5106
23929	11100
23285	-1250
-8072	8165
-170	2724
-2757	5610
-1748	-2077
-10416	-1294
-6519	1119
3286	-3415
-3058	-7974
-6191	-1984
-1586	-13929
26117	-425
-8476	9257
-2299	4366
-2881	5097
-5424	-2493
-5513	3366
12343	13114
-3490	1738
2299	12937
-23938	3726
-6506	-1116
-4729	-21525
-4036	5113
23032	11433
-2134	12492
-1493	-17393
-4404	2719
873	6696
-12899	10439
-1051	7609
-700	-6401
25786	8134
-2842	-17259
2673	-6283
24506	5146
1149	5339
777	15468
25314	-15895
550	10149
20158	-4910
24975	-14735
242	6283
-10549	-3477
1544	4994
-4530	-15840
-376	1063
-3904	-6377
-9404	12784
-12415	8165
525	1074
-2366	-12468
-1645	5631
-2506	-3513
11897	4754
1932	18522
-7645	4031
1636	1003
-14555	-3797
-1563	6011
24227	-25977
-5008	9360
-3394	-14193
-3958	3278
-3077	9891
-1376	10812
20415	-7756
-3698	-15851
-1471	7681
3206	-1368
-5572	5030
24668	-827
-11269	1002
-370	664
-13866	-71
87	-12568
-4853	-12456
-6374	7636
-3835	14285
-169	9031
24593	3990
42	11908
1924	1347
-5630	1109
-3994	4110
-3997	6239
-3691	10235
-7402	5875
-3921	11841
25361	-2175
-3744	-13510
23449	13104
-147	-1925
24656	4521
-10691	-22026
25351	-12228
-11383	-6868
-7361	-6448
-866	7762
-5887	2194
-2405	16392
-3138	8319
-298	-5482
-2879	-23877
-4008	16637
23639	6901
-1139	-10699
-897	911
-6825	13212
-5476	-13998
-11420	-10235
-1624	-19706
1505	-22208
3019	-1635
-11291	-2336
-9653	-18044
-2569	1226
-2378	-22619
-2740	-28153
-354	-5592
-1270	-19570
2871	-2316
-4267	-9051
-11268	-7368
-2647	4398
-2965	-19157
-4643	289
-6096	3428
-1518	-2173
1885	5585
-1082	16148
-808	6300
-13136	10375
-864	-6928
-2817	5224
-4722	-1926
24698	-18755
-8060	-7685
-2893	-5011
-8615	11277
-10720	-128
-4340	10151
-471	-11540
-5711	4896
-521	7339
-3122	10798
2336	-537
-5948	-10888
-3454	-18525
-4488	5541
-3646	11997
-1764	8314
359	-24006
-2054	-499
-8295	13801
-1803	584
-2558	14121
-267	2539
24515	8877
-1549	14682
-6843	-4826
-11141	16397
-4908	-1556
-3551	12479
-10971	137
968	11389
-7182	1194
14881	12987
1605	1538
-548	702
-3152	10280
-1290	-1701
-838	6728
-3950	6102
-1931	-6778
26186	-1690
-8830	4741
2001	10220
-2689	-3105
-1164	-9548
24049	-1731
-390	5424
15004	-1916
-10227	1854
22703	-3691
23414	-18228
17491	-3615
-11773	8754
-1516	1415
22465	10736
-10466	7161
-1773	-5420
-4615	10368
-2799	5497
-1223	14167
-5730	5371
-12713	17015
-8499	-5956
-3528	7447
-6241	-3573
-406	1947
-463	-26978
-6979	8140
-6771	242
13142	7057
-3038	-5336
-381	2399
-1209	-4807
-12102	4920
-5360	2032
21167	4871
-7336	11316
24866	13859
1633	-6010
25850	13367
-4555	6246
-2675	2192
-4239	-6991
-10050	1721
12931	-3236
-1000	13105
-1017	-5598
-81	6228
2484	6686
-3071	-16318
15495	-574
-7910	6685
-8220	256
-2090	8445
-1794	-3553
22976	1998
-2084	-7241
22756	2714
-2544	-10271
-1990	-9374
-3791	256
-4788	10379
-1557	-1999
24554	-2477
19	13630
-8173	8911
-2084	4391
-2263	3347
-3846	-289
-11570	1852
2281	-14057
457	5385
-2511	9145
-2411	4069
22327	-2956
312	-12201
-2307	8139
3086	-8439
-1018	-476
-10039	7039
-5224	-18037
-5	11622
1313	10755
-5893	3959
24169	5353
-11916	-1173
-4545	-12835
-1656	2935
-312	-3884
-5530	7799
14765	5982
21975	6965
1915	3916
-6849	-3756
-5352	-4308
-2670	6584
-3448	-3215
-2385	8211
-7269	4063
-5646	7873
-502	-1554
21643	-7871
1361	-9850
-2464	-7357
23765	9055
-14388	-15438
-5803	868
-2882	-8238
-2149	-20340
19183	5361
-153	5528
132	11616
-4956	-22499
-3691	-19979
-22328	13141
24774	-18912
-4268	13321
-1964	5665
25300	-6223
16652	-12183
-5337	997
1352	-5054
-3199	-5081
-1018	-12260
985	654
263	13692
22954	7458
-9911	7845
-2470	-9309
-2091	9487
-1580	8922
-4178	-7790
24716	885
-1808	-9821
663	-12374
-8777	15504
2149	5759
25736	-9255
-2265	12180
-636	15525
-2085	4024
-365	2176
-4583	-18304
-2865	-2251
-3596	12472
-5468	1715
-5131	-3867
-4878	-16901
-2366	16454
2837	-16153
1438	-8033
-1527	-10311
-1285	11854
-2481	8083
-5798	4615
-8270	-13753
1620	-6763
-4864	-1508
-580	9330
-3858	6847
-2126	-14898
25	10485
-5496	-3056
-730	7084
-4019	-233
-887	9558
-2006	8902
-1583	6840
-1033	3039
527	-14036
-2715	-3439
9829	4604
1712	-10914
-9747	-349
2983	-13966
271	8275
-2633	-14900
24015	4874
3584	1100
-14661	9948
36	7965
-2130	-7739
-9923	3012
-2031	-30236
21679	-9643
22670	-10764
-13512	-83
25117	-4482
-11310	994
-3323	-12561
-8718	-4808
744	-11156
22527	4728
-7926	-12948
-1726	-6836
-6244	-27369
2046	-28031
-1634	11783
-10848	333
-5402	12855
-1110	6930
-3269	7673
24426	-8382
513	-17828
2104	-97
-1574	4145
-964	-20342
-6226	9271
1021	4865
-14176	10179
-11829	-11423
-5232	-16297
1421	-5172
2247	-10745
24924	12748
-13897	-12449
-3253	8660
-2899	3391
-2076	4218
195	-9868
1625	14491
223	-15052
146	-27133
-8537	13487
-1784	14753
-526	-10484
2172	-712
2141	-7438
21638	1970
3122	-1436
-2899	3945
-13811	-27731
26022	6667
-2976	5720
-7373	-9686
-5833	8565
-24779	6447
-6762	2049
-10060	3932
-1638	-24834
-459	-2849
-5713	-11899
-4867	2587
-1742	-6284
-902	-20448
-14346	-15531
2013	-12260
-7386	3368
1673	1105
25690	-9195
-3883	-16522
-3560	-9836
1470	-5961
22323	-32359
-2140	2795
-9803	7125
-6835	-3308
-4393	10005
-18694	5682
-12440	14694
-2522	3421
-3185	-1953
-1553	10429
-4195	-1270
-1734	6332
-947	6324
11573	-2308
-1681	-8459
-4916	-5133
-3428	6039
-2876	-9308
24233	-6621
-1876	4957
-4186	7785
939	5291
12552	-25
3275	8026
-5100	-7219
4657	646
-3534	7272
-1550	6430
21607	10039
-2342	-257
-3769	6582
539	-14289
-5430	8695
-2980	8195
-2080	-16016
-10647	9256
-2999	-5751
22440	-10337
-2130	-12504
-3366	391
2844	8756
-880	-9811
-8287	5990
504	-19475
-847	10991
-2263	11816
-2531	9400
-5739	-7733
25036	1859
-2230	14105
-6046	9456
11297	6901
-4371	7462
-7138	-15891
1191	3336
-4850	-4170
-8250	5271
-36857	-16226
-806	10035
-3462	497
25290	119
-1823	-21300
-10335	5423
-3130	-27865
-6979	4444
19059	4346
-4487	-917
24431	-1158
25318	606
-6575	13795
20738	11381
-218	8679
-937	5461
3312	10783
-5694	16810
24464	10004
-3925	-34008
-4267	2973
17407	1090
-13934	-86
-3933	-8840
26348	3667
-2909	4080
759	-5901
-1639	-9314
-1783	-6636
-359	13730
-6054	-171
-5223	-2292
675	13100
769	2699
22884	1126
-8220	-1687
-2477	3647
-5789	871
1817	2935
-1722	5742
2720	-802
-1326	7453
24015	-8817
48	-1914
23126	-11728
23066	-20130
-604	11676
-2152	-731
-9231	3300
-1940	3962
150	6649
-8821	5654
371	9227
19740	13280
22203	-4027
-17359	8259
24149	-10049
-4084	-708
-7348	12399
2481	-3226
-1193	12067
-1299	12793
-830	5798
-1847	6708
-5034	2166
-2682	6933
-3545	-12345
-4353	7864
-1552	6544
-5100	-9695
309	4902
-4755	-1044
-498	8943
-1185	-16519
-6863	7860
-6831	6841
235	-6459
-1748	-4208
-6102	7319
-4337	17509
-3486	-18354
18843	-10136
939	-27710
-5146	7121
-13961	4436
1157	-14925
-4250	8122
-11455	-29863
-16	8105
-8167	-4595
-5290	12335
-1739	-17689
-140	6992
24618	5823
24690	4419
-2874	-6841
-1443	-16860
146	-3114
26051	1328
1166	7156
22068	12341
-3755	-3566
-1028	7958
-2043	2637
12206	6414
22897	-654
-2052	376
2869	-4987
92	5549
-12512	-388
-27	-485
-9245	8291
-9948	3609
-5886	-17204
90	924
-5435	-1286
-2191	-12899
229	19665
914	9188
19162	-18682
-576	1932
-3030	6221
-4699	-2876
25145	11334
-5566	5760
-1368	6460
-5497	7279
-3922	7994
23266	2036
-1223	1567
-317	-1602
-4481	-11002
-911	4660
-532	5018
-2347	10914
-231	7822
-1089	3706
-1901	11415
-12674	5128
24280	6752
-11715	-485
887	-5157
-3172	11860
16304	-2243
-1241	18133
2531	7697
416	-21911
-17643	-3341
-1992	2735
-6550	-12642
24709	-19668
25766	6721
13519	-13667
-7943	-16515
22847	16391
-6070	11176
1601	-2207
-2438	8064
-2586	5729
-6090	553
-498	-15728
-11453	-8511
-9794	6177
-14865	13144
-1387	15522
-515	-28028
-3863	3592
-6453	6946
2969	-3422
-13919	11752
937	6765
26257	4861
47	11104
-7403	-9085
-2313	-3265
-10500	291
-5965	10444
-16629	2746
-3116	11408
1074	5782
-6976	527
-1259	-7028
-276	15625
-5881	5105
-5316	-9054
-8643	7791
-17031	-12283
-7876	-1107
-11534	1629
2115	967
-2475	1248
-683	6252
-3426	-5613
-1071	11456
-2881	13236
21933	4031
-1965	-431
-6575	-15506
-9331	8924
-1304	-10635
-1720	12725
3292	-7749
1241	4338
1291	6872
-848	7151
-17186	4794
-6290	-5442
-5496	6452
-4794	-13785
-3598	13064
-3005	3777
-2138	3546
-1745	-19134
111	2764
-5538	-7541
-20893	4114
-3153	14046
2556	-6445
-1037	-523
-3306	1491
-2667	7408
11829	-1950
-8722	7002
-10519	886
22036	-19238
-161	13200
-593	18025
-2698	5748
-1767	3488
203	2102
-6324	2211
-2091	4235
-2488	-2918
3451	-2348
-4440	12693
24091	-14175
14547	783
929	-4989
-2070	-19436
-396	1410
-771	4539
-3861	8656
-15803	3952
-3036	6225
3064	-4317
25033	-3353
20997	2968
-12155	-5533
-8474	4255
-824	-9292
-3341	-18977
25827	12059
-5915	-655
-4117	2442
-6782	-3588
6	4551
-17242	9698
-5869	-21101
-19151	2105
-10524	-267
-357	-15471
-6065	6361
-471	12119
401	-23393
-4016	3540
-5465	-19668
24450	-5703
-1992	6954
25356	1721
-3986	500
-7157	-1131
-3699	-8785
3833	9274
3493	6131
572	-4407
-1109	-5844
-1252	-4315
9401	14532
-80	11129
199	-20487
26092	-3
-2018	-6977
-6240	-9856
13560	5891
-4972	-4712
-2330	7355
-2626	7300
1039	9182
-5872	4908
-5513	1446
-2400	-5445
24922	-18575
-2038	-6645
-3222	7039
146	-18008
787	11434
-979	-4348
588	-3919
-1365	8056
-6720	7842
-1708	17865
-4212	2759
25035	-1441
-1256	-8100
24122	-8009
-2751	1906
-13393	1020
-877	12009
2353	10701
20936	-8390
1116	-22316
13742	-5383
-4682	-14183
-17030	9866
1773	4768
-1614	-1148
-6545	8016
-905	14180
2713	-6565
-1928	-3859
-7946	7841
-4061	12104
-2608	8528
-1608	11603
1212	-2668
23305	14719
23516	17509
-2725	4894
24799	14788
-6048	-2824
23307	-15375
-6127	4267
-4825	-13744
-2589	-8584
-594	17753
-2832	15891
-6798	-6183
-1560	9018
-2143	8766
719	8855
3100	-49
23197	-8119
23589	1136
-6004	-20822
313	7885
24980	2165
-4655	5167
24341	10230
-3359	-14063
1301	-6893
-4604	-3871
-4178	-5194
-4197	-20377
228	-8810
-2380	-30577
-9006	6663
24433	-377
-4841	6935
-4365	3074
2350	2004
-1337	-2537
-2441	-23264
-317	-9589
756	4360
13440	10324
-764	12733
638	-3284
-1187	867
1857	854
22248	3055
1127	-4329
-8504	-11807
-2215	4838
-1837	-3657
7624	-16456
-806	-4096
24292	-6196
-2140	15108
22246	13281
-2980	6703
-2137	7305
25462	-9544
2465	-14386
-2349	6749
-6450	-1976
-838	13676
1681	-25253
-4197	-21024
-451	5043
-1419	-23233
-10375	7167
-6511	10698
-3732	5314
-4727	-21406
-13777	-3030
655	-2831
-3732	4651
-2109	-12920
-2757	10461
-2392	-256
25973	8820
-5076	14019
-8442	-6295
-3454	12264
1798	7594
-555	-5996
-5605	608
582	-8445
-2428	1162
-2642	1429
-3143	-22178
-7766	-28216
-677	-8156
-856	-28576
-3244	-4423
1417	4714
23828	6769
-11701	10998
-26853	-3332
2862	-4134
-4975	18000
-4393	-7769
22460	-1622
-1217	-9195
-140	7526
-3629	3096
-13289	-22552
-2124	8961
1990	7189
-10110	374
-3952	4042
-2527	2388
-7520	9988
-8975	-7056
-925	-24632
-1503	13229
26162	3344
-5653	12188
-7306	9658
-2837	6342
-5463	14980
-549	6103
-1079	4064
2224	11046
25623	1547
839	8003
-8507	3910
-3280	6489
-172	189
-1140	-14159
-1293	3888
-4755	692
-2909	207
9424	6064
-716	-14994
-1935	-14014
25326	-693
-10004	-320
-5390	-19618
24066	7594
-9051	8834
-3408	6201
-2118	4835
-2661	-19036
-3798	-5608
-9078	12852
-19968	-3418
-3390	-21720
1329	5284
-12981	4740
-2525	5362
7266	3389
-5641	-6107
-1299	-12658
-3617	-8688
1617	-16511
-14344	4201
-3426	11021
-672	5292
-2463	9790
-10859	14797
2977	-367
-6059	446
1542	7709
-6714	-3716
-13852	-1301
-4406	10450
1402	15137
2233	7589
-6123	5077
1762	-10160
-1153	7141
-1059	-27410
-2453	13894
-1388	9841
-3821	-3886
12824	8867
25590	-1498
-6500	-1228
-9493	5313
-742	4925
-3991	-4489
22762	-1722
-4721	8018
476	-3239
-5062	985
-395	8270
2146	11964
-3637	11028
-2456	10784
-1993	421
-5652	6015
-557	13353
2529	-6823
-5226	-8565
-2353	8140
-5009	1109
-3988	837
25991	-2447
-9951	7719
-10595	12029
2222	7545
-3110	-10895
19888	11681
-3771	-14915
-1940	-11256
1378	-2529
-10815	3168
1435	4483
-819	-10796
-5176	-25186
-5157	7402
-9738	552
-5728	6184
-3280	-7242
-2013	-11746
-6697	-14960
23835	-2034
-1168	-13264
1667	-15718
1704	-2577
-5893	893
-4880	-8495
591	8643
-1865	-6422
-1527	3773
-8855	282
-7648	4416
-3667	9745
3649	9774
-8922	-13879
1563	-5627
-2211	-24614
-7211	12229
2147	12363
-6486	3767
-6781	-15648
-2555	1490
-6901	-272
1382	5394
-6129	12372
-1683	-2274
22847	-4098
1421	10535
-3158	-4940
-8582	628
114	-5209
25570	-8665
-4496	6833
-5532	9143
128	-3686
-58	4625
1954	-747
25476	1066
-2353	10695
-3375	-7702
-5245	-977
-1666	-14896
-4098	6097
-1580	6778
-401	-5738
-1689	-4741
1892	2538
-1790	657
-4618	7226
-8412	-20840
875	13063
18090	8770
-1592	14485
-4548	9785
-4406	5496
1469	5991
22051	1810
-151	-25547
-3163	-3308
-9638	6529
-1903	9090
17221	-15236
-212	8464
-6229	-13088
-2927	-10403
-2868	409
881	-12046
1433	2654
3192	-5209
879	102
2891	-1752
-3309	-15671
24953	1641
-2948	-9268
1745	-221
-9731	-7153
8803	-15908
268	-20292
-4504	-7463
-253	-17163
-6155	9177
218	1629
-6519	4812
-3451	18301
-8368	-3082
-4236	-1469
-10168	-3431
-1457	6066
-44	5530
-7242	-23629
-5806	513
2144	-2980
25618	8234
-3534	4642
-5795	6260
-5377	3076
-1789	-3184
-158	465
-6416	6640
25353	6415
-6428	-2243
23612	8421
-5458	-17164
-7746	-3649
-788	-8704
-5533	-6516
-159	-21592
-1164	5176
-2413	6372
-955	-10877
-6475	-1073
2168	1968
-1408	-8539
-6743	4493
-1193	3576
-16730	8603
-6651	-19305
-140	8463
-5003	-2429
-3880	-130
1193	-5325
859	4824
-12258	-16462
-4448	9494
-4785	9117
25230	2845
571	13367
-5563	3261
-5185	-20093
-1207	2190
-468	11987
22970	1492
-86	17715
-13112	7160
-5674	-1705
-4532	9203
-7929	-2752
-2888	747
25902	9598
-2305	4896
-6770	10353
-7133	-9388
21236	-5834
-2852	11272
-4067	1916
-1781	3301
22415	-2882
-11238	1535
-3149	-32581
-3961	14614
-4250	4910
-1149	-31692
-12272	-255
21747	7511
-8796	12964
-5586	4131
-3119	-11852
-3085	4035
-4855	-8625
-3969	4213
-34231	-10957
-9622	-3365
-9590	-4689
-7670	1600
11796	3004
14417	-16742
-2338	-4150
-3490	4655
72	3041
-850	-6222
-4134	-18137
-6739	-17129
24476	-1459
-8800	9095
2791	9747
950	-11945
2118	-13517
-2113	2961
-856	4325
-6878	-18773
-2024	-6481
-1173	-22949
1619	7099
-7004	10295
-2218	4588
-5985	-3718
3125	11796
-2018	-695
-2679	8073
24005	-2151
778	551
-3526	8860
343	6541
23828	-8293
1143	1423
-7473	-2038
-197	-28238
-5869	15228
-1220	18274
-859	-15034
2536	3579
25449	3558
-14465	-26826
-10463	7867
-242	9553
-5898	9753
-2787	10027
-4128	2871
-14522	2008
-557	4485
-6020	5465
-2601	4139
-4320	-595
-8646	9388
-3729	7719
-7019	-5777
1570	-20703
-2852	-14201
2130	-8863
-3673	-3162
-12442	-11242
2498	2053
-4665	6595
-6313	5993
-11763	5385
-1192	8974
-5374	-3660
22430	5861
-783	8725
-2197	6452
-1240	-11792
-4944	7635
-3091	7743
-1160	13444
1347	-17102
-1594	-19043
1302	-2752
23229	11050
-4284	-13246
592	5249
-1466	17927
-3231	10720
574	-6642
1127	7779
-2985	-2326
8	13257
-792	551
2584	-17162
-6736	7038
23383	5636
23754	11974
25964	4826
-4045	11797
18524	3328
-538	-20929
176	12138
25002	4424
1438	8306
24032	14115
-1759	6379
-1503	-2068
-415	10759
-9808	-1417
-1770	-2167
-139	1823
1053	8089
-5256	5033
1336	-11363
-101	6496
-4293	-23594
-3554	461
24085	1167
229	1464
756	7974
5394	-7008
-3579	-11718
-3143	-28166
3184	4349
-2199	9190
23879	8324
-548	2453
-9781	1718
-4569	-22271
4328	-19276
-4649	4742
-2966	-502
-8488	8655
-7325	9342
-3075	-25165
-7172	12066
-2681	9517
17667	-1376
-897	7974
-3785	-4983
1634	7351
-13700	4577
-61	4797
-4884	-6195
1207	6437
24497	4723
-3854	-2619
-2570	559
-1694	-4869
-94	-14024
-1015	-9279
-298	-1253
-5206	4292
-4119	7836
-10948	7657
-1896	-16620
772	-16589
-5680	-23956
515	822
-317	-17640
-1663	5308
-3319	-6356
302	9977
24763	2477
25150	-9371
17184	11218
1330	3512
-8297	2811
1174	-17130
-6015	-29904
-721	17437
-5477	5499
-4962	12267
-5655	-26330
-9104	-2503
-644	-25
25520	-16062
-2545	1323
-5912	-6239
20952	-5994
21537	-3358
-2335	-8920
-2865	6892
-5167	-20195
-4768	2136
25462	-6841
14837	-1635
22817	4960
-3718	-825
-2980	7418
664	4023
-574	3505
-7303	-2695
2479	5410
24679	10840
-4855	6886
3643	13425
588	-10263
18246	1004
-1619	-5590
4137	-9779
-873	-9735
432	-14478
-8760	2206
-4735	-2253
2193	271
-441	5513
-2414	3927
1014	-22200
40	-11200
-8000	-11117
2345	-5307
-14867	14652
-2116	-6506
1187	-7997
-4102	23
-3693	11787
-6860	-1368
-4298	12480
-1351	-1019
-2013	-10889
-3367	15707
-6792	-16504
-9251	12915
24266	1584
-1978	-2986
-19952	-15574
2943	-16148
-11247	9479
1341	-2949
-2565	7005
-2721	170
914	2439
-7001	3418
-1900	8708
12069	5005
-8365	5882
-1054	14304
-4036	-4249
23275	10824
1497	18571
-1789	9108
-7161	10457
26430	-836
-10609	10314
-3381	-815
471	8199
-1178	4792
-9432	-8252
-10385	-9393
-11355	-1007
-7567	-18800
-479	5673
2363	-27918
2545	8364
-1981	-6573
2116	4710
-122	-9637
2303	3650
-905	-16052
23966	6356
24397	-19071
23185	-1152
25424	1079
-3222	-1421
-6121	5945
-933	10330
-3609	8756
3105	1762
-1585	11101
-317	6438
-7531	-957
-4242	-9502
-6561	10897
-1394	11533
-4279	-9681
-1447	6407
11858	-6379
-5784	9999
22659	2609
12088	-3307
3719	-24598
410	7802
-8228	3470
-5062	10721
2319	8860
23891	10554
-2266	8715
-11110	-18879
-8994	4018
-1703	2055
-4668	-2973
24049	-9345
-6000	3229
181	9497
-9011	-27677
-1698	-13253
21217	-12134
-1006	3907
-881	7543
25604	-19957
4527	4652
4482	-8527
-1235	-3452
-1678	-2362
-7386	9833
-5343	9011
-730	9696
-7919	4621
-1628	6860
-6190	-15342
-9770	-19203
-30986	11049
-6063	4934
3481	-3988
-2475	-8201
-797	-20256
-3904	11671
-14204	907
22766	3395
-7048	-12056
-7046	-2595
-9755	10225
23154	1077
115	6796
-10447	12147
-4919	-7126
-3860	17080
-3128	-15220
-10229	13207
-8510	4316
-852	-28679
550	12504
-11235	10270
-1153	7638
-4629	-15376
-3061	-1571
-3013	8503
-11294	-5011
-334	-17605
-3060	10919
-5337	2731
-4225	4912
201	-8590
-777	12242
-13541	13536
-7275	4700
-342	-3121
4766	4036
-5968	11399
-161	-19944
3333	8029
-1825	180
-179	4337
-671	12336
-14472	10187
-225	93
-1344	-6546
23996	10596
-1159	14315
-2952	6882
-6053	-9855
-5223	6917
24957	6779
-7108	7147
23066	2389
25256	4012
-5093	858
20136	13711
-5709	-1595
-1413	-24137
-4052	10654
-7955	-7191
321	6719
-2266	-10940
-3793	-8447
-2335	-2267
908	9111
107	2784
15944	3237
862	-33161
-303	7377
-2706	-1012
13313	7172
-1834	10595
-7281	19068
-14131	-14518
-5568	7130
812	5789
-6363	8687
-5516	-20900
3474	3401
-3376	1040
-1915	8210
-287	-4750
-8473	5955
-1137	-8675
12849	-11750
-3571	6271
24178	6306
24724	-3998
-13496	5231
309	-614
1104	3347
-3366	377
118	3153
-2134	3499
-13739	7538
-3429	-1003
-9688	-24224
-4016	12659
-1343	-2934
-1354	8420
1770	-8987
-2966	11213
-1730	12976
26268	-4848
-1589	-21329
-2438	6237
-4810	4344
21853	-23718
19651	-8412
-2558	-7046
-4814	-23
2450	2374
-2085	-6301
-2533	-4687
5	11847
-5209	1990
3359	-10652
-9352	3041
741	-2268
11233	6639
-869	19751
1438	-2054
337	-12954
-2277	12741
-14079	-3326
-1204	-24451
-11587	-3863
4466	7611
-139	-10102
-4300	-11405
-8988	1422
23601	2545
-4750	12870
-6288	-1885
-3595	10807
-7228	-75
19759	6955
24687	7060
-3295	-9165
-15631	7765
-7158	2715
-3695	8447
1165	10113
-611	12068
1534	-10837
-466	11007
-5685	-294
-7665	-1486
-3018	-12777
11309	-2988
1388	16211
-10560	6356
-2140	5876
-1971	-5235
-6411	7949
1184	159
24445	4548
12058	1989
-5200	-4921
-2332	7015
-2753	-13306
-4708	-5683
26084	-9314
24745	-15515
-4552	3087
-1327	-245
-11274	-1996
-14789	-6704
22351	6469
-682	13062
1904	5813
-1946	-7808
1255	-17216
24696	6134
3086	-14546
-2130	-1205
2642	-525
-3169	-12342
-251	7353
-8961	-9582
-9197	-2184
-1397	-2125
-3035	-6801
-8066	4349
-3035	1710
-608	-23497
-2074	-28894
-33	-3259
3186	-7462
761	10645
-1995	8434
18678	-2971
-1499	13960
-2266	4673
-16200	-15484
14888	6223
-1586	11054
-4332	-18746
688	5842
-3157	-4142
24904	-5119
-6573	13231
-3943	10710
154	10254
-8484	2027
1842	8409
-443	4338
-3130	2159
-8755	-13907
-2377	-748
468	-7657
-8127	13594
-11377	14927
-2765	450
-1669	1837
18488	10001
543	-1161
365	12333
67	2414
-4874	-1715
828	7538
-8230	9514
825	7602
-6305	-17152
24082	-1427
15430	-10896
15288	12088
-5586	143
-3578	-1358
-11612	3067
-5979	-1234
-4000	-124
23550	8007
-4766	-8280
-10165	2804
24487	9588
-2670	13583
-6592	11217
25042	10404
-10907	-28482
-2926	-16319
23901	1171
-2874	9597
-5332	11720
-6180	6443
610	10602
-3865	14442
-2838	9561
-10009	3656
-28038	-11946
-5931	11817
-4122	98
-4948	-1174
-2297	-2744
-5702	-9212
4067	-9068
-6010	9068
11417	-2326
-5583	16696
2791	11551
-914	2091
-340	-6040
-1518	-229
-6313	14361
256	-9507
-2076	-11470
-14415	7850
-10096	-15222
-4679	-1795
23966	-3476
-267	6758
-16734	1455
-3210	11864
21417	-6618
-11052	384
-14033	-9771
-8814	11142
-4295	8738
-4983	-3243
-3489	5562
-4233	-4585
1120	7777
-6664	8128
-13214	14166
-3668	-2086
-6899	1570
-13507	8703
23770	2300
1675	5538
-1418	15669
-2076	7693
-1733	-14030
-3228	-5002
976	10980
-7490	2689
-1323	10913
-6271	7758
-8014	-5789
10168	-16874
-2246	4064
2919	4053
-1630	1122
-15310	12467
-8535	-1327
2015	8569
-6408	150
3005	1304
3022	-34846
2567	11190
-10764	9320
-5201	3052
20705	-12862
-4510	-7118
870	-11299
-8872	9173
2219	-1595
-3341	-6310
-4098	1473
-9237	-7746
-3960	-9533
-3149	-5273
2919	12148
-2941	6216
-2827	-3361
-2358	-6162
-5939	-554
25546	-3011
-5037	-9206
2738	1763
15135	-14093
-4389	11983
-1795	-12827
26051	-8828
-2459	-9193
-56	8290
-967	-6274
23279	-2616
335	7778
1179	3706
18241	-1112
-2665	-3658
-2679	-4241
-4548	4269
-2650	-4575
-3696	16685
1166	12466
-1595	-2895
23422	790
-1033	-19383
685	4875
-2511	-9248
-2052	5608
-8610	13883
530	10948
23313	3464
-2360	3596
18245	-18624
-2338	2783
-5282	2559
928	-14849
582	-5034
-4038	-7017
24225	-3534
-1251	-2440
-8354	-6242
-6998	1405
-3236	2953
435	-12155
-813	13146
-19137	-13212
-3052	-13021
-1020	5268
-30972	-22637
-3712	-18822
1450	-19206
-3704	12959
209	13606
619	3742
-4897	4803
22404	-6742
-2938	-3401
-1547	-10465
-1739	-13601
-5232	5000
-5861	11719
-1153	-10650
-10574	-9090
-2411	-16672
-4520	-14397
-2743	6698
1098	347
22787	-21235
24827	7080
-6291	-2830
-1000	10726
-2673	1482
3272	-13952
-2658	-14981
-2208	-29220
-1327	-1734
360	-17450
-13081	12516
2007	15564
-1689	-7541
13661	3128
-2215	-2292
-7392	8307
1750	6535
-4300	-3514
-8573	8776
-1519	4365
-247	9984
-4016	-2379
-5490	3213
-1056	4478
-4158	-17911
-4003	8746
1658	11030
2924	11632
-1469	6628
-2074	11827
-2547	9895
-1430	5206
-5195	2162
653	-2468
-4994	-2156
-2793	-5298
-3239	2053
-9518	5904
2238	-12374
-2304	-7322
-9636	2832
-13610	-306
-8963	-404
-5825	-5566
-5706	-17135
-2617	10756
-16252	936
23556	-2265
-4608	-3595
-5296	7443
18981	2663
-4535	4352
24080	4684
23012	-1730
-2943	-8966
23488	3290
24186	15036
-7174	2573
2203	-3314
-9309	4426
-1781	3354
-5159	10738
-3952	9569
583	5353
-16849	9212
-3152	-6133
-9488	-6215
-4736	1946
-1868	-3115
171	13788
1268	5250
-19023	2875
443	4311
1556	-8066
1729	-15635
-1245	3643
-878	4619
-10274	-5083
-2701	-15450
-435	4931
-4428	-692
-1436	9562
21685	8705
-755	5504
9762	4187
-4334	4056
-3186	-2592
-4566	8614
-4155	6144
-13172	1035
-9613	-4136
69	-11387
-7671	-26991
-2383	-3029
-8713	4221
-5301	-745
-25457	3771
1081	2771
-187	10896
-6792	-3706
11941	6208
48	-45
-4626	9022
-3058	13501
-2293	-6816
-4028	6642
129	-18596
-465	11211
24484	-6384
13819	-93
2269	-9264
-33294	-17
23004	7606
-4640	-3384
1820	4369
-4281	12513
25665	13335
-3978	-4809
-3122	1255
-7787	-10205
-3283	9693
25599	-5620
-7603	6596
16022	5576
22447	7661
-3256	-2112
-12200	-4811
-5265	2316
-4652	777
282	2454
-6347	13780
695	10697
-11665	13467
-6157	1635
-5951	-7756
-1873	-24360
-6756	7004
-5954	9288
-2512	-985
22683	3271
-7539	-5873
797	-4031
-2996	-8408
22402	20330
-8128	1255
-2934	-19177
-13967	15261
24175	6496
-6857	10957
23152	8985
-1157	2994
-15905	-9194
-3309	-9354
-11305	12358
24907	-359
1520	7253
181	32
-7158	-5301
2648	11459
-3130	3636
-2944	-17422
25272	8416
2710	-5617
-2991	-11318
24631	15392
-2969	7206
22890	-22193
-3302	7610
-6460	14102
-3598	-10183
1725	11602
23745	-13081
157	6193
-2689	-10168
-3373	4505
22358	-29495
-4215	4873
-608	1332
-8760	-12279
-9533	-1310
-870	6311
961	-12888
-1432	12570
1212	1818
-415	-7533
-4775	8042
-6734	5812
-459	-19464
-3004	8705
-1343	6319
-4474	-9228
1634	-7001
-10725	-13301
2015	7426
-4504	3028
-10159	5066
-5488	-2750
3340	2799
-3950	7827
-3054	-1573
-4700	-1865
111	8361
-1213	-5392
-4016	7201
-4877	-654
-4527	4248
-6786	7194
-4119	1234
-12878	3708
1138	9206
-7748	132
3303	-8095
-3406	6573
-1503	2068
21925	6162
24001	13079
-2115	-7565
24871	-11901
2041	-13543
-5290	-377
23197	-537
4240	11881
-4353	4273
8024	-8456
1244	-2459
-2419	4360
-766	-6259
-6979	12145
-5738	971
-2355	6643
-16968	-11953
-7015	2148
25799	10194
22025	-1398
-1457	1406
-2174	-3184
-4445	-3635
-3367	-10723
-8863	-21824
-5326	14458
-5413	1274
-1625	5735
-2645	4110
23344	-8645
-814	8797
2963	2246
-1054	-2042
-5951	10150
-8855	2967
-6715	3001
-5471	-12278
1014	-16508
819	-20330
23508	1825
-3152	6147
-1881	9926
1486	-10590
-3080	14218
433	-9582
-5023	3871
-12549	-10462
-1599	8968
992	-5237
-2199	-21679
14859	-12768
3209	-9602
-5410	-3497
11012	8454
24754	-3866
21526	3622
-12501	15406
-5703	-11771
1310	-1860
-466	7326
-1277	1508
-3433	-11246
-725	-4176
-3060	2875
3216	2614
-3425	3285
449	11478
-661	-7602
1210	-19723
-537	13692
-3470	-9222
-9117	-3742
-7609	13724
-9211	7423
-2342	-7600
1622	-222
-3099	-3234
-5795	-9551
-772	1828
-10213	-281
-1761	9828
-6399	-10986
720	-8659
0	5897
3342	10272
-14759	4358
-2712	10828
-7664	1095
1555	11083
22240	-18505
25142	10710
-178	12611
175	-3571
-4750	-16292
3493	-14155
-530	5670
-6262	-3439
-1232	7945
1163	-2248
-3454	-3708
-3141	-19259
-11592	6602
-1310	-1455
-3679	-2980
19196	5405
25504	-8482
-7238	5914
1015	5479
-62	2440
-1673	-10958
-6553	2831
-1650	2562
-2527	17274
-116	683
-9862	-3508
2260	-4614
-4031	12801
24080	12346
-10028	-11131
652	18215
-4303	8208
-1747	-13202
539	-11555
1612	9530
-18575	-7554
-16760	6525
-8142	8346
-4775	2622
-1909	-1827
-7495	5762
-2394	4593
267	1529
23031	15441
-4683	7838
-1854	-19037
-2642	-7744
2305	7502
-4504	-804
24383	-9615
18628	12811
21184	3791
-8736	11071
-6	597
-1886	-15301
-2478	-23189
-11361	5062
-9128	6246
-4566	-2755
-10942	12948
22858	6958
3032	10179
-7487	-9641
-824	13191
-2174	-20417
-2293	6849
-5572	-15803
-18355	11918
493	-904
25432	920
-3730	973
-1313	5825
-11176	-27285
-2576	9986
-3872	-19335
1683	13375
26	-1905
-4459	-8564
-727	127
-5012	10324
1846	-27773
-2396	8438
-2152	12627
-6469	-1964
-256	5308
-1530	6167
20593	-16463
-8028	-681
-8173	7196
8997	5583
-7698	4849
181	-9364
1714	-16697
-4952	-17353
-164	-15412
-916	10403
-1067	4818
1092	4275
23028	4027
-3116	-3933
24863	-15457
-2604	1745
-6770	-716
-5652	4657
-3751	4802
-1644	-6475
-2380	2953
1720	-11939
-10606	2444
-1022	2320
1015	10767
-4911	-2757
822	-9135
-7012	-5655
-4513	-493
-11057	6038
691	4096
25758	3389
24197	-13150
107	5196
2476	6631
-4134	-2207
1918	4963
-4711	-14049
-2799	-23574
4240	-1111
-2349	4453
-8509	5944
-2438	-526
3222	13632
2166	2873
12722	-8505
-4811	14953
-3574	-1484
-1678	6018
24423	10655
-212	-721
-318	-1001
-15803	10568
11904	-23899
-7660	12915
-3941	5521
-399	-21308
-1290	15042
24274	10803
-990	1520
-420	-6947
22544	6482
-20626	-21037
-5126	3175
1090	502
990	-5982
-7355	-5433
-13019	-2290
-5214	-32874
1525	-1266
-764	12919
-10524	4468
-4322	-29031
-4045	7292
-4262	968
86	2889
-4095	4344
-4153	-28
-1553	3839
-7763	7015
-7040	-8217
-5717	6502
-3506	82
2954	11205
-2070	-20767
-2935	9485
-2902	-3201
-3433	-20095
25892	4494
-3080	1087
23422	7388
-7600	-25601
-3816	3950
18885	2212
-5050	-26959
-3344	9161
2005	6097
-17870	-4527
-15157	-8660
-4969	-11242
-3220	2132
15402	7709
1088	-336
-3626	-5813
-426	-18008
-225	8902
-1452	9851
-5429	7091
-3613	9461
-5446	-8258
-2102	7128
3163	14466
-8130	1849
-3763	836
-222	-18660
-7620	6725
-15414	11010
-5073	16500
-3606	7234
-994	-25830
-5432	-2955
-2781	14256
-5903	-4844
-6849	-12780
1393	209
-3574	-1592
-2344	5910
-30	6447
25903	-10813
78	12838
-1173	1568
15696	-12329
-4418	2177
-791	11835
8203	-122
1595	8936
-5290	3588
-4884	-915
-5122	13123
3055	-1683
-4010	2973
-5613	9034
26090	-689
906	13719
-1784	4569
335	1660
-11066	-2194
-20024	914
-12997	9066
-15740	7874
-1709	9328
-3582	2438
16473	-10315
-4019	-27289
-2789	-5630
-1421	3085
-5773	13073
24687	-17020
-7620	2922
17434	-1748
-482	11391
-119	2060
24890	-6493
-7865	1189
-14299	204
25506	4651
-5316	-3060
-5232	11074
-2300	14331
-4159	6632
-2438	-20176
1963	-9593
-703	11780
-5496	-260
-1457	890
25030	660
126	14449
-3840	37
-4813	2262
76	-9468
-4916	-3618
-2341	-8908
-10162	-1498
3089	-8276
-8153	-9760
-4527	11967
-7518	-14042
-5341	1845
-5151	11744
2528	11939
24702	996
23474	5491
-11006	20252
-3158	-983
3991	11664
-1229	-846
-2129	-29521
-3233	8184
973	9564
-11813	7148
-5245	10564
-6901	968
-2949	-12634
24264	2279
-3314	6448
10851	11729
-6938	1285
-3849	2038
25421	9092
477	-25110
-1139	2524
-633	2914
-4197	-13609
-7213	6397
-1064	-11398
-4805	2513
25499	-10917
-3518	20363
-2218	1831
-6372	1950
-12952	8828
-7718	14387
-1787	12539
-920	-286
-413	-5897
-2191	8760
-5588	1332
-1204	-21955
9242	7477
-881	-22533
-549	6778
-9170	15546
-6363	-5913
229	-15442
-5466	3179
-12751	-15738
-43959	-13365
-11071	6312
-3097	7397
-1956	11185
-4125	6971
-7738	850
-4537	-3587
-2489	8926
12445	12689
-8598	4101
-421	11027
25482	7825
-6798	7203
890	7618
-4047	7613
24944	-17013
-880	7660
-5047	7635
1280	-5772
1371	2968
-652	-12382
-4434	4919
-4872	2778
1878	18391
-15185	8750
13563	1117
-10818	-17761
-5134	10220
-5262	5072
-2408	-689
-4718	6827
354	-10268
15177	11808
-1970	8672
-6898	160
2041	8663
22020	-1883
669	-206
1168	2515
86	799
-1229	-16257
24648	-10043
24553	-12906
-8691	13958
-5814	2451
-2573	-17514
1135	11548
-5421	5491
-2787	-15818
26605	-2126
561	6038
-7678	-10367
24001	-1590
14781	8875
-2824	8138
-15324	-14792
1391	-873
-1259	6595
-5965	4512
-7037	4588
-1560	2874
-11416	4330
140	6006
-16097	13342
24099	865
4031	-360
-956	-22673
-2035	-5349
-6218	3326
-2224	-4306
-4607	-130
-2561	11212
-1633	-7430
-5324	5822
-6575	16811
-8584	-3811
-4727	-2688
-2871	-5956
24933	-15437
22483	-2631
-9569	-5625
11417	-10766
-4658	7955
2417	-2380
-2848	13127
-11166	-6784
-4768	686
-1438	904
-7009	8155
-1519	-7099
26086	7296
-5783	8945
-2155	7649
-8501	11853
3693	-15062
-1213	8763
-1728	249
3280	-4147
-5354	5991
-4409	11989
-3362	7143
-6575	-13099
-6438	8187
-6466	5414
-10416	-9434
-2799	-24365
-1591	1865
-2824	8717
24309	5164
-415	3625
-8566	-2460
3066	4366
-275	15789
-633	4454
-5845	5308
-2893	6244
-1644	13053
-2302	-11382
-2806	-8198
-3406	13318
764	7292
-1454	2442
22761	3067
21997	-2098
-6923	-17212
48	12303
-1953	12036
-548	7648
-5741	6001
-2464	-4711
-1829	10777
-1174	8766
-3116	-12676
-6159	-13117
3175	-12402
-3270	3702
1374	-12495
-1015	17000
1338	-5888
2336	-3622
-6899	10259
-16890	11176
-794	12795
22742	-7866
-7370	-2874
-11416	-33866
-3730	11209
-2132	-27535
-3199	2590
25437	8990
24729	10735
-672	8859
-3640	6008
-1801	1273
-3236	9735
-2396	3037
-8273	-10868
-4905	7001
-1689	959
-4414	-12168
-2679	-5673
-4844	-8400
-6712	2575
-7504	8215
-1245	1103
-2891	2486
-937	3226
1143	12435
12669	4339
675	-2811
20757	6994
-1446	18446
-3180	11154
25044	4601
-16938	-3018
-2308	4279
-4984	8386
-14561	-346
-2280	8644
-189	12200
-3723	-22715
-6187	-6104
-5200	9223
23350	10589
-488	8418
-4744	-6875
-680	4368
-418	-16808
-6166	5515
-306	4446
-2693	-8576
1369	8750
-4888	7790
-14717	11393
8994	-9446
-5267	14987
-5379	11173
2174	-20524
-4153	-3080
-2040	250
25108	2425
-1118	8851
26028	-3054
-3132	7149
24436	5633
-2196	5650
-14652	1722
22563	-26616
-1978	270
50	7446
-2937	-21225
3679	13436
3370	-5490
25470	-14920
-3114	-5011
-3408	15852
-11049	-16781
-9413	6037
-1237	7586
-7252	-4751
-3536	-2580
-11255	-8423
-2383	-2484
-4504	-22915
24124	8405
-2949	3916
-10149	-14689
1310	-6936
117	6501
-6190	1981
-7894	6164
-7289	-24647
-8482	8403
-1948	-2688
-9209	5763
-5557	-2675
126	10821
547	-9784
-6408	-18662
-1176	-5097
1260	5249
-9872	4413
-936	-11364
-477	-9098
-4360	7192
-9076	10728
-13307	6533
260	5848
-6971	14797
-15436	-22380
-3259	7512
-424	-2617
-4775	9228
-10461	5
677	-2335
-331	5612
-12392	10995
-7024	-749
-242	-9513
-1912	8470
-597	2187
-10637	-7173
9391	13693
42	-21918
3610	7349
794	6157
-1337	-2616
24333	-4039
-4345	-25233
-8804	1957
-519	9134
-10750	-657
1631	-625
-3620	1502
-1078	4430
25953	12996
833	3543
-5401	-14218
24125	-6921
-3412	8357
5945	2657
1793	4731
-544	15491
-10648	-2884
-3978	17902
-9320	11184
1015	9718
-1029	10625
-674	1430
-3063	5359
-630	2546
-4477	-6559
2308	-3039
-7827	-20096
13394	-2094
59	-10734
22415	15054
-278	-22747
396	-1350
34	-4841
-5214	-12768
-5232	-21290
1828	11556
-4459	3108
918	4347
-476	7074
-7411	10038
-3882	1720
-6237	-4204
15718	4916
-9051	5718
-1148	-4221
-3214	-9591
-10446	-17089
-1227	6974
-714	16814
-16638	-17875
265	5454
-5900	4431
1495	1583
-640	10519
-5246	6533
-987	-18182
-2503	-5808
24352	5475
-6274	-132
1101	2755
-3411	-2494
-1061	3046
2838	-9390
-9803	-1672
-12291	12059
25711	-8492
-1758	5732
23215	-612
-5037	7205
24590	-16042
14141	2729
1425	3244
15459	6519
2180	-14768
-8718	875
-3022	113
26011	-13898
-10209	5528
-2997	-1591
-1480	391
-3857	6818
-203	4950
-9811	1824
17028	-30511
1003	-8942
-5759	-17871
-395	9057
-5265	1465
-4889	-33886
-9253	-479
-5826	1635
-21531	3415
11219	-5952
17424	-7496
2389	5023
-2714	-4326
-5739	744
-5702	-833
-7876	4440
-7107	-2928
23307	-14295
10297	-17917
-7428	-9965
23812	5056
22530	-6458
-6012	-4156
-83	8535
-7263	7037
17421	-256
3839	2209
2138	-2645
20571	-17205
23935	7666
1690	8259
1623	-478
-9987	-2083
-2976	5845
-10804	9866
-14703	-13976
-7974	14906
-7445	9902
-5031	652
-7916	12411
-1733	10700
2448	2172
24801	7632
2551	-18434
867	-12725
18701	4293
-5125	1344
611	13104
426	-2929
-3094	5923
1834	-2046
1113	7145
-8843	12688
-4421	-4024
-5505	-9702
-3303	-15405
-1404	14156
-7441	6640
-3568	5188
-6006	8400
-10326	10786
25060	-9321
-3551	3531
11	-23300
-9616	-18461
-12015	1349
24826	7113
-4520	-10580
23584	8993
-947	11564
-10942	-15973
23197	1408
25754	-19056
-5660	8267
-997	-3482
578	8757
-1408	8082
-4268	7489
-7154	-236
-5288	127
-10227	5526
-4017	-23416
24893	5867
2668	9892
22767	4820
-1720	529
-8150	11255
-3734	2356
-4817	7305
-4997	5607
22536	3055
-231	-6395
-2667	5479
2748	-13278
-7863	11264
-16392	5096
-599	11519
25172	-5841
-721	16132
-4555	8598
-2614	4001
-7416	-9785
-4948	2144
-3663	2852
-5538	-9419
-4027	16899
20047	-10693
-2589	-11313
1789	8678
-12705	-8087
-2523	9784
-2403	-3167
-7498	-7384
-6109	8663
1247	-3676
18878	2496
-17225	5478
574	5483
-2640	10389
-4244	-3149
22968	-4049
-15236	-727
24953	-9140
-4814	-7960
-8078	-7319
22092	8661
24378	4998
-1096	-8934
14079	-24727
723	10126
-5979	1208
24601	-28083
-3978	10177
25091	-20007
-2155	-10384
-3539	7429
24933	-18689
-755	-7571
22206	-497
-2895	-18037
-10988	-328
-4195	-4688
1500	-10676
-2416	-9798
-1650	9538
24667	5076
-5408	-5882
-4418	-19035
-621	-5165
24638	10018
3032	7753
-12370	11375
-4091	6228
522	1953
-4994	-14641
-3180	-9859
-5031	2811
-3936	9997
22903	20408
-11397	1850
-3155	7989
22033	-4164
-2115	-924
-4103	-7554
2363	1631
2271	-18961
-856	-12353
24066	-9847
-476	8937
2122	7520
25541	12070
-914	-8089
-5714	7220
23188	3143
-9616	5806
-7447	-1603
-1178	9942
22012	-9361
-6678	7757
4066	1527
-7205	7116
-111	12129
-3601	9403
14321	-8576
2085	7846
-2279	5678
-1271	532
-1886	986
-9483	-14473
-1176	-19165
1767	11092
-4947	5877
1862	-8676
-7972	-378
-13786	4243
-19491	-18090
5238	2708
-7018	-17752
24153	-4471
-1578	5813
-15768	1963
13954	3250
-625	4729
-6447	978
-2484	7801
-2899	8747
24444	8559
-2714	503
-4933	-14158
-3780	18299
25088	3054
1173	8663
1444	928
2085	-4412
-906	6499
-2324	297
2409	-11800
-688	7602
-9975	14511
-4449	1790
-7269	5460
-1781	-200
-103	1543
-18653	3998
-10302	10328
-5892	1313
-1051	-3435
-2279	8943
-1954	-22018
-1502	10905
-2077	8177
-15640	-3651
-1867	-3224
-4047	-1220
-10060	1235
-2590	3222
12361	-17037
-831	18784
22831	-15068
-6659	7812
4837	11172
-8457	-6641
-4061	4464
-7874	9456
-6369	-3080
16615	11191
-357	-10508
-7715	391
-8420	11952
23601	10866
-8958	5093
24955	-9913
-5354	14848
-17566	-6102
-1945	13268
-2475	6119
23260	9242
705	8863
-7366	6800
398	-1066
14363	4579
-1825	510
-3167	47
-5468	2822
-2937	-9734
862	10972
-4042	14536
-5423	1403
-2077	1355
-3855	9574
128	4249
-622	11772
-1087	-13784
-1606	11754
13702	5682
-1338	-22348
2587	-13897
-1829	-5017
-512	-18732
-9097	-8841
-1042	2943
-7428	-2825
502	10930
-1502	5348
-1865	-9175
-4727	-5589
-5142	-4301
-1748	2645
3297	6015
-1198	-389
-716	4066
-19584	-15677
-290	-4845
25468	-2036
-4474	9665
1343	11902
23854	7480
-6332	3279
-2993	-9437
-2973	6445
-5072	-2715
-4499	7974
-10772	163
-4194	-22186
3864	3708
469	8827
-203	-5745
24818	6549
968	-10977
-5791	-25642
544	-3872
-12412	-9767
-5911	7498
-10206	3254
-8674	12476
-6474	-20461
22697	2574
511	4116
1207	4757
441	-7515
19834	-1390
3027	-11078
-601	-12509
16468	-4446
-8821	7592
-6503	1744
-13468	11245
-15466	10160
12373	2343
-1719	6249
-4980	-4124
-3827	9124
10665	2069
-2056	9521
-3486	15869
-9427	-7135
-5688	5510
-2124	12598
-4332	-17578
-3007	-19410
-2974	8547
-7316	7035
711	7740
-2455	13416
210	-18167
-2542	8589
-714	153
-15252	10927
-736	-5887
-3208	-2344
-9440	-6339
19018	540
2553	-2284
-8479	-12609
-8852	4728
-4658	-21852
2129	9115
-738	6466
-4855	-1091
24408	17953
-1697	6327
-4730	-19233
-1889	-5975
-3012	-1074
-2001	-20289
107	-17571
-204	-2836
-1209	13638
1374	4464
-6658	-13745
25407	10539
-7417	-3790
-7292	-6208
582	-8093
-4329	-20926
23190	7376
-3958	2953
-2197	-14186
18177	10497
-6350	-5663
-9448	-4861
-2553	8826
-1764	4136
-1160	-4950
-2119	6402
971	6269
-1711	-13543
-666	4013
-2935	7356
-4362	7103
-541	8518
-3539	12787
25696	1652
-9569	1396
-1684	1625
-1349	7795
22371	7270
-9516	-7442
21102	-816
-3016	-834
-6436	17884
-2575	771
-2735	-1720
-1979	7021
-3108	-9487
-6927	12620
-2137	1819
691	-12465
1149	-1232
13611	6645
-1606	8941
-2210	11175
-1736	-17254
-6070	8129
23594	5892
-2888	-11546
1547	3475
1795	14279
-6923	-16447
-1956	10360
3955	10135
-4521	-2689
2632	-5488
-1259	2604
-4231	-11135
-7596	-4194
25035	12450
2709	-12083
-4735	-9965
-10279	11513
-8585	9643
-1488	-13624
-1034	12392
21195	-11320
-4707	-2139
-1107	15990
-5003	17567
-7135	10209
-470	-1044
-2243	-10716
-2176	-8682
568	-3675
-13660	-18626
2029	6094
-23522	8399
-1226	-9426
-1790	-59
-4554	-20675
-7653	-6840
-4905	-13848
1291	6882
-2824	-3000
-3501	-7706
-16822	2441
-5240	-18747
-7678	9089
-8880	-8596
21501	-25591
25099	6446
-1084	-1316
-7072	-7540
-3890	1201
-4719	16204
24398	-7593
-5123	12697
-5625	-13830
1561	-3138
23010	7337
-4874	6713
-1204	-11723
24687	2235
-4534	-26560
25841	5435
-2527	4383
-1427	5969
-3857	3539
-7361	-9521
-8325	-5235
28	14018
-3950	-8559
2447	13133
-6232	9827
2795	8079
-8736	-18181
-13242	-13001
-7271	5061
480	-511
-9890	-16156
-9664	2789
-5125	-5716
-2723	90
-2074	-4103
-363	5896
13217	-5331
-3032	-17066
23246	-4948
-3375	-17301
-4900	464
-3261	-3995
1597	1405
-5371	13629
-6764	12255
25744	-19700
962	-5549
11369	6944
-2902	-23059
23672	10337
-604	2163
1012	827
-7673	-11377
463	-4664
23388	-3354
-3086	-2209
-2013	5413
-2123	9207
81	-2642
-1076	-11006
-2004	8362
-2452	-4574
864	9914
-887	9406
6659	16397
25788	407
-3298	-4166
-10287	-25147
-1496	4084
-2561	-12482
2678	1314
92	-3104
-1561	9664
2465	-12891
15199	-29708
-6694	4111
-5087	11267
-2952	-12437
-585	-17144
-1714	1387
-1783	-6325
-8197	87
24096	11571
-1241	-9503
24904	7155
-2169	-10783
25772	-10593
-5614	-15835
-11852	12856
-4504	6301
4728	-239
-3893	-912
-3924	-14033
-9847	2570
-5539	-1951
-5217	9843
-738	-2953
12831	6976
3181	12485
889	-1968
-6190	5186
-675	-14815
17293	4387
19670	-14458
-1446	9338
23999	5747
23870	-8112
-4610	-1555
-8389	4171
-4499	-535
-2154	2426
3086	6260
-2690	-20775
-1767	6684
-5639	1277
-3317	213
-10878	1714
-173	-80
-11685	-990
-142	2812
-827	2277
24826	-613
-6311	8523
-5881	9010
-3057	7494
-2659	-15150
-3913	-4187
-7455	-2244
-2280	3609
2150	-5947
-4390	10983
11783	10890
-11623	4435
-689	-3613
-4721	6650
-5486	11506
24475	-10064
23024	-24567
12070	7420
-3640	-5702
24492	-2217
-1075	-6455
-5307	4102
-2130	-22696
-2586	4705
-6664	-24898
3849	-1744
-9639	-5670
368	-9899
-3638	-29269
24623	9567
-5292	-15570
-4479	12988
-15653	-18503
-1352	15576
-19396	-933
-3344	-4829
1753	67
22781	6451
22557	2078
3807	-781
25334	4073
-2012	3347
-4655	4796
-1851	-12840
3276	950
24773	11181
-2782	3015
-680	8495
-12317	-6789
-2282	3587
2908	-509
-2751	-24113
2954	-9133
-5756	-12564
-2572	415
-1329	7238
22245	4864
-2197	-12952
-8153	-1342
-8662	-19082
-496	-25329
-3832	12674
-1065	-1376
25300	3527
206	-10203
13795	123
30	4207
-12571	11286
2952	-12158
8	-17102
-11126	-17123
24880	-22939
-1976	10901
-3216	442
-3677	10076
-3136	-6471
-4838	4929
5492	-8360
-6492	7126
2311	2741
-4030	6756
-2650	-20803
663	16304
-9385	7520
-2144	11026
-4348	8233
-7300	2205
-6690	-5475
2021	-9213
-2634	665
-14089	2360
167	5235
-12690	10711
-6375	-21113
-13591	3973
-2093	13969
-3890	1603
20811	7183
650	2073
25602	-8400
-20581	-10143
-4638	-4270
-368	2508
-11012	4146
-4884	2520
22815	-8362
15349	3538
-4049	-11205
-1566	-381
681	-8039
-4886	9835
-2583	8531
24085	7907
864	-285
24701	7509
884	-5502
