-16876	1101
-3344	-13927
9961	-8706
7895	17212
3766	-7761
-8934	24946
1703	-2223
18474	9395
-5780	-10108
4636	1878
2078	-11680
6684	24762
2185	10873
-5660	-14362
1306	-1026
-4813	-2634
5987	-8525
14555	4200
6741	-1732
-817	6726
-14635	-9587
11453	1031
-5701	-11833
1305	7879
-472	-3541
20967	23893
-6133	2575
16862	1206
13108	-5289
-2759	-6161
2091	-2299
-2969	2412
4579	17654
-3290	-7742
-6988	-10494
-15591	1968
6129	6054
11697	-4935
-17275	-2105
1328	14872
13538	8366
671	12756
16482	-10625
-3436	-577
-9079	-3157
964	10344
1216	10582
-14823	-15567
-9944	6786
-10239	-20351
-12967	3304
16236	1646
-20743	-20400
23724	-6853
-3758	-17448
-11475	-6723
-10688	-8515
-9547	-7822
30102	20515
16282	20558
-18145	-6570
7334	23957
-9464	-10707
-1694	-3092
1642	-2510
-11283	-14067
-4365	6171
2280	8557
17689	-4821
-20464	-18568
-4136	-3427
-11780	570
11978	-7025
598	2606
-3474	24996
510	-226
-10750	-10873
5678	6453
22167	16507
-1238	-9483
9561	26351
2293	4151
-20268	-4056
-5246	-14324
-755	-3946
-8056	18385
-6329	-4474
-7845	-6067
3829	17943
7941	-14856
-3937	-9674
-14526	2498
4292	5629
-2604	-7372
-8349	-7464
1290	5518
-19430	-5264
22458	6540
7052	1174
434	-3638
20545	1205
-9567	-7032
-1790	9976
199	16715
-5279	4694
-3988	724
-4267	5148
5508	4993
4034	2545
-5289	12057
-6950	-9984
-7681	-1818
-7495	-7127
-18485	-532
-4657	-971
-10465	-1571
-12104	2597
7312	8379
7482	750
-17699	5777
1368	10605
2887	3637
-6522	1805
-19186	-16320
17416	-10555
25853	-6990
11224	-8983
-7761	89
14258	1819
9347	5592
-3880	4216
3760	11153
-19014	4996
-4535	-6404
-7689	1337
6753	3309
18436	9141
-25558	-7706
9314	6982
6681	6119
-3120	4980
-4320	-14097
-8474	5609
8509	323
15272	10755
-502	21868
-18496	-9515
149	-1514
-5901	-8229
663	-603
2829	-13108
12265	3055
3159	-7288
-10519	537
415	23363
-641	3752
16493	17361
-11911	-1635
5873	3163
1913	-1201
-2018	-1418
-3701	-3180
-3823	12109
3846	1500
13537	1849
7608	-15134
-1479	1779
-6655	-8344
13618	2667
8587	18374
15091	-1495
4482	-3510
8807	8413
12451	29487
-4352	-5292
-8337	-6421
21403	3116
-4646	-16181
-6221	-14809
5585	384
994	-10290
11412	-280
2300	4448
-7902	11436
12629	3699
16791	-41
422	-5236
-4084	18525
1547	-8775
-8044	4837
12139	2121
-4128	-3028
20346	-3915
9749	-5444
-6774	-16889
20207	11054
7673	-6591
5343	7234
4773	890
5608	-899
8248	11628
-3905	-464
-8521	12738
-3798	-14677
11801	-2919
8072	-4924
-2014	5580
1095	8301
2074	9143
-13354	21246
2798	-5373
19788	8128
6361	20685
8331	-2169
-15304	-9961
6511	-10093
21203	20859
6788	8697
2554	-3475
-15810	-4556
7862	15014
9199	7863
7988	683
4419	-2985
-4413	20132
-4196	2953
8131	2088
2883	5779
-9583	-6317
-9513	3357
-2512	3232
-7678	-1867
8592	3105
-386	3533
-960	11576
8165	5863
14369	10290
14005	311
16666	8055
9266	-3240
-7956	-12124
7433	4561
-2312	4408
6916	-4830
-2225	12732
2835	3565
1759	-4966
-14145	-11378
-4377	-93
-9563	-493
-2060	516
-5066	-1805
-5457	-20401
-4013	-9950
-11562	-2698
9169	5177
-6383	-14898
1786	-4539
-8153	5210
-6095	-11116
2988	-5731
736	-4197
15150	25462
4220	-5084
9172	5701
17251	15950
3641	231
-1708	-13029
436	1956
11964	-7332
4081	2662
-2442	609
17410	-867
-12667	-6284
8001	17055
8596	13163
5119	-844
-18524	12370
-11552	-13142
681	14378
-3843	-12767
10827	-4132
-2084	-7479
10225	7223
-15587	-8751
-6402	-6652
-627	8146
-12103	-429
12458	-1440
-17099	-3429
5802	12903
-2131	6898
-7086	151
-66	14157
-3088	3049
1823	3063
-3648	10441
1059	-9483
-2128	15164
2836	-11513
-16804	6466
-10244	-7070
10410	9084
-4243	4226
-11487	5049
-7056	2137
6604	10184
13361	-9349
-6158	-19676
10000	-2974
-10453	6301
2480	-3740
11192	-9055
960	18129
-12167	-3715
817	-2549
5407	9492
-16108	813
14648	14837
-4362	-533
5240	16497
1493	1404
1696	2118
-13926	5391
2322	-3446
-3825	13112
2815	-14057
-2691	-7965
-5508	-11572
-1968	-5044
-17975	8494
-1309	-5472
2294	1190
4467	-189
-6455	7229
6321	-1982
7556	3799
16453	455
4531	-10819
-9247	-17253
7772	-9155
7470	-13932
1092	-4242
-12967	7013
17413	-9790
-1614	-1125
-3582	2907
-9110	-20171
-1123	-8453
1769	4691
-1483	-4313
-5907	1558
-11579	-2021
-10754	7004
-11445	-6507
-15647	2565
-4722	4594
-16855	-6986
17056	-3928
2714	-2880
-3186	8912
-2686	6252
-8813	-4290
7500	-3146
11675	-11592
2148	-2919
678	-4486
-7855	-6772
7953	5369
2958	-12387
5862	3948
-236	10471
5962	-4738
-22147	-7915
9895	-5078
8922	5081
-15536	-12406
-3246	29366
-12631	-11301
-7288	-1378
-13404	-5181
-14247	-7124
-2774	9998
-11811	-17174
1158	2684
3314	-11017
-11994	5050
179	-14382
-1197	-3442
4009	-7194
8317	6948
-26229	-10148
-2354	-9281
2135	708
17017	-1524
2175	7233
673	-6017
-5123	-1155
5274	1876
-4968	10504
6914	8718
-1179	3839
-1202	585
-11359	6667
3384	3642
1039	-5729
-497	3478
3726	-14485
9310	4052
-13350	-9771
-12963	7372
3603	16775
10692	-5161
9671	4813
6834	16456
-6639	-7626
-4973	-13569
10870	16822
21159	524
2317	4818
-6436	-12718
-15995	7539
25123	16891
-3719	145
-14224	-17833
20257	2463
-11429	-5203
8062	-3277
9055	-2866
-3460	9019
7720	-4201
6799	-4468
-10236	32
-14125	-14874
7793	1704
-2857	-8000
8503	-10400
19535	-1428
6233	-8113
-3241	17018
4635	14485
9929	-1444
-666	6918
-253	-2190
8812	3920
1741	-9130
6862	-705
1815	839
294	-8846
6781	-7020
542	-1480
15356	-3213
-2880	4071
-12596	-10366
-2563	-2796
3629	-13010
4666	439
1868	-1471
-3682	82
3307	1461
-4155	9153
3071	15902
-1680	20814
4367	17060
-3957	-15655
9898	3905
-23180	-2374
-9997	-15235
-4154	-2756
-7118	-14935
490	33900
-8082	-1294
500	-1143
-2929	2921
1170	18824
8164	-4289
177	-6103
6621	998
4386	1772
-91	-2003
-17973	-16496
5027	-7535
-5494	-5078
12041	-12856
5172	-3816
-2081	-49
-1457	-8307
231	-8245
-23423	-8371
-8091	-9507
8314	5661
-12599	-18547
-5025	-11240
3811	8254
-8201	1684
5696	-4867
5264	-1385
6862	-5363
4707	-3099
-6955	3157
-13461	-16319
2168	12361
-514	1424
11772	11775
387	9255
-10102	-11321
-10934	-4224
-3738	22884
-13777	-18310
23569	-4683
14211	-5050
-5295	8266
3708	1488
3924	12372
-9295	-1956
10753	-4704
15553	23113
-18182	1173
3623	-4741
-3654	-2873
-15605	4466
94	-4668
-3575	-17266
2627	-13495
4645	-548
-14780	-8791
-144	-17029
-2384	-10232
1297	13573
-6126	6575
-7015	-7991
-16655	4006
1232	-3999
-23348	-20369
7523	4819
-166	8870
-1361	3140
6708	-7159
-7300	-19947
-14696	-9111
-4035	22271
8207	19867
11258	4194
-5758	17274
4957	14727
-2672	-426
-16053	-17803
16973	-2855
20512	25584
7657	15330
-17187	-2558
3302	13105
12392	-6313
28866	3393
-7295	-14376
-6699	-77
-10106	14356
-25866	-6597
3780	9725
14954	-4196
-10430	1936
19064	-5467
6059	-2412
2797	14272
-1030	-16360
-9100	-7319
3004	5768
6079	2240
28210	23795
12330	7134
-158	-12299
-1407	2096
-8986	-9013
-3368	-32
3088	2839
-7220	2958
4351	-12886
-14371	1095
-6548	-3223
-12584	-8494
205	-1172
16300	5470
-20237	-8794
-22977	-17496
13604	-1279
1879	-742
-73	-1894
-13776	-16065
3050	5505
13604	10727
-7009	10022
-9077	4226
-20230	-20305
-981	-4405
-12028	-3725
14195	4381
-22418	-17558
-6528	9123
19046	10191
6793	4145
-9023	-4929
-1604	342
-16805	-17896
15585	5657
7403	327
6922	-19336
-3851	4885
-62	-12598
6296	1745
1705	78
-3641	-15408
5086	-15295
-1925	8927
-11484	5684
-4450	2320
-3556	-3714
-9541	-2964
15018	8773
15347	3544
-18441	-18745
-10002	-10664
5324	-14982
-14794	-13973
6136	7407
-6963	-3509
-3077	1625
-5516	-14509
11700	-1995
7426	2658
4400	-9731
-1038	-8261
10586	9279
2284	6231
19144	-16076
6873	3697
7173	9841
-8165	689
-11141	-12802
10681	-5326
-6065	9820
2036	12119
9896	8859
-12896	10378
-16652	-2684
11024	13063
5058	2538
2290	4085
-13199	-15445
993	2809
397	-2782
3246	-16359
19795	10856
6599	-16951
-7694	-10305
7707	-350
9167	7443
501	1012
-7399	1694
14108	-2357
12132	-1347
-14034	-2627
-2128	16341
14577	-4535
9909	12366
543	19913
-15908	-11228
13189	7797
7227	-16672
-14660	-15920
-4855	4575
-8122	-8387
-12665	10209
-2095	2899
-13735	4682
-9269	-5879
-1301	3753
-7320	-5309
3574	-1550
28909	-2211
6840	-2552
-2628	-2265
5687	771
11525	-10797
-1913	-17292
19356	11628
2583	1464
7426	-12306
-19125	-6226
8021	-12989
10079	-4248
-4092	-4689
-7137	-1330
-4889	-3143
-5711	-7186
-3038	-1548
4422	-9973
1288	9292
-9557	7882
9800	-11808
-12060	-5727
4530	-2434
2959	-5758
-10798	12612
8608	23257
-6320	13219
-5157	1603
-19439	-7184
-13057	-15830
-8166	-4636
-11353	-5461
6388	11180
6162	-2694
-2547	-11551
11865	2616
1193	4907
-6811	-2182
-16131	17746
10943	-3301
-3076	-327
6002	-5888
-4701	4574
8769	11942
-989	1508
-800	-949
-11242	1654
-2026	-14635
1205	-3041
8063	10845
4895	7419
-5526	9185
2161	-5399
19123	15760
-10924	-8285
-6722	7747
6732	11748
10615	-2003
19080	-12209
3054	151
2535	5212
499	9365
-5635	-1566
6394	-10927
-4444	-5828
-9421	-19483
17610	526
-9249	11896
-6512	2471
-6323	13911
5399	-3070
-956	-5203
1931	-8430
3206	2157
-22828	-12959
2698	10532
5325	9555
-10289	13623
-2268	-10103
1260	-4199
3487	2373
9364	8430
1393	1002
-6032	-4548
5829	-4077
-1444	-16169
-11613	-4379
4236	-14135
15635	7960
-17763	-3963
11173	1466
-9152	10692
6721	16283
22940	16707
1413	-6713
-6850	-8412
-6672	-12308
5048	10086
-14136	-10841
4256	2683
2952	-5034
3143	8061
18615	20118
9040	-2181
12371	15649
-682	-14355
-2826	-10640
1653	-13050
1672	7742
-12299	-2384
-10721	-16775
5537	1885
3015	8405
7904	4668
-11202	-13200
4913	-10276
-3594	-5821
481	11476
11355	4859
-3939	7010
15631	18216
-13875	-13960
995	-9384
211	-2647
-9886	-2061
11732	-513
37	-9606
-10146	-7736
-13799	-1099
-13037	-11301
6112	14109
-838	-5927
-18920	-6551
-2003	-3400
7815	-18830
15597	5430
19853	6842
15350	4348
4209	-977
-2403	2310
-16269	-15103
-21640	20142
-2977	4351
8087	34275
-14498	6990
11344	-4439
21221	6516
8210	-2494
6277	460
3261	-6167
-5782	7306
3733	26450
-5201	12008
1576	-1626
-7423	17289
-19475	-4355
3119	7534
7075	-801
-12291	-6503
-693	-10805
7700	17270
-5446	642
6010	-8348
-13206	1808
-1430	-15393
9689	-1826
-689	-6378
12054	8335
-10534	-2621
-8219	1218
-972	8034
-944	-3560
-12058	-15003
15719	14662
-18693	-641
1481	9212
-3968	1735
-11185	-962
5831	-9364
-7475	3629
-1593	-5372
4411	1338
-13740	2837
-2756	8753
-2814	-14474
6369	-4978
18691	11998
6601	-1329
-6559	-942
-7638	-5301
12666	-565
22964	-5626
2141	-4035
4147	988
-22851	-1999
2136	-1189
-5300	-3318
-5742	-8367
-1192	-8455
12991	5708
-7064	-10608
-4218	-4371
1653	2597
7492	-1943
8263	-6009
8600	18656
-5231	-1866
-22925	-2102
-12857	2412
-8124	13260
-1008	-350
-2887	-622
3554	-1557
1370	-2791
3409	-4884
2901	-3790
-6469	-3084
5323	7
-13519	-20444
-7283	-3137
5747	-2860
-2546	-487
5851	20890
-24467	-2065
-4541	-5640
5158	-7914
-2285	9492
-3569	-15843
-2133	615
9158	13382
-9309	11863
8299	-7535
-3484	731
18575	10426
-5927	-5691
10711	9812
1539	-4606
6009	-5060
8793	-12075
279	-3878
-3019	8760
2218	-4754
13596	1941
2619	29016
779	14071
12272	520
-7332	-20205
2446	-5530
-9918	-6486
-1331	3631
-15038	-4788
-9236	-15512
6445	-20080
8570	-12084
7402	-13413
7556	-3659
7664	17308
-9271	-12595
529	-4206
-11638	6367
813	12039
5662	14598
4768	28460
3816	4288
-9803	9269
-3873	12550
-13507	3607
1389	-9460
-9050	-10668
-1581	-2815
5654	10974
11498	-8632
19268	5944
6127	-2469
7730	-1119
4725	19512
4421	12165
22405	8629
-233	-1677
-689	7558
8911	11713
-14469	-16409
-20167	-5020
2591	1050
13334	5973
-5181	-9115
-4493	-430
-8223	5762
-681	2201
3906	12076
250	140
2697	32532
2328	3084
19594	23979
16313	-7094
11169	5478
-2991	11029
2444	-7924
6145	11299
-3688	-3100
1269	-2293
-18523	3502
-1209	7464
1631	-2153
856	9980
14615	7269
4628	936
6191	-1518
-7614	-1277
-5650	5579
1735	-3832
1403	13941
-3457	-3709
-9915	-4587
-248	7653
-4948	-7914
27175	4717
-6843	-9537
-7878	-10420
-11082	-6620
-2715	-821
-4925	20517
26368	20711
3396	1002
-4872	-9179
495	-5929
19576	-156
3323	-15026
-1792	12064
1878	679
-22103	-6811
3051	880
4593	-17440
9080	2700
-2722	2476
6187	-6132
10330	4862
-5859	-3164
-6226	5840
-7542	8070
-4330	-13409
6175	8022
-1133	-12907
1541	2826
20278	-1108
14496	-5418
-5652	16224
7063	-1108
19676	-4906
-7707	18924
3212	2926
18524	-5515
-4279	5855
1782	142
5603	1350
-12694	-3882
-3724	-16289
-12535	1329
1866	-12805
-3746	-5894
-2144	-5134
-3770	21454
6043	-14299
15997	9184
12278	8631
-17417	-9264
-10326	8159
15145	-836
7965	10708
-11886	8768
-16821	-3244
2937	-6542
-10800	-9169
-3753	43
9939	-101
-62	13487
716	4564
-8549	-12674
10624	13054
-11624	-6989
8471	11817
13312	-8426
-3501	-3259
9466	-421
-565	-1160
-23539	-6249
-5	3293
23515	-9806
887	-18599
-7485	-20439
-15422	-7393
-16804	-8379
2436	-3715
-13223	-6290
-4893	-3068
7463	-2194
-1200	329
5392	12950
-6091	9403
8738	17932
-2772	3871
19796	-8789
18245	-5663
2393	11218
-12938	-2470
-10148	-10644
11073	-1024
22139	5825
-17829	-5226
-210	10484
4731	-9076
-18959	-10424
-720	5434
-4537	23579
1284	13075
2656	-4011
-306	-2456
-6798	-1752
2598	-8467
-2084	8203
7842	2507
12198	557
-18331	-1405
-10434	-4304
-17210	923
4973	3494
-7754	3851
10085	-3321
-4221	-1749
-3979	-13200
-875	3176
15116	-4891
18416	13504
10943	-1232
-11090	-19705
-766	-4079
-4511	-15950
-8926	-1024
11134	-11563
9411	23686
-256	-3169
-8194	-10471
11196	-1790
-4313	2486
-11976	-14924
8655	-9881
13628	-8794
-6883	-12760
13191	1934
3127	869
22787	373
-118	-594
-17969	-3050
-2584	-5122
-19429	-9700
11835	3171
2927	-12520
1888	1884
-5849	12335
2044	-4654
-1284	3572
-2802	3341
-4146	-11879
3344	-7661
8935	2428
7211	-3539
8844	3909
-6559	-14347
7379	-6976
-10774	5644
-480	15227
1377	-1066
10684	3477
10259	-13574
6214	24825
8133	-5114
-14184	-10528
1313	-12069
-27295	-14277
15804	-114
4823	7588
-7424	1682
3377	5762
-2069	-9958
6035	-11815
-1136	-1237
-1228	-15461
-2017	-711
5254	-6000
6487	3218
1348	18522
1944	1623
-667	24212
4185	-5398
-5929	-4998
2954	-8525
1185	6114
6902	-3830
11593	-3158
1422	-1739
355	-7448
-16290	-3274
-20669	-6249
-2237	-596
-6855	-373
-21751	-12794
5913	9918
679	-7506
-7024	11359
21911	9899
2389	-2428
1637	-2544
-12648	-5744
-567	-10915
-12719	37
18311	916
-4309	-11767
-14419	-8135
18567	726
-7565	-1298
-10941	-12268
-21554	-10548
-14644	16504
-4737	2276
-17603	-6980
17805	2180
-12712	-2322
-12736	-514
4272	-5192
18255	412
-8595	-1643
3261	10390
5341	-14452
16974	13281
-18515	34378
-16803	-8477
-4501	-12166
-24642	-1015
2556	20718
14196	7863
3959	6811
18528	6597
259	3717
4485	18277
-3300	7960
-6201	-5775
-1780	5483
207	24253
1196	-5239
4836	-8212
-7276	-10151
12674	20000
-19714	2268
3118	5457
105	5459
529	-3445
-8261	-19622
-3088	-12402
-6681	2453
-1473	13732
4567	10738
768	-15692
-19354	-2876
1437	-569
9604	11420
5980	-8512
-13034	25155
-9150	-1888
-19179	-13704
11698	7616
11123	6103
-11909	4256
9575	-7068
-7462	1226
4250	6040
12225	12637
-11359	-15113
7543	2930
-3121	-4063
-2213	-13216
2225	16010
-15962	-12716
2909	-4017
11540	1333
493	-15600
5010	-15363
-2991	13156
-17954	-326
1313	-11471
-21565	8961
-13570	10833
-1806	-3479
-2138	-2037
-12758	-9747
14708	-5903
-1376	19970
-15705	-2282
-529	-9951
-12617	3592
2027	5443
21263	11254
-3185	286
-5212	-3505
-12654	-9578
-12260	-9229
9617	12209
10634	19870
-8813	-14569
-278	1622
-15674	3981
728	6346
3089	1022
-5880	-9474
3960	9481
-21375	4188
-10299	4634
-6609	-4565
-433	-9312
-5571	-5324
-986	-1402
746	5722
-1606	15318
3823	-11009
9603	5448
-7553	5837
-5689	8006
-6045	2280
-6191	-4310
3305	-8197
-15496	-4760
-5787	-9494
3133	-10821
10853	-7662
-3309	-8929
5820	-2533
-13477	-10127
-8894	-8552
-10202	-7672
17913	-4730
5417	6983
4368	29086
185	-8487
-1127	1778
514	3605
-1463	-5614
3146	1755
-5839	4739
-14732	-8912
6838	10539
-11066	-9347
-13146	-17459
1619	-203
7175	-7116
-26403	2574
14029	2999
-9398	-10300
-5543	3162
4825	-10878
12692	699
-16893	-14811
-30453	3391
-2690	12387
8855	19013
9709	-8644
-19808	-5113
2181	-10320
-11113	-14728
8441	3180
9020	10965
17071	540
12013	5795
6528	1642
-2404	14511
14098	5945
5804	2304
-3583	-9941
12292	2834
20463	16561
-2744	5385
14781	20374
12384	-7537
2590	4262
-8668	12024
2031	-9026
-8074	15818
-464	-16976
19851	10677
-3344	3765
-11080	-6501
-5356	-11199
13126	7307
-9624	-8639
3916	1527
-12840	-15738
-8111	-4384
1741	-18535
-17519	-19670
-2992	8424
1269	-3289
-1325	-6040
11053	1458
16069	4218
-3486	-2274
-16157	-13020
-13288	-2419
740	-6333
-12925	-10025
-7195	3094
8643	7873
6934	-12039
9792	-5608
-26565	20243
47	1265
-8247	-1578
4122	-6589
-8698	-15449
-20458	28652
-15748	945
-3629	7775
-2361	1426
-13678	-1562
2351	-7930
-209	4470
20659	-12130
-15776	-7614
-2186	4474
3736	3258
11991	-1665
7852	-16272
30141	4926
2306	-2098
-21017	-9400
4637	10062
5773	15814
-1735	-10029
31	-2454
-2906	-6895
10284	-2456
16281	256
4122	-645
-1398	885
-617	23986
-5547	-6350
9451	-7588
-8786	13024
11892	6511
10117	1648
8122	5645
3657	-3307
7690	-4771
6558	-7383
9016	-7455
-16116	-15102
-642	5597
3810	-1951
-8592	21700
-1520	3962
9342	-12995
-10290	45
-8813	9307
-10489	-10952
-9171	-13563
3697	5350
14566	8914
-9144	610
11347	8793
-7354	-5671
6495	2457
-23234	1472
8675	-6081
13730	22738
-7585	-3295
13986	6864
4883	15600
1475	234
-12923	1514
3797	10931
3310	-4969
10864	-157
-10980	-2866
-1797	-5144
19	-13408
-5334	7759
7398	-3445
-3586	1061
3511	4011
4372	8729
-4840	-11028
5022	14598
9222	16807
-9469	-13211
-20234	-14411
-4253	-2463
-3944	-1319
-2680	-1432
-1614	-12909
-16485	4257
-4593	-5168
8494	3205
7392	8
3016	-11963
-4743	-1819
-13938	10431
-897	-7495
1188	-8178
-3450	1034
1974	-3635
-8489	791
13393	8194
36775	25374
6959	-8287
13049	6091
690	-10476
-1932	-7924
-9525	1633
-4359	-9815
2541	-3959
44	14397
8670	668
-5557	-465
4080	-208
27889	11726
9028	-3840
-10133	-5296
5001	6166
-11250	-8828
7787	22446
2952	13649
-13375	-11046
-1382	-9112
15152	536
-944	8468
-1138	-283
-5108	-11449
9901	8281
-12296	-10098
17746	10735
-8261	9530
-19796	-11657
-11145	14336
16270	2091
1084	-12681
17393	16438
1435	5628
-5327	13976
4474	1014
-2603	3875
3249	-15109
-4488	8091
-442	15138
7617	-691
-11703	-33
-7189	3717
3228	11895
8051	-1813
3101	-4782
11951	-5581
-2543	-3513
8174	11143
-13249	2404
19463	-27
-12204	-2713
-2804	-3254
10028	15421
8903	7044
-3322	-3554
16500	-6196
-7032	-9640
-4065	8922
-1190	2469
-353	9274
19437	13094
1554	-4540
10694	3005
3821	9401
-13270	-4358
-2772	-6520
2128	-6428
-6851	-7582
3894	-14912
-2676	-11544
184	37268
-7292	-12924
11001	12574
8363	-18168
-5532	9505
-1656	8591
-3954	3095
11698	11624
12359	3082
-7458	-12838
-2309	-531
8530	6303
10959	4930
-18078	-14568
6716	13423
1129	13711
-4725	-13814
-10527	3854
-8765	2666
11882	17470
7166	16440
-5735	-1100
-11726	-12955
-9336	-18843
-9070	543
3425	-5084
22594	-5676
-9311	-14297
-8735	8805
-8275	-19893
7808	-5738
-3504	5794
5827	-11881
-23749	-3891
5053	2188
3824	-856
12240	6690
258	-9313
-7217	14942
1819	-6363
-8333	-3169
-5752	6234
1238	-13187
-5708	-4844
26287	21060
-23090	-18298
-5898	-585
3368	-11113
16434	7396
-4761	890
4114	-9514
6987	5380
16329	-3146
9193	2374
-4770	1804
6532	4148
4391	1588
-7534	-306
-3171	-8940
4680	6538
24600	828
11154	15201
11	-4931
2396	-6810
-17673	-9633
1431	-3297
-12290	-9641
-6381	-19355
10990	-370
-1371	9848
-8365	-13171
-2589	2874
-3446	-4711
-5592	-11094
936	1416
-19648	-14645
-104	12238
-15911	4176
-16064	-15607
12963	12324
-4893	-437
8325	11030
-13103	5446
-62	16901
8170	13828
-9579	-5761
-2749	312
5001	-2730
-11091	1280
8129	-19019
19574	15766
18696	5673
-494	-3481
-7011	145
-3391	-8680
5079	-1773
5943	7544
-12601	-1521
-17685	-13797
-12274	-17195
-10664	6539
-7531	-8071
-149	-2897
10034	-17625
-7598	-5099
-10154	-12883
8716	-748
-11666	-7785
9512	-9563
10909	17386
-3431	-7047
17045	6952
-15926	-5228
-230	-3172
-10508	4329
1802	-16507
-9454	-5095
-6290	-3627
5026	-4939
9676	12088
-17664	-12027
3219	4664
-4146	-12307
8351	6467
-2339	-51
-21511	-20359
5081	4226
-14163	-5194
18962	10912
11141	8983
-6791	11966
-2833	-9689
5935	6444
8275	-3620
936	1614
6340	6935
3045	-2604
-16070	-7655
24797	-4165
-14579	-4726
18273	2139
16033	2127
-7760	-3350
12556	4782
-10808	-5759
12270	8155
4433	7076
-13766	-5538
-14482	-8259
18516	3159
19740	13571
15128	-7016
-21043	-11402
-11512	288
16400	775
-11217	-1467
-11797	3368
211	-6647
5677	3253
-1626	8627
-2853	-4254
-7156	-4620
22113	15220
8429	22894
-3730	6065
12798	25017
5339	-2940
3468	-15524
15630	14755
-4474	-6647
7698	-382
-16083	3459
-1116	-10088
5182	-6267
10846	10437
-10885	1188
3722	-7168
-7661	-6267
-498	15025
-1890	11227
-13249	851
-3653	6116
2290	-16642
1756	17134
284	11353
-2765	-9145
-4312	17636
6846	17859
-1666	-11615
-8687	3611
-22916	-15311
-11703	1403
1820	15287
1191	8649
2869	-488
5813	-5595
10575	-2192
1262	-7410
-2317	1730
-2538	-6054
13697	-3156
-91	2610
-9208	-12845
-8277	-4576
-8893	-7450
-8775	-3922
-8443	-3193
4642	-9771
4501	-5351
4649	2761
-15241	-10270
48	5537
-9982	944
8578	20458
6272	1098
18690	6502
8068	9720
8083	-9646
-8481	-6252
11943	24515
-5666	-3164
-5131	-10377
8281	2197
2622	20486
-6526	-14727
19752	15970
-4998	7775
-19443	-4345
-19411	4677
-7720	-2396
13626	-1583
-4583	4948
23833	3109
6247	-430
10642	927
-4019	24509
-6041	7319
-2549	-10801
16222	2922
6860	-5379
2990	-5851
7652	-7504
11549	4821
-1139	-11388
111	6236
16056	3256
9796	-6283
-3292	14868
-9479	-1677
-6219	-2762
1073	3971
-17864	389
-9258	-2840
-8328	-3911
704	-14820
-2731	22114
6072	1549
-5284	-8903
5007	18695
5872	3504
-887	-7604
-4478	-17139
5105	12377
-6712	-12189
-1968	-445
-12572	2998
18164	712
-1500	-12830
2009	4676
-331	-3045
2072	8388
-3034	-3939
-527	12812
13168	7101
-748	-7537
6536	-12478
-10042	-7618
-7542	-1924
-7703	-9231
-360	4968
-9110	-7260
5916	-10786
483	17580
10037	7766
-11947	-16402
17092	13198
12503	16169
-8467	-569
-7486	-13589
10686	7951
1430	6531
2521	9875
8909	-3371
4618	-15195
-547	1586
-3518	-7712
4249	-4850
-7372	9800
6318	-1267
-9512	-16502
10219	20006
-3974	-4238
12907	-7617
-14440	6387
5453	4383
5374	-1197
993	-2258
-7613	-6787
7394	21006
-14179	5655
-1085	-4391
-23830	-12912
-11654	14859
-3907	-12019
23	-12406
1913	442
1561	6118
2517	-15034
-2690	-5721
4077	-4436
-4625	-11041
8775	10947
-12434	7759
9829	4507
11199	-5107
-1028	-5468
2626	-4499
6884	-708
5676	-14910
-7476	-6515
-9572	717
3955	2454
-903	-11460
12140	1891
-8271	-9893
974	-5909
10561	-3882
-3907	-13205
400	-13773
10235	1189
-1304	1041
-2705	3312
-17569	-10866
-736	10208
3519	-18225
-22221	9531
3602	-10677
3298	-6763
-11594	2612
5552	-10260
-973	4278
544	17573
-11443	-16346
-6145	-12189
22155	-6220
-4893	-5702
667	18546
-7669	10608
-6889	-2388
-4552	-6104
-7779	-2376
-2636	-3892
8390	-15260
-1798	552
18387	6522
4362	27166
-10360	-13662
8265	7585
9663	-14730
13002	-14805
-15651	4448
3070	-8550
2820	-5992
3703	1514
-7695	3446
1663	-1128
9990	-15749
-12202	-17294
10904	9335
15675	7087
-26284	-16501
20272	6738
-2887	-12279
-10796	16355
-11745	11154
-12576	-7042
6882	5844
-3391	-12843
-8865	8237
-4220	-7373
-3427	2377
9752	8053
-10363	-5597
-3951	-2965
7100	569
7068	6847
15315	13207
8393	-9543
-5407	-4015
-13580	-5168
4561	-1404
-4120	-6891
-6989	-2061
7201	-11773
-6011	4779
-5202	-4336
18385	6860
-3465	-9526
-14220	-19844
-17434	-13590
2537	-1228
-1802	-2019
12942	26994
8440	-1123
-2777	-4454
-6787	-2273
-17517	-9161
16253	7396
6632	-2223
4403	6274
16744	2693
-6868	-3881
-1222	-5185
-11166	-15050
13211	2775
2536	-1069
9329	-13958
7842	-2555
-8003	-6428
-11043	-11513
3945	6581
-4380	-1715
-8861	-5490
-2859	-10895
4288	-5824
-734	-18019
-18071	986
16139	610
-16525	-13443
-1054	-12594
585	-5740
-1908	2881
-3697	-3377
-3738	11626
5939	-1626
-12676	-8415
20824	12195
13602	1445
17608	1718
-13004	-13969
-1707	-8948
-6668	3395
-10776	2472
-10822	-5320
-8953	-2964
4254	54
-10563	-239
-14691	7247
-18320	-11038
15116	-5385
-2617	-1607
-8339	10192
-2995	-4452
23064	-4225
-6368	5460
3456	-13583
-11255	-4730
6015	15693
-8444	-4957
9673	-8242
-21128	8288
-1997	-17210
6223	3564
-1006	-1887
14578	-14346
23984	-6889
958	-17323
11362	9819
17247	10409
-4760	-13934
8272	-2143
-7376	-253
14394	-9189
10801	-238
-3885	-16838
-24726	429
837	-4881
-11105	8973
-6572	-3564
-4106	-1316
2468	-9362
21641	7383
4366	-10960
2689	113
-10699	-2306
8823	-3650
-1607	-10868
-8390	-5491
-9425	-6701
6024	1907
3969	6191
5838	-3894
1376	-7264
5354	-10455
17860	17205
-2945	4414
5990	-12792
5877	-10019
-510	8435
4402	-8719
-7640	-7978
-8545	-1044
-6305	1079
626	-5821
-25249	-1199
6894	6517
-879	7181
-12352	11376
-2704	6896
21524	21161
-1766	708
17268	-2383
-23128	-17625
-1370	-7047
1798	-8846
10634	-576
18996	12575
9409	-10341
15323	-101
-2262	23739
6567	9080
1235	-3740
7580	5549
10299	21528
-3214	-14314
167	-2279
-5493	11317
3506	-13946
-21	5082
-10644	-841
7623	9894
-8117	-45
-18078	-9108
-1804	23411
-4810	-10312
12406	15677
-2616	5352
17278	-317
-23194	-7444
-4716	-13547
-4266	-10053
1600	-13947
2846	20358
1655	-3424
4389	-4709
-9154	1158
-7795	-5191
-6831	-13124
-17313	-2676
1004	-3182
-17630	1098
-2690	-6457
-3091	22634
11327	10089
-3107	-596
-479	9115
-10314	8300
-7894	3505
-9295	-18692
-25773	2162
12214	10194
-5070	-3035
2464	-2196
5361	-6665
-17613	-5265
19210	-4600
6495	14838
7160	14439
-2045	-8992
9814	560
-18132	-5157
-18680	-10589
11430	-3304
-12523	2145
12262	53
-15087	17447
1168	5268
3324	-3031
-18694	-14003
-1614	-6845
4693	13148
-1480	9058
-1142	9169
-11970	-10520
9876	10205
-1773	6963
-6007	10704
6144	-9083
-8695	-6124
16382	8444
16991	18655
4864	11327
4889	9483
2426	-10413
-4507	4282
13992	2394
719	-3158
2150	3238
-10504	-1599
5335	-4282
-6528	-3870
-21137	-11283
-9628	278
-2683	-16327
-12843	-2023
-10394	2833
11914	-8574
-275	6203
-9493	13107
1529	8316
4090	12697
-15644	-19887
-109	-14096
-6489	-166
-8758	-6858
-5763	9121
16377	9115
-6627	1173
-12590	-6600
-10576	-18443
-10775	1576
3948	-11755
9524	-4176
-5810	2571
-5739	-8224
-17914	7446
2233	1941
-18684	581
-7655	-11874
5175	8239
-3311	-5060
4277	-10097
5321	-7046
-3507	9317
24378	11534
-3063	-17934
-8538	13311
-12985	-606
-416	-5819
2342	3417
10100	-3611
-3298	-15326
6700	7914
-5809	-3233
-4323	-6599
7249	8048
3735	-12304
4919	10991
-16041	6736
-3486	-20003
-18134	-3716
-7119	-10298
-5752	6576
-2197	2709
-12811	-7508
-12336	-16515
-1903	5614
-7581	-13176
-9711	-11879
4700	-11349
-940	-7076
10647	-6818
-6384	7780
17004	3874
-9266	15413
-6479	1542
-10729	17810
-891	-6763
-13679	-971
-13398	3039
1453	6058
-14595	7568
7836	-3518
5322	5264
14302	-10893
5866	-5491
5574	-1499
6786	10047
-4592	-3262
-9656	-8477
-2283	-8943
-13655	-1257
10134	-4156
2061	-320
-2221	-19428
10183	9785
1907	2762
3205	11308
12368	14927
6122	-17279
-11681	16264
-3113	5421
15999	-10672
12544	-4294
5580	5287
7142	7133
10689	1684
1529	18660
-4051	15505
-10747	1472
-5358	3606
2313	17821
20108	15001
1766	18
-2455	4644
-3218	-10841
7030	2386
-8069	-4612
2262	5889
-1578	-2950
-13974	-11865
22112	17636
-12319	9583
-7312	-3738
17475	-4881
-5880	-4216
6737	2708
-2633	-11222
-5957	3007
-6493	-2713
21545	-2919
23675	17124
-4588	-449
23404	4799
-11539	-17470
-17256	-7733
-8307	-9426
10973	-5457
-1670	-6963
-3291	-4702
-9603	1472
18920	-3059
-9100	-6240
-20385	4162
-3119	-8770
-1666	-14470
12186	6928
4168	-5018
19586	-8190
-7276	-6558
1186	13817
-20807	-17145
-6520	11828
-5308	-7859
-5146	-10178
11916	633
-8540	-19740
-178	-2776
15717	1897
-196	3685
-5073	804
-7695	-12319
3685	1621
-363	-18932
-19041	-14917
-11046	545
8685	9752
-3430	9631
17398	18654
4413	13008
236	-5401
-12204	-2481
12566	-4489
-11855	7711
5036	-6540
10965	9463
-3685	-771
-6916	-9180
-5107	8550
-6039	162
3996	-3702
-3726	-6704
4756	-14481
-2112	-17106
3189	10019
-11700	-10254
-30	2616
22280	-1580
-138	-14704
1540	2846
-3253	8257
-4729	2065
-8776	-5798
2306	-7615
-2133	-1205
-12803	-2142
-10709	9065
13117	1443
14921	7483
10810	15039
10799	-1724
-5909	-4552
-6551	5067
13679	-12958
-16923	-8582
3058	5528
-5888	-20450
-10414	6601
5676	-5416
3544	21515
-24763	3761
-13939	3303
-1408	-713
5367	9239
33690	3872
-1563	10875
-2574	-12836
-11990	2337
6349	6476
-15532	-5990
2414	-4052
-7881	-13261
-6566	-906
-11454	-9301
-10275	-20417
2956	4492
-6007	13030
-7495	-14570
13939	-4364
4261	-844
11087	-10572
-8677	-16093
18613	4822
8233	-9755
11433	19314
-20887	1073
-6823	-12573
9050	-12597
-823	-4716
-10050	-4353
-288	2337
-11089	-19422
-7776	-5712
-12409	-13911
-8119	-4146
-704	-5609
-2411	-1210
-5376	10376
-16690	-3300
-9723	-2575
15845	20695
3706	-9882
-1281	607
16617	1854
7331	-9296
11648	-447
20451	14459
12951	-4483
-4606	8516
-19274	2019
4498	-8971
19495	16885
1142	7604
4552	-3409
11223	-11316
-23436	-3974
-3038	-6490
-5646	-8593
-6273	-157
-9740	-3262
4783	-10147
1351	1587
-831	-19919
344	1637
16205	7305
5423	-8587
-20762	-11477
8206	12243
496	1542
-8416	-13169
1905	-928
-16400	-9817
-3205	3853
-10217	2981
-1614	35
12242	-3791
-8012	-5001
-126	-4978
-12200	-443
-3100	-18483
9238	-6093
-4485	1233
-588	12993
1673	16067
-5832	-7936
20985	10603
8352	-4842
2354	11169
3753	5567
12205	10849
-6156	3351
-12266	349
2802	9039
4120	864
10326	15482
24299	-3940
-9281	5666
-11885	11900
-4161	8790
15446	11089
-2492	-16094
6393	-5092
-5647	-13035
1964	-10577
2063	-4596
-5452	-4392
-9405	8781
5329	1653
-10957	-13333
6626	-8059
15774	4914
2601	-11879
-28017	11703
-3771	-2800
19934	4081
-7071	3927
-1180	-4421
-11773	1074
-13342	-10469
3382	-1665
-720	-9397
5106	12549
-8991	770
-10421	-4030
-13175	-7972
-14198	10691
5046	11597
16954	2840
-8080	-3497
-1844	38700
-1354	8228
-6351	4002
23702	6850
-11510	20069
-9651	-5930
782	-14120
13661	1076
-6666	-17976
10107	17618
-1587	-1181
-24419	-14752
11902	-3959
5330	-8851
-10654	-11086
-9924	8295
4742	-8940
-13643	-10700
8808	-12724
586	-9632
11680	-2940
325	-10785
13915	8595
2066	-4877
5192	263
10075	-14672
15431	-3978
3474	2983
-4185	-12515
-509	-3906
-4738	-11898
8719	-7525
-3404	9028
-4554	8577
2156	5350
-2680	-14742
-4132	2826
-5501	-4900
3092	17490
-8427	-17175
-17553	10901
5332	-5263
-14622	-6342
719	10023
1889	7774
-3876	-6633
-13709	4936
4705	-2399
9916	19345
15136	3743
-3397	-2527
7691	13143
2987	7871
-20509	8953
7085	-1442
12853	-2052
5531	-11236
2758	-11533
-3756	-7079
18157	-11923
-6416	-11088
7626	-12106
-18754	-10562
18231	14927
-5234	15087
14383	-9915
-14470	-2429
-11442	10103
-12160	12186
13921	6859
9755	-270
12296	12403
-4766	301
-12562	30391
-19981	1257
7347	1045
-16150	-13214
8753	-5680
6462	11982
-4864	-1373
-7815	-4053
-20961	-8035
-3223	5781
391	-3314
487	5812
-22370	7344
-2675	14579
3534	3070
-1071	9513
-4815	-15119
-21611	-18184
5067	-4065
-3966	-3451
-4271	-6997
1764	1538
1495	-725
20985	15125
-2091	4901
6213	13454
-4053	-1788
-240	13609
-7721	-11852
1486	1589
-8481	-3699
10094	-2302
-15961	-2193
-4536	-14881
-13546	-4758
10928	300
5252	14534
-8084	-12243
-14304	-2525
-1039	12061
7835	2344
206	-7705
14882	920
22490	-2684
-3145	-2699
678	-2145
9169	26265
2972	7647
14363	2654
-22345	-11695
-1566	12494
-9470	-15657
-4312	-8070
-13920	-15335
13187	17304
-4649	703
12812	12723
-11539	-9909
-1579	5026
-7973	-1140
-5540	-16910
-11542	-3287
12963	-4290
-4420	-917
20007	3695
-8165	-182
1075	725
5622	-4178
6809	-11927
-9181	1041
-8640	-7530
10819	12482
-10483	10042
-2055	6952
8383	-9221
16582	8740
-19400	27755
-15055	2302
17856	37550
-3392	-10130
-4769	-16496
13523	31088
-4779	-2009
1547	-1005
128	-17572
12455	6478
11249	-4471
-12788	-6004
1035	-18546
-14237	-5329
-2176	-5570
7585	-6308
8916	13695
-4981	-983
-7745	-13321
-8904	-7347
-22597	-2350
8198	3958
-7411	183
-2360	-6721
8650	-1885
13288	8100
1388	6245
6805	1613
9202	7837
3762	7626
24171	6494
-8813	3447
-9716	-9246
-1758	-13423
4105	3978
-11224	-2093
23002	-697
8665	962
7522	-3951
1648	-8467
193	-10077
-472	1706
17	7841
-10176	-17481
2833	20626
-6736	5617
-12176	-7235
-1665	2904
-1518	-10888
15621	-9491
-6781	-8263
-4633	4861
-1615	-427
-20668	596
9395	10860
-4524	17352
-15808	-1661
-4164	8833
7256	-17833
4959	-3775
12944	-2170
-624	-4270
18828	13095
-12819	-6059
2829	11489
7531	16786
-10626	1745
-99	-6568
3624	-12937
2674	-5185
-12780	-9188
-3642	8401
-9815	-4030
1312	15368
-303	-8888
928	2382
-12016	11256
8493	-8490
-5439	15194
-3091	343
-8762	9875
-11522	4371
6284	16568
6546	-9859
10938	3468
-5178	-17156
2801	-1662
15961	-17215
-6963	-2393
-10010	-13499
7661	15747
156	-5801
6814	-12209
9230	2587
-5396	-12237
14895	18598
2217	8169
-136	7186
-15030	-6814
-11054	-16180
-7423	4317
12246	1980
-5276	5536
-4440	-639
-871	5839
-6604	-7007
5967	6901
-611	3945
359	-10699
-4995	1604
8096	-1562
4860	17209
10557	15662
-3505	2696
-2421	-10799
-3716	-15503
5634	11910
-6018	-7403
-225	6398
1882	-12156
266	-3205
-6900	-4673
2680	5184
-8111	-13858
4087	5617
-6654	-15137
-7556	-13938
7416	-4188
285	6108
-15324	4147
-8562	12571
-14146	-2828
5410	6027
2943	-14452
-684	9403
-10211	3735
11294	-8104
-3891	2952
5282	7376
3208	16708
-6195	-578
3606	688
-1803	-8635
-571	8561
4775	11285
-20401	-6403
2943	-7828
15939	-10765
26201	16911
661	-7838
18570	20018
-2226	2994
-9477	-14319
5480	2817
3790	5467
-6310	-12269
21139	-3628
-5898	1947
3844	-6926
1080	-9846
-2435	-4553
-119	16418
-10438	2348
6130	-9201
127	13186
-1978	2050
9783	-4647
-2216	-948
-19151	5389
-12814	-371
-5191	-10875
-9886	2204
203	-2527
9391	9762
-12809	1638
15581	482
9049	8270
-11369	-12482
19738	-13179
-7184	-9908
-2511	-3482
-19104	8104
857	8781
-4163	16588
-5579	12550
-11070	-13376
-15478	-16573
-8160	-15423
6606	16877
8316	-15392
-16533	-3224
68	12362
7643	352
-26458	-13632
8398	7154
4258	2376
-17395	-11066
-312	-2826
-1836	1006
-5156	22754
-9620	-11545
5564	-5328
7434	-14179
-2549	-3240
8666	1306
-1605	5847
7719	2428
602	8015
-4421	-3737
-11937	5673
4909	-5914
7172	8651
6410	19637
8004	9240
-6539	-11819
-1760	-15206
-1897	-2822
-10263	-7865
6061	-6371
-11185	4817
-10318	-10221
-9339	8953
-1100	-11718
-9709	1026
4341	-13622
-4017	1571
7150	437
6043	-4158
-21973	2191
-6851	-16455
-5338	-966
3968	3427
-4485	1490
4615	-741
-3061	-8706
32848	20442
-8243	5932
-24016	3422
305	1181
18960	-629
13383	2019
-21583	-7779
15954	14137
-5451	-1490
3675	16151
11419	800
-21418	-5756
-13709	-803
-225	9102
25050	13926
3939	-1097
16343	1511
11315	4877
881	9447
-16092	858
9283	782
1242	-6315
1195	-6513
-14817	-4692
3364	954
-18344	-6515
-12747	-15676
-1105	-3237
2030	-9363
-14436	-10863
-9019	-12165
1922	-11436
-1072	3740
12516	12141
-6376	2722
-6650	-3177
-14955	-5307
4219	-5739
11169	-9086
-1277	-8767
-15020	-763
3079	1222
4331	9393
-1426	-848
8974	1415
-5385	4376
-1382	20842
13135	15800
-4036	-506
-6053	237
7003	15948
14895	3999
1412	-12015
-9834	-8356
-24628	-12882
-7161	7117
-1686	-3891
10853	13629
1081	-4606
8583	14780
4603	506
306	-12799
-11837	-5477
5851	-11115
-6241	10938
-8870	-8622
2107	7964
948	-5574
2010	-8880
3409	14983
17391	-8364
-7591	-7194
-11308	4747
-3613	20217
-7449	-15415
-2687	3874
-3783	-14924
2548	6400
-17320	-4289
8208	1303
-18551	-3613
-1541	-10920
-14274	731
1414	-7872
-3693	12073
3304	-1057
16252	582
-2241	-15441
7288	4603
-5813	-983
6745	-6014
778	3282
-8005	-10853
12778	4705
4224	-41
-4847	-1449
-8741	477
-7896	-6905
20049	-492
7821	-7479
15081	5936
-2515	3608
39	-1650
-13517	-426
-6691	-7550
6386	8076
-14897	-6601
1984	-3732
-519	2482
-12613	-16675
1325	8168
9931	14721
-17903	-2993
-4755	11029
6096	-8466
3077	-15402
-2476	32360
-25746	-499
-955	-2816
-17772	1324
-11144	-11248
11581	-6559
-10188	-4393
-10873	-7361
-22173	-8718
4895	-12586
1510	-8297
14021	-17961
1699	2388
-324	4367
-546	1926
-13026	-5494
-18522	-15796
10415	20718
-2498	-308
-4960	-5005
9004	-12725
-1540	5153
-11781	-6095
-4652	3874
-3564	16658
-4221	-10974
1770	-8646
18453	17067
3198	12151
2802	1569
15169	9939
-7439	-5266
8927	-10419
-4052	-3703
7921	-9843
12134	3749
-15909	-15261
13024	792
-751	13931
-17472	-15325
6376	-2292
23021	1751
-5684	4038
-4439	1782
5048	1749
9085	22353
-3889	-8170
-1271	3115
7629	-519
-8351	-534
416	167908
-21674	-12815
-2577	-2029
-3742	-4582
-1288	-2586
14119	3386
6111	-17712
19651	3485
3406	-8025
-18740	-2413
16719	4663
-6788	-9720
-1285	5021
-2909	-7779
2908	1582
8080	13496
2873	-705
10969	-3209
-7492	-1709
1296	-5928
-14507	540
6867	10509
2819	1970
449	-1596
-1502	-4097
6789	1954
512	-13345
4153	15186
7623	5839
15218	23145
3109	-13149
12783	4916
11919	-2536
-6062	886
-17806	4855
-18424	6333
1939	5437
-1891	4989
-641	-859
7128	19987
1128	-685
-1418	-3215
11310	23388
3366	-8116
-2591	7468
-7785	-18906
247	-16697
-2589	-338
16813	18441
25608	-17957
-1213	-5008
4381	10770
705	-3299
27777	2775
1294	-11404
-11867	-7894
3519	-6164
-19062	-6990
771	-4315
-4715	-11790
4025	28720
-3445	-3499
18981	4395
256	8295
17898	-1333
-6421	-8257
2432	11908
-7116	-6821
-16143	-20348
6255	-11079
-8850	-4943
8154	7451
-7592	5383
8317	11069
859	9112
-12370	2134
-1553	-4170
5739	2389
-9999	-12517
-10000	-984
-17286	-4535
13914	10248
-1672	-16784
14590	12783
-3851	1798
5979	5489
2525	-7630
-7072	-9938
-11087	8966
-93	-14513
2800	-12499
-3425	-3169
-11826	1424
-6558	-572
8828	5991
-1926	23290
-4267	14583
5182	-19872
-12768	8208
-14767	-10404
-5255	3045
-8438	25400
14376	9103
11169	29431
19209	-349
3449	4266
8994	13889
27024	16705
18541	-4917
-4767	4883
-23506	-5932
3188	5305
24098	13776
8620	-2118
-12509	-13781
7334	-3026
-1251	-8176
11910	-7931
-4877	5775
-8075	11798
9323	-1675
1731	-4233
-1064	-2279
-10837	-8534
-11557	-6901
-1664	-14296
-12954	-11720
-2891	2711
14092	-1946
1913	-5532
1734	2761
-8550	3455
2923	2155
10230	1407
1794	-458
-12555	8482
18791	-8217
-21781	-10184
2309	1547
4724	-3738
-16545	4530
545	3980
-2109	-8672
-5025	-2754
-7206	1247
-20847	1113
3240	11872
11419	4314
22508	13965
-18666	-773
-10472	-7819
-18285	3828
-12177	-17104
6928	-10471
-3624	27402
-4892	-3766
-9941	-4524
-14609	-8419
12929	-14252
6544	-4145
2353	-7709
352	-5629
7390	16984
-571	-371
-6396	8332
6462	19155
4328	10696
2751	-11511
4660	4500
2229	-90
6067	15205
4750	-10361
-9245	5793
-10504	4585
-10508	-1027
-16244	-6479
1005	4093
-6594	-9076
-3660	-10909
-3158	578
4450	3351
-2013	-12334
-3215	-1481
-9754	2644
-14498	-5702
8611	-8750
8355	15586
901	17007
701	-8437
-24111	-10010
-13361	-871
9136	1151
2095	2134
3806	11655
-3769	5815
6946	9571
23913	2793
1989	6246
4807	14613
-470	8709
4647	-4264
1372	-5905
-7625	-4393
16607	-6770
15930	-6253
22318	25315
5347	-4936
-16082	-11
-7753	-9749
12718	17657
-953	-8454
6234	2469
2784	5198
4294	-5297
5980	8692
-3265	10957
11159	9265
10437	12130
-3879	-11331
-6763	-6258
14827	1467
-6023	2407
-13132	1160
2028	-5132
-9883	-5057
-953	422
7630	-10478
-7817	3055
-14215	-14140
2991	25315
-5676	15935
-7407	-16759
-14530	-13136
-3222	18977
19144	13761
3765	-7434
3941	-16575
9366	-1813
8415	17240
-8888	3370
-2653	-10572
8087	22833
8350	8933
-2921	6600
-2672	-6225
-6067	-8455
-1728	-852
4505	-9845
-11932	-7561
21756	20564
12220	2056
-19610	-6915
22524	-6244
-10941	-8232
-4549	-17331
18437	2972
20895	2154
-11056	2907
-14364	-8697
3014	1552
4995	5523
-6108	-16000
-4633	-17993
10772	3518
10183	5028
-4317	8
4350	12767
-4334	-10219
-2966	-6324
2296	-7902
3654	-2037
6479	57
-14367	3626
5566	1651
3253	-7106
5810	-11551
1328	-10916
2250	-5310
453	12596
1153	-3919
-2033	7607
-15876	10631
-5303	-2391
9333	-2127
-5684	-4587
-2399	7050
-1274	-3689
7566	13313
8691	15539
-14196	-200
-16804	13023
-5078	-11504
4545	2661
202	-14116
1768	-6979
9211	-4670
5350	-3367
2813	7247
12486	-10537
6221	-4136
17211	-461
10579	-2985
1158	-1889
-1866	10007
-1634	10234
-19003	-11561
5140	7990
7210	-13560
4821	8836
1840	-1967
-981	833
6446	4157
-8865	-16954
-9027	17529
14840	3037
-16079	9812
-18814	-10682
-14606	-7151
-1435	-3350
-3660	-12561
7525	8469
-18723	-13473
-7034	8212
20776	4947
3568	-3329
661	-6516
-10425	15807
-2859	-6795
1025	1838
-8500	-12403
-10970	-14906
5099	-5145
-133	-8518
4059	1335
3573	2738
-2991	-4480
-11740	-1336
-2069	3352
-10590	-7190
14149	-3585
-5996	-8403
16302	5237
6144	-12393
-308	-2224
7866	19871
6645	7756
6355	-17003
-3970	-4901
-6727	17289
-1028	3895
-1225	1830
-8583	-5416
15397	-5177
2017	340
22830	3434
-2213	-17383
1378	8205
-7831	3648
160	5266
-295	-5905
-7690	-1960
-6089	1343
-12569	-5803
-2499	-17120
5054	15091
19517	17840
7954	3913
3923	-762
-1682	5132
11012	23220
-6879	10359
-10633	-8044
-7412	23183
15602	4524
-15927	-2274
-8392	2107
2040	6034
2268	-12853
-4445	2307
1894	-1457
-9104	15100
7406	5495
170	-2101
6928	-4886
3595	-4207
11409	-302
-2506	3525
-10965	-10157
8073	-11198
3735	-8811
-2093	-5673
10979	-2212
-7941	-7621
-3180	8099
7308	-9566
28977	-647
-11463	-15354
2016	1572
992	3474
-5713	1940
8905	-167
-3354	-15426
9308	7648
-21074	4356
-3194	-13222
420	8049
-6140	-368
9595	-5213
15998	-6073
-2518	-3753
13224	5225
-6546	6748
1082	5892
11568	12902
5830	8357
1709	11511
-188	-919
-8870	3993
-10268	788
3248	2461
-2723	1836
18616	19075
1345	-8926
721	-1155
2984	-18358
-256	10794
-9531	-10404
5760	11832
13837	-2682
12455	18245
-1631	13969
-7479	-2568
-646	1049
6501	-2476
20518	-1655
2835	-10731
-2929	4354
-6621	-6674
8601	7589
-18447	17335
-9408	8075
-3976	102
10286	35496
1378	-1516
5158	27722
-1546	7358
-16494	-6553
-9373	-5250
521	14997
716	-9104
6335	-3780
52	-8594
6659	808
19156	-7345
-2710	1862
5613	4351
3152	-12840
-2793	241
9095	-6183
15421	3355
10727	-528
-17970	-18043
-7216	-3458
-16253	-2939
16933	2025
-6605	16484
4234	-5733
-2182	13315
20180	12686
-257	4682
4965	-9157
12060	15363
-438	-160
-2186	8708
4653	-13406
-12552	14024
7392	-3003
-6	-9758
-21543	-3829
-16621	9642
-1805	6771
10753	8810
9552	-8390
-5660	-10579
11700	-1379
-287	4503
6208	458
-16907	-8419
5394	10866
2114	14139
-11207	3946
-332	-3578
12800	932
-3309	2681
3087	9233
5413	-8992
-12777	6076
681	-9013
12429	-10108
-5757	-2210
5192	7175
-6970	-7339
-12938	-7182
-5243	5807
15843	-5542
233	8129
9845	6703
-6474	-9563
16561	8705
2859	2493
20333	9456
9519	3932
-17132	10962
3055	18504
5938	-1839
747	-540
-4211	-6545
-2313	4784
10504	-441
-9820	-5739
4455	22088
-3501	1316
-9173	-1559
-3480	921
10179	1994
4724	-5426
7412	4873
68	5925
-3460	9204
-5834	-1797
-20295	7940
120	4804
6488	-6806
3509	4867
4822	5645
8413	-433
-9385	-1279
9625	-4162
-4906	-16549
13256	-6200
164	9327
-8667	-4592
-8597	-4319
9357	12610
-7303	-2522
12795	-8175
-11448	915
-13059	-14391
-3466	8773
-4113	9017
9970	11586
-8087	8445
-2387	8
690	-13348
-10127	6135
315	2136
-10174	7852
-12090	626
-23435	-7792
-8857	6682
834	-4595
2302	-765
22883	11721
16550	2295
4609	17271
3405	7292
5881	7389
14583	5750
-2889	221
18416	-5694
11164	-10364
9797	1073
-9126	3031
8288	17235
10810	6267
-3743	-6011
-4553	7133
23494	18459
26245	-3575
-5377	-1363
1771	-5331
-18561	-6029
-11415	-7580
17016	10508
3773	8396
-12648	-1493
-15978	805
-10108	665
20320	-1253
12036	1889
912	-11282
-9341	-13648
-9189	-10601
-16881	-2445
-61	-4414
-9268	-11137
-9902	-5146
6742	15151
-9282	-17327
10328	-992
-7604	11127
-7066	-3827
772	12840
-10448	23106
-8207	-5890
-5955	-7881
-10119	1971
-322	-4328
19215	-4506
-10583	5669
5050	14439
10565	-205
-21486	-7108
2335	-11698
7652	1602
-6250	-7573
-1217	-6161
-5920	-14375
3593	6200
-1517	-4698
-6797	13299
2380	-917
-10572	-13889
-5172	-2716
21928	20484
574	-3307
3576	4537
-13943	-12073
20557	11166
-2568	5411
-9523	-8757
4445	-4565
-1487	-3211
4993	16725
-8098	-13422
25547	9250
-14073	-7640
-1911	-9570
-9257	-3540
-12598	-4186
1689	-6011
11853	32
-16078	-6868
-2957	2042
-9337	3220
14196	6732
13662	29024
1587	3350
-248	-652
-12038	-1328
-18787	20554
-15817	14945
2402	-11480
11741	-1244
-10515	7018
4448	-11511
9306	3157
-6871	17621
-16119	8350
-6812	-4887
1177	-630
2469	5542
745	3527
3679	-10396
-2537	6839
-1209	10293
13931	10166
16285	-3978
-18262	-3341
2019	23522
4710	10237
5933	630
-8134	15132
13352	-1316
-4156	-1566
-10364	2839
1234	-8
-1346	252
8836	-3432
-6851	1309
-5892	-4255
-2388	9845
-16150	849
-1337	-3586
20935	2978
13129	4651
-2944	-13201
7649	-5248
-13287	6435
-15161	4862
-12767	2266
7270	-13703
7153	-12670
13968	-8633
12000	-6422
-4808	-8541
-7104	-9225
8405	15831
-7017	625
-8396	-9861
10442	4670
-21970	-62
11607	5350
7578	-11343
-10243	-17042
-7464	-4172
-13629	-4236
1443	-7011
-6696	-3891
-2326	25420
3977	-8312
-10831	-12539
5029	5660
-6344	-12130
-1641	15037
8369	2222
-2937	-17518
6880	-15251
2234	20352
-658	-9022
-15931	66
4572	5530
2839	-6238
-20201	-6127
-6539	3888
4431	13368
-18167	27789
-8448	-19077
93	8301
9269	-701
-16131	-3340
5973	15124
25065	24358
2412	8865
-6961	-177
-7625	-5745
-5899	3396
16890	9509
17806	22919
7854	1679
12079	7141
13229	3033
-2981	1712
9963	-2972
21881	10212
15263	5999
3948	20895
-4658	-6795
-10981	-480
-14912	-14528
5464	-1693
2760	2679
13764	11430
-7163	-7034
-6883	-3866
30380	13888
-19921	-11243
12761	20641
10221	-664
8606	6958
10855	-3979
-4374	-7978
9920	16523
1052	7089
-2651	4578
-5719	-5326
-8333	1918
-7188	5721
12486	-5438
4737	-6802
4869	8722
21196	-5767
-11051	-9792
-6062	4734
5824	-10554
-19378	-8178
3566	-5040
-9054	-13401
-6978	10075
-5344	-1940
11390	-1785
-9288	-5810
6749	-1548
10495	5415
-1353	-5526
1386	-284
6581	12952
7973	4067
1456	-5395
9292	-6231
5300	2541
5412	1249
15263	-8253
-17837	-6859
21231	-7189
-2365	-19617
-3719	6889
-4064	-1894
-8586	-4744
-13867	-13236
13388	11452
2901	3881
17695	-519
-318	-6588
-7530	-7257
24293	-2445
2881	-8017
3537	-9306
-982	-14481
6550	-5578
-3182	14466
203	-6118
-10888	3223
-8023	-10895
8635	-9173
5253	7840
2912	-3906
-3651	13757
-1057	-14306
2916	-7273
-2611	-4492
11953	9736
-12557	17806
7929	4551
15567	8787
2152	-6037
-7668	2821
4902	-7410
5537	-13667
-10776	14612
7754	-14146
-5371	13633
5329	-9588
-9095	-3036
1145	-6452
2316	4650
-6599	-14246
18171	20939
-7680	1751
-2560	-167
-6647	1453
8033	-1592
5436	1642
1987	11419
12903	14169
-632	-3585
4489	4742
-913	-14530
4340	-3897
4594	-6867
-11112	-7937
-6357	-14391
-5982	8171
-8176	2394
-9155	-2604
664	-15689
12787	-1140
6491	25215
13487	3605
14999	6816
5416	2203
-13753	9953
-7802	13240
6524	-15817
12304	12276
-12152	1819
11912	11172
5557	2660
17196	3831
-9583	3125
-3070	466
-4650	12952
6436	3583
6978	-8562
118	10259
14730	6894
-4045	80
11371	11110
-1828	-701
-12949	-2190
-3225	3114
4902	-8017
-4459	-9253
-161	3038
-5384	-7350
5455	15337
1092	-7616
-361	-11627
5751	-3996
2454	319
5655	-1771
-8997	2817
-9908	-15577
2664	-4921
4491	2767
25478	24692
2613	5381
13434	2258
10582	26749
-2590	-5200
-1100	-1101
12878	11481
950	-5327
-9062	2581
405	5880
-6120	4306
6952	2224
901	-10090
-2959	-4389
-1644	5001
-6245	-12554
-3170	2397
-6054	-12888
15617	2493
13874	1900
-2243	1093
8515	11979
-2063	-14342
6635	-4209
-19334	-9983
-7988	-3595
-7054	-9854
-1244	10209
3944	7005
855	-17236
-6344	-5804
16104	22291
-1689	4934
-8682	-6706
-11952	-18940
10692	885
-2849	-5424
5778	-1788
-3356	7266
-13292	8997
7500	15578
-15498	-4385
-10663	-341
-1454	-4776
-148	-9478
3907	23655
-1761	15398
4299	-2664
6664	1552
2787	16357
-8294	3925
-11297	-9586
-8466	-9250
-10297	8866
5534	2807
1687	-18343
10297	7846
6873	-1275
-12606	-14759
-3154	-12518
1687	-1068
9621	-197
-4579	-1060
-2121	-7984
-4436	5137
5325	-4863
-5054	-5060
-52	-5216
-763	-4525
-7582	979
5008	6170
-2536	7230
7769	21593
-10251	6547
11087	17753
6752	-9695
1185	8180
-14069	1098
3894	-7987
-5110	-2906
-13748	-3535
2727	882
-129	402
-21105	-6381
4283	322
2428	-5349
-2412	2967
-6502	1265
-11729	-17338
614	7950
322	1930
6546	-4662
11721	4171
7809	891
-12732	11545
10249	-583
-12343	-9799
2154	3937
11504	13896
-12313	-1972
7288	8437
-1393	8587
6937	-1208
-35	-18089
-8012	1015
-4381	4052
-19212	-10602
26	4681
9460	11952
13406	-3044
-2340	-13151
16457	-7655
-1710	-2020
-10690	-1044
13549	13898
-6479	-3336
-7484	-5231
-1623	16890
-3613	-236
11318	4844
21852	9045
5449	3609
7490	-6823
10091	-4660
15752	8867
-2737	-13174
15875	-1999
1151	13649
-11306	4603
1141	-2425
7774	-2799
-889	19677
-18968	-11017
-14183	19852
8435	-5150
-16857	-20454
-5099	-10959
-2187	-1046
11183	17534
6234	-10166
2640	6738
-5276	-3072
-11751	14237
-17817	-8048
6490	8389
-2125	-5195
6295	-10943
14377	-137
-6325	-10499
22415	13033
-3059	-7481
-96	-6050
-4724	-6830
-6398	-3566
-16435	-4826
3104	-9985
2199	494
4479	3190
5395	-3626
6909	-12638
1962	-8382
-7735	12620
10603	11471
-16947	-19090
12946	3230
5218	-9123
17602	-5062
23350	384
16345	3616
2557	12295
-14458	-1276
6663	11415
-1080	-3125
-8319	2526
200	-3744
13552	15410
50530	8925
-6602	19615
4247	9468
11079	13770
6857	18606
-1235	2867
4905	2235
4816	22652
8433	3950
-11050	2184
2845	-5721
-14582	7259
-13961	3271
-2364	1406
11921	4174
7702	-1687
-8737	9026
14403	3088
646	3291
-2598	-8884
-1196	-3604
6261	78
-13291	-6587
8933	-4246
5323	6596
-2976	5509
19908	1654
-3494	7576
-4464	18905
4916	8220
-912	6035
-9288	5205
-18900	-7547
-4847	-19897
-2269	-3877
5407	8647
-2409	26823
2185	23283
-8355	-5043
2582	798
-20545	-10824
-10830	5369
12018	5939
14559	13557
-3167	14976
6700	-6211
6598	-18591
19786	19912
3462	22183
14459	-10532
6788	-1866
2206	2866
21110	-2084
9386	-9596
-16181	7903
9176	7523
21512	-12533
-509	6708
11574	3826
3751	4539
2729	-15046
-10	-5585
-3093	-5365
8499	-1262
-8730	25245
3146	3929
4766	7410
11520	7568
5913	5061
-9982	8282
18944	6573
6548	3574
3938	-983
6478	-7831
-19692	-3517
-700	-2652
-3302	-11296
10932	5880
-3279	-2188
6922	3404
-1611	-1877
6700	-2883
-8598	16968
-17437	-16222
13132	179
5692	-4774
1822	20312
12313	20326
-2593	3985
-16094	-4491
9032	-9388
2583	-2473
-4950	-2844
-14073	584
-182	1782
6167	8980
2057	-13298
2432	-7513
9907	10175
3971	-5197
20674	11215
-3805	-6085
9601	-9785
4590	14923
5070	9537
-8950	211
11005	3011
-7838	-17757
23146	20173
409	3500
1889	14309
-11310	15118
4687	5752
-11376	1141
-2158	-11264
-2346	-8613
10651	-4864
-45	10659
3737	-578
2	-5217
-1598	-6268
814	22847
13106	2724
1147	-5004
-10964	-11133
-8151	6973
-1154	2757
-2769	5204
-18386	-1771
7924	-6853
-10251	3906
3890	14817
1584	-5855
15993	7226
-18081	1552
11052	-3289
4797	9175
5351	5982
-9138	-3643
6038	10929
7233	-7384
-910	2375
753	-14523
-8242	-854
-12233	384
3581	-197
-10036	-16331
-7495	-2728
11376	3379
-14782	-700
-11689	-8684
5001	3699
-6226	-17809
4517	-16715
5745	7861
-3268	-2692
