4365	-10993
-8621	-1825
1871	4376
-666	-11647
-9135	3965
-3392	903
5519	-6113
-9242	-6336
408	-6097
-1860	-15267
16499	7644
2231	38022
15083	7297
5740	1218
-2062	7451
-9056	-6447
-6862	1346
-4327	-2972
2238	12317
1652	-4323
4132	24915
-7080	849
-9225	-1873
-1027	-3978
-2850	-5638
-5237	-5318
1116	-4118
-8932	-6007
-6676	-9105
3946	2760
-9252	-12146
8305	4611
-7147	-9137
-1775	-3437
-8982	-11226
13031	13076
-8042	1334
10322	6073
8321	5984
3035	-980
3618	-37
1182	870
-8905	5326
7821	19
3273	13396
15300	12395
-9266	14235
11106	3856
-6067	-3995
-3589	4122
15448	23288
-9032	-4932
13336	698
-9146	-18983
4262	-843
7749	-274
8693	-6233
-4273	665
-7929	279
-8662	-3683
-8456	1883
-7265	4850
-9174	2186
-6184	600
-2644	-3196
-2497	124
-9243	2811
-2058	2921
-3296	1784
-9030	-8069
-3664	4270
12755	13253
842	-683
-7573	-5291
7475	-4059
-766	-4550
-9075	9028
173	-5420
-9014	3133
25661	6324
-4538	1458
4104	-10877
-808	7578
-6378	6962
12963	6424
-9253	2974
-9107	7755
-9078	-10162
4758	29132
4152	1575
11743	3632
-637	5452
7024	111
-8840	-13988
-7571	-4224
11026	11973
14522	-8964
-3535	-4470
3953	6629
14338	37346
-7493	-10979
-1395	-2794
-3361	-8317
-9114	-9060
-192	-3900
8839	-5273
-4607	-7434
9679	4869
3128	12452
19286	27213
6507	-10469
-9232	-13891
-9071	-2607
23056	-2696
-76	4146
-7801	-9901
-8580	2722
4622	-4730
4378	2994
1522	5270
-2752	1544
7633	11927
-9024	-9176
-969	-13437
11313	7344
5504	13325
-9175	-5392
-3483	467
-2069	-11266
2242	15259
20575	652
-523	14639
-2026	5837
-1714	-3351
-4302	15171
-9105	-8267
-8455	-1371
-3649	-5405
22974	15425
-4633	-4417
-3421	-8017
-422	-2396
15402	12737
-8666	-7961
7961	935
8146	-6504
20709	10663
-3883	3911
-6944	-16167
-2901	-10752
9004	25616
-8394	341
1022	-10267
-9157	-4485
8364	2667
-7385	-22298
-6361	-2668
405	-9020
2885	3645
4251	-7482
-8563	17028
-8879	-7486
17743	6596
12654	14087
-7539	3076
9621	2932
5282	-24197
-3074	4613
-4768	-14032
-9087	-14446
-5529	-18471
-5657	1945
-9218	5596
-8893	464
6571	-4062
-6906	1661
-6038	-1857
2733	-4441
-1897	5259
-5080	-3945
-605	3794
-8077	-5108
-8042	-2963
-5125	-2502
-7428	23577
-4381	-18421
-9224	-4664
-8870	-11080
-9261	-9655
-9265	1490
4893	-3719
-7680	-14106
-9187	-3520
-8187	2476
-6854	1520
-9264	4134
-7479	-5324
2571	1586
-9135	-3565
22366	-1117
-9010	7164
18268	925
-6137	3165
-5571	1716
-5196	26499
8364	2219
25558	21687
-3664	2745
24685	5186
28057	6525
-5607	206
4032	-5513
6479	18083
-8676	-16564
6181	2025
-6585	2662
-2292	-29
25032	8804
-8000	-9117
-6447	6170
-9128	-2121
4949	10960
-9027	-6675
4450	25710
-3178	-1333
-5032	447
-679	2627
9711	12284
1290	11543
1241	17398
-311	-5669
-4842	-7757
-714	4820
-5948	3513
-8822	-3768
-7974	-3849
5951	-13033
-908	2962
-1553	3271
-4574	4246
-9044	-7431
5554	1172
-8127	-10001
-8701	-3249
12411	-26032
-2617	-9860
2179	-4465
-3565	-10452
9092	3676
-9154	-5324
29506	-4684
-1652	-7164
-5837	-9119
-7126	20448
-7244	13421
-3099	-9220
-7170	6377
-8737	19050
-1357	-402
-8681	5873
-8356	-5246
-8651	-4728
-9028	-912
-9259	15236
-7986	9065
5459	-1250
-7703	3903
-8983	9615
-4885	-9229
2882	9514
-9265	6128
-8957	-5941
844	-5005
13161	5629
-8247	8609
-6724	-13550
-4509	-1958
-6701	-14185
-4135	-6588
11602	3706
-7812	-20194
-4747	-4890
-8542	-13519
-9196	16127
-7521	11600
-5053	18634
-7920	-952
-3444	-5852
4051	-250
-4326	2245
-4978	-12034
22762	1546
10435	1764
12968	7777
4229	-13674
-5527	6597
-3084	-2535
-4882	-4920
-2396	-8306
-8065	5621
-9260	2486
149	-4897
18243	-21213
-241	-5391
8137	622
5617	9162
-1111	-309
28374	4221
-4740	-8115
19424	-4068
-4431	-11693
1789	12591
-3688	-2633
24884	2126
-7096	-8736
-7711	-13840
2506	-7409
10575	-5648
-8649	-3426
-1228	8714
15480	6860
2568	-980
8163	11476
-8545	16097
-8979	-2497
-9218	-9415
6664	2784
5538	-7791
23340	4547
-1153	-6333
35759	8909
-6961	-9915
-3899	29
-7401	-5286
-6888	3226
12276	25435
-7413	3029
2982	7275
-3480	5383
-6814	16740
3364	24872
7888	2774
-6545	4464
2366	1373
-1441	5066
-8544	-3895
-2632	-4797
-9128	-5469
-8819	7515
-8826	11334
-5191	-5864
1694	-6686
4413	1883
5958	4937
-9255	2002
-9107	-12196
-7935	2255
-8922	-1527
-9045	-5556
-2795	2174
-5441	-9547
-9265	-6884
-4647	-6263
-9240	-9184
9184	6800
5732	9796
11939	8591
11503	-1831
-7847	-5116
-8347	-15973
5207	-4218
4958	8722
-9135	2220
4956	-4704
-7957	3800
-2561	-5236
-6857	-5998
13542	6609
-8862	-3197
7817	8915
-7370	3450
-6245	8651
5272	-14160
-6444	-3666
-6023	6395
8113	19021
-9164	-4520
-6878	11975
1236	12957
-7117	-31
-9185	-7766
-8224	-5918
-2006	-9767
5080	-768
24999	1347
-8894	-1060
-1552	11816
-8359	274
2902	-16257
-6344	4729
11224	-4929
4413	11354
27586	-17738
26713	54637
3440	1440
9629	-12063
-7363	3976
-8352	77
-5177	-3392
1822	65062
-5826	-6373
-2326	5009
-1608	1829
-2686	-7663
14477	13956
4120	14879
-5468	10542
-8113	-3246
19363	-7216
-4618	2779
-1181	-3415
23933	2545
1268	2567
-1394	2248
33198	10864
13663	-2671
-5602	-20860
3113	3843
-6162	-2409
-4903	-12578
-8719	552
6701	-10136
-7892	-4331
-9265	-722
1045	-7658
-4410	-15452
3849	11241
-9135	4225
6008	-3228
-1345	-17637
9817	-13134
31682	16710
-4262	-11278
-2892	5265
23724	12834
14406	14251
-8248	-449
-9264	-4700
18722	2936
7919	11235
-2743	-1186
-9097	-7736
2033	-8813
-9241	7266
-7705	-1232
-5873	3687
-9179	-8815
-7681	-5611
-2994	-2179
-8503	-479
15402	29880
-4837	-5756
8292	10229
-9265	3452
5100	1181
-8099	-2540
8147	9482
-8545	10302
13523	132
-4924	6575
-3879	-5999
-9217	9780
-2332	-7704
18051	-5271
-8975	8458
5391	-2201
9429	-14447
-9002	-15222
-5309	-12633
-1593	14577
-7719	701
10552	894
-6459	-15605
-9208	-3059
22410	7748
-1155	-11793
-6716	15336
13301	11514
947	-203
-6133	11358
11265	2930
-3148	-253
-670	-7742
-8973	-20258
17022	2705
-1978	1824
-8889	8474
-5674	-13498
12497	5926
-7187	846
709	16696
238	2594
-616	611
-9265	-6647
14491	-15934
-8062	-13503
-4229	8094
-3509	3829
2958	-6554
7029	-1569
-2410	10313
-9185	-14214
-8890	-12325
-20	-5590
-4624	-6113
4604	1720
-5756	2816
3896	21690
-6585	4216
2232	3714
1218	4557
-3054	-1850
-1707	-16371
-331	-934
16151	15500
5833	5916
18356	5036
-9159	19248
-7929	1201
-8688	5923
2437	-1561
-6087	876
-9266	-1612
-9004	19838
-5331	-23556
-8905	23905
-7311	-6187
-8283	-8576
-8606	-10690
24350	24414
8909	7421
7775	3841
-9143	2442
-6364	-305
-5433	-7094
17176	-4850
14841	-771
3461	-5810
-4537	1343
-5009	-16246
-9184	-6360
8433	4676
37132	6041
19919	-7538
-7503	6209
21005	12690
-4589	-9379
-8092	-10177
-8824	5068
1401	3492
-244	9067
17223	-9798
-8420	3805
-6302	-3554
20649	-5345
-8395	29639
9836	-1128
-5810	-1364
-9176	2064
20283	6740
11984	-8167
-3574	-2262
8534	3711
-5404	-4320
-9256	-1463
1818	8419
-1212	-18266
-9266	1311
-7008	-21560
33008	26027
5278	-11566
-9256	14564
-6670	7701
2848	5853
6080	5514
-2264	-10018
1384	-8572
29823	-10341
-5022	997
25280	5730
-9266	1485
5794	2189
-6105	888
5920	-6081
-4907	-19991
31393	7092
-8058	-13238
3021	14720
911	7805
-2543	-2817
-9126	13855
24270	19907
-7655	-85
5485	-8802
24563	3566
11100	-5319
-8578	3638
-8478	-4613
6210	11633
20973	18965
-9153	-20659
-5183	6307
-5389	-11678
13563	-5175
8721	-5590
-2529	1396
-1494	32417
-6982	5136
11742	-4244
6237	-7503
-7119	1451
20330	-15506
-549	918
4271	11815
-1353	9802
-8117	1886
-1462	8276
16608	13140
-7800	-200
-6403	6042
-6273	-6561
14726	-2774
426	-4555
-6998	9507
-3402	-4424
29223	-6206
-9254	-11901
-5762	-233
-4618	-9283
571	-4528
-4677	-12198
-1186	1610
-7264	100
4415	6663
-8444	-7812
-4739	-6578
28846	-1095
18452	4568
5576	-5595
1774	4710
-9093	850
19278	-1587
22920	2067
-9259	11052
-1439	6167
-8711	-1542
2930	-2094
-9050	4175
-8599	-4759
4378	42150
-2962	-3850
-8608	944
-8311	-592
-2027	-3994
-3717	12869
-6531	-27174
-4261	3638
20162	-114
-5490	-31
1764	4530
-9214	-1545
-9079	-90
-9186	-11885
19833	-433
36918	11596
14377	-3650
-8705	-8668
-2716	17736
8316	-9080
-9266	-22474
5950	1160
-8026	-6931
-8396	2921
-9266	-12916
9283	9682
-9265	14779
-8803	-11266
-382	-4119
-6660	-6168
-7963	-3478
-3847	-422
-8283	-14766
-7411	-3187
21240	1095
1786	14634
30913	3490
-8920	9350
5155	5383
-708	-3752
-8196	4697
-4699	-13049
3018	-1530
-8611	-1125
32390	8915
-8329	6981
-800	-13855
-8864	21520
5909	-7423
-5221	-1779
-1984	11252
-9263	-6473
10174	7206
13792	-6465
-7563	-2903
-9070	66
2848	5172
-6795	22787
14330	-2196
-9259	-723
89	-4214
-5118	-4483
5911	-10919
18762	-4095
10439	-8654
-8264	194
-6250	-7068
941	1477
-9129	8280
-6833	-3972
3674	1294
-2987	-1164
-9112	-4361
-2695	2368
-9006	6549
2617	17133
4672	6081
-8632	-3135
-6484	-11816
-6918	5609
-2441	-3974
-749	-6277
857	-7323
-7436	-1108
-5386	-1437
-6559	-3375
-8710	-2125
-4588	-9837
-9263	-11680
3322	-9235
7566	-7749
-3319	11804
7395	54387
-5072	-2274
-9132	-10067
5862	-2137
-9124	-16742
-8874	-9657
-5727	2977
3240	-6318
-3340	-1361
-1516	-9926
-8859	-10758
-3704	652
36489	-3299
-2097	-2424
2728	8335
26076	2857
21327	9406
-7649	-10305
-1074	2037
18937	-9188
-7885	-23222
13607	4016
-9263	-18404
-1102	3966
-3051	6223
-671	-1616
-5687	5368
-665	-2832
-9131	-9137
26139	-7149
4024	8560
-7766	-11291
-5040	20057
13161	-15363
10012	7758
-5004	-9249
-9244	6823
-8140	-18776
-8481	-4277
-4444	3894
21056	-1860
-9259	10441
-2557	-8808
3177	12080
-9265	-25902
37776	8961
-2305	4737
-7070	-4415
15344	-237
3740	3167
988	1676
-6098	-8030
-7149	-15663
-8791	-4725
1357	-8939
-9080	-3748
-8747	-8361
-5256	2180
10062	-5441
5159	-14511
659	5696
10456	7700
-8974	4735
-7677	9588
-2462	-3314
-2569	4130
45	16550
-9190	-1034
-5473	-10816
-9015	2923
-7613	27335
-7850	-16124
-6585	2208
-2044	-1814
-8095	-6125
-8790	4517
-9266	3245
16869	24253
2471	27666
6490	10177
3350	4786
1786	-568
-3745	-2250
-9150	-5108
-8794	5931
14923	7751
-3311	-158
16144	5767
519	-3320
-8943	2633
-8885	1355
-6639	-12982
20812	10485
12118	707
-8693	-6404
20040	-9475
-8743	-922
-7029	-11404
2427	-4209
26981	4066
-4399	4502
-9188	15493
-3364	-2579
13048	-17279
-1465	3116
10597	-2154
3218	-1549
6250	-3927
-9037	-517
-3314	6310
15660	8302
19803	-6661
-3022	-3509
2512	11445
-1088	-3224
-9120	-3200
-6162	4590
-3953	-108
-8545	-1946
-8876	-6795
15892	-6850
-8529	-4658
13620	19548
5744	2744
-8808	-8639
2477	-882
25524	22636
-7081	6404
29819	1492
-56	6895
7604	-801
7354	4848
-8421	-15204
-7143	-3120
6943	172
-7487	-13025
-38	-6788
2243	2345
-4767	36434
4956	-7273
11260	10802
-9264	-1274
-2749	-3099
-1302	19243
-978	10754
-5975	1009
15819	-845
-9213	16488
-3014	9042
-436	7023
3329	5360
-6961	-5784
-8759	-19609
288	-3213
4436	-5559
-9196	3248
-8087	-4367
202	2428
-5054	-9697
3515	2476
-6994	7782
1815	-3962
-7513	-653
-9246	-7433
-8197	-67
-9228	7011
-2305	-4453
22261	8256
-7187	-5717
33	4578
-9239	-5093
3047	-9441
17858	-6985
1973	584
-8733	15518
5708	8030
242	-14042
36271	-829
-3852	-6914
26291	27770
-5236	-4447
-7248	-10314
-8349	7553
-9183	-8133
9530	-916
-5257	9197
-8910	10426
4933	7769
8602	-5732
26270	339
-642	-201
-8461	132
-2497	6644
37572	12240
-9000	3749
-8939	-5943
-7789	-3036
-6310	-6820
4403	6554
-1934	750
-4556	9283
-7881	-7776
-1633	-11156
14645	14622
-8469	7382
-8530	613
-5392	-10297
2691	-1899
-5850	-10449
6939	2078
469	-2961
14589	-822
-5421	-5912
-8723	-801
-4739	9506
2070	-2020
-8580	-4912
1209	-1842
-7895	1253
-9062	-4339
-1905	-5781
17575	4187
-649	-8124
-5997	11189
7332	12401
-7925	1952
-9264	-9408
-8069	-13228
-8922	-16064
-7630	-5505
4395	-3972
10023	957
-1077	-4027
-5595	-3565
-2675	-6788
-9231	-12832
-9266	-1484
-1237	4524
14795	-9820
-5839	16238
-9199	3773
1065	1331
10771	4386
-4407	14414
-5063	-3417
-8577	-23694
-8935	-4792
-5999	-11210
-7278	-10662
-4011	-4180
-2951	20622
56	3105
-9266	-10973
-8172	-5969
31191	-1508
-9138	-4050
-7179	-15750
19739	-11886
-7485	-3695
-3006	5982
-8618	2958
-8697	-2119
-5198	6289
1633	16791
6031	-2605
1819	6598
-7077	9190
4815	11353
-3113	-3113
-5802	-10536
14862	2050
4669	-6891
-6548	7890
16834	7696
20740	17825
-2101	21820
-6605	-5604
-8500	2095
-9254	-8021
-9262	-516
-8200	2324
-5800	-7620
-8752	-1929
21682	15586
16120	-11809
-7409	-11177
-8740	6309
26027	-1899
3018	-6673
5793	-3246
-3763	8270
-9265	531
-8787	-4572
-9212	-53165
13686	7052
-8224	-1071
-8932	2042
10108	-11871
-2570	9165
-327	-91
-1848	5206
-8172	4829
1226	-2453
-8677	5778
20804	5333
-7937	-12463
-3969	-7232
-8020	-18798
-7044	18456
-7099	7657
-2510	-5239
8680	551
-8245	-4409
5278	-4883
4655	6275
-5899	13998
1474	-5271
-8696	8917
1399	-2275
-9266	69708
-9226	-13301
-8787	-9869
12340	110
18987	-395
-5878	3518
10460	7199
-398	2865
7854	-6864
-6990	9203
27358	840
-8646	9844
17504	-16387
37686	43762
-7953	-9640
-8133	8552
979	-13034
27657	151
15476	-8101
-1183	5934
4669	15082
-9249	-20554
-307	12899
2782	-11942
-1658	7894
-9155	5051
22268	-3853
-9009	2913
2431	465
-5965	-3752
20094	20391
15931	-1254
-9266	-5746
-2013	-7755
-8818	-2698
-4484	-1220
24945	6843
-7278	691
33045	4484
5821	-2419
-6956	-3500
-9137	-8060
-8935	-8118
9160	-2021
-8269	-512
7041	-10414
7909	2003
-8281	20013
8037	45
11880	12147
21383	32089
7571	34457
-7401	-5897
-6997	-10124
-1111	2094
34139	20529
-5398	-6533
-6010	2911
-2510	13357
-5641	5334
-1199	-1436
-8248	-2133
-9111	-1616
-7900	-3587
-6524	-10023
27235	-641
-4432	-16515
3268	7073
4352	-3078
-9111	-7640
-4999	-981
21104	5903
-3914	-6692
-4680	4678
-8322	4971
-3265	-18612
-8152	-16501
10953	-8012
293	3814
-6028	-2128
-8219	31241
-8535	1640
-7878	42
-1603	-2885
-584	4570
-8097	-7260
17611	8575
-7581	-6587
6870	-2266
37330	7727
23055	5887
-4407	-651
-6992	-3939
-4334	-11056
839	10918
-9266	11322
4525	3712
-8071	-10592
6200	3397
2180	-6726
-4005	13220
10927	1758
-7662	3533
-4308	4629
12853	-7010
2235	-17266
2952	-9451
-2098	4320
-9117	-19176
3382	-5445
-4813	-7850
-6140	7617
15423	2986
-4820	-6388
-3054	15574
-9192	-2090
-8342	-12453
-8728	3927
-7134	-5023
10987	-489
-8181	15699
-5779	-2203
-8642	6073
-4774	16375
4884	-15694
-8644	11915
-4716	10322
-3501	55
-718	-9582
-3773	-1672
-9216	11754
-7340	42
-9235	-428
-9231	9693
-8720	-2013
-8528	979
2474	-7518
-3274	10841
-3935	198
-6013	-10459
-9263	-1051
-3758	-921
31486	19671
5280	665
-2339	1366
9359	3742
-6350	-7521
2814	6492
1080	-7357
-803	-478
-259	-2121
15422	8836
-8631	-8189
-7533	-2061
8678	24680
-8292	-25016
-7137	8234
-1798	-3719
-9231	-2634
25767	10851
-3904	16824
-7763	9034
-2653	-11219
12480	-8834
-6903	-4895
-6560	-8339
-2808	-3415
-2155	-8345
-5403	5881
22537	13714
-925	-12300
8691	-4416
-6375	-7649
5561	-2016
-2820	-10928
5221	-13033
-4526	-6459
-7725	-966
3278	11739
-9227	13747
-8221	-6191
21887	5117
-2850	5750
-9156	-3024
-9110	-12199
5467	-3752
24114	-3964
5627	1314
-8868	-14590
-7331	-12237
7581	12582
-4995	1641
-6100	-8964
-3960	8771
7390	-21680
1960	-7169
-7219	-2876
5639	5285
-2037	15266
13574	-18582
-3199	10950
15316	-7810
19477	3596
-9173	1592
-4352	-16436
-8601	3514
2921	8443
1286	15985
-5919	5864
14571	6248
2304	4513
-8447	-14104
-8791	-910
-9217	-1435
-1322	-9894
-8883	11032
4798	-11224
-9266	-7049
-9250	-2992
2751	-24953
5438	8444
-2885	-9347
-9225	29400
440	4795
-7345	1025
-9183	776
10675	-4681
6496	1763
1504	-12983
11505	5443
938	3225
-9224	5862
-8993	-5526
-7184	-13507
-8356	-2462
-3427	-7117
924	10317
22828	3
-4127	-8199
-8778	-1172
-8834	-14148
11618	4953
-7428	5031
-1877	-5963
-4951	6394
7782	-4705
-9174	-5026
-8276	-7291
-258	-11409
-8736	2925
-1705	-46
4816	-18228
17689	-1838
17119	-4932
-8501	3517
-5231	-14226
-7008	11303
-2534	495
-4393	11725
-2799	11655
3449	874
-8834	6039
-1482	3353
-9212	-11055
380	-14326
-5329	-10450
-8629	7140
-8002	5698
-3232	7346
-8394	2639
-4173	-1373
-7691	-4020
-1713	-5576
19085	-6947
-7765	-4132
-9243	-1010
2991	1103
2666	1268
-5743	-8850
-8878	-9355
-2278	-5533
15465	1278
5747	-769
-8974	513
-2642	-7393
-8465	-3201
17597	5265
-6339	-6871
25254	6387
10828	5298
-171	15611
-9050	-8651
-7561	6185
-7635	-15361
-6440	-5041
4831	21910
5885	-10446
-3777	9001
-3530	4944
-8547	-1028
6462	-2850
10514	-3351
-5472	-1537
6406	-4856
8469	-1474
9971	9915
-8433	12987
-9074	-1251
-3406	1154
-9265	-17229
6371	-9009
-3649	-13669
-7140	-1521
-2490	-3526
-6168	22
-5958	-7519
-9258	4106
4032	657
267	8734
-6144	-6869
331	843
-840	5172
-9227	-4346
15092	4205
-973	4295
-813	-1628
-7222	-14165
-8785	-9170
558	8015
1655	-9779
9696	265
-7019	-4125
-9143	599
23286	-2872
-3031	-10641
-1830	-3428
-6599	1267
-1867	3118
-6191	-8611
9450	-11386
4738	-13857
16175	13124
5558	4222
-8579	-11157
-1391	5912
-9057	-1215
-8724	-2579
-8963	-5310
11952	3154
-4685	-874
-3588	-11629
3475	4326
-7800	-5017
-9216	-2724
15689	6909
-8446	1867
11515	-8965
-4489	-12787
13900	-499
13232	8759
-4584	-3396
8995	-12851
-5167	-1477
-6174	-7895
-8763	-18324
-8548	-17791
-8529	-541
987	726
-7403	6578
26169	-3745
4274	4118
17683	12198
13090	-13969
14390	-2276
-7457	-3463
-251	3866
-9064	-16117
12405	7903
-8161	-4031
-2419	-2370
-6394	-1041
-6178	11814
-9160	-6553
-5074	-6120
-9111	-3725
-3772	-9009
-2440	-16682
-2344	2463
-5716	1731
-3217	-15091
-6591	-294
15189	8934
-5361	3539
27041	6181
9107	3947
724	-4602
-73	-9333
3533	-7838
-8525	2431
-8295	-5980
-7069	-5543
342	6679
-6222	5800
-1619	11287
-5018	2236
-7504	-19500
-7275	1911
6715	-11847
10177	-114
-5969	8886
7762	5546
-9088	-2978
-4870	2212
-6280	2099
-8471	-8941
21339	10171
-2985	-9658
126	6112
-7412	-1984
-4592	-13782
-4276	11548
-8492	-14948
-9121	-4838
-8358	-1224
865	-10535
-6395	-7568
-1762	6161
-4932	4790
-1425	-5840
31717	5477
-5614	8549
-1023	7049
13757	3952
-6156	-4602
-9021	-4074
-7060	-1781
-8257	4504
2813	-5915
-8097	-4977
-8404	10137
-5916	-4839
-9224	-760
-8979	-9883
-6549	-8296
-1225	4123
-5815	354
12853	6171
-4690	495
-2566	3213
-5458	-2391
4071	-313
24183	-5608
309	2215
-5275	-1595
1807	10004
-2044	6464
5929	-8684
4615	-6881
-4023	4653
-8373	5517
8736	17156
4829	-2300
-3183	-19065
1733	8240
-2432	-2913
-89	18120
-8039	16402
-8270	-9229
8988	14161
-7018	-10490
-9260	5865
-2041	-7909
-6922	520
1536	-10993
-3107	-1002
3625	-6002
-9248	1304
4203	10521
7398	5964
23072	-7360
12334	-4981
-6386	1689
-9069	5475
-6133	-14376
-6507	-1823
4988	2037
-9230	3332
-8569	1877
-2429	-9162
4769	-7246
-9254	-3251
-6445	13177
7911	-10020
-9215	-18511
30736	7577
26070	-6707
-8559	-14802
22891	7450
1168	-6945
-8363	11147
7205	-465
-8918	-7968
2661	640
-3964	-3568
18161	-5904
20169	4108
-8549	-11920
-8323	12980
-9266	7388
-9105	-2786
1234	7558
-8222	-18571
-7639	3988
-8495	5005
-9105	-10988
17207	15344
-486	-13217
-8710	-6408
1332	-10729
-8646	405
-2685	919
-7899	-6744
-8378	-12414
-6900	-16018
-7968	-5464
-1342	16267
31601	17751
-9209	714
-886	-5428
-7727	3723
-7333	-111
16547	4318
10122	-16274
62	10672
8916	2709
-4968	-182
-8318	-12116
-8347	-10764
308	1668
-9109	-2447
-346	-21288
-4004	-5323
-2001	-5672
6007	19074
-8201	8151
11602	-2937
14375	-9166
2685	-5215
-8613	-18814
2130	-4330
-5952	-8111
-6973	4929
-7646	-436
-3815	2834
-9078	1929
2711	-1682
193	-5286
-8266	2471
-7337	4048
-1719	-10923
-9007	-2499
-6398	11309
-8779	-10953
30228	41821
6979	8485
-6931	-11530
-4535	-6796
15627	33801
5636	6163
25828	15701
608	-12890
-3577	-1942
17019	3878
-9251	-945
-6498	-7900
2425	351
-3318	-19408
-6902	-10991
8818	-3808
270	-16603
-6679	6975
2223	-1295
2605	-20585
3912	-16309
-9189	3427
-3202	-2212
-7895	-7266
-1400	-6594
34477	-4603
-9080	-11600
-9250	-8569
3170	13809
-9133	-17685
-4853	-4379
-2965	10206
6789	4102
3483	1468
-6137	-29975
-8739	-4953
-8100	-4320
2988	9702
2668	-7495
658	16412
2754	1704
2269	-8774
-9266	-629
4929	187
-4608	4775
-8637	-15846
-8883	-2614
-9237	3157
10666	4166
18502	-4330
8062	244
-9085	494
-7645	-14900
137	-3110
1446	2275
603	-14
-9175	-4310
1150	36273
-8115	-13274
-2940	-19632
-5820	-10088
-8613	730
-1071	9119
-5062	11217
-6617	3671
-7879	-10240
-472	785
-8827	2737
-8504	-756
-2185	8920
20725	8784
-4277	-10620
-9140	-163
16881	334
-6023	-1828
-9254	-7553
-940	12500
-6082	790
4190	7966
-8995	-18425
9595	-9481
24086	-1849
16578	3422
-3298	-3339
-9229	-20654
-8524	1217
17791	1978
-4496	5997
17558	7890
31408	15261
-9266	5548
-5096	-24016
-6648	-10453
-7329	-5697
-8770	6419
13954	-7938
-2433	2568
4367	-1483
-9174	-5361
-5617	-5794
-7608	-12987
-8899	-14665
-775	13439
11318	5215
-7815	-3668
9064	-14068
-8683	3972
-9107	3734
-1277	-1346
9952	-6887
-3490	-17086
-5004	4336
36477	14403
-3440	3027
-5933	-3197
2414	-230
-7480	-3161
-8373	-15
15323	14973
-9122	7181
10151	3222
-9223	-10230
-9129	-1391
22959	-6282
-9260	14815
-6362	-9943
-6721	-7114
-5173	-7058
1144	9097
-7146	-10350
-4733	11159
-7276	25135
-8224	-2294
699	-8116
2038	-16373
5485	15979
6101	-2130
-9035	-4762
-445	-11079
1199	-1646
-6795	-6794
-9248	-5187
12338	2646
26245	22319
-6368	-6751
-8681	6392
-9070	-4226
-4391	5606
-7939	-8705
-4873	-10924
-4172	-4520
-1669	-16117
-5598	-9476
-8705	-4201
-1821	-11679
21381	14874
-7926	-3605
5977	5683
119	15179
-8139	-13619
13917	9848
-842	4836
-1588	3415
11841	36578
-4719	7699
-6125	-4575
-8728	-478
-9212	-8292
-2408	16526
10564	8941
-9175	1432
-4169	14131
-5158	-4038
5568	28059
24362	-3428
10007	1022
-2228	3061
-1055	-8991
-1028	-67
1077	5263
-1924	-5480
4019	2194
-9192	21078
10914	11186
-6963	-6624
-5970	4708
19745	-4905
-2112	-16272
2804	-10794
-9035	-10715
20664	-4287
2289	7720
-3969	9387
22698	6991
-5641	-4161
27960	12216
-1693	-11690
1998	-4072
374	2756
14946	6983
-9257	-6784
-2244	4487
2992	-515
2021	20759
18867	-2950
-8893	-3966
12721	1298
-8637	6208
28040	-8389
-7096	-6112
10229	-2819
1448	9918
-3135	-4021
-248	7171
9630	-1626
-3575	-6562
-8974	-4165
-6738	2257
-9186	10015
37959	11172
-9155	4384
19907	-5568
-7758	-2313
-7964	-19242
-9257	-8099
-3204	-2504
-3229	-2689
-463	-3346
16691	-226
12330	4804
-4058	6880
-8998	14639
-8281	-15039
-7219	-9003
-7341	-5481
-9245	4809
-5767	12063
3472	1062
20563	14126
-8513	15361
-4565	-4531
687	-9279
-9258	-7843
-8451	-6962
847	-11691
30929	25487
-3690	-16438
-9261	1530
-7285	-3760
-3484	4312
-8786	454
-7939	-5719
14230	4071
16235	7972
-633	5953
-3679	16208
-2516	-10772
24605	8954
-3680	-5596
-9111	-4502
2102	537
915	10208
-2918	-4644
-8153	-2663
-33	32232
-9207	6235
30774	-936
-9091	-13379
-7848	-7857
-8932	-9455
-3030	4445
-7146	-6884
-5904	-5700
-7658	5315
-1939	6602
-9186	9862
-3713	-892
-6320	-3042
-4336	-10133
4491	27183
492	-7474
22782	8852
-9189	2662
-1755	1721
-4466	11584
-2557	-3536
-5212	3931
14645	8149
-5038	-1903
-1607	5685
1637	-4295
-8091	6361
-2931	7735
9534	-6035
21225	-998
-8747	-1070
5080	4522
509	8547
-6270	2606
12937	-6699
-6524	3941
3921	-820
-7785	-16384
23234	-1307
37349	-532
-8103	4091
-9254	-18262
-4937	-2730
8518	-7139
-8862	-123
-7918	-5484
-7502	-9247
-9199	3157
-1423	-175
2237	40456
-9229	-8750
385	7488
-2045	10394
-7756	12390
5804	2092
-337	-396
5289	2138
3539	-1556
-9248	9347
7815	3953
311	25063
-7986	-2837
-4861	5075
35543	9420
8901	-1865
15924	11400
-1097	3915
-9250	-6415
-4560	-1187
-6245	2301
507	10852
16869	-2557
-4811	-2089
-8738	-5013
-455	7738
-4087	111
-6188	-4762
-9244	-5876
-8570	-8503
-1680	-18228
869	2119
-8879	-4289
-9242	4334
-6948	-3302
3335	-3362
-8160	6512
-1836	-67
-1378	-3517
-9037	977
-6742	-6409
-9112	-8392
-5716	5271
-6010	3856
18681	-2978
-7282	7741
-9243	1090
-8850	5778
-1323	-11550
1	3788
-2436	2486
3534	-22065
-5863	-6649
7646	-4401
-7230	-11071
-2406	9890
-9092	-11593
-1439	-6626
33952	17680
448	-3325
-8597	-2959
-1734	1868
-6670	797
-7811	-3033
13232	751
-5418	-10695
10846	4375
14273	11013
355	-4246
-9237	-7784
-6914	-10759
-6245	26560
2431	2751
-4168	-5734
-7602	-12094
-7548	8077
24231	-4071
-6231	-10384
-5917	-15272
-9162	-10704
-4642	1850
-9208	449
-6497	-173
28684	27781
4102	2790
-8822	-4759
-1085	6691
5182	-10034
-2528	3984
28819	11256
-3732	3240
-936	12620
-2448	-7561
-705	-3635
11654	-6871
-8779	-14713
7919	-721
14826	2374
559	-3870
-8368	-3998
15878	519
-2160	-10877
-1497	1103
-7514	5958
-4835	434
8826	-3077
4174	2138
-9245	1155
-8444	-4559
-8406	7240
-6800	-9935
-2588	12478
-1825	-4278
-4004	-6866
-7307	-16028
-88	4117
16576	180
-4962	18662
-2060	-10807
-6887	-5438
-5295	-1903
-5254	-1870
11890	13802
-769	-1831
9029	-5461
2327	12263
8905	7239
-9235	-3958
-7072	-1647
14523	-10546
3517	13076
10006	2320
-5189	8061
-8665	-11286
9403	5789
2506	-527
-6076	2865
-854	7173
-9007	-6786
2287	-7718
-3648	9497
-789	2738
-3389	7532
1966	7040
1460	-12767
-8253	-4157
9208	9830
-1271	-10594
413	-11563
6562	-3959
-5997	9315
-349	6975
-2347	2178
2330	18827
-963	4875
6080	-4784
11562	5942
-7958	-23229
-5332	3748
17611	-18110
-9043	-8458
-5310	2972
-8416	3346
8635	6022
9960	6560
765	13326
-1286	-3467
-7357	21950
-5428	8226
-2988	31171
-4417	-6112
-5898	-11580
-2474	7432
-8119	2750
27313	43650
20050	7836
596	-18107
-9054	4167
3613	-14600
-4167	-4333
-5038	-9039
10290	7355
10258	2579
19055	1049
-9254	1161
9593	10240
10410	-8189
-6690	-9095
1020	-1864
-9242	-10908
22856	-17237
3988	5960
-8430	-6839
-1038	-7103
4336	324
18241	-2415
-4483	-8599
7651	5492
-7873	-21112
33621	10315
-9246	-14546
7582	9743
-1046	4490
-9093	-6997
-8513	-2654
-7532	-8745
477	-17720
-5060	2054
1194	10000
-6341	-24253
-8714	-9893
603	-6786
16867	-7172
6426	-9358
37640	8992
10150	9663
-4549	257
-3657	-310
-2919	-3672
11163	2684
-7973	-9123
-9202	-2335
-9151	5015
-9245	-9762
6469	-12048
-2170	-5392
-7660	6593
-488	-1975
16704	-8214
499	-9913
-8631	31843
-8561	4246
-5793	-4854
1694	-8234
7948	14175
4818	18205
-47	-11688
3528	-2128
-3075	13442
-3602	-10638
500	8038
1137	-10668
18087	45146
-8777	16388
-9265	-5054
9593	10739
-6430	4673
-9253	-11502
-8627	-3691
3626	-1379
-7565	4873
1508	-9167
-8151	10861
-3589	-6767
-7615	-5381
-9139	4671
4065	7670
-8626	-12054
2727	-105
-3293	3323
-42	-1875
-8668	4675
22837	12240
-352	-9098
-8996	11363
-2882	3342
1712	6679
-4528	2234
-8663	-8307
-1191	71245
-8757	-2023
-7438	-10090
-7058	3038
-8202	6715
7403	-2945
15882	10840
-8703	1561
17333	4677
27198	5943
17310	8332
-9161	-4239
8380	1128
3142	-2018
633	-9473
-9201	-13652
-6556	1877
973	4773
-4362	-11789
33255	13510
-3169	-12411
-724	-5201
-4197	-6412
-1047	1651
5941	28901
-8521	-13524
-7975	7097
17253	68
4472	960
-7500	2690
-8694	-369
9058	-7476
1709	2853
-8033	-13862
-8551	89
-8660	2227
28040	14014
-8539	-9887
18073	7746
-9064	-6123
-1492	-12928
13324	-738
5458	-321
32819	1207
-5942	-4219
-7296	-12801
-8993	8040
6956	-4982
-9263	-13112
-9166	-2381
-8715	-6410
-1142	1225
18960	-6993
-9159	-2138
22749	25038
-5978	20791
-8856	5651
-3423	3619
-6227	-9444
22418	3632
-6732	-7136
-8600	-12207
-5507	-11972
13256	577
1140	3523
2261	24756
-7033	2586
-6840	-12315
-8216	13344
9797	1738
25214	-8503
-3919	16414
-8989	-16732
5750	15798
11502	26631
1198	-10794
5072	24989
537	-9535
-8953	-18493
-9264	-17879
2232	22279
-8908	25654
1703	-5726
-7455	-23197
6849	-6849
4147	-293
-1234	2779
11361	-12396
-1876	9834
-8434	800
19974	7986
-5005	-394
-8034	6294
16211	-9542
-681	6610
16750	3620
-8959	-7361
-9219	-491
4285	-4789
-3851	-2228
-3133	-7476
-9089	7040
-6377	-13254
15136	7227
-2945	11652
-9205	-8901
-1441	1557
6984	6496
10466	12514
514	-7343
-4319	-19024
-9224	-16695
-3676	-91
119	2158
4789	2443
25767	6768
2068	7688
18506	7624
-7949	8678
26845	-4443
4574	9414
741	-9413
5485	-1810
-7886	-4791
-6368	8392
-7120	11452
3872	4341
-8645	-6398
-724	-7674
-3463	12253
14212	-2260
-9263	464
283	16526
-7723	5280
16491	22272
-5097	-10135
-5838	21789
-9012	-1269
6227	-11452
-9261	2036
-1721	4001
8975	9922
-8314	-7029
-7545	-14716
-5424	-7017
16613	7943
-7835	-7559
-373	-3874
19139	15162
-9251	8351
5036	9332
-8994	2553
-6404	-1595
-3595	14440
-1790	10841
16302	5193
-9164	-2501
-1714	1954
-8125	-2149
-8770	27113
-6447	2848
-4087	11095
5100	4954
-1247	4254
-9225	-17442
17788	10671
-9056	-10437
-9253	-1695
-5617	-7802
-886	23894
-2428	3728
-8959	-8041
-7959	-5910
9170	-8123
6553	-5194
24359	16666
12712	180
-9264	-7045
-4440	80
15683	7980
-2661	-5648
-1735	2545
-9167	9190
11869	3661
-9193	-6489
-3017	9151
16086	-5211
-3282	6523
269	-11002
-7020	8436
-8600	6370
-9263	-2880
-9144	-2350
-1336	-5909
-3447	-2179
36895	4147
-4401	9096
-8667	8960
-3801	-14618
1686	15351
-7389	497
-671	-6411
-1924	-11161
1683	-5440
5240	-8256
-4121	-3458
-9140	-11576
-2401	10403
-8803	-831
-9141	1684
-7645	1547
-9005	-6843
5525	-762
-6053	5705
7172	192
-9169	-15738
-2085	-4812
-1738	-5278
-5066	7322
-8587	3705
-8976	-5297
19659	-2530
25828	6435
-8345	-1315
1206	59
-8117	-4368
-8939	-4156
-8943	-4035
7245	-2658
22895	-4820
-9260	2004
-8911	-6468
-4301	-5221
-8682	1101
-8810	5703
-8519	1231
-2183	3277
-9053	-10247
4388	10344
-9254	-3504
22230	5360
-8001	1079
-5590	6301
5436	3220
-5642	2986
-6572	-2357
-7846	4362
7337	463
-9205	10548
-9221	-12450
-9056	-3840
5419	-10443
-9242	-8874
32900	16054
-4244	-4490
-8391	-3719
932	5581
3365	13960
-4083	-4667
2601	1547
-8252	4240
-1571	-5992
11511	-4916
1822	2676
-8062	-252
-7044	20
-9262	-12168
-8175	-1601
29255	698
-9208	-18003
-205	-1445
1973	-13911
-8949	-3766
-6575	-2723
5781	-701
-595	268
-9124	-8607
3496	-14482
-8687	4315
-9263	5129
-6065	-17158
6900	-2510
-1905	18502
-8264	1111
7002	-1589
2016	1801
-4177	-714
1347	30882
6669	4739
-5366	4968
-7127	4938
-9214	6832
-8814	-5159
-8598	-10417
-9246	315
8366	-11251
677	77837
17011	-6499
-5644	2720
7082	8492
1993	-14097
7260	-5950
17449	996
-2862	-14737
-7440	-385
904	-1618
-1051	-15244
-6944	6361
2913	2896
-6593	2456
-9102	-7024
-235	4545
-9263	943
-9057	-5352
34651	16082
-8984	-11059
-3909	-35078
-6750	-5468
-7714	-4655
-9235	-5831
-2265	-13662
1508	8013
1570	-3133
19964	18606
-3648	-2311
19792	-7461
11941	7868
-554	3587
-5561	-393
-6249	-4476
-101	-4593
-3569	9881
18076	-7274
-2830	2380
-8627	4882
-8670	-5957
600	2018
-6574	5107
-4896	14239
6412	-4979
10768	-210
1606	-4167
-44	3645
1657	7387
-8584	-6010
3244	15394
-8661	248
-5974	14608
22410	2655
-8850	-19472
-9214	10377
-4164	-10740
-5142	4607
-3767	2118
-2167	-3419
-9266	-2767
-8334	-3761
15678	-3041
-8748	4927
-7276	-18233
6401	-6861
-9204	6457
-5327	4897
4243	-3091
-6019	-2228
-8883	-4002
-8232	6688
-8305	12637
-9170	-8559
-6543	-19566
-8932	-3500
16015	-2874
4602	-8029
-5265	6852
-5078	-10438
8937	16280
34	-6071
22290	-2216
-3754	-19190
-6638	4492
2072	-40
-7659	-292
-9119	10335
-8197	-1875
-4960	-1376
-5131	-8390
7764	17347
-8465	-541
5980	8525
-4835	-13353
942	1622
-7427	1891
-2721	-8633
-5857	7649
-9014	15125
-6581	9175
-8012	-15505
-8177	-3391
-8446	5436
23011	19544
-1136	-3460
-8717	-3132
-8788	-11576
-4769	-10863
-2133	-1068
11538	7544
-1775	-847
1671	-5479
1136	-14132
8593	10419
2025	-12357
-64	15301
22259	16139
-4619	-3349
-9136	-425
21522	5629
-9014	1037
9867	8625
-7727	8920
7137	-6765
11524	1063
110	5636
-1815	6985
10663	25143
-1526	2918
26631	12131
-6287	1401
-1546	-10703
-6175	-3617
-9086	2955
-9215	4900
-2856	-6138
11770	-3446
-9225	3277
13474	-4392
-8003	7184
-1976	-1848
20189	-638
-8024	-20364
6779	20552
-8879	-13286
7218	-18534
-351	2745
6462	6687
8886	9079
-5294	5902
-8552	-2332
-9260	-5729
-7859	2874
-6333	-3359
-8903	-11820
-7285	-11110
-8595	-2773
-5414	7308
2160	-14315
-8439	-2158
-6708	-147
-3198	-5541
7595	20564
31362	23786
12784	2938
243	-57429
-6205	-9833
6803	-6974
-7805	-1652
-7807	-5441
-5958	7037
-5797	-12683
-8931	1629
2938	-8909
-6766	349
-9069	1679
-4213	3718
-8372	2189
-203	-3850
-560	23026
-8491	-9823
1218	312
10489	-2602
-5218	-2645
-9254	-69
-532	10175
-1351	-1236
-7032	5766
-2467	-9469
-9263	-4673
-9054	-7853
-9266	-1378
-3054	184
-7215	5087
-9014	44376
-6197	-2714
1570	5616
12162	-1892
283	-4904
-9202	-4424
-7711	-4877
24738	2703
-2840	-138
-2475	-6869
10171	-323
-8315	10763
-6582	-2749
-1194	-3310
35237	-5025
-4577	17330
3706	-3541
816	8421
-8379	-5273
-7908	-2353
-8386	-6375
-9237	34
28159	-5392
14375	-5364
20010	6234
2324	-5194
19530	-4164
-8702	-1570
-5225	-16809
-3467	-321
-9266	-2728
-6814	-7473
-7335	-7798
9390	7134
-9103	-12556
16689	-15423
3995	-2200
-7046	-1075
4761	7046
-9035	-2578
-5553	8577
-2221	-6843
-4961	193
14841	-2435
-9007	-5318
-9105	-394
6392	8898
-8905	-4655
1050	-15925
82	18607
-8439	-11214
-8651	4616
-5137	-13194
-7696	2483
-9248	-9619
-8502	4370
2171	-4190
-9259	-144
-7068	-5963
7564	3632
-8583	5601
-6994	167
-7571	-2947
876	4075
1228	-6057
-5124	15838
-8207	-18572
-9262	17924
1921	16649
-7676	-527
16879	3732
-8527	7138
-9163	13015
-9201	-389
3014	3998
-9126	-24439
-8862	3352
230	-7229
-6427	4786
-8850	-16774
-6452	-5515
8399	-9096
16350	2654
12496	6252
-6029	-16967
-3091	-12220
9248	11249
23676	5788
-7340	-4140
-6329	-3968
11563	292
2896	6328
-807	-7805
-4294	2444
-6840	-4050
-9128	2778
16637	6875
-5599	-2024
-3274	4491
-7315	-2894
1523	-6280
-4059	9689
-9255	-5208
-7102	11831
-8552	3083
3418	12363
7414	6660
4193	2126
16	-20970
6027	14008
-9039	-4827
-8352	21854
-2531	-520
-2213	-19273
-2069	-1126
-8806	-12360
-6368	-3187
-3175	3874
1232	-11112
-9192	-10891
-7702	10946
-8733	1807
11987	2829
-3743	-21434
-898	-3502
2206	5110
-1634	-10215
-8304	-5206
-4326	-991
-9170	1880
-9236	-7490
-8115	-2524
15629	-3655
-6956	5908
-8800	-7467
3319	-7571
-478	-2642
-9016	6482
-8621	-5084
26316	-2537
-2784	-10983
21587	12940
-6691	1779
14201	-1180
-2280	-5625
-8652	2154
-2576	-6703
27690	-9360
-5113	-6121
-5746	3180
-9188	-11426
-1145	-9644
1096	-1053
-9240	-5970
6389	5753
29585	8082
16031	8883
14404	4898
-2130	-1592
-6738	-595
-8347	-12295
-9186	-20211
19046	23814
757	5277
-9195	-3346
-8290	3820
14247	-6026
15083	-13950
-1108	-3521
-6875	-4585
-1836	1037
8151	5838
-4339	-2327
32729	18699
-3666	876
-5637	-2351
-1990	-11687
-6547	9714
-6401	-10131
-8878	57834
-1485	-16313
-7321	-5689
-9182	-9394
-8428	13627
-1104	-6858
-7579	5309
7019	10319
-8601	-14509
1933	6274
-1335	67
-4990	-14064
-3270	-3447
-8956	16528
-9124	-13572
14455	1371
3144	-5836
-9209	4404
17575	-4996
-8437	-12825
7397	657
-8848	-8919
16865	-2514
8167	8164
-8077	8086
-1468	-7547
-9024	-18834
29791	4458
560	5039
-1467	14859
22948	-1764
-1170	-2746
7664	-2377
-2225	-6347
-502	253
-2136	12428
-762	25792
8600	-902
-4786	-3110
13122	29434
-9174	11408
-159	-7657
1541	1314
-9254	23921
5486	-2960
-8839	-4483
13455	-14951
-9144	-8356
5787	21489
11094	1305
6910	6729
-4758	-4642
7198	1737
-1332	9107
-6355	-13291
-8990	4519
-7070	-2184
-9250	-5932
4828	-4092
-6509	5689
-8050	-2386
22943	362
12099	850
-9263	-12540
10083	19270
-7326	-1564
20397	4234
9390	-1092
23708	15292
-6220	9002
-7705	6936
-9260	-14770
6007	-9945
-6180	-7306
8049	7702
-2837	3787
5233	28419
-2490	1478
-8845	1430
-8269	12096
-8379	-7398
-9128	9023
-2612	22093
-3553	-1598
-5818	-1789
-8264	18520
-8390	-16883
-6427	-10129
-4864	-10004
-9000	-8857
-7401	-8910
758	6356
8434	5386
-6016	129
-1750	-816
-2730	-20330
17928	9343
-6743	1773
-5587	-349
-7962	-9914
225	6046
-4632	-4682
4416	11182
7554	-7385
3475	19159
19070	6014
17879	-5433
2834	9079
-1089	3164
2378	-3887
7115	-9313
-3297	8667
-7925	-3771
-2734	-8332
1331	-5811
11328	6800
7485	6073
-5141	-905
1847	19585
-5065	7817
-90	-5745
-8205	-3201
19	1220
31403	10844
1363	3550
-8929	2341
-9104	-2837
-3714	-9930
-4374	4507
2445	-14489
-9253	2226
-5417	-6589
-3992	-16721
20824	10827
109	-4547
-4321	16672
6080	-3007
-1243	6235
-7286	-5652
-9042	-12673
2704	342
1188	811
-8751	3060
13694	12934
-2876	-18087
-5111	1698
3978	-4219
-8503	-706
-8846	-5409
11912	-7937
-1877	9721
-8518	-7854
-4964	-2425
-2012	-4173
-6245	-4882
25879	7363
-342	-4245
-8254	-4486
-6541	6006
-4691	-216
-8195	-6509
10907	5984
4876	-20098
3238	-2128
-8536	-11708
9235	11894
-8611	-9202
36108	31272
6354	1071
-1033	3692
-7852	-13444
-5880	6903
-9061	23003
8924	4119
16450	-6511
-7953	-3404
2663	4198
1180	20072
16360	9377
-6282	5365
11954	-4491
-2892	-10809
-1314	-375
-8164	2020
-2411	-16
20694	5095
-7706	-1016
1950	2785
10682	24288
-9259	-601
4762	-3060
11313	5892
-7568	14425
-2115	-2343
-8992	3960
-121	-4208
-5612	-6544
5623	5694
-5412	-8478
-6746	-6240
4527	1664
-8756	5332
-7484	2153
8984	-5031
53	324
-4753	-11358
-9262	9794
20171	-9056
-4806	-1112
-2575	-13311
10644	-2615
-4877	-1883
-1342	-9563
21296	5402
-5301	29439
-7464	1201
-6613	7097
6546	3478
690	-6682
6748	5005
-8097	8891
9069	-10544
-6492	-4988
-8993	-8016
7961	903
-6249	-2061
27576	2101
8335	12336
10696	-8021
-8355	2204
-1519	-714
35942	12722
-5456	-1791
9441	-570
23132	-1256
5649	7507
12302	7869
-8686	-2179
6252	1898
-8816	3239
-9102	9253
-5800	-346
4267	-1475
-4128	4159
-8796	-1632
-9059	-3753
-7915	1731
-7508	6320
16722	1761
1171	-1049
-3245	-11636
-9112	667
12992	2133
-3844	-12274
-9152	521
-9113	6570
-7873	2478
1891	-11523
-104	-11602
3689	-4636
-5188	-12420
27498	2229
12261	8656
7960	-1280
34215	9093
-5067	7612
30337	9168
-8448	-6698
20024	13015
3607	-1400
-6579	3731
-9019	-7612
9919	-1366
-2493	-5542
-1052	-796
1149	11070
14144	9517
-7852	4255
-8930	-8521
-9263	-12347
-9242	-702
935	-525
-9120	3866
-3906	2531
-6384	8116
2440	3136
-8805	-1105
-8809	-19209
15484	-13003
-794	1724
8853	-16757
5643	8291
-9147	-1546
2557	-1432
-4794	4036
3390	-10362
31441	9967
2149	-1489
-9197	-8495
30104	10014
-6635	-15859
-7832	2786
29165	1474
13455	-2414
21613	7513
1675	-14865
-8682	4020
-9231	-5672
-305	-13949
-4984	5121
-7792	-8852
1626	-7486
-9114	-7234
-7851	21605
-5871	14686
-9189	5401
-7624	-14485
-5156	-6710
-5061	-3808
756	-9179
-188	-8135
-9027	-1937
-4879	-16509
-7627	-6233
-910	7330
-3084	-4015
-6676	2841
20198	12996
-9264	-1400
-7910	10030
25578	-3432
13456	-4142
-3734	-17774
-9168	-5086
2158	4698
-1317	4394
-3845	-19787
-7981	-5928
-5244	-16100
-375	-2944
-7994	-4291
-6981	-3921
10323	8327
15956	43
-8929	-952
29746	-9426
213	-4530
-7563	-8328
-8339	4120
-6103	-3712
-6597	7161
-9261	-4582
-8754	13036
2510	3874
-4789	-846
5788	281
-9266	-6639
10188	-4683
15415	11088
20386	4034
-8746	7658
37637	-2460
-3416	1580
19261	19892
-1436	3771
9	-7777
23673	16209
7597	-4978
-4318	-925
-5936	-4534
-9184	-13437
-8303	-2081
33896	15017
-8779	6902
-6204	2032
-8011	-1088
-9260	-4394
3753	1021
-1659	9415
2641	-854
-2328	-2689
-7963	-5595
6894	21190
2976	-5469
16420	3471
-110	10341
11310	4781
997	2751
19489	-7531
19040	3315
-4350	-4753
8929	-12707
-5086	-6207
-7665	-7714
-6363	-1560
-5784	4240
-3859	2298
-8979	-203
5973	11604
7458	-7808
-2624	6281
-9234	-1814
-8114	3205
-9213	-11047
-7458	-5164
-5776	-735
24846	13029
9150	9218
-3050	-3688
698	-6048
-6593	5402
8304	-1058
-6346	14423
-2060	-2736
20216	965
8899	6262
37701	3696
6315	-9825
9360	16791
6578	13657
-5832	426
31600	16674
-4647	17909
-9234	1713
-4864	-12194
-3105	-13049
-674	6165
-2312	17211
-3926	-10405
1758	-12828
19739	11485
-6934	30718
-2219	-5396
18322	10881
-5221	-6746
-6906	-14912
-4013	-7070
-1283	-3313
-1980	-9131
8390	-2763
14111	-17102
21301	1722
-7294	2512
-7707	-14626
10356	9545
16286	-8825
-8014	-9340
3480	7684
2112	-14745
15468	1777
-3399	-4219
21038	12917
-5436	-10826
-4953	-13995
-4541	16010
-4477	4225
-7162	696
-6467	120
-2534	5304
-5935	-4449
18140	3830
-4599	-4072
6326	10128
-9264	5083
-7831	-8514
2739	9087
-7869	-6608
-8692	8212
-9237	-11837
-9076	-8453
-4511	-11601
-8855	-9792
-3164	3205
9809	-4081
6659	-3333
-4621	-6978
-9132	-6503
-8612	-5466
-7005	-25022
2703	17871
-823	1928
2611	-3349
17343	-4013
-3540	-16570
-5517	-334
-5023	-19309
-8363	-10616
12714	5467
-7112	43799
-6654	-5114
-3845	1047
8903	-2482
21443	-16316
-9222	-3681
-8025	-7480
8992	-2655
4507	4852
5559	10602
4243	-3696
-6274	-4178
-519	3274
-4498	16748
2138	9608
8571	-3957
-7996	-1824
-6750	865
-9260	4488
-7439	-16103
1073	-20313
2193	-6136
15797	-1141
-6917	-6800
-3724	-16952
13760	52897
-2935	-5825
-9000	11826
-9186	-8504
20839	543
4684	5459
-6242	-14046
10310	-4909
-5509	-4472
-7932	-6348
2838	7668
-9199	8697
-228	-5897
-2043	-7415
11559	7753
-1178	-4241
3212	-724
17795	-6097
7666	1280
-7516	-11397
-3952	-10371
-6580	5127
30657	18124
-2732	16449
-5932	3454
-9175	6465
-9163	-6590
10833	5587
-7823	4752
-6001	-1956
-3921	-3267
-5871	8345
28833	7456
-7378	812
-7778	857
8545	878
11848	-3292
-5138	28565
-3797	1919
-4517	-427
18699	2646
18304	-3430
-71	2872
-9266	-5159
-6120	-6715
-1655	3443
-4301	-1973
16030	16792
-5044	-1761
-9092	1291
2382	-3451
16659	-3670
12519	4693
-7122	-1928
22885	-1967
-9091	-7138
-5975	-3026
5371	10964
4108	-2866
61	10780
-8223	-5261
30044	1575
-4500	-14047
-4423	2673
-8423	-1358
-933	4474
3861	22047
7889	-16032
6128	322
-4867	3866
10668	9391
13515	-8019
-2644	-12449
3741	6764
-8840	-18801
-9030	9779
-7512	-7885
34	3436
-8461	-3341
-1762	-7666
-4746	10697
-7224	-5921
-9235	-10950
-3959	-1898
-7067	-1354
-8141	-5067
-6363	4474
5350	28192
2499	-2594
8705	-5819
-9266	3573
23335	-7342
-9215	262
-3562	-4777
25121	3771
-1140	8593
9919	2943
-6119	-4476
-5552	-10327
5955	-1827
-2880	-727
-5977	2131
-8231	-9721
-9119	-1216
4294	-782
-8973	-2790
4690	-7315
-717	-4999
-6721	-7908
-8255	-4981
306	6174
1752	4713
13471	4292
-9113	-7012
23162	-7199
-5092	-5270
-9094	-10117
-7520	282
-3743	-19229
-1811	16301
4802	4400
6332	-441
-4417	1378
-8903	-1616
14839	3461
-3440	5409
-9238	-11790
-8867	-4849
6587	-3220
-1958	119
22699	11940
31581	7803
-4701	-3383
13996	4710
22035	-4802
-4812	-2955
-3668	-10601
496	-4308
3029	2850
-29	4469
9090	4324
-9266	8986
-8210	804
5621	-16763
-3547	14661
-8713	4571
8206	439
-5431	-3552
-9066	-8220
810	6356
-8519	-6154
-8905	-1202
-4651	-8950
-5731	-10411
25366	14174
-8900	7256
18902	9145
-8629	-6943
-3534	-6485
-3649	251
5517	-6481
-8912	-5661
2359	-11424
-9264	-11352
-8693	-642
-9200	4779
-1063	-9966
-2986	-6855
7599	10273
-7521	615
-367	9166
-902	876
-8714	-6780
-8934	-14662
-8914	-6719
10439	8248
-8246	-9261
16095	8264
-6922	11601
-8645	-4843
-2049	-8276
-9166	-3365
-7801	-4261
-6212	107
-7195	-10571
-6817	-5483
-9127	-6058
-1136	24566
132	-5772
-9153	-11818
-8645	-19002
-8566	10246
14770	9089
4425	6708
-8793	-7383
-4891	-1042
12642	28308
19616	29180
-7097	-2139
8903	6982
-6703	-4770
-3164	-8024
-8328	2567
-5965	-7764
7834	5613
-8035	-5860
-111	6566
-5597	-14881
-8397	8289
-7746	-2045
-7566	-10901
-4226	449
-6265	-7381
-3973	-1208
-9262	-14133
-8373	-341
-1287	6690
-1911	-7946
-3986	-21205
19766	7798
-4212	-18355
8570	-7683
-3818	-13277
-7037	1733
4193	-16514
26199	-321
-616	8749
3154	10320
2807	9839
-8564	-3372
-617	-4155
-7968	24300
-6812	-9502
-7873	-9655
5134	4137
-8485	-1281
-2058	7544
-7327	-6801
-9209	-85
-6949	-1790
-8023	-1472
-9230	-12236
11242	5345
4807	-12665
-9266	-12879
-2453	1196
3794	4008
13823	754
-6231	7436
351	6734
8460	-2907
22773	5268
-7006	11923
-9231	9057
-8999	28600
-4347	5928
27615	2459
-9081	-5038
-8033	-8759
-3723	-2108
28448	21841
-4120	752
-5277	-13899
-9096	993
6702	-57
-8178	-18
-9262	-9829
5552	2208
-3621	-1012
5078	15631
2928	-2749
846	4764
-4034	2245
-8990	-7013
-8508	-20647
-1895	5320
8137	6094
-6706	2012
-6035	-1037
-4211	-11727
-1186	2805
29605	10433
31586	7012
-7369	1033
8731	8845
-4616	-6211
-8763	-10535
-4628	-572
-9250	-23873
-8951	-6036
8278	5463
-9131	1195
2800	1651
28905	19373
4899	3830
881	-3339
36098	21860
-2124	-1932
32229	3509
-7485	-12583
30915	13321
3451	-4817
19676	5594
10684	3220
-2031	-16049
-8615	-1661
-4925	9624
-4845	2201
-7230	-11641
-9256	3821
-1629	5004
-9250	-3843
-8483	3336
-6380	6427
5778	35152
-4503	-645
-9262	-27039
-3463	4332
-7729	-13984
20770	11952
-5376	7496
10853	-7383
-4598	734
-3295	-13352
6116	18465
-9069	12238
-2219	-1464
-9266	-3563
-9052	10165
13177	-8160
13492	11112
4355	2859
5672	7067
16575	-9925
1420	-9104
1532	-12628
-110	6162
-2944	5231
-3151	25814
-2055	664
-9220	638
29203	-1053
-7637	-879
-8302	1902
2990	-12848
-2473	-11200
-1451	11991
-6220	5871
-4061	1368
-2666	645
9079	-5779
-6185	11256
-2828	-8899
18706	16469
33078	26768
-7539	-622
-8742	-2543
1868	1820
31519	-5184
13212	2500
-9237	-12710
8588	5747
11030	-6608
-9161	-2505
15213	2246
-8684	-4025
32207	19713
-8584	-4968
-9193	-13130
-2605	8080
-3278	-1335
-5596	-10183
-2430	-9167
-8652	1831
11406	1486
-6254	9466
-5589	-5604
2379	4033
-6579	-4852
-4774	4801
8021	-8412
-2586	22671
351	3290
12387	-880
36084	9959
2239	3872
11438	9995
-8685	-9177
10600	6260
22649	6674
-38	-5062
5880	-4500
-8883	-1234
12565	8899
-4023	12819
-9266	8875
24998	-4926
-148	-16540
-2617	-8282
-8756	-3342
-9065	2784
-9034	-7639
-7356	-12814
37507	14257
-3497	-12521
2654	2652
-6820	417
-5400	-3078
-7843	6733
-5022	1647
3363	-3730
-5228	-15698
-7138	6958
-7787	16159
3348	8674
6952	-5459
-8514	-8781
34798	-3198
-9073	-6969
-1610	10780
-9258	8903
11905	7895
27521	-730
-59	-2173
-6575	3438
-9197	-12360
-6807	7513
26131	-3187
4012	773
2410	-1270
-4642	-17674
-8059	-2026
-9245	2390
-8529	-8851
-9230	2504
-2905	-1248
-4723	-760
11676	3648
-8875	-4214
461	-12704
-7136	618
-7685	-16801
6961	28249
-8775	8693
6948	-8139
-2056	970
5028	4254
-9241	10304
-1617	-3917
8217	-606
-5686	6475
-2484	2590
-7701	-1138
1925	10244
18773	4725
-8946	1878
-2990	5987
-1681	-12721
-1733	-1223
-4286	-7303
6417	12052
-8940	2764
-2593	-4928
-7752	165
-4402	7604
-6273	14601
844	1217
-5832	-4
621	655
-917	17680
-8686	3310
-5007	3300
-7075	5015
476	7266
-8248	2107
15136	-2921
7600	-4436
-9262	7419
-4303	4468
1784	3100
23135	-6718
-2324	-15082
3237	-4407
36288	17052
4131	-9287
9564	561
-9134	5986
9668	3176
14236	29409
-40	-8243
6308	9117
7453	12660
-8789	-13374
78	-11366
5550	-3324
8894	-599
-6189	-10266
5504	17970
-3842	-14632
-4847	14445
-7166	-7677
-4242	9296
3172	-46
-4832	348
-6998	1049
-5104	-7365
-8055	-7584
18189	1716
-2949	9667
-7859	-14087
-8388	2964
25574	3999
-6654	-16939
2726	-820
-8708	-9354
-8195	4833
2816	11531
-7181	11478
-7285	8996
-8569	-3788
-6729	-8745
-8884	-10107
-7378	2629
-8780	-8062
-3546	-347
10078	-5996
25577	-501
16195	-3976
-3550	-3003
9696	-6700
-2876	-10794
-8869	-2049
-8874	4462
-8117	-5526
37604	4259
-4655	-5121
-3548	-3463
3673	-8226
5393	6636
26268	24655
3850	12041
9323	1699
10915	-13449
-7177	-6650
-6851	-6826
33184	6211
2869	3601
3546	4771
-54	-9083
-8382	-924
276	-5143
-1959	4588
36349	8039
3088	1436
9428	7528
-495	26914
-6001	1502
-113	-9601
-9080	-2045
21585	1493
-4953	-4538
-7982	-222
-7574	-9150
-404	-1571
-8826	-2037
-5323	5072
5879	-21332
34277	57674
-7188	-4424
-5038	-10670
-6565	-1866
5800	3008
-2561	2072
20144	-5096
2851	-16539
-8403	3296
25182	-7221
-4279	513
-7823	14313
-7452	14159
3207	20680
10477	2514
-7421	11147
-4259	-3622
-8520	-3499
3904	6543
-8195	-5867
-899	-2156
-5677	2390
-8480	19243
-8991	-7169
-8701	-7948
-6092	-7890
-807	-8060
-8058	5019
-8813	-13620
3516	7727
-9226	-16284
-9214	116
-9007	1911
9349	23807
3040	-6581
-9208	-241
-3075	4364
-9251	-6014
-7937	-10458
-5903	-7929
-7792	-2770
-543	4740
-7275	-6280
-2638	44853
14261	3044
-6688	930
21644	483
-3367	2122
-6700	3387
-8746	-10811
-8934	6291
-2569	-7568
9454	4043
23110	11299
-7135	3527
9475	36615
12520	57624
-843	-7802
-6132	13259
2111	-10161
-9261	4377
8017	-1532
-2024	-533
2	2220
-4544	-14311
-9266	43766
5302	-14258
-5180	-15021
-7769	-4677
-5921	7456
-9245	615
-6285	11240
-9266	245
-8747	6293
-377	3010
774	3689
19893	-595
-8740	1254
-6275	5711
3149	-11064
1874	-7633
-9264	16178
-6847	4687
2227	-270
4184	-14409
-1691	2941
-6448	691
-9235	2502
-9265	5024
19972	9148
-8449	-5329
-9080	-14291
-1908	28004
-8085	-9907
-2524	3374
7605	2088
-9198	-4013
5975	7791
-9164	-14895
-3087	-23142
-8744	-7588
3886	3864
-9203	-6922
-8342	-7069
-9259	3725
22488	-11748
24560	-9054
-1631	10260
2053	-2927
-9135	-14292
-1900	-8579
-8787	-2105
923	8338
12340	3045
27301	1068
-7077	-4578
-8921	5767
-8364	-10815
16130	-9445
-6747	-12277
-3420	7063
22468	-11638
-9126	-608
-723	-411
-1698	-7297
-6340	22990
4271	-6936
-5491	14816
37399	-913
19051	7135
-5631	-7565
-2990	3489
-8850	-5781
11965	-18083
-8309	-8147
-87	-4140
12333	-5347
5567	-7499
2667	1225
-6536	-2382
-594	383
-2705	-5952
-9138	-6332
-5922	7340
5107	8781
3903	4119
-5708	-20494
-4457	-1917
-8033	8196
10890	-2894
10314	-1389
24219	1980
2733	1230
13176	5746
10272	26760
-9003	-9650
6797	-7118
8552	-2534
-1308	14284
-9202	-21252
2671	-4250
-9233	-7255
-9252	5918
20346	22228
-8995	-3516
-7464	15169
-7805	5109
-2961	-7934
4957	4667
8933	4459
-2685	5709
1404	3028
-8582	-11290
16866	16081
-6901	-388
-4492	1491
-8770	-11635
-6200	2798
-1690	4076
-1005	-1716
5157	13561
6756	605
-8544	-11856
23739	-954
1301	-3615
-2495	3426
-7321	-6502
-4688	-2760
13006	-10100
9382	6867
-4074	1460
-6913	5744
-4770	2834
31086	11841
-8218	8044
-8202	-5166
-9184	4919
4739	-548
9820	2075
8665	-14103
-9263	-7683
-9022	-6778
-2027	-1400
8813	-4759
-7968	10665
-8758	-4991
-1876	-6462
-8331	857
-3329	-7301
26182	5417
7522	-10394
-4501	-12353
-8899	21174
1982	-2782
5991	-2640
2302	1587
-7775	-5745
12371	-6112
2820	-6132
-1920	-1971
244	7425
300	-6225
-1000	15292
-6067	-2187
-5926	-13229
-8367	-13329
-8356	-720
16901	2308
-9120	-7715
-7985	-7806
10683	33151
9926	6610
-5788	-7624
-63	6713
-4693	-13197
-9256	-3783
7578	681
23802	5630
-7290	-17407
-7951	16149
2615	7097
28510	9736
-5109	-4416
-3422	4164
-9092	2671
3130	1770
-4262	-3070
11932	5715
6271	-21880
-8313	916
8498	-7222
-3203	-1881
-9166	-9508
623	-3437
-6665	-15531
13493	101
12294	7113
-4701	3204
-8713	-50
6372	-15073
-8907	-8716
-6200	1934
8624	-3064
23108	2277
-7429	5192
6579	31306
-5940	-7547
-8526	427
13287	-6332
2846	-11834
-2210	6060
-1529	3954
-2879	-13904
-294	5154
27057	-362
-148	5856
16115	10793
6953	8015
-2891	11407
-5294	8282
-8023	-3768
-6787	-4810
-2239	-90
6917	-11028
-5488	-4813
-890	36284
-4114	-6828
426	-1559
-8965	-5007
-9266	181
-6210	5840
-8724	-4493
-1247	3094
-5994	-5322
3750	845
-7591	-5234
1875	21157
31943	3268
1660	505
-9230	3550
1261	-6697
-9039	-2038
3442	-3604
-4853	-15004
-6943	-13914
-9121	-7709
-7901	5993
-8805	3466
-1657	8874
10288	13645
5979	-5321
1406	-9954
3841	14458
12504	4421
-8030	-2327
1553	-14875
17504	15322
-8877	-11397
-8262	6876
-4745	4394
-4869	-21691
462	-7783
-4401	1946
18208	12908
-8869	-20635
-9244	-7482
-7036	10468
-8606	-12105
-8249	31179
-4281	31
-7722	-13853
-3359	13677
23856	4946
-8935	2995
-5754	17628
-8985	-16219
4142	-4631
18088	52782
-9127	-5995
-2045	-8046
10492	-451
-8287	10755
8845	1124
1872	-9500
-8734	14249
11358	-6393
-8669	1034
7441	12808
4420	-903
2782	11456
-3326	243
-581	-7245
1806	-9651
-8574	6852
-8786	137
-8224	2679
13983	13071
-4808	-10902
-5706	6202
13290	149
19626	-721
-9262	-8736
704	-9414
-8081	-4519
-5103	6184
-4074	17075
-6816	4833
15216	8865
1810	3029
15726	-5875
-9137	3511
37912	15020
12784	28317
-2188	-4053
4920	5052
-2999	8226
-8148	1143
-665	6581
-9184	-11399
26714	-1895
-7748	-12207
9770	8163
-6710	5702
3086	-11498
2324	-1765
-9248	1328
-8131	-5774
996	-12295
-9139	-6623
-1903	11151
17490	13915
-8442	6956
-8843	-53
-6708	27845
-7651	-7464
7362	-1980
-9264	7914
24771	17435
-4140	-7266
-3274	-1606
-4392	6485
10285	9075
-8903	-11923
-7290	2465
-7947	-1704
3778	-6138
6982	14767
-1997	-3255
-2993	-1070
7411	10962
-5533	4678
718	-9504
11970	7930
-8313	3648
4692	4312
3041	4941
-7327	-3788
-9077	13444
-9215	-7005
2493	-11220
4003	-2232
-7317	8620
9991	-5249
-9258	-6833
-8366	-5845
14279	12747
240	-7527
3246	-301
-9015	-221
-8502	-8810
-6218	-9957
-9004	-3953
-7158	-2993
719	3886
-5850	-9727
-7730	-12630
-1024	9413
-8761	-11012
-6472	-146
13618	15728
-8892	-10688
-8811	-6649
-6065	6101
-7806	-13156
-8992	-10195
5045	11671
-8280	344
-1776	-19192
33246	12493
-383	18338
32024	-3918
-6241	-4091
-2251	-3240
-9062	19283
-3813	-13258
8105	19347
12536	-9596
10978	7458
8172	-7229
5604	10577
2865	-3765
-8894	-13947
1374	-2684
4173	-6159
19646	-11363
-9250	-7051
3125	9733
6869	-2679
-4443	-8769
-7048	14393
-5281	-3768
-8717	-5550
-8626	-1540
-7322	8536
3169	-6834
-8537	-11960
5092	3316
16150	5192
-3019	4547
-8190	6187
22068	8233
-6653	-13140
-8490	10439
-8447	-4932
-5758	5244
-6294	9009
-7649	6540
-3730	-871
-7610	-2041
-7613	-20881
-2048	12362
13007	8602
3180	10393
-7401	22539
-8321	-6217
17007	-1207
9093	-3147
-3812	1289
-6600	4382
-4435	-11104
25998	8175
25775	7082
-8941	-5460
-7562	3429
-9097	-12941
-6191	-2076
-2703	-3318
-9109	-4854
-2701	-15939
-5842	-5326
-1552	-13232
-9074	-3075
-388	-1816
36727	-3055
-9265	-11312
-4137	-19081
-9241	426
-8347	-6636
-7041	4289
-8901	667
-3148	-3530
-9262	-13352
-7772	-5207
12314	-5187
35061	38221
-5980	535
-9010	1510
15695	3807
11380	909
-4106	513
10847	10115
-8979	7462
-8537	-7413
-5265	-9280
230	8285
-7764	1611
3446	-1452
8561	-5824
384	24836
-5950	-4631
-2330	-6418
4767	12253
-6877	-7595
-610	-13785
12161	44541
-6656	-7342
-2512	9866
-5707	-6984
-6858	4590
-9073	9014
-9014	-7038
-5821	-10782
-1854	-17344
-8563	-13514
-6423	-7888
2262	-4232
-8184	1458
-9143	15996
-2220	-4625
6511	-5061
-9260	-5599
-8882	-1788
-8133	10313
-9215	-143
23487	11588
5262	4226
34947	9266
23101	4141
-9164	11182
-2848	-2678
-3582	727
4161	-11480
-9254	-3190
-753	-1202
-8612	7790
6700	-924
-1840	-7092
-4166	-13225
-4556	-9429
-7645	-4178
11247	-12934
-7713	-8390
-9246	-6275
10287	5629
31039	15625
-4360	-2649
-2033	1438
-7795	3468
-7611	-12967
19144	1910
-7728	2012
4892	-667
27966	18978
15924	7006
-2370	-13191
-4496	3550
1717	11454
11199	4143
-7505	-3740
6153	-769
-6286	-11985
-7537	7114
12608	33398
-1966	-8469
3981	-10745
-3558	-2334
-7969	8512
-6397	-14208
3073	3381
-8951	-3523
3990	-2972
776	-2624
37962	3921
12585	-2326
16834	15715
16367	-1746
-1496	-8849
13186	-1637
-4667	-127
-3316	2343
-1664	-1583
-7691	330
-6800	-11597
-6139	-7645
2578	-7468
17319	20680
2968	7618
-42	17229
22894	18019
31344	2948
14999	8128
2240	23508
896	28665
6444	-10184
-9055	10769
6050	-4493
6369	10401
-4739	5722
-5375	-3081
-5622	4609
-9259	1573
5406	-3242
-7642	-3882
917	-994
3398	13004
-2908	1578
-2842	-9032
4720	-11741
-7712	-6999
-433	940
15349	4723
-8925	-13075
-8834	-3722
-6864	1576
-3158	17999
-55	3175
-3718	9247
-577	8131
20388	10341
-8055	-16210
15340	-1012
-9265	-17161
-8785	-14275
672	-2881
-2708	4052
-9066	-2577
12940	11103
-8628	-18256
3242	4640
-5600	-518
21139	1963
-9256	-1171
-2984	-6690
14840	-5274
22642	-4725
18010	5264
19858	-2226
7278	26515
4147	-1798
13353	16792
-1842	-4086
-6930	-16482
-3108	3317
-3130	-427
-9255	-3471
-8802	13324
495	2248
5089	9265
-9173	16830
757	-2154
4362	-7418
13034	4483
-313	5106
-4854	-6067
-7052	2473
3076	10569
3639	-7646
14690	-3901
-5861	-5191
7198	-991
37620	3484
-6016	-5343
-9191	2944
-7473	2720
-4608	6481
1344	-2664
-5780	2625
-3174	-7617
-8040	8927
-8878	-12116
-9245	-13746
-7926	-9229
6451	6280
4445	4420
-8116	1724
-8589	-1682
22450	4525
36315	2196
7003	12630
-8371	-15352
-3615	-7538
-3293	-7194
-3197	7922
-7920	-9815
23397	4995
-8676	18217
-2315	4934
-2931	-5204
10457	-6077
-7544	-9359
5715	1357
-8921	-4135
-8584	-11562
23726	-15493
-526	-7393
-5717	-898
-8058	-19092
-6546	-7903
-9261	-8232
1892	5059
-3803	5893
-8692	-4570
-9055	-10047
-3480	-5263
11236	-19681
-4968	-2244
-976	-4475
-7545	-9763
-9060	-353
7597	12072
-7769	1467
13194	2915
9969	-6378
4966	1147
-9236	-841
3538	26117
-9251	7486
-6408	8714
-5441	2020
130	6284
-4619	-8980
-4399	14177
13193	-2951
-4340	-2963
-8881	9882
-8708	-401
-3959	2567
-1835	-2407
-8448	7365
15022	1368
-7214	5151
-2069	8754
16242	20559
-9263	-7429
11325	-5492
14705	52910
3033	7250
-8941	-4376
-2449	9511
-6962	-1003
-5518	-6521
-3731	8119
7767	14333
-9224	2328
-8020	-4688
-8659	5223
-6879	19356
-9258	-5262
-5542	-4502
-4946	-6513
-5410	-9238
5833	5665
5505	1996
-8388	410
-3881	27985
170	882
-8080	447
8460	15505
35201	29648
-8488	-25846
-8120	309
-3421	-16389
-3402	-9303
-218	6283
25601	14101
-9147	-6726
10216	-7973
-5065	-16997
-8542	11705
1893	-3492
12249	-4646
2864	5034
-2282	1296
-7034	4883
-2733	-20140
-2645	13440
-9158	5218
-9262	-4604
-5340	-515
1469	-8564
-4286	-5140
26	-1421
2574	4714
2093	-7345
11251	-15066
17611	-2128
-804	-7141
23992	14380
-4279	-3080
-9244	-6929
-8423	3887
-9085	-5271
-9242	-9688
782	-663
21452	9168
2829	-19919
-500	-612
36835	17500
2893	-7961
-9265	-565
-8093	-12939
-3074	13773
-4712	5598
-8498	-18546
-1374	-14914
4291	6517
20210	-5616
23794	13718
-8969	3443
-7743	-9717
-7408	-2484
-8551	-1797
36079	15216
-7665	435
12723	10065
-3713	8297
14455	10709
-7186	862
-4617	-17528
-8998	-24910
-1382	-19035
-2228	1956
-6641	-4284
-6611	-5444
-7650	6963
-2986	21591
21499	12252
-1697	637
-6015	15316
5602	8628
-7097	-6380
-9096	-1576
11499	-6962
11066	8205
-9213	-10144
3322	5079
-7255	3828
-9150	4157
30201	14693
9608	48898
-8102	-4417
10451	789
-9058	-1551
-5503	1490
-8857	-1173
-6678	2494
-8188	250
-5268	-4289
-8497	-1020
8445	-11609
9158	-11268
-7982	-9670
-7195	-17298
-3716	-15851
1528	-1243
-5350	-2116
-9264	303
-6116	9941
-1010	11449
794	18248
22990	15352
-7294	13566
-8732	-6524
5423	6722
5518	-7392
-9193	-10397
-3924	2033
-8818	1492
-6828	-273
-8461	-10952
-8990	-12077
-2909	4953
9557	3195
-6786	-19855
-7891	2305
-9074	-5412
5102	746
-2125	-12415
-9182	-10114
12640	23893
-2616	-5527
-9034	-11042
-7836	-13952
-1981	13582
-9047	-7039
4281	-11009
-5149	16348
-8245	-2429
-6943	-8412
-8757	-27539
-7405	6692
-5364	-1815
-6070	-488
-2950	-6486
-9259	9468
-6798	-78
3818	-6503
8202	-10573
-8980	5117
-1486	4955
-7494	-17346
-9196	-4017
-9262	4628
-8870	-2448
-3743	-3967
14803	4082
9307	3853
27877	11495
-9262	-504
-7718	-3044
-6527	-6620
-6855	-9947
30551	17358
7571	-11480
906	5548
-4009	-9041
16062	852
-4264	13362
-1086	553
2573	4419
-2038	-4139
-9257	-2911
22850	-3865
457	11117
-4054	2448
-8362	-5380
-8334	18728
-8759	-5266
3421	-2264
-9262	-20310
7468	432
-8990	10359
-9211	-2436
-2506	11260
-6816	4791
-4962	-4061
-424	13510
-8809	-17695
25049	-762
-9219	-2450
-9206	6876
-7626	7876
-9265	-6463
-5673	-11127
5248	-5969
14130	8136
2901	-5302
-4148	455
-5333	-1536
18196	21815
-9065	-4888
23538	-1532
-6563	-7376
15463	34953
-3839	1542
-3515	-10263
10440	2377
-826	-4764
-3271	15178
4870	17278
-8571	-1786
9262	-4125
-3669	-4010
5035	7491
-8576	3749
22682	5506
-9265	-3179
13473	4276
-8255	-451
5308	-2888
9744	1594
-2833	-8794
-5790	8765
-7441	-7409
-525	7310
-5834	2228
-9242	2484
-7074	-3259
33813	-1151
-9187	-5212
2488	-7777
-1621	1374
-9260	-1268
12936	3354
-4183	2489
6718	-15215
-6619	741
-3221	-3693
-452	5140
6121	5068
-8336	-11828
-5144	-9753
10311	-2625
-9158	-5496
-857	-1837
1135	-6563
14358	-3015
12682	-5793
1453	471
-8609	11763
2522	-5778
5058	11388
1334	19739
3254	2559
-1559	-7987
12267	-1098
5070	-15112
-9166	-12704
-3959	-17626
-3968	-17681
-6346	-7611
508	-10164
17417	236
12490	-4416
12079	9549
-6428	-14093
-8287	-18155
-7132	-18444
-9182	-12690
-4439	2358
-2804	-5473
-3448	8400
-8015	1383
-9258	5438
-4470	-20243
-8776	-1699
-4763	-13435
-6533	4289
13732	16724
-8833	-7897
-4702	-10929
-9163	771
-1087	170
-5762	4029
14494	-1148
-7641	3331
-8014	-708
6455	7259
20119	4110
-2707	-13352
17243	890
-8096	-1909
-400	603
-6708	-1828
8333	10627
-8054	6876
1566	770
31578	7862
-9246	-18015
-3443	-5564
-4173	7900
-5631	4223
9562	-1336
-602	-10116
-8620	2082
-2267	1740
-8087	-842
-9233	10559
-4653	-9254
346	10794
-8097	-11277
15859	-1878
10657	3428
8779	240
1605	-5609
-2428	-17790
5860	12281
7597	5683
-851	-7306
-9079	-13313
-9194	3022
-9217	-5
1266	-8958
6250	6284
-7816	-946
-4434	-7507
-9041	2816
-6261	-8302
14330	-3563
8800	2962
2957	-12100
4161	-8020
400	7766
-3280	-4414
-5447	454
21825	21499
2899	-1034
-8240	-2427
-3473	-18531
-1544	-5684
-1523	-2180
-874	3119
5064	4839
-3310	-15422
-8089	321
-7863	2729
10	-5459
-4671	-6950
-1182	1828
-3300	-7742
12739	-6931
27813	3278
-878	-9497
-7461	-1280
11168	-1689
-8019	-4582
15951	574
3655	4466
5583	16895
-8071	-2161
-4232	-1831
7022	-5278
-7626	-7696
-4232	9037
-5607	2987
-1828	-985
-2422	-4943
-9154	-3808
21713	-6000
9073	7038
-2990	-24113
-3439	-13171
4818	7721
-2531	964
1568	-3841
-5893	-5438
6309	5496
-8834	-26
12631	-6205
1545	-1252
-8624	-7912
-9176	-7435
-8079	8193
1228	2884
-9262	-4789
19314	5990
-7383	6748
18740	-1603
-4751	17276
-8404	-1441
-8566	-1751
1623	6001
2297	156
1123	-7461
-5538	-7440
-8981	11798
-6750	-2102
-9249	-350
7383	9606
17640	-19855
9917	9401
-9265	-3924
-6928	622
11179	16196
-9133	-2769
-6854	12912
-9080	-11462
3122	1164
492	-781
-2033	-5019
-1279	-6585
-5529	-14519
-9064	-12255
-9073	-26912
12553	-14420
-9237	-1521
2242	-6082
-4826	-586
-8036	2025
1753	20224
13354	17957
-5822	627
-7043	-569
-5301	-6222
-2325	-7443
12801	1476
-4437	-8500
-1344	-902
-8645	-18234
5656	-571
1933	88
12424	2534
-7980	-3537
-8563	-1290
2286	13005
12800	2355
26128	-316
-8088	2117
10253	-7598
-3983	3453
-8384	2252
18844	14284
-7000	-13500
-8595	-1944
2764	-3838
-6878	-13492
-2123	-1277
-7081	-13490
-9180	4910
-8065	8077
-947	-7547
20564	7249
10318	-10275
-1171	-14025
33669	2312
2636	-10652
6901	-508
-7645	-21289
-7150	4215
9909	5402
20201	7419
-9266	-18269
-1895	3638
-4839	-18232
1757	9833
31265	397
5236	24816
-6863	-3554
-7448	4900
29631	1527
8114	4227
-5279	-8936
3311	-4002
-4974	-1944
1739	1877
-8611	-1756
-2846	-5832
20437	3319
2611	-9106
-7002	-5648
-2323	-20135
-8628	-1260
1011	4320
19829	6230
1655	-3025
-6822	293
11730	-3006
-6636	-1994
-8223	8610
-2607	-1004
11110	9719
-8808	-11543
7633	1652
-4552	10078
-3906	-16073
-6833	734
9368	14320
21189	10228
4486	2740
-4460	6491
-3221	18368
-3793	-7078
5948	9533
7130	9180
-3224	-19154
21595	1306
33462	11558
-2570	-2655
9680	-16690
-6645	-8524
-3022	463
-2011	802
-3843	-4861
-7280	13647
-9238	-10946
4942	4340
28369	-6520
2087	-10084
15490	3515
-7891	1604
7639	1626
-8313	12202
24735	19547
3110	15178
249	-5166
-7698	14434
-8356	3021
-6521	-4723
-2015	-7748
-9167	-11069
-6915	-6691
-7320	-5585
311	139
-2583	22
2925	-14770
1698	10668
-8395	-12776
11303	19820
-2596	2541
-9082	-2383
-3727	-2957
-2577	-19673
5911	7790
-5753	-8588
-8447	-15026
-2578	-4887
-7826	7337
-8883	-4332
-8766	-1982
4213	4110
11597	-4240
-538	14579
16820	-7160
1560	10462
-4830	-1697
3303	-2954
-1419	34046
-5627	8262
11233	-524
-8992	-10700
11497	11998
2628	-10604
-9101	-17555
-6344	-6325
21001	5162
18467	-1236
-1026	4994
7367	6888
-8987	-2195
2232	-15158
-348	-12070
-7276	3686
-2277	-787
6037	17783
-9237	-1402
-1752	25634
72	4380
-9189	3282
-4794	678
8014	-2659
-3024	-887
-6861	-9093
230	13751
4045	-12978
-7901	-2159
13274	7050
-1331	1593
-6980	4994
9530	28438
2529	3944
-2280	9791
-536	5954
-9193	23087
-2422	-9940
3280	-1522
7580	42419
14995	2456
-8224	-4663
-6915	-9617
3230	553
-5207	-9518
7291	17170
5590	3834
-8690	-11289
-5976	8610
-8812	-9957
1067	31399
-1020	-4508
18518	-5167
-7230	5151
-7659	-4607
-5561	-11426
-6784	2424
-7881	12729
-8320	-11335
-1997	18412
-1646	2825
7053	-1001
-6170	3576
-3773	5777
-7846	5629
9918	-5704
9544	-1513
1096	6152
-1200	-7750
-9075	11254
36490	12024
-8643	-16277
-7881	-7251
11129	3951
-1394	-1183
-5200	12588
16055	12291
-9211	-2878
-3063	-9745
1749	-9714
9725	-2403
-8324	-4698
7911	-870
7802	-2986
7824	-6730
26517	24082
-5728	-6210
17697	-2857
2951	17214
-3698	-626
-2052	3028
-5975	-11742
707	1066
-4168	4512
-8824	-4422
-8865	31686
4794	12562
-3342	-3486
-9265	12618
8001	5736
-5876	15722
4393	954
-8688	9261
-9263	6533
25359	24833
542	-16066
8686	14441
3561	4202
20871	2475
-2077	3775
-1073	-12800
-547	-3551
-3535	9615
-7406	9321
-5381	-859
6913	-5607
10153	400
10508	-15758
-9093	-9384
-3940	-3858
-5030	-13262
-1864	-1824
-9069	7544
-696	-10768
-8106	-6895
-2128	-1586
2399	3295
8223	17875
-8045	-1817
-6695	5909
-5172	3886
12652	21297
-2239	-853
-9134	-14357
1200	18487
-6326	-4292
-5804	244
-6013	-1370
-9262	-2284
-9071	-9292
-4422	-1457
-9244	-3393
-2442	1250
-7617	6554
4693	13016
-8909	-1118
-8897	-20654
-5013	-3196
-2652	6379
-5785	15997
-8085	-11296
117	-585
16531	-9591
-4880	-4097
-8629	248
-3058	4941
13806	-19671
-8261	2443
-9140	9653
-8831	-1577
9193	-2874
-7601	6503
15853	-12804
-9211	13976
-9057	2371
-7557	-6784
-5418	-7541
-4786	598
-8343	-5835
-9202	8165
18130	-2867
14659	-64
-2187	2165
15928	32672
11231	-771
-9258	-10024
8797	-14915
886	-4432
-5301	9450
-9247	-5087
-9266	-9928
-4541	-49
-9083	-12556
-5469	966
-7007	-6706
3063	-14964
-8162	15097
-8940	-4135
8907	-8055
8716	-11618
-209	2752
-6804	12929
-9050	-8748
-6887	5764
-5344	-1838
-9266	-23
-5821	-3272
-7696	8875
8640	567
-590	-770
-9237	9503
-8334	-2389
1382	3726
14715	4453
-8442	1321
-8416	4643
-7578	655
2016	5307
6117	-8851
-3449	9352
1747	1363
-6047	-11610
-682	21259
-6210	9935
-2495	8268
-1897	-3215
-5597	2795
-9173	-14463
9213	-2137
-2824	-2784
20659	13178
-7744	12192
-3285	1498
17056	-9437
5362	-10281
-665	-6787
1364	-3157
17374	9312
10068	7056
9722	3313
8862	18028
-8337	1820
9333	-1940
-957	-7221
-6575	-1389
5417	-5099
-2440	3853
679	3769
-8694	18477
-7476	-3826
4782	19001
-535	-8085
6253	-4911
2763	-9471
-9240	-2864
13880	3677
3613	-5684
-8020	2029
-9041	-4530
-9264	29996
-3859	-5676
-5476	1197
-2468	-17922
1632	29382
6759	7543
21337	-3710
-9072	3732
-4732	-9799
-728	5008
-2646	6247
-3498	-9843
-1367	15297
-9256	6073
5520	-479
-3391	-13237
-9225	-14402
-7274	21124
175	4602
-9262	3900
-9006	-2820
-2634	152
-9101	-2769
-2108	-3808
5752	15790
-9088	-7291
5758	18930
5212	-1610
10454	-4068
-6809	1135
1704	-6410
782	4907
-6694	2253
-8427	-983
-9017	-1895
-2141	-11642
5174	6556
-7629	-7803
-9136	4
-8026	-12740
2306	6016
-7327	-4272
-4296	-2265
-8773	-6006
-7578	14886
4885	1244
161	5208
-9249	-9068
-503	-6490
-7046	24479
-9212	-1894
-6919	-1655
-8690	8846
4316	-12465
-865	-234
4511	-15270
-8881	-25153
-1889	-2663
7018	-5692
-8721	6004
-7254	-10705
-9002	1841
-9201	-5089
13383	-8681
-6937	-6230
-3679	2832
5704	9669
-8230	-16715
-3879	2893
6977	-383
-596	-3877
8119	13152
33688	10209
-4605	-15340
-9152	-3682
-6119	6358
-7590	-11346
-6125	-6257
-9243	-5184
-8913	4034
-6675	-15148
-536	1164
-3154	1413
1317	-11205
5980	6594
8465	5612
4441	-9383
-4624	-5847
-6544	-9740
-200	-12848
-2742	-148
-7424	-25043
-6104	2731
-6180	1114
11597	-8425
-1349	1283
-4417	-7718
894	827
-183	-735
-6838	-3001
-9056	6189
15043	9910
1807	9791
1180	2123
10527	-245
-8552	-935
3033	-3703
-5868	4323
-6501	6537
-7312	2835
13929	-5621
-7943	190
-9245	9648
-1890	6998
-9056	-7739
-7901	14647
3881	-3623
-8792	-8082
2575	11399
3707	2632
-7925	4941
3429	6187
912	-11738
2771	-6338
-6340	-7373
1348	-4266
-7660	5866
-8746	-7904
-5143	-5581
-7193	-6703
-9194	-3818
-8617	-10809
1246	-10975
26173	103
-8325	-12297
-9100	1590
279	1502
-9231	-7050
5824	-3173
22255	9515
6522	4470
-4303	-9677
-6077	-6236
-8210	-7400
-7266	-2048
-9226	-6838
-4581	-10674
-9203	-7093
13411	-7084
-9265	-6420
3298	-3687
-6969	-2010
14770	38732
23444	10948
-8337	-8954
-7335	-4909
-1575	1711
15664	23279
37909	-96
13340	-4770
146	1394
-5503	-10361
-4026	-7081
-9160	-8243
21132	-6615
-8034	-3504
-3041	-8925
-573	-603
27426	12720
2456	-10824
1228	6250
20974	26296
-2991	1329
-1777	29718
-8225	9351
-8882	-1314
-9227	3560
-3884	7731
-6057	-258
-8149	3863
20220	6182
-4558	5752
-7197	-2719
-5943	-3270
5280	-1804
-8094	5347
-8021	10086
20431	7850
-75	2759
-9201	-5132
-6646	-1329
-8347	802
-8071	3621
-7990	-10206
-3052	-12729
-9005	-51
3628	2205
-5186	-96
6771	-1040
-6673	-4204
37904	4806
811	-10804
-8213	-24583
-210	-1782
-2734	2792
5166	14637
21161	-4834
12798	-815
18526	8494
-6337	12754
6847	5706
-4255	-7376
-699	-17853
-6652	4298
-2852	5754
28444	50132
-9246	-12884
-6619	7633
-3570	-20925
-8855	3235
-7000	2762
-162	-7610
-8767	547
4691	172
-6703	8532
-9196	-9141
24171	1268
9784	3260
-9176	-4614
8447	-335
13024	9743
-7974	1507
-4470	-3625
-7262	971
9020	-15546
14193	27590
-8004	-14345
-6276	1714
8480	24858
-8685	-5466
22662	-3494
-8681	-17026
-8095	-1993
-7372	3692
-9171	-10543
-6278	-815
-4016	13211
-8369	4631
-6935	-5725
-8218	10109
909	8465
-8692	-6720
19610	-8686
-8343	18071
15610	3530
-9019	-1754
32493	-2937
2833	-5594
3471	-9933
1206	-9574
-1399	11323
-3078	-3674
12187	-11332
8140	3871
1084	-9448
-8785	656
-7825	1532
-1577	-9818
-643	4960
4872	-3415
-4264	-10288
-3927	7404
-1921	-2132
-7014	-2566
-3999	106
-1706	-12897
-5287	3588
7345	2574
-6478	9618
3608	4567
-8535	22895
7445	1334
-6481	-3830
-9236	-10545
7709	3500
-8178	-1221
-2548	8897
25135	-12005
8821	-3199
-8473	-7770
-2096	-1519
16401	13592
-6430	-2470
5551	-365
1090	-5043
-1047	1420
-7936	6365
-9152	-5468
-263	-3747
-8959	1685
-9254	3443
-6347	-19473
595	569
-9266	-11303
-8772	-9759
-4826	-7813
14052	-5681
-3775	-4752
-6941	-14436
11191	-3577
-8934	5078
13142	-6973
2700	342
-9103	-3137
19453	-4019
-5872	-12306
10430	5757
-7701	8660
-5591	7546
-9115	8180
-9172	-7595
26993	-1613
-1103	4632
-6833	5668
3462	6801
-8138	3938
2092	14235
-8027	1753
-8823	-15836
-201	3082
-9036	6324
-9265	-5826
16805	-2373
-4884	1561
-3371	-14867
617	-14414
1752	-8336
2564	-5448
-3702	-20914
-535	747
-1182	2727
4415	1243
12203	9975
-9012	22862
-4778	2768
21243	-9258
-6225	5167
-5386	-5273
-872	-6210
1571	-1961
5769	1137
1092	349
-4087	12531
-6835	9351
-3198	-4968
-3891	14581
-9263	-12756
17314	3827
13585	23727
-9257	-4875
1864	-6083
-9240	-4323
-8957	-1591
-8940	-7162
920	-4217
2527	465
-9253	-2218
-3284	-8195
12128	8159
-9092	-5985
3805	-3004
-8435	-13726
330	-4897
-9228	274
6267	4131
-8437	-5713
-9235	-7396
9575	-16595
-7925	10299
-6825	474
-5347	-5158
-7730	10369
-405	5263
11155	-3198
-8350	69
21880	8222
1331	157
8809	-3870
6130	-8790
-9174	-6675
21941	9304
-2253	-6273
7140	-1044
-5000	-4843
4292	-1657
2440	5812
9987	-7100
-5799	-180
-8901	5465
-9257	-6759
-9258	-2728
-9239	-3741
-2073	-4217
-8878	825
-7851	-2786
-9258	-1512
-8514	3799
-8892	-4172
-3309	-17180
-9233	20613
6362	3068
3185	5984
25933	-2663
13507	-10500
7396	3578
7327	-446
-9148	1587
5342	-4256
-2607	-7577
-8456	-1085
20026	1545
1085	-402
-9225	1481
-4967	-7480
-4564	-10759
-6315	-5313
-9190	-2868
5135	-12002
2422	9104
-8873	-3285
28028	7568
2976	-5888
-5709	9832
-8572	-11961
-1609	-5560
-4526	-11747
1152	4226
-7932	-1181
-3996	1614
13570	7112
4689	2033
-9181	-10495
-9095	-1443
26648	-2152
-7717	3196
-8928	-293
876	-9292
22479	13847
37960	26879
-8941	10516
-9233	-11924
6246	1402
-8662	-2769
-7952	1518
-6405	-3490
-8037	-7361
11807	6682
-9119	-7289
11461	3487
5436	7348
-9237	-8134
-1868	-1582
283	-11879
35163	22355
-8429	3632
-5816	-3887
-8383	11193
34421	19601
-3214	-8484
-4365	-15988
-8559	-3645
4255	-8675
-6157	1047
-6308	6381
-8956	3523
10486	-367
-9060	-13069
-8855	-11404
16784	-8923
-8100	3379
-6329	-2940
-6055	20576
-4425	-10528
-3505	3864
-9259	9435
2368	4949
-7981	9129
-8247	-15590
-9127	701
5338	5798
4308	4843
5145	3384
-8740	17802
-9019	-708
20229	5444
-1163	5097
-2053	-7947
9236	-4504
-9265	-7771
2067	-7458
6870	7109
-5812	-3467
619	-11915
-9140	10873
-7602	14835
-9225	-13071
8678	11441
-6280	4706
-9260	6964
-9251	6431
26356	-12612
34291	11481
16298	12323
11968	2136
-7812	21344
-4440	-686
-8807	1196
-1463	-1979
-9043	4044
28925	8236
-9214	-9620
-4552	-7358
26670	16
-67	-13906
-7846	-9524
-8682	4143
-8408	-24505
-4254	3009
20074	46476
6067	23649
-1901	2894
-9119	17783
-8626	-6883
9224	11752
949	15961
3602	-14291
4854	8371
-5696	-1322
-9266	-980
-2625	2244
-1255	76
-8876	-15906
-3252	-1456
-2672	-546
-9264	-7929
-3983	-11385
29890	12717
13100	2456
27490	456
-8927	-3183
-8863	5164
-9244	1088
-5251	-15105
-9035	6448
-5519	230
-4558	5686
-7746	-5352
-781	-6152
-6568	-3556
-5456	7731
11576	-2449
-9089	8060
-5715	-3153
15080	-5152
-3083	6708
-583	6536
-9266	-3138
-5949	-2062
-8038	160
27378	-2858
9663	-3038
29598	21500
3292	-16626
-1076	2530
-6386	3954
3965	-4928
-8573	-4361
-2574	-5697
-9255	-8270
-8966	18181
8947	3931
-7519	-1099
9298	10958
-8028	-1971
-4921	16290
-8545	-6106
7540	7269
-9149	-9223
501	6966
-7941	10639
8714	7580
7334	-6067
-9251	-5795
6181	3916
37182	-71
-7274	-7242
-8841	-132
-7743	-10302
1451	6011
9845	687
1195	-7093
-3699	-4876
-7237	2950
-7993	12778
-7063	-12898
-4874	-8856
37516	2915
1971	8585
4652	6587
21147	-1046
8569	1605
-7485	-5928
-5311	-4429
37500	-733
37908	5139
-7076	-13033
6119	9110
-6296	-14479
9550	7179
-7495	-10470
-3209	-3142
27434	1113
-4034	4105
18549	-10487
11725	-15209
2873	4784
-6606	5294
-8791	-9976
-8262	6160
869	-1687
-4146	-2920
-8429	-11278
7065	-4082
-8694	-3441
7842	3057
1800	-8139
1488	-3059
-8799	5119
-3924	-10685
20	-8272
-6984	740
-77	5365
-9256	-264
9552	-4049
22684	14805
-3460	-10361
-4590	-1137
-8394	350
-7553	-18058
-138	9139
-9070	-6920
-6677	22264
12187	-684
-8751	4899
-6790	-12896
-9192	638
-4527	-4991
4093	-10210
15590	-3593
1620	6666
-7495	-5390
-9264	-1427
1762	4662
1112	-8401
10051	-1680
18739	5966
-7631	1305
-3173	5194
8763	3651
-9179	-976
-8155	-12156
3203	11305
-7318	-13285
2648	15282
-7072	-21115
14752	-16007
-3743	-4590
-3112	6352
-6820	-8749
-7847	-7791
8542	2801
-574	-25861
-6128	713
-4507	4807
3589	-14676
8966	3115
-7254	-1703
-8520	-4804
-9123	-2133
-888	-1699
-6270	3894
6866	10746
-8282	-5996
18567	9505
12652	-9175
7724	4417
8037	-5402
-4628	44249
13563	-3129
-7959	-11051
-3280	1033
12777	1600
11775	-5548
-8655	7641
-6552	-6059
-3877	583
-9119	-4432
-5622	-5242
-5268	-1351
-7787	81
-4796	-9990
1443	2166
-1942	-6339
4839	4045
2599	3551
14681	-7240
-9264	-7504
-3572	4560
-9033	-4782
-316	335
5277	18474
2232	-1445
-686	-8363
-7628	21424
-7260	17821
-7501	2969
-1487	-10008
-3712	10553
-7908	4082
-8719	4083
-165	-6779
-8621	-2452
-8839	20210
-8850	3525
-2501	-8056
-6146	-6256
-9256	-14930
1382	-3844
-2364	10205
-6205	-2344
893	-2081
-7065	-3495
-2202	4058
-6807	-5672
9186	10987
-7130	-5703
-9179	11916
-2023	-2135
-4119	9618
15341	-10625
-6875	-684
-8746	-9631
12402	4702
3516	-17325
9584	-1442
4396	-8356
-2004	-4287
-1435	9174
-5030	6298
