5	-10036
11924	13094
11924	8725
-3969	8488
-1982	6381
1991	-690
13911	-18767
-5955	-1855
-1982	-8936
-17875	13663
-3969	20247
29804	2518
11924	-13183
5	8622
-5955	2720
13911	5572
1991	-4951
23844	-336
23844	-1768
15898	18069
-9928	14659
1991	-4060
11924	-6839
-1982	-10802
1991	10740
-3969	-6508
-5955	-24433
-3969	-20120
5	-9921
-15888	3843
9938	-14813
-3969	1287
17884	8693
5	15962
3978	-4930
1991	8788
-13902	3466
11924	-10145
-9928	-9712
-5955	-5053
3978	8605
-25821	6450
-13902	-6992
1991	11
-3969	2478
-7942	-4759
5	2868
-1982	978
3978	2946
-11915	-17822
5964	6853
-7942	8302
9938	-2774
1991	6192
9938	2464
-1982	12927
5964	11045
1991	14267
-11915	-1254
1991	85
7951	-14554
-3969	-9955
-1982	6150
-7942	-21089
5	3925
-7942	-16036
-15888	915
11924	-9942
1991	5434
19871	5371
9938	15172
1991	-15509
-9928	-9843
9938	-1238
3978	19060
13911	-5443
-11915	8695
-5955	7880
19871	-12494
-11915	-16321
7951	2092
5964	-9400
-5955	1643
3978	1212
-7942	2360
-9928	-4661
-5955	11757
25831	-9591
-5955	-16748
15898	1157
-5955	-7296
7951	7331
21857	-3245
5964	-732
-15888	-25027
-23835	-4800
11924	-9757
1991	-6274
1991	6313
9938	494
-1982	6197
-13902	8073
-9928	19933
-15888	-4270
9938	-2350
15898	356
-3969	-1673
-5955	-10652
-5955	14484
-13902	-40
5964	4141
5964	2855
-7942	5716
-3969	-15181
11924	13330
-9928	241
-1982	6874
5	10512
1991	15420
5964	-6161
1991	5422
-17875	2357
-9928	-8151
11924	-30271
-1982	8636
-3969	8025
5	6761
-9928	2394
11924	12496
3978	8390
-17875	12132
9938	-18152
-1982	904
9938	11216
9938	-4942
5	7451
5964	5031
19871	-16686
5964	21553
-9928	-5525
5964	13025
3978	1227
-5955	10883
-1982	5349
3978	-5697
1991	8919
3978	1579
-1982	-8122
1991	372
-3969	-4472
1991	2770
9938	17137
5964	-4412
1991	331
5964	-1453
7951	9057
-9928	-3542
-5955	-13171
-1982	11602
5	-2572
3978	987
-3969	1976
3978	-21280
-3969	-517
-5955	16692
-5955	-17942
1991	-10503
-9928	-10914
5	10940
5964	-18528
-7942	11680
11924	11226
-9928	-2271
-3969	-5211
3978	-16748
5964	-1696
-3969	6273
3978	1527
-9928	10079
-1982	-6794
-9928	-18451
13911	-4995
1991	-9767
-9928	2592
5	-6071
11924	12498
-13902	7706
1991	9011
-3969	418
-15888	5405
-9928	14364
5964	94
7951	15305
-15888	8797
9938	-16686
9938	8075
13911	-22369
-21848	-10714
5964	-8901
13911	24419
5	2461
5	-7182
5	-1139
3978	6060
5	-5663
-5955	-726
-5955	1306
-3969	-8952
5964	-6680
3978	16046
-5955	-4104
5964	12391
5	9472
7951	-9718
-17875	8161
5	10581
15898	-7405
3978	-5399
-15888	14033
-1982	-2881
-3969	11011
-7942	-5737
1991	-24159
7951	11473
-9928	12332
9938	-2897
-11915	-8507
1991	-4025
5	9064
11924	-3353
5	11111
3978	483
-1982	-2117
-1982	-5793
9938	-3165
-3969	-6080
-5955	5594
-1982	13825
5	-2021
9938	-13189
5	2221
5	444
1991	15246
-7942	173
-1982	1289
-1982	15588
5964	12053
1991	-16694
-3969	1478
-9928	-1325
-5955	-10614
9938	5364
-1982	5542
-19862	-2273
-11915	8058
-1982	5664
-11915	13242
5	4598
-3969	-10079
-5955	12897
1991	-18085
-19862	11519
1991	-6018
-15888	-3811
13911	-15295
-17875	-4472
5	7696
3978	6716
5	-7747
-3969	3265
3978	-3220
-5955	1077
3978	12769
5964	-8458
5	-13973
11924	-5044
5	-12374
5	-3619
5964	8964
7951	-4471
-11915	1429
-3969	6788
5	-7652
17884	-1560
7951	3376
-7942	-11440
-9928	11081
-15888	7947
1991	-2312
-3969	11034
1991	-8948
-7942	-11816
-1982	-2774
3978	-9223
1991	14867
-7942	9786
5	3291
17884	-5342
7951	-725
7951	-2402
-13902	-11367
-11915	-8385
13911	7263
13911	9422
7951	-886
5	10384
3978	-2322
5	13964
5	5991
-11915	1766
-5955	2729
-1982	8037
5964	15700
21857	2186
-9928	3924
-17875	2957
11924	-10083
17884	1665
-15888	-1220
5	8103
5	-13848
-13902	9910
11924	11940
-11915	14020
-13902	12025
19871	-718
5964	-4743
-21848	1325
5	-344
7951	6968
-15888	15066
9938	4585
5	12794
-15888	6529
17884	-19794
19871	8919
3978	-17746
-5955	5409
9938	-2240
1991	1415
-9928	2536
-21848	-8899
-7942	3317
5	8192
-1982	-1629
-7942	9904
-3969	10895
-11915	2758
-1982	15329
-1982	11038
-23835	-8715
-3969	10501
-1982	1158
-11915	1739
-11915	7462
17884	-153
5964	5037
-3969	1311
-11915	-1528
-5955	-19138
15898	-3266
5	-4797
-17875	-17609
-13902	-7537
13911	1304
9938	16322
-17875	10456
5	3755
9938	17695
7951	766
-7942	-25014
-11915	5739
1991	-12668
-1982	14398
5	10497
11924	-6383
5964	7644
5	-2986
5	2252
-19862	-13504
13911	753
-3969	6137
7951	11580
-1982	8263
5964	3925
-7942	-2589
3978	-14360
9938	5488
7951	14230
-1982	-27821
-17875	19583
-3969	47
-3969	-16064
5	-14820
11924	-5444
13911	4634
7951	-358
-3969	-21716
-5955	7670
5	-835
5	8526
3978	-4816
-1982	7733
9938	4848
19871	11460
5	-10563
-3969	-10826
11924	-2461
-5955	-11169
-1982	1264
7951	8112
1991	1694
3978	-13046
1991	-1668
-7942	-28477
-1982	-9791
-11915	-4167
-11915	1146
15898	10708
-5955	-17562
1991	14837
-17875	922
-5955	20178
9938	951
-9928	-9794
1991	-6079
-19862	8974
17884	6941
1991	-3209
17884	-3759
5	2019
7951	-438
-7942	10777
7951	4511
-1982	-13477
1991	4118
-11915	-12794
-3969	17559
-17875	-1383
-1982	-1114
-13902	4760
9938	-5305
-3969	-155
5	5857
-13902	7099
-7942	-138
9938	28
5964	5107
-7942	5075
3978	-10190
15898	3505
-17875	-6760
5964	3529
5964	6773
-9928	-847
5964	-14285
-7942	-3862
5	-9552
5964	11635
-13902	-3731
-11915	9877
5964	-21272
-1982	3341
-5955	-21885
3978	-1753
3978	-14443
3978	1014
5	-2542
5964	-15475
17884	-6616
1991	1749
1991	-6347
7951	12766
3978	9189
-13902	-16669
-1982	659
11924	-2808
5	4108
-19862	289
3978	1687
7951	-3489
1991	10974
3978	-4691
5964	10748
-5955	-4513
-9928	-8585
-9928	-2121
-3969	-4301
15898	-9446
5964	9756
5964	5817
-29795	-99
-11915	378
-13902	11430
-9928	12299
1991	7302
-9928	-16930
7951	12095
3978	9742
5964	-7716
-7942	13661
9938	-6248
-1982	4831
-23835	12597
-3969	-1321
5964	-2877
-1982	-3358
-1982	4554
5	-5065
-7942	-17076
-1982	-779
7951	10681
5	9569
-1982	5884
-21848	10747
5	-6017
5	20004
-9928	11224
-1982	-19809
7951	-1762
-3969	569
-11915	-11289
7951	5583
13911	1297
5964	11879
5964	15644
-5955	1452
-11915	-21212
-9928	2784
9938	2989
5964	8756
-3969	-4686
7951	-5930
-11915	-25805
-5955	2934
-3969	-20
-13902	-13505
5	10231
13911	-16137
5	4077
-17875	3645
1991	-10190
9938	14421
-9928	11573
9938	351
7951	17824
-5955	-2864
5964	-4858
-11915	8217
-13902	6920
-17875	-3667
25831	7534
9938	6402
3978	-4831
13911	7927
5964	-2745
-9928	13036
13911	9619
-17875	8451
-3969	10327
1991	-3239
-1982	10965
5964	-3518
5	5354
15898	-11511
21857	1212
-1982	-17067
-9928	-3159
-9928	-17710
-1982	-6746
7951	12774
23844	6053
5964	9150
7951	9537
7951	13723
-17875	-3631
3978	19052
5	-9897
5	13850
-1982	5497
-3969	-7243
-13902	-1840
-13902	679
-9928	7978
5	6493
9938	7412
-3969	-19968
-5955	5970
-15888	-14998
-1982	-5766
-11915	-11395
1991	2968
-3969	-162
5964	-19052
1991	8432
3978	-4563
5964	-11316
-13902	5354
7951	-11960
-1982	-979
-1982	9789
5964	-5282
-1982	13021
1991	3638
5964	1298
3978	-6001
-9928	-6478
-3969	-13595
-11915	8106
3978	-14328
3978	7776
3978	-5663
5	1922
5	-2750
-25821	-10774
9938	11540
-7942	-11293
11924	1073
-15888	-4390
-11915	-2403
13911	7366
-9928	-1414
11924	6746
-1982	16006
7951	12826
-5955	2159
-17875	11104
-13902	1960
-7942	-5913
-1982	12568
11924	8866
-11915	6622
-13902	-2954
-27808	-7074
-3969	10439
19871	-1769
-5955	-1281
-7942	-4739
-5955	-643
21857	-2769
-1982	468
-17875	-1821
5964	10684
5964	-2946
-7942	4034
-11915	-3541
5	-3647
5964	6206
13911	-21970
-1982	2298
5964	4103
11924	7765
-9928	-6206
-5955	-3750
7951	802
-3969	14928
17884	-11509
-3969	8042
17884	-4322
5	-19747
17884	18706
5	-7977
1991	-872
15898	7342
-5955	6843
3978	-3549
5	12985
-9928	-295
-9928	11620
9938	5299
1991	10795
9938	13361
9938	-6729
13911	-2514
-15888	14043
-3969	-3710
-7942	-29995
7951	9454
5	-1983
9938	-11797
7951	-3
21857	-16682
-13902	6784
9938	11808
-1982	4125
1991	-6534
-7942	994
9938	8176
9938	4717
-9928	-11350
-9928	-1487
-5955	14657
-7942	-2540
-7942	6388
3978	-11312
7951	6884
-9928	3068
-11915	-2781
5964	-3026
5964	-3711
-3969	7893
-1982	-854
7951	-6428
-3969	8979
11924	18498
9938	-13442
-7942	4098
-9928	16855
5964	-2116
-3969	-10410
5	3609
-19862	12416
7951	14431
13911	-7745
15898	-4786
5	-7085
-3969	-287
-5955	12341
-5955	-9080
3978	-30607
-7942	1860
11924	-778
-5955	11951
-3969	4984
-11915	1715
-1982	-12029
3978	-3149
-13902	7983
9938	-1337
-15888	11497
11924	-1294
15898	1378
5964	-6234
-3969	3674
-9928	11444
-13902	-14554
21857	9401
-13902	-11755
13911	8760
11924	-26194
-9928	-7487
-13902	4550
-9928	-16643
17884	-14179
-5955	12164
5	11389
-11915	3822
-3969	15146
-19862	1434
-1982	5979
-27808	-2660
-7942	-8238
5	15787
1991	7095
5964	7471
7951	3464
5	7774
-3969	-12140
1991	15504
3978	1212
7951	1299
1991	-2284
-25821	-7837
15898	5598
15898	8348
-3969	-37
5964	-6187
-11915	-8027
-13902	-11943
-19862	182
5964	-6114
5964	4968
-1982	5775
-11915	-21625
13911	7889
5964	-9120
3978	-5971
-7942	-6256
11924	14085
7951	-4743
-17875	2317
-1982	2219
1991	6838
-9928	17811
15898	10116
23844	7216
13911	3477
-3969	10458
-3969	7031
-15888	-1868
17884	5794
-15888	15199
7951	-28896
-3969	-13178
3978	7650
-31781	19781
3978	4736
-1982	11988
-5955	1874
-9928	-9896
1991	3874
7951	-6432
9938	-8203
11924	-7327
3978	-3269
1991	13421
5964	2317
-5955	-16159
-7942	8807
-1982	12028
11924	2679
-3969	-22929
5	2289
5	-15875
-7942	9569
7951	-432
7951	9318
11924	-3824
5964	11689
-7942	-286
11924	152
5964	-11392
-9928	3949
7951	-2631
-11915	3020
5964	10892
-5955	-13786
1991	9516
-5955	-10439
3978	5727
-9928	-16307
5	11623
13911	15135
-11915	3712
5964	2816
-3969	1877
-9928	-3274
-13902	-14885
3978	-13890
13911	-6981
-7942	360
-7942	2086
1991	6017
5964	13550
1991	-1861
-5955	3873
-3969	4481
-17875	-4131
1991	20690
1991	9
1991	258
-1982	10815
9938	5920
-15888	-5766
1991	11928
5	10871
5964	3747
-5955	-11354
-15888	12003
5	-7501
-17875	-16076
-15888	-6174
3978	-292
5964	4395
1991	4469
19871	7411
13911	2616
-1982	-17540
5	-10004
17884	8608
5964	3671
-11915	-14380
1991	-31463
-1982	-882
-21848	-13704
5	7419
-25821	-11258
-17875	-14201
-1982	-7529
15898	6402
5964	-5298
-3969	16273
-3969	16904
5	-4119
-5955	-1736
-15888	-1175
5	3116
-1982	-4803
-13902	7927
-13902	-3999
15898	-10436
11924	1865
7951	-1657
5	6569
-3969	5711
11924	1985
-1982	5547
17884	-12500
-5955	-14606
5	-2931
1991	4912
7951	-12263
9938	-4160
-3969	8292
1991	15620
-1982	12934
-3969	-14258
7951	5483
-5955	-6608
5964	5314
-9928	1596
-7942	-2787
5	6717
-7942	-21610
11924	-2148
9938	15767
-3969	1217
-3969	5569
-3969	9600
7951	6631
7951	3223
-19862	6945
5964	-15120
5	-8360
7951	7710
1991	-5009
1991	20091
-9928	-2077
13911	14247
-1982	-335
-3969	-1589
5	-5409
1991	15105
3978	10970
-3969	-7375
-3969	6680
15898	2278
-1982	569
9938	5210
-5955	18157
11924	2463
7951	-1402
7951	-5955
5	6899
1991	535
-25821	3709
9938	-8290
5	10620
-19862	-583
11924	2696
-1982	-11535
7951	7540
-13902	7158
-9928	11670
3978	-725
-3969	1008
13911	8425
-11915	-2328
11924	-11441
3978	5822
-9928	-12500
-25821	-7589
7951	3425
1991	6177
19871	-10754
-3969	4018
-13902	406
-5955	21871
11924	-20970
5	683
-17875	13327
-11915	12013
1991	469
11924	-8250
3978	-2572
7951	8014
-5955	12034
-7942	10327
11924	-1262
3978	4949
7951	-4649
-9928	-778
11924	-2685
5	-4265
9938	-4052
-1982	2752
5	-3031
-3969	2411
11924	7034
13911	-17833
17884	-17369
9938	-16538
-13902	-3253
-15888	-1723
21857	-2808
-7942	-9309
17884	18409
5	18815
11924	11317
11924	12474
3978	2437
5	8152
-9928	6106
5	13386
5	-9214
-15888	-13632
3978	5142
11924	13727
15898	7955
1991	4968
5	10799
3978	4285
7951	2751
9938	1808
-23835	4525
1991	5144
9938	-6674
5	-5004
15898	2271
-5955	3300
3978	-376
5964	3870
3978	-9573
9938	5553
9938	258
1991	-14339
1991	-4037
-3969	-12870
-1982	12926
9938	5192
11924	-13331
7951	11478
1991	5480
-5955	18541
9938	1584
7951	9558
-1982	-626
1991	13307
-33768	2863
-1982	-18340
5964	919
3978	-4359
-1982	8674
-5955	2144
-5955	-6473
-1982	4518
-7942	4075
5964	9379
9938	-9564
-15888	6648
-11915	-2900
-9928	14462
9938	-231
11924	-11166
9938	-715
3978	-1322
9938	-6418
17884	-21820
1991	-3219
11924	-6
7951	1554
-11915	-6244
-5955	-24926
-27808	-36028
-11915	13324
-7942	-4180
-19862	9986
1991	-3353
17884	3295
1991	-2643
-7942	-1970
-9928	12352
5	1848
-5955	-5390
5	746
17884	-3641
-3969	-14638
-7942	-4565
15898	-2480
-1982	1857
-7942	-747
-11915	8074
5	-8566
9938	15565
5964	-2634
-3969	-15051
1991	-6805
-13902	6777
-13902	-5517
1991	18411
3978	-6150
1991	-1130
7951	-20810
5	-3884
1991	-5065
-13902	4198
-11915	5071
-9928	-9103
-5955	-7195
-7942	-9282
7951	20084
3978	-7012
-11915	9694
-13902	-12327
3978	-1950
-13902	-14778
-15888	-14645
-1982	-14943
-13902	3510
-3969	3204
7951	-7492
-9928	8750
5964	-8952
-23835	6926
-1982	-9893
5964	-1543
-7942	5948
5	-6415
-3969	-10418
9938	-14354
-5955	-6387
-9928	-2204
3978	11767
3978	9772
-9928	-20412
5	7122
-9928	-3629
5964	-12204
5	9996
9938	7400
7951	-8566
13911	5066
5964	13669
11924	2103
7951	13146
7951	10306
19871	-14601
5	-11565
1991	-6830
11924	15576
-5955	2306
-9928	-1453
7951	2576
5964	6805
-7942	3139
-3969	-15391
3978	4388
15898	11603
-9928	-8012
5	9672
3978	-12720
-1982	6410
3978	1049
-5955	9342
1991	2830
-5955	1012
7951	-8413
-5955	-9580
11924	7923
-5955	18473
-3969	9986
11924	-3321
7951	-2971
1991	-25953
5	-16299
5	12589
-7942	-5513
19871	-13608
-9928	-2332
3978	5361
13911	-10050
-9928	-10492
19871	-2669
5	-3605
5	-13329
3978	-2780
-15888	-2777
11924	-779
5964	804
5	-18256
-11915	4893
15898	-5740
1991	-16727
11924	-1414
15898	1377
21857	-5174
5964	1985
-13902	14596
-9928	6874
-7942	11130
1991	-8838
-9928	11369
13911	11269
-3969	1836
3978	4775
-23835	3141
-3969	-13188
-1982	1455
9938	4596
-7942	-4093
-9928	-2288
-9928	6544
3978	-6557
-5955	1198
-11915	12323
-7942	3747
-5955	5198
9938	8320
-3969	3986
-5955	-12709
1991	-6328
-21848	-11216
13911	129
-1982	12842
-13902	-12399
11924	11415
13911	17391
-9928	8539
13911	3805
-1982	12883
-3969	-4607
-3969	17686
-9928	19401
1991	-33773
25831	-16569
3978	2444
3978	-2890
-3969	-21024
3978	-10917
11924	9218
-3969	7218
11924	-2414
7951	-593
1991	4063
3978	6563
-13902	-8568
3978	-16711
-9928	14442
7951	-2027
-11915	-11734
7951	3411
-5955	4843
-1982	6662
-3969	-8946
-5955	10044
5964	-3203
5964	17716
11924	2417
5	8839
-1982	57
19871	7656
7951	-2622
-11915	-12059
1991	5384
-17875	-16875
5	-1034
-7942	-5113
7951	1902
-23835	7348
-3969	8905
-9928	479
11924	-4892
21857	7264
7951	-10025
25831	10352
-1982	4062
-17875	14143
-1982	-891
-1982	5420
5	-2618
5964	10352
11924	14870
7951	-10330
-1982	4354
-7942	-21143
5	17864
3978	10545
19871	-5523
11924	15418
3978	10185
5	-19799
13911	10402
3978	-9510
-11915	-3743
3978	12356
5	-8362
7951	-18659
5964	15218
-9928	-9144
5964	-3576
-7942	6983
-5955	-11578
7951	8384
5	7638
15898	6947
3978	8521
-1982	12805
11924	7878
11924	16757
-7942	1839
15898	-15931
7951	7382
-3969	511
7951	-6006
7951	-5999
7951	-10199
15898	-30771
-11915	-10894
9938	1274
5964	13732
11924	-2147
-13902	-8761
19871	-3650
3978	-1486
7951	4007
-7942	-13791
7951	7311
5	2327
-19862	5974
7951	9101
-3969	-6330
-3969	4194
-3969	9669
-21848	-9027
-5955	-12748
-9928	9193
-3969	-6153
5	8808
-1982	-15084
-3969	5413
-1982	-15960
5	12736
-1982	19698
3978	10536
-11915	799
9938	12282
-7942	-912
-11915	-12006
-5955	680
5	-18616
5964	-10079
-17875	-1332
13911	-10075
9938	-7516
-7942	1630
7951	6950
9938	-11820
-11915	-4164
-13902	-9215
5	-31179
-11915	-1594
-7942	12747
7951	7215
-3969	11517
5964	-24090
7951	-4945
1991	15817
-5955	1559
-9928	-15252
-5955	-683
-1982	-7298
-3969	7497
5964	10516
5964	18626
5	-11206
29804	-3177
-5955	14037
9938	915
-11915	-4632
-3969	10922
-1982	15420
-5955	-18931
-11915	-973
-7942	-864
3978	10599
5	10713
1991	15167
-9928	-2504
-5955	7113
-3969	-10469
7951	14514
-11915	-7325
-1982	-7419
23844	-9753
-9928	10632
-5955	5560
-13902	-10132
7951	-4978
9938	-17972
7951	8823
-11915	15578
-27808	-9255
5	15940
5	-495
-5955	8761
1991	-6334
3978	-2139
11924	-4452
-21848	6383
-11915	10691
-13902	14528
-5955	12113
-7942	2329
-1982	2770
1991	-7732
-23835	12890
-15888	17857
-9928	4509
11924	4976
-3969	-8263
-27808	-16039
-15888	1219
5	12844
-3969	-1248
9938	15741
15898	-5768
-3969	13274
3978	-5226
-5955	1595
-5955	-2975
3978	-20057
-5955	-4374
7951	7098
1991	5577
17884	-3941
-1982	2593
-15888	-2468
-1982	-10718
-9928	5486
-3969	-10383
11924	3592
-7942	1189
-11915	-2902
-15888	-15113
-1982	7294
1991	-15315
-1982	-18002
-7942	1716
5964	1145
-5955	-5663
11924	-10027
-13902	-3090
11924	-17233
-33768	-4421
5964	1563
1991	6926
-7942	689
-15888	9787
3978	-4567
-17875	-6809
-7942	-5621
9938	-18714
-7942	9677
27817	4363
13911	7525
1991	-24705
-13902	-10287
-19862	15841
-3969	-2350
3978	7135
9938	16525
19871	3064
3978	-8621
5	1611
3978	-14794
-5955	-15230
5	-5872
1991	10045
3978	-2568
5964	4373
7951	5891
-13902	-14380
-1982	14484
9938	-8053
1991	-4892
17884	4632
3978	7382
-3969	-9978
-13902	-4856
11924	1452
3978	2466
7951	511
-1982	6679
-5955	-415
15898	-3212
17884	-9852
7951	-3127
15898	16252
9938	-9852
-7942	1908
-1982	5312
5	-1132
3978	1637
-9928	3778
9938	2275
17884	-10953
5964	16072
-11915	566
15898	-1421
-3969	2216
5	2543
-1982	-22530
9938	5189
-21848	3580
-5955	5084
-17875	9954
-17875	14311
11924	3955
7951	10957
13911	5881
9938	4641
15898	-22111
5964	-12465
-17875	14706
5	-1555
-3969	6769
5964	-1895
5964	12705
9938	-8065
-1982	9646
15898	6415
-1982	-38
5	15237
1991	5723
-9928	14860
5	1905
11924	-1565
1991	9533
-7942	-7269
-9928	18589
5964	5615
-3969	8269
-7942	-13891
9938	-34
5	-12076
1991	5854
-5955	5
7951	6772
-5955	-2759
-5955	10449
-7942	-3335
5964	10700
11924	54
-1982	-3774
7951	-7399
-7942	10239
-9928	-6366
-1982	-2253
9938	-988
-5955	-10214
15898	-4185
-5955	-4383
3978	10564
13911	10853
-9928	-3817
5964	7496
-7942	-3224
3978	-1215
3978	5516
-1982	-1638
-5955	-16694
-1982	14993
-15888	-21707
9938	-18295
-11915	5571
9938	8686
7951	-3119
-5955	-8550
-17875	11743
11924	-13171
7951	12076
-7942	11285
5	18887
-17875	9898
1991	1012
-5955	-3002
-11915	6091
9938	-1435
-1982	-12997
21857	-10955
-15888	20201
19871	2341
11924	17633
7951	11126
3978	-4150
-1982	-6850
-1982	1203
-1982	19636
1991	-9286
1991	3424
5964	13160
3978	9554
-23835	6847
13911	-6537
9938	-19442
11924	-8493
7951	-5466
1991	-13004
1991	-2899
-1982	10837
-15888	-11534
-7942	-17363
-5955	14577
5	1263
-19862	-8857
5	-2152
-3969	-21456
-9928	-6085
-3969	3712
-11915	744
17884	7755
-3969	-3505
3978	12391
-5955	1077
1991	8929
1991	-8667
1991	-6829
13911	11716
-3969	-17287
-3969	12517
3978	6536
-7942	2419
3978	9516
-3969	-4003
7951	7038
-11915	18337
11924	-242
-9928	7321
-17875	1287
5964	-2601
-7942	-2372
9938	3508
-7942	-16843
-1982	-16925
-5955	-12204
3978	16949
-5955	2240
3978	-6839
-13902	-5080
5	5189
5964	2126
15898	-142
3978	-20779
-5955	8830
1991	-1066
5964	-1909
-9928	-9909
-1982	-7949
5964	-1751
7951	21465
-9928	4729
7951	-16141
-11915	-2465
9938	8531
-3969	8498
5	6071
-23835	13786
3978	-14109
-1982	-3839
-15888	2702
-15888	-11595
5	9537
-9928	4524
7951	-6490
1991	-2620
3978	-3396
-1982	-9789
-1982	18633
-19862	-16298
7951	4242
-7942	5556
-1982	3968
3978	5678
-11915	3131
1991	-15179
5964	-5891
-1982	-4502
-13902	1219
5964	-8391
17884	9440
-3969	-15501
-7942	14988
7951	279
-11915	6223
11924	-5314
5	-1304
21857	-2510
-3969	-10428
7951	13137
5	-3231
5	8041
-11915	8279
3978	3197
13911	8328
-7942	-3413
3978	4290
7951	-3633
9938	753
3978	9536
-3969	7485
5	5483
-5955	-7064
-1982	4412
19871	5591
-3969	1292
5	12882
23844	-1555
5964	-153
-23835	3815
-3969	673
5964	-903
5	-27575
5964	-10620
-1982	-2921
1991	-978
7951	-15393
-13902	5322
5	17005
7951	-29109
5	-28406
17884	3318
1991	4263
1991	1355
13911	-4490
5	-8629
-3969	9901
-3969	16088
-9928	4204
-1982	1343
-7942	-9495
5	-1297
-29795	21426
1991	15329
-13902	11790
7951	2908
1991	-23525
-19862	18221
-5955	-3605
5	14079
5	-6536
-15888	8164
15898	5500
-5955	9474
17884	-2016
-1982	-14274
-7942	3907
1991	-9090
7951	-2393
5964	-8493
-3969	-4801
-7942	12647
1991	-612
5	-13154
-5955	11064
11924	-1249
-3969	2700
5964	1718
-1982	12776
7951	17576
11924	-15073
7951	7625
17884	6035
3978	5121
5	4507
3978	-13483
-15888	5367
5964	-3601
1991	9870
1991	539
-5955	5100
19871	-3647
9938	-128
-9928	4139
7951	9489
-7942	-8323
-11915	-12863
5964	-9447
1991	13749
11924	-7591
7951	731
-5955	-10136
1991	1443
-1982	3979
3978	-13644
-1982	1079
9938	9208
5	-1898
-5955	580
-7942	1004
5	-2782
1991	1473
5964	5597
3978	-1119
-3969	6063
3978	1220
3978	-3806
5964	2144
-17875	9670
-1982	8942
-1982	2543
13911	1713
13911	-1862
5964	10949
-1982	10932
5	-2740
11924	-10971
15898	5528
-3969	9693
9938	11385
1991	6600
9938	2481
15898	-9549
-5955	9182
11924	3276
-11915	1058
5964	-8589
-17875	-22557
9938	14080
5	-460
17884	998
3978	-7560
5	8206
-9928	-3287
3978	10231
1991	7149
-1982	4587
1991	6494
-5955	-17508
-7942	4107
1991	-24866
1991	1866
13911	6169
5964	-7032
-5955	-4696
-7942	7577
-29795	949
15898	-9135
-15888	-800
3978	-6059
19871	-10484
-7942	6975
11924	-4954
-7942	-9530
3978	-7918
-5955	6561
-9928	13462
5964	12082
5964	8970
-1982	6959
5	4461
15898	7291
-7942	4624
9938	-9572
-1982	1392
-5955	-5894
7951	4531
-11915	-14410
-3969	6204
-7942	-2413
3978	-4733
-3969	-8409
5	-23362
-9928	-4796
-5955	6361
-35755	-4153
5	5374
-11915	-3735
5	2830
5964	-10043
21857	-13880
-9928	4214
-11915	6193
-9928	-5089
-5955	3003
-5955	-2509
-1982	9276
-15888	-1282
13911	2543
23844	-7286
-7942	7794
1991	-23737
5964	2164
-1982	3562
-1982	8689
-5955	-2448
-13902	6237
3978	-4738
1991	779
1991	9780
1991	-6972
3978	-3846
-9928	-985
11924	11459
-5955	-2587
-15888	3134
9938	5849
-5955	18133
-9928	13135
-15888	3927
3978	-7270
7951	7361
5964	7832
5964	7318
7951	-4843
-11915	-6845
-19862	-10131
5964	-246
3978	11903
3978	-1111
-5955	2495
-7942	-9470
1991	1661
-13902	22069
-1982	-365
5	634
-11915	-1675
7951	4437
19871	-2637
-3969	15118
5964	190
-7942	5190
7951	5729
-1982	-9100
5964	4052
-11915	-3596
3978	8100
9938	7111
-3969	8249
-11915	-5851
-1982	-435
5964	-11934
-7942	-10986
-21848	-8230
-25821	18554
-3969	7267
5964	-2820
9938	13948
3978	-21681
-5955	7449
5964	11887
5964	-4463
5964	11502
7951	14697
-7942	388
5	-13467
-13902	3272
-5955	-15521
-1982	-421
5	5665
-5955	-4638
5	-13681
-9928	9024
1991	4177
13911	5742
-9928	-3362
13911	-12101
5	-18402
-15888	15443
-5955	11956
-11915	588
1991	-8945
-5955	14275
17884	10189
7951	-8194
11924	6706
5	-1443
5	-9673
5964	-4932
7951	-625
3978	15255
-3969	-6843
13911	-2794
5964	14116
-5955	8367
3978	10815
-1982	-5133
-7942	-419
-7942	5458
-9928	-4786
1991	3137
5964	3746
7951	8995
-13902	2419
13911	-1814
1991	4215
3978	442
-7942	-1883
17884	5954
13911	-10694
9938	11818
-3969	5165
5	-12398
3978	-15786
7951	2903
5964	9075
-3969	1454
1991	-20162
-27808	3412
-11915	-10621
9938	-22211
5964	-1938
3978	5551
1991	-26283
-7942	-21774
-9928	-2472
-1982	9878
-13902	11173
-5955	4930
11924	-5388
5	11272
-5955	4315
-9928	780
1991	-1700
3978	8199
9938	-8325
1991	8191
-3969	8028
11924	9635
5	-5638
5964	5168
19871	-22778
1991	8904
13911	9749
-9928	-737
5	-7012
-11915	14769
-23835	668
5	-4449
-3969	19343
5964	10256
-3969	-14580
-3969	-9646
-11915	-4762
7951	27072
1991	-2839
-9928	-947
15898	-12862
17884	1553
-5955	-1297
19871	7200
-7942	-7496
-5955	12179
-11915	839
-7942	9949
5	13197
5	1715
-15888	-7357
-13902	-4797
-1982	-17770
9938	-917
19871	6484
-15888	-876
5	625
-7942	-2816
-9928	-6621
15898	-14918
-3969	-9342
5964	3759
1991	-530
5	-7533
15898	5470
-5955	-609
-7942	-1712
-5955	-8600
-9928	-680
-3969	-28325
-1982	-4029
9938	13492
-7942	-12033
11924	21230
-11915	-9102
13911	10136
-3969	-5094
-11915	12902
-15888	2832
-19862	-10762
13911	4882
9938	-3408
-9928	-4496
17884	6845
5964	3230
-11915	-221
-11915	-18218
5964	-5460
-17875	340
-5955	5028
-29795	-13402
9938	6421
11924	-9200
-3969	-457
11924	9206
-1982	10393
1991	-19845
-23835	4363
1991	-3473
5964	10416
3978	-18525
3978	-25692
7951	7470
1991	-5304
-3969	-11614
-5955	-19765
-9928	-16726
-1982	1597
9938	3800
-3969	-15040
-5955	-889
5	6986
-13902	5724
15898	-1529
-15888	-4496
5	2714
-5955	8648
-15888	-6947
-1982	-3701
9938	-14350
-13902	4482
-3969	5577
11924	5458
5964	12958
9938	13882
-7942	8246
7951	-3348
-9928	-7106
-3969	-17390
-17875	9037
5	-4649
-5955	-12513
-3969	11999
9938	952
15898	-11140
23844	-11042
5	-17376
5964	4545
-3969	-4435
3978	14906
15898	-1534
5	-6361
17884	-10490
-7942	-11246
-11915	-5328
1991	-19647
13911	-5230
3978	609
-7942	9258
-7942	-6621
5964	-2627
-7942	-1021
1991	325
7951	-12808
-7942	-14029
-1982	2830
-21848	-12447
-3969	3376
-23835	16681
-1982	1943
19871	7083
25831	4922
17884	1483
1991	-11517
1991	16467
-3969	6893
-5955	-5995
-5955	3547
-1982	10831
5964	8624
3978	5686
-11915	-2903
5964	-6326
-5955	8880
3978	-3482
3978	-9751
7951	6766
7951	-4610
-5955	4084
-15888	5958
-3969	6531
-3969	-8741
9938	11900
9938	6123
1991	9152
7951	240
-11915	312
7951	-865
5	-7502
1991	10288
5	-4591
-5955	-4999
5964	8371
-5955	7182
3978	1835
-3969	2797
-9928	-703
7951	7743
-7942	10411
-21848	831
-9928	12196
-9928	-7366
5964	8382
-5955	16086
5	13121
-7942	4900
11924	-3143
-11915	-4938
21857	-5257
-17875	8307
19871	-3113
5	5752
1991	15470
-5955	-12278
-1982	14478
-11915	5276
-5955	3053
5	1983
-1982	-3961
7951	16467
19871	-12235
-13902	3793
5	15352
3978	-4452
-3969	9759
-3969	2437
-9928	9644
-13902	11433
9938	6916
-13902	-5313
-9928	139
15898	1847
11924	-16381
7951	2814
7951	7116
-5955	7304
-21848	-8777
-5955	-5290
-11915	-10245
-13902	8277
-5955	-7240
-9928	-17598
-13902	-733
1991	4121
-1982	22321
-9928	6324
-5955	3454
25831	-15831
-11915	-20523
-3969	1419
-9928	-26602
-1982	-658
-17875	-7084
5	-912
5964	-716
11924	-13241
5	3972
1991	10335
-5955	4521
7951	-3482
17884	7043
-9928	-4860
-15888	15023
17884	-1173
5	2895
21857	15596
-7942	12228
-9928	-12492
5	11021
9938	-8333
5964	7805
5	8228
7951	4279
9938	-1426
5964	-12976
5964	13737
13911	-5251
-19862	15503
7951	-7991
11924	-19714
-5955	-10039
-1982	-11671
-23835	-5023
3978	2640
1991	-2263
-1982	1508
1991	-9383
-3969	-6792
3978	897
-7942	-16072
-11915	12717
3978	-4772
17884	-10132
5964	6617
5964	-9749
-3969	883
-19862	11997
9938	-625
-3969	-9402
1991	10627
-7942	-8358
-13902	2823
7951	6595
3978	-5400
-3969	16249
9938	14882
-5955	6370
9938	267
3978	-4100
-21848	-3202
13911	6469
5	820
1991	7578
1991	4723
-1982	-3444
9938	-1038
11924	2835
17884	-3725
-3969	-10773
17884	-17487
-11915	15897
1991	-13604
1991	1341
5	-7997
-7942	-16147
15898	8836
-9928	5328
1991	5433
-5955	-3192
13911	13718
15898	-20060
-1982	2204
3978	6694
7951	12831
5964	7288
-1982	-6578
-3969	2493
-9928	4316
5964	12032
-11915	-26073
-1982	1273
-5955	-28473
-15888	-11809
3978	-23027
-9928	2448
7951	9788
3978	15488
-27808	6353
-13902	796
5	3653
-1982	-9043
7951	7944
-17875	7324
-21848	-4695
-5955	-14972
-1982	12229
-1982	4881
-7942	4561
-11915	-9159
-3969	-5276
-11915	-14997
-1982	11643
9938	-1182
-9928	-1765
-1982	12778
-1982	7058
3978	1400
3978	25197
-3969	-8857
5	1137
-7942	-17779
5	9375
9938	-12905
1991	14988
-15888	-1527
3978	-374
-5955	8505
17884	6054
13911	-8852
-15888	-34571
7951	-24461
-7942	-19110
-3969	7948
9938	7199
5	5937
-7942	-6524
-3969	2279
1991	-4948
-1982	4105
5964	-1318
-1982	-7019
7951	3975
11924	-29319
11924	4448
7951	-10732
-1982	13368
-7942	19307
-5955	-3326
-9928	-3507
9938	4759
3978	11782
17884	-21929
-5955	6078
11924	6773
5	-2659
1991	-16818
5	9942
1991	-19326
-7942	-8437
7951	2660
1991	13929
9938	15726
1991	10493
1991	8926
13911	5033
5	-950
5964	-88
1991	-2390
1991	8068
17884	11324
3978	-2806
1991	-8142
5	-488
13911	-4215
5964	-15780
3978	-2734
3978	-243
5	11176
11924	-16366
5	9265
-3969	-3736
-13902	-1325
5964	-3016
5	6096
17884	3623
15898	15099
-5955	-3348
11924	7634
-1982	1306
-13902	-4419
-11915	14311
3978	-15421
-5955	-137
9938	2232
-5955	-1815
3978	-2788
-3969	14115
-13902	-12710
-9928	-2676
13911	7045
1991	9710
5964	2682
3978	-23082
-1982	10898
9938	-16291
-11915	11546
-17875	6682
5	12334
-3969	-4510
15898	16913
13911	10225
13911	-5825
-5955	8406
-1982	796
9938	-19207
3978	2507
11924	2891
9938	3270
5	2575
-1982	8297
-7942	-11869
-5955	9562
3978	-14362
3978	-18057
-7942	-9522
-7942	3125
-9928	5234
11924	-5449
17884	-13885
-19862	8119
-5955	-3593
5964	75
3978	-8681
-11915	5394
7951	-9130
11924	10687
1991	-5428
-1982	-1600
1991	479
15898	3528
-31781	6491
7951	-20039
1991	13449
3978	2194
5	4470
-25821	13866
3978	-15028
11924	7107
-19862	-5507
-3969	-15513
7951	16176
-13902	10714
5964	9617
9938	2116
-1982	2772
-11915	1292
5	9716
9938	16755
5964	-10706
-7942	-12284
7951	-14654
11924	-12670
9938	-11656
5	-5411
-9928	-10488
-1982	12970
9938	16416
13911	14212
23844	7064
17884	-4207
17884	5078
7951	10512
5	8082
-1982	-6698
-9928	4329
11924	299
9938	2189
15898	4926
-15888	6477
-5955	-3819
-15888	-17876
3978	1988
3978	5588
3978	-7280
-7942	9524
1991	876
-5955	-4611
-9928	-5055
-3969	-7699
3978	-596
1991	-9246
5964	1965
3978	4802
5	-15736
5	9276
7951	-8868
5964	-5220
5964	-2182
-5955	-3792
1991	122
17884	3272
-1982	-7065
3978	2447
5964	-12890
-9928	725
-3969	-16991
-15888	-2494
-13902	12479
-7942	-7502
3978	-9188
-11915	-3385
-11915	3341
-1982	338
-1982	-10242
-1982	7379
13911	-12054
7951	-11676
7951	-3976
1991	14542
3978	-2618
-9928	11240
5964	-10174
9938	-7022
5	4453
-1982	18896
1991	9921
5964	430
1991	-2952
19871	-10854
3978	-14396
11924	1909
7951	-653
9938	2080
19871	6189
-15888	22922
11924	3356
19871	-5430
5	-7995
7951	1158
-11915	2476
5964	-6039
-1982	-8492
11924	6506
9938	1096
5964	-11861
-9928	-7505
3978	4036
-17875	-4859
-3969	9376
1991	93
1991	15099
-3969	-24537
-9928	8869
5	328
-17875	-11633
9938	12776
-5955	11921
-3969	1253
13911	2911
-7942	-3145
1991	16683
1991	-10944
3978	-2715
1991	-7514
5964	9812
-3969	245
5964	-12453
5964	8709
-27808	2406
7951	1023
5964	13985
9938	10467
-9928	14393
3978	-3228
3978	-23703
3978	10982
-3969	-13342
-17875	7189
13911	3070
-9928	-14760
15898	525
7951	17234
7951	7410
9938	-10226
7951	-11921
3978	1149
-13902	14305
7951	-356
-11915	-17
-3969	-9474
-5955	1067
-5955	1189
-1982	17395
5	9155
19871	-7777
-15888	6703
7951	2562
5	12432
-3969	1101
-1982	-6671
-3969	-3156
5964	-10674
7951	1831
-3969	-13960
3978	-11210
-5955	-13228
19871	-11042
11924	6463
9938	4792
-1982	-8018
-19862	16810
5	4274
3978	4897
11924	-12336
1991	-2767
3978	1924
-1982	17055
7951	8575
-1982	-1390
5964	-4157
-17875	-20200
-7942	-22811
1991	287
5964	-5797
3978	6011
5	-9766
17884	-17855
15898	20060
5964	-135
-11915	-10321
13911	-1318
5964	-2313
21857	14704
3978	5108
-17875	6478
21857	7561
1991	6110
-13902	10918
5	-11929
5964	-16267
-7942	13710
9938	-24495
-7942	-8787
-11915	17177
-9928	-6882
-5955	10623
-9928	-6127
11924	-3317
-11915	19276
5	2973
1991	2277
9938	3563
-19862	7665
1991	-2529
-7942	1248
-7942	-8507
7951	-13659
-3969	-7824
-3969	7004
5	20290
13911	1211
1991	15449
-1982	6896
-9928	5765
-15888	-34003
13911	7609
-23835	-2729
23844	13965
-15888	-22309
21857	9714
9938	14277
11924	-17575
-11915	-14963
-1982	-23037
27817	-8689
1991	328
-7942	14076
3978	-13606
-1982	3174
5	-7357
15898	10828
-13902	15756
5964	15215
7951	10529
-1982	13545
-7942	5169
-5955	-6004
5	1277
-11915	5709
-1982	-13030
-9928	12120
-11915	-781
-1982	-7349
-5955	2949
-3969	5492
9938	7723
9938	-16181
-5955	12793
7951	13828
5	-2442
-1982	-3529
-7942	10741
5964	-749
11924	4715
1991	7065
-1982	-12845
7951	-3244
1991	-17843
-11915	2561
13911	8964
5	1199
7951	6120
17884	-1469
5964	200
5964	17729
-17875	15472
-17875	-14910
7951	-11273
-7942	8292
7951	19247
-3969	2443
1991	12779
-1982	-1688
-3969	1
13911	11378
-5955	-3532
5964	14347
1991	675
1991	-28000
5	12240
1991	-6323
3978	-10420
-5955	16243
5964	-2750
-1982	4626
-5955	-20829
3978	4334
-9928	-1375
5	8281
7951	-5942
-7942	-14793
5964	-9618
-1982	-24700
-11915	-6749
-3969	8156
7951	-6091
-9928	-1078
-1982	-23514
13911	-1482
5	6587
-3969	8354
1991	6772
5	-8074
-1982	10839
-11915	-16447
13911	-13911
-7942	9990
13911	-8111
-5955	8590
-15888	4961
3978	10035
15898	14723
-3969	8286
9938	12225
1991	6709
1991	-13675
-9928	-2041
3978	-15202
-15888	-9708
19871	-13254
-1982	-31
-15888	-9486
1991	-14704
5	5346
-13902	16821
-7942	8661
-3969	-1172
3978	4532
11924	10656
-3969	-19900
1991	8830
17884	3445
5	-3536
3978	726
5964	1569
-5955	13769
5	1123
9938	14262
7951	9806
-3969	9531
-5955	4193
11924	54
-1982	-8946
-5955	-4002
5	-2176
-21848	16844
1991	-22183
1991	18319
17884	-2527
9938	7920
-15888	13267
-13902	5411
5	7254
-5955	8566
5	2890
15898	2008
-13902	9712
5964	-6988
-1982	4588
-17875	6115
1991	8809
-5955	-10844
-5955	-16180
7951	6291
-7942	-13056
3978	-238
3978	-5869
3978	11117
3978	13153
-1982	-15387
-1982	962
-3969	22630
7951	13422
11924	18304
-13902	-1448
1991	16529
-1982	-3049
-3969	8158
5964	11525
5	-5076
-11915	4448
-17875	3807
-1982	14684
1991	4761
9938	1343
-5955	-1514
5964	13949
5	2220
-9928	9463
5964	6842
-3969	3181
5	6309
5964	-4565
-9928	-6454
5	-605
23844	9563
-3969	-10435
5	-16733
-5955	7229
7951	-6960
-3969	-24725
5964	2214
13911	-7618
3978	11936
5964	182
-7942	1355
-3969	-16919
7951	-23372
11924	-1750
5964	7943
-17875	11720
3978	4549
3978	14396
11924	-16486
7951	-5415
15898	1730
-5955	-1902
-11915	-5039
-5955	-11165
-1982	6637
5964	12869
3978	-5234
-15888	-4706
5964	-22626
3978	4820
-9928	4971
-3969	-1771
-3969	-21281
1991	-17871
5	1511
-5955	20189
5964	5617
-3969	-7596
-15888	6823
-1982	-13700
-1982	8908
-13902	-2830
5964	-8387
1991	-10219
-3969	-637
3978	-2726
1991	-7509
7951	-3697
-3969	8753
5	693
7951	10074
9938	-14311
-1982	-14883
-7942	-14039
21857	-104
-1982	-7508
5	-22647
3978	1544
7951	11212
-1982	6956
-39728	7345
9938	6039
-1982	-5800
-5955	4941
-3969	10211
-1982	12833
-19862	3940
15898	7137
11924	1911
-1982	11173
7951	-4279
-3969	-33089
3978	5778
5	15127
5	-7533
11924	5070
9938	13896
3978	8116
3978	14643
-1982	11927
7951	11962
5	-10326
11924	7695
-1982	6171
5964	14255
1991	6811
9938	-1614
-9928	4113
7951	15267
-11915	7809
13911	-47
1991	-8174
5964	13287
-7942	-1130
-5955	15447
-25821	6791
9938	-12357
7951	4291
7951	1183
-19862	-9334
-1982	-3657
-1982	11134
-17875	247
-13902	7748
15898	-13284
9938	5461
21857	-4709
-7942	11525
1991	-953
5964	-17359
-9928	10704
-1982	-16907
1991	19640
-3969	2085
-5955	-12634
1991	721
-15888	-6986
-5955	-12524
-1982	-11728
-29795	8420
-1982	11340
5	-13562
5	-11432
-11915	-1263
-1982	12851
-1982	-34701
7951	-11927
7951	-16369
-25821	-5429
-5955	-5645
-11915	-728
3978	-5966
-11915	3154
-1982	-20076
1991	3182
9938	4402
-5955	-6420
1991	10863
9938	264
-33768	9962
-13902	-7016
-3969	7721
-3969	11455
-7942	1630
-1982	7869
1991	4446
-7942	9444
1991	-5644
-9928	-2537
7951	-13076
3978	15159
5964	486
-5955	9153
-5955	3463
5964	1053
-23835	-156
-7942	-702
7951	-8754
15898	7297
17884	15359
-1982	-13959
3978	-7078
5964	5449
5	9004
-1982	-19225
-17875	2652
13911	-8246
15898	-7375
5964	-9024
3978	7233
5964	12178
15898	4302
-13902	14733
-1982	-20110
7951	24555
3978	-6261
-1982	14430
5	351
5964	-21624
7951	-20819
-1982	10197
-5955	-10460
-3969	10116
-1982	-10444
-13902	10902
15898	7421
1991	-4373
-13902	5221
-5955	-14226
3978	7420
-3969	11371
-9928	11263
9938	10297
1991	-5818
3978	1404
-5955	-2111
5	-3767
3978	-22961
5964	9449
-7942	-4126
-13902	18218
-5955	-4575
5	5921
-23835	-11779
17884	15971
-7942	8116
3978	4606
-5955	-5245
15898	5541
-1982	9933
17884	-9092
-5955	-20215
5964	16156
3978	-13745
5964	8877
-1982	-18432
-13902	-21470
5	3971
-11915	6698
-3969	1604
19871	2372
-9928	6306
-1982	7257
13911	-15306
-7942	778
5	-2677
-1982	4391
-5955	-15460
13911	15266
-7942	8800
-3969	-20098
-9928	8937
-3969	-17615
13911	8544
9938	-19043
3978	-14956
-3969	3010
-7942	-4684
7951	14590
9938	-11747
13911	-16420
1991	2882
7951	19957
1991	6508
-9928	-9321
-17875	11205
5964	1631
7951	-12820
9938	-11779
-19862	8623
3978	9995
3978	-2058
-23835	-111
-5955	1322
-7942	-1663
9938	2152
7951	-18629
9938	-16427
9938	-3577
-3969	5194
1991	5823
-9928	7153
5	-2598
-7942	-2468
-1982	-8090
-1982	5997
-19862	-9359
7951	-16137
-3969	3380
7951	-13539
5	1644
1991	14073
7951	8625
5	10358
-3969	12760
7951	8341
11924	7643
-9928	-17368
-19862	4985
-5955	-2384
-1982	1317
11924	5431
-11915	3533
-23835	5858
3978	-1188
9938	-541
5	1017
-5955	3294
1991	-15713
5	-7572
15898	-9202
1991	-7647
3978	-15858
3978	-27115
5	5743
5964	5902
1991	-2500
3978	7097
5964	-19832
-5955	563
-3969	12078
1991	-437
-5955	-24788
13911	-3777
-13902	5839
5	16327
5	11788
-5955	2585
-7942	-3757
-11915	-430
9938	2425
-7942	6629
15898	-4312
-7942	-997
5964	-13022
-5955	4967
-7942	-16181
-13902	9555
5964	11141
-11915	-9347
-19862	11548
13911	-1599
-15888	-20300
-13902	8763
5	11461
15898	12225
-5955	4336
7951	-7714
-1982	-2377
-3969	-15646
7951	-9233
-13902	133
5	-2078
-39728	1661
-7942	-8552
3978	23320
-5955	4766
3978	14324
3978	-24029
25831	7006
13911	-12402
-13902	1713
21857	-2438
-13902	-7482
7951	11166
-1982	796
5	-4323
-3969	6632
-7942	10787
3978	4492
-7942	-5652
-3969	-516
3978	-6852
1991	8619
-11915	2513
3978	11932
15898	-9573
-1982	822
1991	-5083
9938	17342
3978	-1005
-9928	-16281
-1982	6092
5964	-13061
13911	-5654
-7942	7814
5	3896
-19862	-7317
-9928	2390
-7942	-2023
17884	4652
-11915	-9168
5964	1169
3978	8912
-13902	3138
9938	7751
-1982	2133
-3969	13039
-25821	-9191
5	1677
11924	18840
7951	-4040
-1982	5550
5	16975
5964	3118
3978	2704
11924	5466
5964	121
9938	-9434
5	-8832
5964	-7936
5	-9686
-13902	-10059
-13902	13916
15898	-12237
15898	6225
-13902	15069
13911	9725
13911	1266
5964	-2731
19871	1316
-1982	-7518
1991	14583
3978	-572
-1982	-13732
15898	6619
-9928	-8817
5	17589
-11915	-18147
9938	4871
17884	-10516
-5955	8736
5	-11051
1991	-18977
-1982	6913
-7942	-4026
-3969	-18326
-9928	18626
17884	2426
-11915	-16222
3978	-20807
1991	-5349
-3969	-15975
9938	-14867
5964	11706
-3969	-14777
-13902	486
-11915	-3563
5	13518
-3969	-11211
5964	-14428
1991	1368
11924	15601
5964	4317
1991	-4937
11924	-16185
-1982	-7255
5964	-656
-21848	2201
-11915	4135
1991	-9374
3978	12217
3978	6240
-7942	1223
17884	7906
1991	9812
-1982	7313
1991	512
-5955	8142
-1982	-14977
9938	-11931
1991	5990
-11915	-552
7951	-1244
-9928	-20342
17884	-1617
-11915	-3948
-1982	7233
9938	12277
17884	-9104
-1982	16177
3978	6112
-1982	-16863
-1982	409
5964	3763
-5955	-654
5	9289
11924	-7046
-9928	9384
-5955	12520
-15888	858
-11915	-57
5964	13551
9938	-2461
19871	11216
17884	159
11924	1080
-3969	-5327
21857	5860
-3969	-10409
-7942	12289
-1982	2354
-15888	-2775
11924	7753
17884	-5998
7951	16515
-7942	-10369
5	-5855
11924	12166
3978	335
7951	6234
11924	6029
-1982	8553
-7942	-13830
-1982	-3453
19871	-2168
-9928	-2521
-3969	-6481
11924	-12687
-5955	-1344
9938	-396
-21848	10037
-3969	-8879
-5955	5506
-13902	-15925
5	-20985
-5955	6988
13911	-5023
-3969	1432
1991	-17245
11924	7337
3978	-1833
3978	14239
1991	-7266
5964	-1095
-3969	-14400
7951	-4988
-11915	-4007
-3969	-8041
-1982	7958
-9928	3256
-3969	-827
-21848	-2600
9938	-2013
-3969	12385
9938	9973
13911	15195
-3969	-12156
7951	6330
9938	12474
-5955	-11865
-15888	-7872
5964	10792
-1982	15983
5964	8015
11924	6539
13911	18386
5	-3060
-9928	-8420
5	6355
1991	-4058
7951	4400
13911	-4990
-5955	6319
-15888	6422
-11915	-1048
-5955	-9456
-7942	9071
-5955	2479
3978	9983
5964	-2871
13911	-3899
-17875	-7580
7951	-1179
-9928	2391
13911	9567
3978	425
-1982	-2519
5	4786
3978	-19307
3978	-9430
3978	8235
-1982	7124
1991	-12249
5	5221
7951	7231
-5955	6516
-13902	5652
-13902	6753
7951	-8094
1991	5830
5	2309
15898	7123
-7942	13081
5964	8573
11924	2744
-13902	10204
-9928	1581
-1982	14580
-1982	-5412
-3969	-11315
-5955	7661
-3969	-5083
3978	-616
3978	-4947
-3969	4136
7951	1276
-11915	9412
1991	5745
9938	10102
5964	-17286
-1982	-22317
-7942	3069
1991	-6022
-9928	7977
1991	806
1991	10037
-19862	-8041
-3969	-5884
-7942	5908
11924	4592
5964	-3476
21857	868
21857	-6142
-11915	-11079
15898	1557
-29795	10509
11924	5495
3978	6297
-1982	17137
1991	792
-7942	-18763
-5955	5427
-3969	13866
-17875	3066
-9928	3053
11924	17476
-5955	-3556
15898	-3796
-3969	-10348
-5955	9548
5964	3036
-9928	-4391
-9928	-5122
7951	19233
-11915	-11315
5964	-6556
11924	-16978
-9928	-5734
-1982	-14726
-7942	118
-1982	-3051
9938	10133
-39728	46
1991	4180
7951	8621
5	9918
1991	5484
-1982	2343
9938	-2474
5964	-823
-9928	-14072
-13902	12225
5	13825
1991	8503
-5955	13435
-3969	-4539
17884	7808
-11915	3379
-19862	3973
-1982	-14918
1991	11317
-3969	-3033
-15888	-3597
-1982	7877
7951	-16805
-3969	2609
13911	-7827
-1982	1467
-25821	15911
3978	9313
5964	2990
-3969	-1967
-19862	7872
-9928	234
-9928	11415
5	-6060
-19862	619
-9928	-4749
5	-10656
3978	22009
-17875	9052
7951	-1071
1991	-15159
25831	10485
7951	-10270
11924	-16740
7951	16066
11924	-6419
11924	11677
7951	5633
-13902	13084
5964	-14156
-13902	-16952
-9928	3546
7951	2749
7951	-874
13911	1444
-1982	14493
-21848	2457
11924	10206
5	-9141
-5955	-15501
17884	12384
5964	-7932
-3969	-21495
13911	1195
5964	-11058
-1982	8410
15898	-9
-7942	4780
5964	11768
-3969	-1707
-1982	11019
-3969	-17648
-17875	-21272
13911	6724
3978	6084
-1982	15266
7951	12374
5964	13529
5	8925
21857	366
7951	2312
-5955	-7935
21857	-1175
-1982	-5228
5964	8012
-3969	3383
-7942	11215
5964	759
-13902	5272
1991	14773
5964	-7217
-3969	-6838
7951	6598
11924	-2236
-11915	2507
11924	8339
19871	-21260
9938	-1430
1991	-2926
-9928	-5736
13911	7807
3978	-10777
15898	-12835
-5955	14640
-1982	2807
5	1910
3978	2524
5	-6103
11924	-20634
-3969	1100
-19862	-8320
5	4820
11924	16861
-11915	-4173
1991	-122
-35755	-2378
17884	14599
-7942	3204
-9928	12888
5	-9063
-9928	-15701
11924	-16752
11924	1472
-1982	923
7951	13733
5964	-1309
-11915	3866
5964	883
3978	-12102
5	344
5964	3719
7951	-4362
-1982	-6789
-3969	-4264
5964	3155
-3969	8275
-7942	-9330
5	-12121
9938	-7125
-13902	-9664
-9928	9332
13911	3876
-9928	8342
1991	1122
5	-4171
1991	166
11924	-5165
-11915	4567
5	-6139
-13902	15420
-7942	7356
-1982	-4755
-13902	10703
7951	-7501
3978	2153
1991	1839
7951	6852
-5955	-5177
-1982	2871
5964	11491
11924	-12455
-3969	-27138
3978	-14264
-21848	7062
5	-1490
-13902	3764
5964	-5736
1991	-12431
3978	2065
9938	-10750
11924	-1423
-19862	1330
15898	-5375
-5955	12832
-5955	7157
-3969	7284
-37741	-3460
-9928	-19305
-3969	-2285
17884	7293
-5955	-7977
3978	-16934
5964	5626
-15888	7756
-7942	112
-7942	8583
5	-5352
5	9508
13911	5825
-13902	-4376
9938	2863
-9928	8643
1991	-2220
9938	-10536
5	7567
-7942	1211
-3969	-3868
1991	-14945
3978	-6258
11924	2676
-7942	4552
11924	-5858
7951	-16315
1991	-7632
5	5301
3978	-3905
3978	3818
11924	5285
-7942	16814
11924	-13330
3978	-6580
-7942	5707
-7942	-13596
9938	8568
-3969	8937
7951	-7674
3978	474
-11915	13286
-1982	10603
9938	-14419
3978	8424
-1982	-1999
-9928	-2527
9938	11712
9938	9844
23844	7932
13911	-14351
-13902	-8808
-1982	1147
5964	7256
7951	-22664
1991	543
-19862	396
-5955	13644
-1982	-1196
-11915	-12049
3978	991
5	-979
13911	-4528
9938	-11820
5964	-15908
5	5289
5964	-3314
5964	-11333
1991	-399
-7942	-14374
3978	-10516
-3969	-1613
-7942	3286
-1982	-4490
-7942	215
13911	-14141
-1982	-13386
1991	-3721
5	-2185
-3969	9401
1991	-5586
9938	4672
9938	3209
-1982	2605
1991	-16874
-5955	1271
-3969	19887
9938	10113
15898	-10698
9938	-2908
7951	14028
5964	4944
5964	9079
-7942	4825
1991	9920
5964	-6010
-19862	-5116
19871	11080
-29795	14457
13911	-2017
-3969	11455
17884	-12018
-3969	-4157
9938	-15152
1991	-5404
-3969	5173
-11915	-6932
7951	18846
-3969	-14243
5964	-13085
-17875	7308
-31781	-5119
-9928	535
-5955	1588
-1982	851
-9928	-3124
-1982	-34725
-7942	927
-5955	-8824
-3969	-13658
3978	-14388
-7942	-15762
-5955	-10580
5964	12502
-13902	-6962
-5955	-6685
9938	-9493
17884	-3736
17884	288
5	5976
-7942	11460
5	9367
-1982	2691
7951	2664
5964	1598
19871	2887
-5955	3262
-3969	-7938
9938	7311
-7942	-2863
3978	14961
5	-10613
-1982	5749
5	10365
1991	796
-3969	-1933
-13902	6520
11924	-8326
-5955	-17471
-9928	15232
1991	-3789
21857	-10631
-11915	12282
5964	4808
5964	12212
3978	-6286
-13902	12876
13911	14865
-5955	4469
1991	-7606
-1982	2647
3978	4631
11924	-4091
11924	-418
3978	-782
3978	-17901
9938	-19848
-15888	-19544
5964	-4011
13911	9587
-7942	-4335
11924	-13678
5	-4805
-3969	18492
1991	3151
1991	-9831
11924	4411
15898	2450
-3969	2375
-19862	12226
-3969	-12973
-3969	11755
-1982	6906
-5955	-13174
1991	297
-11915	-1419
5	3229
-3969	10282
1991	1022
5964	-7178
-17875	-6556
11924	3354
-17875	14635
1991	5569
-13902	10470
5	-4037
13911	-7431
9938	-10487
11924	-8095
-15888	-3658
15898	-16510
-17875	-6679
5	-16474
11924	-3139
7951	-165
1991	-12106
1991	-412
19871	-1340
-1982	-10909
17884	8462
3978	6582
7951	145
-11915	9741
1991	1480
7951	4610
-1982	-12060
5964	-24055
-1982	-8978
5	-2631
-1982	255
5964	-8436
3978	6037
-9928	9719
-11915	3404
-9928	17964
-9928	2575
-11915	1962
1991	-2588
-27808	-4603
7951	11100
-1982	23
-5955	929
3978	-7888
-3969	-4831
17884	-2774
7951	6600
3978	16559
-1982	13861
5	-5869
3978	-16946
-13902	-7799
5	7161
13911	13805
9938	1603
3978	9846
-9928	-2112
5964	11876
5964	-11597
5	1936
-11915	3027
23844	610
5964	-15627
-3969	16023
7951	-368
-5955	-5598
-5955	-3598
-1982	2125
5	-18348
7951	-8680
-13902	-3183
1991	12742
-9928	1568
-5955	-1464
-1982	16581
-1982	-5864
15898	-1163
3978	10743
1991	-3233
9938	1784
-9928	6032
7951	-4406
-3969	-10018
-7942	7173
-9928	5150
1991	-3588
-9928	9411
-3969	1462
-5955	-4998
5	5534
5964	-4812
-3969	-12159
25831	5135
-3969	7753
11924	-10471
7951	-20086
3978	3246
-9928	12890
-11915	-6329
-7942	692
-13902	-2386
5	-4432
-9928	-2282
13911	-22521
-1982	3487
-3969	-16678
-3969	14085
5	-10802
-13902	3259
-1982	2255
-13902	-4294
13911	-3304
1991	15931
5	-14797
5964	-854
1991	17017
5964	6370
-13902	-26600
-5955	-15042
-3969	3805
-21848	4735
-13902	-3702
9938	4287
7951	8084
-1982	-3270
17884	-5293
1991	-6675
-23835	12529
11924	-28699
3978	14645
9938	-19275
19871	-9588
-11915	-12501
-9928	13057
9938	-1861
-9928	6764
-1982	6772
-11915	-387
1991	-9013
-9928	-921
1991	7793
5	-2127
-5955	5838
-13902	-1051
-5955	-701
-1982	17394
13911	5663
5964	13975
5	1644
5	-8684
5964	7869
7951	11502
-11915	12639
3978	-78
15898	-1944
23844	9844
-7942	-2201
1991	14640
9938	-18701
-1982	6718
-13902	-10359
5	-3522
-3969	6136
-9928	10089
1991	1758
-5955	9745
-11915	-3471
19871	-601
-5955	596
15898	4763
-1982	5654
1991	4454
-9928	-13271
7951	-6172
-5955	-7114
9938	611
-3969	7860
7951	1384
5964	5445
-11915	-10557
1991	3807
3978	-6080
-33768	14658
-19862	-5128
7951	8125
-9928	7421
-17875	7626
1991	8344
5964	9832
-11915	-3811
-13902	12983
-7942	-13150
5964	-4778
5	-3178
9938	3358
-1982	10753
-11915	2595
5964	-10374
11924	5465
7951	9435
19871	-8356
-5955	9573
5	18253
-33768	-24229
11924	-22717
-19862	-15331
5	-3223
-9928	-6784
-3969	-16788
-5955	-1999
-7942	-2671
13911	-5357
5964	2431
5	4529
-15888	6349
-7942	6320
-5955	2060
5964	-17560
1991	-12209
-9928	7552
9938	-7533
5964	-14607
-1982	11902
-5955	-387
-15888	-18418
-3969	3400
-5955	-6944
-11915	5390
3978	9077
15898	-6155
-23835	1810
-3969	10247
-13902	8027
1991	21983
-21848	10098
-1982	-2000
3978	-13256
-13902	5689
7951	-1116
-19862	3256
-9928	756
5	15574
5	-21359
-25821	10169
17884	-11810
-11915	6015
-21848	-21819
-1982	-13067
9938	1490
-7942	-7213
3978	2387
-13902	-13065
-5955	8904
5964	-2086
-11915	-16568
-11915	9652
1991	2987
5	3156
3978	1721
11924	11457
3978	-10089
5	-20942
-5955	-1088
-13902	-118
1991	24429
-7942	-5251
9938	-16920
5964	2495
3978	2588
9938	13249
1991	10619
7951	19128
-9928	3141
5964	-20192
-11915	-1981
7951	-938
-3969	-423
-5955	-12312
15898	-15935
15898	5087
7951	-2144
-3969	3289
-1982	13569
5964	-4592
3978	332
13911	12251
-7942	9513
-13902	3141
-9928	10958
-1982	-18106
1991	-1076
-9928	9353
5964	-2037
-7942	17633
5964	-6202
9938	-7201
7951	-3182
-21848	-29594
5964	-10269
5964	-2625
-9928	-6327
-11915	-14367
13911	3066
-9928	668
1991	-803
-11915	-17062
-9928	-9153
9938	5291
-21848	8696
-1982	-10978
3978	9459
1991	6292
3978	-9986
-5955	-5626
7951	-2563
-27808	-20345
17884	-8179
5964	15058
5964	-4177
5964	-5556
1991	-23731
5	3340
5	11781
15898	7986
7951	9722
7951	-4653
-17875	7247
-7942	5368
-33768	1879
-1982	-21899
-1982	-14868
-5955	-219
21857	-12287
3978	12774
3978	10209
1991	7775
-3969	-3163
-13902	-12194
5	-25647
13911	-1177
-7942	1425
3978	-6202
-7942	-3804
-5955	7093
-13902	-16766
11924	13235
3978	12902
5	2732
-17875	-7580
-1982	-788
13911	-21989
-21848	15414
3978	14657
9938	2165
-1982	15443
15898	15686
9938	4958
-13902	-3850
5964	-17072
-5955	6615
9938	11872
9938	-1058
11924	98
5	1457
-1982	-13139
9938	-8566
-7942	-19397
5964	-23866
5964	380
-9928	15070
5	-32959
-5955	3913
5964	-7480
3978	-5034
9938	-91
-11915	2517
-1982	4768
-3969	3351
19871	-5897
-5955	3171
-17875	382
-3969	956
-1982	7748
1991	-1048
-15888	2626
15898	-2063
3978	7105
-11915	-4016
-5955	-20211
1991	6752
-1982	2693
-7942	-16597
-5955	-13749
-7942	3683
5	2778
3978	-18244
17884	13255
5	7241
-7942	-20356
-7942	-2615
13911	3055
-11915	8696
11924	8569
19871	1424
-3969	4011
1991	-10862
-15888	2251
3978	-17633
5	16701
-5955	-8567
-5955	-4390
7951	5611
-15888	-10949
5	-3941
13911	-4864
3978	-23296
-19862	-974
1991	-10216
15898	7387
1991	-6934
-1982	9500
5	-11227
9938	-8936
7951	13206
3978	-8259
-3969	-18000
-9928	7256
-3969	2587
15898	4334
-1982	985
1991	4811
-5955	8981
-13902	12604
5	4930
3978	7916
5	-713
-5955	3415
1991	-4708
-23835	19050
1991	-8086
-1982	4442
11924	-7643
-3969	-12100
-5955	-11603
3978	-5222
-11915	-16281
-3969	6561
-17875	15534
7951	7053
-7942	3610
3978	-4827
-1982	5867
-1982	16532
5	-8879
-7942	-5610
1991	6612
5	-8141
-13902	-11130
9938	19601
17884	-11981
13911	3532
-23835	-2292
-3969	10903
9938	15216
5	4560
-7942	5013
-29795	7236
7951	8777
-3969	-11718
15898	-7696
-5955	6989
3978	1992
-9928	-22437
-1982	3747
13911	8182
-11915	3411
-3969	14557
-9928	-12446
-5955	-9774
9938	-5356
3978	-1219
1991	-5672
-1982	5727
1991	10407
11924	13165
-11915	-245
1991	15720
15898	10811
5	-7031
5964	270
-1982	-2045
-3969	-1115
5	-2941
9938	-12096
3978	-12640
1991	3039
-1982	-2313
9938	-3770
1991	7951
-5955	1467
1991	8555
1991	-2124
7951	-4236
15898	13375
-17875	22132
-7942	10451
7951	-13738
3978	7839
5964	-13178
5964	-53
3978	511
-5955	-5667
-3969	10008
-7942	-725
-7942	13076
17884	446
5964	-27900
3978	11133
5	4334
15898	-4088
-7942	-13065
-3969	12383
-5955	-348
7951	4465
11924	-6168
21857	4272
13911	6248
-7942	-6872
1991	9929
3978	8948
7951	-2465
-7942	8742
3978	11952
5	-20808
-1982	-9672
1991	13050
-7942	-17896
9938	4905
3978	-7934
-19862	-18898
-7942	-1468
-5955	1065
-7942	-16002
-1982	9554
11924	-3685
5	-2669
13911	-439
13911	-7906
-13902	-2536
-1982	-2611
-3969	8191
-19862	1891
5	-6564
-13902	7570
-17875	1582
-13902	7528
5	1802
5964	16287
-5955	-998
-11915	-9871
-5955	10789
-7942	-2439
-11915	-1425
-1982	-10810
-7942	-4475
11924	457
5	5682
-3969	1582
-19862	1164
-3969	-2161
7951	-6127
3978	-595
-7942	-15837
-3969	6925
-7942	1666
9938	11054
21857	-14896
7951	3856
-1982	8615
5964	-3909
1991	-6985
-5955	16885
3978	-3975
-9928	-10824
-7942	9311
15898	-18940
-5955	7833
-9928	11893
-5955	-23698
-1982	-11290
-3969	-2299
-11915	16700
-7942	-2606
3978	-7051
15898	-6465
-21848	-8905
1991	7962
5	13944
-13902	-10497
-7942	-9046
-3969	-6250
-7942	3052
11924	4776
3978	-12181
-13902	-21562
-1982	16923
11924	15940
-11915	-12926
-17875	-1551
5	5639
-17875	5090
-9928	-4257
3978	-13
-3969	10590
3978	-11950
-9928	8557
-3969	-11243
-19862	3156
1991	-12032
1991	2958
9938	3452
-7942	-9581
3978	-30263
-11915	8807
-9928	-6148
-5955	8283
-3969	2620
-5955	1566
21857	17034
-5955	457
3978	-6131
-1982	4629
-7942	12599
-7942	-22529
5964	5513
5964	4768
-11915	2277
3978	-7368
-9928	-12057
-15888	7918
7951	15528
-3969	4052
7951	4557
5964	3576
5	-16194
3978	17519
13911	-2424
-3969	-2752
5964	12823
3978	6086
19871	1876
11924	11898
13911	-873
-15888	10519
-7942	-2151
5964	8866
-7942	-11456
5	-9165
13911	2888
15898	23262
1991	-2170
-7942	-2723
5	-258
-13902	-6700
3978	-1783
1991	-811
5	8774
1991	-8839
-7942	550
25831	-2028
-17875	7775
-1982	3376
-7942	-222
-5955	-18686
9938	-2718
13911	5024
1991	12096
-3969	5180
-7942	-5960
-3969	21258
-27808	-20195
1991	8900
-9928	4162
-1982	-3894
-7942	-23650
5964	12163
-3969	-474
5964	8159
1991	-3770
1991	-9134
1991	9106
7951	14585
5	1496
1991	9939
5	3863
-3969	-4959
-1982	-8335
15898	-2392
23844	-9215
-7942	6050
-1982	-12880
3978	13548
11924	1856
-11915	1723
5	-8203
17884	-884
-13902	18732
9938	-12870
-13902	-7578
-11915	-5415
-3969	7242
7951	-18650
9938	4371
-3969	-8091
7951	1702
-1982	1701
-11915	9029
1991	13570
5	1762
-5955	-6105
3978	-8516
15898	15651
-11915	-24734
-11915	1090
5	8733
9938	4080
5964	2777
5	3834
15898	-428
-1982	-5051
1991	19262
-19862	13213
3978	2828
3978	-8584
9938	1422
-7942	-16268
-5955	-10217
1991	-13857
1991	7563
9938	-6035
17884	-1228
9938	-1398
-11915	5138
-5955	1986
-21848	-13101
7951	-3894
21857	15316
-7942	5791
-3969	27100
-1982	6703
1991	16568
9938	9236
-13902	-24699
-7942	-3172
3978	7656
-13902	7023
5964	6957
-5955	11494
9938	-12433
-7942	14577
-1982	9871
7951	-10610
5964	14956
-5955	2751
5	-17682
-1982	-11188
-3969	-1057
13911	-5202
13911	16264
-1982	-15338
-9928	-3584
-9928	-13132
-1982	-8230
7951	-14252
-25821	10861
7951	11573
-13902	-5206
-1982	5843
7951	13661
-7942	-2070
9938	-18138
-5955	-15737
5	2887
-3969	4884
7951	8315
7951	-4166
-15888	-12196
-3969	-3931
-1982	2917
9938	-8355
-5955	-11347
29804	-727
1991	6630
17884	-5989
-23835	4770
-3969	10490
-25821	1598
5964	-24129
1991	5832
-3969	6646
-3969	-10862
-5955	-10487
-31781	-1786
-9928	-5362
1991	8673
-9928	-4181
7951	-6313
1991	858
11924	-6777
17884	4400
1991	-10615
1991	7
-3969	8679
-3969	16562
19871	-15606
5	-12974
5	-24673
17884	-4785
7951	6788
-13902	15543
9938	11680
5	-1908
-1982	10846
9938	8192
-3969	1334
5	6588
5964	-3047
3978	2558
-3969	-3465
3978	-23382
-11915	16439
9938	-12193
5	-11218
5964	-13659
17884	9397
3978	7399
-5955	-2536
-7942	2750
15898	5450
19871	-23207
11924	-5180
-9928	-14965
-5955	-22418
-9928	6113
-9928	2422
5	-8406
-5955	3754
5	-8695
-7942	-9622
-5955	-3197
5964	8665
5	4518
5964	2578
5	-9938
5	-8910
-25821	-1101
-1982	-4619
3978	-15689
-5955	-26895
-3969	7991
-17875	8397
-1982	-14074
9938	-5619
-7942	-22712
-9928	-13929
5964	-1785
3978	13160
7951	1291
-13902	-6353
5964	2289
11924	-3528
1991	14446
-1982	3939
-5955	22269
-11915	-8838
-3969	8215
3978	-14407
9938	2028
3978	2713
-5955	9530
5964	-4692
-11915	11763
-1982	-2510
13911	-18295
1991	-9243
9938	5708
9938	-7051
-15888	4331
13911	-11706
-3969	-15468
-11915	1269
5	7770
-5955	10098
15898	-17817
-13902	6602
-11915	-10233
-7942	8097
9938	3443
-3969	-20317
-23835	-27383
11924	8592
-5955	-5833
5	9757
-13902	-8179
-7942	-7646
-1982	-3096
5	-1862
3978	15136
13911	-6906
3978	11566
5	19741
9938	6243
5964	5566
-1982	13066
5964	6157
-11915	-10507
-25821	-4139
-13902	11748
-5955	7566
1991	23134
5964	9844
-21848	1926
5964	-5177
-5955	18379
-3969	-2425
-11915	679
5	886
-7942	-19637
5	9941
1991	-3832
9938	13324
-17875	4544
1991	17785
-1982	5564
1991	7157
9938	-12852
-11915	12521
15898	-522
-15888	16053
-1982	9662
7951	-15415
1991	4222
-13902	-5273
3978	-1168
11924	-9709
13911	-10280
19871	5749
5964	-1137
21857	12393
-11915	616
1991	8879
-1982	-25685
21857	8203
5	-826
5964	-5334
21857	450
3978	9965
15898	-11991
1991	-7646
5	3132
-3969	-12286
9938	-5049
-3969	7187
19871	-8240
9938	-6062
-9928	-10388
3978	-5405
-7942	12201
3978	16038
7951	1529
5	-9933
-3969	4034
9938	1429
-41714	15741
7951	-359
-5955	101
7951	-23217
-1982	8470
-3969	15979
-9928	19171
-1982	-1494
9938	11552
-11915	1443
9938	10378
-9928	14801
9938	-16783
9938	-4109
15898	-288
-1982	3502
-1982	-3789
5	-14642
-3969	15103
-1982	-2686
-7942	15236
3978	-22213
-1982	4895
3978	14699
1991	5603
7951	-10295
3978	-10139
9938	7877
9938	14101
-17875	-15609
-3969	5078
7951	-7283
9938	-20063
5	-9748
1991	-16434
-7942	615
5	2657
-1982	-6033
-7942	2881
-15888	8161
-9928	2501
-5955	-2275
5964	8645
13911	-9608
3978	-7923
-5955	-4424
-1982	333
9938	11172
-5955	6808
3978	-8611
-7942	8562
5964	185
-3969	995
9938	-797
-13902	11385
-1982	10704
5964	2521
5964	-3045
1991	6044
-1982	8758
-3969	-9445
1991	2896
-5955	-18500
-17875	-3180
-3969	-23513
7951	8859
-3969	-1917
-19862	-1933
-1982	-3814
25831	-16306
-9928	2100
5	-1514
7951	6766
-7942	6193
7951	-13545
3978	7846
-3969	-4188
9938	11479
-21848	-6167
-3969	-5146
7951	7365
-5955	2956
3978	13982
5964	-6029
13911	-3081
3978	-3553
5	6114
-17875	-9846
5	-2853
-1982	3152
-21848	-7886
9938	-6065
-3969	5279
-3969	5694
15898	5528
-7942	15935
-11915	12716
3978	6768
-11915	8327
-5955	18399
-3969	9232
5	24054
7951	-9182
5	-399
-1982	3883
5	4793
-21848	3157
3978	8481
3978	2236
13911	1855
-9928	-398
-11915	17158
-7942	4337
-19862	-13483
11924	-14750
9938	-14265
5	-18459
13911	-10634
13911	-5189
17884	-16505
1991	-5820
3978	-5828
5	9150
17884	3029
-1982	8832
17884	1756
1991	16098
11924	-7587
5964	-10004
-5955	-7014
-1982	-4613
3978	9309
3978	2153
-19862	16268
-3969	5411
-21848	-22499
-3969	10846
-11915	4618
7951	-3819
17884	-9755
-11915	-4952
11924	6865
-13902	5941
5	1225
17884	-11417
-3969	7218
-1982	-10099
-5955	7358
-5955	-10406
-17875	1631
-3969	11563
5	4892
13911	10024
3978	-6713
15898	-22572
-1982	12315
7951	-5446
-13902	-2083
5	-128
1991	18587
-15888	6403
-11915	-21456
-9928	9198
21857	2800
19871	-7947
-11915	-21749
5964	-7246
17884	-331
23844	18007
-7942	4257
5964	4073
3978	297
-15888	-17813
-21848	-22064
-1982	-16529
5964	-1796
7951	10546
3978	-237
7951	467
5	-4366
5964	9265
-5955	-3226
5	9373
1991	-18
-1982	-9345
-7942	-9521
-7942	9793
5964	10933
3978	11954
5964	514
-1982	2042
5964	-24452
-13902	-1008
5	-6247
1991	8576
-15888	4765
1991	-11589
7951	2990
5964	3866
5964	6569
3978	12557
11924	8236
13911	4666
5964	-1499
11924	-9433
15898	16302
-3969	-3552
11924	14534
-1982	-21994
-11915	10151
-17875	-16104
-1982	5601
-7942	-21157
9938	5046
-3969	9055
3978	3466
-13902	1831
3978	7087
-13902	-7379
-7942	22670
-7942	-11829
-7942	17394
11924	7113
9938	-14703
5964	-1193
11924	-7631
5964	8684
-11915	12776
-13902	10988
5964	-2228
-7942	10694
-7942	7196
-3969	-2860
-7942	-4588
-7942	-3813
5964	-6851
-13902	7554
-15888	-3725
-5955	7902
5964	9374
-1982	8411
-1982	6203
1991	-1604
-7942	-10740
3978	-13968
13911	10895
15898	15433
5	-9943
5	1822
-5955	10628
-1982	-7079
15898	-4774
9938	-7553
-17875	-2850
-9928	9023
5	2437
-11915	3130
3978	12948
7951	-19436
3978	-13061
-9928	-3571
-15888	7892
5	9715
11924	17022
-7942	17048
13911	7444
7951	-8401
15898	-1113
-15888	-2667
5	-29484
-5955	-15381
-15888	13418
-7942	4480
-17875	3695
5	-5104
3978	-3388
5	494
3978	-6659
-3969	6275
9938	-2574
-1982	-588
11924	-22249
7951	12049
5	-12476
5	-5307
-7942	8717
5	18627
5964	2454
-13902	-10262
15898	5021
3978	3395
15898	-5267
5	-6812
3978	10381
5	14120
-15888	-188
3978	-6962
3978	-9290
-15888	13711
-7942	-2104
13911	15727
-1982	-13834
-25821	15721
5	-4144
3978	-6815
13911	-7049
17884	-12867
-9928	1370
5	-6758
13911	1982
5	2040
5	-2965
-9928	-13346
11924	-14186
3978	3152
17884	2294
-11915	-179
-21848	2959
1991	-11585
-7942	-3179
3978	-7002
11924	-5738
-21848	12296
-1982	3792
5	-4256
11924	-5103
5964	-18694
-3969	14213
17884	6701
-19862	10177
3978	-5305
7951	9653
-5955	-19034
11924	8864
17884	-8964
1991	4096
15898	3749
1991	-5405
-13902	3996
1991	4944
-3969	8640
3978	-12582
-5955	-643
1991	-19724
15898	14916
1991	315
9938	-767
7951	-6014
11924	-13493
3978	-17866
5	4470
-15888	-9377
-1982	4621
7951	-2432
11924	10306
5964	7549
1991	-8806
5	-12711
5	-16307
3978	-1510
-9928	19221
5964	-5001
9938	-11812
-11915	6624
3978	1136
-3969	-11173
3978	-13438
17884	-8307
3978	-5765
-5955	-8248
5964	-10403
5964	-1650
5	831
-7942	8515
-3969	2644
5	124
13911	4805
-11915	6704
-1982	-5644
-9928	-22279
-25821	-13578
5	-14615
-13902	7605
7951	5491
3978	-458
1991	-12019
-3969	11138
7951	-4619
7951	5150
-5955	-2715
5964	14463
5964	-6184
3978	-6677
11924	-5731
1991	-8733
-21848	6220
5964	-3239
13911	19393
3978	14647
-5955	5297
-15888	-7390
17884	506
11924	-16429
-5955	421
-11915	-2442
3978	-16935
17884	-343
5964	3203
-5955	-3770
1991	-9955
13911	-3275
1991	12728
1991	-5165
-7942	10592
15898	12027
3978	16937
3978	-4517
15898	-7926
5	5382
-7942	-16589
-19862	-4024
-5955	-5484
-3969	-5544
-9928	16941
9938	-1019
-13902	2366
-7942	-19676
5	-11580
11924	8369
9938	-2624
5	4211
3978	-10766
3978	6558
17884	-25420
5	-26178
-5955	7438
9938	9487
-5955	3
5	25360
-5955	2309
-7942	4600
-5955	10838
1991	4924
-5955	2363
-11915	-4701
5964	-5909
-7942	8388
-13902	5640
1991	3648
-5955	-8148
-3969	-5298
-7942	-12024
1991	-879
-11915	15159
-1982	-170
5	6738
5	7037
-15888	15497
5	7896
1991	3720
-5955	1963
1991	17870
-11915	5070
-31781	7867
-7942	9393
-13902	1944
-17875	5911
11924	-9962
3978	671
1991	-11681
15898	-20864
1991	11441
-7942	2025
21857	-6955
-7942	16425
7951	8739
-11915	2909
-1982	13814
5	4994
-3969	7770
-3969	3607
-11915	-653
-3969	10086
-1982	-7022
15898	-5520
19871	-1591
-5955	3424
-7942	-17535
5	7165
5964	6184
7951	2592
-5955	-17858
-19862	-3400
1991	4614
-7942	2668
7951	1746
-3969	8068
-3969	3844
5964	-7572
-5955	-8463
-5955	2594
3978	-10186
-15888	-2119
5964	14340
21857	-6669
7951	6764
7951	-12931
5964	9339
13911	4121
-1982	11919
-11915	6127
15898	-8941
17884	-2889
-23835	77
7951	-9706
1991	19780
5	9939
-5955	-5866
5	11484
-17875	15769
13911	-4754
11924	3145
7951	4286
1991	-417
-7942	-11488
1991	2254
-1982	-1198
-5955	10536
-13902	-5677
3978	-849
-3969	-16912
9938	-1188
9938	-8356
1991	13767
-7942	16441
5	6718
-9928	-12148
3978	-1524
-11915	11770
7951	-25739
5964	145
3978	-697
-5955	4575
3978	13105
-1982	4705
-5955	8002
-1982	-21780
-3969	-3640
-3969	-18511
1991	-12830
-1982	-13877
-9928	19453
1991	-7786
-9928	10849
3978	-1829
-3969	13015
19871	3562
-1982	4435
-7942	6743
-19862	2465
1991	-402
7951	6451
5	-10246
-9928	2714
-17875	2246
-11915	-21754
5	1449
-9928	13077
-1982	-7407
-15888	12363
-3969	-5184
7951	6093
5964	9381
-3969	7226
5964	10878
3978	-5805
1991	9856
1991	-7448
1991	-8187
-3969	7486
1991	19537
11924	-6764
5	-2903
7951	2752
13911	-6074
1991	-8619
3978	7642
15898	-15853
-3969	12
-3969	-11048
1991	915
9938	-4853
13911	1984
9938	12238
5964	10219
1991	4293
-17875	680
-17875	8123
-7942	8226
-1982	-7001
3978	6533
1991	-15910
1991	-5318
7951	5238
-5955	21816
1991	-8781
-1982	-5670
-7942	1142
17884	15175
1991	2483
11924	5628
-7942	-11772
7951	-8613
-5955	112
5964	-12815
-11915	5551
-3969	7865
-3969	8870
3978	-20123
15898	13629
5	8928
3978	-7950
15898	-8026
9938	-2938
17884	-8546
-9928	13592
-9928	-17265
1991	4786
-11915	-21096
1991	9251
-3969	-13177
-9928	-7985
3978	-17042
-1982	-15859
-7942	4722
-3969	-13259
3978	6119
21857	-16507
7951	-8696
13911	-4621
-1982	-4671
29804	2842
7951	-532
-29795	4844
-17875	7858
15898	3893
-5955	-3028
11924	4634
1991	12759
1991	6718
9938	10988
15898	-1606
-3969	-4967
9938	15966
1991	17165
-1982	10255
-9928	6043
3978	513
3978	-11165
9938	7591
-7942	494
-5955	7907
1991	10436
-1982	-14152
7951	9661
5	-20772
7951	-9856
7951	-8330
-1982	-16582
-5955	14533
13911	13832
21857	7456
5964	-3143
-5955	5762
7951	8550
13911	-5898
5	17173
-7942	-15606
5	-1032
-5955	12887
13911	406
3978	10926
11924	-2474
7951	9185
-1982	5947
5964	2630
9938	3721
9938	4161
-1982	-11660
5	15396
11924	16012
3978	5782
9938	10572
5	3174
-5955	-17172
17884	6716
5	-669
17884	-16908
5964	7177
5	-1884
27817	7256
15898	12038
-7942	4692
-3969	8757
13911	13577
-33768	-7192
5	10547
13911	-2538
7951	16001
15898	6917
-19862	3999
-11915	-190
-9928	-3779
-7942	4097
1991	-6757
9938	-4562
-9928	-16339
-17875	-5623
-9928	8579
3978	3059
-1982	3152
15898	-5877
-5955	4889
-5955	-16144
5964	-3515
15898	12297
17884	5095
11924	12602
-1982	-8487
-9928	-687
-3969	506
1991	4622
17884	-2438
-7942	4933
-1982	-5841
7951	3253
-13902	12792
1991	-2668
5964	29
1991	-17887
5964	2540
9938	1661
-5955	-9187
23844	-9425
11924	-18543
-3969	3175
-7942	-19895
9938	14807
15898	-23362
23844	-4748
5964	-23851
-1982	-903
-15888	12215
-7942	-6908
-1982	2503
7951	-27370
-11915	-1914
7951	13192
3978	8281
7951	23851
-7942	-14108
5	439
5964	7859
7951	3937
17884	-8870
5	7159
-5955	-14881
7951	-4148
1991	-9941
-1982	2039
11924	-2727
11924	4062
-1982	10083
-9928	19846
1991	1676
-5955	-5934
-11915	-2571
-11915	-22285
-1982	-6550
-5955	5570
-9928	-1081
13911	8758
17884	11100
-1982	578
1991	4550
-19862	534
3978	-3307
-3969	12723
23844	-1579
-3969	10463
-9928	12576
1991	-5844
-7942	-466
7951	424
3978	-14505
-5955	3970
-13902	-9073
3978	-2747
5	-5858
1991	11136
3978	9779
-19862	6518
7951	-655
1991	-8175
7951	-5806
7951	6255
-7942	-1497
-5955	5216
1991	12425
-1982	14049
-11915	12525
3978	4510
9938	1315
5964	-17301
-1982	290
15898	4439
1991	9697
7951	-1651
17884	-5477
3978	-18376
-13902	-894
5	6702
-11915	-8600
3978	11503
11924	6538
5	-10321
-15888	-4285
-1982	13158
-1982	7377
-5955	-9050
7951	-2804
7951	11816
5	2362
-13902	-7259
-13902	-25206
-5955	2510
5	6809
-1982	-23083
1991	11640
5	1018
3978	1941
3978	8092
17884	5336
-25821	1036
1991	-3857
-7942	-8389
15898	-16652
1991	2625
-1982	19268
1991	-29472
1991	-18
-3969	861
1991	14529
1991	-18641
-7942	6156
-7942	-18594
5964	-3139
7951	934
5964	4989
3978	-7808
7951	9800
1991	1541
1991	-9859
-3969	-291
-3969	3887
5	-1136
-15888	7709
13911	15178
5	-13090
7951	8165
1991	-1728
1991	2299
-5955	-9157
-3969	5108
5964	4141
-7942	-5959
-1982	8291
11924	9651
21857	5180
7951	-7004
5964	13594
19871	11705
1991	-3697
-1982	7918
13911	-6549
-29795	-991
-27808	6981
-7942	-182
-1982	-12766
-15888	-37837
-5955	582
-11915	6918
-5955	7409
-21848	1217
3978	1
1991	-12202
7951	-3389
-21848	-25211
-7942	3223
-17875	-8191
-15888	-1742
9938	2222
-1982	13143
-19862	-15577
-3969	-8536
1991	-17571
-11915	11056
-1982	-3340
1991	-8433
-9928	2004
-11915	9053
1991	335
-5955	-6228
-11915	-764
-15888	11885
23844	10909
5964	-8968
-13902	-2284
1991	14276
-1982	13062
-1982	1798
3978	-7455
-13902	-6317
1991	6170
5964	1077
1991	-1555
-9928	439
1991	4603
-1982	-8798
1991	17357
11924	-6730
5964	-7300
21857	13989
-1982	-3256
21857	-1835
1991	-16305
9938	-8327
7951	8648
9938	917
-5955	-1804
5964	1791
7951	538
-7942	9291
-19862	-13218
17884	534
13911	3839
-17875	-1002
11924	6053
9938	-6183
5964	-11559
9938	1989
5	6826
17884	-10900
5964	5991
-3969	-7148
-19862	3766
-3969	-18987
-7942	6721
11924	-2190
5	-9780
-5955	-9998
-1982	10954
-1982	-17946
7951	2225
-15888	5770
5	5594
-25821	-14528
-19862	-12715
-3969	-7558
17884	-11663
-13902	-30894
-13902	5064
1991	-3660
11924	-20281
-9928	4880
9938	-15232
17884	10244
3978	-1038
1991	1373
-15888	-5802
3978	1509
7951	11814
3978	-25807
-7942	-56
5964	-7291
-9928	11860
-9928	-5160
-5955	2255
-13902	16007
1991	-16471
-1982	3816
5964	1204
-3969	2680
13911	5416
7951	-5363
-5955	11217
-1982	9054
5	-31036
11924	5480
5	-2582
5	-2777
-1982	5579
-1982	-6416
5	-744
-3969	6025
-11915	8354
5	-503
-11915	1784
-7942	12077
5964	3689
7951	-4339
9938	11400
5964	-6798
15898	-14153
11924	1223
-3969	7001
3978	26
15898	-13565
1991	-14272
13911	6927
-11915	13648
-7942	17959
9938	1302
-7942	-16809
11924	-9839
-9928	1522
3978	16657
-1982	-113
-3969	-1459
9938	-3535
-9928	-11117
-9928	14758
-21848	3836
7951	-7852
17884	-10900
-9928	-19036
7951	3357
-7942	-21944
3978	9237
15898	6351
1991	-16223
1991	17421
-5955	4314
-13902	9548
13911	-8183
5964	14531
11924	-478
7951	-2116
-15888	14764
5	11230
1991	3269
5964	10047
-3969	12003
1991	-14484
3978	16103
5964	-3945
-7942	-128
-5955	7636
-15888	43
19871	-1693
-7942	5324
-1982	-10703
7951	15740
7951	-10127
23844	-11953
-13902	7176
-7942	3782
5964	2207
7951	-5658
3978	-4021
-3969	11790
-5955	6586
-15888	10084
-7942	-12447
5964	-1307
-5955	-13838
1991	14751
-17875	-23447
-5955	918
-7942	-6070
9938	-12235
-1982	3287
17884	17563
-5955	10889
5964	-1055
5964	2621
3978	15955
-5955	11420
-3969	7997
5964	-13529
7951	15055
5964	-6395
19871	6731
5964	3925
-15888	3361
-9928	-7189
9938	-10120
5964	956
-3969	10605
11924	4101
15898	-15504
5	-17341
5964	7152
11924	-2129
7951	-22609
-15888	5995
-11915	13540
1991	-13307
-9928	-7730
13911	1445
9938	1897
13911	-3271
-1982	-15095
1991	-8775
5964	1745
-7942	4656
11924	-1222
-9928	-5550
-15888	-33618
-7942	13970
11924	2945
1991	-18944
17884	-6567
15898	-12067
11924	3066
3978	-3649
5	-6190
5964	1376
3978	-3844
-5955	-1582
-13902	5185
5	3424
11924	1099
23844	-13419
-1982	9049
-1982	8675
-13902	-3209
7951	4102
5964	-10895
-7942	982
-5955	-3430
-7942	-16761
-3969	-7876
15898	-9936
9938	6171
11924	16054
5	4530
-3969	-4104
-11915	-2790
1991	12290
5	-6746
15898	4528
9938	-4586
1991	4600
17884	-9860
1991	4947
-25821	-4069
1991	13492
13911	7278
-11915	-7524
-23835	-21078
-7942	13343
