-5038	5
-568	5
26906	4
2336	4
2219	4
5266	3
16561	5
-12137	3
1097	5
4547	5
-4920	3
-5859	5
10394	4
9386	3
4539	4
-7322	7
-3213	5
1227	5
-1948	3
-7851	5
-6879	4
21	4
-1902	4
2934	4
7897	5
-6616	5
4257	4
-6689	4
437	5
-3729	5
-4163	5
1787	5
18906	5
-163	4
-3490	5
4720	5
-3874	5
-335	4
1886	4
-8716	4
20506	5
-8836	7
-4408	5
-3248	5
-2474	1
22683	5
-4339	4
14360	5
8889	3
1531	5
-4796	4
-11058	3
6330	4
-3678	3
-5967	3
-5003	5
-12102	3
-2859	5
-11648	6
9360	5
-4917	5
-2868	5
6929	5
-1804	3
-3096	5
-2973	3
-12639	5
18184	3
7791	4
5161	5
-4706	5
-7490	5
113	4
-4422	5
1703	5
-2403	4
-7272	5
-675	5
6621	3
-3351	5
-8386	5
19335	4
-11634	5
-6480	4
7215	5
-6716	3
-4988	4
12267	4
2511	5
-1642	5
9812	4
7535	3
624	5
-207	5
9284	3
-9108	5
-8468	5
20992	5
20895	4
33630	5
3123	4
12504	5
10130	5
-6521	4
-2752	4
-9266	5
19176	5
5056	5
2135	5
-7104	5
10723	4
16136	5
3933	5
1027	3
-13108	3
-12420	4
692	5
-11912	5
16842	5
14613	4
-6727	5
-4715	4
7214	4
-13180	5
681	5
-7318	5
756	4
-1406	1
3017	7
18045	5
-10319	5
11533	5
-4444	4
-884	5
-12686	5
-10632	4
260	5
10528	5
-11702	5
-4095	4
13241	5
-10109	5
2100	4
943	4
-10788	3
3958	5
-5053	5
-2626	5
18071	5
-9985	4
3302	5
8246	3
-4457	3
8750	4
-9500	5
-312	5
-3229	5
2738	4
13329	3
10890	4
-5593	4
-11404	3
-9165	3
-1965	7
4854	5
-5042	4
-4871	5
3365	4
-6648	4
8916	3
5965	4
18319	5
-6979	5
16711	4
-4664	5
3419	5
19655	5
-13616	3
9456	4
26947	5
3336	5
-6257	4
1730	3
-979	4
-4663	4
9833	3
1761	3
-8769	5
14163	4
-2473	5
-3518	5
-8457	5
-9976	5
-10956	3
-9529	5
-4441	5
1253	5
-2603	4
-400	5
-5683	5
-10746	5
-3807	5
-5069	4
-2686	4
-8193	3
-5646	5
10684	5
-3016	5
-150	1
528	5
-6829	5
-11502	5
-7531	5
-8931	5
5583	3
-4564	3
-6430	5
4017	4
-7543	3
9188	5
7452	3
-10641	3
13284	5
2929	5
-1907	3
24687	5
-14904	3
-9171	5
-61	4
16268	5
-14323	3
5473	5
-16148	5
-5651	7
10105	4
-13806	5
-72	3
-10584	5
13	3
5376	5
-9836	6
502	4
-7956	3
8518	4
309	5
-350	5
880	5
33408	4
5179	5
-7772	4
1192	4
-6527	4
-2030	4
10621	4
497	7
-467	5
3572	5
9473	5
3128	3
-1338	5
-15334	5
-5135	5
-8421	4
4702	5
-4770	5
-10812	4
-6210	7
-1474	5
6413	3
-881	5
-9728	3
-8467	3
-4690	5
-8272	5
-1264	5
32124	5
400	4
6006	5
-9074	3
-16495	3
-10016	3
35166	5
-16795	3
-6490	5
1611	5
-8146	5
-5091	4
5699	5
11271	5
-461	4
13687	5
15227	5
2842	5
-24	5
-2614	4
13667	5
9268	7
-5636	5
-9110	4
4362	1
-6749	5
-14357	6
-10522	5
-11100	3
6459	5
2399	3
5320	3
19230	4
-1175	5
-10519	4
-4870	4
-943	3
-10725	5
-2584	5
16549	3
-10251	5
11638	2
-200	5
-8885	5
-9091	5
-8598	4
-6190	4
-8530	4
-12756	5
-1147	4
-47	5
10408	5
5086	3
-12295	3
-2585	7
-4595	5
-3622	5
-11088	5
5352	3
1507	5
-10651	5
-18738	7
1252	4
1060	3
-3489	4
1807	5
-3660	3
-5092	5
17693	5
-9023	5
-256	5
-8595	5
6834	5
-2589	4
-8141	7
8744	5
-1084	4
-1188	5
-2603	5
12816	5
-6779	5
-11602	5
-5334	4
-9417	5
-7242	4
17062	4
-11022	5
13212	5
-5827	5
-14315	3
-5385	5
4610	5
-617	4
-11480	5
48529	1
-6504	3
-6068	5
-5815	5
-10611	4
7329	4
12579	3
-15593	5
5668	5
-2642	4
9049	4
6197	3
-8253	4
-15637	7
-4027	5
-4099	5
-3654	5
-11682	5
-14531	7
-2657	5
-9075	4
-2079	4
2409	4
-14217	7
-7953	5
-7728	5
-2448	4
16679	5
-12915	5
3957	5
3485	7
12533	4
-6842	5
-9634	5
16441	7
-6165	4
-2356	4
1889	4
807	5
8430	5
-9522	5
-6029	4
16294	5
32712	4
-9316	5
-4143	5
14203	5
-9021	5
-3399	4
3513	4
-7633	5
-4711	3
1730	5
10791	4
2429	4
994	3
5625	5
344	4
-10886	5
7451	4
17950	6
6152	5
-9679	5
-2529	3
1508	4
1460	4
25300	4
-14042	5
12059	3
-1006	3
-7717	1
-5830	5
-8825	5
9621	5
-9279	4
-8621	5
-8522	5
-622	5
-8077	5
-8218	4
-1054	5
-7223	5
-6719	3
10867	5
-2350	1
-15563	5
-7310	5
-1022	5
9405	5
4989	5
4029	3
14427	4
-6268	3
5177	5
-2996	4
-7297	3
11243	5
6941	4
-2728	3
-9781	5
1470	4
-7341	5
15456	5
6150	4
1224	3
1645	5
5328	5
-346	5
-9689	4
-3065	5
-6554	5
11665	4
-13002	3
-7376	5
-5582	5
-10806	3
-3715	5
-9796	5
-6468	3
-1220	5
-6771	5
16083	4
-10343	3
-13256	3
6032	3
-5752	5
-15510	3
18852	5
16678	5
3879	4
2250	5
7870	5
-9204	5
-4342	5
-10300	5
-7159	5
-8188	4
-8722	3
-2841	3
3498	5
-14655	5
-8282	5
-8663	5
2338	4
-415	5
-7612	5
2444	5
-9525	3
-6003	3
-7655	5
-8980	3
9333	5
-7181	5
-1416	4
2457	4
-3198	4
-2837	5
-6909	4
-9142	5
-10984	5
-4287	5
28030	5
-7397	5
-4456	5
-6227	4
2853	4
-5647	4
-11504	3
-6669	5
-8083	5
13273	5
-174	5
8343	5
1528	5
-1326	5
18099	5
3984	3
7383	4
27614	3
15083	4
-3997	4
-10298	3
15920	5
-11463	3
-8933	5
7803	3
-6204	3
-5604	4
1145	5
-13987	5
-3668	3
-5994	3
5751	4
-18202	7
2971	5
-8600	4
5900	5
-10204	4
-6858	5
-7341	4
120	5
12484	5
16790	5
-7085	5
8130	4
19173	4
10254	4
3727	5
21158	1
-6184	3
-5235	5
-2662	4
5113	5
-11598	5
10456	3
-3310	5
-13501	3
8574	5
14057	5
-7632	3
19887	4
-5421	5
-4503	3
-8488	3
-11686	5
2459	5
-11856	5
-18762	3
44774	5
-4610	5
-4552	3
-15811	5
-7933	5
10341	4
23343	5
-9318	3
1334	5
-361	4
-6165	5
1886	5
16498	4
-5990	4
15814	5
4268	4
9244	5
3371	5
-8401	5
8718	4
7019	3
-11415	3
-18382	3
-6391	5
-2016	5
-599	4
-7567	5
-6305	5
-61	5
3839	5
-6836	5
8381	4
-4380	4
14327	5
3521	5
-3913	3
-3887	5
-14760	3
616	4
15533	4
4885	5
7243	4
3218	5
3285	5
-11571	3
15328	5
-9068	3
17483	5
241	4
-5019	5
-2699	4
12125	5
-9680	5
1449	3
-3877	4
6304	4
-14898	3
-13442	3
-13420	3
6185	5
-11652	5
1057	5
8894	5
-6482	5
-7592	5
5995	3
6237	5
-6335	5
2076	5
8377	3
-11197	3
-8730	5
7518	4
-12024	3
-7996	5
-7661	3
-5182	4
1906	5
-1015	5
16949	4
-2290	3
7621	5
-199	3
9054	3
-587	4
-9969	5
15558	4
2327	5
-7490	3
28451	3
17444	5
-5484	5
13964	5
7839	5
-10688	4
9770	5
1000	5
9378	4
434	5
8729	4
-8847	3
17052	5
12145	4
3284	1
-3541	3
12050	3
-10937	3
3816	4
-4926	5
9889	5
4354	5
3889	4
-3449	4
21	1
4899	5
17747	5
3362	5
-9552	5
14503	5
-6587	5
-7028	5
-3786	3
12063	4
-10145	3
-7988	3
-1655	5
12945	5
-9737	3
7403	5
4035	5
-9833	5
-9224	5
-12395	3
267	4
-14164	5
9113	1
-6401	3
-1656	5
-4254	5
6478	4
1411	3
16203	4
6868	4
1116	5
7617	4
-20519	3
-689	5
3266	5
3173	4
-5264	3
-8648	5
17783	5
1959	4
-8933	5
5916	4
2714	4
-6018	4
-5430	5
-9372	4
-3885	3
942	6
-4729	5
17793	4
-10494	3
22399	4
-12725	3
9385	3
-1436	4
-3901	5
23963	5
224	4
1910	5
4256	4
-4227	4
-15369	5
23469	4
12633	3
17897	4
-1261	5
-6548	4
3675	4
-8463	5
11436	4
-12572	5
427	5
7330	4
14999	4
3119	4
5207	5
-10486	5
-468	4
14285	5
-1786	5
-6255	4
-7009	5
-8062	5
6382	4
11206	4
-10120	3
-15645	3
-13255	3
3417	5
4225	4
-3900	5
-6083	5
10468	5
13724	5
-4686	5
7042	4
-18928	3
-10023	5
-2725	5
5202	3
-17399	7
19379	5
2684	4
-8772	5
-8661	4
-11871	3
2548	5
-3158	3
-8290	5
30117	4
-5665	4
9425	4
9952	4
-13146	3
-5654	5
-10056	5
-1908	5
-1770	5
-1811	7
10187	5
-9216	5
1933	4
-2755	5
-7357	5
3393	5
7967	3
-11002	7
3563	5
10170	5
-11617	5
4020	5
21446	4
-7211	4
-15078	5
10111	4
-51	5
8866	4
8385	3
-5598	3
2913	3
5649	5
-15536	3
10784	3
28936	3
-5970	5
-1592	7
-6935	5
-20591	3
-11671	3
-14836	3
12061	4
-12227	5
7161	5
8730	5
-2597	3
-185	4
15332	5
6820	4
12362	4
571	5
-13464	3
-7242	4
-7252	5
8463	5
9581	3
2684	5
6381	4
-11679	5
-12281	5
-8639	4
-11565	3
7206	4
15976	4
-9784	3
-3621	4
-3141	5
-5039	4
-8582	5
813	5
-7286	5
30922	5
2342	5
3129	4
-11790	5
10180	5
2999	3
-8380	5
12692	3
7814	5
-2703	4
-12073	3
-9930	5
16387	5
-5869	5
-5912	5
7738	4
-10516	5
-1524	4
-10492	4
-13984	5
-2616	5
-12355	5
-6266	5
3742	5
13123	3
13874	4
2075	5
15215	4
17359	4
-11601	7
29320	3
3515	3
-4442	5
870	4
-8763	3
-5225	5
1617	4
-5323	5
-1701	3
-3909	5
-11517	7
3675	5
5351	4
30202	4
31876	4
739	4
-11231	3
10491	5
-1898	1
-4063	4
5175	4
-9789	5
-10063	4
-10369	5
17430	5
8378	5
-738	5
25892	5
-7007	3
-2476	1
4308	4
-6028	5
-3597	5
10513	5
-9465	5
23455	4
-298	4
17724	1
4695	5
2276	5
2948	4
-5622	3
-16214	3
-8262	5
-8110	5
-9311	5
11947	4
1468	5
-9256	5
-13318	3
-10496	3
-5261	5
17414	5
-6806	4
-12262	3
13888	4
-2611	5
-10068	5
21120	4
4879	4
-3397	5
1469	3
-2715	5
-7422	4
3958	5
-1881	5
-637	5
-5472	3
11666	3
-7593	5
9087	7
-7887	4
71	4
