16	-3117
21	2182
16	-4107
1	-9131
19	-3947
21	-5468
21	-8936
21	-5185
12	326
21	-3841
21	-2872
16	-9328
16	11633
21	-8230
21	-3956
22	6125
10	-3951
1	-616
21	-5374
21	-389
22	-5637
1	-9208
21	-922
22	-4151
1	7209
12	-2522
21	-6375
18	1025
21	11154
21	-10015
21	-8254
21	-6829
16	19733
16	-3992
21	-9060
12	-8202
22	-5803
16	-6723
21	-5642
16	986
21	-8793
23	1918
22	13948
21	12991
21	1390
4	932
21	-15425
1	9489
22	-6676
21	-994
16	-944
22	-736
21	-6741
16	2384
16	-2204
2	-8451
18	-6241
21	248
6	10705
22	8211
21	-9510
16	-4553
21	-3537
21	29586
21	-2054
21	-808
21	-5389
12	-9616
21	-8004
1	1531
5	-9514
21	4242
21	20142
21	-7741
16	1834
23	2162
16	2094
21	-171
21	-5462
21	778
16	-1571
12	-3212
21	-8587
21	-3025
24	-5772
21	9324
22	-8068
1	-8579
21	-9680
21	18613
21	781
16	-6217
22	-1509
16	-9192
21	-684
21	10438
21	9882
21	13799
16	-1220
22	-10333
22	-2381
22	-7185
21	-7676
21	-5558
16	3520
1	12560
16	10330
3	-3045
16	-5833
21	-6116
21	-2033
21	-2808
3	-3642
21	41844
21	7292
21	-2914
21	-2598
21	15856
12	-7935
16	-7866
21	-6991
21	-6372
21	3426
21	1954
24	272
21	103
16	16662
16	-4395
21	1193
16	-8883
21	-7295
16	-4720
22	-1408
1	-9263
16	11361
21	24280
1	4711
16	-7628
21	-14011
21	14631
21	-4968
21	-1376
23	-3577
21	4592
16	4033
21	-2483
21	31915
21	-4193
3	-4658
1	-2104
12	7729
21	-7114
21	-3398
12	10792
16	-7269
21	-10929
21	1998
21	-7312
16	24342
21	-345
12	-6611
21	4391
1	-424
21	-1487
1	-3783
21	-3996
21	-4470
16	4509
21	-1643
16	4634
16	8194
21	-3136
16	28978
16	4596
21	9219
12	-9643
22	-2869
16	-5036
21	-3600
21	-6097
2	2572
21	-2385
16	1650
21	47664
9	-9496
21	-9870
21	-4108
21	-2232
16	-11046
2	9354
24	-2537
12	-6379
1	-2725
21	36977
1	-5953
16	-3836
22	43018
1	-6429
16	13598
21	33368
16	150
21	10508
16	11708
23	-4831
16	2324
21	-3826
16	9232
16	3051
3	-1560
12	5751
23	-6910
21	-4958
21	5445
16	-4440
21	-6978
21	-5544
16	7327
21	-3985
21	-8604
1	7959
22	20389
21	2539
9	-6005
1	204
16	-1699
21	-8273
16	-2195
16	6220
22	-2394
16	13224
1	-2412
21	-9000
21	-10141
22	-7872
1	1213
21	-509
16	-9378
4	5498
21	-12389
16	15246
21	2101
12	7847
1	14415
16	21383
22	-7507
21	-3732
9	-820
16	-6995
22	-7467
21	-3834
16	-4634
21	13752
16	-6972
1	-3575
21	5432
3	4571
1	7361
16	8574
3	-5642
21	36029
21	-5883
9	60221
21	-6946
21	9836
21	-2131
21	24642
16	-10421
21	-2710
22	-12544
21	4724
16	-6733
11	-3394
16	605
16	-5288
22	-7843
21	-5423
22	-1203
22	-8870
6	819
21	-6597
2	-6685
21	-2372
21	-9424
21	10067
10	-4076
16	-8101
16	4353
16	-5709
21	-2509
21	5103
3	-2096
1	-8079
16	38000
12	-3886
16	-10335
21	14011
21	-8470
24	-7525
21	-9810
21	1780
21	-8701
21	-8333
22	-8799
16	6556
16	-7538
1	-10861
14	21221
21	-7623
1	-1893
21	-1906
12	29
21	-254
1	4292
2	1316
21	-7727
16	-5029
2	368
21	-5743
21	9668
21	-3406
21	-9714
22	35796
16	-10428
21	1647
16	9612
21	-5318
16	-5095
16	-2816
21	-4820
21	-6338
21	1505
21	-528
21	-4072
16	21767
21	-9049
1	-3693
3	-3768
21	-5453
21	-6721
21	-7557
1	-9321
21	-450
21	-2675
21	-7002
12	10052
22	5556
1	-6830
21	-12882
22	-2440
12	5199
21	-1496
16	19352
1	-151
21	27846
21	-6496
21	-7814
16	-4969
21	4650
12	21129
21	-7565
21	-9553
21	527
16	-4083
21	-5037
21	598
21	-180
21	35261
21	-8634
21	-6992
1	-2774
15	2160
22	582
21	-7547
17	-7283
22	-1533
21	-7716
21	-1772
2	-4272
16	-3456
18	8697
13	-5235
16	667
1	-624
24	-1925
21	10603
22	6785
22	3361
16	6764
21	12638
21	-6004
21	-8860
21	-235
21	-2134
2	2893
16	-6350
21	7659
21	25100
16	12299
21	-4927
21	334
3	-7601
16	-921
16	-4768
1	-1140
1	-7504
16	-3646
16	-4151
1	-6202
12	22141
9	3375
21	256
22	35723
22	-3469
1	-3523
21	-5004
20	-166
2	28800
16	-4134
11	-2532
16	-6228
16	-2111
1	-9181
21	42567
21	-3822
22	-7008
2	-5471
1	-6921
21	-7694
16	4880
16	-9041
22	-9315
16	-2749
16	-10818
21	4585
21	-9434
21	-6244
16	-4607
21	-5962
21	-9251
6	-3354
22	-8954
1	-5293
21	-8855
21	45926
12	4027
1	2846
21	-6313
21	9831
3	23527
1	5559
16	-3936
21	-267
3	-7243
21	-7539
1	-6938
24	495
21	20808
21	-6258
21	-820
16	481
24	2836
21	-9299
21	-2137
16	14380
22	-2768
21	-2799
16	-2887
21	-9050
21	-2686
21	7177
6	-863
21	-3278
21	2248
1	-1689
21	-4143
6	1595
1	8389
1	-10448
6	-4846
16	-7438
21	8725
1	12627
16	-9655
16	-4013
21	-7412
21	8649
21	7089
21	27405
1	-3884
16	-243
21	-3127
2	-5426
16	-3803
21	-1975
16	-1426
18	-5308
21	40
21	-8730
21	-965
21	-2013
21	-2681
16	-1487
1	-8663
21	-749
1	3638
24	13595
21	-5167
21	-3836
1	19179
21	-2865
24	-5785
21	13201
3	-6253
16	9347
21	-3575
21	-7811
21	2855
16	-3934
21	-10001
20	50263
16	14041
21	-2322
21	-9203
1	14842
21	10312
16	21545
16	6502
1	-8230
16	-7443
21	-2372
22	537
21	-3315
16	-4289
14	-6761
21	-6235
1	-7179
16	-3658
22	-4027
1	9057
21	6202
16	-5316
21	-4651
1	13822
16	-1742
1	-1721
22	4223
21	-7112
1	-3394
16	-5819
21	-4026
1	-2831
21	-7025
22	-3043
21	-2515
3	-5512
21	-1178
2	-5367
3	-982
16	4012
21	6244
21	8944
9	14318
21	-5704
21	1044
16	-3732
21	-7076
2	-4023
1	-5745
21	1351
22	-5949
21	-3985
22	-9055
21	-5727
21	4825
21	13479
21	-9030
16	8321
21	12031
16	-9906
21	-983
21	-5159
21	-8362
1	-3439
21	-11389
16	1083
1	-8145
21	-5517
21	7266
22	-2425
16	-9267
22	-10372
21	6829
21	1163
1	23085
22	-2853
22	-5393
22	-2891
9	-8398
21	-9623
3	-8184
16	2221
21	5652
21	-1486
1	17454
16	-8059
23	-8195
4	-11382
2	-6873
21	22205
1	5768
22	42618
21	-2530
21	-3285
16	3966
21	-5833
16	16990
16	-3192
21	1534
16	-2920
21	-1839
21	-2502
12	1847
1	1611
1	1688
23	5283
2	-6078
3	-7418
20	-9130
21	-6226
21	-705
1	-7371
6	-1395
21	-3305
22	1284
22	-6747
16	-9091
21	-2059
21	1430
6	-7060
21	-2326
11	-5856
21	-278
22	-10222
1	-9471
16	-4148
16	-5643
3	-1783
21	-1236
16	-529
6	971
6	-8884
16	30090
21	655
21	601
16	-6816
1	-611
21	1681
21	-1837
1	-6193
8	-1113
21	-5189
10	17259
21	11015
12	-5235
22	-4092
1	-6261
22	67
21	-5522
12	-6754
21	-2012
16	-7998
6	5505
21	-2615
2	-7747
12	-2619
21	-1239
21	-1208
21	-9629
16	-6266
21	-2508
21	-8201
21	-5646
21	-9545
22	11080
16	8116
21	4703
16	-8033
16	24986
21	-6616
21	-5382
21	-8110
22	-3714
21	-7622
21	-3299
16	-4611
1	-3335
21	-6130
21	-2654
1	2684
21	-10462
21	-807
16	-7745
21	-1324
21	-6106
21	-5499
1	2679
16	7261
21	-5100
1	7148
21	-11188
16	7593
7	-2969
21	4937
21	-1309
2	-2882
21	-2012
3	-4795
21	10968
16	-1657
21	19916
21	-1687
21	-7731
21	-8628
16	-11519
16	4496
6	-8480
21	29971
18	-4728
1	-1733
1	27
16	-5268
1	-6881
21	-4409
21	1327
22	-6944
21	-9594
22	-4014
12	-1571
21	-4854
21	-9835
22	10780
21	-9152
16	-2279
21	-9193
16	-3072
2	-5683
12	1263
16	-1411
21	-7495
22	-7268
21	-2573
21	-4249
16	-2505
16	25921
21	1289
22	-4547
21	-8220
22	-8587
1	-6871
21	-7265
21	2952
16	2170
21	-29
3	-4199
21	-1070
12	9537
21	-11843
16	-8613
24	29563
22	5174
21	-2968
21	-7345
21	43742
21	18061
21	-9096
16	-1342
21	-5026
21	-11710
21	22785
16	-9427
22	-5679
22	-2956
16	-1542
21	-4054
16	-3740
21	-3438
16	-2400
21	-4703
21	-2376
21	-1523
21	10691
21	-7128
22	4652
22	5592
24	1200
21	-1895
1	3141
16	31842
21	-8035
16	-615
16	11873
1	1873
21	769
21	-9428
21	-2298
21	-9172
21	10034
12	-5035
23	-2709
22	323
22	4538
21	-5449
21	-1794
21	-7483
5	11160
21	-8634
21	1767
9	36426
22	-8031
16	-6138
21	-9001
21	16284
16	-6425
1	13885
16	-6901
22	-4399
22	9833
21	24740
16	-6798
21	-1853
12	-8944
16	25237
21	13066
3	-4733
17	-6095
12	-5994
22	2723
16	6206
21	-4617
21	-6418
21	15537
3	-4118
10	-10262
8	-5789
21	-5230
3	11552
21	-8230
16	8598
16	-3108
21	-3692
16	2535
16	-8003
22	-297
22	-12638
21	-3468
16	-4065
22	-7945
8	-2901
21	-1127
21	-3655
21	-6493
2	166
16	-8974
22	-10801
21	6483
16	45114
22	1374
16	5372
21	-7824
22	52537
2	-9304
10	30877
22	-4097
21	-5963
21	-4391
21	-8921
16	-11776
16	-8117
19	-2965
21	-5793
1	1662
21	-8800
12	-3519
8	-2632
21	-5829
16	-10160
21	14181
21	6847
22	19315
21	-2083
22	-7629
21	-1931
21	-7200
12	-4941
1	2000
16	-9772
21	462
2	-1967
21	12478
21	-3347
21	1137
1	-4985
16	-3270
21	-7732
16	-5057
21	2077
21	1893
21	-5257
21	603
1	-7553
21	-7621
21	-7601
16	1480
16	9395
2	-5732
18	-8711
16	-1410
21	-9607
21	2046
21	-6866
3	-8482
3	17101
21	-8964
3	-4556
21	-9874
21	4181
21	-4478
19	-13857
21	-6863
21	-9304
21	8126
16	-4521
21	-7515
21	-5423
16	6933
21	-3518
16	-9491
2	33782
21	-2596
12	33802
16	-2331
16	-11506
16	-7189
2	-4805
21	-8298
21	-5197
16	-7962
21	293
21	-6207
12	1197
3	-2477
21	-2747
21	-6414
21	-4336
22	-4613
1	-13420
21	5483
21	-9712
10	-3123
22	12334
16	3856
21	7286
21	-4277
21	-4256
15	6574
22	1966
16	-6468
21	-5025
24	26989
6	-1480
16	-4770
24	-2277
16	18187
16	9757
21	8797
21	24603
21	-6033
21	-3013
12	-5499
23	-193
21	-3334
23	-9561
22	6105
21	8325
16	-1401
21	-9110
16	-6031
21	-8372
22	-4366
21	3885
22	25684
21	-2816
22	-7898
21	4775
1	15723
21	22086
21	748
21	-3374
21	-4724
21	9494
21	271
21	11565
16	-4019
21	-7014
21	-5459
21	8457
16	-6218
21	9401
22	1534
21	-5050
16	12495
21	5121
1	907
21	-7325
21	5586
21	-12611
21	13750
21	-7024
1	8010
21	-988
21	1335
10	-365
2	-3282
19	31043
16	-3356
16	23979
21	100
21	-1091
1	-9200
1	-2467
22	-5548
16	20453
16	-8274
16	-1252
21	3820
21	5172
22	-3074
1	-406
12	-7496
24	5341
16	4803
23	-3354
21	-11010
16	32421
21	4478
9	-8973
16	18401
11	356
21	11573
21	-12684
21	-7603
21	13200
4	-2327
16	-9832
22	-7732
1	-5880
1	-141
21	-6295
16	-2732
1	-14780
21	561
21	-6706
21	4162
12	-3065
1	1275
21	-11816
22	-9411
21	-7906
16	-7227
16	-6986
21	-3107
1	4288
16	-10760
16	-8131
21	-3444
16	-11160
6	9882
1	1133
22	-2599
21	-3969
21	-9548
21	-2305
21	3057
14	-3000
21	9023
1	-2223
16	-10210
1	-4113
16	-2845
14	-3806
21	-8889
21	-3193
4	8733
12	-7059
1	-2970
21	14493
21	-7451
1	27761
21	-6682
17	-215
21	-457
21	-855
21	-1489
16	-7653
21	-8420
22	-2399
12	-4442
4	2678
21	-265
21	13201
2	-4104
21	22809
4	-6889
21	-6020
21	8093
21	-4184
16	7097
16	105
21	1513
21	-9631
21	-3525
21	-10405
21	-5040
6	-9758
21	-4982
21	24138
22	86
21	-1958
16	-3307
21	1679
21	14966
24	251
12	3321
21	-1319
21	982
22	1115
21	13054
21	-14600
16	7478
21	-2733
21	3829
16	-4486
21	-7586
21	-2579
16	2696
16	10883
21	-3416
11	-94
21	15433
10	14308
21	26923
21	-8964
21	-1949
1	-5121
21	-7599
21	-9509
21	13753
19	-5423
16	-537
1	-5351
16	-8391
21	7788
21	-3392
16	-5702
1	-562
1	14524
21	785
21	-9996
21	-4760
21	43887
16	-6055
21	3008
1	421
16	-6174
21	11684
24	-1395
21	-1435
1	-1728
22	-3936
1	-5533
16	3243
15	-6668
16	19670
21	1264
12	-6753
10	-8232
21	-11102
21	3345
21	-8072
21	-8194
10	-8982
21	5588
16	2072
16	-1253
21	12573
21	6350
16	4207
21	-7043
3	-6531
21	-8422
1	-9279
16	1137
16	9721
13	42295
21	-3770
11	12577
21	-11371
16	-7143
21	5585
21	-4845
16	-3532
22	28985
21	5502
16	-1314
21	-7936
16	901
16	11305
16	1322
1	-4533
21	-59
16	-1750
19	-11215
16	-2226
21	-14840
24	-9713
21	6132
21	-12918
21	-6545
2	1498
12	-11595
21	10505
1	-7913
10	3806
21	10193
21	-5228
1	-6137
21	19436
21	4816
21	-3190
21	-7453
1	-1850
21	9467
21	17418
16	-6003
21	19
3	-8350
21	-8894
21	10166
6	-6959
4	-3678
12	9688
16	10567
1	22706
21	-2981
16	-7940
16	229
3	-2442
16	11045
21	1193
20	-8182
16	-5215
22	2216
16	-9645
16	3855
16	5867
21	-10738
1	-9910
21	-2555
21	2302
21	3125
21	-7290
21	-2702
21	-2517
16	10358
21	4168
22	-6352
21	-5410
12	5464
22	-8048
16	-635
21	-9599
21	-9763
21	-8683
1	-9531
21	-5495
21	3272
21	-2900
16	-3057
21	4030
16	-6194
24	-5734
21	-6171
16	5414
21	6861
1	-4563
16	8035
22	-5636
21	3527
7	-3563
21	-6628
1	-5923
6	-1372
21	8559
12	416
21	4401
6	5451
16	11101
21	-1066
16	10317
21	-307
21	-5060
21	-5964
21	9992
1	-2610
16	2733
16	-9099
21	-3879
16	-9565
21	-1118
21	-7330
21	-3821
21	15601
22	-5917
1	-4477
21	-5184
16	3196
22	-6664
21	4653
16	23768
21	-6743
21	10510
16	-3607
14	15109
21	13146
21	-2791
21	-1554
16	7899
21	3014
1	-7077
2	-9714
4	-6207
21	2151
21	2612
21	-2144
21	-8813
21	-1927
6	-4310
21	-3291
7	-13330
21	-8340
21	-11141
21	-9391
21	40470
16	-8589
16	-3127
21	10723
21	-7530
1	16058
16	-3724
21	3133
21	14015
16	13768
21	-2772
21	-4927
17	13735
21	-7417
21	3276
22	-5191
21	-5396
16	-1250
21	-4578
16	76
21	33894
16	16916
23	-3810
16	-6541
21	3369
21	-9772
21	-7480
22	13457
22	-5548
21	-12392
21	2428
21	12064
21	-11794
21	-6996
21	-5302
21	-6738
16	551
21	6208
21	1196
21	4198
23	-6747
16	4057
21	-10213
16	-8883
21	-10280
21	-4905
16	11598
16	-4207
21	5715
4	4007
16	6765
16	32182
21	9694
21	-4381
21	-7850
