-2218	-13320
1789	15704
17675	5858
6987	-1590
3697	-1469
-27771	-7208
5838	-15128
-2051	-705
-4531	11564
-2869	283
8021	8133
-4221	7492
-7206	-16719
5485	8757
3044	4906
17945	-688
-3431	-11761
5233	7731
-4124	156
3976	-10766
-3557	-3491
-8581	-13362
-5912	20519
-3910	-1788
-7843	14548
-5351	4258
-4663	13663
-6131	-10066
-4429	10639
47	-3555
5371	-7493
-462	15594
-7300	-5554
-4416	3487
21379	4765
-3835	-7626
10406	12366
4065	-5123
-1205	-3059
-2498	5960
8546	5315
1078	4276
14448	-4006
11784	10899
-11122	-1833
-12051	-15815
-10465	3040
14199	-10754
-4368	9382
-3262	-623
-21176	-13074
13108	10300
8850	-10742
11595	10095
-12979	13093
7055	8465
3894	6188
12315	-1540
-7447	19696
-11938	5325
-2453	-3805
4860	15418
8798	9404
-389	-24383
-1397	5872
-7035	9554
-10217	-14413
9592	-11476
-7158	-17497
-11903	-1202
16527	-13178
7752	-10619
-8378	14019
-1384	8101
-10177	-15257
6710	128
-14680	-935
-4054	712
-11369	12400
-7211	616
-3580	-6001
-3372	7535
-9447	8615
2166	-12950
-5888	-1139
-4587	-2145
1565	-6334
-318	-14289
1046	14965
3209	5919
-13490	8898
-3613	-1168
-5312	-18614
12398	3576
14376	-10056
6336	12174
-327	-20190
618	-8352
16014	-4373
9417	9163
9414	-8923
-8150	3604
-1304	1224
803	10109
6068	-8745
14010	18327
3332	-7702
-12493	-14182
6572	-13727
-18840	-12528
-11913	10326
-8834	-10754
13861	2987
-5285	-7904
4177	-16041
9932	-6649
-12641	-5922
-2086	-6490
-8270	1500
13698	6797
-12966	9923
9511	14277
-11891	-15022
4733	-4460
-6327	-10082
-9677	8445
-4024	-12758
18547	9172
-2693	-10803
423	-19582
-11537	-2460
919	4013
-1772	10588
-4902	11194
-14378	-16942
-12783	6907
-13464	-6237
6236	-13102
-6694	-12434
-7154	2597
-14123	-11781
-12577	-14614
8225	5045
4442	-14021
-7480	-10111
6613	-20053
4607	-8006
-6744	481
2371	3697
15985	163
-9002	16321
19813	2219
-5429	-16322
-2388	-7421
-15867	19252
-4042	13710
5011	734
13512	-8828
7942	6962
-6309	5930
-2505	8508
-7196	7978
-5995	10692
-2415	3408
-839	8211
3402	-1611
7874	3842
-4119	2456
-4399	401
-3163	-15224
-753	-8724
-6252	-2005
12776	4237
4343	11517
7746	-17177
-18900	-7019
1500	15215
10161	-3894
23041	-6628
6585	4347
-1982	1048
-5386	4512
-4354	-7462
-22673	10061
1243	-20088
4114	8197
-4819	1911
11795	3094
-14312	6715
2953	4132
6652	2649
-3199	1145
24584	-3878
-8441	302
9914	7619
11615	-19725
-10562	5982
13266	-1584
2887	5499
-7399	14158
-9322	-7266
9594	11465
-13204	-15040
11187	-3150
-1933	10972
1564	-3662
11250	-382
-20073	3481
-9865	-11181
2749	6113
10841	-4422
-1624	3463
3895	14594
869	-1859
-19934	1616
-10854	-1788
-11447	-13307
3288	5405
8919	10661
-16749	-7901
-3947	13367
-3405	9288
-1097	-10137
15334	5889
7544	4178
2146	-5797
-12656	-13746
3594	-18816
-11046	7299
-18310	-10312
-15862	-21392
-3941	-9846
-181	-12974
460	2839
-3571	9239
-6404	-3100
8686	-15114
20014	9463
10679	3811
-11660	4784
-3155	-14472
-2518	608
-5687	9502
-19427	-12000
12740	2273
6740	10119
-484	4754
4245	152
-10479	9860
-18138	20802
13760	6216
3267	6895
-8663	16302
-1738	14211
-6119	13670
-14379	4665
9606	3884
13759	1201
-10850	7610
-1448	-82
-1004	-2061
-9343	5857
3478	3083
-6327	-7874
13677	-19737
3102	-3400
1674	12973
604	7472
-9144	1058
-17591	-10656
-4533	-12999
-6048	3043
-390	-13533
13329	-5384
17296	5485
-20682	-16025
5706	6737
22815	977
9860	9775
-4769	17409
-424	6147
5161	1096
7036	-2104
9943	117
-3891	4055
5190	10539
-1285	9794
27729	7944
-12374	-1619
6039	10536
4989	6717
-3319	-16419
3994	-49
13895	-12317
1648	9510
2342	13118
-1225	12793
-6101	8742
8550	-16191
-859	798
-9190	-1132
2855	-6712
-1631	12750
843	13658
3896	3187
4620	5783
-7528	-744
-5974	-13032
-5467	-2496
8796	-578
-2675	-409
-16238	-14718
-11334	-10757
4567	12893
9009	-20540
2442	2685
-2121	-631
4605	3630
-1746	-15749
-14883	7960
-9521	2565
14455	8294
-9742	3241
-16645	10098
20451	2742
-24893	-20573
-4537	11991
-10912	3881
-12190	-7532
-1777	2346
5861	-4375
-12693	-2785
8678	1116
-2777	-11735
4841	-11172
5421	3509
1245	12840
-4974	-21046
2229	-15101
-24519	5148
5494	-12944
-300	-6463
-2573	13977
4430	7951
-13281	-15661
-6194	13491
-2702	-16006
16678	-4832
9549	6717
-21553	13540
3326	-5700
880	-12568
8359	3807
5591	8455
-12330	13114
4947	-9266
2453	-1130
-7415	10292
4010	3394
-2868	-3044
16740	14082
10526	-15837
1604	10509
-20622	-6479
-8757	1651
17749	1351
20817	-18358
-12113	15362
1413	252
-14850	-2175
1322	15000
11819	15483
16164	-17517
-20543	13299
4606	80
1822	7425
9481	1081
16152	-6215
754	-3518
1925	3702
11375	4736
6011	-3424
-2880	5065
11508	3661
21011	-11875
12388	-12299
-4665	2876
-12140	4501
10352	-2889
13241	-12743
-2007	5312
-6606	-18344
-5192	-1244
9455	-7529
11276	1085
-6943	17813
-7438	-4648
16293	9137
15654	3392
16414	-3153
-13550	-13674
9659	496
-5012	-966
5476	-2533
3756	-3162
-4384	954
-8525	10287
8008	-4347
10509	5343
3816	6376
-4973	7887
3156	-15934
-2625	7382
10480	3546
-16583	13439
-6526	-15435
-7748	9897
-12726	10420
-901	9662
888	-13218
11661	6834
3113	-164
-586	5593
-16502	11779
-2467	15751
4157	5653
8459	-5887
10544	-11188
-8929	9682
6253	-3157
-4454	-3886
526	-3993
8543	17948
1960	6618
8197	-12590
-2516	14654
1661	7920
-18900	-12087
8431	12430
4496	8687
-18505	594
5801	4905
-12920	4748
10392	7978
19690	6041
10502	27494
9189	-481
9070	-5175
-2278	11448
27792	-16759
-6789	-15072
19045	-14910
2737	3115
-4120	-2089
-15139	9596
-892	-924
11191	17222
3290	8487
-1064	5178
-5340	-699
5791	-5201
807	3441
-4909	-9251
-1089	2915
4688	6552
3705	-5280
-7127	-8286
-1781	768
-2989	12591
8831	-15979
6475	5153
4529	9142
6335	-14216
10976	-1193
-9003	3985
1929	-4868
8397	-2779
5771	-1022
-18916	-14296
-12200	-15269
-7164	-4807
236	7299
17240	8187
-6655	9162
9124	-468
1957	-4728
-16651	-12774
9811	-4125
14852	-1069
-9389	-4953
-3412	-7385
7855	12092
-9617	5748
2929	14415
1921	-9011
12531	2650
12674	11269
-8054	-139
8995	-13890
6066	6774
-290	-15879
-7609	6143
1462	-10571
5764	11557
7851	-15507
9568	15392
-11710	-6023
-3505	1059
-3262	-14481
-11583	3370
947	-10524
2378	-700
-4428	15885
22903	-13238
6768	-10767
-13603	2443
-8951	4758
2952	-13963
-6142	-13112
-16051	-15856
11254	4027
-8662	6054
7267	10591
-9386	-19027
-13168	14515
19217	-6120
8233	3382
3803	9900
-7372	-1215
363	-7876
-196	7870
7068	8227
-2717	2206
-1453	17
844	15290
2876	-17025
3366	9126
18547	4860
-8394	9965
2723	-17507
2121	-18833
-6416	3650
7978	-3367
-3801	-7272
2750	1701
-1549	7304
-2665	-10341
-10907	-9893
7387	23196
-10842	-5979
-17938	3134
17492	2479
-5149	16540
-3909	9513
-6266	17163
2042	9863
-3567	5842
-3837	558
4468	-2573
5891	-2526
-23168	-4965
-4389	626
17283	-5430
25098	1367
-5361	8446
-9310	912
-2865	20799
9320	-11493
-13807	-9992
-2959	5770
-2512	-2509
2711	6230
2933	9122
-12839	6291
264	1634
13491	8050
-4497	4248
-11912	-11677
-7530	-18277
-11717	15465
7343	7781
18253	10009
-17301	13400
-17151	-16178
3039	10915
4869	-19538
5925	-6638
780	9465
-2820	4748
-4503	4450
-4629	-17257
19498	-1791
13931	10785
-3654	-15970
9154	-10690
-6994	6664
5578	-2066
-16189	-26525
21562	-2894
-5290	55
2851	-1871
-4265	15594
7243	-15612
5627	5924
-1691	-403
-1872	-5613
-9064	-12710
12014	4103
11520	3756
22689	6267
6302	-10618
96	-1872
-8281	4040
6852	3148
-7988	9073
6905	2899
5201	3776
-9818	16713
-21040	8391
2278	-12323
4905	-5679
-17322	-15316
-1066	8545
-3992	-23744
-17452	-6460
4135	-4864
-2486	-2297
-6177	11039
10977	6905
1413	-4763
12689	-344
7839	-9433
6488	6000
-18108	7826
6782	8768
-3797	13035
-14889	4186
-28	16259
2988	5045
-19383	6972
-16701	14640
-5511	-12690
-188	14714
3978	-19521
-2227	1207
10490	-15089
1437	-16261
1940	-22143
-5555	-12243
24473	8906
-11549	6459
9806	1289
5588	-7186
9201	-17080
-11050	-6699
11697	5123
-13247	2801
2267	5044
-13210	-22048
-5758	-12470
10511	-3107
11341	-494
12415	-3659
-7455	-17655
-2271	13176
-6994	-1145
3202	-15161
-12837	-5031
-15499	3927
7659	-14305
-2245	10300
-5300	10554
-9032	-13163
3521	-6222
-9249	-13363
5402	16707
-4937	-14998
3353	-3259
-7146	-2252
3679	14771
25365	3761
-10229	16072
-18281	12065
-5557	9804
-10381	-16962
-1021	-11661
-7911	-2080
7464	-14034
4023	-11285
-7808	7219
17770	-4505
289	2818
-17488	-15776
232	-14127
-8437	5020
-9697	21977
9007	14290
12080	-12982
7921	1806
1340	3093
8038	13099
2365	3104
8762	-13087
-5729	7908
-15939	-7256
-16417	8692
15642	-1103
21605	-13130
-14860	-1453
8961	-4085
250	-19365
4040	2505
10290	5048
3243	-6064
-17665	20621
2487	-14823
-10106	-11436
4506	-3234
6685	-14589
-674	6755
-6152	1170
-1306	-18152
-16706	9011
3780	4855
3379	6090
297	-13986
-3153	8300
12461	-10592
-10525	-2133
3497	10616
-8059	-12619
7519	3650
-2475	-13446
-4798	1651
-9776	-11919
-8183	11618
-4183	-20093
-4082	4499
16941	-6887
23828	4978
9700	9283
1215	-10860
-4709	-4327
-4859	-10430
-4982	-2475
4448	13326
11751	10208
8791	-1849
-1921	-11743
16077	-18003
6288	527
-20192	11157
-8908	-8172
-2238	25129
-4453	-2435
4575	15288
-6654	-6683
-13923	11503
17363	2142
10838	-12169
-36076	592
-12379	-11830
-6400	-7756
-22426	10108
8103	3981
5446	2241
14022	-1765
6876	-7824
9362	8188
5830	-2919
7230	-6476
4730	-18310
-2570	10314
-6629	-12047
-5788	7194
6178	-16073
-4719	4462
-2500	-4956
-2303	-3064
-502	1925
20765	-12609
-6482	13139
-9197	-8454
-5647	-3651
636	-2418
358	8165
-375	17794
7853	-10494
-4886	1753
2919	-10979
-5531	6764
11237	13823
-7738	7697
-6182	-5787
-3859	6141
7083	7057
4561	11073
14586	7384
4083	-8209
-17974	16307
-15286	-4387
8123	-8920
11105	-14197
21655	14299
-5800	12519
-6932	1694
2492	4106
-3226	-20148
3124	-1166
-5819	7319
-20071	-15497
9836	-6626
-1596	-4858
14322	-3576
3118	271
-2100	8779
19885	10282
7056	-21071
-7309	1546
-8409	2236
-9316	8683
13007	6030
18832	-4465
-446	6184
-8990	10788
-13497	11984
-4085	1144
10814	-18336
22571	-21981
9007	10882
-1138	-525
-14630	-486
4654	-8505
15803	2782
-247	6004
23616	-2535
7538	4051
7812	8972
-1519	-13456
9388	1350
16298	-13389
-6472	7796
-4684	-10477
-16232	4308
-19434	654
-5499	-12763
1708	11754
-9749	13230
-18137	-14886
7614	-4753
2533	-8881
12300	3836
-9851	-4616
14368	9326
-6354	-16261
1614	1247
3545	12595
8879	14110
2042	5839
21801	94
23346	-11875
-3866	2241
-8521	-7968
-17362	12734
11493	-10500
-6751	14677
-12866	-60
-3256	8059
-7633	-6362
10289	1166
9170	-16754
9209	-7109
4840	4557
3666	-3723
3594	2689
-5735	-22036
-3084	-18844
-362	18133
2296	-11190
-2429	-443
596	-3075
-11835	4900
-14317	4240
-8687	-6015
-4403	-16523
-11309	3825
-7775	6836
8006	6027
-1885	9945
5215	9996
-5480	-14070
-7759	7362
-2654	11138
-19867	-14914
7805	8918
-2244	10808
413	4506
-13219	15794
7333	-21037
3770	-6597
9588	5047
11713	6085
-76	167
13787	3819
-8527	-10288
-726	-7747
17337	185
5149	-20456
18018	-22150
9937	-17259
5936	-16820
-1011	13633
3799	-4677
-10669	-5283
-13262	5633
6679	-8478
-562	7009
1585	11104
14707	-12995
4328	6560
10054	3457
5082	-1973
-12509	1414
263	14864
-16666	-1138
-1330	2760
-2639	1964
15093	8506
-847	-5039
1920	7319
-9370	-17265
-7093	15275
-3301	-3579
-16157	13834
-11467	-1748
-9898	12666
2631	-17405
10857	8585
3161	-16986
-9495	1523
5928	12160
7691	-14701
12847	-18800
-32051	-4341
-14890	4548
7742	-4514
-21383	972
7255	-1866
-4850	9075
-4582	4644
-2957	6091
-4648	15130
7333	5961
13111	5266
19462	5682
2095	12689
-5216	-14085
4552	-474
9918	6353
7997	9139
6163	-9275
-13445	-7736
3899	4968
-7689	10131
-2319	11523
9975	5923
5637	1641
974	8032
-19136	6001
-5486	-13471
7083	-19089
-11590	-1124
-21562	-16824
7950	8557
24348	13968
-16865	-5536
-1624	7710
-3639	-2801
-6563	-13128
-752	8175
8725	-9109
-26506	-8370
-9874	-19619
-1524	-58
3936	-11360
-9821	1423
-4587	11210
5582	1381
-2635	10548
-790	6529
-8462	226
13240	4678
6227	-2078
840	-6677
-6718	1537
-6121	13387
-6099	2897
8417	11927
-4344	4462
-2888	12307
6638	281
-7162	377
-2924	3280
1407	-10951
8210	4352
1596	-18612
5270	-7225
1232	17014
4101	-12554
1951	842
7876	-2201
2517	1501
21379	12320
-6535	-105
4194	5740
17609	-16080
8377	3914
6064	7561
16094	-2655
-8295	5423
-9848	4258
4437	-12447
-21145	-3193
16259	2239
-4628	-228
-8995	2524
-5646	-4451
-11531	1728
15260	-1465
10485	-19111
2177	15234
8812	4722
191	3155
3943	-12565
8933	10247
-14107	10163
-5877	-4552
3871	-19971
-659	4845
1098	8336
-264	15882
7715	2480
-4956	2572
-4998	-13743
-15357	3411
1094	4094
-11568	10395
5767	-3423
6650	12063
-13616	-409
5710	4466
-10515	3873
-13036	9072
-7067	-12665
-951	5666
2622	-4932
2964	1462
-11458	1182
257	1382
11524	-17905
-3471	-2560
-10750	13012
-10638	4073
6190	-1508
12925	3944
-8244	-2841
-6832	-12037
-4952	532
7677	1923
9233	5841
-12945	6291
-416	-17952
-11981	12029
-1935	9460
-2222	-18650
-19411	833
11162	-5673
8971	9286
3096	14099
4482	6584
-8217	1812
-5235	-505
-8167	8703
13024	10781
-631	9081
-21057	-17168
-7117	8714
1742	-9173
-8248	-3319
3201	10756
6031	-28507
3253	6200
-4417	-9050
5352	5432
3264	-11910
737	5080
22095	-9892
-8411	-911
13124	11395
3723	7031
-6598	-14549
-13884	1397
7767	12667
5260	-21948
-15594	-2267
13561	4614
2577	5002
-21672	4836
5535	2738
-11851	732
-14376	10259
13626	-1482
-8414	-19834
-2419	2603
10742	11565
-192	8584
20231	9292
-6539	2161
-11305	17609
13680	-10923
-5698	7774
10128	-1041
-9602	-4491
-10274	2515
29727	5508
3796	-13532
-7623	-2387
2957	-12529
-2617	-6895
-6645	-17969
8947	-14142
7033	-2601
-5891	-10005
5965	818
-20399	-7596
7888	-5419
-7899	6112
-5635	-82
4649	1491
7551	2485
4974	-3331
9893	-14536
-10658	6191
13199	-2670
-10736	3375
-9366	20565
-4973	-16527
-18315	-18592
-9255	-2935
6217	10062
18297	-9082
-5255	-10423
16585	-915
11246	1233
-9255	51
914	-10932
-5913	-12291
1665	-17677
-5426	11324
2484	-21968
-3645	-436
5698	-8996
12418	13030
-2298	-8395
11697	-7171
15599	14340
8888	3264
3936	592
5303	4822
193	3742
9783	-5303
9536	5680
9610	-8763
3105	11220
1661	1248
-1775	9999
9288	-14116
-10756	9770
-16694	18044
10098	-14942
9183	1012
-9316	6478
8197	-13347
-7056	6796
18902	-1743
21229	-9472
-12512	-520
1552	11811
12508	-16417
1434	-5736
-5636	11979
-9562	-3294
-15731	-10447
3299	-3396
-7771	-8045
-16259	15476
-5134	-7124
-6435	-11783
-31	5122
-10360	3041
-5962	1535
9609	3569
-4114	158
-5281	2603
-1278	-21943
-556	4865
19648	14142
-8761	6684
-9332	3920
-1422	10881
-22849	-1744
-7780	9993
6209	16102
13675	-8656
1592	9906
-3411	10297
10429	-6775
3736	1476
67	5773
5737	-15346
-3252	-13387
2455	-15111
-22944	-20243
-10647	7398
3636	3894
9307	6268
-10251	483
8689	-1771
16910	4114
-5094	11976
-12496	-1957
18665	559
-17000	5883
-10366	-11699
5051	-15328
12146	9044
-2853	-11932
5373	-14127
-10422	-18217
-5355	7465
11975	7935
4903	-14439
-9530	11874
6429	5182
-1726	7499
17877	4792
4529	-1941
-957	8018
-12298	10787
10338	3530
-5960	-2451
-304	10342
20493	-3678
414	5438
-1564	-9504
-5097	11789
1597	-3111
5451	-17305
13041	8218
-17804	-10154
8054	976
-20450	16072
4932	-10249
-2404	3915
-6947	10495
-13593	5117
3326	7816
9580	-7935
-8913	10066
17082	-20499
12706	6939
8756	10022
-7998	8560
-18775	-11035
-11584	8298
-22099	-14976
-5191	15065
1106	7460
-6390	2759
-9398	3685
-2426	-3177
-3350	6933
5550	2571
11068	-13400
-7495	4897
-5661	-8292
-9118	13140
-2384	-1351
4935	-15662
-792	-1360
11941	11253
-3262	-440
14063	-21903
-3185	2053
-3267	12484
10165	15916
8862	-10597
-17914	17886
2838	8275
-3772	2075
-25662	2349
-3698	15961
6392	-3071
6232	-3857
-19176	2935
23196	3026
6476	2644
-4884	15160
14164	10090
-16837	11455
12115	10003
-12988	-1073
-17405	1339
8345	-4643
-1861	5564
-8592	-18917
-4367	513
-12964	-4885
-12628	29
18481	9123
5606	4632
-9006	7148
499	8931
-9379	10911
-16594	-2574
-8788	3600
-11463	-17924
6871	2100
10058	-13770
-7362	1838
-11993	4687
-7430	-17791
11431	-10208
1919	-6690
7143	11975
-903	2988
1197	8193
-4167	-17405
3903	-19821
-677	-12706
-1991	8011
9265	1321
18844	6789
-8959	-10409
6985	143
-11173	602
-1754	11641
-15911	3196
-15688	16065
5022	708
8333	-16825
-5500	10848
-4856	1526
-14553	2008
10843	-19838
4818	4900
-9089	-18252
-10836	-5429
-17314	-14613
-14040	-1241
-3873	-2671
3005	478
-18388	10057
14894	7207
1523	677
-4712	9820
1184	-4484
2809	12626
972	7439
8953	-2357
-5378	11338
-16191	8381
-12448	-7653
12729	9010
-2305	3929
-6108	906
10512	3612
-603	3249
-11995	-12310
2043	-2526
-15846	22280
5140	-5438
16408	8755
-9319	-1033
-3176	6825
4080	-10458
-14904	-9023
-1811	5334
-3659	-4080
22178	9905
-5092	-7916
21057	11558
2232	-13041
-331	-15217
-1435	124
-5927	5719
11908	154
12439	6237
4180	2279
10594	-11930
-236	6494
-18152	6092
4506	17544
-812	15773
-2391	-11137
3584	-6946
10298	2850
5540	8001
-3710	3035
-6954	3191
-9572	15765
8689	16241
-6388	-11800
-8504	6514
21725	4605
6510	1655
-987	3356
13633	15663
-17188	-4587
2480	-6271
2287	5761
-11430	-3859
2123	-12119
-6140	-12464
21894	12662
-97	-10230
16494	-2329
11868	-16533
19611	-3699
-3148	8980
11331	-6270
4632	14529
-2719	4791
-44582	5397
14993	-4476
-9020	5939
6527	3922
-9602	10608
27655	-11317
13681	12522
-5291	-3011
-5016	10798
5267	13059
19370	6287
4832	-8843
3383	-7227
-1394	3424
797	1833
9402	3324
7089	6912
10513	-12874
13904	-9431
9855	8894
8726	3944
-9795	-9511
2551	7612
17829	7464
-9802	3539
1118	3848
-9322	-10219
6853	10087
5372	3955
-3188	10438
-6550	-1697
7692	-12635
-30429	-17850
-3412	-7862
7794	-18423
-15365	16571
-1813	7481
17347	-7677
4033	-18997
-10889	-12222
7879	-14601
-7176	-12459
-3918	5511
-5146	-10808
4538	6151
-2204	6414
-10773	-4460
1769	13255
-2067	3384
7782	11975
-4881	4917
-1653	6623
6883	6269
-4832	3978
1465	11248
12465	-3503
751	-13080
5332	1338
-4513	9050
-1685	-2426
-17129	8621
-12531	-699
-2165	4609
-4556	15935
15624	-1004
-10716	15202
-19425	3833
3470	-17790
2652	-16549
-3195	2892
6149	290
32807	-1577
405	5501
-4489	1507
-9280	-21029
5083	1927
6175	13903
-4718	-16911
7710	4899
7395	-15177
538	3274
11319	16155
10569	9385
-23028	-7753
9896	-1945
-6201	-2405
-9403	-19071
-927	5225
-2096	1160
8273	7728
-10789	16800
-5365	-118
12993	6010
4177	-3550
-8023	-22478
4630	12607
11533	-17342
-17155	-8817
2629	4487
-1514	-1193
-9082	10905
-12843	-15624
14744	-10519
771	4805
9757	-3623
1796	14384
8375	4403
-1789	-753
-12674	-3985
-1537	-10795
4108	-9794
-798	12492
8996	-13746
-604	-13
16296	10865
-4589	3680
-207	12399
7822	6179
6246	-5160
-3906	9120
3147	6581
-6082	288
-977	11642
-1191	2478
1138	4541
-10444	-15314
375	-12500
8384	-7768
7164	-14712
14590	21224
-12239	-1020
3351	16752
898	3627
6668	10595
-9773	10863
-17291	7760
304	-26335
5360	4289
13050	-13552
5070	8475
9488	-12121
6438	-745
-10375	6401
-19644	-2871
12206	-16991
-2315	14104
2393	-13651
-2502	7053
2629	-4427
3744	3027
-8317	-3450
-5150	-5078
-1959	2333
-159	2265
9100	6660
2312	-4860
11107	8877
-13522	6097
-18094	9669
-1554	-2891
-7441	386
-411	-11719
8675	12695
-9692	-17273
385	1899
-790	16472
-8731	7489
-3827	13473
13313	-12224
-5925	13101
-5901	15772
4445	4464
-4082	5323
-10173	3018
-7234	11904
12798	16463
16397	-13513
-17135	-17700
-12402	-4169
2295	-15233
-6961	1934
8872	65
11932	5762
2113	-22365
-31486	11758
-9855	11693
-6271	8570
-10424	-13630
5086	948
-17015	8717
5046	330
16214	11360
-3870	-3175
-13115	-6167
17951	-7568
1783	8321
13476	-3586
22751	-6786
-7082	10570
11509	5379
-2618	-13371
3660	-8048
5828	7527
-13689	2586
-13922	-19486
-11489	4069
-3770	5833
-9985	-17811
-11314	2169
-4055	10163
48	14998
10446	-9958
-237	-3861
19903	15588
-985	6405
-14603	-1162
2442	-22906
2655	8251
5050	-11999
1991	5023
11195	3778
6923	-5622
-12259	13256
13993	3431
10775	1659
12256	-10928
18093	11467
-6181	-4176
3488	-2417
-11431	11039
-16865	13259
14763	7286
-4099	8498
1528	-21179
4458	14423
-6930	7837
-2568	-1112
-3867	13419
-7577	1040
7796	-566
-3798	-15849
19798	9374
-13930	-12821
3346	-5998
-13867	-3795
5686	16601
9394	7989
-10324	11620
-12091	9596
-3680	6740
-8374	-7193
10334	387
10663	3878
-10630	7535
-1017	20678
-1009	-10912
-9374	6382
-3751	-14523
329	10411
23469	-263
5311	3246
1885	1169
9531	-10919
-3674	6743
-4253	-2423
2299	5632
-8410	1602
1592	9902
16854	-13565
9878	-17657
4738	13269
457	9769
-12316	-8916
-2856	5417
3955	2325
-3628	-12781
-9568	-5902
19439	-1900
14333	-10924
-3216	11015
8335	10996
4173	6142
8199	-9769
-8651	3078
-12831	-13453
9174	-6213
-9159	13933
-10628	-11510
-4405	2247
-1248	-3571
-10943	4099
-840	5338
13762	-301
22	6249
3321	-19129
1260	-7278
-22624	-15976
-4368	9979
2677	15843
14225	10063
1928	-17907
-5117	-25561
2236	5957
12115	-17938
7847	5025
-7341	-4512
4300	14492
5619	4157
-3564	3659
-11121	5867
-13909	6794
1973	-16302
17793	4237
5553	6848
-68	5144
23595	-9551
6049	5900
-4383	-18071
9981	-2372
1920	-21842
