43284	-15763
-963	20057
-11559	-6629
12099	-9992
-9197	12458
-3054	6713
7222	-2428
-6440	-6161
-8890	3794
5187	7388
3747	960
-10077	-14451
-10375	-12863
-317	-4527
-12484	2345
-5190	-363
-1391	-17005
-9263	-3467
-8089	4531
-3276	-4807
-5511	-3482
9908	7753
-904	15232
-7277	-4744
21050	7840
-5420	2193
-3111	-2461
3576	2824
-1804	-1561
-4225	9064
-10723	2585
2206	-6600
2511	-16579
1503	-15719
16442	-9241
11470	-2959
-13649	-19062
-7845	-7783
-5081	-11264
-7672	-3392
-6277	3360
4181	4217
-4216	11438
-7060	4643
-2870	8903
-3556	-13690
-7294	-8161
-9981	3585
-133	-6575
7039	-23342
-1995	11384
-70	1148
2253	-3346
-7771	-6337
21101	12887
-7310	7849
1576	-12188
3289	-4455
17963	-3448
-5918	13604
22524	-6312
2544	-2198
8286	-3339
-16772	4518
1519	2661
3937	3912
3364	1496
-9184	11690
20026	-39
3165	-8865
-2184	-610
-6247	7585
-11985	7590
-3828	-1712
-4190	-6239
-10959	13941
966	7198
-6919	3032
-1258	-16648
-14493	4588
-6219	5087
6769	371
-1292	4056
-9749	-3691
-6329	7916
2693	10107
25118	-4714
-5669	-11301
17877	6188
9508	3854
-3873	-9971
-5366	-4365
6192	-6259
-3681	12829
16124	-5469
-3376	-13638
-5074	15557
-11636	-6271
-3987	-2719
17845	6533
-6389	-3429
6778	13435
-7216	-12003
987	-12869
17439	4003
-2716	-5558
-7723	21785
2020	-13301
659	71
-6433	3350
-4958	13186
-6683	-3629
-1401	-2870
-2453	12861
9337	-467
-11295	-4891
10968	-2267
-9570	-7494
-7001	-5214
828	-12265
-1499	-3029
-3856	-11962
2214	6483
1244	-11028
177	7004
-6638	5942
16908	-10214
2370	-12800
9512	13004
-6565	-16382
-11588	14887
-8584	-2897
-6642	12164
-3575	11968
-8947	5761
-3240	-10817
-2309	-9046
-4015	7020
-10138	-1648
-12330	-7586
-4219	-6069
-5726	-7280
16667	-4572
-1662	11933
-9190	-13876
-6007	-10430
22841	10627
20834	12191
-4040	-12946
6238	-7784
-3544	1305
-2451	-10197
26521	13106
-8991	12275
-2648	2914
16561	-13920
-11042	12879
-6652	4316
-7695	-48
-11813	-6119
10234	-5554
-8778	13669
-5514	5882
9686	2658
10825	-5476
4829	168
2213	-3504
-1494	6899
-1569	-9432
-5327	3965
16162	-365
3754	5336
-348	16311
2106	14641
-7860	-8492
7926	-5967
1512	-6137
1730	2179
-2527	1757
5431	-11534
-4097	-10910
10355	-23852
-4878	-587
1777	17854
-8302	13499
-3151	9085
7707	-1970
-11043	4246
-5172	12412
-10059	-5744
-7822	-10459
9039	-15122
-4134	-14053
5477	-8573
-13591	-8388
24178	-1794
-4263	5910
3605	557
-1423	12460
2392	5807
-7933	12458
-10506	3162
1460	-8180
12026	12254
21457	7199
16468	20665
-2603	5063
10492	1936
-5765	446
2771	-1433
3768	-15191
-809	-3504
-415	-13736
-6435	2183
69	5121
20991	4019
1825	1487
-7563	-5176
15239	-6651
-6616	367
11932	-4608
1824	824
-2767	-3664
821	-7060
26195	13020
-6347	-14855
-6586	6778
-8106	4229
-5183	4854
5696	12579
-8615	11790
-5416	2852
1673	-16087
-8040	11300
3276	-103
-5993	-10421
2736	8875
-10679	-8020
-4633	4054
-5925	-9678
-1395	-9355
-2841	7663
-10893	-4026
-5328	948
41450	-8733
-9593	5772
-4513	-14256
-6465	3129
12684	5890
-3376	-1162
-3874	8620
-4555	-10615
-5306	-258
-10333	-3051
-6471	2392
-7811	-11734
-6257	4185
-4534	3112
13262	7592
-5241	8326
-5145	-27138
9385	6750
7089	-1769
2182	15694
2672	11268
-5890	-1241
-5548	-5753
-2920	12106
-1770	477
-13794	-11888
-8327	5262
-9658	-6715
3220	-3496
2039	-8374
2741	2129
-3417	-8709
-8983	885
-9857	-2113
-5349	11129
34491	-6162
19550	-10142
-7045	2315
-10006	8247
-5272	-7102
-1906	22987
16288	-16219
-2637	23996
680	-12915
-1627	-11603
10827	2217
-3159	150
-4191	14493
-5693	-22277
20588	-5445
-3128	-1562
-4104	-3888
4560	-3399
4075	6374
-4891	6526
677	635
286	4233
-4251	20328
9021	10767
5347	10722
-4874	1642
-1304	-5696
-12958	9995
-275	-14365
40175	-9682
-6707	10438
27591	-12314
1451	8986
1837	-9112
4809	9441
10001	-12596
-10375	15123
-7460	7296
-6367	-2310
-15185	4381
-16979	-15468
-682	-11493
-7462	860
-6011	4909
4942	-17343
-3302	7410
-12153	-14835
-608	15703
-7608	1447
2517	7688
-5575	-10240
632	-6813
5814	341
-1162	-15953
-9847	-50228
1081	-1554
4312	8139
-7714	-14854
17092	-19978
-3153	3033
1634	5954
-9004	-7969
-4668	-4431
11261	3849
37669	-18779
11542	14531
8133	-6735
-12390	3215
13976	16101
14584	-5261
21823	12654
-403	2696
-7940	-7785
-3671	15978
-878	-2901
-4063	9473
-3555	-11133
2350	8339
-6250	2302
9273	8460
-4972	-10804
-4284	-5512
-5539	-2568
-7953	5111
7161	11130
130	-2127
-11205	-13811
14222	-8578
1314	1789
-2563	-12922
-7519	16492
-7392	15873
-7796	2007
23592	10547
-4277	993
8069	10519
-6746	421
-6221	10915
-10255	16255
3165	14717
-3662	16692
446	-14508
-6493	-1785
5334	8777
9338	-191
-333	22505
8362	4728
1066	-8961
-15999	-15337
-55	-4693
-4683	8833
-6867	-9282
-9580	3309
-8713	-1370
-1473	1564
-11036	-2611
-5563	1337
-8459	5815
-1777	5713
-1492	-2566
-6198	5042
-5882	-9154
-9233	6690
-9884	-4533
43337	1298
782	1572
-9950	14260
-5949	2247
6774	-9022
-2513	-7015
-2282	-3572
-3568	-12653
-5658	-20490
-8884	-8756
-5968	-6068
21541	17445
-10993	761
-9811	1972
4293	2239
-12045	7792
-5616	-1858
3498	-7211
-6648	-6584
-9336	286
-1813	6022
-2922	-1074
-5296	18008
-1849	-13553
30324	2165
2050	-21627
-1655	-903
-7219	-2926
-8809	-13947
3253	2072
-14969	11580
-2215	7069
1330	-9380
-5649	-3615
2423	-6548
-2259	8451
5905	15124
-6634	9990
-4163	16819
-7564	-8965
-8515	15690
1664	-5690
3771	-687
9173	11672
-4814	-25335
-4025	-9430
-1832	-21233
23049	-8673
-8149	17547
896	7288
7344	6755
-8889	1347
1264	7688
2973	10164
375	10448
-7177	-1430
-4707	6013
-12004	3321
-8058	14124
-6531	6348
2014	-2246
-6715	-14560
-750	-3237
-6595	12564
14093	19766
-7879	11616
586	-12856
-10425	-1687
-6076	3024
-9300	-9113
1547	-17719
-2364	7836
-11085	13772
4605	2861
-4040	-6087
1505	-6548
8434	-3181
-8751	-2954
-6830	14795
-6553	17652
13341	9920
-7550	5566
7455	1429
2797	11054
-4786	-76
-1612	4262
-1273	12043
-5528	20989
-9009	-5708
-11338	-5955
7865	10356
3009	7444
15100	21114
-7074	-10669
-2032	1370
15892	6108
-6841	12146
-2650	14597
3449	-2694
-4353	14539
270	-16049
-5582	6119
3667	-3856
-3409	7475
3813	-9692
3178	2910
-8690	-10642
23405	6132
3371	-9928
18725	-12463
-5722	-4336
776	-13297
16421	6879
-5707	3558
5745	5777
7528	6323
-5111	-8540
-4801	4099
-12151	-2217
-2662	-18078
3459	-4302
-11801	-13637
-4684	4255
23486	1286
176	1619
-8135	7772
6517	-20540
-4964	5211
-5896	-2552
-3166	-6553
-676	-3716
-5425	-8653
4614	6595
34301	3271
-7712	4529
33273	-4418
-10035	5292
-5421	-163
-3451	-609
-528	7695
31779	-16352
-9707	-93
2170	4460
-3416	-7843
-6088	-6621
16780	-4776
5497	-2612
11667	3232
-2995	4482
-247	15245
-303	-16410
-5269	8814
210	11336
631	-13917
-5726	-21493
-3784	3057
7373	11962
-9161	11256
-3437	8889
-2366	1997
-8951	9457
2197	441
-8900	531
6089	-2540
-4080	4766
12138	1692
-4402	-8089
-2827	-16636
3360	2116
13479	-18054
-217	-10606
1380	-6614
-1692	-1084
-7467	-6218
-6796	15820
31190	2605
-7684	-25061
-9028	14516
659	-2804
15268	-10546
6972	-27051
-4315	10615
-14745	16585
-8723	-19416
2410	375
-7859	-7571
-2909	7670
-7298	9280
20066	-11336
2619	-8963
-2968	14811
3880	1811
-13429	3729
12852	8375
-1844	4937
10745	5286
-2654	13324
-4585	-11596
-4259	-17694
-3484	-18708
-2876	-13308
8457	-17300
-2233	2650
-13593	-4703
-7364	-8673
-11165	-11684
-2692	13913
1117	-2465
-3090	-2725
-1367	-1457
4646	5176
-5544	-678
-8015	-2653
5892	-4175
-2834	-10979
11378	2524
-3012	12865
-3443	2790
-7497	1415
-4879	-4974
-4098	-15028
7726	6849
10280	14915
13318	10738
2602	8571
-7054	-2768
2978	-11209
-1824	-2767
-8913	4135
-7314	3281
-8378	6907
107	-3453
-851	11191
13031	14235
4411	8351
-10984	12559
27077	11715
-2436	-8058
19378	-952
-9947	313
4741	7937
11508	-7860
-6299	-9964
-9377	-7904
-6022	-4428
-9906	7221
4099	-23821
24308	8742
-10113	14611
-3929	-15353
-8066	17176
13951	4631
-4646	-16206
-836	-6016
-5850	-5797
4088	4538
-5889	-9896
1590	-1534
16257	5027
28483	14254
220	23358
-6046	-14023
-402	10587
-7400	-4224
14446	-9258
1267	-12752
25606	16932
-4728	2073
-8177	-656
16542	-3510
11533	5639
6744	10051
-1872	-11329
-5429	-514
-7168	10688
-3368	1233
-2018	-12167
20290	1123
-5493	5749
-7905	8981
-7537	12748
13696	-13244
-3744	-17362
-3837	2423
-732	2414
-8125	6695
-3305	-18059
-8041	-22078
-5373	-5420
16865	2013
-11447	9610
3808	1399
5027	584
3636	-17146
22325	-4032
-7202	-3382
-1646	12650
6	16765
-8228	-10009
1658	19014
-1317	-8374
-4064	-15278
-4151	18193
14799	15728
-5199	-3623
-7138	-2932
-17189	3406
-13522	13036
3230	12550
-9413	213
-8353	7608
-3678	-11626
9610	8313
-1733	8099
-6513	1843
3144	-5240
-3260	-13
-6585	2522
-8403	-168
14393	6418
-5382	-9035
-3733	-421
-3361	-10287
3985	3477
-12570	-14496
-13553	-6381
8021	11190
-590	17119
-8489	-403
-3715	10076
949	1910
-6737	2227
7316	-6786
7597	-543
-8854	-396
-10406	13230
-999	11765
9228	1614
-714	-3084
-3730	-5313
-6906	15833
-7058	-11081
9495	-1944
-1591	-16049
-2489	2021
-12274	-2423
-1285	13322
-1428	-26436
-4966	-891
2501	13007
17358	11258
4463	15085
-10305	-8449
-10074	-7271
-2572	17926
441	367
15243	-10917
-4035	10705
-10343	3224
16322	3974
1543	3036
-762	916
8500	-26319
5241	-5912
-6294	-13995
10796	130
15121	2069
2055	931
-9255	1116
-3184	-8411
-3826	-19501
19578	12971
-3897	16947
1315	9498
15687	5479
1485	-9572
-3078	8132
-10018	5874
271	-4400
9897	2278
-9756	5877
3956	15263
-2934	-38774
-10861	3832
-465	553
24675	-11470
3896	5263
486	-9174
-57	17539
-7129	3158
14579	15304
-6780	-1859
-10962	2853
12943	7978
-3245	10293
-14161	6923
-6756	9533
-8956	-20578
-4540	10555
21238	-27017
4021	4512
-3705	-3491
8658	2227
2269	-1136
6651	8881
25668	3325
-7555	-1755
15944	17283
-2485	-2751
-3282	6589
-9480	13984
3437	4621
-533	-5638
-1349	-7633
-5358	4099
24096	-3203
-3555	-15704
-7863	-11921
13231	6210
639	1063
-530	1312
-5812	2636
-7849	-4944
15479	14008
7462	8029
13770	1017
-12056	7831
-10468	-13119
-8119	1782
-7384	-4064
-1603	8243
-8467	-10343
-13484	12325
7845	15126
-1890	-12144
32	-5517
-9038	-7459
11652	-5412
7456	-16246
-4144	-8198
9125	-1251
-3775	1975
-8765	-29233
-2831	9667
11158	13969
1889	1214
1293	1405
-7043	-1376
1131	-1013
24701	13876
-7835	1432
19104	-10535
1464	12272
-12413	-6005
-10029	9517
-11077	4729
-5039	1971
-7107	2903
1567	15740
-8515	8098
23340	-7687
-4784	-11337
-5999	12258
-5211	-18842
-6236	-6002
-2485	-1087
-6582	-21612
7434	-11250
-7232	2010
-16889	1825
-3262	-3412
-2822	-5920
-2056	2236
-4208	-10807
1478	7556
-8513	11869
-4951	1136
-6347	-7792
1000	-12660
18313	8907
-12915	4055
-8390	-14499
-8216	-6524
2269	-17263
-9288	-11089
16030	-9734
-8302	-11532
-11943	-14852
72	6995
4219	12198
-8850	3183
4423	919
-12172	-3156
729	-11041
-11693	-9790
-10209	20
-4307	-280
-3136	-12338
-7143	11705
-5633	4298
33637	11682
-12933	6303
-8710	-1434
-6160	7388
-9617	4760
3094	14332
-7163	-4707
-9573	-1171
15871	-1262
-12466	-6875
-2471	-338
-8233	13762
-7665	6956
-3809	-8347
2923	4280
20068	4817
8721	-2838
-8627	10083
-3418	8988
-9912	630
22373	-6818
-10462	2987
-12325	-6539
-1083	-6154
-5959	7860
-4627	-19538
-1531	-4454
5876	-2205
-2631	-620
-6212	2403
23722	-5089
17421	-4848
34125	-5440
-5961	7052
-2649	3660
-3322	-4901
-7192	7790
15608	-1635
-8687	-2673
-7692	4748
4264	2828
-4338	-6434
16362	-12856
34215	-3173
-7795	-7690
-4370	7595
-7490	11412
5106	12573
5319	5136
2890	-11552
-10489	7899
-6390	9338
-9382	6032
-422	7822
-7531	-10175
-4121	16570
-5789	-14360
-6500	10760
-1759	2746
1068	-9547
-7450	11867
17581	12918
-4815	2494
-3174	5717
-2546	8765
-3334	2904
-5601	-8652
-7926	-2045
-5846	-11533
-4123	4370
22273	-8989
-5732	3939
-1106	-15953
10272	4080
11424	-6831
12009	22857
-1311	15914
-3917	18516
-3491	2894
-9315	16557
8697	2046
-9531	-2191
-8598	4629
-8690	-3668
-6009	853
-10306	-5810
15252	-12931
-7898	-17182
2828	3222
-6192	-12415
2725	2306
1090	6238
-10114	-11213
-8057	-2783
2202	5932
11605	-5300
12313	9986
21654	-2376
1769	11952
-10981	-5780
466	7629
-7797	6242
-8907	14759
9768	11424
-1453	1292
-3117	1743
11678	9820
-7692	-6840
-3624	11908
6196	2975
11934	7009
-8925	-8458
5991	6619
5364	-11989
-7123	114
18644	-3931
-13837	-13446
-8836	-14565
3491	2191
-3429	5386
20066	-13918
-11198	-2097
-6623	3479
22821	2736
-9199	-9683
-2132	2178
-3535	-713
-1210	1168
-4730	-3598
887	-18354
-7506	9663
1262	7034
-1631	3935
17424	-2296
-4476	5100
14162	-3255
7042	-7272
6964	17752
3259	3431
-2955	6710
-2312	8641
-489	-11402
-3034	5030
22118	644
-6124	-11001
-8539	-6487
25701	1981
-10190	-111
-2647	4529
-11316	3740
-3984	-15368
6451	-3646
-3348	2851
3298	-2888
-14842	12598
-4980	-2238
-6748	16889
20381	-12055
1252	-4814
-6438	10766
21906	3399
1739	19993
17185	-8003
835	-11319
-12140	-7925
-7836	-7784
-3755	3637
14808	13226
-10721	-10665
1946	-14136
3586	9735
2438	1018
-987	15687
-6366	7273
-7565	6218
-12318	2546
-5851	4463
-1043	7132
-11779	12128
-9744	-15307
-7171	10355
-10895	-12991
-5841	-13459
19507	-8772
12401	12692
-3687	8299
-910	3021
-3257	-10049
-965	14962
-13694	9809
2219	11214
-4441	16210
12513	-9073
2282	-10166
-4541	-3612
13827	6216
8426	15613
-6303	1990
-11450	1160
-8667	-3824
-8452	6742
913	6917
11467	5889
18258	-5105
-5563	-9710
-7418	17225
-423	12334
1712	1009
13253	12260
-8750	10385
296	-2674
21049	12350
-11491	10145
-1412	12032
-3752	6018
3417	-10795
-10440	-2800
-713	819
1547	-1027
-6130	-9480
-8340	-2772
21867	9372
-10427	-1172
2575	-5805
6806	-455
-7343	18147
-12383	-4000
802	-4914
-5726	767
-1769	-809
-6841	5607
8674	-14116
2610	-1574
-5397	11671
14046	-25536
-12640	9962
-3191	-4928
-1758	-22019
7935	-18708
-7897	6802
15859	12783
-2678	4095
16444	-18184
-7941	19188
-12492	-8015
-8378	-2293
16043	2867
-5271	-4611
-2095	1730
-9030	829
-10151	-4965
-10543	-823
-10406	3251
-10361	-8134
243	-13861
17865	3723
9365	-4209
-11203	-14049
4205	11143
-1832	16329
-9380	4740
13620	-7593
-11927	-9884
-12847	5716
4972	-2733
-7246	13604
2984	6507
-5743	1806
-6768	-1223
-3617	-1033
-9345	-1594
3912	7418
-514	-18322
7952	-999
16370	-8351
28768	16873
-13424	-10510
-12556	-10995
-804	-6111
-106	7568
14772	-20895
-264	1682
-12833	-945
30432	-1949
5290	4506
-7055	2649
-6234	7638
-13083	-330
13591	9495
1606	-19285
-4177	-3480
19127	15482
21882	8223
-9184	-523
25927	-453
1693	4186
-1426	-17634
411	-6211
40602	-18641
3943	-2151
-4265	6719
-7312	-8655
4078	6028
7906	11394
9570	-8232
-2292	-15738
13994	3230
3201	-21161
-6325	15537
17252	-4671
618	9765
-15777	-11593
-4479	2679
4460	-3742
-7094	-17110
-9965	-3307
-5967	-5402
-2708	45
18786	2813
648	10504
-8434	-16139
20553	2478
21485	-8760
-3234	-2424
-9754	-2492
-1118	-11143
1919	19221
-3718	-4960
-2896	-6065
2084	-7608
-2628	2743
14506	6097
-8971	-12843
-5689	-2912
8133	2888
-1721	11229
-436	14545
-2006	5758
-11635	-15305
-9359	-17996
-388	12623
-4474	-10022
19630	-7402
-4678	5972
1237	3458
-7534	4818
9575	-17372
-10476	-10313
5372	7474
-141	-11856
-6594	-3598
23152	12929
-13196	11164
-4644	1216
-498	607
-7585	-13705
-1134	-16032
-5065	-16388
-776	-18694
35376	9806
23331	-16792
21703	16692
-7303	10231
-12892	-4673
-7331	21407
3473	-17201
14849	10829
-10569	11621
-9706	13085
-1701	-7545
-5889	168
-3241	4939
-6198	5022
8837	6731
-4441	9608
-7559	-8649
1756	7668
-3288	6561
8290	11409
-16449	-29310
22412	-7821
-6727	-9820
2575	6215
1787	5237
-2456	-3685
-2750	-141
8179	-15221
-2978	6145
-7737	-7348
-1891	-21330
-11337	1529
17815	-17433
-2926	6004
13517	-2780
-8434	12076
11245	-12748
-5752	6467
-1068	-9051
-1859	-18644
17399	20245
-13260	-4389
27175	11824
-4086	-5436
-12141	3806
44278	1988
13327	7243
-4159	-1833
18955	-2926
-11648	7760
-2449	-1911
-7209	14281
14098	-2507
-4585	8119
-6071	3391
27370	-5279
-6918	-434
-7411	-11276
21192	-1505
14291	21257
1605	-6410
4221	-8072
13562	-21149
3657	21393
14301	-6840
31549	11728
-12187	-2277
-6812	-4750
-5874	310
-3130	8207
-4657	1929
2893	-14473
-4778	-1255
1585	-1143
2337	-12554
-3941	799
-8617	11372
14874	8949
-6127	-4668
6832	-8102
-9480	683
-9145	407
-8705	-11119
-5941	9772
-9167	6267
-6290	12096
361	5792
1296	-11978
5667	2830
-8196	-16976
170	17139
3072	-4289
-5503	17824
-9755	13796
1518	-5751
-3513	9796
-4524	-1926
-6131	-20280
-5824	12249
-9441	-2740
5258	-4656
-6606	-13391
-1233	-15769
-3122	5576
50903	9632
-3785	1840
-1768	-12400
-6150	-16328
1981	3382
-7156	15934
4656	2567
15739	10072
12602	7883
-17154	7625
-2705	-3280
25158	11199
4837	2124
-3755	-21215
-5862	10911
-1114	-3950
-2789	-26008
-7443	-9744
4553	-14379
3883	13271
-7339	11520
-5914	6180
-6815	-18096
-972	-13986
-152	-4124
-2322	3468
-121	2277
-5422	-7836
-5355	11368
-2818	12776
-12404	-8984
-8984	-9370
16626	13021
7648	-3114
700	11295
16717	828
8123	16552
8980	-1946
-4575	15772
-2766	-12929
15618	-7149
-10044	1458
-9719	-11046
-4172	5856
579	5335
15620	16908
11613	-9729
-8970	435
-2431	13082
-5551	-8401
-2861	9815
