-5219	1251
-6604	-8647
8791	4246
-7729	-11009
10782	-13098
10129	9946
12341	-1624
9442	2838
7708	3794
11331	19077
2776	-17138
306	-8360
3145	-4912
-10487	-4339
-11376	9275
2689	1781
-11058	-8332
-3731	2184
8178	-16564
-9302	11834
-6275	-1934
9469	-6000
-1989	-13959
-1730	3783
4754	7855
1158	7809
-2777	4574
10981	10092
-7034	5354
-7068	18112
8338	-12358
27074	-370
9804	-7581
4353	1694
-8280	152
14185	-1271
-7120	-24892
1400	16403
11237	-6434
2300	6698
4571	5343
-375	-8973
2781	-827
-10263	1276
-5066	-11271
-3900	3247
-32022	-11337
-3605	11960
-24550	-13320
9644	1555
8307	-865
-9391	-2215
-1418	-6800
-25580	-5891
-8030	-8023
7857	6051
-182	-7344
-18837	-16786
-695	12498
-11135	-11707
6558	-4720
4890	3987
5281	-2717
-4440	1828
-6544	-11927
-4412	10788
-13250	13400
8476	868
-353	-3838
3780	7459
12442	31747
-10839	1635
5772	-10645
9071	-21269
9247	9595
-2748	-8250
7942	14269
10646	7875
14787	-5569
8813	4813
10181	6385
19482	12098
6027	-6460
11963	6087
9080	4194
6715	3087
-750	2569
-3118	10115
-3423	-1762
1911	-2398
-15244	-13482
4085	-2765
2303	-5292
7362	-5081
-1576	4451
-7282	-6787
-10326	3040
8087	1537
-3047	12861
-10838	-2800
-747	-6224
5515	-2951
3951	-2474
-2735	9796
6421	1973
-1347	-2159
-7851	8375
8296	-7172
-3053	3721
9481	165
6645	-1582
10269	-3828
-21441	-1534
-16868	-4550
3187	1638
-674	-5994
-23144	544
2354	-12625
-3272	-1196
-4276	585
16093	-4088
-7020	-829
-20077	-18148
-19526	-2350
-20100	17396
-7971	-14264
613	19397
209	1989
-22542	-8625
-1289	478
-1036	-10254
-1516	4541
-5902	10916
1779	-8236
14614	-14953
-2394	4730
-11700	-5557
7654	11879
-1842	7972
12972	16376
-1348	-11943
-12210	-2931
-3532	-19109
1634	-1761
9132	-5636
8904	-10574
3560	-6298
2179	-9301
1335	6953
-23301	3311
-22081	3108
-2362	916
12458	7166
-11850	-11924
7179	-9601
24392	3263
-25298	-4803
26	-2238
14479	8241
299	-831
-6852	-940
9005	6441
3415	10753
3331	13049
-4637	-4052
4021	-5483
-3215	-8284
-3459	-11037
4126	6948
-6021	-4612
-10513	4461
16389	13323
-10350	-11424
-7940	-15160
8742	3937
10199	15856
7105	7922
10351	-2770
-3331	2874
4938	13375
-4261	-3543
5761	-1652
4268	10435
-15632	-8316
8485	-5170
-15029	11104
11591	-7337
1401	-1701
10561	-7937
6583	11451
-9933	-4179
-7498	-21597
-3404	-7074
3576	-5578
6721	1935
1511	-2000
1071	-8363
14871	-2917
17470	3348
-2619	2275
7250	7120
14196	37854
-40733	-16875
-5928	10926
2577	8552
4733	1561
-17188	16201
-2348	513
4787	-14911
8174	13825
-5226	3225
10297	3130
-3094	7727
-18703	-14551
-2750	-3822
-2520	-3549
12148	-403
-1819	-4679
16583	-8807
6414	-22361
-4471	-8863
-13232	-1680
4782	431
3612	1954
-4773	-6156
-1318	-6457
-8667	4370
-1334	2989
5000	3429
-6457	8801
12127	-3607
617	-9425
-6116	-2863
-8089	3557
5555	6347
17740	2203
6094	-9611
5531	215
-8549	-5567
3572	-12087
1731	-8307
28299	2658
-7401	7839
-2154	-7750
19690	11277
616	-7505
15931	-9407
10501	8959
11755	-1480
7811	-15767
-4024	-710
-21347	-2796
401	4346
8154	-3572
-9495	-895
20568	4578
14128	16887
-10810	-12090
6017	-18778
8023	-5940
-2952	854
14941	12613
-18846	-27417
-8884	-14127
-2335	-11119
-816	-6118
14538	10044
3611	31727
-5369	-8487
20171	17938
6745	2236
27355	23566
-262	-3188
-5260	5500
-848	7611
-2388	239
15262	-12624
-3056	-3434
-11179	-8738
4509	-8083
12066	-925
876	13690
-5224	-16140
-2180	9908
9397	2275
-14497	-12026
7030	-6048
175	14005
1908	10474
-8284	8392
17631	2415
-1773	12869
8168	-1204
23315	10320
13284	4432
10751	15947
-4207	2715
-10912	-5499
8073	28244
-11784	-6371
4984	-2161
-882	4687
-16084	-18660
18512	3693
8043	1979
-6945	22474
10791	11800
-18816	-14868
6936	-12300
840	-5394
-9535	-105
-35906	-16413
1541	228
5900	6976
7924	24722
-3808	-4603
-15631	-18489
544	-15655
5783	16171
7991	21727
-6150	-5931
-11980	7629
-7092	-7298
-13561	-22213
1145	-4759
-1803	-7877
8546	5909
12131	9277
9249	-2535
-10064	-14150
-21117	11339
-10606	1027
-22995	-20528
19050	5532
1982	10251
-14587	2620
10493	287
-2149	-1503
569	-8366
-6633	10359
2306	-9469
10343	-4751
-15248	-8069
-10836	-12330
7523	13102
-7391	10924
-5141	-16451
-3607	5458
5365	13504
17502	20619
1799	-5894
8222	18283
14525	8789
6439	12529
8630	8890
-1518	3742
858	-2582
-9554	-7352
18496	12583
4527	-13911
11739	1055
10413	993
2706	5388
-618	7062
-7706	9305
590	10920
-11521	-1834
3367	-9898
-10219	-5288
-5188	1423
2657	-6096
1890	-5977
-5602	-7550
9283	-428
14407	1076
-1739	-269
-6076	2534
5766	-6771
-9568	-2380
12164	11322
-24161	-5602
12039	9800
4245	-5075
-8006	8197
6709	-3991
-12943	-3133
-2738	2393
2656	-6614
-9279	-7002
11838	2053
-17046	-2372
1288	3873
-6653	4013
-440	-414
-995	-11198
-693	8433
-1597	9358
-2193	-5062
2957	-12042
-2532	-10844
9926	942
16076	2439
13890	4871
-5327	-5061
9871	5571
-16742	-10938
-16687	-2568
-4187	-9550
11640	1077
9269	-9233
4776	4642
-8566	-10656
530	-7299
-6056	-3992
2828	-7448
18088	-6178
-933	20112
11549	1042
2717	-5966
11871	7360
4025	-1000
-13963	-8026
1203	-940
3176	-14788
-166	8154
14675	255
6350	17598
174	-5330
-5453	12003
18618	16642
-832	4073
10585	-6871
2244	-8371
12896	-8829
4874	8973
-160	205
2029	-12103
5768	436
4622	-8167
-7697	3921
-7968	-1969
-9402	-4879
8461	2684
799	-2951
4244	-16496
-10596	-6888
-29273	-9699
23692	15605
1875	3792
-3184	-8478
2919	-2705
-3237	-7148
1478	7822
10858	3519
-13352	-9150
11556	14459
5176	-7874
2808	15349
-20147	-14117
6692	15667
-3315	11596
9284	1298
-2281	-12249
-18188	6598
-3141	-3144
16682	9013
76	3429
-1180	-5577
4720	4992
-2979	8228
11709	6270
13023	6279
-11319	-4899
2822	636
12996	4839
-11423	-10055
2159	3499
-3992	8163
-2363	3774
-2217	1368
-6805	-1792
-851	-2188
1518	4442
7352	4528
-17757	-7679
23243	8541
915	1681
-6804	1665
1739	-1510
-11042	1215
-8008	682
-10326	507
11319	32367
2186	-8047
-7211	-900
-758	187
-85	-7204
10150	655
13561	-2666
-5220	19333
6844	-12659
-674	-14422
1988	-8517
4803	-7988
-9916	-14852
18638	-3046
2114	-1511
-2961	-10432
-14625	12090
-9008	-8201
23643	16538
-14907	-14561
14025	-5027
-15067	11335
4945	10956
-7797	1521
-19511	-14039
-11693	-5303
-1587	-9359
-1670	-7100
-1567	-3941
-13296	-27428
-8442	-15025
13310	-2770
6360	6573
7984	13820
12496	4411
-7236	3934
7664	-5126
-2550	6651
19001	15799
11408	-4563
-1528	979
1817	-5789
-2154	3275
518	1687
-7137	-1264
-12340	-25417
-15143	-17171
9584	17014
-1895	7542
-11077	-21110
-3851	7661
-3063	-13233
13677	12701
20316	10791
3741	-25132
8120	-1900
-11400	235
-1873	-7332
-769	1401
2433	14031
-6939	3694
5683	2755
6980	2419
154	9141
8322	2678
5682	-1205
-8332	13370
-2547	-5715
-3218	-17957
-2324	3376
-27639	7707
13464	1550
13360	3679
-6307	-8871
-6576	15329
-1421	-1008
-1055	418
-3591	-3586
13014	-5893
18350	14968
6813	-3564
14391	4138
1229	9019
-1698	-16262
-397	-13660
-684	16614
16099	-9825
-11740	13908
-9427	-8809
-613	-7221
1541	-8220
-5865	-29306
3847	431
23239	24694
-6023	7737
6977	-5791
-11753	-647
-2440	-14628
3231	-5065
-1462	-6234
-12561	-5554
7890	5814
8642	3304
9466	5609
-11871	926
17126	22494
14356	9973
17729	-13608
9855	-1749
13203	4020
800	-7342
-8836	6389
-6852	-5453
504	3073
-1215	-16378
-12518	-3946
-5694	-3993
-1224	-1406
4002	7743
-13026	-19377
-4939	-12980
4218	-9530
-12484	-9440
3025	-10647
-12012	-17166
-5452	-24147
-961	282
3281	2899
863	5441
-201	13044
-5090	-6350
8039	1240
-3855	979
-2611	1028
4096	13363
178	-2590
13628	-8828
9515	11972
6373	-2258
3192	3845
-11162	5236
-6512	20355
-9399	-12324
-14276	-6968
-14092	-4330
-2407	-11367
-767	5991
-9887	-9342
-9296	734
1887	1947
15802	-5617
3378	2629
8304	3779
-4973	6220
4535	12708
381	-1158
-655	7854
-8609	7059
6301	-559
-1930	9550
7572	5810
12521	2268
-26269	-12427
-4012	13468
1954	-12592
-683	-16296
-9826	-16973
1735	-11202
-698	28164
-877	-6968
13076	-1664
17229	1999
17936	-865
-2975	-9149
8225	-2322
3459	-4315
-410	8075
6570	-1037
7367	-9344
2534	6086
15888	27096
-8850	6011
-6277	-14297
10415	12250
-9235	6448
-5248	-15243
4810	-6506
-22224	-2696
17028	6171
-6735	-2036
-7021	2489
3639	2634
-3875	1442
-7108	-12625
-15166	4740
-3284	14025
-2200	21348
-9474	-6696
-6	-469
11314	12797
3286	3270
1240	-2424
-10967	-5003
5682	-6306
-6687	3987
3048	94
3588	27791
10923	3519
-2001	2847
13288	18439
2642	-6319
2104	1232
12948	-5956
-6793	1792
-22594	5866
-8401	-12246
3451	-14292
676	-1251
-17302	-298
12812	-403
384	158
-4558	-9615
15502	5230
-1788	-2967
2823	3431
-10749	-6097
-774	1081
1876	-12988
7659	2515
-7279	-4076
-5319	-2546
3371	12152
-848	-16111
-1691	6951
6187	-15596
3463	10738
22110	10548
-1003	-1105
2850	-12918
-555	-12284
7523	5660
6436	-66
7114	-5377
13644	8776
4196	8444
-7317	-3054
-3432	17230
16113	-487
-4208	-5420
-19806	-20255
5511	-7227
10036	1655
-5721	-6291
-5731	18306
-6704	-10862
7912	26331
6663	208
12387	10398
-19800	-12071
-6543	-4136
12346	18821
649	6418
-4052	-13226
-7939	6079
7583	-4371
5146	-15612
-548	15146
13096	9685
3238	4774
-18403	-9727
-9332	-10379
-12696	9744
-901	2872
-6825	-2081
13711	-3786
-3245	-13383
12321	4924
6971	-14031
1321	14756
903	12314
-17685	-139
-1270	7111
9866	-819
3068	-13041
-10191	7746
-1941	-8702
-10704	7926
-16116	6579
23187	6717
-3775	10119
3179	-6986
-24855	7739
-8900	-3854
-2329	10637
10438	16589
-2391	21929
9240	9774
-2198	-14121
-3087	13602
6275	4511
-8247	-19274
6950	15458
53	13921
14296	1440
-2401	-7651
-3452	-3970
-1059	-12921
10064	-4753
3362	-10055
9046	8975
-5888	-221
5586	-1058
10640	2228
4805	8076
21105	-4850
-12995	-18398
-37235	-2336
-10374	4538
3545	-2684
-3921	-2740
-13406	-9059
3430	-10369
-2612	15882
1505	-9663
15201	-7841
4404	17755
897	5817
-5917	8658
-100	-14513
5043	-9316
-2713	-13616
-10478	-13303
-1375	-7140
-1777	9589
-5074	-2594
10823	-5641
-9310	-130
350	-10853
14940	4585
-14819	4279
19599	14983
-10235	-3808
20	3489
6537	10220
12970	20509
-8734	-78
-8893	11141
13967	1893
-17945	-9843
16853	1711
-5792	-14489
2544	17414
-22010	-16005
3855	15113
-15562	1199
-22736	-7139
10952	2932
21292	-7262
2450	12073
-8382	-7266
1279	9206
8812	-9623
-2725	-14102
-7302	-5051
13546	-7862
-865	4669
207	-9091
396	8662
5054	7109
-834	3318
6241	2129
2490	-9318
3215	-6701
13464	2152
-421	9731
12934	18828
-4082	-4727
-14885	9886
1457	-1529
4831	7467
7401	-10566
5652	14926
7300	17425
-9040	-2755
-14335	-8342
3804	-2375
10240	-8667
1974	-11367
7038	-5098
11072	-9384
-9027	3345
-9357	77
-16176	13998
5025	17688
16259	6966
4259	-6824
3982	-13189
-2925	17827
3411	10079
3818	1565
4536	-21556
-10751	-13676
16410	1616
2879	-3388
15997	16331
-97	-7828
-5367	-11287
-13973	-7018
-15763	-17161
978	-9441
-14608	-3432
1248	-7916
4945	5946
9472	2325
-7534	-14520
-6331	-7572
3838	24401
9394	8274
6578	7337
3735	13571
-11129	-12362
-4796	-9222
-7326	10673
-17423	-11747
4899	-836
5391	11450
5431	11122
979	-3083
-6518	-9358
-8604	-1762
-9537	20036
-6645	4880
8975	-2246
-11679	-2305
-12619	20015
13219	8030
-13882	-28790
6028	-6886
926	-14673
-8946	2040
6429	666
-2946	-9796
-14544	-16289
5317	8687
-2420	7235
9593	15570
14403	-5861
-1283	16659
13243	1027
-18268	8291
1161	13138
9301	7116
-6182	1388
14518	6158
-1040	-11103
-4330	2342
-15065	2196
7145	-9403
-4201	5408
10603	-12907
-9211	624
-6529	-18430
7361	-5137
358	6811
7022	-1433
1817	9007
-408	-13239
1216	7777
8012	-4162
13713	31079
-8577	10691
-3578	-3725
-9898	12326
469	-12607
-4473	4459
1199	4321
-1561	781
-764	1733
13388	-8306
-8378	-9844
-5329	-18789
-4931	-4090
-4760	-3617
637	1483
-30234	-16121
6709	-1766
5987	7578
27055	1092
2790	-5167
313	-16017
-4545	12082
5525	9527
-5566	-11064
2311	-3433
9536	1427
8451	7347
-10639	54
-14779	-8991
-6845	-23408
7000	-382
10863	14468
15730	25544
-22585	-7299
-11571	-15425
7851	-8094
6257	16639
3583	18374
-8556	-15616
-4721	-801
-9240	-320
2120	3880
5474	-6798
721	-10609
14080	10374
3861	386
-10211	-6159
-3425	-315
15456	5035
11862	14293
5960	8850
1035	-790
-964	-8027
-2382	909
-1080	-933
-6922	-2632
3330	-18202
3487	6021
-4204	-10363
-8689	-3008
-9982	8633
2998	-1546
19891	26320
4218	7757
-1054	1025
-7322	7857
-5505	-7933
-4410	15904
2737	3199
-4467	-13191
10685	-4780
-10503	-8338
3103	8992
-2865	-21606
1245	-211
-18912	21773
4277	4908
2451	4244
6176	8351
-11018	9104
-2376	2058
-12831	766
19041	-3106
-707	-10977
8914	-5095
11922	18570
23482	28051
8374	11904
-3467	7074
17527	11250
5284	-12263
823	-8100
-954	2818
-9603	-9419
-4523	-2223
-8500	-17382
22227	6358
-18104	-14637
838	950
-16641	-3047
641	-9537
2522	2334
-5374	-522
3256	1954
-1606	-4425
-5068	5439
6840	2515
2775	4552
442	4871
8533	13583
-3804	-6596
-6239	-1304
-19971	-7630
-15030	4538
4694	-10681
-12321	-5581
-1221	8429
5347	2320
2064	4309
-6297	-4440
-265	-12370
1352	15608
975	5239
-8871	3041
4603	-3455
-13700	9168
-2631	-5655
10732	9137
15773	8611
-4103	16636
4212	-4139
-7471	2
-4249	-20929
-11798	-2289
15181	7511
11544	571
-8054	19311
-16070	2478
9064	8583
14362	-10482
19111	22695
-21944	-8283
5019	-32
873	-6910
18020	-2122
-35099	-10456
7282	-2929
-12514	-21962
-3774	-17272
-18454	-5945
7939	23207
6365	-4809
-1384	12972
15881	17498
16589	-675
-825	8866
-495	9851
5121	-12943
-13250	323
5123	-4577
7993	5788
-2706	-71
11125	4157
8445	5881
4517	11012
7909	-3117
-16039	2046
-7657	-5426
-13111	-5956
-1477	18648
-5538	-11538
-2002	-27937
20146	23729
-4885	6470
7822	8796
5152	-979
6120	4844
-6447	-5524
-3406	-1664
-2685	-20003
12109	5831
1649	-7953
17508	-3233
3085	-7617
-4614	-11848
-1300	-4308
684	-6497
18089	1907
10189	1930
13653	4688
3246	2770
-467	-7463
-16412	-9693
993	-8464
-11766	13772
-2551	-21577
1064	10916
2854	7602
-1013	-8377
52	-9619
4657	-3767
-10212	-15095
787	9070
13695	-5290
552	1264
-7811	359
-4524	633
-597	-9747
19333	-521
4184	-1711
13429	4178
3993	-1752
-11162	-13037
-9731	3644
11742	5850
-7993	295
1369	-10122
-1855	-5495
4960	9776
-11239	1672
20058	-10020
-220	11894
-2718	1154
-32289	-3397
-3397	382
676	10528
-5567	971
4615	-3352
6381	-3128
-10628	3585
13874	19418
2365	3344
-8236	8735
6440	-11275
13257	-16546
8252	6625
-1301	16852
-14031	-2356
3245	-2705
1987	-10893
-16453	11180
9907	18690
6384	-1560
7385	-9083
19283	8485
-538	5191
-27961	-5666
-10429	-16872
-13618	7294
-15447	16357
3254	-16822
4655	11456
954	7372
-8426	-7511
18441	-2029
14770	15874
11094	-6717
-3990	-8688
10952	-9971
7906	-3017
-9598	960
4197	9615
-165	-9696
3118	10670
1996	-6824
-2398	6369
19208	19682
17049	7688
1185	-2408
-10363	-15351
-9454	6487
5484	-11429
12111	-2297
-7576	1099
-13247	-18164
4947	3894
1364	-12349
-5719	-6616
12545	10024
-3087	-9610
-4743	-8019
10023	10126
-9956	16868
-414	-5618
16873	9414
25125	14014
-3540	10344
2727	7653
10286	7317
-4534	-9281
-13583	556
-6203	-3751
-11443	3490
-6214	-16419
19282	7544
5785	4938
-7377	-949
-1375	9963
12314	-7931
9434	-9616
21934	12072
11747	12337
133	6333
1077	-6744
152	-7563
-6348	26912
-1109	-7278
-10744	4618
-257	13818
3963	1698
-9469	-223
-14332	-3522
5775	-1076
-7785	-12467
-9374	10592
10002	6825
-6200	18896
-9643	-8231
14249	30061
22589	12160
10882	-3607
19077	-12286
-474	916
14630	2722
3493	3994
-7908	-11753
6639	8398
-10910	-142
8545	-4309
9170	4510
4420	8187
2158	1450
2778	1824
-6953	-4920
-9858	14448
4647	-12240
-4732	-7327
-7141	-3165
5672	-13793
14567	10724
12394	25858
7699	15569
2125	18061
4893	22229
12082	8923
11313	13373
-335	-1842
19821	1085
-3419	7615
-10108	10092
19428	16615
-7566	-4895
-10131	8229
-10970	-19196
13550	-6462
3346	257
9338	25509
7504	9272
8147	6126
5144	-13296
1075	-12366
-2793	9484
-15329	-21592
7328	-2974
-16893	-4874
-10094	-222
-2379	9734
3591	5270
-2981	19315
-1490	2386
-6567	-663
6868	4651
10783	-3205
-11265	-7903
-14143	-1494
-327	-7763
-2136	3188
7720	-2481
-9895	7365
2616	18305
-11619	3192
5751	3823
13384	6008
-10554	-4240
2345	-16277
-7159	13242
-5028	21094
-3512	1821
11405	-16352
4501	-630
-14351	11029
-2079	-3123
-8128	2713
-5104	2103
-6277	16559
24006	-11665
3032	2784
-10480	-12146
884	9830
20439	983
22309	1848
16316	10737
1315	-931
10500	6990
17446	20586
-8593	-11442
143	-4186
-8659	14021
-9940	-7740
5279	-18153
4318	7145
7766	1307
581	-8405
-3056	-4825
7284	3541
8758	-1018
-2533	-5010
-19803	6677
-17190	-3583
23020	347
-4325	-480
-14420	2067
-8482	-22818
-11079	-1296
1317	4781
-5231	7945
6490	14547
-11503	9668
-31002	-6416
-10700	-22079
988	-14018
502	3939
-4885	8332
1508	-11020
172	-10272
-18827	-1143
-3861	3342
15893	14369
8999	2136
473	3321
9200	10774
4485	23073
-11374	-1422
5747	-9123
11859	4962
-6878	7423
-6441	19948
284	18516
-4254	590
16539	5231
14471	9755
15977	-476
-27163	10048
-410	-7954
10239	9677
12283	30257
7683	-2339
1544	-5350
5572	7982
524	17852
-8340	8222
-7464	-4822
5006	1147
7534	-849
-6058	2240
-7214	4309
-6965	11998
11453	25748
14201	-13329
10905	3807
-1466	9671
-2871	-2427
8684	-3060
5885	2044
8695	-3254
13610	-1387
6554	-8560
83	-1812
6569	19291
-3389	-1089
4092	14068
-8937	-11596
13288	9821
14202	4614
15248	2549
16450	4604
-9266	-8966
-1988	10117
11415	12845
-6390	2706
7739	6170
-12755	-9352
761	5393
3691	-8782
18095	-779
17644	5974
-6166	8556
-8382	-2310
-14419	-13408
-7616	-1736
12581	2449
8851	14470
-9854	-17628
20473	12261
-6071	-17589
12314	14049
9217	-9900
14209	11489
-7381	-18584
11556	10598
15157	33712
-4101	-8507
-15445	2717
9593	1444
1075	-6384
-9557	10428
-19761	-1770
-1050	-9399
-16420	-8320
7239	18534
7545	2633
720	-5198
-9927	-9144
-3290	-10504
5620	-12685
-8091	9231
12296	-3184
-9867	4456
-5681	6768
8334	-3757
-6580	-2433
-9883	14884
-6493	7289
729	8541
16958	23749
-5447	5724
-18998	-5023
21841	-3457
6668	15333
-2428	-3696
-496	3777
1071	-4640
7129	-2426
-6320	-12004
-8655	-17606
1522	6826
18208	-17605
-580	5709
-1951	-2271
7074	5548
1250	-12191
-8323	-21310
-3167	-6261
-10244	-6343
-3623	-12610
-9470	7726
2495	-384
-4110	-3659
-6297	2847
-22485	21873
11582	18901
-2729	-4682
7538	8764
302	14439
-6074	6342
5790	-3715
1119	1541
10144	5114
1921	589
3098	2600
96	4101
877	-4862
-756	1282
-11109	-7171
3531	3787
9102	19207
8611	-6062
-4223	3563
12520	4940
608	-15330
-4456	2794
-1049	10659
14007	-11779
-5415	-3283
17110	14127
1597	-5196
5126	7112
226	-5403
3024	8018
-17011	-7566
-3589	-17204
6416	-2738
-9020	-5755
-3571	3039
2507	-5141
7849	16432
8694	-5968
2391	2693
15877	525
2871	5545
7077	-1154
8699	-2868
-12996	1956
-11354	10256
-7213	-6611
-10511	-9202
9296	26094
-5110	-4931
1008	7120
16560	7963
-5807	-3974
-8984	-16441
-3168	13580
10609	-1011
11319	4788
3771	3909
-11796	-6264
-4269	-18696
5490	8017
12104	12607
-432	-8973
-9331	13554
-1915	-13916
3492	-3635
-8229	11550
1687	15000
-8975	10816
-3830	-16939
-1241	16809
15710	9627
-7040	77
22954	-1072
9039	9629
-772	18329
434	8272
-11531	-24804
10815	19432
7107	-31
-1794	8943
10443	3938
-487	3130
330	-10855
-31576	-6867
-8013	-11848
-3304	20709
-9065	67
6068	-11611
-20158	-3656
1186	2099
-5550	9974
-336	-5928
-5488	3653
-5491	-4198
5734	-1626
11871	9012
-4679	-6542
-10824	-14492
17158	14077
1132	6242
4826	-10976
-2310	7719
2980	-9558
-14326	-13907
-8384	7240
32155	3223
-1510	-9248
-1402	1402
-8005	2803
-4033	8832
-9285	-15760
8106	18621
9989	14974
-4504	-7662
-6813	5545
-21388	9873
7145	26211
-22831	-16083
-2724	2539
-11059	-5020
10233	-2694
-3558	1551
3501	-6916
6044	445
-5533	11351
-24542	-1298
13680	13856
-8014	11480
-5053	-7791
1496	9053
-6492	4069
-8382	299
-2193	2829
-1943	143
-5134	-8693
1348	-247
-13650	-2757
11360	-1535
-1253	-2144
6802	4151
6339	422
-8587	-14893
12808	11066
4071	-1218
2815	9111
17595	-960
-1183	2892
-7241	-8778
-3759	14262
13123	-26
5836	10404
18641	16185
2226	-1062
8445	-7986
-5459	-13697
7503	7502
1177	19855
2103	-98
-4570	3458
-6570	-6826
-11203	-6498
6469	10780
-6647	-12500
-3452	-14483
4010	-6359
6502	-17992
7248	16399
21877	17499
3688	-11600
1629	-5172
-1430	8721
2522	11479
8444	1793
4477	-9486
4457	1050
570	-2129
-11717	-3297
-4945	13953
-5678	478
1329	-257
-4752	18796
9246	12073
18207	-916
11211	11899
-11779	3459
9981	5086
14600	-11673
7932	8240
10069	5383
9746	-9111
-14393	-1644
10193	-9005
-6356	-2575
-5746	-20522
-13591	-16027
-5518	-11835
-20543	1925
-24265	-2801
-4464	-7327
997	2920
8335	5424
-18493	-1349
-25978	-2916
7036	5134
-4481	3248
6711	6259
5345	11874
442	7189
3761	8333
3179	19324
8608	-8043
-15087	-13612
12165	1173
-7659	4099
11848	-803
-17714	-23864
14193	7903
-694	6763
-10725	3343
-11852	-10831
3098	-4474
-12273	-7392
-5898	9481
-6002	-3453
-14205	-659
-7273	-8382
2309	6328
5256	3033
-5974	-4107
14077	2220
15959	434
7559	11297
3394	-9082
-4461	-3111
-6706	-1876
8375	-7829
-5909	7884
-3572	-11696
2813	19915
22422	14937
5780	-15099
-8375	-10518
-7103	-8154
-9040	1737
-7431	-18246
-3109	280
-4392	126
-9453	-5614
-4195	6479
-10393	-3732
10371	14773
8274	81
-7011	-6115
-14737	204
-4118	-13656
6707	-1635
-6759	-12521
-6942	250
9346	895
-7750	3798
12254	2224
2739	5304
15236	-2083
936	-842
3457	857
-12683	2592
-2826	9138
14051	-9231
-25693	-13181
13921	27201
3960	12854
-3294	2984
-13403	-19410
-14742	-3091
-2106	3513
578	-2070
-8508	-16083
14387	-15695
-22	8448
-7538	2649
-2251	3815
899	5672
-4062	8795
-18012	-1606
1443	4561
-5154	-21622
15435	10463
1423	-4828
-21291	4182
2176	14457
-12912	-1237
-3290	-3493
-2946	5402
20663	12595
7143	8248
14351	-4505
5438	684
5046	-301
-17049	-7405
-752	7859
9895	6966
-12677	-12739
-10415	-2507
-897	-3486
2606	-15288
3391	18259
-11745	15727
22687	-9305
5392	-19961
7623	-2240
-3536	-4635
-7989	-12926
-10854	-10856
-3182	-1538
-1277	11547
-326	3516
15488	1785
-40	269
3664	-4746
-87	19418
-2809	-4881
-11067	-8589
-2342	6857
6089	-2381
-10837	-21389
-338	-8259
7541	8079
2876	-13100
-13319	-2497
1735	-1139
2216	10048
8525	15701
1499	11104
3458	21290
5164	-5900
-8004	3656
2361	-11039
11342	8370
-2705	9167
-14079	-6274
-23	47
-11342	-1323
1896	9593
4335	8763
-13213	-9365
-5528	35
13560	4616
-9948	-14714
-17846	-20957
-1611	-2849
-19461	-15168
-8679	-575
-7901	10368
-4874	11241
-3538	6426
-713	-446
-1900	13851
-9512	-218
-21976	11646
-2136	-5306
8476	7014
4366	10173
-5117	3196
-32808	-1907
-1984	-7641
752	3254
6282	18550
3032	-12218
12584	-9600
-8324	-11734
-5622	-6016
15976	5250
-23464	12965
-8469	-1422
14020	2784
11503	2171
-5252	4210
1939	-2269
-2974	-2603
-4657	-2411
5758	4900
-4349	-6194
10292	22544
16932	-628
17205	487
1380	1632
8956	-8341
681	-707
-2282	4098
1631	-11636
-9369	-6016
-23094	-4514
3746	-3103
-748	-6077
11447	-4447
23158	4643
13191	11836
8835	10918
758	-6155
-5862	2822
-6784	-1325
15666	4570
5758	23398
-12406	20636
5895	8042
-5693	-13311
-20173	15441
-14532	7620
-9659	-12642
14242	-3912
-3213	-1492
-1991	-3728
3722	-5756
-75	-5071
-21515	8367
-1578	3451
-11725	8214
8310	14173
3178	3988
11052	-17790
-4546	3604
7353	1213
8012	9707
-9905	-10561
8598	10051
-750	3671
-2989	7920
-3715	-7960
-6211	6876
5351	-11511
52	608
721	-20246
5159	-17667
-27203	-15701
-6113	-6357
2759	7667
-7840	-18181
-6844	125
7101	17055
-2673	-7585
-4131	-12266
2986	8529
-5696	-4261
1230	10030
-10849	2976
11232	-2726
1090	-15075
12400	-8139
4957	-2199
-17482	-16783
8921	-5397
-2698	-8199
-4445	3274
7567	1927
4602	11581
1207	4201
2816	-7049
-892	9302
-1537	11419
12243	-2969
-1966	-6584
3523	-801
-11898	-5011
3362	1000
-1865	16203
5716	-7459
-13813	-700
-2153	15695
5085	15245
12256	-6463
14361	5654
3807	-3143
18607	16288
1029	3044
-9480	-1004
-14256	17419
109	-3672
3619	17967
2660	423
-7482	-8262
-2932	941
15474	-6175
-16418	-5371
6491	3506
11796	5014
10164	4360
-325	7481
-206	15411
5220	4772
9848	-2644
-8003	5119
110	-7758
15894	4957
-3641	-15796
-3752	18294
15329	11032
6878	1421
-4928	-3307
12766	-2907
12627	-1730
8680	2242
6401	-19926
4680	-5520
-5054	-9324
-3960	-16656
3590	-3144
-2827	-17757
15464	1862
-4489	5542
-9301	-15392
-7733	1841
-274	-1095
13649	5057
1485	13857
1069	-9226
3175	14314
2579	15289
754	-10493
-6636	-3669
-13708	-6351
5233	-13887
4894	-3254
11284	-6407
6385	12057
8897	4097
-1757	2892
-17534	-16409
-7165	852
-5729	12978
-6161	9583
-14299	-10894
2574	23723
21145	7316
-8008	-8636
2288	-10886
-14263	10404
10438	-6090
-4733	-11353
6096	-5052
2942	-8291
-7008	7510
-2974	1191
2498	-9356
1195	-2240
3053	5912
118	8619
5466	6010
8913	6443
-345	2387
-837	20196
3078	-5704
-11500	-18395
9040	12187
11610	-6325
-13790	6477
-5548	-6759
-229	10860
-10913	-4452
-1696	-12809
9729	16795
-574	33724
785	4773
2180	-864
3298	-2109
6479	15106
-12709	-10576
11288	-10241
8624	-4415
6629	181
5405	845
-6276	-11699
2288	986
3866	1699
1932	-6
-6673	363
-1212	-12218
-17830	-19130
479	875
-13287	628
-14211	-10909
3027	14380
-17932	-13319
5451	-2405
-10214	5480
-7936	6393
4911	12788
-2934	8465
-9889	2912
-6948	4916
10755	4498
-4059	18284
18001	-7588
-3079	15802
1904	13746
4200	-2079
7451	12234
-5154	-3604
-8013	-15151
13730	-36
-9947	1491
20382	-1624
-2648	-7777
-2711	-1154
-7007	-15860
-1053	9440
2241	5334
1757	18557
-4251	17658
4039	-8833
14224	10464
15294	11107
10761	6815
6273	1535
5130	-334
669	1855
-1560	-7424
7309	1980
-8454	-18992
-3401	-10281
1168	15549
17797	7894
9909	-8818
19879	3641
8190	5458
-2252	-9197
5006	-319
-2349	21034
1587	9433
1970	16017
4757	-242
-2707	-2187
1423	6685
13081	-2113
-18787	-8867
12996	10938
-17187	10921
312	6152
-8457	-2068
8682	12289
-10406	-10873
14396	-10381
-27731	-14969
-6592	2298
6440	11635
8538	-25028
-961	-2335
-4940	-23656
-542	-8917
6942	-3347
-11258	-10127
-3270	9507
1240	-29
-2043	-1243
-8816	-17537
-11244	6414
-3025	-20397
-2555	1820
-6762	-10563
-135	-6542
11274	3318
-5353	-1417
6512	5041
14323	-8642
11169	14631
-2417	-2037
-954	-5480
11582	-6959
-4044	-17365
-7499	7921
-2906	-2921
2531	-4708
444	3257
593	-2892
-1220	-18125
6302	-1627
-13975	-19517
-5420	3578
6261	-7403
-6073	-5531
-12336	1236
-28605	-350
11866	12178
25791	4773
3806	13856
8289	7315
-842	-3065
-17247	-10706
4777	2420
-5346	3801
4981	6470
12766	-6808
-3335	-17449
-11642	-3876
7716	-7283
2953	-2789
2965	7216
8708	-4973
7418	1209
4683	2093
718	-9475
485	15128
1136	24027
2763	7565
-7434	1499
-4467	69
-2213	-6604
5208	9138
2744	15846
9988	-3648
-15244	-4721
-7685	2889
6118	-565
11513	14358
10983	4924
-2915	-1310
20546	6564
-5575	-17274
-2788	-6362
-8498	-2410
1839	-10752
-5885	12046
13225	5828
10824	664
3663	-5557
-9229	-7656
3730	12449
-28174	7491
-27519	-6547
-9473	-1350
-1288	8244
1343	4467
-5570	-12698
222	-3213
-6720	-5153
1589	-2017
-12560	18453
14370	8382
16106	1046
3833	-14879
-1166	411
11388	11210
13325	24364
12062	-5448
3734	-8356
5998	-8980
7799	9850
-25218	-829
-1317	-8525
-13968	-15516
16305	8210
13445	-1784
-19205	5443
-15577	-11030
5612	2272
2637	6962
139	5477
2918	73
10643	6767
13605	4831
2734	-6455
6354	7696
386	-6035
4323	3618
-5647	1133
-2320	-14693
-34131	5695
5901	18869
-2843	-8476
3035	784
16254	6005
-11948	-3494
-17168	1687
17786	21229
4203	3442
18382	-1784
-2200	-347
-26464	-10017
1721	-3804
5592	519
-4545	-9943
-1097	1544
9931	-72
10747	1143
16296	-10229
-7419	-20767
11671	26142
4883	13662
-17782	-13031
-1774	5071
20246	12983
6933	-13194
2408	6371
6597	9030
1658	10464
7917	1163
13842	6457
-9847	4587
-13866	6853
-14792	-15544
-15780	-9095
-1378	8026
5731	-15020
-9002	-14375
9557	-7001
7673	18607
14516	-7311
13668	-2131
-24768	-23267
-5615	-10283
-8872	-3293
-7490	437
2872	2439
5401	-10558
-21091	-13121
13477	16366
7096	28439
11318	-9854
5574	10922
-1335	-11658
15517	440
-6455	-18278
-13789	675
9911	1164
-3277	-7345
-4007	-19802
1591	9036
-11718	-3140
-13860	10239
-4257	-8793
-8452	-12787
8009	4325
8014	546
8816	-10424
17333	-3754
-18699	9973
-15870	-2005
-10839	-4998
-11600	-8870
4408	-7791
-15685	6651
18968	8282
-2174	-10267
-5988	10441
6264	-3179
-17542	-7341
4625	6740
17946	518
9373	1078
8209	-4012
-7580	-18530
-2832	11564
-6006	-16842
-377	-3883
11217	-5275
13451	5085
4862	2178
-1967	12663
-3502	16364
-12128	951
-2749	-6101
-3721	-10677
-4695	8434
-16882	-13671
-3199	4409
-13228	-3867
4625	3582
-6061	5148
2064	-2775
-2480	4211
9663	-18936
2250	-169
6307	-5918
-6819	-2154
1714	3862
-14145	-6575
-1406	1759
-681	-5999
-5361	1645
-13557	-5414
3031	6708
3641	-13831
5609	-672
-4184	-12700
6028	-18242
-2350	12538
8096	-14780
-1759	5354
5476	16717
-17452	-17082
10184	-10551
-9567	-3655
8294	974
8991	707
11754	5161
11974	3217
9412	1347
-4377	-4041
7765	-5130
4193	-4052
15243	-10560
10089	3014
3660	-3535
2974	23581
-4608	4425
-4586	3052
5373	372
-9289	-8745
3827	-15857
-320	18585
-952	-1678
-9927	-9369
12311	-2162
-10537	-12083
-23920	-4054
7954	-14391
9865	5121
2409	-1577
8876	4483
13467	14222
1492	-223
-2074	632
7326	231
-4986	-2460
-5124	-20446
-27405	-706
9993	2602
-345	-13953
2864	5796
-9314	-2055
15036	14282
2053	11871
13727	-5658
-2432	-69
-13601	1702
-7960	-3861
4257	8364
22404	-1600
-8440	-7175
8768	-2149
20931	1089
-10564	-24161
-5725	-2748
-8240	-11067
-11612	24194
4307	2292
-11317	-14582
-2790	-4826
7996	-13878
1501	9092
5767	-12465
-8667	7899
-16909	13352
12	-28
-12342	4590
-2285	-18712
16685	14587
-1275	-10654
1476	-906
20222	-1529
-2956	987
4714	-8389
10574	4565
-24377	-5597
-1343	-10684
-9299	5360
-3103	-5832
-6868	-7403
-13485	3655
11881	-3006
21845	9352
-13805	-13500
2702	-533
-4578	1438
5911	-1085
-21154	-4508
-15132	-5102
5781	16126
-472	-15525
-34282	-14594
-9648	13256
2502	-7387
-1718	-249
-5962	7366
-22103	-1378
14512	14256
-9613	24627
-6517	624
-12964	-16288
-1989	-4195
-3007	-10619
7627	-7304
-11199	-10880
5337	-3601
5189	5250
-7631	-7088
-5736	-11667
20686	7094
18687	253
-4418	-1373
-7859	-7159
-5248	-10505
14647	-1350
-3213	-13231
6528	-1404
7525	-2328
-2488	-4503
1292	-6763
-3650	-3458
-11180	-4400
-3723	-760
-10802	-20027
-3163	1461
-13534	1401
-2116	5916
2620	2574
-13679	6799
-18723	-9381
-6874	-8099
-999	15620
-493	-6730
-334	-6870
-8368	6228
10028	16203
-4985	-5219
-5489	-10889
-13673	-4512
10654	12287
18656	2625
-21	835
7512	3169
-9929	-9170
13026	6149
12768	-6561
-3410	14030
-9288	-13579
-17094	-19587
-6646	-7328
-14095	-9499
8609	-10924
223	-1898
-12974	-13690
3085	-359
2176	-10358
-1875	-1175
4914	-8206
-7121	2064
6336	1570
-4753	-7112
2873	-12322
-22004	-13027
-7734	-14116
1071	7495
-5977	-7552
-12260	9208
-12299	-6592
7030	11287
11579	5248
-7949	-5642
-2082	-6385
-2840	-14272
8978	11565
4440	2584
771	-9800
1234	-6659
-3903	6060
-1868	4360
-2550	-6926
-198	-14006
-5729	8454
-7178	-5294
-7980	-763
4963	1507
-8753	3473
1667	11529
4937	9665
-9681	3032
-797	-7428
-9322	-10622
-22640	-4851
1336	3592
-7939	-14817
11934	-7673
13606	4008
27925	2913
-22680	-133
-11799	-7914
-1862	-7297
-19033	3884
4088	3172
17932	14806
13239	-5748
-1189	4090
-10814	13946
17882	1308
9000	8914
-2463	-8129
18880	-10563
160	-8566
974	1771
-27419	3471
-3383	6896
-4706	-5246
8153	11002
-5745	-3001
-6156	6899
2451	8156
4197	-2795
-1692	-5986
-1606	-4671
1389	-2285
11457	8007
-3987	1248
5650	-2725
8033	72
-3711	-9534
13359	2848
-15008	2803
-1262	13138
10295	2087
4380	2873
22419	11010
-10265	-10060
7017	1652
-3382	14967
3826	12864
7964	22047
789	-8188
-2495	18534
-8290	-7466
-10493	-3998
12891	-8206
18688	-5889
10604	-13355
10176	-1270
18114	10233
3253	-10781
-6740	-14666
-8870	-8092
-25842	-17081
6184	1736
-7920	-5610
-21039	10993
4474	-2273
-6041	-648
-5588	9151
-6871	14053
11039	8259
-6145	1723
-13288	1206
-17684	508
-3426	-6168
16375	-5453
-7569	2310
433	18329
14532	6138
-9710	7797
-16651	-3993
4310	-2591
-538	-9806
9167	-6636
27252	-2010
-2125	-755
3594	7657
-5225	19054
-6842	-2732
2395	10738
414	17362
-63	1048
-4263	7138
-19432	225
1219	-21834
13566	5159
11156	15411
8837	-2294
16775	8788
-33542	-20678
20825	6945
-4445	4509
16141	3914
678	18353
-15423	-6199
-21229	6404
-3305	2016
-3482	-9666
-4851	-8605
-1801	1312
-5696	-15144
-15828	-14703
6879	2903
-4040	7569
-1580	-2481
846	4169
-30028	-1531
1678	-6345
13474	-4072
17140	10601
12723	-4263
-2373	7250
5719	1294
13431	7082
-6101	8855
5061	-6093
-3835	-5300
-17288	-9982
-15474	4133
-19288	-23820
3473	2452
6771	4910
-857	2868
-24831	-814
5737	18214
-7807	14504
3252	12952
7471	26618
-7982	3102
-12076	13169
-98	-4603
-1161	-9461
-7790	3144
-6612	4827
459	-6875
1228	1631
-16995	-8870
-11234	-9984
-81	-3245
1375	-1576
-5965	4168
-10232	-4179
-7098	-4248
-7118	11113
-24967	-5184
-4993	5173
1310	-13136
-7995	-577
518	-4204
-18153	-4361
8981	12904
18370	10422
-11677	-16525
-17893	-12232
-8539	-20428
7364	-8402
-2598	3084
8195	-5784
-1228	15930
7688	14359
-16261	-10561
6799	6641
-6202	-91
-145	-4396
-865	-4284
-2229	5791
2518	1800
8370	20167
4889	-591
8232	670
11932	-4045
15771	-6214
2942	-26757
10020	-3644
-1332	4625
-4000	305
-14893	5742
20136	6711
18700	1568
3224	652
-8220	-3630
-3501	8015
-7631	-1669
18909	9476
-7437	5017
-141	924
18790	2870
-2459	-11775
10235	22643
-5436	-4579
-3301	1770
-17234	4994
11001	1848
-12997	-22718
-11494	-8619
-15917	-14496
-10474	3313
13310	2044
-15704	-6223
22520	7470
-3541	-9154
-6321	-2858
-1926	5603
247	-10048
-10868	9064
-1427	-7423
5929	8569
15830	12698
-8334	2776
-898	-9686
11887	14203
-424	-11643
-4293	-9619
1608	7723
12653	11816
-15325	-8861
16531	-4294
10246	-8525
14584	13765
17379	21558
-13	24347
-5792	-5814
-4005	-6874
3566	7420
1877	-8532
-11717	-1525
-4599	10942
-5411	8765
8316	-7939
-2123	2305
-4383	8007
8092	3102
10198	2263
-11678	-11254
-5056	18905
7253	4191
14639	-9565
321	-8366
-944	-19006
1080	8624
6967	-2503
-6670	-723
-6038	-6202
13238	5734
4323	-5506
-290	-4094
-16220	169
-12375	17246
-5800	10848
-7989	8884
15754	-9734
1737	-1988
12819	7084
-9823	-10955
10998	5539
-2650	-2226
17721	20478
2764	-4610
3373	-764
-61	9046
-412	17318
-8328	-14276
5958	-4243
8036	-7237
2425	13940
-5766	1018
4582	17947
-4894	2386
-9058	20144
2710	14038
-8764	-14328
19334	-4465
10821	11828
7858	-2404
15580	-4313
-20158	-20129
1780	3072
-1318	11276
-11260	6779
9456	-11820
938	-7589
-358	7581
5109	846
7356	-4638
-9433	-13866
3870	14228
-3941	-3344
-8346	-9063
1450	351
1986	3037
2785	5578
-4268	-2426
-7476	10224
-11594	-2010
9710	10557
-12456	-7623
-7812	-9672
1159	3243
-22206	-9938
7888	12864
-6461	-6750
10152	7698
-10298	-4066
-788	8415
-2807	7479
-16264	-23795
16025	16723
-8602	-4414
14429	-3601
-2281	-4329
12606	17354
-3226	6119
6569	7496
14716	-8997
-7672	10331
12516	8945
-287	-6309
-2597	-12787
-243	2721
-4005	-13482
2307	-86
-8822	19942
-13329	4734
3267	-14106
6961	-1502
13351	-10721
2098	-19141
20195	724
-4438	-3854
-15281	-11195
10764	5587
-5724	-4629
6180	9642
-13896	-12161
11866	-8173
7033	16895
-6213	-4935
-6987	-3149
-5737	-2044
17743	-2878
-19534	-6399
-14023	-1598
7820	2725
1047	-11037
3141	-6957
7449	8509
2637	3243
6294	-738
8176	-4377
5327	1717
14149	12029
4165	11515
3682	2552
-7401	-2920
-2482	10260
-2853	-99
-943	1711
-10254	670
-11491	2430
20338	3151
-20448	-13436
7169	9273
8369	268
-18355	10482
853	-8620
4949	-11196
5912	1565
-465	-7830
7630	15575
-2589	-1108
-5892	-9954
-4725	-13853
3866	-209
-3881	3278
10192	-7239
-8344	1845
-21	18580
452	-9462
-10596	8414
2190	-3931
9704	-5676
-11007	6210
-5892	-12636
14730	23571
-6410	7509
-1898	-12854
-23505	3627
-29538	-8853
-10849	-8483
6977	-963
3765	18853
13411	6243
5288	7173
5783	7060
13141	3303
-132	-2507
-6123	-2222
-318	-15041
-423	-10582
6283	-5353
-5347	-1787
-10075	25154
-10065	-1867
2413	9967
21517	1050
-11471	17332
-4401	-887
6765	-5210
-2947	-5102
7744	1930
958	-20298
-23236	16001
13384	6735
5891	-123
3962	-648
9487	-11506
8089	156
2222	-16539
2266	4069
9181	8434
2244	14205
151	-6022
-243	9337
-12576	-7203
-7681	844
9292	12026
-8304	-5927
-10232	-16852
-5705	7073
-9255	-1867
13995	-2995
-207	13298
7795	1392
2568	-5040
-7574	-10427
547	6305
-3916	-2186
6533	2489
1796	-128
5448	3587
17818	-13518
737	-9075
3434	-15862
12061	-3338
-6352	4730
-7074	5598
9990	9492
1548	5075
4041	6969
11786	3181
-2283	-4579
-7296	-82
-242	-3930
-786	20074
8242	-17125
3827	19440
-8015	-20841
-10817	7752
-7013	-7629
-8567	-2974
15105	-5472
3215	13221
4341	-5137
6125	2000
23037	-8479
-3426	-5403
10304	3605
-10089	10135
-1360	4300
-1	-13215
-6784	4318
11517	5309
8454	8559
9253	2534
-11980	-18550
-3734	-14096
-10608	-2515
-12225	-6858
6973	-5340
605	-13488
-8454	17
-5989	-3546
-16101	-330
-3658	-6491
-8973	-14312
-4356	-7517
12219	-5264
-3479	13596
-4559	7086
1451	8469
-1949	-8767
-865	17606
6375	26795
4747	8358
-3517	1653
11574	-8739
-19341	-11151
2738	-8227
-5622	-14671
-25613	8246
2457	-3857
-12033	-5208
3979	5627
-2214	-3483
-4857	-2343
5355	962
4819	13256
-1665	10823
10995	1239
-624	-16529
4674	-4168
-8369	2681
6097	-3733
-2657	1687
11857	22355
11220	-7405
-6370	1365
22646	20926
5495	-1242
4493	2462
15978	2442
13576	4076
-17601	18903
-5365	23389
10201	4863
-9809	455
-14707	-23059
-15588	-18277
21415	5141
6418	-9044
-11613	-23449
1777	4474
23753	13589
-2915	-893
-7352	-10890
-18786	-17536
21860	21475
-7444	2601
-17252	-5560
-3786	8880
-5762	13851
-7690	-9608
-684	-3402
-15150	-18997
-4511	-6237
-2732	-10172
11022	524
-12246	-3264
-20093	-8695
-2489	-321
7252	1277
5129	-96
-6068	9021
9042	22995
4734	3520
197	-511
3741	3814
-13665	7533
-4276	-2996
-2455	-7754
-7440	1887
3959	7724
4157	-10833
-596	13002
10493	5669
-4204	-2166
-5495	7653
-801	-4654
5425	-6805
23309	15659
767	-1444
-660	-4104
-499	23643
13566	4221
-16473	-8364
-2458	3895
2644	-581
-7088	-5061
5165	12224
-4302	-272
10575	2373
-11406	5978
7533	-207
5755	7663
2409	-12493
18156	14278
4846	249
17284	6732
13137	3728
-1991	686
13846	1298
-9339	2950
-29519	-10873
-4340	6266
4320	14144
-2671	6266
-7976	7575
-6903	12687
13022	1849
12878	-1106
-1019	-15918
-5217	9497
-2863	-15141
1935	-13367
-6100	-7786
5370	-11670
-2802	7857
7716	2915
-326	8025
18767	-11778
8341	9331
9749	4733
4492	2377
-16915	-9515
-500	9515
-7009	-14385
-12984	-10434
9858	8847
-11518	-7103
5449	6389
12908	11153
-16175	-13403
918	-7304
-2350	3025
-11573	12827
22349	1742
-26844	-1115
3862	-3815
-871	-1562
-12068	-9041
-980	8112
-1901	15718
-8020	5671
4202	120
-5592	-3253
-193	-5021
1184	-2587
-7047	6876
22465	-10921
11701	-5936
1192	6037
-1943	-512
-7163	7982
19042	4274
-22766	-4344
-5770	-9965
13446	-3848
2672	-10719
-12596	-9581
-9969	-7744
-6546	20765
-5705	3449
-15380	-4201
-2059	9278
9268	5848
7643	-10707
-16495	1510
690	5872
3045	2779
-3134	10016
17498	7659
-1861	-4134
342	-732
-2163	-899
-9788	3990
-22487	2098
-15821	3968
-13184	-16889
-4031	4506
-1726	2642
-576	-4000
168	-9657
11452	3566
2281	18275
-4106	-7888
12502	5866
-33923	-6611
2391	3407
-640	-9531
686	-13746
3551	1155
-19808	-6334
6909	2893
-629	3193
-3800	-5771
-9300	2489
6823	13311
-4747	13905
6935	-3957
9854	-4742
12928	-3035
13780	-8432
-14217	-844
-4181	5279
6730	-18391
13915	-2368
1077	13892
7975	-2270
6957	15109
-3007	-5792
-3908	-12831
-1906	-8311
-6063	1108
17225	4826
791	6565
-16670	-1999
4464	22657
11930	5156
85	16122
-7739	-21583
-16747	4034
1302	-4731
-9605	-9584
312	8914
1955	7228
12567	-8519
-8938	-11910
-7772	837
-1412	-8616
6292	2159
20043	5990
-13560	-14783
17929	-3779
15540	-14532
-354	-18222
-952	9155
-215	9658
3768	-1370
11078	-7531
-8253	32
-6681	14709
2482	-513
-234	-15075
-2394	-10455
6354	-2709
-3715	1133
3497	6739
2771	5162
-3447	-9478
7111	-4455
6760	5547
1084	7228
-22774	-24954
-6454	-10471
2284	-10554
50	-11699
13850	8903
7613	6549
13283	20111
-1459	5036
-5067	6909
-1148	4129
2642	1400
-1410	1029
-7113	-12467
-977	-4512
-8269	-2511
-8486	3674
-5415	3785
-8079	-278
16011	-10659
-7019	-5090
-625	-4315
9367	-346
14075	-4558
-9207	-423
-11493	-6557
-18528	-4629
-3157	14953
-5235	-7443
-6930	-4990
-5821	-22084
23	11020
-5786	10035
11017	-7227
3846	4886
-7254	-26461
8867	-11863
748	-8297
-20032	-2528
17289	-8772
-4385	6783
3310	-7341
14536	754
16873	-2916
4541	6843
14151	433
-10067	8692
-843	11039
16211	-17173
11181	3344
7089	-5916
-7178	-5306
-26352	-24358
-3663	-12365
5363	-7191
20282	1910
13440	5537
3115	-6923
10609	2459
-11167	2721
-3110	-10643
-5225	12
-22405	2826
-6409	-7479
-6147	1465
-5475	3136
1071	-11162
-9284	-5714
-2378	11132
-3967	6321
-3543	-8867
-5022	-9724
1610	2396
-2692	-8060
-1675	12570
-3927	12921
8578	4233
-10671	-1538
-5159	-1096
-3954	-3390
-7765	6776
-5283	-404
-20402	-6447
-8537	14274
4688	5590
261	-13856
-554	2302
-5516	-2311
488	5854
4954	439
22047	22077
-9264	-6876
3846	-5991
-8804	11723
-14386	9523
853	13679
17615	-2852
-8737	-12812
-9925	-1915
14756	2152
5284	-10025
-5362	-3529
2646	-335
-22658	-4243
-19762	-1886
-20726	-17639
5775	3409
887	9
-13612	2021
11113	7280
-22379	-6155
-3203	-5513
9604	-780
14981	-4602
-7494	-6151
-21469	-7143
6328	11105
4344	2144
-10251	-4596
-1178	-3795
17570	6099
-7484	15664
20815	29545
2635	-3403
13186	348
6310	-4115
7547	27765
10736	9659
3925	4881
-1031	10529
-5824	-8620
-687	7502
13388	-289
6406	5583
-15493	-16762
-5680	-20668
2125	4965
-1661	-4770
-2074	-1262
6968	5913
8198	10429
23305	5570
3354	12244
21908	19731
2223	4252
-16	5189
-514	-6412
20600	5716
3769	21865
-16345	10483
-1371	4717
11001	17248
4102	-5555
-705	-302
-10604	7079
-2799	-22635
18010	748
16750	12622
-5852	-6223
1832	8012
10502	865
-6024	10234
4645	18135
-11714	-12418
-4259	14473
7205	8710
4786	-5808
-4904	-1343
11965	627
-14186	-11532
-8428	-17944
-6175	4062
-216	7946
-7447	4894
1482	13111
1187	-3099
4225	-8031
-5350	-2599
-1200	-4228
414	-62
-15011	-10365
-189	7294
10719	7064
6631	-1127
5343	-628
4959	240
-4661	-18211
-1909	-3058
8715	15776
3997	13284
1552	15352
15737	-203
7561	13168
11326	26242
-6873	7938
7316	700
7865	9456
7693	11586
11970	1556
-740	-8467
4432	-4758
7808	-8421
-2367	-6608
-8703	-339
9500	6653
3461	-14373
4740	5347
-579	-16312
847	4933
-15021	5665
-5959	-5827
1356	92
-782	-2178
-11980	16978
-7213	-19279
5832	-9122
9930	-14651
-8307	-3316
-673	-6753
-14315	-21761
-902	7339
-16699	5254
-5497	-3427
4720	7427
4183	-8146
10249	8047
-2978	16970
-955	-18945
-11475	-6278
-7829	-4850
10247	12548
8666	-348
-8536	9684
8649	8562
-12509	10982
-10326	-1882
-2246	1856
-25519	-5267
12317	2192
18058	897
-12556	-9919
5339	5222
2399	-14206
-11250	-12298
-1024	9382
156	6432
5229	-5303
-3732	7659
498	-6113
-14418	-14174
-6545	-1384
-983	8647
-528	4019
-10094	-5455
5879	11510
9251	22717
993	4057
-6399	-10581
-31956	-587
-5077	8888
1190	-6990
-5722	405
65	-16031
9522	-5748
-31420	-13588
-275	6559
2730	8382
7064	15911
-2979	16358
12919	16492
12258	1378
19390	11707
-5019	-15710
-4212	-4622
6693	24997
-11308	20255
7317	-7182
-2093	-14351
18699	11892
-7113	-1655
-722	-9515
1665	7782
10074	9519
-18618	1147
-4339	-8119
-2812	-10454
-4034	-6659
-3721	32155
-2254	-6669
463	8709
-2480	11580
-1710	-7808
-9058	-9281
224	-10957
9518	-14592
-8415	43567
-17381	-3037
1332	17207
14455	-1099
6423	9860
11955	-2791
-3077	2757
9976	-14769
-20497	-7813
11034	14722
1818	-3532
-18073	-8911
-261	9676
8822	3238
18096	1128
-8123	16507
8904	-1567
8288	28947
6599	-14849
3896	3007
3201	14520
242	10640
1792	-1481
8459	-2198
8343	8226
-6050	10966
-2630	-5332
-85	376
6945	-568
-4985	718
-9207	-24557
-9773	615
3348	-10719
3181	-3818
-658	4478
12044	1447
-3693	1679
11269	7879
-277	10933
7979	-11180
-4816	-20018
15773	-13126
7460	10952
19549	-8571
1559	10315
1079	13510
-2988	22494
4023	6286
9927	4465
-4174	5637
3870	6631
5412	5784
409	14099
-10011	13734
-14416	6441
210	-2539
472	2477
4106	2968
2228	8528
1790	-544
-1023	5763
-24340	-12316
-8705	7045
14999	-15140
-4813	15676
8382	9094
-36732	4103
17229	15858
16782	-3026
-4065	3309
4427	2045
-7416	-19238
-2157	-10967
-12375	-11462
-7077	14143
-1513	2839
2826	-7232
6101	-2906
10705	-6587
3427	-3378
3975	-6966
-5425	16922
-2304	-5988
-11243	-456
9094	3652
-6421	-8250
-1523	-5451
1639	-4571
1502	10164
-189	-13780
-12852	-1728
1009	4980
-3007	-4949
-35287	717
-15414	-10573
5109	3494
6243	-12960
13272	-18616
-1589	-4087
-6440	-10794
-16210	-14495
-9026	-7852
-4075	1182
14455	8630
-5459	-10680
11784	-54
892	2919
2791	-11237
-8204	8841
-10703	-4539
-5887	-19
-17148	1564
7403	4390
15156	6430
6933	-1815
-333	5835
7273	4232
4196	-14997
8939	4899
-5882	-20248
-9244	-7427
-9324	13837
-1505	-11055
-2860	-16993
19146	13232
-7380	7208
-3782	-6212
7479	8501
2472	-2241
-17129	-12506
-4646	14180
4972	-6652
-15711	27038
2265	18256
10649	16783
-5634	4783
4201	-2994
3998	-11896
9614	12806
4436	2832
479	-1233
-3155	-6480
-10134	-5799
-10580	-9859
20821	-4808
-24731	-5220
-25735	-13080
8137	18690
8309	-8284
345	-8134
19006	12032
-6227	12237
1373	3732
4353	16227
1059	6700
857	6836
-5361	-16807
-2270	8899
-6698	-9562
2527	-19570
6209	-2261
11540	3180
-6792	-14282
-3756	2494
11340	9247
-7181	-1082
451	-14359
5382	-1121
-7177	-13031
-4214	12803
481	9728
-5954	-21807
-12720	-1319
633	8209
2709	6017
-4606	3243
13682	-11497
-11290	-17485
-12602	13
-10895	-7504
1311	2647
-4897	-1106
5635	8331
4373	7379
-637	14600
-6166	8244
-101	11369
-6391	-8625
4903	9388
-1377	5561
5213	3121
6118	3903
-18008	12035
-7847	-7935
2369	-9645
10204	12873
992	5990
1160	-18168
15689	5923
7160	2765
-8492	2249
-12382	5481
-8333	-2952
-28892	1221
801	-7890
-15746	-3155
-8206	-800
3588	-7162
-8312	-9181
1804	-13899
7296	14273
-1497	8773
23734	2711
13604	2860
54	-9501
-134	6631
12531	759
16959	3814
-3073	-5113
6472	-12791
5094	-4223
-1240	2029
7766	-3977
-1273	-2473
-18978	-21719
2847	-4807
7760	-1172
9688	-1047
-12411	-8967
8061	1895
-11780	-7465
-5363	7612
14217	5385
-2546	-587
8409	16915
6240	1415
-1259	-1135
12601	-2147
-112	15349
11855	3705
-1422	-11164
249	-13266
5346	-1987
10596	7571
-4558	-8184
1917	-1326
-4552	-2675
12981	11004
-4867	7871
5850	-23054
22063	4876
-5775	-21592
-6884	4768
-1640	-3307
4964	-17303
-5679	-863
1162	-639
17698	-10033
13431	-4932
4536	-6423
-2429	-464
7892	2378
18165	28820
-5793	-4472
-5209	-3597
5145	13546
-2034	-23227
-3767	-7849
2504	15559
2491	-8320
4539	24912
-7294	-14954
5380	2456
7286	-2546
2926	2025
-3688	19937
7494	2048
391	-8216
15269	-9170
3767	-7376
-5024	-8467
3542	-5207
11527	-210
-5793	-16430
-25612	-13006
-3205	907
-8091	-328
1136	11456
-16458	-1574
-6954	-1819
-1026	-8336
8655	-7881
-2423	4559
-5521	-5609
-5418	-3103
-10492	-5195
6272	-12303
1583	-9002
-1009	-1467
-6783	-9022
-17472	-16666
-9468	852
1400	-9706
-6883	-814
-8144	435
19108	30004
5478	11934
12430	-1169
-4924	1800
5130	-3986
12130	19792
20597	-2284
20853	-9420
-3747	-6804
9209	4568
-1683	8911
-14050	13070
-1655	5538
974	-15547
-20830	8055
-811	13708
6876	-7398
15905	8245
-2167	11900
-3953	-20606
-467	-4050
-5749	-3274
-19866	-19003
7706	-16425
-4214	-8967
-5116	15784
-12322	-5846
-5419	-4410
21180	-4750
14670	-4141
6822	-1304
-18963	-18462
-16170	-5898
224	-2841
4732	7875
-14600	-17413
-6785	-10231
6857	12669
-8551	-17461
-14241	1750
15102	-7884
11759	894
11331	3640
-11388	903
-9471	9634
3917	-4772
19225	23943
-12908	-4016
4086	8456
2122	10648
-5913	10607
-13037	-1339
3365	2481
7050	-572
-15120	-7394
7880	-3277
14972	5872
-1439	541
-7774	1523
9502	8560
-2495	-20907
-11722	-26
9641	-7141
-1905	7272
15271	16433
12435	6794
-673	10093
-15111	-11143
14029	2100
-9254	21238
8624	1738
-4718	-2245
-6497	12862
-11148	8182
5937	-7334
604	6209
-5949	5137
12809	7712
4591	5088
9457	3785
8420	-1416
-1491	390
-13335	-13346
-29754	10552
2677	-9019
-6512	-6735
-3784	-4189
9165	3874
-14313	-3724
1024	16723
-7853	8803
1709	13210
9686	-5424
11980	19317
-8275	-16980
-11015	4908
6748	-6006
-10834	2910
-1656	3435
12565	-4343
8912	-8558
-1137	15039
12206	-14685
5855	3219
-2607	1216
425	19630
74	-7545
-25158	-1771
2955	6214
-10556	-10497
-23838	-27483
-5742	8855
2129	12779
6292	3768
4112	-1766
-16794	-1694
8365	11147
7932	17081
-2569	354
-6036	-21184
-166	13571
-5151	3504
-12656	-4336
-1712	-4791
-5154	5672
3994	25510
4536	-4475
-8352	-781
17095	6269
897	14794
5660	3294
19029	8255
4640	-9925
13184	17096
-2816	-6052
17471	2207
3404	29865
-10058	-586
10387	20084
17818	11721
-5104	-15868
6828	3343
23806	21765
2124	-4915
5327	5011
8803	-6951
780	-1768
-21051	17242
15300	-2580
-14431	6044
-20464	-16865
-6033	8894
3034	-2201
104	-9495
-1582	-8385
16149	26104
7054	-2190
8251	-2688
4205	-9796
-3528	-2072
-7328	3969
-3567	14745
-13313	3154
9178	-10697
-227	-1302
1698	-476
11431	-20480
-4519	-14177
13027	-6490
727	-12805
-11618	-8104
9485	10835
-5407	-12287
10302	9086
-6580	4347
-5565	6045
22524	16493
11261	8936
-4701	-5920
3947	17096
-9464	-10684
1680	228
7197	-5082
-31474	-16333
679	-5030
-16809	-19230
-9028	-795
15665	-8582
26	769
-464	18103
4904	-1056
-24204	1409
7615	-642
9557	-6208
1173	-12702
-258	2218
-9108	2885
-5430	16248
-13858	-16888
10423	244
-1347	2758
-484	-462
1098	-9704
-5043	-6583
-7207	-6121
-2986	7922
-6292	15710
7793	-11859
4128	6647
1545	-5648
13602	2450
10317	7672
-2065	-8303
-3966	10947
-23086	-16741
14930	19484
-11809	-14927
8168	-4817
7259	7849
6481	13759
2937	-3693
-5536	2368
-8618	-22213
5987	-3499
4449	16636
-7484	-14929
6770	8459
-1976	14873
-916	-7921
-15547	-15592
-10500	-14969
5313	17045
4538	-23368
8603	28781
-5301	24906
-9516	-15896
3306	3841
5769	9055
-6217	990
-1211	1101
3549	-1476
-13582	-8625
-16058	-1835
15928	6986
-9914	21884
-20219	-10321
-25472	-10807
-16316	8889
-12869	-17263
8018	106
6313	-10082
6990	4932
-3393	10087
5753	-5708
11944	-7631
-7939	-17691
4207	596
1787	425
-10642	-11451
-9859	7656
-5739	7861
17671	11098
2066	19346
819	3340
4375	1003
-716	-19840
-5098	9068
7630	-10296
-5709	12120
14861	8489
-2597	2328
-3069	13963
3866	-540
-7793	-10896
14118	7719
4993	-6330
-1700	-11003
-1304	-14098
-562	-4203
-12513	-12079
-6464	1326
-4128	-2721
11937	10794
1855	-5722
-6290	-10622
-17782	-7064
-9145	-5625
-9117	2451
9806	-12114
-13452	5004
-1164	-8561
17617	-7715
-710	-16054
-21613	-12310
2964	-7678
9805	825
-8359	-8323
-8435	-13884
-18096	-3418
9540	-4084
14179	-5803
-8057	-17444
11058	10
6254	-15062
-17342	-4900
8594	250
-13560	7541
-28332	12465
2174	-6617
-2122	-4142
-3535	1342
5886	-14789
328	5853
-4149	-2712
16419	13332
-6601	6173
3609	10575
-1947	30953
-8336	795
-3086	-6185
2260	-19350
-12696	1766
4885	5037
-4992	8341
-1095	-10267
14050	8752
22422	14069
-7137	3876
5507	-5243
6215	-10489
1451	12013
4883	8886
4558	62
-12967	12396
8286	13738
-671	1953
-11926	11792
8282	898
21221	2075
8947	-8014
7336	5900
5492	12545
8226	306
1659	1269
-12089	-2129
-4821	946
-14034	4294
11359	-3173
-18735	2728
2282	-1654
-5661	782
-2830	-8125
-5579	-3559
3097	10222
-1455	-3526
-11962	-4666
5660	2800
-1723	-14852
5064	6204
3272	-8914
16423	-2508
1545	-630
-5847	3746
-2518	13362
5330	-13811
-10402	-8158
-1524	-135
13815	20463
-18841	-12810
948	-16930
-4256	5671
-15066	-3523
-843	-6936
2551	-9966
12724	12552
4232	-5562
-2723	-7191
-17482	-20038
15934	6505
-2533	-9301
8731	19257
-10378	-23139
-1009	17022
-7518	23078
1427	-17654
4081	-486
13353	2061
-5879	-1756
-8915	-11254
5467	-7358
-16548	-8391
-502	7048
-7266	-5979
-8680	-4454
4146	-4206
13807	-1872
11229	-4793
7728	-655
14998	-10129
-10074	7891
9823	13044
13017	11322
-432	-12846
-5628	-17696
-5289	1809
3312	-12995
-760	-16531
8828	-8081
3974	18372
19672	10988
-3632	-7056
-7061	1311
18485	21327
-9984	10538
-5666	-9693
20225	13852
-8708	-8338
10343	7690
3300	-10985
-8515	-18670
9033	8005
8762	13838
15846	-3653
-19118	-1869
-248	-20115
3840	-12887
2972	1075
2791	-7995
-3889	12568
17804	-3148
-2634	8862
-752	-4207
-7602	1389
-18016	-7410
2467	3682
18994	12095
-3860	-10455
12358	4171
7796	8092
3292	5321
-14532	-6316
9264	-1697
9851	-10328
7695	-10294
5049	11635
13127	6580
12223	12709
3908	-3053
3104	-6132
15797	-807
5989	-2432
6782	13208
-18470	-17514
-5324	19829
-6061	21858
-5118	19560
5235	-7443
3392	5124
9257	9193
-557	-23057
-4120	-860
8951	14756
8379	-4865
-11105	-5848
-11693	-18067
-864	5167
-27	8885
-9747	-611
11024	-2176
12623	9411
4472	8485
-8443	1113
-7564	-9807
8873	9232
-13771	-5487
6574	2465
-1345	-8616
-9861	7369
-11418	-6119
15578	33858
-9671	-3862
3415	-7911
6868	2719
7057	12671
14599	6869
-14582	761
1446	4917
-13712	-16634
4370	20288
-2009	-4283
4173	-14425
-4949	-9634
-1946	-10393
2943	-3935
-2177	-7170
-6468	6735
33	-4077
6324	-6191
-11599	175
378	-5581
-6250	-8576
-9716	-13064
-3047	14401
-10502	-9725
-9168	-3561
2701	-2500
-773	6036
1715	-10885
-2057	-15884
9340	-5786
-7919	-12840
4301	9492
14296	8676
-8600	-9127
6149	2596
-8753	3796
-18061	-9908
-1795	5225
12771	-12411
-5127	17512
6695	-9422
-579	10795
-3354	7790
-2785	-3680
-12513	-6403
3334	-5703
1005	-4507
18662	16041
3309	9656
9234	-13776
-5337	-13932
9676	-29064
-17938	-20173
5414	15055
8781	15184
6376	-976
-8174	-341
15191	11647
8505	-6272
-5907	18904
-10065	-9168
-9377	-8394
-6318	-1832
2430	10860
-10384	-8977
7807	7858
12650	-738
-9943	7725
-2031	11671
-3541	-5360
-912	21783
10976	17906
-1891	-8032
6705	-11082
4434	12209
12507	17902
-4601	-18304
-7474	-6936
3553	12327
-13667	20851
-1418	-6281
-606	3916
-10295	-7995
-4215	-1814
7416	-5542
1508	1520
12338	16493
-11657	-5713
11513	960
-4817	-4122
-12096	-6517
-3054	-14724
-15676	-8269
15317	10371
3848	2839
-17709	-10251
-5038	23130
15920	13600
1536	-9543
6471	7052
-2984	-1769
7961	10156
21851	-6789
-2363	-1649
1643	-15343
-5705	2958
-3288	2535
-3809	-4030
-6030	10231
6899	7310
2128	-3046
-16996	-8871
-5096	949
11490	-8984
9984	-9002
-1780	-501
-12814	3078
-4366	-8627
837	4607
9320	11206
-5176	-6865
-1178	-399
3243	16413
-17449	-14676
-3064	18656
-3381	20927
-1854	-3506
-11923	1313
11493	-8267
1794	5548
6898	4733
-1049	9748
4106	-10300
-6084	14503
11599	27818
10574	5779
9167	10931
6795	17698
2690	10513
11233	-10101
2554	6893
-826	2125
-6336	-279
-2738	-1077
-18761	-1986
-9157	11038
11056	9156
21681	-6249
-3899	3172
17786	-1787
12096	2448
1219	-4745
-10622	14121
2216	-14147
8821	29609
480	2405
3593	-2428
16192	15850
-55	5905
-1055	8463
420	870
-5807	15892
-7249	-5185
1439	3892
-1521	-3776
6137	13248
12202	16262
-10422	-11659
-22634	-3383
18011	7566
-7857	-67
-3709	-6539
10406	4081
7787	-14404
8871	17401
924	5254
-6549	-1423
1105	-6758
-1364	-10711
-7944	722
-8233	7875
-4815	-8693
21390	4479
-17430	1364
-1201	-3368
7335	8051
-6563	4277
-5610	-5644
11482	14494
5151	-5091
10074	4028
16001	12285
-5980	11005
4363	419
6168	-7057
-5425	10492
-11544	6715
-4865	4049
-4976	2782
551	-9451
-4694	-297
-2331	-13786
9351	-13465
-5294	-15048
-10877	-18642
-10485	4774
9478	-5295
-86	14448
12584	580
-10150	5014
16540	5218
4637	-13091
-12215	-3847
-19852	1260
-11370	-3830
-2818	5972
2154	1333
-1545	317
10337	18261
15136	-5756
-8246	16121
2618	14037
-8840	3366
-16672	-1099
-3302	8535
-2844	4832
4456	7936
3614	-12095
-5985	21746
-13549	-3069
-1782	1475
20084	12549
7694	-13863
1752	-1804
-4056	2349
-15673	-2371
2519	850
-1271	18158
-14179	-16269
6832	-5164
10949	-4455
-14351	-3012
-2899	24077
-24328	-25967
-14211	3669
21083	25532
6012	-6888
-13739	-2023
701	5560
-10957	-19181
-7978	-569
-2734	3426
7813	2588
18676	-5544
-13325	-9580
-852	-3135
10127	2702
5919	3922
-3667	4331
-7796	-17800
7472	-14264
-2588	10576
-712	3762
-5922	-10954
1315	-1208
5283	-7143
4487	19601
2614	-10752
-379	-2213
-21899	1975
-1550	-11086
19367	5888
4619	3509
1643	-227
3330	12620
4190	-9758
-7836	8763
-9943	332
9753	-1760
-3191	-2561
4184	-1159
-8689	9777
7839	-18823
5435	-6856
977	-17722
434	-10797
666	-8019
5859	27168
11669	18367
-5197	-20333
-5372	3336
-1553	-10166
-23823	-3731
-10035	10181
-13792	-15416
21627	15323
8666	9333
-1096	7887
-5750	3378
7273	-1828
11618	-8291
16616	1806
-7823	-9558
3981	-1596
9416	-6679
-4825	-12791
-2654	-10558
14753	3013
29237	17681
-2029	14329
-6104	4416
-7513	-2186
772	11184
6296	-10987
-2636	2508
2272	-2066
4837	10134
-12259	-3652
13434	24344
-9559	-6134
475	-12843
-10512	4609
7434	-3324
4160	-25447
3147	-4471
-10684	-4560
19997	15604
7280	-14463
10991	2689
5080	-7739
2453	-10327
-813	6939
-4073	2616
12471	2072
14215	3168
3744	4360
-3403	-10315
-7663	-9795
3933	-496
1408	-15518
9597	51
12147	-24638
7337	11865
-18669	-6256
-2217	1728
2305	-3378
19	4172
-2722	-28701
-7121	-9127
4754	-162
-21766	-2432
14683	-3844
-4939	4977
-12969	-13706
5981	-12772
1436	156
-24098	-6082
-1880	7269
-5590	-14435
-10872	-3733
10861	-6848
-11334	-3927
-8718	-11185
6845	-2871
8994	15683
-1527	-1719
3323	-9907
-6462	6973
-14640	5157
5967	8918
10085	14286
7134	8061
4812	16385
-20300	-11527
-31381	-9827
13284	4569
-11775	-5885
-12212	75
-5109	5521
-36697	-34980
4253	5970
-12281	-18985
11	2065
4877	-1154
-9182	-4587
14521	2216
-7536	-10542
-16751	-34863
-6474	-4260
12713	-9226
6934	-435
4382	-1251
7925	-1771
590	-571
9224	2261
11566	13788
-1291	-7252
4795	2611
-2283	10375
-5807	11134
-10524	-7396
7834	-10350
-8484	5448
9446	-2610
10469	6940
14312	9561
-24178	-11653
19037	7702
10324	6545
3095	6186
-9659	-5140
-9637	-2088
-9073	-24120
-2574	-5070
-2241	13160
6800	8904
6375	11466
3517	11088
-4705	-823
13516	6501
-558	-4790
-1250	-45
23002	-1650
8558	18379
-4812	-11806
748	3113
4578	16856
-16051	-3251
-15030	-9929
5221	10769
-7783	-12582
-7528	-10194
-3260	-16230
-11709	789
9541	-7027
10683	17195
4264	395
-6398	-2749
7991	6506
5608	-8251
-3770	-8007
2317	-6204
6469	4139
-8581	-12239
7440	248
162	6181
-2115	8213
-13632	-16410
-5466	-18661
-24745	-3695
4876	24696
5237	-14867
-2802	-1869
-5590	-10285
5605	3594
3256	23955
-13853	-23414
-3800	-6024
13322	4049
7768	14602
-7538	1868
-6445	-11308
-5250	2722
11706	7282
8405	-4076
15451	3936
-6358	-2990
5981	21871
2892	-2086
-8908	-4248
-6211	-5498
-214	-8152
-11702	-12423
3149	-2841
-9665	3981
4582	1077
-12396	-1934
-1453	-10090
105	9333
-2930	10375
-23688	-2587
1659	-6073
11249	4951
1981	-8652
-6895	-7998
138	9765
8467	-1352
-2759	8197
-6512	-6825
7828	29296
2086	2312
-8272	-9733
4189	-3562
-10620	-9640
9875	-16903
7507	-12451
-13261	-533
9345	4253
8723	-6628
937	-13826
12860	-2359
9864	8520
-4034	-8164
-2053	-10019
-788	2133
9049	3141
5410	1592
-15674	4546
-16716	-13366
10802	12819
1617	-21802
2929	9554
-4802	-5974
9216	8662
17139	1204
-4956	21815
495	-3446
-13197	16542
-23098	-8301
4971	-1631
-22490	-16840
6022	7859
-2109	-10218
-668	329
-16252	-11911
-988	-992
-2540	-20029
-18113	-5862
24316	8022
16527	2917
18431	867
-10075	-259
-534	-6504
14677	8672
3013	11509
5142	17583
4350	-7947
-3952	7241
-9938	18317
-4150	-1996
13115	2354
-13393	-3247
-15132	-4390
187	-12333
2561	-5653
6976	15721
-8832	-31398
24265	941
-12649	-18579
-5357	-6121
-717	1465
2811	16583
3158	-6738
3560	-1201
8294	-17218
-3147	2651
4531	6235
8520	-4114
2155	-11090
22818	3297
23419	-20024
-5465	-1293
6144	11198
3279	11928
10579	2809
4042	-7176
3384	-3919
5771	-4692
-1809	1582
-3169	-5682
3047	-3674
5589	-8623
7987	-2636
-13905	-12149
-20510	10252
-6900	-1874
2840	-6151
3404	-6533
9698	671
4161	2103
6529	-8365
15015	981
-7634	2509
6090	13416
-8074	-2467
-6060	-5670
12523	11093
12776	1166
-9704	-9366
-15577	8795
9410	10560
3342	-9518
-4318	389
5373	5246
-8633	12008
-20489	-3247
10112	-12091
10279	1424
-4780	-4234
11811	7413
15091	21054
-13127	9417
694	10224
7895	-3129
4811	14996
3653	3045
-3735	-6422
13165	-9605
-258	-2028
6978	14821
-10449	-3875
15781	12707
-8422	-4523
3656	274
8121	-11504
4459	1480
8121	1453
10726	-3475
4519	-4697
-1411	9385
3500	19416
13091	7037
24882	-131
14480	8627
-1634	8165
-12088	-10966
-9802	-308
-21132	-8596
-15399	-15926
8092	1808
-6551	-667
10254	-7632
3074	4019
6189	7951
2704	17230
-8278	-5499
8768	-19640
-4466	3579
-5187	-4036
4311	3795
11541	-4676
-745	10134
1683	19880
-12279	-11941
11942	16128
-20800	1900
7656	-663
7334	17186
19524	-5989
-17443	-5630
-9240	-1362
824	10088
16396	5949
-15905	-21161
-7755	1096
-13740	-16407
14930	6724
-3980	-2212
-4819	7004
10519	9447
-7511	9458
24549	11892
-16172	-9081
-11566	-24360
-13143	-15789
-11618	11047
18360	10390
-20676	-4653
1709	3167
3385	-5040
5590	7765
-9108	7892
509	8699
-4916	5164
22643	23928
5889	2778
-5858	-16156
3085	-7758
1242	12130
20856	18320
-13598	-10479
5289	-12203
-6360	2488
-5811	-5180
-7023	-70
18869	281
13480	9025
6364	14132
3776	8606
7182	9340
16283	6383
-9901	20043
12213	10802
-21833	-13246
-27370	-33569
-2934	5621
19715	16904
7761	-11252
14895	2010
3102	-8603
-9124	-336
1051	14204
-2437	10402
834	-13406
8512	-13343
13896	4709
-1458	-1389
-4475	-19543
1983	-4529
-1300	-3338
2389	-7551
24736	4111
-4166	-562
14051	-2074
918	-17014
5215	-7031
-20552	13424
87	417
-1136	10583
24314	13682
-15754	-20573
1670	1363
3964	-4391
17671	12787
-7726	-7021
9782	2729
-11981	-11513
3039	17433
-7042	3716
-9007	2892
-7516	8532
8791	14980
-183	9717
4174	5050
-6665	-14392
17064	7386
6943	-8425
2362	12658
4941	533
-6121	-8961
-4192	11367
-3461	-14227
-8506	31388
577	-15142
6028	-6463
-17521	-10676
861	-8961
-1599	-7088
4648	-8501
10093	-8191
10419	-1195
-9083	-24385
6784	-2539
-7669	-5850
-8785	-1034
837	14814
-8794	1141
-2919	-5845
-13871	8121
5333	-14361
9024	8141
203	9344
-3832	-11846
12041	28209
3806	3988
-224	8908
-14842	-14554
-19457	-11258
14933	10912
-11534	3061
-8974	14478
-398	9519
8719	-5059
3329	1624
-11795	6433
9779	-2591
8604	3797
5288	-546
5323	10730
2720	9932
3732	5004
1564	-3282
-4441	-5007
-3901	-4569
7449	9130
-229	-7910
-1483	2787
10929	8842
8553	-12044
10786	25753
8297	-4666
-10537	-5170
9694	-7384
-23171	-951
-25764	-11961
-12845	2177
-10076	-1278
11696	426
-3543	-800
4366	6252
1773	-9203
11009	-7882
-26683	4571
-11149	-7569
-7942	-857
-2275	-20093
1193	-5934
-3037	-6970
9783	-759
-8980	-14379
-4728	7308
7060	7392
-12197	-2969
-1412	2963
2136	-21687
2855	-6122
-4754	7274
10465	-2192
-10767	2144
-2355	2532
12122	-1702
8110	6546
11050	-10566
-4608	-13069
13749	13411
-7072	21529
764	8785
719	10327
-11194	5712
-4941	-2558
-12030	-15632
-13622	-13656
-19891	3678
6829	3670
12682	12937
-7295	-20145
-15212	10876
-6853	-22312
3999	-8
-4926	9349
13893	14298
-12197	-6266
9484	-2145
14604	1234
15920	8747
16638	15403
5973	3813
-15315	-15435
-2516	2044
10593	18186
3581	1572
5138	-2148
-5851	-5624
-7163	24033
14617	1144
-12243	8032
-377	5556
-19032	15542
-8873	9807
-6357	-12606
-3169	22543
1649	-2029
-7426	-2158
2559	-5730
-1439	2657
18795	8982
7883	6232
2493	-9402
6085	5801
-16860	8062
-9567	-3404
3468	-5080
-452	-8691
5500	15248
-4304	-10590
825	-5664
2307	-3865
4669	-4928
17540	143
-4982	3427
308	12901
18659	4432
-4682	-12561
-26610	-11395
15566	9691
8542	-4684
-7037	-23306
-12924	-20547
7163	-8654
-1585	-473
-16501	-2538
11446	2457
1103	-137
-10112	-2993
6103	6631
6058	-367
-7924	-18900
-10653	-23306
1533	1858
-4466	-2109
9771	17437
5374	1290
5642	-5164
22821	-3432
7720	-4574
6195	-6835
-4253	-5858
1688	917
-9006	122
-2510	-10310
6658	-4497
2091	-7277
-2357	-10039
4587	8336
-6984	-12148
26812	18814
-4105	6347
12672	-2697
7751	-17230
-38206	-16364
12471	3635
-7672	-5390
14760	-2355
-1440	-294
-10873	24237
7079	-2654
4173	-2016
-2366	-14769
-16109	2166
5087	3174
186	7582
229	-10088
-1945	-31881
-163	4656
-21401	7531
-4986	2486
-7238	5106
3547	17270
1712	-8578
-11763	8252
15127	3598
8359	-8106
-8414	3858
-1675	5166
12439	-4741
-5760	3334
-9948	-8973
-8741	1558
3433	-11850
-1657	-9193
629	-1170
-4157	11761
-4145	9117
4858	6819
21587	17769
726	1201
-16202	7632
-6966	12709
383	1648
8988	15105
12663	14160
1276	16932
4003	-1988
-827	-17013
-2915	-8455
-4167	-10773
5989	2949
-6212	4283
-12322	-16424
8790	-9318
-9519	-3921
20426	6112
-6150	5792
12676	-362
-4338	9596
-25260	16404
5072	17834
-4028	-4206
5849	3892
8275	38
8022	-1144
1768	-3171
769	9169
-2090	-1814
13629	3156
-8401	-5371
4778	-77
14680	-5444
-20411	14669
20380	6553
-2039	-13070
-9186	-12811
-10782	-13489
-5016	6931
3427	7228
-8109	-2651
15384	11589
23107	15561
12779	-1214
-7425	8385
-9358	-4244
11510	5607
-1778	9287
-24202	-8142
-10563	-8194
10837	-195
9545	11261
-1476	2686
-21045	-1254
-2249	-2940
10121	10349
-25203	705
-33807	-16700
7969	-1955
-7644	11913
-305	3011
9719	3913
15889	2616
-3319	14182
8066	16387
8958	18866
7741	-2988
-2502	25027
1709	11023
12096	-486
-10145	-1123
2044	3497
-5605	13135
-7747	-20254
2585	15197
-6652	-10481
421	2190
-4952	3946
-12478	14775
230	-9211
12334	1968
4851	4472
6669	-6224
-4174	-229
-6554	-19136
-11355	-1569
-7350	-1592
9659	-7555
-24163	-4604
5225	-4320
-5690	-8573
-6001	-12098
1511	-3480
17307	4738
-3823	2406
-9794	-4933
-4807	-11442
2156	-2473
16987	11670
1898	-3426
-7636	15740
-424	-4784
10774	8889
1266	695
6707	-1098
13467	-1860
1660	1980
4574	3238
758	11305
9358	-3714
-13143	-5045
5688	5838
-17097	-7555
16814	21246
-17319	-20346
-8269	-3260
-23210	1888
18788	7192
-19563	-8415
-18787	5865
7636	4019
-23864	-22310
5179	5385
-11963	-3078
1803	4868
-10139	-13797
18099	-11501
-1793	-8835
9741	-537
-30955	-10413
-10959	-16695
9194	1739
-3965	15185
-24884	-2237
19878	1768
5424	-5141
19482	2690
16951	-10564
10075	-1746
-10484	-9408
-3553	-2406
5510	-4579
7525	-7515
-11498	-7255
15873	10095
-4134	-4853
24149	14858
-3044	18664
-15993	-4686
-7705	-763
9432	-6458
-5622	-9751
-2434	4985
9172	6030
1704	-2048
-2493	5865
-6655	-7990
-13322	-2374
-630	4779
-243	-451
-1894	48
-580	6505
-26631	-12952
21638	4275
22055	8403
-14443	3036
15689	-6470
-6698	8799
5879	-3779
15237	3038
7595	5792
9432	14336
-8758	-5918
8911	10452
7889	-13143
-5459	17190
-3189	15462
-18972	-9813
10912	4534
7856	19738
-5931	-8617
9681	23017
-5917	-8617
-23	-15364
-31	-6274
-8231	22180
8433	465
13230	-3528
8966	4803
9074	6171
1210	8287
-3971	-6883
-8102	3604
5972	-128
-7229	-3692
-219	9951
-32903	-19124
-13075	-6128
3649	655
-872	4241
-8814	-16287
21785	11808
-7426	18432
-867	-4813
9998	8739
4710	2752
11327	-4373
-14220	13603
1008	-13826
6198	-6772
-13153	-6335
5998	-2751
-1646	1092
-19345	-17786
-19099	2760
-3307	-7565
-19330	-3952
6532	-13041
12898	16005
-4823	-3542
-5059	13404
-72	13051
-8126	15228
5608	-2453
3469	-14757
-1913	-7612
1269	1794
-703	10104
142	-4065
977	6193
2698	-6119
-6471	378
1111	8193
-1742	-16197
6523	213
3715	24872
-1297	7024
7862	-1384
-11434	-15197
-8617	-4714
-5040	-5481
-9258	-15429
-1969	5027
-11721	3732
-1147	10798
14461	901
10654	-6579
18636	14243
-4275	14646
3575	-3496
-2124	5909
-3474	-1130
2064	9381
-52	2150
-4109	-2535
-6354	3314
-26508	-23248
-17090	-13711
-14053	11665
-13183	-3951
-7850	1953
3144	-202
-11895	6379
-9728	-5881
-8972	5626
8334	-3864
3420	-309
-9440	4378
-5024	190
-701	-9161
-9286	7561
-2712	-4129
3386	5184
9705	12302
5968	-17950
13536	12037
-15115	-14262
-19240	-11723
-2315	-912
402	525
-14222	-14768
-4214	-10125
-14455	-2521
-1127	-14920
-10376	-17948
-2773	-383
18747	7979
-9214	-13101
-30969	-3153
-5319	272
1354	-11920
71	5641
1442	25
4263	-1744
10403	-3139
14556	23
3225	17060
10798	7044
10391	3524
3127	-9694
-1253	7394
-13245	1929
-7419	-18907
-8826	-15410
-15041	-4929
8701	5562
-11724	4972
-8144	-9584
5502	-11370
5764	-473
913	16057
6429	-3984
-10261	-12426
-5827	-15401
17853	-4635
-16368	-692
19483	7078
5223	11451
-2627	-8656
1116	6907
-10591	14140
8707	-868
-8233	-7294
3852	-9111
-5527	-18228
7175	1342
-9444	-3941
-7541	-20434
13307	-2672
876	-2858
-5777	-9134
4090	-6106
572	-7473
2540	-17132
4735	-5777
-1381	-726
-2997	8458
24826	17186
2631	8475
6927	17371
16869	8388
-4560	-11294
5768	-19065
-859	15046
-15172	3633
-2929	1169
-14329	-26196
-2457	-15529
-6241	681
-18730	649
-11887	-23356
3511	-7173
5055	178
-12414	6090
4576	22923
-5743	-11503
184	-5812
13158	5121
-4996	8237
1364	4639
-5	940
4912	-1388
-13425	-11283
-2743	-8240
1621	2107
111	12232
-4096	2624
-3340	-3467
-8892	-10891
-2796	5172
3403	-3635
-2448	2038
-15906	-910
14592	7134
7191	-4666
-1811	24009
7268	-7565
-6917	-1600
1500	2029
12124	8979
5374	7365
-4879	13325
5150	9320
18176	-5840
-7393	743
-18608	-10532
-3029	-21547
-5659	14561
-8819	838
-5617	2342
3804	3949
7533	9700
-7454	4743
-18435	-2726
-2494	-1825
-4012	11190
16475	24641
6418	94
218	-7421
-341	951
-10102	-7534
9814	9535
-606	-7482
12123	2989
-2832	-773
-12202	-12176
-6411	10892
-17387	2833
-1221	-11022
-619	-3230
-9366	2922
-13575	-8717
-555	14989
-2932	14227
973	1055
-6644	-13505
627	3980
-6853	2757
7394	-3966
-2821	9866
1704	-7361
8447	6792
397	-3081
2168	-10810
-2410	-91
14875	5445
4855	-13967
2545	-510
-9557	1630
972	-5233
634	311
-12089	-4059
4866	-1133
-15453	8881
8835	6779
-6595	5927
-4455	8297
-2804	9627
-16926	-13627
-13031	-27244
3783	11545
2966	-17215
-5157	-1772
4720	-337
-15512	5630
14488	3081
3238	12223
11238	19666
4415	2825
4910	-1837
6632	-5079
-3236	6666
-5919	-14544
17622	10794
-4264	-17199
-2178	2749
3493	12158
22587	7414
-2461	-14553
-2031	-14084
8386	-6230
14792	5526
-12023	-12437
-1646	-2349
3857	-6722
-3057	-9023
16568	6381
-5522	-7795
-9254	11522
9126	9486
4207	2454
-6035	4372
-4871	-5764
3392	8981
10711	4947
12400	6608
11119	6250
-7778	10782
1564	12188
-11810	-334
-3189	-443
-22148	9964
-20040	6474
6019	10844
-733	-2403
-5610	1174
-11239	-1245
-23550	-16080
-10722	441
6800	-6033
9829	-14368
-8984	-22668
8650	6434
7142	5455
6760	3208
-2162	378
12946	24658
15904	-654
19742	557
1452	-21847
-20477	-985
14744	6290
-18766	4084
-5126	7880
-9512	2095
-6086	-3851
-7203	-2154
-19194	-3752
1204	-1491
8577	160
-3189	-4668
-15420	12144
14508	2617
800	6111
-4225	21878
6331	4537
-7061	1881
3073	3434
2480	5639
-7192	9451
18196	673
1598	8751
-5865	10507
14384	3787
8917	-3947
3748	6785
-13824	-7869
1786	-2441
9609	17129
-4649	-14651
-20688	-1618
-12615	-4050
-7989	696
10224	23617
11794	-11569
-11453	-9168
10409	5246
-27023	-23593
-148	7962
-10529	-10113
5948	-5437
-13716	-15606
17391	-11855
-6271	-7326
2472	-9344
-1624	15278
13175	2974
-13841	10064
11966	-7650
-8581	-2483
12762	2750
-10858	4468
-2471	14461
8182	-2958
10548	8929
-12173	-9237
-3644	-12913
3679	-4091
-42	-744
2900	7904
-292	1295
-4645	2301
-2265	-13565
8315	-3426
-22692	-22758
8103	2785
8563	-3327
-10981	8696
13759	-793
-18303	6022
1159	-6862
9242	-12368
8906	-6823
-5997	3667
16285	10350
-6552	4448
-20926	-8620
6185	6079
-4123	-1643
7195	-6487
-3687	-2517
7249	5989
-19390	-10332
-6158	-4260
-7842	-2839
-342	8274
7119	-7674
6307	-5931
247	-2615
2684	-4648
4630	-1245
-7546	11380
11433	3645
-4694	9914
-12330	-18304
-7421	-4746
-2489	-3584
18125	15013
5560	8622
1074	18118
-18619	-8829
621	9499
8596	1306
-16570	-6848
1884	-4650
2707	3888
-9245	-12166
-6967	-10545
11969	-3762
5313	2190
16543	21506
-16703	15943
-9413	-2099
-15641	-6352
1960	1867
9737	6830
7043	-10144
-5501	-717
-7636	8603
6798	-2110
623	-15793
-5316	6261
-14702	543
-16386	-7026
14086	12192
17516	6069
10329	18789
5744	4869
12838	-5536
8852	287
-244	4578
-3377	953
23200	10753
13123	18937
5858	18658
7195	20067
5690	6195
-7478	-12150
12896	2003
10823	8176
6012	-1458
3509	19487
-127	-1635
2232	6486
2240	24613
9134	-8899
1237	9936
5256	-8653
14718	5358
-2772	-7794
17402	-8954
-11343	-9868
9875	-2155
15519	6112
1099	8315
7795	3348
-7097	-23222
-16	3647
-2820	1366
7754	7690
-6328	-7074
1047	-12615
-11504	5900
1607	4998
-5717	198
4656	-7643
7295	-982
-12953	-15544
13612	-5051
-7114	-6445
10166	1271
-5389	381
12847	14767
-1725	5715
1859	-17371
5771	3220
10092	-3544
-11022	-3397
1942	8950
-3865	8157
-8792	-7553
-9819	254
-2841	-6748
5702	-11799
14487	-8148
-7879	-8472
5395	291
-3381	-7481
-2828	16000
-1621	-1837
11478	-7572
-5173	-10071
15426	-363
7452	-2242
1275	2220
-537	-3972
-9591	-9973
-1992	-10001
10660	20099
-10492	-7669
-12064	10056
15732	-24055
-2151	-5070
1478	-7886
6416	2679
-10941	25
-12828	-1735
4563	-2764
555	3404
24942	1707
-20259	-4323
5777	-1298
-9909	12162
-1053	3769
-112	755
4815	-4149
-13100	-12589
-1308	-6179
3415	-4536
-17091	-44
6406	2086
12242	11330
2047	-2183
-9300	-1327
5929	-8686
-5230	-12169
-27476	1369
-4793	-16950
9533	-11630
18717	12657
4186	7815
17843	19064
17245	5328
-4996	4530
-10477	5452
8535	-5216
-3641	1128
11301	47
-7271	-14799
-20714	-11472
-1576	6530
-4001	1494
-6510	-10102
452	-6334
21895	10013
19	9488
23245	29716
-4783	-24817
4123	-12990
-13087	-7307
-9028	-9065
162	-3761
11827	-5582
7550	-3052
4597	2979
11744	-10129
1118	3032
224	-2415
-6083	-6381
6118	-3859
1378	11517
2678	-15012
-22580	-789
-27795	-4426
-15180	-4752
-5200	6628
13507	13958
-10115	5657
-4142	5817
-957	-6731
-3950	-6870
-1033	-2124
11884	2009
-13996	-9999
-22256	-7457
14206	2993
3305	-1311
3423	-5935
8878	16540
284	-5758
6780	4321
-5365	-17918
13295	-8310
3631	2233
1230	-14056
5696	17352
-9964	-30284
6449	-12170
-1035	1348
15428	-1025
2879	8025
5655	-1255
11188	-894
-8043	3469
11474	6624
8362	-10162
8691	29736
-15309	-7617
7200	5983
-23028	5275
-2616	1470
-7141	-16353
2960	3769
-1660	10345
-10133	-18483
-136	1510
-2215	-11082
968	15669
-3282	-9757
-7034	-1510
3480	9872
-21767	-8468
13690	4388
1538	6990
-12752	-6784
-14390	15055
6690	-1976
14529	1448
-2365	11421
-14299	1675
-9310	9115
-18585	-3019
7837	-5607
-3106	19045
-15991	-13685
-9033	6320
6435	9159
-2752	22429
-1023	3712
645	10190
7917	2063
19140	15082
-3826	10512
1798	-4241
2899	1510
-14088	-10498
6139	-8942
12949	-2294
-5527	-14051
817	13072
-2298	-1080
-5268	4672
7084	18176
11577	-10372
1622	12268
6363	-6145
-1050	8021
-15063	-318
-445	1939
-7832	5426
12192	-2028
1319	-4222
-10596	-8269
-9069	472
-13024	-481
-25717	-4613
-9843	-12381
-15008	-12596
-3819	11943
-15940	-9277
-1087	-3157
-10847	10136
14826	-2947
-17093	1638
10101	-4414
12311	-10217
-725	-1049
-13414	227
-4004	13762
-4485	4964
-2718	-12988
17979	3800
8093	3438
2898	7244
20564	-10655
1515	-4710
-1227	-4476
-3376	-16067
2828	-1518
-5049	-20595
-5834	10757
-1195	-7376
7790	-2088
-10347	3947
-7131	5577
-3479	16173
-204	17073
-428	-1484
-3317	-13178
2778	18019
20664	4113
653	2533
4682	-3210
-9947	-15480
-13861	-3683
-960	897
-11163	13539
-291	5922
-141	-949
3961	-3705
8539	-8020
-3215	-54
-22144	-2897
-1419	-5122
7006	-4255
-38026	-13737
-8835	-338
-750	8734
13105	-6449
11165	11416
-122	-11862
1325	-6176
-5385	-4801
-7171	-1542
-6558	5775
6449	-7874
3152	984
1676	-10136
4096	11020
10946	-3749
-3693	-13602
-9234	-12314
-7088	354
1980	-9451
25960	-2141
-3648	2213
-4152	-1697
-20583	1605
8722	-3313
13027	4425
-13689	-5405
-12652	-786
4065	8661
-10854	-8611
19309	7674
-6126	13295
14126	14607
-11328	7685
2874	18098
2258	-13436
15886	-8239
11459	7474
5018	1238
-9341	-7310
13866	582
-174	14482
32034	25398
-9791	-6698
-3696	6458
13885	-16732
-13271	4864
-4098	21553
7229	-2187
9598	3015
1425	-7601
-5932	-7356
3722	6326
-2116	-7077
-1544	1552
16955	3729
-3786	16404
8482	-3878
-8702	-3654
-14418	-3953
-2073	2676
4204	-2482
5935	-11478
196	6078
2245	8495
-20590	5523
-28920	-10139
18733	28638
8737	-23695
863	-19647
10082	5694
2313	-1777
-7631	1916
-30149	-16543
-4298	1990
-10476	-12507
-8775	-6438
-2752	967
9048	7855
1680	-1196
17678	-176
-16876	-14296
8230	21986
6421	16537
-9799	4608
4157	6447
-4308	1689
-13687	-4693
-1403	6258
2233	15398
-948	-1352
9172	296
12610	-12296
9299	-6840
2236	-12864
5041	-747
213	-14408
4809	3430
16900	405
-4891	6272
-7325	8332
2234	-4540
-193	-15459
-4698	-10474
4313	5986
-21704	-3089
-3372	567
1452	3745
-2832	2967
-3730	-12664
11120	20220
7821	18998
-9162	13332
2450	5908
-13396	-2223
1133	-8341
-12647	-15364
13056	-6275
12537	-3422
-7412	-8866
-1511	-1775
-7729	-6387
-11380	1703
-22124	14166
7149	6604
10488	-12260
-12080	685
7781	-6267
-13309	-13271
14427	1917
-4399	-3201
8615	14346
1112	-6957
-14662	1138
-5705	-5877
13938	-6414
2499	-8709
10292	2859
-6945	5396
8675	-2165
-8241	7576
-2858	-26173
12075	12465
-1402	-2270
-11971	-5775
-15107	-8493
-12039	-10761
3935	-7672
1606	4194
4201	-3865
17779	20143
-10134	2947
3477	4514
-22643	-16597
-8419	9283
-3122	-2566
-5380	4095
-9716	-373
9684	12239
10524	-2924
2227	-2060
-6671	-873
5798	938
-1932	651
-17	9468
9567	247
17376	9344
-6802	9075
16705	10450
-14444	-13221
-2492	-13038
-6750	-9770
-10542	1267
7787	8125
-982	6130
2650	-7927
13881	-10838
15725	-19062
-6493	-14228
4008	21552
-6279	1841
-10043	-5872
1688	-6959
8595	-6799
2994	-2559
13257	4876
1671	2673
-10170	-2872
-7765	-18182
13119	15431
-2322	-11992
-80	7113
-450	6118
-6882	-12178
19853	13744
-10604	4825
9213	12515
-3676	-9757
5098	13807
6979	-1544
-4128	-7519
-6374	-8444
23100	-4200
-4004	8581
-3114	-4682
-8513	8836
1255	788
194	-6349
-5010	27770
4266	-19406
-6631	-5644
8093	5825
20153	598
1986	11374
198	8260
8020	11416
-4798	3712
-11579	-8689
-13871	-12117
15590	2402
-11557	-5097
-5142	-15630
8	-17617
7804	8
-9119	1917
-8488	-9739
2633	3476
-10451	-4243
8037	-4973
3428	-10292
-4618	-17256
3714	-10995
18497	-23471
7434	-1781
4207	-13550
-18953	-2990
-12319	7017
-2409	-10852
4897	-5186
-4859	-11625
593	5856
-1373	9539
-5754	1869
3650	2455
8033	-4819
-986	-7920
12959	3270
9562	1213
-11549	-11815
-6722	2133
-7297	-11409
-10560	-13539
-3095	-11916
-7331	292
11545	19468
10785	-7985
-780	454
-11157	-7279
-858	12731
7484	-14544
7420	11153
10966	4055
7101	28024
17449	4933
-16456	9540
-5917	-561
249	-860
5446	-17760
15560	-2062
1418	13246
-2115	-10427
-11273	-1507
2969	1062
14740	8651
1064	8815
-12663	-12986
8117	21050
-1823	-5170
4016	-11677
-1747	3236
4471	2183
3346	-11200
7167	15484
11055	9442
-18126	-5080
4394	-2580
14769	-862
-3990	-9257
-14810	-9989
12064	-4475
1657	-3119
-6776	-17734
4574	24257
2711	1625
6174	-22198
9367	7372
10375	-976
1006	-11884
1886	-9400
16631	4997
8178	1119
-10121	-18492
-10650	-14736
-17013	-6318
7362	-142
4187	12339
4218	-330
-13392	-9652
-17008	7489
-5378	-110
720	-18750
8832	-10106
1210	-14634
-6732	4106
-12384	-1220
429	-1123
13823	-7433
-475	9169
4161	60
1902	8248
-7310	6964
-5414	13758
-7373	-2405
10194	5953
1954	-874
-3113	-3797
-303	-11892
15251	-9525
-2321	-5306
-13441	-18854
-2342	-6300
960	13068
15956	9073
2291	-4850
7706	-9613
83	-15491
12292	-3127
16184	779
-3308	-13660
7447	4330
-2078	7083
-5068	-8821
-1438	1519
4205	4396
59	-1597
17325	2568
-5652	-4001
1154	-2074
3342	4603
15947	18652
195	650
14923	4166
-1890	-1709
8439	3084
-5105	7287
1354	6252
-15009	-11497
-9073	331
10390	-7581
-1969	-1120
-758	-7774
-4752	-19616
2090	2420
-2794	-9229
-8584	13633
-12542	-608
4369	-4144
-4278	-7633
-10631	-10034
-9231	11954
15055	-834
202	6710
-6201	-10420
-4107	-5487
2678	4919
7340	21956
5969	12310
11102	-3478
41	322
5034	-3884
-8725	-12944
-9091	3360
-5245	-597
8416	-8366
9039	5941
894	8603
-9627	2536
-16718	-16655
4332	-12912
406	-3265
-1649	19512
448	2101
-4244	-2413
-1473	-8033
-11657	-12727
-6179	18734
-12412	-10004
-12698	-2016
-10415	-11766
-2824	-1783
10658	-4462
10924	3087
-3945	-3198
-6709	-4919
2820	1252
-3328	-4703
-3564	-1544
-724	-2998
-6142	-3195
4203	5826
-5535	-4577
8894	17463
-7369	-14737
-20190	-16712
-9155	-7434
-15129	-5201
-3407	-2451
-12427	3510
10650	-15504
-8509	-13826
4462	-1811
8455	5827
-18202	-5109
-3482	-8031
1611	-3809
5671	13376
6607	10237
-3115	-6989
10828	6063
15180	-761
-18003	-19290
516	13341
5947	7136
-4960	-6507
6125	4895
3085	-3809
7691	3487
7893	12151
6416	-1010
7902	5629
-11648	4444
7988	24299
2828	-8353
-3116	6279
3442	-2988
-7862	-11426
1754	-6544
-2397	-13995
19517	-4452
4277	5874
-8170	-12827
12398	8001
-3516	6352
7166	12505
-13069	-8912
14710	7240
12628	6353
5201	-4129
7076	-15245
1391	7530
513	6603
2294	6410
12266	-2692
4581	4161
-12326	-6402
4380	-9327
4832	5001
-9432	-4969
3768	3115
10720	-7099
9430	2830
9536	-526
4574	7816
19216	6413
4185	-13941
3963	-6130
12576	4360
371	-6755
-12	12623
-17719	-10314
1689	-13316
1518	-7875
19702	2736
4305	14543
-573	7579
-25416	-13889
-18453	-16509
11984	-4568
-4843	9903
-12132	-7194
-2322	969
2056	-5913
-2358	-16210
9323	5082
572	12684
811	7415
-6995	1967
-17164	-7872
18429	-7506
-481	-3134
-6845	-2438
-2528	14049
4475	-10607
-1713	553
-19025	-4331
-1535	-7381
-36759	-12155
10959	-16056
4916	-6636
6611	5673
7364	-3131
-558	-11193
755	8682
-7256	-12155
3299	-7756
9129	10521
-5166	21469
13477	-5376
10960	7136
-3021	9515
3553	6886
-513	-12648
691	7235
5812	-4358
-5260	6947
-3301	9337
16112	-3735
-947	19917
-2529	-2606
-15492	-14230
4437	14913
-4341	5987
-10523	7027
-13275	-26806
-21843	-1058
-17025	-3557
6870	-4714
-2807	-11684
-19204	-3128
-27675	-3766
5143	-3459
261	-10947
28666	3031
16307	8848
7728	-4204
7003	183
21756	1397
-3175	1949
-628	-8135
-9637	-4873
-13715	-14077
-8750	3139
-19511	5062
507	-9001
497	500
-19405	17215
4408	11225
-458	-6504
4516	-4438
9866	1773
6992	1323
425	8074
3373	-6037
18181	22486
2481	-12468
-14273	104
165	5510
3159	2014
-10046	6286
-6748	-10692
-3512	7103
10318	-7817
-9603	9768
-11317	-7247
8	13013
14892	17717
-13813	149
-1837	5095
13051	-12175
-1678	-11300
6338	11804
-5119	11211
134	-8943
-9509	1089
-4642	11619
-18291	1048
-5461	-22417
3561	-1568
5946	6435
6308	-7307
-9314	6654
1444	-8813
-17770	4205
-13929	10056
-3269	-4562
-59	-5603
-9248	-798
13763	3816
17336	-10637
1497	-1327
7	17192
-10287	-15418
-14136	-2504
-12463	3664
1657	3528
11011	-11646
-3601	-8605
-9477	5199
-8197	-7319
-520	648
9381	-13424
5505	11427
-10775	-13773
-4212	7475
-10190	-7649
-6356	15577
9765	13344
2383	2655
-10253	-4235
-21912	-9824
14412	10314
10994	5008
-1552	5494
-8150	3935
4738	-1872
24270	-1516
5550	14960
-12236	-578
-6559	-3876
9893	-7415
2342	-19236
1718	7118
104	-6490
17746	-13902
-14162	-14775
-7375	9911
7039	14762
2749	-11463
-6012	3616
-573	-4069
-17668	-8970
-652	3733
-4695	6710
7979	-7432
9901	21011
-1181	-18305
8465	-5154
17378	6773
-4161	-2780
6847	-5539
18534	32500
-15037	-7269
-13580	-23702
-11078	-2191
1522	-18035
7735	7408
167	4324
9315	13020
1111	10175
8643	-1376
-179	3683
6324	17317
6886	-3083
-4749	1903
-4097	-4752
-5342	3051
-2940	-5570
-10957	-2318
6807	-10780
2659	-11413
22156	14491
-295	-13795
8618	14560
11525	-2513
13078	-13311
-14693	6230
-15650	-5589
-2788	407
-7569	-3852
10485	1299
-988	3222
-38003	-17911
709	4083
2280	7884
-20251	2322
3953	22902
7103	11237
2423	-4705
-5021	-4825
13416	-8126
2745	1791
-13352	-20213
