3744	-4637
4527	-5581
3802	-1769
-51186	-5040
4591	17888
4524	-5392
3612	-5502
-577	-5535
3847	-1460
3668	-5602
3642	5739
4505	-5154
3294	-5521
3646	25448
-20025	-5597
4724	19235
4367	-5231
3583	17968
3817	-4753
-470	-5538
3367	-5596
3606	-5593
3398	10036
4477	-4527
5014	1416
-1998	-5592
4393	17446
3569	-5600
-2950	21123
4748	-5578
3349	-5041
4071	8717
3342	-379
4176	-2001
4003	12416
4672	814
3538	14208
4538	-5575
4647	-5041
3948	-5578
4857	5433
4583	-5599
-7502	-2111
4549	-5131
2132	-5516
3379	-5578
-18023	-5603
4574	-5454
4030	-1371
4503	-5581
4760	-5599
-3231	-5589
4161	-5596
3420	13224
3889	-5601
3624	-5515
-29325	-5584
3596	-5583
-838	-5572
-39258	-5592
3439	-5539
3546	-5572
3552	-5292
-2975	-5591
4488	3004
3609	-5600
4518	-5345
-1800	-5602
3287	-5597
3771	5063
4413	-5372
4715	-5577
3643	-5317
-20032	-5540
3386	-4216
-30911	-3546
-447	-5600
3613	6698
3617	1824
3545	-5565
4502	10771
4161	-5089
3640	-5539
3685	-5567
3931	-5598
4527	-5596
-44185	-5468
3317	-5598
3793	-5530
3537	-5590
-1663	-5177
-12909	-438
3415	-5565
-781	-5157
4374	-5560
3709	-5593
3713	26431
-6254	-5549
-11054	-5590
3353	-3893
3559	-5536
4449	-5141
4503	-4977
-19064	-5573
4610	-4747
3631	1885
-1733	-3547
-759	-5601
4064	-5553
3610	23679
4996	1858
3720	-5558
3756	3776
3696	-2948
-18200	-5600
-9213	-4907
3577	-5468
3454	11668
-279	-5592
3655	-2956
5008	-5593
-870	-5599
4541	22636
4560	-5602
3745	-5539
4497	2952
3602	-3769
4279	8062
3905	8746
-24064	-5236
-4105	-5528
4744	-4618
4142	6406
3363	-5594
4979	10625
4435	-5574
4272	10963
3614	-5582
5007	-5450
-995	-5497
-11836	-1354
3925	-5486
4046	-5597
3400	24640
4730	24769
3597	26018
3700	26443
4143	8326
3449	-5020
3957	-5596
3780	-5575
3963	-5599
-25741	-5525
3751	-5384
-23197	-5491
-889	-5524
3913	-4339
4539	-4949
4578	-5601
4604	25717
4488	-5551
4530	-5597
4503	22803
3923	20197
3820	20303
3837	-5598
-3773	-4713
-20260	-5592
3607	-5557
3969	11915
3708	-5277
4974	-5429
4286	-4379
-19079	-5602
4469	9290
4520	-5560
4160	-5588
3617	-512
3627	-5487
4566	23402
4223	-5510
-9833	-5584
3574	-3656
3801	-5597
-328	-5600
3753	-4485
4110	9484
4661	-5501
4585	-5598
-817	-5596
-1020	82
3619	-5571
4546	-4606
3978	26514
-10538	-5541
-1514	-5586
3485	-5457
4540	-5278
3746	-5586
4222	25854
4535	-5446
-21057	-5600
4107	-5602
3803	-5602
3761	-5430
1503	-5603
3927	26520
4306	-5410
3599	-5544
4530	-4961
5044	-2494
3580	-4099
4480	25200
4500	-5567
3420	-5526
3808	-5043
4346	-5600
3976	208
-1183	-5601
-21	-5572
3590	-5599
3777	-5551
-4279	-5603
4564	-5602
-18399	-5602
-24638	-5534
4593	-5603
3400	16494
4486	-5594
4985	-1520
-14923	-4089
1000	-5572
3692	-5600
-10470	-5600
3472	-5585
-29877	-5600
3286	-5596
3711	-2781
2075	-5375
-8838	-3350
4556	26220
3735	-5600
3583	-5449
5017	-2960
4790	-5244
4924	26085
3470	-5602
-40728	-5197
4451	24519
4357	-5560
3830	283
4521	3232
4502	-5598
-82	-5602
4442	1208
-25050	-5599
-12455	10667
3402	17196
3732	18390
3789	-5591
-30492	-5422
1748	-5583
3917	-5522
126	-4716
-26752	-5507
3799	568
3600	-5534
-53376	-4983
3898	4261
3612	-2124
-1804	-5529
4501	-5319
-10298	-5592
4990	-5599
3405	-5589
3795	-5582
3684	17483
-46622	-5490
-11215	-5601
-17689	15807
-767	21515
3636	-5305
-755	-5601
3662	-5583
-43770	-5566
4547	-5313
-28741	-5535
-21275	-5601
3450	-5599
4957	26487
3328	-5230
-8954	611
3513	13771
4548	15469
3310	-5528
4543	15250
3933	-5483
3852	23926
3700	-5433
3957	20531
4398	5815
-7627	-5594
-7955	-5529
3614	-2727
3855	-3769
3517	-4763
3902	-5566
3985	-5517
4738	-4369
3828	-5519
3548	-4038
4599	-5141
4649	-5552
4472	14800
-43367	-5601
3520	-2531
-17241	-5568
-727	-5199
3740	-5578
4614	-5051
4542	-5067
4505	-4653
3934	-5592
4250	-5596
3594	-5093
4001	-5068
3698	-5583
-52186	-5602
4536	25222
-19987	2313
4561	16815
4322	-3338
4239	-907
3386	26240
4183	19056
4306	26552
3798	-5527
2096	-5211
1896	-5601
-37060	-5290
4541	-5598
3620	-5601
-991	-5322
3387	-5596
3340	-5478
3750	-4710
3601	-5196
-18210	-5586
3368	-5594
4122	19352
3539	-5288
-32056	-4046
3539	513
3787	26230
3595	-5153
4571	-5597
4144	-5503
4527	-5595
4976	-1259
3452	26512
4636	25983
-2953	-5515
4091	-5590
1708	-5592
3980	-5012
4169	26551
4493	-5543
4599	-5561
24	-5590
4333	-5602
-31211	-5585
4861	1471
-126	-5548
4595	-4697
3463	26531
3385	-5571
-4803	-5598
3796	-5596
4272	24518
3680	-5574
4145	-5577
3441	8299
4464	-5597
-856	-5573
3281	-3592
4840	-5600
-40034	-5414
3512	26394
4567	-1734
3543	-5598
4502	-5592
3635	-5578
3463	12194
4258	-5599
4539	-5291
1971	-5601
4970	25803
4308	-5587
-10381	-5600
5031	21936
4552	-5572
4979	3388
-10041	-3896
3575	-4536
3369	-5493
-7445	-5359
-23287	-5587
-8834	-4536
4543	-3375
-10835	-5514
3582	15710
3404	-5601
5009	1783
-1362	-5443
3893	-5596
3606	-5595
-20892	-5597
3317	3368
4344	21058
3962	-5576
4504	-4707
3692	-5602
-31084	-5142
3730	-5596
4929	-5588
4636	-214
4577	-2482
4575	6956
4986	-5589
-8966	-5599
3739	21749
3790	-3319
3411	-5530
3746	11486
4112	-2379
4544	-5161
3252	-4975
4584	-5578
3373	-5599
4514	26372
3581	-5261
4954	-5586
4706	-1160
3318	1541
3847	26541
4990	8846
-7437	-5571
4134	8578
-1389	-5504
-18140	-4904
4546	-5512
-1038	-5602
4456	-1427
-613	-5603
4317	-3709
3932	-5553
4522	-5529
4462	26205
4591	1758
-2019	-5602
335	-5269
3626	-5583
3722	1893
4540	-4804
-28504	-5587
-16856	-5590
3340	-5598
3837	-5576
3303	913
-35609	-5131
4453	-5601
-2068	-5506
-7444	-5565
4508	-4874
3646	16624
4786	-5602
3615	-1452
-13614	-5092
4624	-5419
4475	-5602
4377	23281
3679	19223
4610	-5582
3442	-5398
4418	10810
-6655	-5595
4689	-5516
4724	-5590
3817	26453
-1282	-5600
3518	25215
4606	-5487
3814	-5586
3961	-1954
4691	-5375
3864	26550
4570	-5592
3650	-5603
-19867	-5600
4405	-5591
-793	-5600
3666	-2181
-19960	-5601
-9788	-5599
3352	-5412
3988	26111
3805	-5603
3313	-5379
4876	-5603
4609	-5527
3475	26552
-8501	-4396
3604	-5149
-8739	872
-7530	-5557
3541	-5598
273	-5461
3510	-5204
3822	1570
3302	25310
4480	-5334
3875	-615
4029	-985
4524	-5587
-24675	-5515
-13561	-5500
4616	-4471
3424	-5457
3662	-5572
-2963	-5597
4471	25104
3683	20730
-29266	-5567
3758	16933
3606	1511
3978	-5588
-233	-5472
-33427	-5595
4981	-5452
4656	-3047
4548	-3576
3618	-5598
3576	-5546
-9260	17170
4381	-3787
4524	-5522
3897	-5534
3906	16799
3489	-5593
4530	26474
-1201	17733
3239	14008
-34845	-5594
-977	-5599
3517	-5601
3835	20290
4025	-5602
-17325	-5574
4684	-5573
3402	-5023
4589	-4851
-24161	-5585
3794	-5591
-755	-5601
4950	-5583
885	-5515
4726	-5602
4164	-4519
3583	25405
-6592	7292
4557	-5592
3624	19528
3865	-5562
3761	26531
4508	10086
4596	24774
4438	-3709
3485	-2104
3867	-5581
4999	-5498
4382	-5595
4512	15697
4473	-3746
-12029	-5602
3445	-5602
5012	-5319
3941	-4203
-1045	-5582
-1654	-5602
5018	-5600
3705	-5393
4296	-5476
4089	26541
3629	-5582
1935	-4976
3721	-3204
3742	-1138
4436	-4759
4424	-5602
4547	17527
3634	15468
3882	-5603
4013	-3518
4203	-5571
4732	-5599
3473	5603
4585	-5369
4520	-1621
3760	-5600
3419	-5422
3268	3679
3696	-1552
4094	-4147
4812	-3088
4589	-5480
4527	26175
3671	-5596
4555	-5581
3679	-5584
-1572	-5592
3686	12069
3469	-5525
-1990	-5580
3918	-5575
3565	-5535
3432	-5481
3645	-5589
3557	-5554
4409	-5599
4456	9793
3399	-5554
4101	-3183
4399	-5580
3974	26071
4864	-5575
4570	-5346
-1063	-5601
3653	-5498
4530	-5481
-57682	-5442
-52972	-5600
4892	-4974
3538	-1911
4917	22828
-1324	-5600
3630	-5579
-277	-5597
-47207	-5603
3638	-4153
4537	-5131
3626	3576
3354	15336
-2237	-4265
3690	-5341
4992	10182
3863	25727
4986	-5587
3590	20253
-9721	-5480
3376	-5204
3666	-4767
3334	-5282
-25704	-2869
3410	-3780
-549	-5590
3423	-5548
-860	-5599
4591	-4924
-1072	-5543
4442	-5560
3343	76
4539	-920
1604	-5600
3607	19726
4520	-5577
3664	-4874
3536	-4790
3614	-5584
-10243	-5593
3866	-5552
3685	-5597
3720	-5591
3506	-5602
4575	-5560
4303	-1031
4307	-63
4496	-5599
4484	-5582
-28185	-5329
4060	-5591
4239	11225
4460	-5484
-15547	-5570
3673	-5551
3441	-135
4066	-4181
1413	426
3835	-5383
4143	25423
3461	-5594
4889	26122
4265	-4578
3645	-4661
-2219	-5498
3736	-5031
1591	-5601
3480	-4902
3563	-5496
4535	-5356
4537	-5580
3629	-4991
3804	-5601
4290	23572
-518	-5575
4879	-5601
3429	-5570
4292	-5481
3832	-5584
3438	25408
-54088	-5584
3396	-5353
3337	-5527
3920	-5294
-15937	23211
-1371	-5598
-21570	-5592
4791	-5598
3598	-5600
4538	-5594
4672	-5532
3774	-5600
4400	18778
4007	-5587
4025	23208
4523	26226
4032	-5520
3785	3982
4752	-5577
4463	-5595
3616	11871
4596	19768
4993	7948
70	-5603
3704	-5513
4481	-4857
-13968	-5602
3793	-5466
1240	-5600
-572	-5488
4457	-5484
3801	18511
3764	-4944
4006	-5416
3849	-5378
4494	-4764
-12302	-5601
3565	17449
3871	2429
4540	-5602
4397	25267
4311	-5576
4537	-5392
3920	10607
3931	392
4503	-5453
5010	10542
-47887	-1207
3280	-5592
4873	-4716
4558	-5597
3323	-5603
3989	-4870
3592	-5519
-50	12710
3762	-5589
3840	24129
3623	-5600
4420	-5594
-1947	-5420
3848	-5599
3636	-5496
4610	26552
4554	17773
3490	-4452
4559	-5289
4471	47
4775	23372
3372	-4247
-1001	-4681
4086	-3422
-31773	-5602
4022	3853
-7590	5063
4058	-5557
3541	-5588
-33292	-5602
3600	23422
4481	12341
3533	23894
3528	-5366
3834	-4800
3909	-3465
-2018	7971
5031	-5441
4562	-5581
4564	-5500
4011	15609
3882	489
-44113	-3976
4227	21386
-17964	-5592
4526	-5475
-339	-5222
3647	-4565
4323	25640
4195	-5596
4528	-5433
3584	-5603
-13078	-5499
3503	-5505
3643	6721
4743	-5583
4345	10841
3324	-5577
4355	-5057
-47511	-4030
-22790	-5276
253	-5602
-29365	-5598
3956	-5200
4516	-5569
4321	-5545
3491	26546
4968	-5535
3584	8380
3709	-5602
-20137	842
3662	26552
-919	-5599
3369	-5576
3356	-5582
-19949	-5258
3860	17817
5005	-5555
3607	13622
3589	-5592
4475	-5574
-1790	-5602
3416	-5590
4559	806
3509	-5576
3829	-5324
-25235	-5581
3592	-5588
4198	25506
3265	14901
-11211	-5482
3661	-5417
-4516	-5603
-13149	-5540
511	-5597
3692	21746
-22300	-5545
4478	-5589
4815	5327
3801	-5557
-340	-5336
3721	-5595
3387	21796
4550	-5590
-13455	-5600
3727	-137
4521	-5603
3908	20556
3873	-5259
4191	-3299
3849	-3348
4022	1113
-25778	-3598
-1185	-5500
3912	-5346
3976	26505
4042	7307
-27339	4505
3474	24893
3765	-5365
3884	1212
3523	-3917
3574	-5533
-24998	-3603
-932	-5590
4726	-5374
3541	13
3442	-5594
3808	-93
3606	-4711
4134	-5591
4383	21058
-11377	-5569
4849	7318
-49967	-3864
3723	-2530
-23778	-5602
3623	-3342
4645	-5409
3895	22955
4504	24840
3672	-4779
4596	-4575
3468	-5292
3407	-4506
-15997	-5601
4345	26530
4500	-4171
4519	23147
3867	-5582
-1018	-4534
4525	-5591
-1627	-5597
3389	-5582
3665	16449
3396	-5601
3825	-5597
4154	-5026
4391	-4640
5011	-5268
-100	-5413
3810	8240
3903	-5488
3382	-3292
3311	-5602
-15516	-5597
3697	8871
-19888	5484
-1839	20497
3869	-5582
-943	-5451
3973	-4743
4056	23512
-3017	-5559
4990	1445
-126	-5542
3990	2324
-699	-5601
-20762	-84
3696	-5118
-1634	11874
3621	21399
4049	-5585
4027	-5595
3691	-5588
4534	-5339
3461	-5505
-546	-5571
4642	-5597
4305	-5521
-376	-5465
3682	4213
-11206	-5536
4991	26116
4561	-5342
4175	-5278
3320	-5599
-29609	-5587
-23135	-5484
4532	-5513
3363	18860
4535	-5578
3958	-4148
3567	-5598
3599	-5004
4627	-5598
-398	-5602
4968	-3786
4470	6025
4056	10992
4317	-5328
4531	25827
3736	-2834
-17835	-5371
4603	-5502
-27133	-5205
4987	-5599
2140	-5582
3804	17917
3979	-5596
4529	-5178
3402	7264
4349	-5539
3365	-5055
4197	2514
3537	20502
4349	-5364
-55	-3907
-16598	-5603
-10713	-5602
3404	24001
3704	-5593
3491	-5515
3370	-4139
-3891	-5602
3934	-5377
4286	6591
-17381	-5596
3641	15281
3580	-5600
4372	-5593
4670	-5598
3861	-5542
3820	-4421
741	-5603
3796	-5596
4276	1726
4538	-5596
4509	-5601
3594	4246
3906	-3941
-1620	-5603
4486	-5577
-16363	-5597
-13141	-5600
-1678	-2842
3716	-5539
3552	-5459
3745	-5378
4552	-5567
4526	25229
3834	23915
3894	-5598
4596	-5594
4582	-5536
3522	14460
-611	-5595
4601	-4305
4489	22515
-9411	-5491
3967	-4524
4487	23150
3872	9209
4579	-5459
-8552	-4337
4608	-5597
-1057	-5602
4536	-5293
3540	-5598
3932	-5106
3441	8319
4596	-5552
3395	-3555
4709	-5570
3833	-5596
3588	-5455
4505	-5595
3652	7186
3581	-4096
-1061	-5600
4814	-5094
3250	108
4510	-5411
3421	-3989
4748	-4806
3888	-4401
-25485	-5600
3992	-2315
3524	4547
3583	-5238
4478	26514
4211	6253
4062	-5598
5041	-5403
-976	-5602
-15202	-5599
3706	-4935
-10433	-5571
4300	-4507
3866	-5457
3941	-5238
4528	-5600
-16448	-4646
3949	-3995
3819	-1255
3524	-5602
3611	-5600
3298	9902
-23205	-5591
28	-5579
3612	-4493
4698	-5602
3565	25147
5019	-1649
3840	24807
3334	-5548
-17679	-3708
3978	-4320
4554	2388
3390	-5570
641	-5573
4882	26524
4505	-5549
-4252	-5599
4339	-4542
3408	-5526
4033	-5380
-10364	-4969
3959	-2791
4797	13393
-2089	-5585
3812	21409
4611	-5573
4477	-5548
3530	-5544
-8813	-5566
4490	-5568
-1048	-5602
-6188	-4001
4574	-5405
3368	-5603
-14184	-5600
3612	-5593
-3002	9938
3558	-5601
4434	-5552
-9446	-5585
4361	-5598
1805	-5459
-45540	-5143
3751	-5262
-2203	-5599
3802	-4370
4482	12037
3786	-5594
4424	2061
4165	-5594
-5889	-4432
3562	-5363
3987	25903
4558	-1748
-17416	-5540
-43205	-5224
3811	2010
-1088	-3641
1736	-5602
4455	17544
4581	-5602
3425	5950
3383	9240
3501	23460
4014	23630
3698	-5571
3619	-5352
-11303	-5526
-18689	-5598
3395	-1126
4847	-3888
3926	-5559
3555	-5585
4509	-5524
4100	-5601
3576	11698
4444	-4722
4563	3510
4548	-5567
3700	-5592
4465	23005
4443	-5583
-12433	-5593
-20699	-5602
4515	-5595
3965	-5098
3824	-5602
-11922	-5589
4429	26482
4538	-5585
4507	-5600
3424	-5098
4995	17101
4433	-5601
-21836	-5599
3573	-5558
4697	-2098
3563	26264
4203	-5556
4419	11063
4069	886
3787	-4276
3787	-3698
3536	-2718
3976	23888
3684	-5594
4953	-5518
4552	-5128
-20022	-5577
4449	923
-17360	-5583
3958	-4989
3480	26175
4353	-5454
3407	-5598
4293	-5570
3722	12796
3384	1890
4556	-5138
4609	-5572
4063	-5598
3647	-5602
4726	-5496
-9401	-5595
3944	-5593
4853	-5476
3684	14040
688	1256
1960	-5602
4130	-5597
-28745	-5181
3788	-5577
3832	-5597
1491	-5601
-580	-2516
3624	-3985
4275	-5583
4542	-4452
4604	3954
-5395	-5593
4510	6763
-46158	4041
4406	-5345
3711	-4902
3550	-5575
4332	-5565
3600	-5595
4621	17885
3645	20541
4520	-5601
-20108	-5590
3857	-5577
-40564	-5602
3855	-5590
3284	-5576
4828	-1357
-12381	-5578
4875	-4286
-7414	-5599
4754	-3440
4701	7700
3880	-5153
4425	-4200
4907	-2495
4320	26188
4641	-5574
3656	26551
3628	25273
-17729	-5566
4346	6409
-24272	-5598
4344	-1031
4307	26209
-9116	-5601
3882	12329
3931	-3324
3638	-5576
4110	-5573
4501	7953
4597	-5518
3823	-4575
4754	-5377
-16894	-5600
5002	21501
4517	-4534
3899	-5127
4469	-4919
3618	8457
-12470	-4934
3811	-1864
4520	5247
3620	-5598
3291	-5384
4982	-5217
4207	-5602
-27895	-5441
4373	24204
-23995	-5509
3966	-5521
3804	-4994
-22370	-5601
3938	26539
-1377	-4648
3542	-4571
4877	10004
-9146	-1652
4517	13021
3818	-5590
3590	-4775
3332	26353
4893	-5602
-20221	-5599
4518	24446
3625	26535
-1152	-2617
4517	-5233
3653	26432
5018	-5487
3947	-5476
4816	23697
3750	-2847
4457	-5601
3855	-3987
3552	26416
3817	-5588
4599	-1924
4581	502
3634	-367
3490	-5602
3643	-5594
4524	-5433
4024	-5579
4525	-5354
3544	-3936
3331	-5229
4945	-5420
3667	-5589
3623	-5559
4610	-2862
3520	-4688
3678	-5598
-545	-5568
4546	25051
4429	-5267
4408	-5562
3981	-5600
3864	26357
4764	23984
3855	-3465
-1972	-5584
3323	11393
4291	-5592
3625	11059
4424	-5413
3541	-5541
4403	-5384
3606	-5576
3627	24990
4985	3920
3667	-5596
-9511	-5402
-587	-2518
4409	-5473
4488	-5601
4590	-5550
-823	-5383
4394	4413
4446	25647
4178	15839
3748	-5462
3661	-3492
4803	-5586
4581	-5271
3713	-5602
4448	26418
-41552	-5602
3786	-5497
-24844	-4004
3920	-5592
-9660	-5554
540	-5543
3680	-5599
4700	-5600
4534	-4774
-2956	-5602
3751	-5595
4229	-5602
-24724	-5563
4557	-5448
3559	22823
-24419	-5559
3363	12206
4662	5737
3670	-5505
3986	4361
4519	26406
-814	-5601
4686	-5527
4407	19923
3584	26450
3734	-5071
-9715	-5384
4364	5116
4056	20731
-10947	-5602
4502	-4893
1943	1667
103	-5594
3577	-3748
4278	-5367
4484	-5592
3386	26496
3699	-4959
3634	-5600
-13473	-5602
-27842	-5511
-1117	-5602
4720	25967
4884	-4687
4398	-5457
4634	-5488
4671	-5583
4938	23275
4985	-5592
4315	-5475
2350	-5600
3766	-5537
3851	-5546
3958	18546
-20791	-5383
3868	-5229
3653	25424
4326	188
-46364	-5454
-1103	-5571
4504	-5377
-12282	-5589
-30670	24331
4559	-4780
3655	-5482
4572	25302
-452	-5518
3655	-5568
3478	-4953
-19879	-5599
3768	130
4998	26321
4838	-5554
4342	-5551
3704	-5355
3425	-5575
4388	-3722
-11381	-5569
3644	17252
-1010	-5579
-32003	-5599
4491	-4740
3601	-4575
4743	-5555
3868	-2521
3738	26405
3479	-3159
4548	-5556
4840	-586
4481	-5596
4999	8577
4399	13743
-8178	-5576
4463	-4700
4527	-5596
4455	-5581
-23565	-5545
3602	-5419
3375	17835
-27793	-5582
4518	-5409
4937	-5583
346	-5582
4592	-5281
4338	-5463
4566	-5576
-17567	-5600
4008	-2565
3494	25875
3377	-1559
3948	-5590
3358	-5171
3414	-2356
4526	-5600
3859	-5546
4734	1477
3909	17402
4562	17213
3402	-5596
1547	-5567
3662	-5553
3850	-5588
3784	-5602
4696	-5601
3815	-5555
-448	-5592
3790	-5462
3761	-5087
3320	19910
3605	-5478
3771	26381
4244	-4571
4498	23502
3409	5360
3372	-5402
4569	-5380
3829	-5573
3929	-3777
3752	-5483
4804	-5594
-877	-5594
4387	-5368
4525	-5065
3916	-5593
4925	-4550
4579	-5440
3838	25297
4890	-3788
4131	4018
4500	16344
3584	-5603
3555	13636
-1003	-5597
3499	-5517
4589	-5581
-40596	-5597
4493	-5603
3997	-2238
-11968	-5353
-10849	-3550
4555	-5603
3744	-5600
3960	-3830
4097	-5601
-12574	-5599
4553	-5597
3926	-5441
3500	-2266
3540	-5572
4733	-1486
-34728	-5564
-25370	-5597
3739	-5326
4404	7682
4548	-5569
3994	7202
4503	867
4719	-5570
257	-5566
3746	-5573
-754	-5562
3663	-5548
3805	17379
4537	26539
-41862	-5603
4030	-5105
4392	-5166
4523	-4836
4409	-5589
-557	6053
3398	-5600
4512	-1467
3444	3029
4194	20346
4546	-5237
4533	12716
4422	-5589
3388	-5593
4703	-5236
3326	-5045
4582	-5564
3361	-1146
4027	-5599
4465	26087
3373	-4425
4369	-5595
4355	14194
3449	-5321
4408	4301
-466	-4747
-14246	-5601
4537	26172
-8838	-5589
304	-5602
3644	-5510
4112	-5598
4570	2606
-28956	-4715
3649	-2769
3338	-5602
-23714	-5588
3587	-4836
4217	26168
4710	3308
4493	-5231
3999	4072
4604	-5535
3369	-5518
3690	2149
-19689	-5444
3385	25436
4360	-5323
4573	-1622
3315	-4646
4941	23957
4432	-5504
-20914	-5588
3859	-5522
3537	-5575
3487	22527
4518	-5403
3851	-4921
3425	-4842
3457	18991
1916	-5591
4493	-5545
3495	-5019
-38153	-5601
-327	-5558
-5291	-5456
-2889	-5597
4568	24259
3359	-5191
4958	-5586
3734	19095
3781	24405
3333	-3196
-33187	-5603
4506	-1439
3314	26121
4496	-5598
3867	-1183
-36073	-5051
3711	-3427
3378	-5516
4381	-1022
3602	-5575
3642	5537
-11854	-5602
4661	-5602
3583	22762
4489	-5593
4512	-5315
3881	-5451
3406	-3408
4320	-4366
4483	-4963
-13367	-5600
3556	5723
4060	26551
4524	3550
3615	20568
3644	-5563
3404	-5474
3988	21075
3922	-5123
3787	12718
4466	-5600
-19015	-5520
3483	-5023
-1130	-5602
4867	26201
3655	7934
4519	-4764
-19861	-5600
4483	-4933
4315	307
3748	-4820
4456	-5564
4742	-5359
4398	19056
4593	-5460
-25135	-5566
3800	-5076
4553	-5536
4149	1346
-42903	-5490
4568	-5547
-597	-4984
4495	-3871
3574	23974
4429	-2174
4560	-5422
3506	25588
4650	-5497
4600	-5602
3846	-5576
-1094	-5596
3698	17766
3622	-5546
4532	-4239
-5273	9582
3757	-5595
4424	7948
4423	16969
4937	20906
3508	23713
-12384	-5598
4478	24347
3938	-4755
4775	26524
4500	26140
-18922	25216
3698	-3861
3389	26416
4539	6007
-1138	-5603
-9542	-5593
4667	5650
-8354	-5602
4567	-5272
4997	-5600
-12345	-5442
3571	-5564
4899	-5478
4237	-3272
4382	-5602
-236	-5478
4415	-5531
4488	517
3482	-5384
3741	-5511
3967	12880
4538	-3246
-34149	-5558
381	-5580
4610	26425
4586	6628
4615	23453
-18160	-5563
3851	26342
-15610	-5079
3579	-5557
-3947	-5601
4058	3370
-642	-5602
3754	-3328
3731	-5597
4537	-5267
4144	-4918
3578	-5591
3591	26332
-4438	-5600
4575	-4563
4256	-1092
3582	-5474
4557	-5602
3643	-5464
3392	-5531
3573	-5596
3614	-1733
-1102	-5595
-48672	-5368
3702	3162
-43507	-5579
3538	-5602
3957	-5601
4531	-5528
4688	20405
4176	-5549
3581	26523
-1775	-5593
3859	340
3425	-5588
-11181	-5603
4296	10014
3608	-5559
4661	-5499
4914	-5601
4514	1924
4643	-4481
4555	-5596
-4792	-5483
4500	-5552
4256	-5506
-839	-382
-23980	-5602
3668	-5280
4290	-5505
3717	-5599
4667	26550
4006	26498
3400	24944
-28002	-3093
-1362	-3421
4961	26361
3279	-4789
3601	14809
3662	528
3366	-5595
-20152	-5528
4002	-5522
3596	18659
4572	-5252
3236	-5594
4578	-5316
3713	-4892
3778	-5546
-1166	-5559
-19028	-5537
3627	26500
3832	-5323
3615	-2250
-16316	-5518
4674	-5578
4926	3347
3670	-5153
4672	-5600
4395	-5596
3886	-5601
4463	-5602
-13075	-5598
-40143	-5361
4708	-2252
4533	-5555
3630	-5579
3517	-5572
3752	-4064
3430	-5224
4408	-3661
1648	-5595
4501	-5263
3634	12020
3427	-5597
-1288	-5558
3657	-5550
3552	9915
4989	-5583
-437	-5559
4955	11018
4721	11086
3688	-5517
4974	26489
3860	-5601
3697	-5035
3657	18201
3429	-5599
4666	7868
3985	11516
4319	-5398
-1350	584
4510	-5549
4190	-5591
-5996	-5503
3618	26186
4688	-5205
1095	-5581
3867	-5599
4682	-5576
-32889	-4969
4180	-5585
-1525	-5559
3480	23843
4535	-5551
-9404	-5603
3899	26472
3566	-5593
-7085	-5206
3688	-5594
4581	-3308
5020	-5603
4617	-5500
-6153	-5576
3376	22154
-660	-3948
3641	12341
4540	-5600
4052	-5602
3748	-2708
3454	-5602
3815	-5598
3377	22920
4918	-5586
3908	-959
4742	-5587
4474	-1633
4966	3625
-8965	-5548
4547	-5414
3391	-5587
4500	-5582
-39969	-5586
3892	23634
1031	-5508
3351	20676
-17602	-5598
4573	24596
4584	11696
3934	26218
-1443	-5571
3487	23747
3519	-5529
4143	-3888
5009	1185
4677	24330
811	-5592
3382	6972
-55262	-5602
3840	-3115
3653	20145
3382	-5600
3670	-5298
3473	-5598
4565	-4114
-782	-5497
4521	-5600
4544	-5576
-29522	-5474
3368	-5410
4125	26552
4542	9780
3720	-5500
2014	4678
3898	-5602
4061	-4948
3411	-4517
4160	5170
3298	-5516
4501	18863
-23845	-5589
3450	14926
543	-3255
3666	-5596
4159	26091
3380	-2049
4570	-5548
3984	-5600
-8657	-5342
4459	-5064
4340	-5094
3600	-5602
3944	26143
4175	10762
3602	-5602
-3350	-5328
4179	-4625
3898	19546
-30763	-5602
-403	-375
3833	-3552
3390	5696
4446	-5569
4236	-5570
4575	13777
3650	-3345
-4284	-2557
3362	-5471
-10899	264
4565	13563
4283	25722
-1837	-3929
3768	-4732
-619	-5602
-32458	-421
-16886	-5376
-22087	-5569
-18442	-5598
4373	2161
-22911	-5602
4507	-5593
4056	-5601
3518	5486
4560	-5534
-19499	-5361
-25803	-5602
3934	-1328
3498	-5392
3806	898
4586	-5409
3570	-5477
4162	-5600
-742	-5370
-4316	11463
3435	-5469
4515	24786
3620	6075
4956	-4577
4713	-5527
-848	-5599
-708	-5569
4558	-5598
4535	-4046
-1494	-5484
4532	-246
4492	-5119
3786	-1876
3564	-5601
3605	-5320
4786	-4879
3988	-5043
3603	8170
4503	-5602
-188	-2157
4698	26422
4005	-5591
3968	-5602
-23321	-4341
4616	-5582
4578	-5596
4561	10763
4651	-4964
3717	2332
3514	-5217
3717	-4856
4545	25990
4227	-5285
3777	-5504
-8632	17772
-15807	-5587
4317	-5601
3515	8303
-12473	-5590
4496	22635
4470	-2989
4393	-5555
3731	-5596
4329	-5488
3666	-5544
3803	10167
4514	4283
4559	-4076
-52707	-5338
4599	-5601
3369	-5488
3821	-5566
3879	212
3597	14068
-56585	-5593
4236	-4866
3615	-5067
3363	-5281
3967	24703
3935	20471
3882	-5473
4509	2552
4498	-4636
-42468	-4970
4553	-4724
4102	-5515
4493	-5553
4280	-5597
-13588	-5602
4053	21937
3385	-5181
4159	-5231
3632	-5596
4379	-5192
3934	-5578
3690	9872
-893	-4226
3704	-2055
4003	477
-37660	-5045
4667	7395
4551	-5511
-12682	-4802
-47708	-5429
4576	-5391
-13641	-5512
3612	-5572
-22612	-5603
3845	23905
-39816	-5388
4607	-5596
3599	-5021
4388	8580
4597	14340
835	-5341
4565	14560
4593	-5598
3584	-143
3414	-5453
3641	2461
4088	-3205
-14647	-5589
4600	-5590
3550	-4920
-29069	-5602
3627	-5600
4648	-5516
3920	-5600
3759	-5494
4016	-1531
-1062	-5601
3769	22771
4681	-5095
4012	-5596
3881	2921
3595	-5367
4519	306
3638	-5600
3845	-5383
3757	25822
3522	-5596
1404	-5595
3602	-3714
4732	-5603
4660	-5597
-64396	-5528
4476	-5583
-1380	-5579
4146	-2182
-10244	-5550
3952	1506
4624	11277
3448	-5600
4734	-5601
4529	-5600
3655	-5601
3864	22891
3821	-5480
4534	-4545
4429	-5376
3462	-4018
-10358	-5592
3540	-5577
4605	-3945
3622	14113
5001	-5559
4751	-3416
-2645	-5223
3972	19380
3854	-5500
3391	-4272
3512	26313
3341	-4988
3713	-5578
4989	-2287
3368	-4080
3913	-5582
3543	25404
-16149	-5590
4545	14481
3667	-5000
-24960	-5600
-748	-4986
-7506	-3513
4719	-5554
4464	-5599
3614	-5598
228	-5574
3569	-4660
3980	-5572
4295	25144
4951	-3610
3680	-5596
4530	-5596
4005	24851
-23842	-5602
3343	-5554
-5062	-5585
3724	24865
4746	26096
3291	-5600
-18440	-5170
3691	-5448
3673	-5560
4580	-5563
-6024	-5476
4243	-4476
3347	-5536
3934	1465
-1053	-5586
4554	3767
3480	3676
3834	-5585
-1390	-5582
4552	-5585
4529	-707
4567	-1972
4942	-3033
3665	-4453
4519	-5253
3371	-5411
4520	20730
3759	22921
3634	-5271
3859	-4575
575	-5583
-31471	-5590
-13001	-5597
-1006	-5602
4072	-5453
-12830	-3660
3451	26441
-4724	-5591
3660	24779
-13826	-5602
3602	-5554
-15495	-5587
3370	9799
-1324	-3243
3623	-5568
4629	-2561
-2517	-5600
-659	-5598
3499	-5536
-52439	-5597
3754	4519
-9399	-5597
3506	-5443
-602	-5600
4661	-4918
3648	19680
4938	-5589
-1930	-5586
3429	-5599
3546	9235
-9036	-5532
4550	26271
3566	1976
4223	-4790
4287	-5591
3632	5625
4211	-5600
-40093	-5596
3601	8549
4123	1735
3533	26509
-717	-5536
4521	-5453
3342	23798
3488	-5601
259	-4927
4509	719
3347	-4561
3588	12575
3663	-5466
3686	-5597
4535	-602
-3805	-5483
3288	-5580
1861	-5603
4895	-5540
-20967	-5566
3670	-5319
4461	-5581
3661	-5584
4527	-2039
-1315	-4814
-45559	-5592
-50842	-5505
-22029	13243
3952	-5460
1026	-5545
4604	-5564
3450	-5602
4910	-4860
4589	-2739
4214	-5560
4945	-3685
4071	-2702
3634	-5573
3552	-5469
3601	-5601
4878	257
3558	21746
5004	22081
3924	-5478
-10153	-5331
3875	-5341
-2606	-5597
4500	-5462
3934	-5602
3907	-5445
-39805	-5597
3579	-5570
4010	-5590
-6918	-5598
-9985	-5439
4990	8986
4493	-5601
4538	26506
3298	14860
-1002	-5603
3759	-4371
4477	-1599
4479	-5399
3614	-5039
4349	25100
3585	-5364
-1444	-4835
4519	6756
3452	-5572
-3112	-5375
-897	-5568
3493	-5373
3472	-5499
-539	-5594
4036	-5595
3932	26412
4552	21930
4916	-5543
4060	-1992
4518	-5565
-42352	-5583
3882	-5587
4603	7667
4685	25656
3642	-5547
3549	-5551
3554	-5602
4087	-5563
3804	-5602
3890	20438
3411	-5592
-2724	-5349
4023	-5595
3658	26023
4522	-5577
4378	-5554
-42055	-5594
4544	-5598
3548	24107
-17866	-5324
3353	-5598
-2268	-5559
4016	-5600
3620	-5583
3947	-5281
4090	12361
3811	-5499
5006	-2002
-1328	1572
4494	-4954
477	-5293
4552	26248
3827	25943
3725	-2077
4459	23797
-25824	-4974
3601	-4720
-10965	-5446
3464	-5602
4373	22746
4990	-5599
4079	-4634
4497	22709
3627	-5592
3625	-5367
4403	-3991
-6088	-5565
4517	-5596
3531	-2117
-15045	-5537
3901	-5591
3554	-5574
-25342	-4973
4846	-5458
3935	-5588
4484	-3897
4038	-5479
4553	-5520
3896	-4717
4507	12758
-2137	-4648
4561	20457
3564	-5602
3516	25410
4559	2102
3956	-5544
-14012	-826
4502	-5501
-46966	-5548
3426	-5250
4241	18250
3916	12456
12	-3403
5050	26307
4509	-5596
-10862	8509
3694	4939
4850	-5405
3579	2335
3412	-5520
4852	-5245
3585	2931
3683	-1225
3877	-5602
4047	-5094
3668	-5601
3349	3873
3538	24693
4060	-5595
-707	-4167
3756	-5601
3876	-644
1238	-5603
-69496	-5336
4575	-5163
3482	-3348
3436	8831
-15296	-4698
4494	-5355
4484	26304
4220	-5354
3575	8633
4256	7551
4513	-5599
2028	-5592
3377	25785
-18065	-5595
268	-5595
4268	-4766
3539	-5568
3494	-5542
3411	26372
3798	24800
4512	12494
-694	-5595
-17161	-5595
3304	9711
2017	-1747
3439	-5254
3797	-5597
-11220	-5603
-51282	-5602
4526	21853
3898	-4889
4470	14645
3895	-5583
-43202	-5557
3985	-5382
-35183	-3085
4483	-5224
4493	-5251
-2062	-5478
4482	-5270
1777	-5586
3830	-5524
3573	-4993
3941	24287
4608	-3203
4554	1823
4291	-5551
4510	26384
-26855	-5546
3479	-5572
3510	-5210
3975	-5540
4497	-5467
3964	-5415
-829	-5603
318	-5491
-12941	-5603
-10040	-5589
4978	-4538
-41557	-4843
3450	18
4723	-5494
4101	-5234
3778	26502
4877	-5499
4419	-5483
3550	-5598
4585	-5576
-8609	-5600
1924	-5508
-1555	-5591
4490	-5469
3578	-5575
4528	-5598
3754	-5592
3539	-3099
4572	20767
4452	22397
3783	-5554
4290	910
-4560	-5529
-2077	-5586
3991	-5591
3625	24245
3575	-5584
4541	-4390
4432	-5110
3740	-724
4302	-5191
3671	6989
3927	-5513
4520	-5596
-780	-5574
3806	26411
3890	-5547
4520	13548
-4430	-5524
3848	24221
-639	-4935
4142	-4564
-7222	8356
3315	24239
4402	-5577
3362	18173
4176	12613
4677	-2219
4857	6776
4409	-5588
3862	-5584
4181	25075
4574	-5586
4455	-4252
4097	-5344
4519	-5599
3941	-5566
3825	-5586
-7425	-5480
4643	-4895
3933	25757
4321	-3959
3394	-3637
3529	-5452
3629	26436
3458	-5602
3825	-5260
-17386	-3072
3654	-5549
4576	-4703
3428	-5602
-1291	-5598
4831	24446
3756	-5575
-325	-5270
3752	4969
4562	22032
-41067	-2369
3825	-5597
3581	-5592
3804	3433
4844	-5197
-11641	-5598
4213	-5394
4021	16089
4445	-4552
-9938	-5545
-574	-5602
4497	-3275
4462	-5424
4396	-4973
4018	-5218
-45089	-5595
4521	-5550
-395	-5598
3461	-5400
-1369	-5603
3410	-1661
-9350	-5594
4588	-5589
3543	-1267
4842	816
-4362	-5199
1829	-4120
3582	20397
3555	24313
-258	-5599
4570	-5484
4151	-5034
-17241	-5591
-23187	-5602
4162	-5019
3855	-5583
4096	-3697
3868	-5543
3746	-3407
3828	-5598
3631	-3540
4521	-2384
4511	-5410
-9929	-4867
3737	-5536
3615	-4784
3558	-5353
4218	-5181
3948	-5600
-13957	-5343
4964	-5565
-1189	-5379
3343	-5597
-45900	-5602
3335	26421
4555	16420
-13722	-5603
4850	19010
4381	-5436
3602	6883
4976	16603
3466	6068
3848	-5503
-1573	1355
4532	1836
3572	4275
1845	-4300
4751	-5567
4515	-5410
4113	-5577
-1178	-5585
4295	-5595
-11588	-631
3575	-5591
3571	16197
3898	-5519
3439	-5600
4015	-5517
-12459	-1200
3794	-3280
4392	-5591
-1759	-5602
4962	15085
3529	3335
3934	-5038
-3201	-5579
-12326	-5586
3303	-4145
4535	-5583
3693	-5542
3764	-5576
4290	25836
4584	26552
4562	26327
3561	22832
-575	-5599
-11764	-5599
-557	-5505
-4005	-4607
4621	22759
3573	16846
3805	21642
4634	-5589
4045	-5492
3403	26441
4004	-5588
-20788	-5393
3536	-5548
3903	-4876
-1161	-5410
-7133	-5558
4406	-5583
3579	25734
3521	-5255
4191	14543
4418	-5601
-18887	-5546
447	-5584
3766	-5443
3585	-4928
4680	-598
4493	2446
4247	-2754
4477	12457
4435	26525
4380	-5567
3386	-5519
-38043	-5287
3969	9613
3357	-5418
3772	-5317
3820	-5592
-826	-5576
-847	-5523
4602	-5592
-11199	-5602
-17030	-5490
4999	-5167
4656	-5392
4226	-5595
4990	-5602
4023	-5589
-16201	-5483
-15300	-4991
3537	23954
-1790	-5588
-5206	-5585
4006	-4252
-2670	-5602
-37924	-5554
-22916	-5603
3315	-1158
4832	-5585
-35210	-5572
-7506	-5602
3595	-2112
4366	-5600
4606	-5599
4594	-2110
-372	-5566
-1011	-5557
3406	-4310
221	-4000
3831	-5529
4023	21950
4688	-5483
4537	26481
4806	5823
4424	-5484
3572	-5450
-19832	-5455
3898	20974
4458	-5594
3972	-5344
4958	-4291
915	-5537
4434	19514
-731	-5525
-4744	-5602
4482	-5545
3942	-1630
3820	-5602
4560	-5484
-40350	-5573
4320	13285
4403	-5581
-48988	-5598
4357	9875
4752	-5512
3609	-5419
3321	-1220
3946	2089
-1148	-5207
3792	-5062
4531	-5491
3895	-5602
-846	-5445
4625	-5528
4536	-5483
-21367	-5597
3530	-5256
3338	23745
3448	26541
3656	-1241
-14707	-5594
3361	-5347
4506	-5481
3955	4633
3524	-5449
4000	-5601
3405	-5453
3657	-3032
4569	-5528
3453	18676
4433	24960
4574	-5594
4508	-3312
-1564	-5394
3499	25860
64	-5603
3342	-4416
-36645	-5586
3749	-1381
3450	-2353
4306	26487
3475	-1174
-11844	-5550
4581	-846
4517	-4894
-20185	-5579
4518	734
4432	-5578
3608	-5506
-23398	-968
3783	-4387
3660	-5425
4678	-5562
3497	-5567
3880	-5592
-20180	-5602
-21466	-5587
3895	-4955
3830	-5584
4081	25605
4038	168
-1229	-5599
3717	-5438
3828	17940
4025	-5079
-1747	-5603
4342	-3244
4577	-1067
3716	-5588
3586	12500
4403	22430
-24129	-5504
-240	-401
4349	-5499
3958	26552
-13264	-5560
4311	-4883
4757	-5349
4354	-5562
3574	22829
3255	22805
-8634	-5564
-24324	-2770
3718	-5421
4276	-5427
-16117	-5477
4639	-2976
3492	25101
4999	20086
4578	18191
3526	-658
-437	-5597
4320	25899
3616	-5594
-46028	7020
4545	-5523
-30977	-5258
3413	1261
-29644	-5301
3471	-5569
3584	12556
-21560	-5565
3707	-4498
3614	-5083
4461	4306
4427	-4040
3673	-3635
-7875	-5603
4050	-5428
4143	25579
3858	-5596
4427	-5463
4567	24457
3331	15107
-16118	-5603
3603	9084
4108	-5593
4560	21136
-27939	-5600
4217	-5493
-49347	-5259
4455	-5588
3544	-2214
-661	-5598
22	-5555
-28863	-5593
3914	-5545
3615	-1337
3310	26496
3653	26545
4379	-5504
-19044	-5555
3846	-5344
4506	-5492
-1151	-5599
4488	-4996
-21846	-4197
4452	-4376
4575	-5477
3807	26458
4627	-5602
-11552	-5529
3315	-2612
3502	-5595
-1270	-5600
1871	-4430
4526	3230
4704	-1456
3743	-5572
4057	-5602
4231	-3290
4099	-5601
3562	-5598
4447	11454
-15657	-5602
261	-5591
1984	-3582
4498	-2871
4525	8713
3759	-5596
4282	-5589
4241	-5599
-744	-5374
3900	11609
3531	-5600
3581	-5363
-1114	-3913
3644	26548
3679	-4225
3413	20693
4325	6951
4503	3336
-18234	-5601
3276	-5588
-2219	-5595
3714	-5581
-1181	-5602
-632	2055
-12657	-3755
-12686	-5602
4522	-5318
4338	-5432
3737	-5526
4541	-5000
-18795	-5600
3625	-5588
-26010	-5563
3656	-5042
4913	23862
4993	11147
3471	9569
3912	23484
-16430	-5143
4094	-5588
4987	-5219
4525	19232
3450	-4683
-24879	9725
4950	-5602
3614	-5592
3596	-3333
4462	-5587
3510	-3643
-16103	-5559
-19272	-1995
3875	-5251
-20189	-5593
3762	23282
4584	-4575
4550	-5599
3784	-5203
-3760	-5600
3917	-5598
-9995	-5507
3744	-5266
3343	22871
4054	18736
-42510	-5602
-1254	-5386
4561	-5167
-30953	-1365
4220	12036
4497	-5592
-12648	-5599
3487	3473
3472	-4960
-10636	-4980
4751	5814
3417	-4132
3586	-3151
4417	-5598
-14136	-5595
3515	-5560
4525	-4615
3368	-5600
-32252	-2807
4522	5832
3324	-5592
3662	-4306
-27743	-5585
4541	-4456
3370	21260
3660	-5133
4483	24546
3658	-5493
-17164	-752
-704	-5602
3671	-3456
-1058	-5592
4446	-5560
-11138	-5601
4923	-4747
3577	17144
4625	26282
4665	-5583
4113	-5339
3415	-5598
3781	-4735
-1007	-1126
3271	24179
3884	-4349
3560	-5600
3642	-5596
-12899	-5602
3369	-5453
3388	-5596
4485	-5569
-26398	-5534
4331	-5518
3407	-2235
4654	-5568
3884	-3944
-8289	-5591
3363	-5567
4096	26248
-3825	-5258
3726	-5461
3481	-5221
3774	885
4113	-1956
3536	23595
-16161	-3123
3839	26216
-18960	-966
3657	-5600
1982	-5589
-3811	14367
5009	-5600
3712	-5601
-40927	-5574
4345	-5257
4297	26538
-26018	-5492
4615	24069
4500	-2582
-20531	-5409
-63	-5375
4499	8566
4498	-5592
3759	26417
-2903	-5598
4451	-1267
4914	-3071
3797	-5532
3512	-5157
-15025	-5584
4685	-5510
3528	-5526
4604	-5502
4536	-5600
-20697	17663
3729	-5598
3649	6987
4520	-5570
4147	-4955
4524	-5094
3514	26205
4962	16853
4447	20426
3829	-5457
4489	-4508
3370	-5593
4053	22705
4499	-5592
4466	25515
3656	26420
-28614	-5579
3896	-5567
3532	2737
4042	5855
4597	-5526
4353	23113
3808	-5514
-15870	-5578
-5113	-5564
4908	2115
3582	-1129
3773	-5482
3816	-5588
-21544	-5590
-16837	-5596
4312	9968
3366	-5527
4151	1362
-813	-5580
-2598	-5579
4464	-5513
3610	-3142
3779	-4130
4468	-5332
3491	-5603
4459	-5160
3316	-4244
4538	-1914
4411	-3055
3621	-5568
4502	26045
4556	-5562
4628	-3114
3886	-5601
3454	-5572
4487	-5556
3410	26520
-34172	-5038
4098	-5531
4556	3088
5022	-5512
4558	-3995
3833	18079
-18099	-5589
-29391	-5603
4301	26492
3691	7558
-17990	-5554
3720	-4359
3724	-5435
-9944	-5602
4995	-4141
3576	6885
-2441	-5538
4047	342
4643	-5568
4556	-5575
4591	-5601
-7235	-5601
4489	26538
4531	-5362
4568	10534
3833	-5585
3911	-5596
3754	-5601
1734	-5575
4557	-5598
-1566	-5555
3526	13341
3880	-5569
3727	25846
-4485	-5602
4517	26231
4555	-5260
-21540	-1056
-11071	-5602
4990	-5521
4546	-3824
4443	25834
3365	-5576
3978	-3672
3307	1890
4251	-2535
3669	-4456
4265	-4553
4983	24604
4842	24421
3780	26517
4558	-5567
-18289	-5371
4321	-3844
3930	-4936
4518	-5591
3689	-4663
1061	-5573
3560	24185
3480	-5589
4628	-4420
3859	-5596
-8404	-5603
3685	-3419
3462	10197
3762	-4747
4007	17237
4620	-2519
3707	-5589
3527	-5285
3888	-5576
4439	-4744
3836	-5598
3399	-5551
3790	-5545
3373	-1562
3881	-5586
3639	-5584
3331	-3561
4931	-5597
4588	-5548
1301	-3333
-11634	-5602
-35955	-5559
4887	26467
4548	-1124
4083	-5586
3513	4164
4101	-5600
4402	-5600
4921	-5586
-26007	-3177
-11947	-5565
3314	-5569
-26077	-5603
3317	-2658
4902	26485
-232	-5015
-23721	-5599
-3931	-5596
-48446	-5139
4536	19874
4576	-5595
3893	-5589
-36143	-5597
3623	-4588
3285	535
4835	-5601
4564	-5529
3672	-5598
3805	26496
4469	-5601
-6286	-5596
-7640	-5595
3506	20276
-12412	-5526
3588	-5225
3777	25630
3635	-2729
4540	-4381
4613	-5602
-1522	-5598
3611	-5490
-8191	377
3818	19476
3356	-5102
-38510	-587
3895	23381
3712	-2240
4484	-5560
3397	-4908
4425	-5595
4611	-4182
4995	-3573
2127	-5463
4427	-5595
3602	18761
3782	-466
4568	-5594
4528	-5593
4424	-2147
3340	-5583
4238	-5585
4542	-5471
4500	25146
3701	-5539
3423	598
-1032	-1628
-15097	-5366
5049	-5549
3636	1151
3564	-5602
4594	7667
4543	-4187
3595	-1448
-1795	-4297
3441	17961
3689	-5601
4960	-5570
4279	-5595
3643	-5449
3981	-1649
4279	-5556
3534	26407
3894	-5573
4563	-3322
4570	-3237
4828	25949
-21178	-5585
3344	-4467
-8445	-5536
4024	-4965
3507	14087
4490	20279
3562	-5603
-4928	-5592
3517	-4510
4629	-5592
4441	-5600
-11860	-5576
3557	-3566
3770	-5589
4021	-5494
4260	17129
4083	-4858
4438	-5595
3627	-4826
3781	26547
3767	4616
3835	-5596
4539	-3811
-2766	-5304
3746	598
4307	-5599
-19588	-5602
3580	20626
3689	-4726
-1107	-5601
3466	23672
-2133	-5585
3395	-4672
3815	-4779
4332	-5574
3780	8614
-30010	-5603
3593	-5592
3553	-5502
4542	-5347
4522	-5586
4273	1790
105	7193
4622	-5601
3924	14880
4574	-5592
3588	8770
-146	-5266
3776	-5576
4306	-5530
3394	-5312
4524	26485
3352	24710
3571	2342
-1398	-5450
4341	-3234
-10385	-5600
3883	-5406
3855	-5534
4502	-4468
4503	-5599
-1884	-5376
4650	-5595
3906	-5096
-7312	20552
-23641	-4821
4482	2613
3889	17855
-34523	-5525
4692	-5258
3900	3642
4543	-5597
3801	-5562
3343	-5572
3642	18289
3653	-5595
-36284	-5597
-1088	-5504
4279	-5316
4070	25858
3871	11927
4009	-5599
3409	23947
4668	20005
3519	6620
-7544	-5581
4573	-4888
3368	24931
4962	26528
3569	-5585
3579	9830
4538	-5530
-39111	-1683
1274	-5444
-48674	-5603
3797	25825
3718	-5051
3902	-5053
4218	-1932
4403	-4777
3777	-5601
3939	5345
3862	16660
4357	10853
-316	-5599
-57413	-5599
4555	-5599
3895	15159
-481	-5394
3776	-5563
3444	-5601
4178	16308
3696	-5577
3795	-5257
4341	-5556
3691	-5583
-19765	-5258
484	-5575
3909	-4949
3323	-4918
3559	-5591
-1611	-4962
-10646	-5593
-489	-5600
-534	-5594
4065	-5584
-33332	-5513
3576	314
-1401	-4529
3360	-5583
4588	-1106
3635	25120
4324	-5601
-1672	3298
3789	8942
739	-5508
4780	-5573
4620	-4861
-19070	-5597
-7933	-4679
3445	22074
3591	-3041
4025	-5602
4121	-3005
3583	-5557
4494	26448
3805	26540
4882	25108
3444	24810
3544	-5427
4130	-5573
3822	-5592
3350	-5519
4575	-5598
1868	-5516
4214	21448
-24447	-2737
4533	26331
3917	20066
-14535	-5463
-251	-5572
3933	-5564
4419	-5309
-62980	-4348
-20283	-5602
-611	-5541
3821	-5209
3759	-5599
-896	-5602
4545	-5603
3343	-2243
3502	-5592
4572	-5601
4675	-4890
3930	3238
-5523	-5559
4380	-5602
3755	-4677
4604	-5585
-21412	-5596
-21987	-5433
4493	26548
4181	-2115
3738	-5597
3817	-5601
4046	14879
4561	4446
3583	-4646
-20297	-4683
-16966	-5576
-567	-5602
3505	-2048
4548	-3335
4491	-1943
-21651	-5521
4009	2599
4408	-5592
3407	-5593
4764	-2365
3597	11836
4835	-5407
4236	-5598
3435	26468
3582	-5582
3550	-5582
-31195	-5600
3812	13652
-1479	13498
3784	15809
-733	-4931
3287	-3938
4479	-5495
-1014	-5581
3775	21717
270	-5540
3688	-5258
4949	-5601
3444	-5552
4490	-5523
3352	-5418
3723	-4329
3921	26453
-821	-5599
-16843	-5601
-21225	-5598
3466	-3402
3806	25732
4584	-5584
4495	-2735
3805	-4099
-14069	-5602
3678	-5275
-7197	-5365
-33672	-3980
3376	2512
4458	-5501
3699	-2697
3463	-5599
4578	-5422
3542	-5538
-468	-5324
3483	26505
4401	22818
3549	-4805
4175	-5507
3399	1548
3314	-5591
3798	-5433
4274	13686
-606	1314
3411	-5279
4521	-4378
-986	14422
-12854	26388
4863	10962
4398	-571
-383	-5601
-40783	-5599
3560	-5598
-45743	-5231
3390	14325
3634	-5545
4623	-5602
3378	-5579
-38780	-5603
3539	-5353
3261	8837
3328	26524
4467	-2733
-7313	-5601
-32252	-5602
4730	5866
3510	-1869
-11287	-5600
3481	16611
1883	-5583
4447	-5511
-2052	20427
4419	26353
3496	-2298
4427	25665
3325	-4476
3714	-5603
4497	-5596
4505	-5585
-15805	-5601
4633	6592
3611	-1105
-254	-5600
3502	-5599
-16568	23631
4313	-5310
4717	-4955
3619	-5588
-37520	-5602
4454	-5556
-883	-3697
-16961	-5600
4766	-5523
-16882	-5593
4563	21434
4698	-4677
5025	26309
4633	-5602
4034	-5101
3485	-5336
-9941	-3853
3461	-5595
3673	-356
3612	-5580
3350	26498
-1392	-5576
4559	-5510
4425	2081
3663	-3317
-35609	-5595
3662	-5564
-21040	23691
-2201	-5486
-30254	-5383
3912	-5557
3825	17477
3755	-5603
3652	-3986
682	-5575
-2880	-5539
-32711	-5583
3448	-5520
4098	-5539
3935	-4016
-21561	-5275
3929	26211
4679	18350
4226	4064
4513	-5585
5006	23036
3980	-5528
3620	-5603
378	-5598
4587	17972
4599	21046
3509	-5402
-12795	-5602
1523	-5579
4666	-4243
3469	-4752
3757	-3015
-3199	-5381
3592	-5574
3507	-5316
3649	12036
3590	-5466
4500	-3108
4745	21968
3977	-5507
3735	-5577
3843	-5339
4125	-5552
3392	-1387
4653	26552
3758	-5600
4438	-5600
4238	-5425
3677	-5600
-1200	-5450
3614	-5588
-12570	-4835
-46713	-5409
3384	-5602
3654	-5314
3914	-1689
-26055	-5602
3813	2644
-5524	-5595
4535	-3438
3605	-5593
3499	-5602
3578	-5180
4579	-1375
-77576	-5185
4999	-5472
4374	-5540
4496	25575
4084	17511
-28627	-5602
-1474	-5572
-855	-3613
3611	-5579
3454	26468
4899	16594
3644	-3217
4613	-3666
3775	-5404
4711	-4579
3795	-3005
-17890	-5407
3955	-5374
-3397	-5136
4099	-5600
4528	-5590
4514	-5587
-1434	-3991
4838	-4678
3669	25907
-2524	-5416
3737	-5587
-21493	-5596
-43539	-5602
-8028	-5602
3771	-5600
-1307	-5574
4470	-5520
3807	18090
4554	-5219
3744	9835
3335	-5595
3557	-3403
3610	13580
3550	1698
3957	14433
-44878	-5588
4998	-5603
-7433	-5602
3608	-5593
-13475	-5602
4963	-5564
3648	-3572
3516	4920
3325	-5597
3864	7563
3384	-5401
3905	17871
3613	-3854
4500	-5554
-10425	-5381
3329	13285
-2555	-5488
3665	-5116
3869	-2783
3819	-5358
3798	4105
3463	-5547
3735	13417
4564	-5584
3699	-4894
3865	-5584
4511	-3619
3892	-5149
3445	-5263
3415	-3939
-12541	16160
4119	-5595
4781	-5235
3269	-5321
4647	-5536
3544	22158
4529	-5558
3630	13894
-646	-4175
3586	2256
3725	1388
-15954	-4820
-39197	-5602
3602	-5595
3968	-869
-11750	-5595
4339	3454
4496	-5600
-180	-5601
-46448	-5596
3537	-3994
4378	14574
3366	26310
4554	18708
-126	-5602
4036	-5155
4529	-1447
4413	-4967
-3666	-5600
3886	21847
-10479	-5600
-422	-5600
4021	-5588
3700	22801
-1007	-5529
5037	-5591
4665	-4810
4533	-5590
3897	4050
4037	4495
3724	-5603
3895	-5598
4496	1924
4392	-5468
4584	-5148
-16	-5587
4545	22981
4615	-4580
3341	24394
3548	4956
-35585	-61
4213	-5596
-21171	-5561
4656	-3404
3600	-5536
1406	-5592
3278	-5599
-48563	-5601
-15487	-4801
4967	-5540
3343	-5174
-30157	694
4667	-5375
4512	-5589
4670	9313
-10376	-5602
4006	2618
4547	18720
4718	-5601
3754	-5421
4040	-5389
4469	-5602
4508	-5508
-54696	-3246
4748	26550
4537	-5384
3771	-5600
4893	-4201
-6291	-5555
3571	-5593
3883	25407
3390	1471
4343	-5573
3708	-5602
4262	-3709
4102	25490
4536	-5071
3600	-5199
4067	-5598
4531	9227
-887	-5600
230	-5596
3260	-2463
4423	-5342
4604	-5304
3590	22213
4514	-5080
3342	-5598
4432	6091
3655	-5599
4508	-2821
4540	-5378
4067	23003
3625	-3289
4691	-4197
-1168	-5603
3606	-4872
4613	18812
4367	-5592
4504	-5518
-3832	-5591
4190	-4783
3325	-5585
4349	-5585
3856	-5596
4872	-5509
3947	-5599
3299	-5574
3801	26226
4825	23607
3423	25685
3944	-5599
4895	-5032
2026	-5488
-1560	23956
4545	-5536
1884	-5593
-2157	-5588
4387	-5560
3971	-5367
4614	15133
-749	-5601
3560	25038
-10363	-5603
3484	-5565
4463	14913
-84	-5429
5008	-5596
4540	-5574
-46288	-5598
3338	-5348
4494	-5355
5011	-5530
3621	-1581
4454	-5597
3637	-5436
3586	21831
4457	-5566
4353	-5588
3890	-3970
4073	-5354
3660	-2741
4613	26545
4025	-5507
3377	11124
4026	26451
4566	-5599
-5885	-5601
-1497	25503
-2027	-5250
-15111	-5599
3551	-5512
4461	8677
4532	-5461
4020	-5600
4492	-3859
-16637	-5603
3615	-4946
-40112	-2208
-19040	-4442
-2369	-5470
3698	-5427
-1248	-5418
4966	-1359
4337	-5553
3400	7463
2196	-5598
4769	-5337
4221	3691
-3038	-5588
4474	758
4062	23220
4632	17331
-17123	11706
3442	21009
4129	-5247
4564	-4265
3355	-5594
3383	-5601
3536	8810
4504	20833
4454	-5525
-32855	-5583
3594	-5535
-781	-5587
3662	-5497
5023	4661
-1532	-5600
4521	-5599
3752	-5337
-1079	-5457
-12972	-5491
4459	10948
3935	19784
3539	-5474
4449	21681
-7553	-3942
3753	16983
3821	-5513
4445	-5152
4751	-5598
4588	4992
3554	-5502
-12251	-5601
4555	6256
4650	645
4023	-5569
3576	-4790
3340	4019
-22973	-5603
4487	-5600
4467	-5597
3569	-5589
3588	20360
3446	-5589
3783	-5594
3699	-5591
3978	-4682
5009	19162
3619	23649
4759	-4976
3586	-4076
4583	26498
-9986	-5511
4486	-5313
3667	-5269
3633	16128
4497	-5515
-19191	-5494
-24491	-1703
3447	5906
-5166	-5581
-589	-3262
3615	25066
4449	-4837
4494	25227
3643	24755
4550	-5599
3930	-5550
4622	-5179
4544	-5475
-2887	-4838
4318	24248
3973	26532
3500	21944
4575	-5578
3331	26209
4379	-5601
4024	-5434
3551	-5069
3957	-5432
4532	-5544
3581	-2702
-1110	-5593
3299	477
3492	17630
4407	-68
4571	-5582
4531	-1338
4253	-5040
3787	-5602
3437	-5595
3805	265
4974	-5350
3993	-5195
3506	444
3384	-5601
4929	-5565
3557	-5589
-30231	-5553
4504	-5601
-1031	-4553
3740	8065
-40462	-5602
4544	-5596
-854	-5180
3956	16416
3627	5152
3522	-4961
4486	-5504
3406	-5531
3305	-5600
3712	-4174
3868	-5539
4514	-5444
4719	-5418
-14607	10025
3381	-5593
-3047	-5515
3624	-5232
-843	11287
3682	26501
4633	-5570
-47723	-5598
3348	-4859
4468	-5203
3749	-5322
3377	18857
-924	-5467
-751	-4262
3703	-5580
4422	-4770
4000	-4848
4650	-5599
3641	-5404
4565	-3278
-962	-5538
4099	3942
4117	26550
4113	-5540
4501	-5535
3400	26449
4455	-5466
1558	-5599
-15489	-5602
-16920	1893
3975	-4755
4846	-5536
3606	-5595
4890	13456
4617	-5523
4535	23215
3430	-5526
4479	21411
3796	5565
3388	-5596
3488	-4031
3726	-5527
-1124	16336
3618	-3764
3654	-5259
3893	-5542
3619	4672
3587	-4823
4523	-5599
3583	-5464
4294	-5601
4530	4676
4990	-5061
3471	-5535
3928	-5214
3419	-5598
-427	-5597
3655	-3406
4542	-5563
-10533	-3890
3307	-5491
3629	-5602
3620	26156
-1483	-5531
-37045	-5456
4119	-2422
3573	19654
3859	-5597
3792	-5210
3483	-5205
-34862	-4689
4707	-5531
4112	-5444
-415	-4738
3595	-5549
4515	-1466
4466	-97
4933	-5012
4731	-4281
3571	-5184
-10085	-4130
4539	26243
-14330	-5487
4123	-5603
4001	26547
4947	21855
-17911	-5270
3953	25
3883	-5198
4517	-5588
4535	-3193
4980	-5589
3830	-2474
4315	-5590
3625	-3543
5028	25475
4965	-4837
4555	-5355
4580	-5006
3464	19125
3505	15194
3979	26405
3776	-5595
-1205	-5381
5016	-4828
-5998	-5580
4454	-3169
3811	-4979
3300	-5175
1571	24411
3960	-5589
4331	22470
3689	-5601
4456	-4664
4615	-3028
4647	8037
3332	15983
3525	24851
1360	-5602
4719	-5599
1702	-5584
-9846	-5599
-1958	-3765
-1116	-5580
3668	-2810
-7682	-4204
-11502	-5600
3563	-5563
3841	-5598
4478	485
3556	-5539
3723	-5570
4532	-5382
3512	-5396
3392	-5537
3299	-5601
4466	26511
875	-5588
4485	-5461
3594	4605
4866	-5158
4107	-5596
3563	-5595
4466	-3174
3812	-4626
3746	26552
-33523	-5600
3802	-5599
-2751	-5598
4519	-3549
4488	-5552
4498	-2272
4049	-5589
4582	26513
4582	13538
4537	-5563
4382	-5577
4941	1157
5013	-5582
4404	4289
3569	-5602
4110	-5495
3268	25808
3874	6543
4160	-5427
4980	-5141
3647	24829
-509	-5593
3390	-5405
3440	26014
-33379	-5603
4878	6194
4297	-5452
4336	-5600
3969	-5601
4433	-5600
4741	-5576
4709	-5598
4459	-4856
243	-5601
3388	-5597
3436	25949
4419	-5601
4613	-5585
3526	-5487
3445	22290
3257	-5565
-1198	-5596
4473	23789
4174	10187
3975	15679
-1438	-4713
-10914	-4790
3479	22128
4666	-5308
4113	-5535
3975	-5580
3782	2861
-5140	-5521
3786	26241
3611	20777
3338	-3095
3415	-4594
-1678	-5601
4390	-5529
3498	754
-5495	-5583
-10555	-5602
4557	2567
-21231	-5601
4367	-5543
3485	-4740
-24077	-5599
4657	-5594
4270	-5591
-2180	-5512
4414	-5579
4970	6497
4515	-5593
-32316	-2695
3627	-5406
4572	25244
4551	17834
4781	20692
4654	-2771
4098	-4260
3757	-5596
3633	-5594
4518	9835
3466	21467
-31878	-5305
4996	-5575
4394	-5489
4930	26228
3846	-5601
3618	-5590
3493	3977
3519	2433
-46036	-5602
3652	-5592
3469	-4377
3756	26230
4068	14182
3615	-5541
3360	-5571
-2053	-5603
4551	-5407
4445	16734
3473	-5581
-3923	-4920
3624	-5591
3529	-5363
3322	-5483
3614	-5081
4509	-5569
-31726	-5575
3610	-3690
4720	4747
3668	-5361
4470	-5601
4471	-5556
4684	-5335
3654	-1122
4322	-5489
-28767	-5600
4608	-5600
3545	-3912
4533	-4506
4556	-5593
4646	-5575
3652	-5522
4544	-1066
3750	-5456
4177	-2021
230	9446
4511	-5046
3816	-5566
3658	26092
-74	-5587
3536	2418
4521	230
4709	13796
3657	8739
-12325	-5602
4541	-5310
3839	-4661
3764	-5580
3933	-5592
3883	23213
3373	-5598
4516	-5522
3797	-5601
-22585	20078
-31782	-5600
3358	-5361
4386	26177
4574	6851
-603	-5562
3696	1099
3421	-5420
-11645	-5597
3845	-5595
4946	26042
3892	9737
3556	-5600
3345	-5189
-1287	-5602
3715	-741
-946	-5560
3362	-5563
3536	-5505
4527	-5602
3697	-597
3789	-5551
3759	-5602
4134	2795
-20011	-5599
4666	-4830
4502	-4188
4224	-5588
4297	-4909
3315	-5529
4562	-5601
3415	2012
4314	-5268
-17301	-5602
3623	-3023
3719	-3047
3284	-1480
4014	-5576
3811	1767
3589	-5440
3664	-5601
4774	-4689
-47345	-5194
3457	-5266
3655	19711
4575	-5602
4699	-5600
3849	-5602
3771	26367
4164	11423
-14093	-5587
-11954	-5594
4650	-5579
3527	-4783
-76	-5601
4575	-3983
4295	-4086
4495	23724
3701	-3727
-6965	-5577
-44496	-3907
3587	-2821
-411	17699
4511	-5588
3669	-5596
-1524	-5589
3508	2287
-8389	-5346
3935	-5531
3502	-5003
-14957	-5565
3427	25577
4427	-5600
4184	2323
-40698	-5603
2208	-5530
-411	-5603
4552	-5519
4586	-5167
4585	-837
4955	-5594
-3002	-5559
3598	-5583
3747	-5593
4924	-2661
3387	24711
4453	-5573
-1440	-5591
4968	-5598
-18682	-5602
-66116	-5601
-2727	-5594
3299	15839
3442	-5193
-8650	-5285
4445	7588
4618	26165
1136	-5603
-30675	-5592
4311	-5547
4500	-5533
-125	-5601
4571	-5275
-7752	-5469
-24926	-1250
-8752	-5278
4560	16386
3776	-5507
3558	26417
3672	-2176
-500	-5594
-27754	-5599
-45685	-5603
3457	-5588
3853	-5595
-76	-5575
4997	26549
3672	-5599
4517	-5481
4330	-5594
-11108	-5600
4581	26333
4455	-4841
3536	-2677
-22895	20499
4520	-5190
4512	-5596
4568	-5571
4618	-1161
4612	25604
3514	-4294
3797	-5602
4109	-5583
3856	-5569
3433	-3435
3343	-5475
-3865	-5599
4025	-5542
2001	-5592
-56510	-5536
-6616	-5122
4635	-5579
3896	-5600
-904	-4667
3591	-5579
4550	26060
4435	-1344
3643	-5270
3436	4253
3662	-5551
4489	-5587
4147	-5548
4445	-5558
-25154	-5601
4356	-5591
3445	-5185
4415	26508
3675	-5469
3894	-3986
-6715	-5596
3508	26413
3419	-5602
3555	-5433
3681	-5595
3982	18274
3859	-5595
-7708	-5531
5003	26276
4277	-5500
4635	-5202
1703	-5550
4633	-5602
4570	-4265
3354	-5192
-4751	-5603
-1732	-5589
4014	-5600
4589	-5583
4703	-5120
4517	-5600
4517	-4510
3541	-5600
3684	25900
4432	466
4028	162
4814	25183
3894	-2699
-7268	-5549
4419	3278
3325	16488
4524	-4897
4031	1149
4543	-5575
4526	-5042
-18822	-5594
4471	-5268
-15094	-5598
4332	9648
4577	-5460
1829	-5574
3573	26175
-2503	-1905
4353	-5551
-28623	-5462
4884	-5569
4399	20601
4518	590
3374	-5600
-9111	-5593
4492	-5426
4964	-5599
4990	-5569
3705	-5596
3631	-5570
3485	-5309
4852	12173
4141	-4664
3892	17957
-1400	-5583
3891	1814
-12261	-5597
4625	26441
4535	-5268
4952	-5600
4332	-5601
4757	-4367
3693	-5479
4506	3177
3705	-5341
3659	26492
3944	-5593
3588	25758
3727	-5112
3760	-5309
-7603	-3791
3724	-5509
-9336	-5599
3434	10815
-3069	-1204
3803	2639
3302	-5360
4314	2500
5029	-4846
-416	-5601
4194	-5602
4428	19208
4611	17252
-970	2818
-9843	-5537
-2732	-5601
4110	17449
3319	-5601
3484	25528
3400	24875
3631	2837
4537	-5600
3709	-5603
3936	-5541
3725	-3828
4556	-1397
4569	-5488
1065	-2918
4389	-5567
4658	-5582
3804	-5367
4098	-5601
3558	-5237
4499	21956
3643	-5601
3651	18037
4945	-5600
4551	4206
4408	-5569
-41419	-5578
4887	-5482
4059	15047
3615	-5602
4540	74
4688	22023
-4655	-5577
3573	-5584
3572	-5599
4424	18711
3435	-5581
4526	19883
-22558	-4895
3914	-5589
4510	-5309
-1320	-3975
3985	-5493
-903	-5594
4392	-5594
3670	-5591
3635	16170
4641	-4366
-15229	-5600
3519	-1570
4690	-145
4248	24814
4455	-5524
-3438	-4178
4455	4332
4017	-5601
4433	-5580
3290	-5242
1923	-5561
-1690	-2713
3533	-2767
3419	-5394
4055	-5569
4186	-4932
3847	-5597
3968	-1968
4139	10929
767	-5601
4683	504
-20406	-5542
4088	-5575
4581	-5587
-8679	-5600
5008	-5543
-14167	4402
3642	25558
4627	-5308
-16360	-5576
4259	-5450
-12097	3773
4526	-5509
-7115	-5602
4512	-1712
3931	26250
3483	-5391
3666	-3617
3645	-2658
3635	-5590
3718	316
4656	-5446
3903	14056
4171	-5564
3472	23572
4470	26543
-22686	-5602
4480	-5561
3730	-958
-855	-5602
3564	8352
4013	-5579
3876	23686
4485	-758
-26558	-5594
-4778	-2801
3410	-5548
4383	-4952
-7276	-5548
4036	-5456
4656	-5528
4276	20166
3669	-5595
-6358	-5587
4418	-5599
-17043	-5602
3275	25083
4878	-5238
3548	-5540
-27299	-5580
3972	-5508
3393	23878
3453	-780
3628	-5481
3311	-5572
-567	-5592
-1208	-5565
-19624	-5573
4508	-5581
-25069	-5586
4548	-4312
-31046	-5595
3800	-5602
4167	-5575
-12664	-5044
4539	-5216
3798	7292
3453	-5194
-13122	-4539
4671	-5601
-1453	-5601
-850	-5596
-21491	-5414
3553	-5602
-1194	-5597
3456	-5500
3346	-5533
-6733	-5601
3678	-5476
4233	-3095
3871	19535
-7441	-5526
3784	-3938
-39773	-5602
4542	-5580
3772	-5597
3637	-5560
3710	3381
3878	-5389
-26134	-5324
3745	-5107
3909	-5543
3662	-4932
4317	-5133
4083	26234
-15746	-3994
3995	10242
3972	-5109
4520	-3842
3537	-5594
3968	-5600
4567	-5111
-15125	-5602
3628	-5595
4575	-1412
-936	-5602
4276	-5501
3660	-5601
4556	25754
3476	-4472
3597	16745
-20927	-5596
3519	18886
-238	-5583
4193	-5586
3853	-5333
3430	26551
4716	-4233
4527	-5596
-1141	-5552
-923	-5601
1170	-5602
1349	-4859
-17470	-5588
4238	-5597
4552	3188
3688	-3632
4469	26189
-13229	4957
4547	13733
4000	20938
4737	2627
4202	-5601
4977	-5560
4599	-5599
3529	-5601
-31115	8916
4589	23883
3434	20966
4568	15416
-6614	-5111
4476	-5274
0	-5534
4523	-5599
3344	-4536
3810	-2104
3642	21175
3834	24641
3553	38
-1969	-5442
4214	22212
3626	-2391
3733	-2673
3830	-4444
-26178	-5602
4509	17317
-17389	-4130
-19490	20833
-1349	-5602
282	-5602
-11028	-5268
3618	-4994
4572	-2938
3631	-5601
4494	-5592
-32777	-5600
3934	-5594
3665	-5571
-9876	-5592
3833	26332
4448	-5317
-29348	-5602
4437	-5464
3931	-5402
-2537	-4599
4521	-5591
4487	-4825
1995	-5406
3537	-5603
3858	-5593
4495	-5581
4584	-5592
3616	21270
4503	-5600
4976	23451
-946	-5600
4483	-5237
-14237	-5222
4243	-5590
1782	-5455
3513	-5240
4997	-5275
3430	-5596
3453	-5403
3439	-2206
3698	-5585
3723	-2130
4724	-5302
3675	-5544
3796	5137
4061	-5432
4859	-5244
4034	-4882
-1185	-5401
4615	-5159
4953	-5602
4607	-3477
-12337	5977
-18312	-5599
4456	25382
-11553	-5600
4615	-4957
4285	-4047
3616	-5602
4650	-5541
4743	-5222
3449	7210
3983	-5132
3648	-5247
4983	-426
3552	-1737
-15459	-2420
4529	2934
3964	12317
-868	-5601
4507	2674
457	-5477
3761	-5593
4942	-4692
4223	20551
4361	9012
3661	-4895
3388	-4417
1999	-5555
-29171	1035
-1987	-4317
3611	-5395
3898	-5568
-8708	-996
4903	-5598
4500	-5564
4523	17702
3795	2266
4162	-4555
3513	-5516
3751	25100
4478	-4824
4038	-5480
-25118	7893
5026	21286
3346	-5579
4072	-3202
4692	-3624
3791	10646
4386	7398
3637	-5602
4624	-5522
4723	-5439
3680	-5179
3890	-5581
-6261	-5598
4502	-4646
3425	-3472
4272	-5602
-4098	-5599
-73	-5600
4525	-5563
3398	-885
3684	-5533
4523	26136
3379	25153
3429	-5549
3805	-3834
3875	-4006
3463	-5560
3553	-2551
3960	13261
3707	-5350
3615	-5588
3461	-5592
4372	-2088
-8359	-5599
4576	2052
-13756	-5529
3543	-5331
3835	1155
-15275	-5539
967	-5603
3815	26228
4633	-5572
4290	-5265
4506	25969
3783	15574
3631	21967
4616	-812
-2499	-4426
4525	-5534
-1141	12045
4523	-1054
3408	-3376
4470	-4734
-10277	-3840
4258	-5585
3389	-5591
4511	-5591
671	-5602
3568	-5557
3876	-5580
3901	-2194
-2085	-5579
4517	-4807
3348	2945
3680	2348
3692	-4867
4535	-5600
-4180	-5434
3708	-5580
3399	8518
4510	-5463
3559	2535
3819	-3819
3863	-5596
4293	-5576
3672	-3750
3763	-5273
3567	6292
4535	-5576
3452	-2174
3331	2266
-48092	-3736
4509	-5601
-9652	-5038
4512	13635
-22110	-5581
4061	-5561
-11784	-5601
4682	25570
3669	-5583
-1079	-5600
-27626	-5496
3942	-5284
-666	24416
4660	-5537
3355	-5547
3673	2205
-3762	9180
4513	-5550
1614	-5590
4606	26181
4399	10627
1685	-4654
2014	-5598
3477	-5598
-21067	-4937
2014	-5489
42	-5602
3482	-5528
3966	5964
4844	6789
3635	26551
4596	-5599
3901	-5577
4556	-2004
3908	-5572
3582	-5237
3772	-5316
3345	-4497
3400	20498
4124	-5225
4679	-3935
3379	-5593
-22875	-5594
-1965	-5603
3561	-4730
4535	3559
3405	-5583
-18876	-5601
4608	-5469
3704	8105
4971	-5558
3675	-5101
3860	4272
4892	-3664
3673	1894
-4253	-5587
4122	-5571
-758	-5595
3373	-5592
-144	-5597
4355	-4682
4549	-4972
3405	-5594
3486	-5602
3853	1023
3648	-5227
4427	58
4507	-5597
-8134	-5582
4490	26388
3429	-5597
4436	-5583
-20788	23192
3937	-4384
3501	-5601
5032	-5329
3770	13525
3637	-5413
4233	-4786
4392	-5514
-38669	-1003
3384	-5578
3659	-5554
4802	-5586
3987	-5596
4435	-5586
3424	-5578
3715	19023
3574	-5443
-22841	-5341
4201	-4997
-1490	-5062
-101	-5392
4628	-5588
4414	17117
3683	10594
4990	4024
4438	1324
4085	25544
-39814	-5600
3516	17894
3866	26379
4019	-4079
3763	-5572
3490	-5257
-9554	-507
-938	-5547
3595	26539
-13546	-5596
3749	24331
3641	-5557
4517	-5311
-14357	-5584
4703	763
3786	-5569
-787	-5601
3596	-5601
3460	-5590
3488	-5207
-43482	-5597
4504	-5537
4511	-2896
4906	25313
3621	18077
3688	26214
3853	-5134
-11137	-5593
4167	-5527
-7910	-5599
3646	359
4583	25906
3927	25299
-765	-5602
3678	26153
4672	-5585
4483	3285
4579	25955
3400	-2962
3963	-5448
4417	26047
3808	-4845
4484	26354
3910	-5601
4496	-4963
4698	-5239
3744	19927
3748	-5600
4004	-5599
4632	18151
4051	2326
3454	-5594
-1358	-5224
4685	-5528
-1663	-5563
3761	24476
3989	-5519
4354	-2878
4498	-5563
-4716	-5603
3969	-5597
4511	-5597
4597	-5565
571	-5547
-11228	-5600
50	-5307
4808	26253
3624	-5476
3295	26276
-999	-5598
-16496	-5601
4569	26538
4507	13953
-19554	-5593
3494	10617
3965	-4492
3543	14710
-37887	-5576
4548	-5432
4807	21950
-63707	-5585
4137	-5559
4460	-5532
3627	-1414
3485	26048
-2192	-5511
4587	-5404
4430	-5594
3923	-5579
3628	26507
4531	-5580
4543	-1598
4464	24346
3576	-5591
4645	-4500
3850	7921
3960	-2462
3464	20542
4052	9029
4330	-5377
3585	3147
4668	6227
-864	-5587
98	-5600
4349	-5591
4494	5578
-8452	-5602
3908	21134
-19001	-5603
4427	16319
4364	-4750
3568	-5516
3442	-5601
3594	-4052
4377	-5486
3651	-5601
4660	-5531
4008	-5563
3543	-1380
-895	-5517
4485	-2313
3671	-5525
-18844	-5602
4657	-5587
4596	-5296
3526	-5558
3360	-5602
4519	-5532
-33946	9471
-23040	-5506
-20489	-5601
4698	-5504
4476	24166
3448	-5159
3379	-2755
4254	-5459
4754	-5514
3985	-5579
-5112	-1585
3862	-5566
4285	-1678
3500	26537
3421	-5589
3536	19118
4031	-4601
4688	-5361
4998	-5591
-922	-5603
3396	-3208
3355	-4175
4539	176
4110	-5598
-20765	-5590
3330	-2891
4155	-5449
4168	25293
4979	-5592
4108	-4630
-1301	-4716
-45988	-5594
-982	-5603
-18996	-5554
4254	-5512
3357	-5490
4588	-5598
3578	-5596
-22295	-5546
4553	-3171
3331	-4888
3420	-4642
2048	-5522
4736	-4937
-1009	-5600
3908	-5598
-5583	-5260
1876	-5596
3779	-5540
4470	14478
3541	-5597
3311	2461
-38769	-5599
3540	16847
3660	-5601
3699	7376
-32960	-5600
-1219	-5559
-19490	-5591
4494	10144
3717	-5367
4909	-5592
3580	24022
4187	-5598
3972	-2229
3371	-604
3663	20301
4930	-4667
-18612	-5602
3406	-5602
-10374	-5592
3815	9159
4575	-5361
4578	-4178
4583	-5505
-1340	-5218
3496	-5087
-1088	-5592
4492	20024
4579	-4023
4248	4828
4492	-5602
3595	-5510
3731	-4128
4435	-5399
3470	-4785
4504	-4939
4512	-4033
4607	-882
3301	-5420
4609	-1548
-13483	-5603
3578	-5503
4618	-612
-445	-5596
4231	-5272
4670	-5433
4883	-5468
4525	-3684
3834	16205
-33217	-5571
-1583	-5601
-32704	-5602
3835	-5586
3283	-5583
-13872	20749
-6515	-5568
3417	-5600
4553	-5598
-982	-5602
3501	23759
4452	-5481
4371	-5596
3945	3504
4424	12109
3662	-5502
4545	-2797
4614	-5553
3843	-5555
4505	-5403
3521	26508
4538	11161
4414	-5577
-19416	23873
4569	-5547
4814	12566
4532	-5458
-24879	-3737
4731	-4542
-2861	-5582
3633	2809
2011	-5433
-46561	-5602
3494	-5596
-1670	-5599
3397	-5596
4927	-4052
4042	2343
4642	-5368
4069	25030
4538	-5253
3785	-5221
3546	10359
3406	-5586
4137	9155
-153	-5345
-26201	-5601
-1200	-5602
4531	24249
3738	-5580
3782	-5226
-9396	-5593
4456	4106
3593	22182
-25490	-5556
3318	-5049
3608	-5393
-374	-5602
3682	24993
3254	-5582
4290	-5149
-17410	-5137
4826	-5596
3923	-5601
4166	20207
4829	4202
-10207	-1516
3535	7189
3880	-5592
4468	-4737
3842	-5555
3339	-5598
4176	-4308
3623	-5127
4277	-4837
3778	-5488
2131	-5601
4837	-5549
3823	-5478
3904	-5428
3561	1853
4551	12636
3990	-5475
3290	25175
3945	19235
3818	25763
3596	1298
-43094	-3165
3296	12374
4569	-5583
4581	-5602
3939	-5602
3580	-5531
4299	23760
3593	-5535
-2822	-5602
4630	12626
3485	-4156
4457	8699
4479	5083
4143	-5429
4493	-5154
3850	-4966
4575	-5361
3274	-5091
3991	-1154
4545	25339
3628	9093
4506	-5598
4545	-5242
3549	-5602
4528	-1889
-48157	-5602
3874	-2401
3952	-2419
4661	-5597
3552	-5583
4244	901
4521	-5577
4461	-5192
3528	-5338
4342	-5476
1949	-5583
-550	-5343
-9640	-5352
4422	-3443
4016	24867
-45740	-5598
3990	-5584
3454	1313
5020	26498
4366	26129
-10474	-5602
3318	26092
-35248	-1296
3282	-5603
3481	-5578
4922	-1948
-26628	3379
3424	-5505
-32005	-5597
-864	-5603
4497	24184
3711	-4932
2060	-5598
3587	24942
3633	-5583
4715	-5569
3690	7422
-24637	-5207
-1112	-5597
3586	-5576
4399	-5572
4832	1139
-35852	-5596
4514	24525
4458	19583
4772	23682
-25953	-5596
3476	15428
3627	-5599
4236	-5602
-832	-5525
4481	22236
3532	22345
3823	-4912
-26406	-4657
4950	-5240
-1274	-4641
3682	-653
4044	-4631
-9602	-5588
4940	-4794
3716	9436
4735	20329
4469	-2520
3830	-5472
3893	-5402
-8856	-5241
4437	21776
4204	21949
4524	-5589
-1670	-5590
3327	-5593
3777	-3527
4379	-5537
3438	26544
-2	-5593
4966	434
3337	22134
3756	-5592
3628	25140
-13903	-5602
-854	-3811
-15782	-4712
4669	-5193
3645	25678
4553	-3528
3354	-5360
3742	8261
-37558	-5597
4640	-5498
3790	-5422
3872	-5538
4495	2729
-9641	-4315
3373	-3319
-1088	-5602
3727	18028
3865	15221
3410	-3068
4471	-5595
3854	23314
3423	-5592
3935	663
-594	4022
3391	6938
3687	-4398
-57299	-5575
3882	-2730
4515	-5598
4002	-5596
3959	-5556
5006	26276
3595	25746
3821	24380
4444	23523
3869	-5572
3508	-5586
-142	-5602
-25816	-5481
3661	-5534
4290	-5196
3514	-5599
4585	4728
4844	17335
4509	2127
3991	22103
-692	-5567
3420	-2746
3573	-5593
4582	-3104
1593	-5557
3451	-5446
-1247	-5554
4509	-5589
3917	-1770
3368	22367
4400	-5575
3778	164
-18023	-5352
3854	-4835
-6370	-4054
4430	17717
-9390	-5603
3711	-5038
4767	8308
3601	-5480
-21196	-611
-25878	-5530
-1962	-5234
4786	-5275
-24359	-3588
3854	-5077
3599	-5044
3698	10573
3447	16764
-1803	26337
3701	26552
3668	-4233
4558	-5530
4582	-5581
3524	-5602
3575	-5595
3662	25054
3332	-5568
-2829	13882
4958	4155
4971	-4262
3364	-5594
3551	10219
4277	26367
4229	-4383
3675	-5582
-28306	-5595
-18391	-5575
-3165	-5598
-15266	-5602
4294	-3759
4715	18906
3501	-5570
3870	139
3425	-5517
-491	-4172
-2381	-5595
4950	-5360
4221	-5477
4478	-2632
-33727	-5603
4375	-5599
3279	-3399
4597	-5590
4087	-3142
3351	-5597
4749	18810
3533	-5600
3524	-5593
-1715	-759
-1111	-5402
4497	-5595
100	-5544
4508	13899
-28877	-5570
4310	-5218
3717	3638
3925	-5594
3935	789
3379	-2613
3582	24713
4570	10680
3388	-5595
4231	-5566
3940	-5416
3485	-5526
-7788	14529
3721	-5590
3893	-5433
4955	17641
3535	-5602
4590	1214
4411	-5525
4284	4522
3964	-5579
-32471	-5595
-26778	-5598
3924	-2716
3540	-5484
3679	-5528
4949	-4759
3335	-5413
4569	6474
4512	-5601
-17833	-5601
3540	-4114
4460	-5543
3324	-3316
4558	-5283
3741	25733
4633	26534
-9353	-4934
3639	-5268
5018	-5603
3660	-5573
-13423	-5539
4574	-5600
3594	-5485
4613	-1505
211	-5598
4098	-3707
4522	-5373
3749	17999
3684	-5597
3728	-5601
3898	6303
4596	-5592
-10203	-4178
3600	-5270
-3420	-4110
-45854	-5596
3390	26472
3399	24911
3356	-5567
3993	-5111
4643	21497
4200	-5602
3722	20295
3669	-1013
4471	-5055
4633	-5603
4479	25097
3509	-5600
-8219	-5180
3756	-5594
3494	21138
-925	-5397
4069	-5250
3333	-5586
3956	26467
-9274	-5402
4009	-5004
4104	22578
3641	-4286
3957	-4915
3768	-5364
4601	-5538
4991	-5558
3518	4295
4141	-5589
3352	-5601
3695	-5234
4627	26489
-1629	-5595
3373	26157
-1124	-5565
-9618	-3025
3347	-5582
3742	-5420
3962	-5598
4515	24822
3367	24895
4965	6894
-15610	-5597
3589	11840
-15919	-5302
4650	-5281
4350	8735
-39355	-5483
-446	-5457
4552	8722
4533	-5602
4809	-5598
3664	5610
3481	-2836
4194	-5599
-2153	-5405
4514	-5481
4523	18417
3749	-4933
1644	-5599
3483	-5603
-894	-5509
-1025	-5599
3545	11117
-30987	-5601
4577	-5409
-8519	-5572
4038	-5499
1994	-5457
4899	26549
3492	-5525
3406	-5600
4480	-5400
-868	-5559
3358	-5556
-39896	-5592
-1030	-5601
-5706	-5581
4182	5460
-6117	-5302
4605	-4647
4509	-5599
3771	-5589
3850	22841
4047	830
3793	24968
3516	-4353
4201	-5582
3480	4892
4496	-5602
4686	26506
4546	-5515
-1048	-5595
3604	-2736
3423	-2872
3597	-4730
4598	-2118
3421	-4560
-124	-5601
-17494	-5602
3556	-5258
3918	-5362
3338	-2194
-37587	-5535
-17270	-5579
3954	376
-33638	-5422
4556	1331
3600	-4996
4787	-1929
3543	-5594
4505	-5434
4533	-5598
3437	-5597
4557	-5599
3538	24342
-815	-5598
-7042	-5603
3803	-5481
3842	-1977
-6092	-5591
4009	-5600
4958	10587
3563	-5542
3296	26492
4462	-5574
-1168	-5558
4453	-5436
4503	-5580
-2803	-5594
4985	-5579
4567	-1918
4422	1070
-12490	-5458
3528	-5596
4749	-5533
4312	-5499
4951	-5596
3857	-5599
4437	-5348
4690	-5482
4596	-5202
-1129	-5596
4099	-5591
3299	-3450
-17378	-5602
-1172	-5342
3396	-4600
3500	-5586
-9215	-5526
1937	13094
-1637	-5412
-33137	-5470
-986	-5602
4439	-5588
3447	-5049
-11510	-5600
3666	-5586
-11042	-5564
4642	-5591
3610	-5139
4986	-5601
3907	-5598
3705	-4756
4395	173
3925	-5588
4372	26297
3318	-5593
4589	25083
3432	-5539
4310	-5468
1243	-5603
-1376	-5602
-36104	2820
5028	5353
3652	-5596
-9245	-5516
3454	-5412
3552	4771
-16940	-4478
4553	-2525
4506	-5521
-38952	11392
3759	-991
4511	-1069
3727	18665
3639	-5421
3471	26551
4566	-5564
4460	-5599
-37235	-5531
4478	8524
4637	-5602
-895	-5380
3416	-5602
-60674	-5603
3373	10704
3494	6796
3919	-5504
-1001	-5595
3846	2327
4534	-5600
-869	-5592
4586	-5551
-20375	-5590
5010	-5497
3745	-5555
4504	24850
4521	-5530
3602	26299
-1367	-2838
4964	-5273
4467	26465
3626	6889
3431	-5417
4599	4093
3531	-5600
-17799	-5550
3882	-5600
4598	-5600
4433	-1377
4531	-5602
3657	-5597
3706	-5528
3878	-5600
4542	-1656
-11612	-5602
4539	23924
4672	9812
3534	-4907
-13670	-5571
3861	-822
4564	-5381
-230	-5580
-15249	21646
3561	-5557
-33247	-5603
-17683	-5531
3741	-4450
-1061	-5580
4011	-5524
-21933	-5229
-13450	-5554
3606	-5497
4588	-5603
3595	-5532
4570	-5590
3591	-4856
3571	-5600
3797	-5601
4014	26300
4495	-5403
1973	-5585
3293	-1441
3659	-5026
3903	4339
3583	-5239
4639	-3853
-25895	-5596
3395	-5587
4659	-5570
-814	-5601
4547	-5596
-25741	21596
-8361	-5422
4284	-4079
3646	-5600
1304	-5137
-13345	-5581
-425	24276
4464	4404
4544	-5603
4605	-5496
4564	-5579
3832	-4584
-46993	-5598
-7772	-5582
-12361	-5603
4438	4911
-22176	-5475
4990	-4385
4561	-5587
4602	-5513
3967	25390
3567	-5584
3874	-971
3765	16142
4932	-5291
3672	-5564
4484	14327
4357	23306
3950	-5545
-1163	-5552
-11980	-5542
3974	-5552
4490	-5246
3605	-5595
3740	-5409
3571	26552
3901	-5598
-17087	-5593
3639	9701
3333	26457
4605	-5571
1447	-5271
3347	-4773
-15108	-4754
-16882	-5602
3653	-5178
-30535	-5602
3811	-5597
4344	-5569
4481	-5503
4581	-4644
3495	25934
4512	-5600
3845	-5592
4544	-5528
4642	-5596
4583	-2981
4519	-3816
-1662	-5550
3428	-5060
-48358	-5246
4063	25195
-11022	-5426
-3594	-5602
3748	11740
3893	-5378
3669	-5298
3865	1356
3686	-5425
-984	-5189
-9258	-5602
4388	26547
-663	24396
-20866	-5603
3297	-5591
4641	26485
4480	-4704
4860	2932
3557	25733
3847	26387
-10805	-5582
3843	-5572
4358	-5592
4268	-5592
4859	-4724
-13228	-5602
-12993	-5593
4030	-5602
4993	-5286
-9744	-4307
4865	2626
3510	9060
3725	-5161
-36152	-5597
4656	-4697
4965	-5587
4612	-5602
-7637	-5537
-857	-5538
4536	-5578
3761	-5553
3536	-5420
4183	365
-13371	-5601
-5694	-5598
4149	-5546
4578	-5582
-44549	-5211
4532	18100
4649	10246
-1582	-5466
3362	25825
4534	-654
3552	-4269
-1267	-5059
4597	13431
4641	-5208
4481	-5595
3629	-5181
-2309	-5602
-696	-5594
3623	113
-18832	-5601
4307	-5238
-2828	-5601
4308	-3076
4468	7835
4091	-5513
-13836	-5382
4011	-5552
4616	-5001
4671	-5596
-17623	-5601
5016	-5377
4555	-2271
4647	-5510
-503	-5594
3698	-5554
-20159	-5599
-48577	-5471
