-3940	1
-5081	1
1790	1
-5543	1
-3012	1
9864	0
-778	1
-6880	1
-1629	1
-3929	1
-5129	1
4510	1
12494	0
-1459	1
-4446	1
-11064	1
-5752	1
13798	0
842	1
-4274	1
-20946	1
2946	1
-5871	1
-7427	1
711	1
-1615	1
4646	1
-4770	1
12742	0
12209	0
-4259	1
1543	1
-2460	1
5881	1
-1771	1
9040	1
3829	1
-8034	1
6464	0
3941	1
-10298	1
-5693	1
1023	1
-12367	1
-7463	1
-7093	1
-4661	1
25032	0
-6018	1
-4085	1
-4798	0
-2447	1
-5341	1
-14115	1
-5328	0
-1411	1
-1108	1
-16124	1
-6141	1
9262	1
1989	1
-11333	1
-5192	1
2064	1
-11780	1
-5886	1
-7017	1
17653	0
119	1
3258	1
554	1
4245	1
-1507	1
21887	0
1723	1
-11737	1
-9200	1
-4649	1
-7537	1
18859	0
-6922	1
-11605	1
1385	1
-5459	0
-355	1
2195	0
-1747	1
-80	0
16463	0
4254	1
-7108	1
-7266	1
-5871	1
-1287	1
-9012	1
-9957	1
8089	1
-3235	1
-6298	1
-15542	1
-3627	1
-2829	1
16611	0
8831	0
798	1
2202	1
11528	0
19563	0
6038	1
-218	1
-10002	1
-1472	1
-506	1
7628	0
1182	1
6632	1
13910	0
-2782	1
2733	1
-425	1
-6108	1
996	1
22625	0
-193	1
-3870	1
-2064	1
255	1
-4840	1
16672	0
-11230	1
-5489	1
1550	1
-5344	1
-5211	1
4610	1
-2882	1
-1514	1
10696	0
-7441	1
1698	1
-1513	1
-908	0
-2286	1
-1272	1
-7292	1
1579	1
4351	1
5307	0
1538	0
-6169	1
23801	0
-21724	1
-1886	1
-1647	1
13676	0
-7243	1
-15223	1
-4051	1
2309	1
19463	0
2094	1
527	1
-2825	1
18793	0
30796	0
-7861	1
-3781	1
3690	0
4141	1
146	1
-4269	1
-1752	1
-2145	1
7333	1
11518	0
-2889	1
11482	0
2631	1
-12499	1
1743	1
-8078	1
17864	0
19853	0
-13646	1
5067	0
-2233	1
1067	1
2847	1
2353	1
4798	1
2635	1
13399	1
1994	1
-11285	1
4633	1
-8552	1
22740	0
-11331	1
-26546	1
6085	1
-9273	1
1540	1
-7296	1
900	1
-513	1
-5269	1
39851	1
-5114	1
8450	0
24108	0
-3773	1
-5676	1
16224	0
11584	0
34958	0
2874	1
159	1
4257	1
1047	1
8289	1
13791	0
-5573	1
-1231	1
-9703	1
-6834	1
-11138	1
7428	0
-2718	1
18020	0
-2550	1
-8056	1
-6177	1
9834	1
2345	1
8730	1
-5620	1
1002	1
12238	0
-9157	1
500	1
-10064	1
19688	0
343	1
-18037	1
22411	0
26911	1
15436	0
673	1
-507	1
-5945	1
10502	0
-3253	1
13491	0
19655	0
-3798	1
14046	0
1222	1
-18112	1
-2828	1
3909	1
18690	0
-2271	1
-8195	1
-11206	1
867	1
-1742	0
-4591	1
-1889	1
-4292	1
14756	0
7800	1
970	1
13078	0
-8433	1
-7946	1
17890	0
-23824	1
30293	0
20809	0
-2124	1
7387	1
-7431	1
5862	1
-1499	1
-3358	1
1722	1
-8517	1
-3591	1
14873	0
-1785	1
-27647	1
-1017	1
14837	0
3346	1
-7234	1
-11938	1
-8156	1
-1173	1
6313	0
-4735	1
-1303	1
-8554	1
-5191	1
758	1
12302	0
4648	1
1916	1
-9899	1
7918	1
718	1
-11075	1
-9582	1
2054	0
6139	1
-6464	1
-6019	1
-3635	1
-3287	1
4630	1
-3586	1
-1479	1
-7295	1
-4033	1
1271	1
3827	1
-8831	1
-2238	1
2302	1
-4590	1
-7267	1
1777	1
20890	0
-4156	1
18176	0
9925	0
2412	1
-5619	1
-1278	1
-11687	1
-16249	1
2238	1
-7567	1
-5332	1
18558	0
-7038	1
1654	1
-1842	1
8813	0
-3962	1
15367	0
-6411	1
-4036	1
-1984	1
351	1
-21168	1
8435	1
-1525	1
-3246	1
-448	1
-7684	1
-3077	1
-90	1
-351	1
-8064	1
-4932	1
-3364	1
-9495	1
22568	0
-10985	1
-4541	1
-526	0
-1791	1
-67	1
-6423	1
-4031	1
665	1
-4947	1
19887	0
-6178	1
-4954	1
5609	1
-7524	1
11614	0
-12105	1
7172	0
-7597	1
-10531	1
-2085	1
-5672	1
2042	1
20266	0
-3644	1
21174	0
14112	0
-6495	1
-5621	1
7301	1
-260	1
-3987	1
2044	1
24145	0
10235	0
-11116	1
3065	0
-4275	1
-138	1
-11718	1
-9136	1
-3959	1
-2586	1
20978	0
-14525	1
-7068	1
12404	0
16307	0
-2324	1
-7967	1
-3798	1
-7719	1
-1440	1
-8384	1
1161	1
-2135	1
-6217	1
2910	1
-4765	1
-2215	1
-3754	1
-14779	1
-1344	1
-8089	1
-2419	1
13301	0
1019	1
2942	0
3693	1
1296	1
11727	0
22412	0
596	1
-6860	1
-11129	0
3674	1
3837	1
-11111	1
716	1
-11897	1
19927	0
218	1
17568	0
13463	0
-4790	1
-3250	1
-10944	1
-3039	1
-832	1
13132	0
1444	1
-1500	1
-1808	1
-1414	1
-7164	1
-7443	1
27392	0
13085	0
-4473	1
3161	1
20246	0
1175	1
21161	0
2385	1
-4120	1
-5688	1
2329	1
-1981	1
-7180	1
-3185	1
80260	0
-4107	1
21907	0
16048	0
-9486	1
10526	0
-482	1
-2129	1
14746	0
-5464	1
3186	1
-7039	1
-4392	1
-1548	1
7208	0
-7107	1
2635	1
-7637	1
-1369	1
4037	1
-3209	1
-4847	1
11511	0
-5599	1
915	1
-6180	1
-25594	1
-3991	1
9341	0
-12272	1
-11715	1
22259	0
-10315	1
-4782	1
764	1
2373	1
-5817	1
-6380	1
-11717	1
-296	1
749	1
-6588	1
-4323	1
-7191	1
17677	0
113	1
25840	0
-6156	1
1887	1
4339	1
-19	1
-3556	1
7065	1
-634	1
1729	0
1052	0
-6754	1
-4358	1
-8116	1
-2855	1
-2382	1
167	1
-6228	1
10474	0
1132	1
6035	1
-15034	1
7934	0
-4472	1
833	1
-4141	1
1111	1
-6014	1
-4018	1
8504	1
-1472	1
-5746	1
8129	1
-7442	0
-13079	1
-5421	1
-8423	1
5593	1
-3581	1
-9615	1
-868	1
-12416	1
-1562	1
2946	0
-3887	1
2773	0
-33	1
6631	1
60	1
2015	1
7792	0
19351	0
2212	1
-257	1
2727	1
-3703	1
1755	1
8737	1
-12358	1
1963	1
-17143	1
8547	0
23	1
23492	0
-3609	1
-23479	1
-2484	1
14467	0
-12418	1
6802	0
5316	1
15467	0
28072	0
-7339	0
-3084	1
-1871	1
2042	1
-13474	1
-1792	1
18900	0
8572	0
-42	0
-8182	1
-11288	1
-7250	0
-2052	1
1957	1
3033	1
1106	1
-3048	1
-2981	1
15372	0
1034	1
1427	1
11919	1
-4208	1
-3203	1
2469	1
7649	1
-7363	1
-13241	1
15756	0
93	1
2291	1
5679	1
-10845	1
-5873	1
9931	0
-1188	1
-9195	1
8873	0
8371	1
-7767	1
-2939	1
4659	1
23045	0
-6124	1
-1590	1
-13036	1
-5822	1
-503	1
7115	1
-1002	1
-4507	1
-4226	1
-6705	1
-720	1
-9424	1
-8445	1
20652	0
-3035	1
20296	0
18952	0
-9554	1
-6934	1
-2489	1
-13369	1
9836	1
6122	0
-7233	1
-8739	1
-977	1
-9033	1
-3156	1
-3807	1
10256	0
3007	0
-17083	1
14444	0
2222	1
15917	0
-7511	1
5989	1
-14943	1
5887	1
-5478	1
2043	1
-10546	0
-6240	1
1097	1
-4419	1
-3879	1
-3320	1
10877	0
-7482	1
5185	1
-1511	1
-6925	1
-1307	1
4117	0
-5237	1
-12840	1
-5792	1
-4909	1
-8607	1
2506	0
1108	1
-211	1
4099	0
-13274	0
6744	1
2689	1
9645	0
-5890	1
-5060	1
-3651	1
17750	0
6101	1
19284	0
2382	1
-3593	1
-5086	1
894	1
543	1
-1529	1
-345	1
-1051	1
1157	1
2114	1
-1840	1
4319	1
12326	0
2140	0
-4694	1
1906	1
17705	0
1007	1
5787	1
150	1
-4588	1
-1271	1
3146	1
21219	0
-600	1
-13613	1
14514	0
-1203	1
-3905	1
-16134	1
3015	1
-13177	1
-15444	1
-24261	0
5469	1
18005	0
-1561	1
4334	1
-683	1
22969	0
4563	1
-6703	1
-3434	1
11060	0
2198	1
-6826	0
-5538	1
4438	1
-9107	1
-12853	1
-1177	1
-5471	1
-16967	1
14876	0
7703	1
-2325	1
1200	1
10698	0
-10656	1
-8538	1
-700	1
144216	0
-247	1
-5139	1
-15724	1
11400	0
4937	0
-2586	1
-2072	1
-261	1
5922	1
-4449	1
-11327	1
-4593	1
-498	1
6701	0
-8881	1
2085	1
-6628	1
4019	0
381	1
-1626	1
3440	1
-1672	1
-2758	1
13469	0
-4271	1
2286	1
-3120	1
11825	0
958	1
714	1
-6473	1
8999	0
-1298	0
-3935	1
-4670	1
-9038	1
-2504	0
1931	0
-4947	1
-1692	1
14314	0
-1591	1
-7406	1
5563	1
6675	1
5995	1
-7309	1
-2742	1
-8004	1
-4665	1
7284	1
-7374	1
-6884	1
18548	0
17173	0
-745	1
783	0
-119	1
-4631	1
-4857	1
8903	0
6988	0
-9652	1
-14862	1
-8368	1
-7322	1
-8336	1
-5125	1
-8052	1
-2221	1
26178	0
-23	1
-7802	1
-13457	1
-6836	1
-12042	1
5352	1
-1624	1
-6078	1
-3548	1
-4973	1
-6758	1
16686	0
-11285	1
-2148	1
-854	1
-2669	1
-2739	1
897	1
-1983	1
-11841	1
1096	1
-4081	1
-5683	1
-4861	1
102	1
-361	1
-4317	1
8324	1
6513	0
-14365	1
-3498	1
-7070	1
20214	0
20804	0
-3235	1
-13318	1
1	1
6172	0
-6115	1
18018	0
-6597	1
-10672	1
-4520	1
-8187	1
-9630	1
-10183	1
-5941	1
-2703	1
-7141	1
9747	0
-28567	1
-10198	1
-343	1
1086	1
-2337	1
17993	0
5996	0
-379	1
4613	1
-4614	1
768	1
-5696	1
-7001	1
947	1
13608	0
-3799	1
1476	1
-5887	1
14855	0
4230	0
3237	1
-105	1
6591	1
-12576	1
-9166	1
-11149	1
-161	1
7411	1
10745	1
-12959	1
13967	0
-4173	1
-3213	1
-10991	1
2331	0
-727	1
-18067	1
7299	0
4703	0
12076	0
-5497	1
6957	0
497	1
-3922	1
-10662	1
-959	1
502	1
-389	1
-6724	1
4336	1
8409	1
-9431	1
-11254	1
-12259	1
9407	0
-7104	0
-10622	1
-4609	1
3709	1
2364	1
1637	0
-7790	1
-3961	1
280	1
1740	1
36416	0
-4436	1
3935	1
14256	0
-4350	1
-3447	1
-7921	1
-7083	1
1386	1
-3575	1
-5369	1
1158	1
-10516	1
14497	0
2399	1
-4883	1
14481	0
-17723	1
-9835	1
-12170	1
5867	1
-8446	1
23691	0
-142	1
1466	1
-11602	1
-9179	1
1678	1
5598	1
-10290	1
419	1
1380	1
-5533	1
1210	1
-4024	1
4646	1
6192	0
-6727	1
-10138	1
5733	1
-453	1
17735	0
-10225	1
15037	0
-6245	1
-22901	1
4187	1
-7004	1
-261	1
7875	1
-5460	1
-9862	1
-2069	1
9852	0
-3579	1
-11523	1
-6984	1
-865	1
-10586	1
-9966	1
1803	1
6524	0
-9811	1
5629	1
-5707	1
-67	1
390	1
96	1
-1884	1
-10857	1
-3876	1
22608	0
-7095	1
-122	1
-6472	1
-645	1
-5371	1
7139	0
-2956	1
-12945	1
968	1
-10178	1
2714	1
-9420	1
8769	0
20380	0
-11705	1
4306	1
-2086	1
-3489	1
1239	1
-5443	1
-5011	1
12812	1
-4406	0
2439	1
1345	1
-8105	1
-4204	0
18054	0
-12145	1
-5533	1
-9084	1
11675	0
-12068	1
-4532	1
-10298	1
-2943	1
-3035	1
1926	1
793	1
-10256	1
-4393	1
-3854	0
-836	1
17675	0
-12203	1
11870	0
18878	0
-2263	1
-4349	1
8783	0
6675	1
-1045	1
-8095	1
-11281	1
310	1
12420	1
-1826	1
-4314	1
-8929	1
4968	1
-2003	1
4337	1
-17352	1
967	1
-14722	1
278	1
-13365	1
1349	1
-14158	1
-4189	1
-3377	1
-6545	1
-6894	1
30513	0
-746	1
2244	1
-244	1
-2205	1
-7845	1
8102	0
8128	1
19424	0
-9843	1
-9122	1
18935	0
-4514	1
-2861	1
3556	1
-4385	1
-1791	1
-3165	1
-11413	1
-8197	1
-7580	1
1721	1
13440	0
-4191	1
3011	1
-1223	1
8752	0
-391	1
13215	0
-2152	0
18371	0
1580	1
-16111	1
-8570	1
-5394	1
-3969	1
-5914	1
-6692	1
-12782	1
-6138	1
14051	0
-3637	1
-3092	1
-1470	1
344	1
15161	0
-1979	1
17180	0
12845	0
-2733	1
7326	1
-10045	1
-6035	1
12950	1
-3498	1
682	1
15265	0
-5504	1
4535	1
-7965	1
2231	1
-4097	1
16812	0
-11029	1
13459	0
8304	0
2476	1
1514	1
-11794	1
3984	1
21466	1
-1684	1
-8716	1
-5092	1
-7651	1
15364	0
1025	1
-4594	1
2924	1
-3508	1
7175	0
-8091	1
859	1
-8519	1
25480	0
1083	1
-12953	1
22029	0
-7347	1
-691	1
7370	1
2219	1
-15870	1
25240	0
-6426	1
-2559	1
3076	1
-662	1
15399	0
-1116	1
4133	1
7316	1
-2980	1
-4872	1
-6476	1
1144	0
-4849	1
1308	1
109	0
-2053	1
3571	1
-5659	1
12132	0
-9404	1
29751	0
-1187	1
-9854	1
17607	0
-1789	1
-8534	1
-6589	1
117	1
-2292	1
2170	1
-9705	1
-5710	1
-4444	1
2859	1
-8397	1
12735	0
-16216	1
-2414	1
-216	1
-15355	1
123	1
-4964	1
30003	0
4091	1
-4514	1
560	1
104	1
3136	0
3252	1
-5809	1
-845	1
-3519	1
-4065	1
-6306	0
-556	0
2310	0
5640	1
-7128	1
-8162	1
897	0
-760	1
-8626	1
13901	0
-350	1
-8866	1
10179	0
-9513	1
1279	1
-9936	1
20498	0
-5099	1
-6924	1
17502	0
4966	1
-1129	1
-278	1
-7577	1
1770	1
-2423	1
-17247	1
-2344	1
14380	0
-261	1
-12799	1
-2986	1
6353	0
1362	0
-6623	1
-79	1
-14613	1
-6358	1
17606	0
-3516	1
8752	1
-8979	1
2822	1
1809	1
-3817	1
621	1
4204	1
-3018	1
-1417	1
-3845	1
-1083	1
-9308	1
-529	1
-14261	1
-1493	1
-3820	1
-3122	1
-11143	1
26968	0
-4909	1
-5914	1
1121	1
16241	0
3363	1
-1828	1
-4256	1
-3701	1
705	1
-464	0
-186	1
4804	0
-5164	1
-2726	1
8524	0
12770	0
-6284	1
6882	1
2152	1
1189	1
-9748	1
2143	1
-6984	1
3575	1
-1475	1
663	1
14463	0
-1979	1
5801	0
3083	0
4356	1
-3035	1
-10433	1
24086	0
-3192	1
683	1
6578	1
-1611	1
-3259	1
-7309	1
2019	1
-2707	1
22190	0
-9449	1
9191	0
-7456	1
-13948	1
-10669	1
-16881	1
-2258	1
-21563	1
-2834	1
-4297	1
12587	0
5383	1
2894	1
-4819	1
465	1
345	1
-14997	1
-1782	1
-3264	1
3510	1
-5022	1
-2681	1
-10074	1
4876	1
6894	0
-1307	1
-6850	1
-1037	1
-3398	1
7923	1
-6579	1
1271	1
3221	1
2679	1
-411	1
9720	0
-3685	1
-8049	1
-7950	1
5733	0
-17859	1
3834	1
19868	0
-3507	1
-6758	1
-6724	1
-322	1
-4130	1
957	1
17349	0
12697	0
1377	1
5265	1
-9509	1
-4809	1
1432	0
-9376	1
-7045	1
-4509	1
2638	0
-6230	1
9685	0
1738	1
-5729	1
3850	1
-4745	1
-361	1
-1968	1
-8305	1
-4287	1
-9161	1
-3099	1
579	1
4172	0
-2991	1
-7465	1
-857	1
4613	1
-3106	1
4933	1
-11693	1
10687	1
8248	0
6394	0
2471	1
16686	0
4188	0
-161	1
-1567	1
-12659	1
22605	1
1948	1
-2998	1
18671	0
2316	1
17254	0
-882	1
9775	0
31557	0
23126	0
-876	1
-2885	1
13082	0
1104	1
9808	0
-16404	1
-12124	1
2855	1
-3412	1
2886	1
-4809	1
-9698	1
-8659	1
-5063	1
2618	1
-13476	1
1220	1
65	1
14612	0
-2155	1
-825	1
-886	1
-22189	1
-24085	1
-5266	1
14452	0
-176	1
18318	0
-6062	1
1131	1
-2938	1
-5048	1
-8990	0
-3565	1
-1196	1
10645	0
-693	1
-10580	1
-7025	1
-2047	1
-4056	1
2131	1
-4806	1
-634	1
-11063	1
-1157	1
-2645	1
1572	1
-5496	1
-6111	1
-2343	1
-6063	1
-4082	1
-1127	1
-3391	1
-19217	1
-6326	1
29503	0
-5809	1
3540	0
-9599	1
14427	0
-8955	1
2718	1
2091	1
-787	1
4484	0
13455	0
13769	0
-8326	1
-1757	1
-4327	1
5861	1
1216	1
-5454	1
-10979	1
-2575	1
1116	0
-5070	1
6243	1
-994	1
17810	0
-3242	1
1704	1
6908	0
4657	1
-8483	1
-11901	1
-12981	1
-5055	1
-11296	1
-616	1
113651	1
-1068	1
3025	0
1357	1
2230	1
-10682	1
-12573	1
10295	0
-2354	1
17854	0
2892	1
-2702	1
-3705	1
-2470	1
-8293	1
-12638	1
-717	1
-7337	1
-3900	1
2838	1
-7430	1
-8805	1
-6471	1
9601	0
7418	0
12490	0
24234	0
-8304	1
2926	0
-6873	1
-2191	1
-5587	1
-10277	1
-3247	0
5702	1
5184	1
866	1
-4023	1
11507	0
-9495	1
-8972	1
-10382	1
-5809	1
-4261	1
1896	1
-9763	1
680	1
-7780	1
2186	0
-12536	1
1806	1
3783	1
-905	1
8499	1
317	1
29430	0
19429	0
-168	1
-10900	1
-168	1
-2078	1
5593	0
-2392	1
-2386	0
-9088	1
27526	1
-7131	1
-6623	1
-3110	1
-13360	1
-6680	1
-4008	1
-3849	0
-2566	0
19392	0
-13659	1
308	1
508	1
-2330	1
-6513	1
-6882	1
13418	0
3422	0
23512	0
3497	1
-2891	0
-834	1
-5267	1
-7843	1
-3553	1
-9384	1
-13267	1
-9346	1
-3471	0
-14488	1
9100	1
-825	1
-2756	1
-3180	1
2869	1
-19779	1
16881	0
1978	1
-1524	1
-2146	1
-4817	1
3634	1
1361	0
-144	1
-11355	1
965	1
11221	0
-1812	1
-9506	1
-52	1
3112	1
-4331	1
-8557	1
-4286	1
-9993	1
-12443	1
6759	1
-1049	1
-1801	1
7147	1
-6706	1
-1100	1
-2198	1
-17438	1
2103	1
-9590	1
-16425	1
-491	0
1162	1
-6412	1
-1910	1
-14302	1
-11216	1
10761	0
-12483	1
13018	0
-4863	1
-874	1
-5975	1
26928	0
7064	0
-1166	1
15091	0
-521	1
-5333	1
-816	1
-4927	1
3362	1
735	1
-5104	1
-5033	1
-842	0
1168	1
-3131	1
-6681	1
1432	1
-10227	1
-8661	1
-6467	1
-2020	1
10074	0
16860	0
-6629	1
4735	1
22821	0
-2848	1
-6166	1
-7501	1
2054	1
4315	1
1426	1
4984	1
25433	0
2009	0
10376	0
16797	0
13932	0
-11284	1
-4807	1
8472	0
-7597	1
-5018	1
11626	0
924	1
-5895	1
-16359	1
19931	0
-4874	1
3439	1
23181	0
-4296	1
-15438	1
-1696	1
-5937	1
15617	0
-8232	1
-8630	1
-1143	1
-10673	1
1702	1
-7609	1
-2952	1
-4705	1
-4466	1
-6302	1
7078	1
-4463	1
36531	0
-5713	1
-4053	1
-647	1
-2446	1
-1816	1
16979	0
267	1
4929	0
-4886	1
-6489	1
-342	0
-3987	1
-1062	1
-4179	1
-5423	1
-4566	0
-7485	1
-6976	1
-64	1
953	1
-10355	1
-4991	1
-15836	1
-4272	1
4565	1
-4073	1
925	1
3741	1
23859	0
-9437	1
-7647	1
1410	1
-5234	1
1618	1
16817	0
9511	0
2344	1
-5692	1
12594	0
8328	0
-9779	1
12976	0
-11937	1
-4319	1
-6810	1
-10903	1
-4153	1
-13491	1
1167	1
8394	0
-4395	1
-1537	1
18556	0
-10285	1
-704	0
-6501	1
-17286	1
1692	1
5421	1
-8991	1
-6273	1
-7758	1
-12748	1
7817	0
-2202	1
4904	1
13308	0
-5376	1
9642	1
-3934	1
-7081	1
-7836	1
-8320	1
-5153	1
-2884	1
7654	0
-4593	1
6033	0
-21	1
-11970	1
11024	0
3364	1
11793	0
-6867	1
539	1
-4097	1
-9150	1
-880	1
6438	1
2555	1
-4211	1
12363	0
-6484	1
13986	0
2235	1
-7572	1
503	1
1730	1
4674	1
-12238	1
899	1
23809	0
-13783	1
-2900	1
2406	0
22035	0
-6296	1
-17168	1
-5953	1
-6955	1
2143	1
1833	1
-11604	1
-4394	1
20016	0
-3902	1
-7857	1
-657	1
19043	0
5113	1
9817	0
12062	0
-6075	1
-4090	1
-1621	1
4043	1
-16450	1
10178	0
-8637	1
-1991	1
-7291	1
-7899	1
7347	0
8292	0
-1104	1
-5348	1
475	1
-10749	1
-12392	1
1392	1
-107	1
671	1
-6561	1
-7356	1
-5761	1
7563	0
-13177	1
3828	1
-4501	1
-5899	1
-330	0
14739	0
-6110	1
1785	1
-10643	1
1173	1
-2990	1
-15660	1
7279	1
-8924	1
5157	1
-4259	1
286	1
3055	1
-3464	1
-4277	1
-3994	1
9113	0
5502	1
-2632	1
3639	1
-2204	1
-5428	1
20777	0
-4686	1
-6735	1
-3834	1
-3244	1
6529	1
-13441	1
-604	1
-9078	1
-3423	1
-6620	1
35587	0
-7213	1
-8749	1
1432	1
5399	1
1321	1
12666	0
-5918	1
3444	1
-3387	1
12501	0
30644	0
6445	0
-2336	1
-7560	1
2941	1
22926	0
19130	0
-5073	1
-10288	1
177	1
-106	0
-10978	1
-2099	1
-17922	1
-8091	1
32434	0
-12087	1
-5707	1
-12464	1
355	1
-3964	1
-12676	1
-45	1
-1443	1
-12641	1
-8993	1
-3329	1
-5448	1
2260	1
-4304	1
12965	0
-10144	1
7855	0
-8020	1
1983	1
-2825	0
-5900	1
-10658	1
-15109	1
2290	1
13278	0
-240	1
-2070	1
-1853	1
-13691	1
-223	1
-5035	1
-7111	1
3606	1
-5728	1
-2939	1
-6526	1
-7171	1
-7862	1
-2667	1
-4656	1
-8178	1
2689	1
-15477	1
-4613	1
-3274	1
610	0
16159	0
-6065	1
20761	0
3969	0
7258	1
10593	0
-11254	1
-5908	1
-4787	1
-11391	1
-1999	1
-1266	1
11859	0
-2815	1
17593	0
15955	0
-1768	1
-13237	1
-6906	1
-8451	1
30942	0
-1450	1
1254	1
1924	1
18070	0
2817	1
-10421	1
9296	1
-6387	1
489	1
-385	1
-710	1
12260	0
6317	0
20455	0
-1595	1
2145	1
860	1
-7850	1
6162	0
-8778	1
-1592	1
-6275	1
-3146	1
-921	1
-5662	1
-5346	0
-2164	1
8036	0
-5825	1
-6306	1
-3166	1
-7282	1
-6815	1
28798	0
-3597	1
-5372	1
-8053	1
709	0
-3637	1
7530	1
1478	1
-429	1
12855	0
104	1
-972	1
-8522	1
10404	0
-174	1
22129	0
-2576	1
26360	0
-6432	1
11127	0
-1240	1
1015	1
4317	1
415	1
-15128	1
2640	1
3734	1
20410	0
-994	1
3129	1
3185	1
26888	0
24574	1
-1762	1
624	1
15759	0
-14883	1
-865	1
18477	0
-5370	1
-14835	1
-268	1
4348	0
-5604	1
-11245	1
-7915	1
-1266	1
-4228	1
-5694	1
-12625	0
17632	0
-18635	1
-14576	1
16089	0
8392	0
15028	0
-2175	1
14611	0
3318	1
4512	1
-3124	1
-3841	1
8806	0
1580	0
-11637	1
29594	0
-1022	1
-322	1
-12104	1
-3047	1
-6912	1
5038	1
21452	0
19770	0
59178	0
24122	0
-7035	1
20	1
3783	1
6243	0
-5684	1
98	1
-5729	1
-2894	1
17521	1
-1435	1
-6247	1
-11411	1
1479	1
21585	0
-8570	1
-14519	1
-13480	1
-6509	1
-1826	1
8083	1
6175	1
-3126	0
2062	1
4505	1
-11788	1
13293	0
-3531	1
1377	1
-420	1
2171	1
-12431	1
-3628	1
-7523	1
-3740	1
10624	1
7684	0
14674	0
-3849	1
-6403	1
1108	1
6815	0
-12092	1
-10868	1
-6108	1
-913	1
957	1
11996	0
-11904	1
-2497	1
-7627	1
-2071	1
18011	0
-3251	0
-7620	1
-10912	1
-7963	1
303	1
-11519	1
12836	0
-5258	1
1277	1
-10268	1
-384	1
-6009	1
2399	1
8782	0
6895	0
-1376	1
-9342	1
-3855	1
1545	0
2160	1
-6111	1
1554	1
-7024	1
-5413	1
-1968	1
-10434	1
13194	0
-6541	1
-7769	1
-9568	1
-6663	1
-11008	1
27108	0
-5178	1
-11012	1
86	1
8835	0
-8800	1
5631	1
-6746	1
-15264	1
7064	1
-740	1
8409	1
7738	1
-6990	1
-7041	1
-3518	1
25537	0
-14351	1
-798	1
5385	1
3600	0
-8349	1
14670	0
20532	0
-611	1
-7259	1
24446	0
1649	1
-481	1
-2473	1
5496	1
-972	1
-15165	1
-9951	1
7948	0
-2600	1
-3550	1
25791	0
4169	1
-9951	1
-4692	1
-4169	1
-736	1
905	1
3240	0
64	1
7359	0
-4424	1
-4631	1
1309	0
-5235	1
7906	1
7950	0
-19700	1
-4351	1
-1360	1
13597	0
3286	1
-1675	1
-7607	1
-12586	1
-10309	1
17762	0
-821	1
-5639	1
-16022	1
-5174	1
-7510	1
568	1
2967	0
29509	1
989	1
3718	0
-4067	1
-2325	1
15563	0
5076	1
4959	0
4615	1
-7569	1
4634	1
1451	1
-13420	1
-6083	1
-7507	1
-8029	1
15471	0
-3633	1
10383	0
-2105	1
-3309	1
3535	1
-7235	1
1216	1
1793	1
-2427	1
-5845	1
-6350	1
8211	0
5403	0
-557	1
-11477	1
5898	1
-17323	1
2239	1
-4053	1
-8339	1
-8336	1
4832	1
-17183	1
-3588	1
-5250	1
-11782	1
2769	1
-3953	1
-7574	1
7369	0
317	1
-1736	1
-4757	1
4959	0
-340	1
3579	1
6448	0
-6320	1
-4320	1
-9463	1
5233	1
-1755	1
17387	0
3238	1
21407	0
10474	0
-1262	1
-5159	1
-2083	1
-3603	1
-3215	0
5801	0
-1508	1
-5721	1
-5214	1
-10106	1
-2789	1
-6026	1
7814	1
8280	0
-61	1
-12863	1
-1124	1
1289	1
2043	1
-9366	1
-4171	1
-5422	1
-423	1
1951	1
-6242	1
-6798	1
-9508	1
8233	0
-4964	1
-18480	1
-6733	1
-7599	1
6023	1
6468	1
-221	1
-5307	1
-140	1
3926	1
3975	1
5233	0
-2696	1
509	1
-3018	1
17264	0
3555	1
19187	0
8184	1
-5603	1
2398	1
-4363	1
-6957	0
1356	1
-5095	1
11220	0
-415	1
-17508	1
-4527	1
20962	0
645	1
1823	0
-8877	1
-1989	1
-18125	1
-10771	1
13862	0
-3132	1
18093	0
2370	0
2424	1
4494	1
11082	0
11078	0
-18438	1
10338	0
3928	1
-8245	1
-3354	1
1282	0
-996	1
-1623	1
-7611	1
2839	1
13901	0
-20807	1
-68	1
1740	0
8543	0
-5494	1
-2021	1
-2389	1
-541	1
6013	0
-1323	1
-9041	1
-14266	1
-1072	1
21083	0
1714	1
-12824	1
8257	1
700	1
21827	0
756	0
-2000	1
14874	0
1464	1
-10255	1
-1708	1
4197	1
-6226	1
-3410	1
-63	1
-3467	1
251	1
22163	0
-9152	1
-8709	1
-1266	1
-1989	1
-8517	1
-14912	1
-993	1
-4492	1
-903	1
14119	0
28321	0
-5007	1
27819	0
-12714	1
-7800	1
4842	1
-663	1
-2610	1
-4912	1
-8931	1
4008	1
-10336	1
15446	0
-3830	1
4835	1
-15466	1
-5170	1
-3302	1
-7023	1
3799	1
-3323	1
1427	1
-13021	1
-1229	1
-10656	1
-10119	1
-2131	0
-2134	1
4730	0
8813	0
-733	1
11745	0
-563	1
-2643	1
-9843	1
23883	0
5789	0
-12437	1
2995	1
6852	0
-1705	1
-1327	1
-10421	1
-3054	1
4441	1
9372	0
-342	1
6989	1
2365	1
-957	1
-4309	1
16	1
-9079	1
3313	1
-4280	1
-4478	1
-13123	1
20949	0
-955	1
9645	1
-9329	1
-3702	1
2115	1
-7756	1
2143	1
14475	0
-17414	1
-9120	1
4005	0
22912	0
-6489	1
4728	1
-8062	1
-5107	1
21251	0
-9444	1
-4104	1
-779	1
11497	0
-15070	1
-5110	1
-1137	1
29387	0
132	1
141	1
2261	0
-12041	1
6248	0
-3630	1
7434	0
19512	0
6188	1
-7554	1
27608	0
-13605	1
-6033	1
-3481	1
4596	0
12157	1
-8751	1
-8489	1
-25	0
2020	1
-4739	1
-317	1
-2062	1
-10906	1
-12455	1
5295	0
-9886	1
27594	0
-7642	1
-452	1
3559	1
355	1
-8996	1
12370	0
20362	0
16140	0
-6684	1
4270	1
5884	1
6946	0
924	0
2022	1
12059	0
3343	1
-2504	1
3581	1
-10073	1
-7078	1
2001	1
-12543	1
-6082	1
-5601	1
1905	1
-26372	1
-15671	1
-2861	1
844	1
-6013	1
1593	1
-6224	1
-2441	1
-485	1
-5753	1
29220	0
8490	0
-15371	1
12372	1
-4835	1
-885	1
10124	0
3946	1
2562	1
-4386	1
2075	1
-1181	1
-1984	1
-6907	1
-4048	1
-9787	1
-8832	1
-8724	1
-320	1
-2096	1
1576	1
-7330	1
1700	1
-6476	1
-5138	0
-533	1
-2680	1
-2677	1
3425	0
-6249	1
3092	1
-7859	1
769	1
-7789	1
12224	0
1851	0
-7206	1
12911	0
-5475	1
-4113	1
-2473	1
18133	0
-7333	1
1039	1
-2229	0
-6055	1
-2866	1
15264	0
-3845	1
6429	1
5761	1
1790	1
-2749	1
1907	1
-11156	1
-930	1
-8468	1
-813	1
4566	1
-6036	1
-5242	1
-19705	1
-5674	1
-2339	1
428	1
-5410	1
-8729	1
-4862	1
1559	1
1427	1
744	1
29224	0
3826	0
-7888	1
-19050	1
19941	0
-1389	1
5161	1
-3672	1
26641	0
-8547	1
-3900	1
-4714	1
8631	1
-11256	1
-10696	1
-10289	1
13607	0
-3634	1
-18273	1
3333	0
-1798	0
-4666	1
26548	0
4458	1
4420	1
1276	1
-222	1
-4044	1
396	1
-1606	1
6223	1
18952	0
-7181	1
-3147	0
11094	0
-14039	1
-11324	1
3241	1
460	0
-7779	0
15845	0
16524	0
-1381	1
-2702	1
-2772	1
1616	1
3086	1
-5985	1
-6425	1
4175	0
-9446	1
1503	1
-1059	1
14116	0
2497	1
-5852	1
-359	0
1607	1
23872	0
-8482	1
22990	0
-5181	1
-2691	1
-53	1
-3424	1
2351	1
3465	1
883	1
-2649	0
-12306	1
2182	1
35346	1
23847	0
5672	0
-11301	1
-2148	1
-3974	1
-5559	1
6002	0
13529	0
-7336	1
-5308	1
18799	0
28488	0
5135	1
2748	0
1563	1
-10758	1
-6991	1
3413	1
14712	0
-461	1
18522	0
-9107	1
-8385	1
-6188	1
10165	0
-6839	1
-7882	1
-7407	1
-14967	1
-9704	1
4962	1
-21088	1
-1663	1
-4503	1
-13	1
-17069	1
1156	1
23166	0
4783	0
-10532	1
530	1
-3906	1
-5978	1
-1244	1
-6869	1
4489	1
315	1
-7779	1
-567	0
-1543	1
-5310	1
-20719	1
3806	0
13279	0
-3491	1
21781	0
-9846	1
5663	1
-1678	1
-3005	1
45450	1
-5538	1
-1808	1
-3423	1
-8597	0
-3960	1
-1335	1
-14222	1
-8208	1
23245	0
82	1
-8049	1
17936	0
1442	1
-120	1
-1193	1
115	1
-5334	1
13765	0
6184	1
-4302	1
-14085	1
-11998	1
-4111	1
2147	1
1839	1
26535	0
-2703	1
-11205	0
-486	1
33617	0
-817	1
-4971	1
-2846	1
-12790	1
5158	0
-3097	1
-128	1
-1427	1
2947	1
-228	1
11446	1
-4545	0
829	1
20077	0
-3251	1
417	1
-13796	1
22452	0
-5825	1
27735	1
-7496	1
1542	0
5900	0
4586	1
-10836	1
-2407	1
1200	1
-467	1
13637	0
-2195	1
12781	0
23798	0
9389	0
-11897	1
1527	1
-4630	1
-7938	1
-1572	1
1782	1
-6535	1
967	1
3241	1
22064	0
5525	1
-7912	1
-2837	1
19	1
-4935	1
440	1
-14018	1
-9625	1
6563	1
6264	1
-8180	1
3193	1
-4884	1
-4337	1
-6391	1
2430	1
-3124	1
-9433	1
338	1
-1178	1
-13097	1
5585	0
-12097	1
-1363	1
-11523	1
-14163	1
-5767	1
-1706	1
-4115	1
-5409	1
-8725	1
-5729	1
-518	1
812	1
2956	1
-11309	1
-2249	1
-15255	1
-835	1
-6268	1
21340	0
-3935	1
-686	0
9781	0
-2250	1
2837	1
7132	1
-4193	1
-169	1
-6270	1
-38	1
-4972	1
-3398	1
-4341	1
6827	0
-13365	1
4631	0
8419	1
-16094	1
-8479	1
120	0
3586	1
10621	1
-2624	1
-15007	1
4855	0
-4254	1
1636	1
-9830	1
-14102	1
1022	1
-6643	1
21383	0
-7862	1
-11530	1
586	1
-7431	1
-7687	1
2787	1
7659	1
2812	1
-2321	1
-2270	1
10665	0
-4895	1
-14777	1
4031	1
-9536	1
-5504	1
-5143	1
-6177	1
-5391	1
16582	0
10061	0
16805	0
-12674	1
3957	1
2084	0
4543	1
-491	1
2355	0
-4870	1
-9156	1
-4880	1
-2057	1
3689	1
-5743	1
-10942	1
-5871	1
-11203	1
1749	0
11629	0
-3793	1
-4183	1
18017	0
-5313	1
20061	0
4984	0
5414	0
1164	1
2178	1
-3218	1
-1279	1
-2891	1
299	1
-545	1
17342	0
-2840	1
-6946	1
-1577	1
-8333	1
-5191	1
11345	0
455	1
5397	0
-682	1
-7766	1
15	1
-2464	1
1306	1
-7947	1
-1493	1
2211	1
3779	1
3318	1
662	1
-2470	0
-2697	1
18045	0
-14130	0
24658	0
-5477	1
153	1
-520	0
1780	1
7579	1
579	1
-1853	1
-5964	1
2104	1
266	1
-10675	1
-11782	1
6539	1
19026	0
-10421	1
3438	1
-8352	1
-6699	1
219	1
-155	1
-7849	1
-772	1
-3796	1
-4247	1
2618	1
8993	0
3177	1
-31746	1
3152	1
22030	0
-7565	1
-7692	1
2025	1
4084	1
-4873	1
-3133	1
-11837	1
-2095	1
-4562	1
-1044	1
-1	1
-2265	1
15601	0
-4750	1
-2464	1
-17256	1
-3858	1
13651	0
1049	1
-14089	1
-1883	1
4578	1
3534	0
-16137	1
-832	1
23390	0
-2992	1
-10684	1
5673	1
6855	1
-4104	1
-6984	1
-592	1
-574	1
-3591	1
-1091	1
-380	1
15424	0
-10201	1
-11592	1
15422	0
17332	0
21704	0
-3918	1
-2542	1
-9621	1
11707	0
7293	0
-8791	1
17240	1
3731	1
-4466	1
-10227	1
-4041	1
5533	1
-8237	1
6814	1
-3813	1
-7632	0
3691	1
-443	1
-8685	1
-1466	1
-5721	1
-906	1
-5152	1
-5573	1
-18042	1
-14002	1
27855	0
-12966	1
-1618	1
-568	1
-278	1
-1068	1
-4020	1
16895	0
-12867	1
2679	0
-10175	1
-2851	1
830	1
-3593	1
6111	1
-507	1
-6179	1
17749	0
-12847	1
2052	1
-6545	1
-3688	1
68	1
-4069	1
-9500	1
4439	1
-4898	1
5292	0
83425	0
-3575	1
3612	1
938	1
-8256	1
26595	0
29377	0
2665	1
9537	0
20847	0
9878	0
-3724	1
4518	0
-262	1
5664	1
2842	1
-12224	1
12843	0
-5710	1
6500	0
-24422	1
-8979	1
10975	0
138	1
-8389	1
-6695	1
-7920	1
-13446	1
-7426	1
-10228	1
10466	0
-8329	1
-4523	1
-2669	1
-10446	1
8071	0
-5468	1
-3243	1
-8443	1
1975	1
-5988	1
206	1
-830	1
-1040	1
-408	1
1126	1
-9835	1
1913	0
1508	1
-896	1
4660	0
-1819	1
-2986	1
-1291	1
-2317	1
-211	1
9392	0
-2047	1
13892	0
7447	0
-16962	1
-3325	0
27644	0
-581	1
126	1
-11831	1
330	1
10334	0
3795	1
-2846	1
15560	0
-10645	1
-14915	1
7236	0
-9609	1
10738	1
13183	0
-6745	1
2128	1
-5699	1
13897	0
16207	0
-14485	1
-2095	1
-2532	1
853	1
-5773	1
-4867	1
4973	0
-5745	1
6174	1
-725	1
-6559	1
14367	0
-4448	1
-8493	1
11080	0
1129	1
17028	0
-5822	1
9366	0
-6716	1
-11083	1
-8836	1
-3929	1
-1486	1
-4355	1
13135	0
-7603	1
-6134	1
-145	1
11617	0
-12545	1
8848	0
185	1
2169	1
3030	1
-7677	1
-13387	1
-1056	1
3072	1
245	0
-1252	1
-1418	1
-3443	1
-8425	1
2928	1
454	1
-14808	1
-14778	1
5176	1
-2295	1
-605	1
-268	1
-3286	1
3409	1
-1980	1
-22163	1
-1807	1
-9874	1
-3816	1
2154	1
-12124	1
-6691	1
-3447	1
-6770	1
-1854	1
16439	0
-6640	1
4336	1
-257	1
-9937	1
2706	1
16678	0
-16478	1
-10689	1
9947	0
-17292	1
-1095	1
-10699	1
747	1
10506	1
-5859	1
-2556	1
2495	1
22417	0
-2556	1
-3648	1
-904	1
2362	1
-4088	1
-5450	1
-6363	1
-2810	1
-8906	1
786	1
-1061	1
-482	1
-9067	1
2568	1
-4840	1
-3644	1
-1939	1
-13531	1
4432	1
2307	1
1264	1
-2028	1
-4340	1
-1926	1
14908	0
3165	1
-2431	1
-8094	1
-3319	1
-316	1
-5851	1
17311	0
13787	0
-5449	1
-6714	1
-2497	1
-7870	1
-14258	1
-1073	1
-9807	1
-576	1
10466	0
-11842	1
2396	0
14156	0
4348	1
-12180	1
-2721	1
1690	1
249	1
16585	0
-10554	1
7008	1
-9199	1
560	1
-13053	1
5553	1
28512	0
-10595	1
-798	1
22591	0
197	1
-5196	1
10867	0
-1017	1
3169	1
-10147	1
-138	1
-16943	1
-2434	1
1464	1
-7330	1
-10111	1
8447	0
19899	0
-1249	1
-54	1
-2950	1
-3959	1
10703	0
3193	1
-11008	1
1037	0
10318	0
-914	1
-3574	1
-3792	1
8811	0
6607	0
-1171	1
-2130	1
1228	1
3269	1
-8615	1
1510	1
7845	1
11395	0
-3241	1
1042	0
-6882	1
-1090	0
-24	1
-5089	1
18078	0
7072	1
-8755	1
7736	1
6883	0
1296	1
1072	1
739	1
15324	0
24082	0
21593	0
-3287	1
-4986	1
4542	1
1596	1
-6449	1
939	1
-5671	1
-301	0
2654	0
14687	0
9881	0
-7452	1
-9831	1
6505	1
96	1
4584	0
12631	0
-5628	1
-3592	0
-3416	1
-815	1
-5156	1
-8932	1
26883	0
-1498	1
-983	1
-9666	1
24533	0
-13755	1
14554	0
-7517	1
-6903	1
-4127	1
18566	0
2655	1
-12288	1
6291	1
-3515	1
-9096	1
-4484	1
-5169	1
-8662	1
-1148	1
-12271	1
-3610	0
-4442	1
10825	0
-4544	1
5367	1
3467	1
-11265	1
1221	1
-3514	1
-5329	1
-337	1
-8070	1
-16224	1
2472	1
-917	1
-9203	1
10289	0
-947	0
-198	1
-2231	1
2083	0
9170	0
-8587	1
3262	0
-18126	1
-37	1
9545	0
16548	0
-7793	1
-6370	1
-13239	1
-180	1
703	1
27	1
9699	0
13452	0
6975	0
12037	0
-3932	1
-9349	1
-8854	1
-9026	1
-12220	1
-14848	1
-1240	1
-9789	1
3638	1
6922	1
861	1
2178	0
3517	1
-8572	1
11601	0
16728	0
28774	0
-12898	1
810	1
-11420	1
7872	1
-6282	1
-2999	1
2980	1
-2699	1
-4751	1
-1369	1
-2362	1
17688	0
14202	0
-16	0
-4566	1
-11666	0
216	1
-7288	1
-16153	1
1196	1
20557	0
-12360	1
-1326	1
-2729	1
1337	1
-5662	1
7865	0
6460	0
-14131	1
-647	1
8400	1
-3740	1
2518	1
-4457	1
-5359	1
1370	1
-1187	1
-15074	1
27912	0
-385	1
-3640	1
7876	1
64	0
8286	1
-12387	1
-10629	1
467	1
-151	1
-2170	1
7057	1
2480	1
-4100	1
-9356	1
-12405	1
9730	0
23800	0
-6536	1
-168	1
38630	0
-573	1
-4893	1
20369	0
-2343	0
6307	0
423	1
2812	1
9681	0
11216	0
-6772	0
-3275	1
-8156	1
-10024	1
-5090	1
25202	0
-6587	1
-3188	1
-7672	1
4717	1
-2444	1
-1312	1
22305	0
-1370	1
1361	1
-7643	1
4668	1
-10396	1
-1115	0
6655	0
-4949	1
1494	1
-4538	1
3031	1
-11530	1
-487	0
21211	0
-8245	1
880	1
-4002	1
23917	0
17254	0
-9523	1
-17125	1
-6105	1
-459	1
1338	1
6150	0
26327	0
4518	1
18259	0
16009	0
-1120	1
581	1
-12548	1
-10909	1
-6755	1
-6343	1
-1090	1
8612	0
219	1
1547	1
-6704	1
5533	1
3082	1
3886	1
-1502	1
-1025	1
-12037	1
-3336	1
-7102	1
16119	0
3496	1
-574	1
-7595	1
-10248	1
14592	0
16015	0
4304	0
-4130	1
2948	1
16318	0
4648	1
-13084	1
-15210	1
-3099	1
-3798	1
-3031	1
15528	0
-3091	1
-3457	1
-7816	1
7466	1
-7528	1
2303	1
-3342	1
2283	1
-2252	1
-7574	1
-1129	1
-8736	1
-4189	1
-13290	1
5541	1
5831	1
-6625	1
-12284	1
-4003	1
2069	1
21738	0
1709	0
-8936	1
-2139	1
-11672	1
-6606	1
-6803	1
-3491	1
1233	0
-2038	1
-5838	1
5933	0
628	1
13753	0
-5806	1
-9801	1
1029	1
2125	1
3629	1
1050	1
-6832	1
1528	1
-402	1
-2007	1
-10231	1
14035	0
-5379	0
-11698	1
-7228	1
-5241	1
17935	0
21020	0
5970	1
-1594	1
1816	1
-2197	1
-2919	1
-4327	1
-6906	1
-1806	1
7428	1
-9493	1
-8437	1
-5439	1
-6217	1
7693	0
495	1
-942	1
469	1
9201	0
-3608	1
-6249	1
-5598	1
-4308	1
-1498	1
-3647	1
8708	0
-22296	0
-1765	1
-4591	1
-3029	1
-4201	1
13049	0
-2044	1
-1417	1
-1453	1
21370	0
-9631	1
-2332	1
-5303	1
-7383	1
31790	0
17886	0
6343	1
-2906	1
2098	1
-3389	1
-5213	1
6662	0
-6544	1
-587	1
21509	0
18817	0
5274	0
-6852	1
-11879	1
-217	1
11874	0
-453	0
-5031	1
6725	1
3750	1
781	1
5422	0
6092	1
-3610	1
17515	0
1479	1
21559	0
-7977	1
3370	1
-10843	1
-8382	1
-18224	1
-12355	1
-2144	1
-898	1
-2588	1
40179	0
15868	0
14252	0
4133	0
-4660	1
21252	0
7365	0
-2903	1
-1207	1
3329	1
-3806	1
-4412	1
20368	0
1435	1
-11395	1
-7543	1
3537	1
4022	1
18027	0
-5708	1
832	0
-1427	1
12650	0
-6229	1
-6743	1
14717	0
1745	1
-4020	1
7521	0
-13330	1
-2765	1
-1541	1
-330	1
2614	1
-6931	1
385	1
-15211	1
7437	1
-3876	1
-7194	1
634	1
-6190	1
-776	1
-15947	1
909	1
-3672	1
2667	1
-12626	1
10290	0
-205	0
1308	1
19588	0
-11018	1
17691	0
3998	1
-13034	1
-1554	0
13088	0
19837	0
9798	0
-4735	1
-5977	1
19992	0
-15040	1
-8532	1
13215	0
1377	1
7606	0
9691	1
511	0
-1455	1
-9218	1
1322	1
-2401	1
1856	0
-5561	1
-2771	1
-9563	1
-15700	1
-4509	1
-11488	1
-2573	1
-9757	1
1098	1
-11012	1
-935	1
2463	1
-5879	1
12923	0
-226	1
646	1
6253	1
-7895	1
1799	1
-11930	1
-3475	1
8034	0
-2878	1
-7373	1
-934	1
-9677	1
12825	0
-2347	1
1435	1
-6982	1
19032	0
3745	1
4304	1
-269	1
6143	1
-5222	1
-2744	1
44	1
-6991	1
-702	1
11723	0
-5848	1
-5978	1
-3249	1
-8656	1
-5222	1
-4682	1
3807	1
-4622	1
5543	1
-613	1
-8696	1
969	1
-5893	1
-6802	1
7115	1
-881	1
-8399	1
-2862	1
3561	1
-1295	1
7077	0
-62	1
1914	1
-2228	1
5475	1
-1542	1
4611	1
-16339	1
6636	1
8992	0
15087	0
13979	0
-1767	1
13950	0
-10065	1
5836	1
-10646	1
-7570	1
-4508	1
-14455	1
3959	1
5018	1
-9982	1
-79	1
4836	0
-6024	1
-8508	1
9046	0
13639	0
-13349	1
21490	0
14759	0
-21106	1
-11086	1
-11974	1
1995	0
-11353	1
-2233	1
7044	1
-13756	1
-748	1
4398	1
-4170	1
-5314	1
-8040	1
-4038	1
-5650	1
5153	1
2865	0
-10380	1
-7423	1
-6659	1
-6452	1
19135	0
12211	0
-7967	1
-14957	1
3418	0
-4609	1
16746	0
-1503	1
-11557	1
-4449	1
-257	1
-1441	1
16187	0
-826	1
-5041	1
19618	0
-15329	1
-6670	1
16694	0
-5476	1
8851	1
-6957	1
8307	0
11830	0
4628	0
17695	0
3400	1
13005	0
19698	0
-6628	1
-15469	1
3719	1
-4760	1
27550	0
-20184	1
-10557	1
9109	0
8258	1
16465	1
17395	0
10147	0
19923	0
2036	0
-4952	1
-9901	1
3833	1
-6102	1
-10483	1
6817	0
6415	0
1111	1
-3216	1
-6192	1
-1590	1
-1012	1
-6618	1
1106	1
3475	1
2516	1
1656	1
9713	0
-11606	1
-11264	1
16419	0
-4430	1
5441	0
23324	0
-5581	1
16160	0
1391	1
-1902	1
8776	1
-17147	1
-9652	1
952	1
3044	1
-3650	1
6618	0
-6189	1
33937	1
6926	1
8400	0
-10213	1
-422	0
6124	1
-13	1
1365	1
-10862	1
-1958	1
-14659	1
-5298	1
-5002	1
-6366	1
-10032	1
1430	0
32805	1
-5555	1
-14086	1
-553	1
-1246	1
-1171	1
-5303	1
-1765	1
-11950	1
-8796	1
-1859	1
-15565	1
2969	0
5209	1
-13159	1
25801	0
-5371	1
-11347	1
11928	0
-6737	1
24781	0
-4273	1
21242	0
1801	1
-3731	1
18555	0
-5293	1
-7366	1
-4911	1
2058	1
14140	0
4746	1
-5058	1
-14441	1
-2400	1
7236	0
-5690	1
-6252	1
-2424	1
-2156	1
-10405	1
-2734	1
25468	0
21190	0
-4720	1
-87	0
-6394	1
18447	0
12294	0
-688	1
-8279	1
540	1
-12762	1
-9640	1
-3097	1
-7153	1
664	1
15365	0
79	1
475	1
22452	0
-518	1
-3725	1
928	1
2925	1
-3079	1
-501	1
-3761	1
-2579	1
-2244	1
7416	0
-627	1
12093	0
-1242	1
2394	1
-211	1
-7909	1
-846	1
-2813	1
-7041	1
-348	1
26521	0
15323	0
-5919	1
