1402	15
1595	1
1602	1
1524	17
1157	10
1597	6
129	16
535	1
-21936	9
1576	1
1246	13
756	1
212	15
1589	13
845	13
-37334	14
1157	6
1600	13
1576	9
1589	20
1459	14
290	16
1555	15
1493	7
-1948	19
1516	19
1587	20
-524	14
678	2
1602	16
1110	6
1358	13
1501	10
1587	16
1454	20
1209	9
1587	14
1308	6
1589	19
1254	15
1584	19
1490	6
1311	9
1477	2
1490	20
1582	9
1595	10
1597	1
1566	13
1032	13
-772	19
1589	10
1602	13
384	20
-7427	13
1600	9
1535	4
1576	9
319	4
1602	15
-178	20
1071	14
1392	20
1600	13
845	17
1485	11
1602	4
684	6
1108	2
1600	10
1595	9
712	12
1470	14
264	6
1477	9
1077	17
1462	15
1545	14
543	13
1569	13
1378	4
1553	13
1329	15
1600	13
1529	19
1600	6
1118	6
205	15
1600	1
1602	20
1326	15
941	9
1579	14
1295	20
1506	9
850	10
1548	1
1368	9
1441	15
1022	16
1569	15
1324	19
1597	17
1597	15
1587	19
1298	19
1522	13
1582	6
-48	6
603	6
1519	7
1600	13
1592	16
-316	6
314	6
1306	15
1488	13
-4153	1
1563	7
-475	13
1558	20
551	19
1285	9
-3356	10
1561	20
1563	13
1597	9
1254	13
1597	20
1027	7
1368	4
556	1
1555	9
1342	20
1509	1
1438	16
1589	10
1600	1
-2156	9
634	20
1389	15
1589	15
-9174	14
166	4
1592	13
1589	19
1355	10
-4	7
1501	16
1412	10
1503	10
-5212	19
-464	15
1587	7
1425	6
665	16
1332	7
504	10
1589	1
1584	16
1162	13
1602	1
1584	14
1589	14
1527	13
-7557	13
1582	9
1451	7
-6386	13
1589	15
1600	6
-9731	13
1514	15
1545	1
1324	10
1446	10
-9142	6
1519	7
1509	1
1009	1
1480	9
1597	9
1428	16
1485	15
1597	6
1576	4
1561	15
210	11
1597	6
1600	20
1574	15
1373	1
1316	8
1381	16
1553	6
1587	9
-11810	9
-2107	14
-74840	15
1384	14
801	1
74	15
460	13
1597	16
1506	4
1516	15
1319	13
1592	17
1092	20
1553	16
1589	19
1188	13
1602	13
1571	9
1569	20
56	9
1600	9
-2666	15
1600	20
1548	16
1569	9
1602	10
1582	17
1287	7
1589	9
1522	20
-23164	9
350	13
881	15
1600	15
1597	10
1555	6
1220	17
1501	6
1595	20
1503	13
1597	1
-4309	9
202	15
-14122	15
790	4
1584	20
1392	2
363	11
1527	4
1069	15
-1831	6
408	19
1144	13
996	6
1600	20
525	20
-615	6
1592	1
1371	10
-1919	15
1592	15
1217	17
-181	19
379	2
1574	15
1503	9
1597	4
1566	1
1582	14
1376	9
1324	6
1501	9
1600	20
1542	1
-839	7
-17295	4
1576	4
1597	4
1587	15
-6922	3
1561	15
1483	16
1436	4
1381	20
650	1
1574	13
1602	7
309	15
848	4
1592	4
1602	13
1103	9
1246	15
1527	9
777	4
928	6
-26329	15
1550	4
605	4
1553	15
1569	7
1566	4
1555	6
-1433	4
1602	9
1571	1
1501	9
1280	9
1600	1
1602	20
1600	13
1326	13
1600	9
868	9
1576	15
1347	16
1555	20
1592	13
1566	9
1459	16
1582	9
821	15
241	13
1532	4
1563	1
1316	9
1584	4
1201	4
1363	10
1350	9
-2716	4
1142	9
684	13
1563	1
1589	15
1402	16
1464	6
1602	13
1582	4
1540	7
421	13
147	15
1444	13
1542	19
1602	19
1436	9
1555	11
1371	1
1261	1
1589	20
504	19
1358	15
1254	19
1545	20
1579	20
1306	15
1017	16
1519	16
717	19
1597	17
1600	13
-10509	15
-1058	15
1597	9
1595	14
1152	9
1574	13
1576	15
582	6
1553	13
1524	20
1576	9
1582	9
1290	17
-11043	13
-24796	20
1540	1
1418	9
1592	6
-4866	15
-21629	13
-7552	14
-43188	6
-4436	19
1555	1
1592	13
1217	9
858	15
1600	20
803	20
1589	20
-201	1
1480	9
1108	9
1563	13
1561	7
1529	19
1602	20
-17414	17
1602	9
1600	11
103	14
1595	9
-25314	3
624	13
-1724	10
1116	20
863	9
1600	11
-34497	6
1602	11
-5459	19
1579	15
-527	6
1259	1
1147	7
-2190	9
1332	15
-8445	9
1582	6
285	13
-18448	15
1595	7
-397	1
1420	13
1436	20
-1266	13
1574	6
1600	6
501	9
559	15
1597	9
1516	1
983	16
-8156	14
1506	13
1511	15
-2125	19
1399	6
1579	9
1558	20
626	10
1498	16
1600	9
1365	13
-863	9
1535	19
1207	1
871	13
-6024	19
1316	4
1589	6
1579	10
1514	6
821	9
1553	19
1558	16
1542	13
1589	1
-1034	15
1092	17
-16045	13
1248	6
1048	12
1204	9
1506	15
-6292	15
1217	1
1501	4
1436	6
1589	20
-2895	6
1493	4
1129	13
738	14
1584	17
1386	16
920	9
1285	20
-753	9
1485	1
1412	15
1566	10
1444	4
1457	13
1467	20
1339	9
1545	20
1537	7
1087	15
1576	4
993	20
1589	13
1537	6
1602	13
1431	7
-3580	4
1592	9
1485	9
1589	13
1602	15
1545	20
1602	11
1542	6
-722	14
1592	7
1365	11
1584	17
1347	13
1602	9
1579	17
1597	1
1548	13
1602	10
1584	2
1535	15
993	9
725	9
1600	14
-743	10
-3255	1
1446	13
1600	20
707	17
520	9
577	4
1576	6
1209	15
1602	14
1566	15
1592	6
1493	1
-7419	6
1347	15
1345	10
-1860	6
1587	15
1524	19
1365	15
1410	6
1433	6
1509	1
-128261	15
1345	7
1587	6
1363	4
1595	6
1558	13
1574	4
1602	1
1602	9
1519	6
1589	6
-8843	15
933	6
1215	20
1582	6
-2169	5
1392	17
1051	2
1475	20
1071	1
1511	19
309	9
-2745	3
1501	4
1555	4
1584	15
1579	4
1584	13
1597	9
1600	9
1501	15
1602	12
1553	14
1332	19
1490	13
1571	19
1488	20
639	13
1287	1
181	6
1592	15
840	1
1597	1
1188	1
1511	6
1418	13
275	16
1592	16
-3296	19
1155	20
777	13
1579	6
1597	4
1548	15
1006	6
1209	15
939	19
1582	19
1196	6
1602	9
-1029	16
1566	20
1261	13
1410	9
1199	20
1230	10
1579	10
1566	4
1509	15
1597	4
1425	1
1561	19
1561	9
1524	16
1582	20
1553	1
1519	13
1571	7
1589	6
1506	4
1431	20
1555	11
-1287	13
1600	9
1488	13
-4371	7
408	13
985	6
-7562	15
1597	20
725	19
1600	19
566	15
1589	9
1602	16
1592	20
1483	1
1584	20
1480	4
1597	1
1509	15
598	15
1233	20
1582	11
1579	1
1563	19
-5066	15
478	1
1355	7
-267	15
1600	6
1587	19
1600	19
1592	19
-2325	2
1392	9
871	20
1589	1
1183	17
-553	15
1592	16
1571	13
1269	6
137	14
1600	15
1602	20
1503	1
1602	9
1595	13
46	9
1542	15
1493	20
1431	16
1459	15
1324	15
1412	4
-6016	1
1498	1
-7654	7
1597	11
1457	14
1595	15
-87492	15
1597	6
887	13
1188	13
46	9
1566	9
1589	1
1217	11
1527	17
1553	9
22	14
1587	9
1282	6
1077	9
1602	20
1592	20
-881	1
1472	6
1399	19
1602	19
1582	20
1009	1
1595	16
1506	6
1175	9
-4416	3
1589	10
1040	9
1587	19
1160	19
-8947	1
1595	6
1326	11
1332	16
-2776	4
1509	7
-2052	10
936	13
1529	6
475	6
1600	16
1509	15
1553	16
1587	1
-493	17
1582	13
1285	9
1537	10
1595	14
1592	13
1535	13
1600	16
1584	16
1592	1
1574	10
1595	4
1587	9
1574	9
1522	15
1459	13
-4822	6
-7641	15
1157	19
1589	1
1545	17
87	9
1592	6
1360	9
1600	15
1519	1
1121	1
1011	14
22	10
-2284	9
1584	1
1600	6
1389	15
1579	1
723	6
1373	19
1589	13
1527	10
1017	2
733	13
626	9
806	9
1600	9
1600	9
1490	20
1569	2
1267	7
-490	9
-165	7
1251	6
1602	1
1397	13
1584	6
1595	20
-378	6
1584	15
1597	9
1600	6
1576	16
1566	19
1592	1
-3937	15
-27331	19
1602	10
1595	4
1483	13
1545	9
1550	15
811	19
1602	6
1600	16
1574	9
1160	20
1337	9
163	9
985	7
681	15
1381	6
-410	13
1540	16
1558	9
1600	6
-618	4
1602	4
1587	9
1389	9
1600	9
-118	16
1472	1
941	7
650	13
1597	15
1548	13
-995	9
715	7
1438	13
1397	13
1600	3
1444	15
1477	9
1597	4
1462	6
1589	6
894	19
-34497	20
-740	6
1285	15
1433	16
1519	13
1600	1
1306	20
1118	9
1595	16
1579	14
1550	9
1566	10
939	20
1462	19
1602	16
1550	19
1493	10
1503	20
1467	7
-446	15
1477	13
-5371	9
1592	6
1386	6
1540	15
-3400	15
1589	18
1602	6
1587	2
1576	6
189	1
928	6
1464	13
1600	15
-6399	11
1602	6
1402	6
1454	15
1555	16
1597	6
-4600	20
1602	13
1451	17
1550	16
-5071	16
1600	20
-26272	1
1532	1
1228	15
67	19
-160	10
1571	9
1602	7
1602	7
1602	14
1589	7
1597	20
1600	9
1555	13
1569	13
1352	15
1248	9
759	6
-1784	9
1522	13
1602	2
1548	15
1595	13
1595	13
1509	16
-524	15
1493	15
-1977	9
168	15
72	6
1561	9
1600	6
1407	9
1579	6
1261	4
1550	6
-6191	19
1595	19
1595	10
20	20
1595	17
-60917	1
470	6
1529	15
684	9
1582	1
-4499	10
1600	17
1595	9
1592	9
1569	10
1571	13
1571	10
1212	15
1600	4
1306	9
-10751	6
1272	13
1582	13
1501	6
-142	1
1597	10
1488	9
1488	17
1542	1
1178	6
1548	20
1011	6
574	9
1113	1
1600	13
1337	19
1600	7
1595	10
1254	13
1587	1
1516	15
1602	15
1587	16
1540	13
1168	4
691	6
1602	13
1293	15
1579	15
998	20
361	20
1480	10
756	9
-129	9
428	16
1587	15
1355	6
1597	16
1238	7
642	20
1600	15
1600	13
1571	1
1516	11
192	15
1589	6
1071	16
944	19
1295	9
1569	13
1595	4
1459	13
-532	9
1602	7
1267	1
12	17
-415	16
650	9
1311	16
1418	6
1587	4
1472	1
1475	16
1597	9
1602	6
1574	9
1501	20
1582	13
1553	10
840	6
1602	2
1597	4
1274	16
1105	9
1529	20
1399	9
988	13
-22	16
-699	15
-1719	15
1602	1
1576	7
-1461	6
384	9
1592	20
863	15
-2739	1
-179028	15
1597	10
1147	16
1571	1
1485	16
1600	19
-9814	4
1386	13
1540	19
1569	6
941	19
1241	4
1215	6
1600	17
28	2
1592	15
1555	1
-745	1
1602	13
1467	13
176	17
1600	7
1293	16
1454	16
1433	10
-680	6
1595	1
1488	7
-17508	13
855	6
-1	16
1467	10
1602	2
-3835	20
1595	19
-2258	19
-8593	15
1602	13
1503	6
1537	9
1579	16
1428	19
1501	20
1045	15
1529	13
1173	15
1600	6
1347	13
1496	7
639	20
1537	20
-675	4
-480	19
1576	13
1064	15
1553	4
1592	20
1602	1
1592	4
-12878	15
1597	10
-438	16
1532	4
1165	20
1545	15
1355	20
-402	15
1587	9
1490	1
100	5
1051	19
1595	4
1595	15
1595	13
1563	15
1131	7
1004	13
-4554	15
-1727	20
413	19
1498	20
-10277	15
1595	14
790	19
1173	14
1532	14
-77167	9
1600	7
-11061	19
1514	19
1524	15
1394	15
1524	20
-4324	15
1602	4
1116	13
1597	20
1600	13
1027	4
-8533	15
1537	4
1553	4
1542	11
1600	7
1582	9
-842	16
1589	2
1597	17
1527	7
1589	9
1300	1
1514	12
103	19
1592	9
1384	11
1595	13
1503	4
1542	6
1397	16
1589	6
-818	19
1280	14
1600	6
1597	1
-2401	10
1272	20
361	1
1459	6
1535	13
1576	4
1597	12
1589	20
1600	4
1558	15
1587	20
1542	19
-1092	9
-2143	6
1595	9
309	6
1597	13
1550	19
1550	1
1368	9
1529	9
1561	20
538	16
1415	17
1477	1
1337	7
1597	13
-378749	9
1339	13
881	15
1024	15
1378	3
926	9
1602	9
1230	19
1600	20
-2099	15
585	15
1511	10
327	19
116	19
1600	1
-8411	17
1527	19
1542	14
1139	9
1212	15
-5852	20
1600	6
1558	6
1587	15
1602	4
-6529	13
1355	4
1506	20
566	9
1597	9
1483	19
1571	13
1035	9
1233	7
1058	17
1592	1
-2755	9
782	6
1397	11
1488	15
1545	9
1600	16
1589	16
1561	15
1558	9
1576	16
1329	15
1160	19
894	16
1350	9
1532	6
1248	20
1365	9
-7581	7
1454	13
1405	10
1579	3
1522	20
1355	20
1267	6
-7578	13
1592	19
-11834	13
762	9
-39271	15
769	19
1579	1
1251	9
1584	11
1582	16
629	9
1293	15
1595	16
1488	6
1519	19
1602	1
1199	15
1256	19
1527	16
1446	15
1121	13
1576	6
1170	13
1485	19
1459	19
967	13
1600	6
1321	9
949	10
1561	1
928	9
1339	16
1056	19
637	16
1600	15
1472	1
1602	9
1472	20
1548	10
1545	9
931	20
1602	7
1092	15
1011	16
1397	9
1582	20
1597	9
-12391	6
522	4
-6469	15
262	13
1597	9
1490	16
1483	20
-2755	1
1558	13
1516	9
887	13
1516	15
1584	19
1597	13
1579	1
-2528	15
1524	15
1233	7
1595	15
1600	15
1519	6
1332	15
1371	20
1595	11
1561	1
821	1
1503	6
-43	4
-2523	9
1576	13
1339	7
1597	11
-1141	13
1532	4
965	9
1514	14
1579	15
-5714	13
1004	13
-2143	17
1600	9
1595	4
1332	7
1329	16
1589	1
616	20
-4546	9
1592	19
530	19
1339	1
660	1
100	7
-12011	19
1457	15
1446	15
1272	6
1550	6
1444	9
1503	17
1334	11
1503	14
1077	14
1472	16
1589	13
1225	13
1600	17
1186	15
-300	19
1542	6
1602	16
564	15
1308	6
1589	7
1561	6
1595	9
1522	1
-295	9
1602	13
1220	19
1519	19
1566	1
1595	1
1589	13
1113	13
1545	9
1295	1
1553	20
1532	1
829	17
1600	15
1595	20
1561	19
1246	13
1511	19
1355	4
-1021	16
1553	9
1595	15
1529	6
1009	6
1561	20
-483	20
-3213	19
296	20
1600	13
1592	9
1566	9
1045	16
1592	6
181	15
1483	19
887	19
928	6
1386	15
-23464	4
1514	16
1454	17
1251	13
1319	9
1602	1
1582	15
-1459	10
894	20
1592	6
1569	9
-2513	15
1602	13
1563	19
1566	1
1464	16
-31293	15
1334	20
1558	6
1569	4
1576	19
-2320	9
1563	7
1462	15
1306	19
1592	7
1186	10
1553	1
1405	15
1595	15
-7078	10
-2128	13
1550	2
1602	13
1602	9
1222	4
1548	16
1451	2
1584	9
1488	13
1548	13
-9819	13
1522	19
1321	13
1592	9
1509	15
-3158	1
1467	4
1540	6
1595	19
1282	20
1488	16
1602	15
1149	4
1571	15
1592	19
1527	9
1511	15
1561	19
1467	20
697	7
1595	10
1569	1
1389	20
-1157	14
1587	19
343	19
626	9
1597	16
1277	4
1394	9
1602	15
322	9
1535	15
556	1
1597	6
1592	15
1540	15
1566	4
1602	13
1259	6
1360	17
710	20
1490	1
900	19
1579	11
1509	13
-420	2
1511	6
1485	10
-42582	19
1574	13
1558	13
1058	13
1600	15
1576	19
1579	13
1595	13
1503	16
736	9
1587	15
1582	9
600	19
1602	20
1597	6
1519	9
1483	7
-4335	7
431	6
-8739	15
889	15
671	6
1467	6
1561	13
-1610	10
1230	1
1540	20
1566	14
1363	13
1576	11
1316	1
1592	9
1600	1
1483	2
20	15
1584	1
1592	6
1595	15
1592	6
1464	9
1587	9
1446	15
-2266	6
-1014	19
553	4
1207	4
1587	6
1501	20
1287	9
1563	15
-433	6
1121	9
1235	7
1584	13
1470	6
-8205	11
1431	16
928	9
1527	13
1472	19
1548	6
1441	9
1418	1
1287	6
1592	19
1457	13
-10556	4
1467	15
-1545	7
1511	13
1566	6
1509	17
1522	7
1571	20
1431	20
-959	13
970	9
1285	20
-1112	20
-855	9
1584	6
1433	9
1506	9
-2057	15
1256	1
1595	6
1592	13
1600	15
1498	7
1600	20
1589	1
-3190	6
660	20
1602	4
-699	20
1001	16
801	9
1579	10
1457	6
1597	6
1199	13
1527	1
1592	16
1582	10
1139	13
504	10
-17	20
-321	16
1334	3
-69	7
1537	16
1597	1
1431	15
1334	9
1587	9
1191	6
1592	1
1566	7
1462	13
-326	9
-1883	10
1129	9
1355	16
624	15
1587	16
1324	13
1493	13
1363	13
603	13
1595	15
1563	9
1134	15
1485	2
1477	6
1561	1
1095	19
1483	20
1444	19
1569	16
1303	13
1537	19
1175	7
1595	9
1600	7
1024	20
1587	9
1592	4
-436	13
1597	9
-1503	1
1579	3
1467	16
-2752	1
1597	6
1584	4
-293	17
1587	13
1542	7
1511	19
1035	19
-5649	16
1595	6
-10358	15
1196	15
918	20
1579	1
-32985	14
1569	13
1446	13
879	1
1569	13
1574	2
-428	19
1402	1
-527	20
-1565	20
702	9
1545	19
1589	10
1527	13
1602	9
1358	16
1579	4
-647	9
1548	16
158	11
1444	13
-1295	15
215	13
-592	13
1066	9
-16105	9
-1076	9
1524	14
257	9
1418	15
1602	9
1600	15
-1175	1
1269	1
1532	13
1576	9
1592	1
1574	9
1600	17
1136	13
1423	13
785	15
1483	4
1485	6
517	7
1188	16
775	10
1503	15
1386	9
1529	10
821	13
1483	9
970	9
1579	9
-2731	20
603	1
1441	6
369	1
1592	19
-2690	10
1503	20
1472	4
1342	19
933	9
939	6
1584	6
1584	9
1595	17
1558	9
1371	10
1566	13
1483	16
1574	9
1587	16
1267	20
1389	4
1595	19
1490	17
1602	4
-1633	20
1350	16
1602	6
1496	2
1079	19
1592	7
1113	6
-524	9
1595	19
1134	12
1587	4
1576	9
1527	13
1529	6
738	11
1569	15
1509	13
473	10
-1573	15
1602	9
-241	1
1584	1
1433	15
1576	20
-657	9
1475	20
1220	20
-1222	13
1462	19
1514	15
522	13
1014	6
1519	9
-8336	14
1574	4
-11220	9
1579	20
1576	9
1542	6
1571	4
1550	9
-514	9
1222	13
1332	4
1600	13
-2073	15
1602	1
-355	1
1410	10
-2547	7
1579	16
1600	15
1433	1
1558	13
1537	19
1490	13
-3085	10
-191	20
1600	13
1386	1
1587	13
1139	9
1144	20
-3499	10
1199	6
871	13
1602	7
1550	15
657	17
-204	20
1053	7
1574	9
-1128	19
1490	1
928	9
1365	9
1600	14
1277	20
1058	13
949	6
1595	4
1030	17
509	6
1589	7
1582	20
1392	15
1540	9
1451	13
1293	4
-1401	19
801	7
1602	6
1576	7
1569	13
-3546	13
1602	16
868	13
702	17
1524	6
-537	15
1248	6
1496	7
1566	13
1420	4
1446	14
1459	13
1394	9
1470	9
1602	9
-17217	15
1574	1
1222	6
1511	20
1506	17
1597	9
605	15
1368	4
1597	15
1311	15
1527	9
1566	4
1600	13
1509	7
1532	6
1561	8
-6381	19
1602	15
1566	19
1592	20
1558	10
1569	9
1558	6
90	9
1535	9
983	15
1595	9
1595	15
1532	9
-81019	13
1027	19
1264	20
-1165	19
551	16
1569	19
1574	9
1600	13
1600	13
1548	20
1576	20
1584	6
1488	13
1587	15
1514	13
1569	15
1597	6
1264	9
-467	19
343	13
1589	20
1582	9
1194	20
1540	4
369	20
1592	19
1540	13
1488	7
1597	13
150	20
1220	6
1503	16
1550	20
1454	20
-2601	9
1602	14
821	1
814	13
1571	6
-1448	9
1569	15
512	1
1592	6
1493	13
1550	9
-4241	13
1589	1
1368	1
-1615	9
1582	20
1313	19
1420	6
1595	16
1592	9
1602	4
1467	11
1587	6
546	20
1084	15
-647	1
-1318	13
1595	19
1574	19
983	15
1246	9
1545	16
1516	6
1535	13
-29000	13
1574	13
-1021	13
1582	15
1592	1
1300	9
1378	9
1254	6
1436	9
1527	15
1561	4
1470	10
1563	20
1475	13
1587	13
1584	16
1582	13
988	9
1516	9
1600	13
1571	9
1589	15
1477	19
1477	13
-71039	4
1524	15
1306	1
1587	15
1259	9
1477	15
1602	7
1428	20
1592	9
1449	9
1602	1
-5288	9
296	9
-774	10
1170	20
1157	13
1326	2
1597	20
-20462	1
1425	15
1600	4
1550	10
1040	6
1488	15
1589	6
1602	9
-75636	13
978	7
1589	13
1587	7
1584	6
1207	13
-712	13
1183	1
1600	9
1597	19
1600	7
1595	20
1256	20
1233	16
1574	15
1548	6
1511	6
1582	4
1347	16
1597	13
1259	9
1602	15
1535	9
1483	4
556	20
1542	9
1582	4
1548	1
1566	9
913	13
861	6
1584	20
1441	15
1602	6
46	7
1592	19
1558	14
1602	16
1532	14
1477	9
1493	15
1251	19
1597	13
1438	10
1600	15
1295	1
-28250	9
1597	2
1595	9
1412	20
1342	6
1589	11
1595	16
1561	1
59	13
913	7
769	15
-4054	4
1574	14
1576	20
1165	2
-2086	16
1542	15
1595	13
12	19
-142	16
-4816	17
1358	15
1561	19
1532	4
1251	16
1306	6
1412	1
-418	15
1584	14
1576	19
1069	14
1595	15
1194	7
1110	13
1397	4
887	16
1592	15
1587	7
1532	16
1376	1
1602	14
1022	1
-1571	15
1589	10
1602	13
280	1
808	15
1532	10
1579	1
1490	13
1542	19
1576	9
1423	1
1569	7
-506	16
1592	20
1134	13
1584	6
426	13
-706	13
1582	9
1595	9
-1040	14
1579	15
1574	4
1514	15
1600	17
1524	13
1274	6
1498	9
1532	16
1181	7
1160	20
1009	6
1561	13
-134	20
1108	20
1371	9
1024	20
1574	20
1108	19
-6219	19
1566	15
-930	6
1558	20
384	13
-1326	10
1347	9
1600	9
1602	16
1584	19
-243	13
1030	1
1280	4
-3968	20
1540	9
-5423	19
1571	9
1587	15
1592	15
1548	9
1501	20
1503	15
697	6
1597	1
1600	19
1121	6
1496	14
1592	19
1597	15
1188	9
-47361	13
-1711	9
1412	9
1045	15
1345	4
1553	3
1576	11
1188	15
1587	6
1527	9
1589	3
-7857	16
111	19
1579	9
1589	15
1519	13
1483	9
1558	10
1490	9
1574	12
1595	4
1399	20
1459	19
1587	15
1592	1
-420	16
1524	15
-1466	15
1592	14
1595	6
1540	13
1454	9
1118	16
920	9
1589	19
205	9
1472	15
1454	6
1571	16
1576	10
1303	13
1602	1
1592	6
1602	4
1595	10
553	19
689	9
405	7
1602	19
1600	20
1582	9
1558	9
460	13
1433	8
1555	7
1542	13
1566	20
1378	17
1597	15
1470	1
1350	19
1516	20
1561	13
-216591	13
1600	13
1587	13
1423	19
777	17
-5251	1
-5306	4
1267	4
1230	15
1576	13
1293	13
1592	4
1402	9
1602	2
1287	19
-2125	13
1467	15
1574	19
1597	15
-4192	19
1548	6
1173	9
1571	20
1129	9
1449	16
1584	1
1558	6
1308	15
1602	9
1467	13
811	13
991	11
1347	13
-2948	20
1558	16
644	9
1602	1
1589	13
1490	7
769	9
488	6
1220	15
-1092	1
-1409	19
1355	2
1418	9
1592	16
639	9
1582	19
1368	4
1527	15
-3395	19
1584	16
-321	9
1241	19
1602	1
1516	9
952	6
1597	10
1587	15
848	1
-15361	16
1550	15
1545	13
1498	7
1225	14
1595	15
1600	13
-251	15
993	10
1454	15
1175	13
-169346	1
1602	7
-27004	15
1602	15
1514	9
1589	9
-1586	15
1535	13
1451	1
1553	20
1582	19
1602	15
1545	1
1582	13
1368	9
1503	13
1441	6
-248	15
1600	13
1451	16
1485	4
1582	9
1410	4
1352	6
941	19
1222	1
819	20
944	1
1522	15
1389	1
1602	1
699	9
1342	15
1579	6
1600	16
1597	1
1592	16
1582	16
119	13
1561	4
-38448	15
-5209	9
1436	11
1582	6
1582	9
-18721	20
1160	6
1589	7
954	6
-896	9
1433	10
1592	15
-23857	1
1350	19
1545	9
-5368	19
1595	19
-2646	16
530	19
1365	10
1066	11
1542	13
1602	20
-9064	11
920	13
1582	4
1298	20
1589	4
1144	4
1196	17
1587	9
-1485	9
829	4
1329	16
1204	4
530	9
1194	20
1602	17
1243	15
1569	1
1595	15
-24310	6
1332	6
1553	16
1584	6
1477	9
1579	15
1516	15
1535	1
1589	7
1595	19
512	15
657	9
644	16
1600	15
1532	9
1457	15
1595	11
1602	19
1576	3
954	19
-9387	19
1121	20
-1438	9
1602	7
1462	19
1228	13
1462	20
-4514	13
-26342	19
1569	13
1298	16
1597	2
1384	6
972	4
1602	20
1514	13
1558	15
1415	20
-3955	9
1162	19
317	1
1548	3
1493	6
1274	19
454	15
1587	6
1569	1
1602	15
1402	15
1576	13
1423	1
1347	20
-13455	10
1303	6
1371	6
1595	9
1313	13
1589	19
1225	15
1014	9
1561	9
1571	19
1511	13
1425	9
1597	15
1548	19
1566	13
1597	9
-998	6
1477	9
1602	15
486	13
1602	13
1571	19
90	20
913	13
-123	6
1600	20
1600	2
168	4
1579	15
1595	9
1602	9
-5316	20
871	11
1600	10
1600	10
1451	19
1524	19
1584	1
629	1
1441	20
-3947	6
1600	9
1597	9
1038	9
1595	15
1480	13
1529	16
1516	10
1595	13
1248	19
1602	16
-8408	15
1602	15
1584	15
-1534	6
1597	13
-1425	13
-1820	4
-457	1
1595	6
1566	20
1587	6
1584	1
1209	15
1597	15
1542	20
1212	6
957	16
1428	15
233	9
1155	6
1522	13
1597	7
-766	11
1602	4
1449	20
1363	6
1376	13
1475	15
1259	4
77	17
1600	15
-4941	20
1550	13
1563	6
-134	1
1103	4
1545	20
1373	6
517	20
1563	15
1501	16
1389	7
1483	4
-313	6
-644	9
1579	4
1485	16
-358	20
1595	14
1587	15
1462	9
1196	19
-1165	9
1600	20
1553	4
1569	20
793	14
1589	19
1582	9
1571	6
1368	10
1579	19
1441	1
283	8
1186	9
-977	1
1584	10
1600	10
-548	13
1595	15
1602	12
1602	4
1477	15
1563	4
-673	7
-712	15
1529	20
1480	4
1480	20
1496	9
1595	15
-1107	20
1516	6
1173	20
1576	10
1597	16
1527	13
1457	15
1600	15
1589	9
980	6
1558	3
1584	6
-326	6
1319	1
-199	13
1597	15
-345	7
-1209	13
1589	6
910	6
1472	6
-3335	1
-43	20
1339	6
1350	1
-75902	6
1511	15
1501	13
1537	7
1566	13
1566	6
1519	15
1511	14
1074	11
1397	15
1602	19
1035	13
1589	16
1207	11
1584	13
1446	14
1555	13
1483	20
-10098	9
1582	13
1121	15
1576	19
1550	15
275	1
1561	11
1514	13
1592	15
-2156	15
1602	9
1589	11
1470	17
1566	13
1558	1
1535	4
1574	13
-1401	15
1545	13
1584	1
1451	15
736	6
-1984	13
1589	15
1509	15
1592	9
1574	1
1600	7
1511	10
1168	20
993	20
124	20
1602	17
1537	9
1595	9
-3244	11
1582	20
-43069	17
1024	19
564	5
225	13
1410	13
-6862	14
533	6
1595	2
1553	9
1561	9
1587	16
1438	17
1043	9
1529	6
1602	19
1576	20
1571	8
1569	6
1433	15
324	13
1321	19
1480	4
1548	11
-670	9
1313	4
1597	19
881	1
962	9
1451	20
1454	15
1519	20
1584	1
1532	1
1597	6
1576	10
1542	6
1602	1
1584	20
1475	13
1548	19
1600	14
1579	19
-725	7
1535	13
1462	6
1493	9
1582	17
1438	6
1566	6
1550	16
1589	1
1483	19
1194	9
418	4
1511	16
668	9
668	14
-42915	20
1592	15
1524	11
1548	19
1587	1
1402	20
1584	10
1600	20
1334	6
1488	13
1550	15
1561	20
1597	11
1566	20
1162	1
1464	13
1566	15
1602	8
-5806	15
1540	20
1149	19
1511	1
220	9
1597	15
-22089	6
1555	20
1569	16
-2976	13
1475	16
1464	15
1574	9
1524	13
-2955	9
1261	13
1579	4
1144	19
1516	15
1553	15
936	19
1498	10
1582	9
-2929	13
1602	1
1480	3
1542	9
1511	19
686	10
1540	20
1545	7
928	9
1602	11
1537	20
-321	16
1566	15
1470	9
444	15
1602	13
-6141	4
1480	13
1061	15
1592	13
1558	19
702	16
-27253	9
1241	1
1449	13
-14	6
1569	11
1503	17
1110	14
1410	14
1490	13
1597	10
941	9
1519	19
1555	15
1597	6
-50	13
1597	19
585	15
-701	9
1420	6
1123	20
1602	1
1597	16
426	7
1144	1
871	6
1571	20
1123	15
1589	16
1527	9
1569	20
467	20
1045	6
1449	9
-2872	9
1595	16
1433	4
1506	12
1595	6
1576	2
1566	9
754	13
1498	1
1595	4
444	20
1569	15
1555	8
1602	13
1524	6
-14385	15
1475	13
1587	9
1506	13
345	20
1376	15
1563	4
1589	16
1602	16
1602	1
1595	9
1048	9
1355	3
1480	19
1589	13
1519	19
1602	15
-1047	13
1324	19
1542	6
1574	1
1287	13
-1388	14
920	13
1532	15
1004	20
384	11
1569	13
1558	9
1600	13
1524	9
1524	13
1548	6
1285	13
1597	20
1579	13
1280	7
1548	13
1540	3
1582	16
725	20
1287	19
1425	13
1475	13
1597	11
1238	13
603	15
1595	9
863	15
1168	4
1477	9
1576	6
1004	7
108	19
1225	9
1368	15
1550	6
379	15
1587	18
1503	15
1186	15
1600	20
1082	13
-12237	4
-4082	6
1587	20
1595	15
1298	9
1545	17
1326	11
1550	12
1597	4
1555	20
1313	9
1410	15
1425	7
-1180	20
1569	4
1420	13
1595	1
-13008	13
1576	15
-12172	9
1365	15
975	13
1332	7
1386	19
1563	13
1490	14
1600	19
1553	13
1519	10
1571	16
1569	7
1444	6
-1144	6
1597	7
1592	20
637	13
1602	9
1597	2
1566	15
1019	4
1569	6
-23734	4
1579	2
1168	13
1563	1
931	16
-1953	9
1264	13
-10907	14
1477	13
1446	12
405	13
1261	15
1589	3
1595	7
1506	15
965	9
1563	13
738	19
1589	9
1597	11
1587	9
663	9
1555	1
1147	13
1569	4
910	15
1449	6
-20215	10
1464	4
-2940	9
1571	13
1300	19
1498	10
1490	13
1139	9
-2031	15
1576	1
1600	20
1392	19
1277	7
1467	15
767	15
1542	7
1459	13
1597	1
1175	15
-998	15
1441	2
1425	13
1566	1
1501	9
1592	1
1555	13
1584	1
834	15
1600	1
-337	9
1173	1
1436	17
1595	20
-9780	14
-87	15
1071	20
1592	1
-592	6
1280	20
-524	12
153	1
1600	14
1602	19
1509	1
1378	10
1300	6
1459	13
-26223	19
1386	9
1470	20
1519	1
-1115	7
1597	1
1293	9
629	20
1569	16
1248	13
1269	19
257	10
1600	4
1589	1
1579	9
1157	16
-454	15
1589	16
1561	13
1584	1
1548	16
1579	9
1582	16
1587	4
1600	3
1582	13
-1643	19
1553	20
1464	20
-17321	9
-2122	4
1162	9
1566	13
1490	14
678	12
1600	6
1550	13
-2187	6
1483	20
1451	7
1522	9
1569	1
1597	13
1490	4
1566	19
480	10
697	9
-3762	6
728	4
1540	15
1589	9
1324	14
1490	4
-1750	13
-2216	14
1522	11
1597	20
1293	15
1126	6
1592	9
236	6
1147	19
356	13
1569	15
1566	13
1576	9
1412	17
1579	15
1600	19
1470	1
-9075	10
1462	13
1592	20
-1794	1
1548	7
1230	9
1451	13
1576	13
1496	1
1464	1
1321	19
1087	15
1071	16
710	20
1053	20
1569	10
1365	16
1587	19
509	7
574	16
1597	4
1584	7
1436	15
1571	20
374	7
1529	19
1454	1
-5345	20
-40093	9
1602	15
1553	15
1597	9
1186	15
1428	9
-1386	19
936	6
1592	1
1600	11
1600	19
1566	20
1412	4
1509	2
725	15
1470	1
949	10
1407	9
1464	6
1571	10
1428	4
1548	9
1595	6
1589	9
1600	19
1423	13
1243	7
1587	6
1576	9
158	16
1514	15
1566	13
1550	6
30	15
1532	9
1584	15
1589	9
1579	16
1535	13
1254	19
1579	3
1566	20
1587	9
1597	13
1576	19
1186	9
-542	9
985	6
1470	20
1410	15
-264458	15
1600	9
1582	1
1212	15
1576	13
1220	13
-61	16
1532	20
1412	9
1579	11
1600	15
1561	13
1004	9
1160	13
1529	6
-1500	13
1368	11
-4147	19
1550	10
1295	20
1503	13
1589	15
1511	9
715	9
1597	4
1600	10
1592	20
1561	13
1425	1
-5717	9
871	15
1345	16
1584	19
1602	7
1584	7
1563	20
1030	4
1332	6
1553	13
1600	16
1592	13
1558	6
1597	1
-2328	9
1498	19
1553	7
1574	17
1438	11
637	19
82	19
371	17
881	17
1595	7
-3908	9
1602	13
1595	10
598	17
1493	7
1602	13
894	13
1597	20
1576	1
1136	6
1412	19
1188	15
1373	15
1600	15
1149	20
-4587	19
1600	9
1597	17
1587	6
1178	20
1516	15
1243	4
1220	19
1602	6
-295	15
1238	13
772	20
1136	9
1555	9
801	7
1558	20
-72791	4
1407	16
1532	15
1574	9
905	19
1582	14
1597	9
1545	13
957	16
608	6
1597	1
1345	15
1595	6
1600	13
108	15
1589	19
1569	4
673	9
1464	19
-941	13
1582	16
1431	19
1587	1
1087	1
1600	20
1597	13
1071	6
1498	13
1038	20
35	19
1446	3
1431	15
900	6
1472	13
251	20
1595	19
1399	4
1498	20
1592	6
1595	16
1582	20
1569	19
566	20
1595	17
1459	9
1592	17
1175	7
1428	1
1496	1
1592	11
1589	13
1522	6
-1396	2
1589	13
1188	11
1498	1
-220	19
1600	13
707	20
1542	9
488	13
-969	7
1358	17
1584	1
1311	6
1571	15
1555	4
1339	10
1602	15
842	16
933	13
1600	6
1587	1
1597	6
1480	15
1290	13
1576	15
-3835	9
1600	10
1542	9
1584	15
1600	14
1514	13
-3007	6
-32756	2
1524	20
1595	13
1483	6
-2070	20
1561	13
1579	13
-4309	1
582	14
824	1
1555	13
-831	6
1498	9
-15254	9
1319	10
1303	13
1574	15
67	16
1574	15
1355	20
1561	13
1303	15
1475	20
1519	20
1600	1
1602	9
1548	16
-985	6
1511	9
1542	9
-3564	16
1563	19
1503	13
1584	9
712	14
1441	9
1579	7
1582	15
1602	19
855	13
1597	15
1535	6
1550	19
1397	13
1582	15
1576	6
296	16
1516	13
1600	9
1196	13
-220	9
1589	20
238	15
1402	3
1464	17
1574	4
1004	13
1569	6
1584	13
1191	19
1571	6
1542	1
1595	15
1337	16
1584	6
1542	10
1222	1
1488	9
1527	13
-79	19
1571	13
1582	11
1600	16
1376	4
-1407	20
1589	13
1410	4
1595	7
470	13
1600	6
277	9
-464	16
1329	15
1402	14
1584	20
1527	13
1595	20
335	9
1569	9
1345	9
972	1
-2003	14
801	16
1542	15
1582	20
1595	1
-2333	6
-8705	10
1365	6
1595	6
1378	13
1542	20
1449	6
1477	13
1350	15
246	7
1597	4
1602	13
738	13
1582	9
1569	11
1584	9
-191	9
892	13
1597	13
1464	15
1597	9
1600	20
1595	19
1217	4
1298	9
1339	1
1535	19
1569	9
1173	10
1595	19
-194	10
1332	7
1600	6
1384	1
1584	6
876	19
842	20
663	10
1555	15
1592	7
1475	6
1600	11
1571	13
1423	1
1602	20
1574	15
1597	1
1467	9
1246	6
1459	4
-5373	9
840	19
-7107	9
1600	14
1152	13
-1745	4
1602	13
1116	12
881	6
-2570	6
-12885	13
-1001	13
933	6
1308	13
1584	9
-5774	20
1462	11
1535	13
1582	15
-2888	19
82	20
-1381	15
1470	6
853	19
337	6
-116	6
1410	20
1540	20
1431	7
1516	9
1587	13
998	16
1602	17
1558	16
1589	15
1592	19
1595	15
1519	15
1600	15
1410	13
1441	9
1589	10
1597	13
-4067	19
1584	9
1595	9
1324	6
1602	9
1097	4
1209	20
1597	13
671	9
1576	15
257	13
1584	4
1519	13
1595	6
145	9
1451	9
1545	20
119	13
1602	9
1267	13
-2906	16
1503	1
1602	20
-3994	9
1600	9
1503	1
1537	6
1587	4
1321	9
1548	9
1451	13
95	15
-207	10
1571	7
1600	15
1384	6
1589	10
-2638	20
1550	6
1488	13
1602	9
1441	6
1475	16
1347	20
-45	13
1553	13
1574	6
-1029	16
1600	1
1529	19
1332	13
1535	20
-3192	15
631	11
1574	15
1595	15
-1047	6
767	19
1584	15
-8330	20
1563	9
1537	14
-2445	9
1524	15
1355	9
1600	6
-8429	9
1576	16
1553	2
1136	7
1498	19
1188	11
1597	1
1602	9
1561	20
1147	6
1506	13
559	19
1064	6
1592	15
1378	13
1589	16
1582	6
1485	15
754	16
900	19
1397	9
1569	4
1566	4
1436	7
821	9
1600	15
41	9
-1802	19
1506	13
1519	7
-5475	15
1472	4
1220	10
1597	10
928	15
1038	6
1569	16
848	16
1597	6
1405	14
1464	7
1600	6
244	6
1477	9
1595	13
1589	9
1501	1
-4257	6
962	14
1589	20
1576	1
1295	10
1579	7
1555	19
1467	1
-2240	15
1399	20
1535	6
197	9
1582	9
1368	19
1600	19
1514	1
1209	9
1155	15
1584	13
1162	19
-928	13
1061	10
1287	9
1259	20
1592	9
1579	16
1087	13
-10813	15
1470	15
1576	13
1571	4
-7261	20
1582	9
1592	9
1438	11
1602	12
1597	16
1175	13
1329	4
1600	6
1602	16
985	6
-5537	1
1563	20
1144	3
1529	1
1600	6
1563	1
-6	19
1532	6
1498	13
887	15
1597	1
1597	13
936	6
1553	6
1428	6
1191	4
-77	19
1584	3
-33339	19
1592	6
1230	20
-3562	10
920	13
1563	16
1595	1
1602	10
1571	9
1061	4
1011	19
1602	14
1420	13
1514	9
1542	13
1602	15
1506	19
777	15
-22303	15
1592	10
-214	13
1597	13
1602	10
1576	9
-162	7
-61	19
1446	13
671	4
1467	14
1207	14
228	9
1566	9
858	19
-53	6
1431	14
1405	19
1493	6
1561	13
1514	16
1600	9
1602	14
-954	1
1592	15
1527	9
-3309	17
1053	1
1032	9
1472	9
1378	1
1563	15
147	4
-1217	20
1100	13
1597	20
1363	19
1600	15
1600	16
1425	19
1600	13
1558	10
780	13
910	19
1563	13
1600	9
1485	13
1600	4
1595	6
1555	1
1602	9
1589	10
1470	17
1243	11
1602	9
1592	13
702	15
1595	19
1418	4
1256	9
842	6
-2297	4
644	19
941	9
1602	13
-2958	13
1600	8
1001	9
1602	6
1511	20
1584	10
1045	2
1561	1
392	9
1303	17
1566	20
1592	15
1397	15
1592	12
241	15
1592	6
1592	6
1329	6
1345	19
1574	11
140	1
1587	17
-1271	6
1438	15
1509	6
1600	14
1595	20
874	6
1595	9
1587	16
1587	16
1470	17
1592	9
473	6
1173	9
1282	2
1597	13
1602	13
1496	1
1454	15
1215	6
1212	13
1553	1
1582	19
1602	4
1516	9
-2620	9
1561	1
1584	13
772	6
905	20
1566	7
1092	11
1030	13
967	9
767	15
1313	6
1149	13
74	1
1597	1
1522	15
361	19
1600	15
1235	13
1527	15
1542	16
1373	13
1485	20
1592	9
1516	1
1084	6
-1230	16
1571	16
1373	15
1290	4
1493	6
1548	20
1402	13
1542	14
-168	19
1602	11
1555	9
1488	4
1522	13
1602	7
1415	7
1319	6
1371	15
1464	13
1532	11
1103	9
345	4
1582	20
1574	20
1602	1
897	19
1235	9
-1550	4
1602	15
1602	20
-748	15
1475	7
-2784	4
-6841	6
1561	14
-1269	20
1527	13
1589	20
-188	1
-693	6
1582	1
1477	16
1032	4
1464	19
-1352	13
1600	15
1449	19
1285	13
106	9
335	13
1595	7
1550	20
1555	15
1516	4
1243	9
1595	15
1602	15
1589	9
1589	13
1602	19
1597	20
1194	9
1602	15
1436	17
1425	9
1365	15
1600	10
1092	5
697	6
1373	15
1368	4
-2854	1
598	20
926	1
1561	4
-3187	4
1602	7
1550	16
1228	20
1563	19
1602	1
1545	10
1602	9
988	16
-295	17
1579	6
1191	9
1011	9
1579	4
1449	20
1457	1
1056	20
171	4
1509	9
1071	13
-7307	6
1545	6
-334	19
1519	4
1529	6
1571	16
743	1
691	17
1592	5
1589	4
-11402	1
559	13
1584	9
647	6
1503	20
1467	9
-334	13
186	19
1592	16
1584	20
720	14
1225	19
-2950	9
1595	2
1576	15
-1310	13
-52449	6
-5811	4
1545	9
1470	4
1483	19
-2781	9
1537	1
1597	9
-74	19
1418	3
1410	16
1589	10
1449	1
1574	6
1571	7
1602	9
285	1
1467	15
967	10
1282	19
1464	17
1493	7
-457	9
1555	9
-2948	9
410	4
1597	20
1298	19
1602	4
1537	19
1592	19
-7201	16
210	9
-930	6
1436	1
1485	14
1553	15
1602	16
1412	1
1165	20
1600	13
1584	16
1597	4
1373	4
1431	9
-5009	6
1032	20
1535	1
1480	15
1579	9
1188	17
972	9
-1607	6
1592	19
1241	20
1043	9
1529	2
1561	1
1511	15
1022	2
582	15
-123	14
1553	13
707	4
1600	15
1574	15
1569	9
1529	7
1365	20
1587	20
1345	19
-162	4
1579	6
-8887	19
1514	6
1600	1
1228	11
1558	6
1529	1
1584	15
288	4
1602	1
1602	4
1600	19
1597	20
1602	1
413	15
-1118	2
48	6
816	4
1602	10
1602	2
-660	6
1579	7
1574	13
1592	15
1084	1
-5761	15
12	20
1209	13
405	9
1600	20
1464	13
1582	16
1600	14
-4686	9
1498	16
1194	13
1563	1
1246	13
-11485	9
1592	15
1540	15
186	15
293	15
1363	15
1589	1
1501	9
1600	6
-610	15
1496	15
-238	16
1595	16
-49185	6
1394	9
1571	9
1602	20
1540	20
1563	19
965	9
1522	4
1264	13
1160	1
1503	1
1579	10
1066	5
-2573	1
1509	20
1488	2
1009	20
480	14
1540	6
1009	20
1574	6
1540	4
1493	15
1449	2
1600	12
1516	13
894	1
1600	15
1558	15
1431	19
1087	15
1555	16
1597	9
1545	1
1561	15
1542	20
1602	4
1306	13
1566	18
1563	17
608	17
1600	14
1584	20
1490	15
1412	15
845	13
1563	15
1602	2
1431	17
1597	13
1600	11
1600	14
1569	13
1600	13
1548	15
1600	9
1051	13
1514	19
-2063	10
1602	20
1311	14
1011	6
1535	13
1433	13
1566	13
1602	7
-44438	9
1438	20
1209	20
1542	15
1514	2
82	15
1529	4
1582	13
-1042	9
827	1
1381	13
1516	1
1602	15
1470	19
1553	13
1113	6
1579	13
1587	3
1308	7
-220	9
-22782	6
1433	9
1514	16
1579	1
1207	13
1592	9
1532	19
1493	19
1410	6
-66422	20
1595	6
1488	13
1582	15
376	6
1501	14
-2143	4
1077	10
1584	6
1095	16
1595	1
1105	20
1584	1
298	17
1600	4
1602	20
1493	15
1311	20
1561	9
1600	14
1600	6
1602	4
1116	3
1493	13
1509	15
1574	9
1024	17
1600	9
1503	15
1542	17
1600	6
1306	16
332	20
595	16
1316	13
384	10
1597	9
1462	6
1233	6
1532	10
1483	9
1602	4
1574	9
186	1
1451	6
1196	19
1566	16
264	16
-4	11
1597	1
1589	13
-9163	10
1569	13
1470	16
1493	15
1488	4
1582	16
1571	19
884	15
-2271	15
1558	20
-3903	13
1048	4
1519	9
1212	9
1602	4
1490	11
1579	7
1228	20
1501	19
1524	1
1498	1
1574	9
1553	16
1582	16
1043	6
1548	6
972	13
1423	19
1056	6
1589	15
879	9
1420	15
1329	15
1311	20
1602	1
855	6
1537	6
1444	1
1004	19
1441	13
-71	20
1597	9
1123	20
1600	14
33	13
-938	4
1097	19
1597	16
751	17
1555	13
1563	1
473	9
803	4
1472	19
1576	20
1251	15
1298	15
1602	9
1566	6
592	13
1597	15
1600	9
587	19
1501	1
1597	9
553	16
1553	9
1595	15
1600	7
1329	20
1011	10
1173	10
1129	14
1118	11
1569	16
1550	12
1602	9
-35	15
1542	10
-988	9
1587	9
577	1
1597	10
1428	7
-61	4
1600	6
1602	9
1522	20
1368	6
1584	1
1597	6
1392	15
-16485	2
1595	1
1475	9
-951	6
1582	13
1597	6
1555	7
1563	17
1212	6
-1737	20
1597	9
1064	1
1555	15
1574	7
1595	20
1303	16
1488	15
1131	20
1584	15
1584	15
1592	6
1303	3
1316	6
-876	10
1496	7
1602	15
1600	20
1597	6
1563	10
1566	9
1592	15
1597	6
1595	7
1540	16
1582	16
1535	9
1191	16
1509	6
103	1
1600	13
1602	13
1566	4
1600	13
1444	10
1592	1
1574	15
1514	6
1595	13
1600	7
1582	16
1589	6
-134	13
1589	14
1358	19
1595	15
1600	17
-12328	19
1524	16
1589	10
1582	9
1584	15
1574	15
834	19
874	14
1584	16
59	13
1566	11
1587	19
975	13
1532	16
1269	15
1589	15
1597	1
67	20
1511	1
1103	6
1381	9
1298	6
-1854	6
454	9
1527	9
-97	14
1480	1
1566	13
1535	13
1582	2
421	19
1191	1
1592	9
764	17
1597	10
77	4
1574	15
1144	4
1204	20
-2643	13
-389	13
543	20
1503	15
1092	20
1579	1
1587	13
210	19
1579	13
-1089	15
1392	10
1597	6
1503	6
1509	9
1480	14
-727	6
121	1
1472	15
61	16
1256	16
1597	6
1485	19
1431	19
1595	13
1542	13
-4387	7
1563	4
1584	13
1579	20
-6373	6
1563	6
-100	9
1485	4
1592	9
1454	13
-13609	9
1587	19
1602	6
991	9
1542	9
1490	13
1441	20
928	6
1511	17
1600	20
1397	1
1592	15
1311	19
1597	19
1399	15
1579	6
1441	6
1509	15
1483	9
1509	9
1071	16
1600	15
-300	13
1558	15
684	4
1597	15
1561	9
1493	17
1553	20
595	1
1082	10
1254	15
-62484	19
1602	6
1498	15
1574	13
1506	1
1600	15
1566	3
30	13
-2091	1
1595	2
1548	15
1254	16
1459	15
1589	13
1418	6
1540	4
1418	7
1582	15
1123	16
1574	1
1592	15
72	11
1483	15
1267	15
1597	13
1600	11
1516	13
1475	15
1576	13
1030	2
-1698	6
1368	6
-7438	9
1496	6
996	7
1459	13
1077	10
1483	13
-8213	1
1589	13
1600	11
335	20
1555	16
1022	4
535	16
1600	20
1496	10
1498	20
1597	16
1579	9
993	6
1589	13
1589	4
-27019	2
1602	10
1397	2
238	15
1407	13
1600	1
335	7
134	9
1579	7
-1180	6
-36421	7
1563	6
-308	9
1545	10
-19023	9
-17209	4
1126	6
1600	20
-631	4
590	9
1571	7
1532	20
1582	10
1563	1
1600	7
1220	9
1545	7
1602	15
1563	20
1386	9
1553	1
1602	13
736	13
223	15
1602	15
738	9
1595	16
51	7
1433	16
1514	7
1602	16
1519	7
1595	19
1553	9
1493	13
1514	20
1071	13
1386	9
1519	16
-907	20
1280	11
1477	6
1595	9
1535	20
1600	13
1441	16
1595	1
1600	16
1602	16
1217	1
1602	20
1438	15
1589	3
1149	16
1532	9
-1378	7
1587	10
1256	1
1589	15
1212	15
1595	8
1602	9
1597	1
561	10
1576	6
1569	13
1501	1
1602	15
1324	20
806	15
1235	15
488	9
-30918	13
1597	2
1584	15
1600	13
1574	9
-803	6
1529	15
1563	7
1550	13
1548	1
1550	13
1110	9
1522	20
1113	2
1537	4
1597	17
1522	2
1058	9
1519	13
1066	13
1555	6
-6370	9
1587	17
1532	13
-92	13
920	19
-7180	15
1295	14
-1620	20
1595	14
290	6
1313	15
1600	9
1574	20
1378	19
1496	7
1550	9
-7750	4
1420	9
801	9
1571	20
1558	11
1524	6
1587	20
1587	15
1501	1
1373	17
1571	20
1027	10
116	19
-2146	3
-1958	19
1595	15
559	6
1592	9
-1628	17
-6914	15
1600	1
1454	19
1595	4
462	14
1170	15
1597	10
1602	6
1326	6
928	13
1569	9
1589	20
1100	16
1449	15
1399	7
1558	13
1592	14
1410	1
1467	6
1274	14
1600	20
1449	7
1048	13
1129	13
1084	9
1061	19
-2362	4
1597	19
1597	10
1516	11
1582	20
202	9
210	13
1587	6
1582	16
-2289	6
-1209	20
736	6
-139	16
1402	12
1587	20
1602	13
467	1
1558	20
1566	4
1597	6
1595	4
1191	11
1602	20
1545	20
-5472	19
673	6
-2541	20
1524	9
965	1
-1448	9
1563	9
1545	13
1592	19
1592	15
1548	9
1597	7
-2810	14
1381	16
-11891	10
1600	16
1595	3
1376	19
1600	6
1558	13
1431	15
1254	10
1332	13
1511	6
1040	1
1467	13
-4699	6
1477	7
1459	15
-7890	6
1574	9
1600	17
1602	10
853	10
1548	6
1514	13
1600	14
1566	13
1595	11
754	15
1574	9
595	13
1350	16
-16248	6
1584	9
1600	20
1600	19
1300	16
1389	20
-935	4
1592	11
358	15
1602	6
-2601	9
-4093	10
855	19
48	4
512	9
1600	13
-31371	14
1579	6
1178	6
1431	16
-1058	6
1584	1
1381	9
1595	20
1566	16
-2263	1
-355	2
1248	9
1600	10
1576	19
1392	15
1602	17
1571	19
1272	13
1600	15
1576	9
1571	15
1576	13
1436	17
1342	1
1516	1
1365	20
915	6
1238	15
1527	13
1566	4
1589	9
1600	11
1514	19
1529	20
1574	20
1043	1
-1282	1
1092	6
1584	20
1595	9
913	9
1540	13
1498	4
1566	6
1595	20
1600	1
1566	13
954	13
1555	6
1503	16
1123	2
1477	20
1600	13
1480	1
988	11
1576	6
915	6
1433	14
1464	15
1212	7
1576	9
897	16
1569	20
1532	20
343	9
-11160	10
1477	9
1147	1
1209	9
-17956	6
1600	13
1589	19
1529	15
1584	15
1597	13
1602	15
1527	6
1600	1
-97	17
-1651	19
1595	11
548	15
264	15
694	9
1595	19
1587	9
1600	14
1592	15
-2492	15
1511	2
1381	6
1155	13
1574	11
1201	9
1597	7
267	6
1571	9
1555	14
1217	1
1597	9
1589	6
1090	6
1595	14
-2581	9
-1495	20
-4811	20
808	13
-7487	1
1496	20
1470	20
1488	6
1337	9
1571	9
1576	13
1579	20
1532	2
1441	1
1589	20
1233	9
-1435	9
1595	16
179	6
-267	9
1431	13
1519	6
387	20
-11261	19
1522	13
1563	16
1602	1
1553	16
-550	9
-11141	20
1553	15
-3434	9
1587	1
1548	9
1480	15
-5962	10
1563	13
1574	15
1582	4
827	11
1121	19
1225	20
1600	19
1592	1
1592	16
1511	9
1405	13
-267	9
1529	15
413	1
733	20
1579	15
1503	20
356	20
-464	9
918	16
1602	11
-148028	4
1569	7
1587	1
1438	13
1579	13
1595	17
1576	9
1545	1
1142	20
1600	16
1587	9
1587	1
1571	1
1595	1
1584	4
1600	13
314	15
749	4
1571	19
-2635	9
1589	6
1444	13
1303	19
-3166	17
1516	6
1602	1
1516	15
853	20
920	1
212	19
1597	15
1589	4
1555	20
1600	13
1514	6
-1500	19
147	20
-13872	13
1582	9
1600	16
1602	6
1553	9
1542	16
1514	7
1472	20
1459	6
-109927	4
1569	20
-217	10
957	20
1264	13
1600	9
1582	19
1563	8
1261	1
1589	15
808	1
1589	15
1475	15
-23328	9
-1818	15
-194	9
1592	7
-496	15
1579	20
1498	6
1506	1
1280	19
1162	1
1381	20
507	15
1589	9
1496	9
1566	15
1589	12
1595	1
1571	19
1014	13
1589	16
1576	9
-13362	16
866	6
1563	6
1506	6
1438	13
-2281	9
1423	19
926	4
1358	19
821	20
1503	2
1152	10
1470	9
1496	13
1477	13
48	4
371	20
1446	9
-514	6
1555	13
1545	6
-165	16
1592	8
-2221	2
1550	9
1402	13
1602	4
1555	4
1368	7
1410	13
-33079	17
-1373	20
1584	20
1540	15
1342	9
1548	1
897	9
1587	13
1584	15
1569	1
1537	9
1524	20
1574	15
1576	2
447	13
1602	9
1592	4
-1086	15
90	20
1582	9
1597	20
1602	9
1589	6
1529	20
1589	10
1595	10
1584	16
1501	16
-4507	9
1506	9
931	13
1600	19
-303	19
-21543	13
1597	15
1498	4
1285	13
1600	6
1470	7
712	1
1602	20
1188	9
829	15
1584	9
1584	15
1392	9
605	17
1483	20
1241	15
1569	9
1571	13
1204	9
1410	13
1428	4
-1185	10
1269	19
715	13
1470	16
1384	9
746	9
1600	6
1571	17
1420	6
1222	16
1553	17
1298	16
1555	16
1576	1
17	16
1457	9
1587	6
1582	15
514	15
1602	15
1589	20
-347	8
1529	20
1527	9
1589	16
1131	17
1595	2
1589	19
1597	13
1121	20
1602	1
1569	4
1397	20
520	9
173	13
-53	20
434	20
1498	1
1582	20
1550	20
1397	15
832	11
1587	20
1488	20
1235	10
113	13
1566	6
1592	15
1498	13
1602	15
1584	13
1261	10
1235	9
-264	19
1602	14
1576	15
1535	20
1459	15
1233	20
1514	10
1602	13
1522	9
1582	4
577	13
-14559	15
978	16
1532	6
1600	15
1225	7
741	17
579	13
884	13
704	13
1329	16
1553	4
1514	15
1592	9
-1284	13
1444	6
192	1
1545	19
1600	16
1587	16
-1912	7
1574	20
-5928	15
1542	13
1602	16
1467	6
1600	15
741	16
572	9
1303	13
1597	15
246	14
1503	10
-14892	9
163	6
1548	17
1582	6
1597	1
1592	15
-9450	15
-18068	13
1490	6
1595	15
1144	17
1602	4
1269	4
1550	7
-584	10
-3333	2
1589	10
1600	6
1548	13
-1289	16
1308	15
1602	9
933	4
1602	11
1532	9
-19093	9
970	19
1553	13
1108	20
1113	6
1595	13
1602	13
1589	9
1584	9
1574	11
1602	6
-1636	19
1529	13
1576	9
-4015	4
1433	9
1574	20
1597	1
1584	9
1602	13
1600	19
918	15
1381	13
-3114	19
1592	19
1579	15
1569	1
1574	9
1152	11
1295	6
1589	9
1584	9
733	16
1592	19
1420	1
1566	20
1597	16
920	20
1352	13
1576	19
317	19
939	15
1444	15
-2976	19
1503	1
1542	6
1516	4
1574	7
488	15
1595	9
1347	9
1415	14
1527	15
1595	7
1600	19
1467	14
1602	1
1576	16
1241	1
1576	6
1347	6
970	1
402	9
1405	15
33	19
1592	4
1535	13
1602	9
1600	6
1326	6
1529	15
1524	6
871	3
-922	9
-155	16
1373	20
1095	9
1064	1
-5186	15
1436	1
1407	6
579	9
819	6
1496	16
1597	20
1493	9
1595	9
1365	1
1576	6
1595	9
1230	17
1238	15
861	14
-280	15
1558	20
1209	19
1311	13
1095	20
1378	6
1472	6
-433	9
996	9
1405	15
-19171	9
140	17
1277	14
1600	7
1241	9
-23802	19
1579	15
1595	1
-1066	15
1589	4
1553	4
1576	15
1360	15
1506	9
395	11
694	13
80	1
1582	6
-6368	6
1550	9
816	19
1506	10
-688	16
1592	13
993	20
1600	19
61	16
884	13
-83343	17
1569	1
-3918	6
1475	20
1597	15
1602	2
1582	10
1540	13
1566	16
543	4
1254	1
-459	13
1470	9
-241035	9
1584	6
993	14
1602	17
1308	9
1584	9
1467	1
1449	20
1584	20
1438	19
1535	9
504	13
-4010	13
1555	9
1592	20
1582	13
1256	9
1600	13
1524	1
1602	20
1602	15
51	1
1569	19
1483	4
491	9
1597	1
1537	20
1496	14
1574	15
-696	15
1024	9
1587	1
1069	6
1514	6
-3679	9
1209	14
517	20
137	6
1592	9
1251	4
-5691	9
1470	13
1569	16
1550	20
1584	16
1602	2
902	20
1592	15
296	9
1342	2
1269	15
1579	7
1597	6
1587	9
1553	9
1589	15
51	7
1514	15
1470	1
639	14
1355	19
1136	13
1384	16
1509	19
1582	4
1464	9
1566	9
-3382	9
1592	17
-1774	15
-1688	9
259	6
1186	2
1582	6
1485	9
-4194	6
1563	10
1155	20
1602	13
1600	7
212	6
1595	10
358	9
1527	13
1595	20
-2958	20
1524	15
1475	15
1529	1
173	1
1501	15
1483	13
1597	6
1483	9
1423	9
-1917	13
819	13
1597	15
1116	16
1488	20
1168	4
587	9
1600	6
1595	17
-675	10
-3976	9
-527	13
1394	13
1058	6
1467	4
1602	6
1600	13
1472	13
1571	9
1420	6
345	9
1535	13
1511	13
1126	15
1376	20
1485	1
306	13
1545	8
1574	14
-326	4
309	6
1561	7
1584	9
1600	6
1516	13
652	6
1600	13
1376	13
1592	1
-667	16
-3674	13
1555	13
1433	10
1129	4
1522	13
-1914	13
389	16
1592	15
1602	14
1602	15
1082	1
538	16
1509	19
1561	13
1181	9
-54810	7
1587	13
1519	20
1561	9
-857	19
1548	9
1280	6
1555	20
1485	15
1532	15
1472	16
1597	13
-605	20
1602	6
1433	2
1529	9
1602	9
756	20
1345	9
1597	6
1053	13
1540	1
1587	6
1600	20
1436	13
1589	11
-152	6
1220	13
1511	6
1579	6
1574	6
1597	9
1264	1
166	19
1602	15
-522	9
1563	15
-2083	6
1600	13
1480	1
1524	11
1561	6
1329	6
1553	9
1602	16
1600	15
1600	15
1548	15
1574	6
863	19
1563	9
707	6
-14002	6
1147	6
1467	1
1459	6
1454	6
-35648	17
1600	6
-935	4
918	15
1470	20
-2427	6
-7065	19
1418	6
1566	13
1173	10
1498	9
1405	9
1254	13
1600	13
-3351	6
-1742	6
1574	6
1352	7
-9	19
1519	1
1574	20
1506	9
1600	1
1496	13
-22076	19
1571	1
1246	6
1501	4
-170	9
1563	6
1597	20
-3494	4
-12732	16
-9520	4
1589	7
327	20
-363	19
1532	20
1238	4
-7469	10
17	6
1597	9
1592	7
1477	16
668	19
1514	13
1490	15
-1662	10
1045	6
1592	11
1267	13
1238	1
1496	19
-1886	19
1462	1
1540	7
1399	20
1449	15
-6266	20
1175	1
1329	19
1207	16
1467	6
1571	1
1595	11
1423	13
728	9
1477	4
1264	19
1602	4
-3104	13
1597	15
1592	13
1600	13
1566	1
1457	6
1467	4
887	10
1595	14
1095	1
889	15
1548	9
1595	6
-2216	19
-4153	6
301	9
1589	1
1501	15
1579	15
1360	6
1514	9
1428	15
87	16
1579	11
1602	13
1467	9
-3658	6
-3132	13
1595	9
1524	6
1529	1
892	17
1602	19
-1771	1
941	19
1308	13
1602	19
1532	10
1600	20
520	1
98	9
1347	15
972	15
1300	19
629	4
1490	3
1527	15
1587	15
1558	4
1300	20
1600	16
1602	20
1571	4
1428	1
1212	13
-878	13
1600	15
1597	20
-1617	1
-186	13
1371	13
1246	13
1569	9
1514	15
1142	15
-798	9
-12399	9
1438	7
642	3
1529	20
1561	13
1527	19
1134	13
1602	4
1584	9
1342	15
-2154	7
1587	19
1589	9
1298	9
1436	9
1535	14
1477	20
1571	12
1545	8
1199	9
900	4
-441	17
1595	1
1535	1
384	15
343	16
1540	9
1082	9
-712	13
1485	15
1490	15
1569	15
887	1
1454	20
-990	9
1602	15
-2981	15
1337	16
1470	16
1397	1
1438	19
1537	10
1576	6
-99424	16
1600	11
1563	13
-3317	13
1600	19
1514	6
1457	15
1147	4
-3622	19
1602	20
702	7
894	16
1516	19
1592	13
1446	1
1600	19
1602	10
1535	9
441	15
1386	9
1571	20
1542	4
1347	3
1527	6
-27092	10
1592	20
590	20
1563	16
1222	19
1511	9
1001	9
-28354	10
1553	12
1519	9
1587	15
538	15
840	17
1576	17
-1487	1
1334	1
1550	20
507	9
1522	10
1582	16
1595	6
1563	16
1425	10
1363	4
1220	13
158	14
1519	7
1553	9
-2862	13
837	6
1602	19
1595	20
1602	11
1537	1
1053	19
-3575	6
-4033	15
1056	13
1597	12
1576	16
1600	4
1558	9
1446	6
1579	4
1589	15
-6459	6
972	17
1589	6
1600	14
1352	19
1602	4
-3486	4
866	6
1597	13
1597	19
-66	11
1365	11
-1469	2
1110	16
1329	6
314	20
1261	13
-1750	4
1337	13
1116	17
1597	6
1595	19
1579	15
1071	20
1597	10
-2299	9
1493	16
467	4
710	9
1555	20
1365	6
1589	6
595	16
-230	13
1373	6
1103	19
1488	13
-1906	15
1592	20
1436	13
1597	1
1123	9
1582	6
1602	15
988	20
1540	9
569	6
-1344	20
1563	6
1480	7
1595	4
-459	15
-74322	15
1306	17
624	10
1446	13
1378	4
1602	13
1188	15
1418	6
1592	15
1587	1
1381	1
1191	9
1595	9
-870	1
1558	13
1454	6
923	9
-37543	6
150	1
1600	13
1131	4
1582	15
1483	9
1582	6
996	20
1516	15
-14999	20
-7346	13
-631	10
1576	9
-503	19
1256	1
-1125	1
1352	7
1571	9
1595	1
-511	6
-5501	1
1574	7
1345	19
-436	15
1571	1
1550	15
1597	9
1386	14
-524	15
1602	1
1483	17
1576	2
1576	15
1587	10
1587	19
1509	15
1548	10
785	15
1592	13
1186	9
-21053	15
1246	13
1548	16
460	3
1529	20
-3544	9
1600	16
993	3
1326	11
1537	9
-282	6
1574	7
907	9
1555	13
1483	19
1457	9
1561	4
1566	15
1228	9
1113	14
1592	19
1540	9
1058	20
1477	6
1595	12
1449	20
1548	17
1040	4
1077	20
1558	7
-618	10
1420	9
1462	13
1579	15
769	19
254	6
1475	6
1509	1
756	15
707	15
1496	1
1600	6
1563	15
616	17
1563	20
350	9
1595	1
1579	15
1587	16
-665	1
1019	6
1438	16
1582	13
1582	1
1571	11
332	20
-386	6
-20293	20
1376	9
1574	1
298	6
1522	13
1566	15
1597	4
1147	6
887	15
1392	2
-1206	16
1418	6
1595	6
1602	15
832	6
892	1
858	20
1589	15
-17662	16
1592	15
954	16
1519	9
-10777	15
-2869	13
1574	7
1488	1
1537	13
1532	1
1587	13
1602	9
1428	14
1501	6
1600	9
1493	9
1584	15
1454	1
1446	1
1582	19
1558	13
1589	15
1040	10
1337	9
1220	9
1582	9
1587	13
-2177	6
1516	14
1519	4
1602	10
-3320	10
1103	6
1584	7
1602	20
1444	4
