11646	-17952
-4955	3448
-14314	1450
-995	-1792
7894	2951
9555	-8736
-3449	10037
-2039	-6453
6177	2413
-5425	-8304
-4408	-6606
16061	-5195
-33085	24829
-19590	22263
-13184	5209
2418	-5036
-761	-6187
-7838	5996
-6064	7665
-20890	17399
-2903	-61
4785	7550
10772	-12515
-669	9075
12186	-6527
-5687	13268
691	2
-10654	4927
7953	-12577
7250	-10410
-3539	-8266
624	-633
-805	-6306
-609	3400
-3559	16786
9913	-9780
2352	1526
13255	-10938
3932	-5775
2620	760
9453	-7742
-13185	-3735
10294	-4601
-10157	-3399
-169	-9855
-15559	-293
9054	-5621
5902	-270
7331	-6089
4149	-7082
12475	-7692
-12323	10471
-11145	17388
-16903	17420
9898	-10143
3333	-7902
76	1662
-14960	7511
3004	-3617
-16486	2806
-16955	13694
-7794	3878
12009	-7315
4174	765
471	934
4002	2151
-935	5800
12952	-18500
5048	-7769
11489	-6592
8068	-11385
-8103	-4501
6098	-10428
-2974	761
-3048	-3496
-2769	-1071
1594	-5829
-7835	7832
2101	-113
-14962	13034
-27202	30929
20730	-13678
3644	5522
6569	-2793
6312	-7544
-232	-7207
17269	-9856
10008	273
21435	-14055
-11865	6206
-3430	7865
-9858	8097
4143	-8642
6046	-7548
-11658	-1073
5407	-3642
405	-6574
-6463	-1376
10404	-12235
4279	1080
2149	-2879
-8711	-6717
14035	-7156
9211	-32
-21900	22263
-4603	334
-2182	-2724
851	-19236
7856	632
-2558	-2827
12957	-1853
6541	1293
-6579	-593
-3230	1253
14130	-4263
25863	-12868
12201	-6007
13093	-6234
-13021	7799
-9105	-2665
-2299	15198
3017	-6701
14688	-14551
12551	-10274
3482	-7359
-4658	10899
-6706	6619
12339	-10537
-15669	15500
-4131	14670
-11471	13576
6219	-6014
-6677	1586
-221	-7846
-12777	8178
8104	736
-195	-2223
-12297	-178
1982	2367
7753	-8594
22512	-6777
4897	-6876
-1949	7705
-2020	-1098
1330	-4200
-4960	2456
6191	-9393
-3920	8004
13552	-15727
9084	-6298
-19688	12219
-5318	7456
-7120	6049
-10631	2798
-11388	5611
3106	-390
-372	7040
-23774	26658
19642	-10929
-208	-13562
-8288	4844
-2239	-9142
3028	-8684
7328	-3793
4130	-14640
-4312	1463
17811	-17734
10123	-17921
1973	14459
-7806	1249
14463	-10407
-16628	25183
1116	-13743
5371	-9769
-549	7278
17839	-14647
-4445	-10856
7452	-1281
-8167	259
50	-2870
2274	-4247
-19769	9155
2098	-5231
2114	11456
10027	-9891
6606	-13009
10448	-13985
10029	4859
-1703	7190
9136	-2630
3627	2428
-11232	14154
6460	-12287
2886	-3995
-1367	-7174
4913	-2254
11998	-6007
-11817	1711
-14591	9561
8486	-11668
2387	-7903
3745	-5705
-84	3473
1418	3373
13092	-2623
3825	-7558
-2254	-2272
5510	683
4406	-645
-7423	-1038
9802	-8497
-7698	5253
7738	-11238
17248	-19848
-7154	8344
-2091	-15099
-11204	14144
13220	-9714
6273	-1518
-3952	8290
-2069	4041
5612	-4691
1807	4775
1919	-285
6147	-5769
4561	-1050
-6091	3718
-10185	5515
12126	-497
6375	-8409
-4254	20603
8668	-2176
-22222	4066
-7822	84
-8541	6283
9890	-4484
-4780	934
-26883	20077
-21638	23211
-4876	-5332
-4349	7182
13993	-12285
8470	-4665
3758	-611
-1722	-3694
-8404	-5275
-28474	23101
-8394	-3950
-5278	3362
2952	-802
-1287	8384
-72	13682
8331	-6832
3457	-6869
-14158	11097
5206	937
12136	-3508
12329	-8562
6154	-5924
2141	1878
-4305	-2573
-1074	-743
-12550	1918
5526	-6703
-395	3756
13136	-14708
-22075	24037
7527	-7041
-3422	812
3905	-2766
-1523	-5591
5842	-9799
-6665	5617
14863	-6569
4216	2685
-591	-1920
1554	699
-47	5132
5407	373
14923	-11309
6606	129
-6931	14883
2279	-602
-13104	-8415
3999	-7780
-26392	10217
5294	-10697
-8001	14994
-23532	14605
6553	299
-20473	11106
8433	-3953
-8356	3634
-8588	-9518
-3220	-3307
13112	-4481
-26059	48839
-25436	39124
7344	-8448
-1260	-3182
11942	-13380
-13812	19414
-2847	6194
-3629	518
-15292	6476
8549	-3247
13713	-18585
-13500	12715
-375	2075
6529	-4863
9983	-12406
1951	-1813
2941	5426
15706	-12362
9772	-5282
-3454	-3883
-3916	-144
-1142	-4017
14993	-11938
12017	-4367
-8050	-6166
-18493	-322
8864	-4930
17396	-8802
-7119	2719
9530	-10934
1997	-6828
-2394	-9235
7208	-308
1869	-2471
6366	-7734
3880	-2560
-22172	6876
2777	14030
-7747	5705
4113	-2069
-342	-2185
4687	-7799
5779	-4313
-1204	-1168
3636	-9395
-12789	10568
-7665	-4064
6425	-5033
7066	11
-4901	460
-8316	8108
296	-727
12155	-9337
-935	6843
18994	-17472
-15459	5242
3853	-3786
-9302	8962
3521	-5368
2302	-8868
-20476	12563
1934	-3111
-5566	34537
-7595	15815
454	-6891
8010	-9034
547	6602
-5001	8096
-12325	6354
-4254	4538
8233	-8212
10680	-6567
321	7774
-10486	8597
-6620	13780
9	-1089
3144	8405
2506	2540
7747	-10850
3430	-6660
-478	7013
-3326	11438
8003	7176
13472	-9732
2026	-6498
18836	-16666
5272	-8034
4068	2747
-3157	-6767
4365	1954
3294	-16397
-817	8692
9750	-9825
-10523	2251
-2923	-8204
-10075	19421
773	2423
-2744	-1154
-1280	5339
1569	4974
3681	-4554
5971	-4948
-2958	6377
-6307	4038
-13016	11506
3120	-3554
-14334	16403
-3115	4850
6748	-13736
-1653	2349
-3008	-5534
-5708	7833
4224	7338
4813	2368
-852	-5779
-4237	-8630
10115	-5355
4914	-2444
-3302	1346
-11558	-3067
-9555	3086
-8974	8481
-10288	3166
-6727	13286
839	-9259
10306	-5927
2981	-4972
-3991	-2921
9748	6309
542	1793
-13033	9131
-1138	1377
6033	-2725
25251	-9295
1897	-1262
-5361	2982
-5126	6342
-11070	7417
2856	-5104
-3709	-1624
-1689	-827
-5930	3263
13992	-12719
1885	-2342
5125	-5950
-12445	28666
-8358	3874
82	-5822
10381	-12367
-2590	-2526
8757	-2268
4117	-276
-1889	-5943
-10372	2689
-9803	1609
9121	-5280
-923	10826
4621	-4201
9342	-8847
11474	-7184
-7866	-4529
-915	6720
1376	-427
8424	-10119
-3558	-3046
12962	-13756
-15599	2691
2749	-238
-5739	3113
-13220	13555
-2520	-5587
-7549	6739
-5276	3717
2589	1144
5319	-8598
9677	6420
-12738	29711
-9228	2102
-14906	-4263
1555	19577
-12433	23947
18310	-10294
-13706	6838
13171	-3631
8028	-5552
16723	-15629
3784	6770
-10279	5557
2144	-9361
-1434	-2580
-6986	-297
13668	8666
1458	-1761
5194	-12077
13467	-11314
3077	-10806
12629	-9297
-27696	26333
-647	580
9666	-6139
1366	6999
-3329	-3149
-8958	9373
-6598	4078
703	-7083
6224	2448
13229	-11955
4079	882
-3535	12160
14351	-3033
1423	-4358
15120	-15169
3727	9751
12725	-12628
-9127	-423
-10286	18448
-10980	10598
-2350	-4942
4137	-9140
7244	-1028
1382	-9477
10148	1870
9782	-7035
5302	-7086
16982	-14659
4936	-1926
12702	-9740
876	-5522
4545	-5923
15512	-16021
-3913	3427
-8479	8926
20172	1865
-7056	2636
11847	-1356
-6352	-1051
4577	-2884
7601	-2036
5124	-1082
3310	1194
17742	-11349
-929	12954
-5940	-2021
-10536	7415
-17228	8255
-3331	3863
-7125	-1735
-22870	42535
-12908	10534
2089	-2199
-16916	21747
-12266	22726
12029	-5852
-16326	20368
-6853	6243
9185	-3386
39	-5813
7684	872
6398	3120
-17592	6139
7672	-5454
22739	-15689
-5175	-526
-3221	10478
-22948	11240
-2365	-4075
-3906	2305
7528	-3329
-22354	76
-1637	-6838
10352	-7408
11429	-4416
-12750	7529
-4237	12771
8198	-7459
5636	-5894
-867	9175
3230	-5314
-10295	40284
-6892	18031
-17815	13189
-3194	-13986
6363	-2104
622	-5297
-8664	4167
9313	-5766
-2651	-10263
-4299	5451
13353	-18761
1864	-4614
8081	-11507
-1022	1605
-51	4384
2115	-4599
-3682	-3429
4539	-11181
-7978	12550
12954	-15306
-6989	9770
9641	-7027
-8689	-5479
-5429	-1765
1228	11244
-4404	1676
19913	-5308
9444	-13710
-7024	4293
9950	5006
-13936	-2903
3655	4120
12466	-5117
-9719	7504
17544	-11802
448	-2939
4087	990
3258	-4413
-7734	18875
-5233	23657
-15958	9997
576	1129
-15641	4865
-12382	23896
16816	-12000
-13539	13660
3725	-987
1987	-412
6976	-2689
-1684	3905
-12151	-2446
12788	-14495
-172	837
-1297	5150
-1109	-12863
5749	-6779
-1790	-7408
3870	-11193
-14090	5441
-5013	-6194
-5227	-9918
-4129	8425
-21	-68
-19738	15792
12125	-2588
2973	-9564
-15028	12056
5871	-2971
-15054	13795
4934	677
-3685	1334
10108	4830
5567	-7860
6248	-3106
1431	1998
7459	-1255
2911	1616
-5461	-5915
5896	-3908
2999	-3393
-1357	-1068
1915	-8315
2691	-1550
-18836	15518
-11063	14502
-12721	4094
-2579	-667
13522	-6758
-290	9584
5901	-9863
4719	-9321
-1689	-2355
4621	-3055
12759	-5285
9139	-13850
-7028	-828
-11904	16313
-8336	-7170
-6055	20135
-3812	4189
-3392	560
16054	-19554
-5102	-316
2183	5110
-490	-6784
-20054	13708
11177	2477
4437	-4482
-9268	5361
9096	-2538
3703	-1427
-20250	2773
8489	-2346
6113	-3512
-4335	5114
-8904	3691
5061	-2711
6260	12550
-1576	-2849
17666	-18120
-4201	4845
-3982	-4259
-10221	8100
-5517	57
-18680	15142
382	-4852
-2808	773
-8085	9538
-8190	28972
20470	-12664
-10169	7913
10361	330
-1199	9069
3874	11311
-5326	2002
1339	-5518
5	-7081
-10750	2986
-65	10190
-9385	2826
-1586	7445
9169	-4365
6108	-3754
584	-11962
7274	-11897
-25016	13982
-6316	-8477
-2978	7015
5000	-4531
-5453	925
4772	-1018
-2192	-1118
4766	-446
10653	-9905
-28772	14939
6233	-5886
-11500	531
2686	4482
1267	2064
-9413	-3824
6542	-3975
-261	1702
-16423	14133
14915	1228
4107	-5945
-7746	3851
429	-2264
-8331	-2137
9879	-10597
13911	6
-1324	76252
-7972	-1253
9586	-10365
-12675	2781
1458	-1052
8071	-5259
-838	375
1579	2211
-8356	6070
11263	1312
5494	5030
-14717	19494
-6641	5584
14863	-2763
-1460	-5759
-2033	4292
-5003	15062
5085	-2038
-10698	2321
5813	-3927
835	1503
5005	-2619
-6272	-1537
-6532	6811
9365	-179
14786	-3487
12487	-11765
13795	-7575
-24203	6807
152	-10892
-5627	13690
-1403	2194
-25266	13864
-7962	13283
-12516	2172
-7344	14660
184	-4718
15202	-8017
-370	1114
16814	145
-3645	-5464
-6443	-550
5222	-14418
17182	-11457
-2293	30
-8012	8151
4676	4137
-6641	2246
-2292	-3921
638	3367
5367	5651
1878	-718
-15778	22009
-7564	3493
10386	-1150
12080	-5640
16935	-17423
11689	-17312
-7512	-1711
19916	-14566
9101	-9756
11131	2445
-1644	4330
-15496	2431
-10920	3067
-10947	-3031
-11589	6460
14237	-11914
-3879	10118
4379	-7578
6863	-4403
-3710	-3507
3524	-4881
4887	5622
2745	-3003
11022	-5697
-449	1
-6810	5559
-4507	916
-2981	-3090
-1979	-1965
7444	-3048
1246	272
12037	-12222
-6739	-2479
-5546	-3920
3572	-7609
-2580	-4409
2694	1998
11930	-9163
21156	-14130
829	-4586
-5650	16633
1364	8808
22319	-12006
-7147	9210
4356	-4122
9116	-8437
8633	-4858
1194	4710
-7582	11789
-4377	4681
7943	-6896
3903	-6253
-11734	330
2501	-494
13759	-10520
26285	-20421
10026	-9002
17374	-11883
9254	-12541
7520	-6733
3400	-8549
-4422	2789
-3577	4811
-19391	11298
-20934	14925
-3542	-4657
9221	-7670
10541	5873
7042	1454
-17270	-2655
18062	-10240
15000	4274
2622	-852
9159	-8984
14876	-8502
9382	-5330
-8173	6458
2669	-6932
-7188	3426
4071	2284
-3767	-701
-11941	21206
-10276	2056
-11323	17330
-435	-7181
-4153	2609
13927	-7282
684	-11274
2879	-9433
4665	-2298
4903	2096
8949	-9913
-8788	538
2329	-9957
8998	-7312
4801	2767
6081	-5386
-849	-1963
15304	-14967
6681	-8618
-4647	7852
21016	-12369
-8344	2027
3831	-2715
6222	-4453
12987	540
294	-1140
-12075	2530
-3034	5495
-15750	13545
5312	-5858
9436	-4417
7044	-9923
17312	-10477
10411	-6590
5228	4441
-14153	6563
9053	-4985
11621	-4539
363	-3067
-4432	-2197
7199	-2026
7508	5103
4806	2700
8193	-12003
-7525	1881
-4919	-1108
-19540	14286
6150	-2750
-3358	-1893
11583	-12368
-6175	-4835
-13441	22627
-478	-1391
-3718	-8029
-4156	-5662
10316	-7257
-6541	-403
24211	-16945
-8733	9410
15504	-13640
3577	-9054
11165	-750
-1094	-2368
-7803	-1460
-4937	2539
-198	-726
14021	-7579
11113	-6194
-4700	7287
14225	-13647
17253	-7118
8509	-4464
1281	3963
-927	-3386
-6433	-922
-954	13726
2433	-2201
4118	-4363
-3279	-4920
18923	-18785
-882	5605
-15086	17641
-2457	-4876
-7046	-1625
7245	-14229
3373	-4150
7220	-775
-7915	754
-2848	4501
15542	-15088
14109	-16734
-8008	10448
-4587	308
2757	16280
-6824	3104
5877	-11142
-30965	14750
3027	-7391
475	590
-3521	-3011
19221	-9876
-9599	-12345
5628	-266
23871	-10100
14248	911
-1280	-3963
11332	-12239
3342	-4763
-9330	12641
4775	-5812
-3990	-3373
-3414	-4596
-8761	6213
-9651	-2459
646	-7174
-2701	2365
4560	-2519
6937	-12940
1003	-4829
-1497	10085
-13355	5393
-2113	-12709
5096	1818
-14579	5893
-1889	5420
-632	-6067
5971	-2761
-2811	2419
420	-412
3052	-8927
-170	-7099
-3002	-4567
-35426	23942
-12523	8720
-2650	-5817
7776	4888
9065	-6482
1786	-9310
-4178	7107
-5383	2183
-12063	27221
-5970	-12883
-1133	11269
21042	-11935
-23919	10968
4736	-7967
-5835	-1817
3115	-14774
22060	-7731
-6125	13626
-13670	3489
5018	-5941
13892	8731
3456	1710
-9449	7475
12485	-10948
8715	-11136
-14336	9640
-4969	12126
-8794	13564
-4042	13105
17241	-9137
8295	-8521
14687	-12969
-13114	17115
11082	-13022
5108	-556
933	1123
-3264	-105
-4892	9535
-11374	16981
-2122	7208
-1483	-2814
555	-4377
23649	-16959
-4415	-5211
277	1576
5575	-4653
-3231	-10110
-15819	17370
5495	-8734
-10034	12552
4826	-7163
-2730	832
18170	-12067
11947	-18245
-4159	4252
10046	10211
-2721	-5749
-13790	18438
-472	2930
-797	-2213
-4360	6308
-10467	17339
-4167	-3613
4674	-620
-10918	10320
3110	-9725
-1492	-2666
13505	-1627
-4554	1965
470	-2599
4206	-3166
17757	-16657
-9224	5174
-3165	-3470
14979	-19100
11895	-17943
-12262	-95
10277	-13821
-5809	-1448
-1720	806
10297	-7188
-795	-4738
14591	-14962
14610	4329
252	-9553
-5220	-6768
1988	-1519
19678	-15097
-1120	2389
2842	-9054
-5828	5548
2088	-9347
19705	-14098
-14670	3381
5086	-9461
-14565	11647
-7247	1456
9742	4031
11243	-12547
2434	-6636
-2144	7983
2092	-3815
16595	-11827
-9833	9498
17640	-5635
-12603	24974
22100	-10712
-10666	38002
9487	-6491
-6543	6615
-6585	-5796
-5187	-1666
-2358	-2735
6975	2549
13984	-11548
10973	-10944
4857	-4039
-5792	1054
-24424	9737
-11646	10518
-589	1999
-2140	-5600
3524	1172
17202	-11583
-3328	-6167
-24612	26340
16719	-8262
-4065	4925
-13205	17560
3594	-12158
12999	-7124
-4696	11813
-10161	-2786
-16051	5151
-7853	-4056
11649	-9746
8685	11631
7271	-6952
1011	-7478
-23401	11519
8457	-7077
2295	1555
-548	-6318
-6018	-4030
-9520	4607
-10472	13855
15367	-9780
6930	-9048
9293	-10610
13386	-21547
15984	-9896
-4069	15328
26791	-12694
-7220	6654
3778	1852
-13014	11720
-387	-7805
5697	-9722
2349	231
-3467	4059
1399	-5808
-2332	-8483
3919	-65
7108	-3731
8577	-10085
3320	-1622
777	8581
-2516	308
-5189	-46
12148	-1127
15594	-12446
442	1447
-6356	-1593
4241	-4780
16667	-12693
-18140	13240
13975	-3176
-1493	-13412
2982	-3265
-2966	1162
19060	-12697
5926	-1689
2638	-9955
-14265	17105
-911	-4996
-4187	3745
9158	-5865
7686	-7194
-10835	2283
1915	10511
2965	-4258
12412	-8564
9259	838
-6943	11236
-25874	31536
7512	-9660
9198	-9700
-5291	-828
4759	383
-10970	2803
2943	-8987
-12372	5951
-15132	23284
-1417	-11292
2131	344
-14732	4097
1158	11603
-13377	317
-4756	9000
-5758	3624
-9404	13096
23916	-13729
-16515	21567
-15725	17388
4255	-13288
-3056	1522
-17711	25736
10329	-10887
10498	-2190
4650	6256
7219	-3293
-9202	6303
634	4099
11230	-8078
-12966	24773
2921	-3470
-4072	-7576
3428	-10170
-6250	484
-3325	16166
-19369	12162
-1783	23560
2494	-6595
3519	-442
-3882	13434
3728	-5586
-15401	19288
6140	1114
-15321	3395
-5993	8098
1867	1784
4793	-3432
17304	-13969
13929	-932
-3515	-5946
-15706	9417
14548	-14566
-1930	6869
16240	-16463
1475	3073
-12898	9897
14093	-7045
754	-5635
2951	1758
-7886	2972
1069	-9396
-1678	-3197
15511	-14396
-2249	-2783
-551	1797
7839	4361
-12735	23427
-2808	10306
9827	-2470
-6346	6278
-17699	13390
10735	-440
19819	-11943
-4145	1184
-22884	18521
-12194	23298
-9371	10527
-15073	27344
12775	-8431
-5540	-4570
-5141	9881
-13067	5139
15411	-11376
-15405	7944
13834	-15133
12025	10100
-11283	1006
-10797	2244
-1344	-7650
8402	6309
4161	-7617
5039	-10012
-8851	-3925
16272	-6668
-12548	-48
-7178	4259
-5571	8784
-4841	14234
-2590	-15540
-9924	-7763
-5011	1476
7518	-4953
3933	-4269
1913	-1791
-1714	-3709
10952	-7276
-22800	11145
-2177	14237
21270	7986
-6053	10931
1279	6027
1687	-3590
10402	-14542
3723	-4476
5352	3219
1681	-6260
-9939	12219
-2679	4185
-4614	4113
10495	-10606
-10968	7760
-5246	4243
-3073	-11254
4474	-5647
189	1540
-27119	16993
-13826	-1216
-1789	2906
-13229	8455
8804	-5730
18499	-15693
-10302	10710
2834	-5313
-12972	11789
13992	-16129
1534	452
2025	-5251
8045	-12742
17239	-10374
12436	-6658
-264	-1312
14358	-10249
13463	-12406
9078	-4649
4786	-1917
-16889	17179
-18653	5352
14666	-10278
-29088	16862
9618	-11758
8908	-15687
12313	-12668
-8071	2324
-24871	488
-7624	15211
-13337	16497
3000	-2070
-18619	13996
-2066	-2002
-6895	7638
-8476	338
17529	-11467
-9898	-1519
-1386	-11614
3024	-6741
721	-9680
-1205	-6474
-8628	4333
-16186	4742
4993	-5963
-11097	14400
-284	5425
3309	-10590
2320	-6326
8437	-3972
24244	-20616
6229	-8977
2411	-1300
20949	-12918
5849	5020
3238	-3159
9657	6626
-11008	7516
6371	-78
9673	-9175
-21717	11254
-905	-6704
2800	-4187
-410	8708
7423	-7315
1879	1751
7636	-13122
8723	-3658
-2716	-4864
2692	12320
-3758	-91
4844	12000
-19571	33752
4321	-12894
15027	-8440
-2197	-4230
5207	-4017
6620	-10352
1680	11487
1652	2866
13407	-8379
-9869	7580
3399	-8002
10224	7037
-10034	11592
-12281	152
-7463	-3847
10663	-3225
727	-1684
-1983	-2227
7817	-5290
-7018	-170
5346	-9404
2219	2727
6342	-158
1931	-204
-9954	-3294
-3165	-6582
-12219	-399
5591	-6383
8727	-3443
4843	3006
7406	-5406
9976	-4878
12458	-12318
2065	-7207
2197	-1226
-6709	-1580
3405	-10034
-16894	13253
10650	10926
5274	-15225
-14646	23230
10626	-9651
4027	10832
12670	-4668
17376	-4098
-10364	6925
-20468	1676
11009	-4151
-18306	11202
-12328	6732
3837	2454
-3441	3065
-1683	20099
-2101	4021
3849	-6202
8039	-7762
-4836	3579
-788	2700
6522	9587
-12136	4737
-1173	-6169
3058	-9355
9242	-6027
7317	-13063
5675	-3148
9745	-9412
-2017	-5855
-15371	-3951
209	1388
-19486	8361
21276	-15114
-11659	4284
-2649	4711
4886	8709
-1272	-3077
-13001	8852
-6579	13685
3497	-3339
-9267	1497
7034	-5831
-8823	-3261
-12597	3621
-7160	15749
22422	-16065
-12084	11290
5954	-9492
6489	897
-13780	15306
-6887	-7746
1114	-1683
-12288	4129
11926	-15070
7538	-2600
-21092	32396
12320	-11056
-2167	152
-23879	11370
-6352	-3589
11830	-6456
6305	-4280
-22390	-367
5379	-1584
-8681	-2949
1472	-7388
-4206	-3037
-4161	-681
4289	-6006
1631	8411
-360	-1043
5919	-9926
-5222	-2790
15903	-9249
6709	-6355
33991	-17004
-2444	7392
8044	8943
-8389	4361
1855	-8834
-3828	-4790
-770	-7689
-18812	32370
-5354	-6902
-10918	23604
10904	-4545
1170	-5346
-10430	3459
-17375	17600
12119	-11551
-11968	3183
17374	-5452
12878	-11839
-24283	46668
10726	-4042
3465	8927
12518	-7784
4796	-8613
712	6922
19316	-14514
-19699	-35
11847	5597
3629	-13813
-3779	3178
-21110	6009
-9525	13305
3511	226
-3360	1251
2864	-4452
-6395	6433
-2541	-2685
15240	2256
-419	318
-3240	-1991
3212	-8963
-5283	5827
-3801	-5907
-5721	-3925
9446	-6056
-630	-7679
-507	9515
-13004	2047
-2187	-2137
-4221	-1008
7748	6576
7074	-8566
-2067	3497
-4515	-8092
-1141	518
-836	7107
3634	-123
-4187	-3869
-15723	5095
-11653	3634
5925	622
25806	-9256
-20391	16883
-3100	1283
555	-1461
-289	11177
8357	-6420
897	7747
-1534	-2644
9064	-8986
3028	-10530
-3579	-4702
-4539	-543
11932	-3047
-21122	14377
-2448	4296
8533	-2457
-3546	-1463
20948	-14129
527	-5977
-2418	-9182
15958	-7989
-13597	-5209
2240	-6023
-473	8055
9142	-11630
572	-8488
-1890	-814
1974	821
1539	-6571
11634	4663
7350	-6498
2408	7918
7326	-11187
-15012	18180
2695	-62
-4280	-3096
7379	9731
-24796	5253
-7753	4098
-8420	-540
-13506	-1954
-10226	15892
-16428	25704
-1572	16102
-2464	1859
6589	6059
-924	-4298
-25888	9841
-1460	-5200
-9205	-5652
-14526	-832
15757	-7735
16712	-13469
-3733	-91
5374	-2458
-4691	9707
-14044	1195
-4984	411
-4507	-3881
15570	-13168
5861	-10125
-8009	2558
-29109	16151
-19346	20676
-2537	-2630
-353	3598
10293	-9572
3123	8395
-18396	13313
11540	-8434
-4126	3071
-532	-3170
-11965	-3318
12325	1594
-9321	2022
1824	-5045
17634	-11731
22242	-19043
9880	-4771
4305	5030
12221	-13208
-699	-3968
-4788	8411
-16235	20078
4510	-11505
-6640	-3378
6045	93
7859	-7208
-3055	-5441
-9425	12826
2116	7036
-9116	9577
98	911
-1808	1172
-7000	2990
3644	-1963
2086	-5715
-10587	13700
10365	-6428
-15185	12497
17680	-14175
3847	-10710
-12452	23605
-948	8846
18099	-12370
12432	1740
-3910	6002
-3212	-505
-2803	1173
11878	-14952
-4808	8486
3661	9282
-5403	9972
6621	-8633
463	-4989
1163	-703
-18927	5154
3677	-4484
-8204	13444
18122	-10407
-17382	20651
8723	-7438
-11049	13458
-10843	1887
7134	785
-18335	1220
13342	-11697
-15973	947
13156	-12957
2102	-8203
2520	-469
10133	-5299
-7185	7696
8361	-7887
-5349	9406
-3486	9204
4477	-5440
2908	7081
-5227	890
4693	-6619
7515	115
7389	4586
-1028	10058
-3175	12838
613	2297
5764	-8095
-3500	14542
2587	-7989
-2271	-7112
-3060	-6795
17332	-19454
18724	-10133
-9778	4320
2600	-4943
2275	-7213
12719	-15408
7158	-1209
-9175	35757
-13315	3491
519	285
4008	-2338
911	5070
10265	-4522
12305	-12685
453	-4256
-21707	3900
-10114	15735
-4418	22083
25965	-19528
-2071	-3503
13081	-14321
-10117	10612
-5605	9404
7659	-14282
7410	876
-2907	1200
1943	-7138
154	-5925
3218	5412
-559	-3954
5681	-32
-22204	4937
18350	-12209
794	-4114
18584	-6825
8240	-2284
-2498	10261
-9799	5408
7476	-7657
-25986	23895
3142	-7337
-4504	8152
-8117	20929
-9567	15889
-12555	8501
-5182	-531
5365	-5832
5799	8308
8919	-1888
-6181	2311
-7719	-3339
-5749	-3838
-3867	-9910
-527	2799
3959	2818
20517	-12877
18465	-12440
-3319	-3511
8825	-1848
-3083	4753
11784	-6819
-4299	-4738
-9239	14025
2067	-5658
-4440	723
-2628	-5281
4313	4470
24060	-16159
-702	-8503
2886	1695
5877	-9346
-3159	485
2951	-2324
-6233	11756
-8711	8333
-5393	6252
7377	-12567
-13516	7350
10135	-13610
14932	-6315
2028	-3586
6434	-6964
2694	-2533
18115	-13760
-14809	7463
13147	-9376
409	-1057
-4815	-94
12389	-4226
1294	608
1578	-3891
-6687	19290
17723	-15980
-4981	10606
7333	-6939
-8571	1109
-7335	8939
-1046	-1548
11598	-9039
-15795	6022
-5933	5493
-10417	8303
-628	-7433
5433	6488
-7373	11827
3728	-11156
-8142	13472
7666	-14814
3089	-7614
8049	-9798
-7537	12373
-8623	-1606
-9680	25681
14155	-13786
1227	-5714
-6521	9547
47	-9213
-1312	-2483
5370	-2705
-9809	7540
-536	2317
-7097	-3759
-4415	9108
-12931	26598
5696	11051
20460	-13342
16634	-1502
3999	-2321
5203	-6138
3818	527
1182	-10480
14394	-20898
-15398	4900
18395	-4295
-15908	22031
3030	-3807
-11161	-3332
-6703	951
-3815	6012
-3364	-1647
-6019	12504
9242	-7953
-803	78
-15622	6141
-2249	4040
6207	-10982
-6682	7650
3437	-3740
7365	-4864
13041	-7455
6156	-6433
-23813	10592
-972	6548
12098	-5477
-20218	1522
5892	-4743
10432	-10402
-18587	22607
10865	-8207
-5097	-1571
4728	-907
-5070	-1706
-2805	7615
-6815	3590
-8457	3753
-7861	12478
-3229	-9521
3144	13348
2871	-3689
1365	4160
-5519	5983
4602	-14243
-9812	6544
9271	-5549
-5234	-1009
-2317	-576
-3100	-335
17416	-12030
-15775	3905
-16434	770
-19395	595
1259	-9921
-11418	5472
-1779	-1841
-3996	-5538
-8570	95848
-8374	-862
552	-4622
-17708	-3708
-1308	-2122
-5331	14410
12075	-5590
-2275	-3357
-1718	2545
4939	-31
17227	-6478
2916	11396
-6687	-8877
-14753	22554
1971	6197
-21796	8131
9019	-15231
6750	-12763
5311	-10870
5480	-3125
20510	-13902
870	-5896
-4167	2209
3063	4693
14908	-11930
8499	-5861
2767	-67
6748	-4920
-2102	-3242
3005	-7190
-7854	-1428
-14263	16560
-7375	-1567
-465	611
994	-128
-4598	8287
-11508	8737
6210	4117
16588	-8892
16923	635
-6324	2549
-6596	-4565
24459	-20895
1910	-11450
-7735	15931
4754	-13146
-6605	5782
12909	-11019
8970	-7733
-5692	6889
8233	-11826
-1279	4062
-2520	-8917
2032	2913
7001	-6943
10825	3568
-2047	2869
13041	-8682
-1783	28075
-3074	1895
-974	2018
9915	-10938
-7662	12544
-941	6468
11010	-15723
-8600	-391
-9436	935
7157	-3108
6439	-17890
-7486	5413
-118	-3056
-3370	14618
9107	-12304
-16485	9517
-18796	17111
5889	-11840
-4644	2889
6827	-8411
-12385	6976
-4014	909
3359	-5319
-2582	-171
1272	-11716
10298	-10979
-6047	5096
-2172	13329
-16264	16795
-37	-8913
7466	-4319
-11341	6994
-6870	9956
-11167	15070
13034	-8985
4924	-3760
3601	-1600
-16034	10726
13001	-5651
13414	-9760
4474	-6252
8742	-1834
3151	-2786
4891	-3564
5701	-11594
10248	-6103
9615	-13896
9222	-6183
12232	-7719
7754	-13511
-17033	19469
3839	8878
-8554	-3014
-5561	1885
7678	-2995
6880	-4885
1693	-361
1340	2938
-9555	2168
8853	-10180
-4563	-1425
-1268	888
109	21303
12015	-10933
-14238	4505
-256	-6070
674	-3973
13853	-7968
6579	-7096
1775	-3416
-6669	-3308
-21974	8309
-7101	-2130
29173	-18302
6315	435
1318	-9559
-19136	12815
8367	-13563
-1418	17109
-16932	1437
3658	-4171
1864	-6161
-352	10607
-7685	8170
-15006	16218
4711	-8046
4655	-3416
9587	-6169
-17530	-1040
-17266	11598
-15505	6634
13309	-11570
1871	-5537
-16457	18757
7213	2125
-8703	8357
-14158	8737
3070	1202
11223	-15839
5886	-3414
6416	943
-7589	13469
161	-7621
-2366	-475
-6347	2985
9445	-16363
-6900	12849
8714	-4634
-13105	6591
2002	2814
8964	-7850
5751	-6741
1549	-5641
-2708	450
-15713	22152
8593	-17056
3486	-388
-4446	-9
-4835	-418
510	-4885
12240	-4782
-2391	-1146
-10900	25919
-3584	14684
2227	930
-12298	6341
12923	-9612
8713	-8311
-4911	-2145
6670	-9301
8404	-10237
-16760	18441
10726	-12746
4531	-7320
3844	4020
-8682	-190
21	2681
-21569	9436
-2332	-614
21010	-9332
2653	233
8198	-4945
6449	-4619
10128	-12135
-8046	2254
11086	-8610
704	-4889
-28610	20307
-593	-3638
2520	7967
-7419	-5790
-5351	1105
7022	-12275
5551	-1974
-1994	5977
-15321	5263
-3859	879
-6729	-3608
9624	-2837
-5490	-1386
-10867	-3768
436	-6695
5349	-9701
-2347	4175
10359	362
-14078	45208
9980	-12079
13873	-10899
-9758	-3524
8358	-3135
4032	-1338
9378	-3836
-4124	14265
-12438	11336
6376	-6793
5347	-9077
-635	-8225
10577	-9231
8923	4436
12791	-6089
1514	8206
-8664	-4324
-17107	11638
-16108	10932
6654	-1122
4422	-11924
5625	-9412
1145	-1965
-6904	3188
9150	-5499
1939	-109
18626	-12350
3221	4283
-8836	18591
19302	6396
1884	-2817
4704	-3010
2328	-3242
-11014	511
-11092	3485
-15241	8489
-17773	25056
-3418	3436
1028	-7320
10871	-12906
-9275	-716
6372	607
7452	-13380
7056	1286
-16196	21720
-6353	8159
-6164	-3045
10099	-8866
365	11641
-14497	2072
12374	1464
2363	7513
-11320	3431
14520	-3932
-289	10087
7097	-15928
-32966	21082
7664	-1848
-577	-5416
4745	-2266
-38178	26674
3918	-16069
-11076	8514
6935	-7426
12762	-5384
2399	-5711
17912	-11592
14452	-4036
7471	-4226
1259	-10167
4733	-4536
6737	-2673
-5916	7203
12306	-6731
-15393	44003
607	2657
-18738	9254
14448	-13397
-691	-655
2672	-5289
5717	-1219
11464	-7006
10635	-392
5803	-13708
-20082	8104
2697	-7882
11872	-13765
-2239	-4673
-6867	7550
6412	1796
-16751	1415
937	-573
-806	5599
-2071	-4109
-1318	7169
8569	-7901
9393	8203
-3893	6303
-7384	12341
24464	-13624
-15845	8923
-4137	-6413
7287	-3754
1588	-2614
-341	4483
21230	-16629
-12097	996
-10407	6391
-1732	-8927
6525	-3935
-13114	4555
-3476	-2103
-2591	-1706
15462	-24357
-3031	1678
656	-1263
-2486	-1072
-9474	3476
-9118	9081
15444	-13279
10306	-8135
-3206	-991
2648	-2309
397	-1831
2615	-13294
6319	12685
-1633	17062
-1957	3474
2062	-8500
6008	-10353
8858	-8967
-5896	-4129
-5943	-6368
798	37
-789	16099
1116	-4521
7247	1318
6372	-10174
-7539	13242
12546	-10117
483	1541
-11914	-3762
12523	-9725
15656	833
9716	-8526
-18984	32773
-9136	7619
5629	-8725
14069	-10364
13734	-8700
17756	-11157
-6016	-2685
-9585	12006
5826	-2132
-1558	12019
-17798	9620
-3907	1358
-8493	4372
10433	-13414
-3654	2488
-17406	30765
-27511	25993
-4847	11458
-6584	4403
13847	-2510
-6312	-4094
3733	4699
-6879	13388
-7817	24943
17259	-10761
-1062	12207
1983	-3653
-3996	11632
12634	-8573
-19592	35327
-17924	21786
7130	-8375
279	-4844
-19520	14393
1290	-11478
3669	-11393
2515	4759
-7394	12220
8001	-3298
10956	-8450
-15984	9010
12288	-13641
-11008	33998
-334	-533
2254	3562
2309	1472
-1378	-2485
-5398	8745
1176	-6437
13527	-13468
-1964	-5757
-7989	-4301
-1989	-812
-19256	14486
10383	-13046
11577	-13767
13922	-17293
7996	-8442
-905	8597
-5430	10945
18488	-3910
-2938	13827
7500	-6811
17494	-5777
-19653	18466
-7887	11489
-494	4914
-1008	1026
3804	21244
-15692	6997
10097	-4212
-12457	7247
805	-1835
239	7533
-467	-12219
-15976	10888
14009	-10509
3991	-10818
-18434	7680
6784	-11363
4624	-7719
3298	-1109
-12639	6783
14325	-7653
14979	-8377
7029	-5552
-3437	1637
11243	-9335
10330	-4122
7992	-11154
-1253	6233
437	12807
-3524	9858
-10720	2793
-1261	527
-1068	-2836
10069	1570
7299	-186
-10691	2423
4296	13536
-11622	6672
4962	-1624
6923	17837
-5072	-7975
6365	-3626
-18826	12681
-740	5800
3896	-6506
653	3858
-9701	-306
-18943	17
13945	-13868
-11232	2096
-6108	-3046
-7969	803
-14338	29115
7185	-12099
6369	-727
15636	-7724
-11385	15918
-5996	20681
-1504	7537
-3863	2515
12211	-22451
-26	-5614
-2138	3071
-3070	-9773
-9522	7362
17336	-15739
2175	4826
1169	-12225
-2485	-11175
7639	-10796
-13176	3252
-2372	6633
-5110	1681
11268	-4967
19	6584
3090	-6971
-5794	7664
4724	-14204
-2606	4489
-17817	9177
-13057	6906
17992	-19242
7815	-9512
-5246	9841
5888	-8494
5612	-5457
16344	-11795
-3083	2941
2099	-447
-5991	2651
-180	-9243
-4633	-122
15241	-2951
-2493	1775
-14899	12814
-1648	-2175
-3569	6395
-6239	2684
-155	-4340
-1979	207
-15379	5934
6258	-8087
813	-8635
6397	-234
-16132	17922
-6675	-9630
26362	-12696
-19385	19269
9012	-4917
-29285	7646
-11951	10922
17700	-14619
7690	-7035
-4610	-6463
-9597	14871
1227	-7237
2833	-11301
-4556	7231
5972	-3369
18803	-15286
26424	-16127
1557	-4058
-16197	6266
16242	-12506
-12440	1912
-24744	17053
9776	-7729
914	45
10791	-5267
5088	-7225
-9522	17180
-3944	-4723
9655	-3016
3408	-2566
10654	-3048
5604	-6947
3327	1620
4362	-4752
-23616	1695
-10449	-2463
-19543	5716
2098	-2482
5694	-9016
15939	-7049
1726	-6322
1490	15070
2934	-7384
13160	-10147
-19437	6307
3362	-4845
3499	-8692
-5505	18129
-2275	-5080
-12260	9657
-1893	14065
12138	-7937
2715	-3864
6340	-800
9870	-1429
-6215	15671
-13602	-9989
9963	-4577
-6235	-2795
6030	1294
6434	-4556
697	4275
3814	-4915
6935	-12617
-17055	8542
1486	666
-10799	4582
-2061	2080
-9898	26814
12908	-5847
-13437	8366
-2608	3972
6704	-11231
-3357	3310
7592	-6084
-17413	50221
-6567	5936
-3180	-2844
-8472	-3096
5888	-11977
4007	85
2118	-922
-10572	5610
8801	-7167
-8638	7955
1975	9665
-21238	3033
-1792	479
-13597	12372
-8859	-2847
75	4675
10725	-11637
1668	19
8952	-7763
-805	-2257
-5357	-4962
-5658	5803
9804	-13319
3603	-1568
4634	7773
2052	-5366
-11040	11644
-10794	18671
-13028	1645
-4801	3769
-2960	4215
8757	-1393
-9943	-2272
13019	-2055
2480	-1459
13164	453
4029	3785
5036	-3697
1273	13655
12165	-2358
-1513	222
-17966	1161
7142	-6751
-6873	1057
-6519	-2115
-36	-8876
-10260	-1025
1782	4573
-16283	16361
-11161	-2527
-8019	4864
-8184	2608
4710	13807
86	-15763
-3085	-3153
-7686	5568
-7030	22454
-16573	24330
15894	-10859
-21620	39194
-6719	15733
-16671	7727
-19665	21339
4407	-8709
-5078	21448
-12319	14871
-1530	4149
10107	-8877
-4894	-6731
-861	-6049
-2341	1730
-1122	-4372
-6853	9538
-5297	-3583
-8393	-4170
7208	499
-8574	3245
-15322	10333
675	5435
-4492	13405
-2908	1361
8322	-10866
121	-577
16189	-6270
-5017	-5384
-1619	-1456
5618	6514
-3400	37968
-51701	76959
2224	-5614
4384	3047
-13747	15614
-2607	-7391
-11716	-1675
-420	-4488
-20660	4734
-824	-3719
752	-3688
7466	4966
1783	-4927
-2580	-2497
1960	-8635
1251	-558
-283	7051
12403	-8602
-7832	8441
10340	2268
3494	-3902
9827	-8894
34201	-22492
235	-9399
-25218	19303
-5411	-644
-2238	-4558
7528	-9913
-3968	7841
822	-161
9870	-8789
-6976	4741
-6422	8
-12329	4061
-7055	3782
2348	-6245
-5055	1322
4293	759
9801	-3398
22931	-12000
-3128	7761
-4313	4189
5463	148
4105	-11089
14605	-15529
3425	5800
1085	-1028
-7409	-769
-1514	1700
-11838	6796
5973	-7141
-6752	2059
-4518	3695
9754	-14042
6182	-7783
-1949	-3586
3147	-4631
2255	-694
-6190	7813
1906	15988
-7423	13131
9935	-4288
-2666	-8067
365	21
