-4961	1
2025	1
-962	1
264	1
-13444	0
4146	1
5399	1
2883	0
6486	1
10392	1
-7711	1
-9659	1
-4560	0
-581	0
7056	0
4246	1
4015	1
5890	1
-17272	0
-10521	1
6939	0
1758	0
-10263	0
8311	1
8438	1
1668	1
-9871	1
-8196	1
-7	1
-18300	1
8023	1
10502	0
7042	0
-18202	1
-5286	1
8492	0
-7688	0
10313	1
-11816	1
5356	1
5686	1
5924	0
11001	1
-18662	1
7650	0
-2386	0
-18138	1
-15323	0
-7756	1
-16103	0
-4947	0
7338	0
6449	0
-6679	1
2152	1
11358	1
6415	1
-4478	0
-16120	1
11150	0
-7352	0
-11651	0
-2481	1
3222	0
13359	1
-15180	1
3073	1
6280	1
-4813	1
-13490	1
13794	0
14128	1
-5377	1
-3328	1
-12437	1
-3716	1
6332	0
1263	1
-18455	1
11238	1
3108	1
-17440	0
-7947	1
-15898	1
12482	0
4327	0
13989	1
-3784	1
-3781	0
11989	0
9607	1
-62	1
5525	0
-14281	1
-6117	1
-9992	1
-4594	0
-18357	0
11478	1
4908	1
-1103	1
-6070	1
-15727	0
13015	0
-2152	1
9191	0
11899	0
-11574	0
-5498	0
1207	0
-4088	0
5581	1
13249	1
-7009	0
-3394	0
13427	0
-11523	0
9838	1
-642	0
-17977	1
14613	1
-2142	1
-2567	0
-15565	0
-12399	1
-13841	0
-7119	1
9428	1
-15567	0
11936	0
9719	1
-14548	1
-10828	0
1842	0
11145	1
-11239	0
9422	1
-11742	0
1128	1
-5909	1
-3299	0
-4218	1
9740	1
-12354	1
-4881	1
-13880	0
13357	0
-5606	0
-3488	1
-8932	1
6387	0
-390	0
1406	1
-3354	0
-16219	1
-10104	1
-8796	1
-12846	0
8981	0
-17964	1
-11017	1
11595	1
13106	1
4694	1
-9844	1
9020	0
-11205	0
2689	0
-6490	1
8195	1
3952	1
14283	1
-14000	0
-3427	0
13708	1
6106	1
4746	1
-3356	1
9366	1
9232	1
13670	1
-7310	1
-17942	0
8866	1
-7944	0
-6943	0
-4131	1
-6052	1
-4873	0
13645	0
3854	1
3457	0
-10237	1
13369	0
-15928	0
6205	1
-11736	0
5266	0
-17722	1
-1086	1
12466	1
13953	0
-12077	1
-7687	1
4276	0
11727	0
7754	1
9574	1
-18083	1
-6336	0
5754	1
-15419	1
1075	0
-18057	1
599	1
-10664	1
11194	1
-410	0
-410	0
7245	1
11526	0
-1735	1
5846	0
-14880	0
10185	1
1619	1
14636	0
2600	0
9120	0
9808	0
7319	0
-5677	1
-11615	0
11015	1
7829	0
14661	1
-5738	1
-1399	1
6560	1
12731	1
-11453	0
-5089	1
-1105	0
-8368	1
14402	1
-15500	1
5051	1
-6540	1
9228	1
-1618	0
6702	1
5248	0
12741	0
13308	0
6547	1
-1669	1
-1749	1
10260	1
2346	0
14796	1
-8804	1
2643	1
8824	1
-8615	1
10717	0
10404	1
14297	0
4812	1
8689	1
4285	0
-10420	1
2707	0
-9575	0
-13265	1
4953	0
-1470	0
12725	0
-3573	0
13953	1
-3165	0
5747	0
12552	1
9403	1
13117	0
12262	1
-2039	1
13806	0
-13833	0
7351	1
-7143	1
10811	0
-3188	0
-18402	1
-14409	1
7899	0
-14006	1
-12241	0
5873	1
-14558	1
11184	1
12811	0
-18028	1
-528	1
13358	0
8125	0
10998	0
-2377	0
-4065	1
11178	0
7810	1
14037	0
5933	0
-3473	0
1736	1
9645	0
-6099	0
-17375	0
3679	0
6127	0
-621	1
4841	1
5656	0
279	0
7252	1
-2142	1
14288	1
-11419	1
14552	1
9020	0
8565	1
4240	1
-1464	0
13214	0
3600	1
4466	1
-245	0
-2465	1
4630	1
-8375	0
8690	1
9732	0
13700	0
14322	0
-5080	1
-16378	1
-7450	1
-8958	1
-12463	1
-1020	0
-5256	1
13073	0
-2154	1
13820	0
6317	1
-13510	1
-5831	1
-14054	1
-10175	1
3864	0
-17486	1
4418	0
-8985	0
-16825	1
11753	1
1762	0
11149	0
-16547	1
12261	0
13184	0
-6027	1
-12591	1
-5190	1
12454	0
8854	1
9931	1
2146	0
-14316	1
6584	1
6807	1
9725	1
-2971	0
-17035	0
11636	1
2636	1
14668	1
3304	0
-9915	0
10273	0
-16509	1
-17199	1
11006	0
-7090	0
-12879	0
-6919	0
-16328	1
-2636	1
3797	0
-457	1
-14376	1
-17091	0
-10967	1
-3761	1
4491	1
7827	0
-15640	1
-6496	0
10200	1
7510	0
8511	0
-9213	0
-15099	1
10255	1
-5097	1
8901	0
4924	0
12526	0
2946	1
10618	0
6581	0
13814	0
2471	1
9240	1
10337	0
-16928	1
4910	1
-18289	0
3044	0
-11628	1
-10037	0
8401	0
-10320	1
8810	0
11658	0
-8965	0
-7132	1
7842	0
3952	1
4166	0
1890	0
10747	1
12414	1
7303	1
7875	0
12722	0
-15485	1
-12377	0
8956	0
13072	0
10307	1
-2181	1
8377	0
-4233	1
11949	1
7629	1
-7063	1
-8002	1
12659	1
11074	1
-15173	0
-14105	0
-9277	1
14759	0
13581	0
-9540	0
82	0
8898	1
-13258	0
-15795	0
1181	1
-116	1
11590	1
3250	1
-7394	1
-1455	0
-11648	0
3070	0
2621	1
12825	1
7297	1
-9542	0
-8381	0
-5786	1
-14125	0
6641	1
-15785	0
-2594	0
-230	1
-9393	1
-2805	1
-7937	1
4838	1
-9514	1
11205	0
10149	0
-10843	0
8083	1
3349	0
-17785	1
8513	1
-17958	1
3984	1
-11395	1
11020	1
13658	1
-16563	0
-8084	0
-15712	1
-14120	1
14053	1
12413	0
1566	1
3625	0
2366	0
-3614	1
14136	1
11792	0
10721	0
10296	1
-9688	0
3185	0
-14655	1
13376	0
-6	1
10554	1
-16815	0
-8561	0
-5523	1
10868	0
-14774	1
11226	1
2703	0
5969	1
-9974	1
-7340	1
-127	1
-7187	0
8826	1
-13440	0
-18749	1
-123	1
5645	0
4346	0
13474	0
-10875	1
1403	1
263	0
-18144	0
-6135	1
13660	1
10780	1
-2594	1
-650	1
7778	1
2904	1
-4853	1
-12277	1
5037	1
14116	1
-12139	1
-14522	1
8222	0
9032	1
-14137	0
9588	1
-1713	1
12274	0
-10152	1
7775	0
1189	1
-11215	0
-14441	0
3545	1
-3809	0
-8212	1
10933	1
3270	0
-16274	1
14609	1
4682	1
13138	0
11809	1
14632	1
880	0
6467	0
3854	1
-18583	1
14232	1
-11960	1
-17646	0
-14305	1
237	0
4579	0
-13414	0
-16037	0
10868	0
14548	1
11371	1
3571	0
7865	0
-3781	1
14325	1
10766	1
13936	1
-8088	1
-8549	0
-7185	0
8992	0
12808	0
234	1
4242	1
6663	1
10376	1
11339	0
-13376	0
8200	1
9608	1
6623	0
590	1
-4760	0
6886	0
1679	0
-17978	1
-17900	0
5546	1
11715	0
13601	1
1441	0
12181	1
-10490	1
-6509	0
-4971	1
151	0
10495	0
-3662	0
11085	0
-15502	0
11535	0
1255	0
-12474	0
-1389	0
2500	0
7546	0
7667	1
-12026	1
12300	0
-15712	1
14133	1
5928	1
8408	1
11679	0
4144	1
-707	0
14032	0
-7335	0
13012	1
7270	1
14254	0
-836	1
-16859	0
-17459	0
13616	0
-2383	0
8946	0
4302	0
-12855	0
-16867	0
13082	1
4655	1
-14362	1
13729	1
-9571	0
6016	1
-15172	1
-15787	1
-2176	1
-5474	1
2215	0
14514	1
13555	0
10858	1
2129	0
-14459	1
-17578	1
12320	1
-18643	0
-1046	0
-14287	1
9498	1
-4937	1
8665	0
10088	1
-8616	0
11134	1
13107	1
-7563	1
-13321	0
12202	1
-18584	1
-9437	0
11095	1
14146	0
11728	0
-4875	0
9884	0
7925	1
12696	1
3008	1
-1533	1
11787	1
-11120	0
-2857	0
-14281	1
-14540	0
-13832	0
14353	0
-1892	0
7351	1
11207	1
-9111	0
-14488	0
321	0
-707	0
-17755	0
11646	1
2690	0
2762	1
-5116	1
12709	0
-12671	1
-7787	1
12886	1
8475	0
-4201	1
-10714	0
424	1
6842	0
8283	1
-15029	1
-6150	0
12223	1
1989	0
4393	1
-5364	1
-12702	1
9283	1
6758	0
-16763	1
-13146	0
-13960	1
1064	0
-3821	1
14196	0
-13125	1
4434	1
-14118	0
10862	1
11456	0
2321	1
1636	0
11166	1
9518	0
7336	1
11243	1
-14811	1
-1570	1
5823	0
-12585	1
7284	1
-1039	1
12968	1
-8034	0
-16624	0
-14476	0
-5157	1
-297	0
-6590	1
-4741	0
-16628	0
-11300	0
-17574	1
-9419	1
-5141	1
11074	1
6621	0
10949	1
156	1
-6676	1
14200	0
2257	1
215	1
8974	1
14322	0
13717	1
5886	1
-562	1
8309	0
-2395	0
10823	1
11307	0
-16994	1
-6070	0
14697	0
11307	1
-17773	1
-5393	1
-17322	1
-8035	0
13165	0
-14192	0
-12	1
-14249	0
-1420	1
-6373	0
7164	1
-7907	0
-11230	1
7937	0
8246	0
14822	0
14078	1
-14886	1
314	1
-2640	1
-10459	1
8316	1
-5254	0
13975	1
-4622	1
12471	0
-13120	1
-4761	0
-9232	1
-11745	0
-13402	0
-3470	0
-5723	0
1789	1
7235	0
12104	1
-10067	1
4395	0
-14923	1
-5596	0
8513	1
-5056	1
12957	0
-10030	1
-210	0
-4866	1
-16222	0
1568	1
-9671	1
8789	0
13061	1
3487	1
6171	0
-2577	1
-3035	1
-5132	0
1961	0
-5471	0
5975	0
12986	1
-17212	0
-12096	1
13175	1
5853	0
8828	0
14097	0
6351	0
-11932	0
3444	0
7893	0
11515	0
-9788	0
11043	1
4941	1
3022	1
-8	1
7776	0
-8395	1
5479	1
-8769	1
5563	1
4299	0
-15509	0
9920	1
12805	1
-542	1
9980	1
5292	0
-12028	1
12202	1
-6808	0
-12620	0
4452	1
-12331	1
9519	1
-16515	0
-8407	0
12743	1
-15792	0
-4991	0
3443	1
-672	0
-12962	0
6160	0
-9594	0
2018	0
-14686	1
-5963	0
-10374	1
3564	0
7777	0
4175	0
6594	1
-3025	0
12344	1
-14906	0
4093	1
-2229	1
12841	1
-7284	0
14300	1
-4464	1
4247	1
8274	1
-11604	1
-16377	1
-10575	1
-7260	0
6874	1
7765	0
6292	0
1580	0
-2588	1
14025	1
8760	0
-5534	0
-16985	1
12629	1
-4255	1
-12327	0
3484	0
13545	0
-5310	1
-8986	1
12804	1
-9835	0
3109	0
-8945	1
11570	0
6374	1
-10732	1
11108	0
-1375	0
-904	1
-11530	1
-13200	1
-10285	1
-4950	1
9944	0
14807	0
-15008	1
961	1
-4001	1
-1337	1
-2592	1
7058	1
-2431	1
-9253	1
8520	1
13814	1
-4413	1
5049	1
5623	0
-7509	0
-3064	0
13478	0
1357	0
13552	1
13589	0
-15759	1
3661	0
13257	1
-7137	0
-2097	1
-3000	1
13780	0
3274	1
-14549	0
14182	1
-8477	1
14056	0
-2420	1
6251	1
-13997	0
-4993	1
11645	0
-12043	1
3961	0
-8274	1
-1869	0
14759	1
2932	1
-14671	1
-16131	1
9221	0
9730	0
-11225	0
13328	0
-1491	0
-7303	0
-11300	1
-1478	0
-5188	1
-10906	1
13920	0
-1251	1
-6763	0
13784	1
3719	0
6266	1
-1294	1
-13959	1
14065	0
-9759	0
8128	1
11584	1
14442	1
-13315	1
-11849	1
-17805	1
-11773	1
2930	0
-7742	0
5568	1
-15748	0
-1647	1
-7869	1
11527	1
14918	1
-9352	1
5541	0
-6815	0
-3360	1
5158	1
-14565	1
-4602	1
382	1
-17286	1
-462	0
-10750	1
-14241	0
-8476	1
-14616	0
-6944	0
-15856	0
-5700	1
-3294	1
2383	0
-15102	0
9716	1
10608	0
-1913	0
-7410	1
-9067	0
1503	1
-15183	1
-17055	1
-9575	0
-11826	1
-1598	1
6485	1
-11967	1
1529	1
-13125	0
-9465	0
-7904	1
6305	1
-12181	1
-14171	0
5839	1
-5907	0
-8340	1
2648	1
1408	0
7915	0
8910	0
-9021	0
-2242	1
3615	1
6670	1
-5475	1
10574	0
-16377	0
8891	0
-15385	1
-8246	1
-9778	0
4306	1
10590	1
9479	1
14554	0
12343	0
-4361	1
13162	0
-3540	1
12380	0
11023	0
11964	1
-3905	1
3845	1
-3717	0
107	1
14660	1
-15888	1
-13216	1
-6958	1
2576	0
3154	0
-11380	1
5059	0
14204	0
12034	0
12883	1
10078	1
-3944	0
7971	1
6749	1
-5266	1
4994	0
4169	1
7396	1
-4794	0
6043	0
-3300	0
8775	1
2503	1
9273	0
-10042	0
12429	0
-6098	0
4839	1
-9317	1
5272	1
11286	0
-2225	0
-16748	0
14882	1
4701	0
7550	0
11557	0
8443	0
10244	0
-8492	1
5246	1
14543	0
-2210	0
-2864	0
6826	1
5425	0
2230	0
-11284	0
11975	0
-66	0
-17218	1
-8740	1
12830	1
9006	1
2852	0
-701	1
14668	1
152	0
8415	0
11417	1
14324	1
-16852	1
2666	0
3370	0
-15912	1
9176	0
11486	1
-16641	1
-10108	1
3256	1
1425	0
13730	1
-18163	0
-1968	0
4151	0
12774	0
-3396	1
9137	1
-6858	1
-16515	0
7368	1
13643	1
-17790	0
-9761	0
-1993	0
-3789	0
-14419	0
14282	1
5706	1
7865	1
4765	1
13550	1
40	1
-14748	1
13994	1
-16573	0
-17238	1
10962	0
13441	0
-12424	1
-5452	1
-13845	1
1291	1
9213	1
13151	1
7135	1
13579	1
-15877	1
3352	0
8171	1
-7740	0
-10153	0
-6953	1
-15313	1
6393	1
12275	0
13859	1
-7001	1
9704	1
5235	1
-15107	1
13974	0
1954	1
11783	0
6853	1
-11474	0
5202	1
10329	1
10610	0
-348	1
8559	0
-834	1
-16325	0
7826	0
913	1
-10695	1
2708	1
-15323	1
-16079	1
10770	1
-14880	1
-6788	1
-1022	1
7622	1
-14717	1
12236	0
1308	1
-4892	0
4370	0
14618	1
3133	1
9485	1
3455	0
13893	1
-10107	1
14253	0
1922	1
13287	0
13370	0
11556	0
8439	0
11716	1
9429	0
-14702	1
-7334	0
-16341	0
-1559	0
-17147	0
11268	0
-14427	1
6802	1
3552	0
9222	1
-13044	1
8512	1
-6377	0
11256	0
-11333	0
12986	0
-13460	1
-15181	1
-10297	1
10328	0
13282	1
-6583	0
1031	0
1103	0
9261	0
8017	1
11739	1
13899	1
-548	0
-3287	1
-17521	0
-14862	1
-16817	0
-14945	1
13450	1
-8391	0
8342	0
-2657	1
8039	0
8045	0
11891	0
-4780	1
1649	0
-13243	0
-9106	0
-2555	1
-3842	1
-16850	0
-7176	0
4882	0
14228	0
-7843	0
7233	0
-6765	1
12895	1
-13266	0
1711	0
14270	0
-17174	1
-6978	0
-111	1
13604	0
-6288	1
9007	1
608	0
135	1
5648	1
2288	1
-11077	1
10329	1
1127	1
-14220	0
10412	0
12875	1
9651	0
8903	0
14770	1
-12937	1
10500	0
11599	1
8292	0
-15880	0
-7293	1
8000	1
12823	1
9545	1
-2132	0
-13649	1
-11634	0
-9204	0
14562	0
2702	1
-8816	0
4372	1
-6643	1
-17753	0
4128	0
9515	1
2	1
-13079	0
-15695	1
9969	1
8220	1
-11759	0
9799	1
4243	1
-14713	1
-13075	1
-4040	1
-13802	1
-956	0
-3945	0
-18290	0
5868	0
5789	1
10267	1
6706	0
-9004	0
2599	1
-16997	1
332	1
394	1
8585	1
-12450	1
-815	0
11601	0
-8165	1
-8742	1
-1654	1
14559	1
13528	1
-15720	1
-12539	1
8934	1
-7919	0
-16683	0
6430	1
7746	0
7719	1
9325	1
13714	1
-4553	0
-3888	1
-3381	0
-16347	0
-4232	1
5898	1
-1362	1
6845	1
11433	1
10395	0
6521	0
4461	1
-5400	0
7598	1
-8916	1
-3150	1
-14078	1
-8173	1
6065	0
-1250	0
8215	0
6650	0
-15287	1
-6197	0
10850	1
-14280	0
-16240	1
-6504	1
347	0
12724	0
13213	0
6539	0
6538	1
-11277	1
-3782	0
-10080	0
6800	0
-11232	1
-6072	0
9959	1
-2370	1
11658	0
13923	1
-16163	0
-14696	1
-8675	0
-1471	1
14814	0
8893	1
-67	1
-2660	1
588	1
12449	0
13534	1
5872	1
10363	1
