0	-1429
1	-2205
0	11077
1	-2201
1	-2202
1	-2205
1	-2066
1	-1813
0	9411
1	-2186
1	-2205
1	-1987
1	-2082
1	-2205
0	792
1	-2204
1	-2106
1	-2205
1	-2182
0	1343
0	2319
1	-2204
0	6016
1	-2204
1	-2205
1	-2178
0	-313
1	-2205
1	-2205
0	-286
1	-2170
1	-2198
1	-2205
1	-2165
1	-2205
1	-2200
1	-2190
0	-1472
1	-2097
1	-2172
0	-1197
1	-2205
0	3389
1	-2205
1	-2179
1	-2205
1	-2072
1	-1556
1	-2190
1	-2200
1	-2163
1	-2184
1	-2205
1	-2164
1	-2203
1	-2205
1	-2205
0	33902
1	-2205
1	-2204
1	-2205
1	-2191
1	-2195
1	-2188
1	-2194
0	-1590
0	25500
1	-2205
1	-2205
0	5565
1	-2189
1	-2205
1	-2205
1	464
1	-2155
1	-2205
1	-2203
1	-2205
1	-2203
0	-1516
1	-2180
1	-2185
1	-2167
1	-2205
1	-2201
1	-2111
1	-2205
1	6177
1	-2205
1	-2181
1	-2205
1	-2167
1	-2205
1	-2205
1	-2181
0	5689
1	-2094
1	-2205
0	4334
1	-2205
1	-2205
0	8704
1	-2199
1	-1935
1	-2201
1	-2205
0	809
1	-2156
1	-2192
1	-2205
0	1324
0	375
1	-1712
1	-2196
0	10350
1	-2139
1	-2196
0	198
1	-1924
1	-2199
1	-2205
1	-2205
1	-2150
1	-2205
1	-2205
0	8347
1	-2131
0	10366
1	-2205
1	-2205
1	-2179
1	-2205
1	-2179
1	-2189
1	-2203
1	-2205
1	-2200
0	10274
0	2285
0	232
1	-2201
0	5915
0	7870
1	-2205
0	-1336
0	-1137
0	-367
0	1850
1	-2199
1	-2205
0	9912
1	-2204
1	-2130
1	-1469
1	-2205
1	-2203
1	-2205
0	-716
1	-2205
0	-1551
1	-2166
0	-1535
1	-2152
1	-2205
1	-2001
0	16819
0	2181
1	-2205
0	756
1	-2123
1	-2174
1	-2171
1	-2050
1	-2177
1	-2095
1	-2204
1	-2079
1	-2201
1	-2181
0	-1557
1	-2205
1	-2205
1	-2193
1	-2205
0	4648
0	-1463
1	-2204
1	-2175
1	-2202
1	-2205
1	-1203
1	-2193
1	-1671
1	-2110
1	-2201
1	-2205
1	-2019
1	-2196
0	6499
0	10660
1	-1720
0	22512
1	-2205
1	-2205
0	5815
1	-2205
0	-325
0	4088
1	-2205
1	-2202
1	-2205
1	-2205
1	-2108
0	-894
1	-2205
1	-2184
0	3862
0	-1007
1	-2205
1	-1772
1	-2163
0	19003
1	-2035
1	-2196
0	6811
1	-2205
0	-1160
0	103
1	-2164
0	2794
0	3948
1	-2196
1	-2205
1	-2201
0	997
0	2761
1	-2205
0	-634
1	-2205
0	-107
1	-2196
1	-2203
0	-1264
1	-2205
1	-2205
1	-2205
1	-2177
0	-1544
1	-2205
1	-2205
0	9060
0	7576
0	-689
1	-2186
1	-2205
1	-2121
1	-2203
1	-2200
1	-2205
0	-414
1	-2189
1	-2066
0	-1542
0	21884
0	-448
1	-2155
0	11211
1	-2205
1	-2083
1	-2205
1	-2202
0	-1461
1	-2203
1	-2204
1	-2205
0	9427
1	-2205
0	8659
1	-2205
1	-2181
1	-1966
0	213
1	-2188
1	-2191
1	-2195
1	-2189
0	-834
0	-236
0	1313
1	-2205
1	-2168
1	-2205
1	-2047
1	-2205
1	-2205
1	-2204
1	-2188
1	-2187
1	-2205
0	499
1	-2082
1	-2205
1	-2162
1	-1737
1	-2194
0	2159
1	-2176
1	-2122
1	-2168
1	-2184
1	-2205
0	1546
1	-2202
0	3554
0	5360
1	-2188
1	-1722
1	-2205
1	-2005
1	-2205
1	-2205
1	-2205
1	-2186
1	-2197
1	-2100
1	-2082
1	-2202
0	1947
0	732
0	5052
1	-2201
1	-2205
1	-2190
1	-2205
1	-2189
1	-2205
1	-2195
1	-2200
0	-206
1	-2205
0	2116
1	-2202
0	5087
1	-2172
0	28613
1	-2192
1	-2205
1	-2169
1	-1316
1	-2043
1	-2064
1	-2205
1	-2196
1	-2205
1	-2205
0	349
1	-2168
0	-1135
1	-2204
1	-2202
1	-2202
1	-2202
1	-2205
1	-2205
0	14749
0	9761
1	-2205
1	-2169
1	-2204
0	-486
1	-2205
0	5378
1	-1084
1	-2203
1	-1733
1	-2194
1	-2202
0	-1252
1	-2117
1	-1640
1	-2205
1	-2205
1	-2198
1	-2199
1	-2205
1	292
1	-2204
1	-2202
1	-2205
0	4225
1	-2201
1	-2116
1	-2205
0	5688
1	-2205
1	-2205
1	-2191
1	-2090
1	-2171
1	-2182
1	-1977
0	7664
1	-2201
1	-2174
1	-2190
1	-2015
1	-2173
1	-2205
1	-2199
0	-1429
1	-2197
1	-2204
1	-2198
0	1054
0	755
0	-678
1	-2205
0	4642
1	-2075
1	-2126
1	-2147
1	-2197
1	-2181
1	-2050
1	-2203
1	-2196
1	-2205
1	-2158
1	-2134
1	-2205
1	-2205
0	2666
1	-2190
1	-2181
1	-2205
0	8667
0	-1483
0	28818
1	-2205
0	4364
1	-2172
0	962
1	-2204
1	-2205
1	-2180
1	-2205
1	-2129
1	-2179
1	-2092
0	6335
1	-1933
1	6295
1	-2205
1	-2160
1	-2205
1	-2205
1	-2176
1	-2205
1	-2200
1	-2205
1	-2124
1	-2200
1	-2204
1	-2199
1	-2197
1	-2205
1	-2085
1	-2164
1	-2204
0	9135
1	-2203
0	-1405
1	-2202
1	-1970
0	29360
0	4240
1	56199
1	-1085
0	2128
1	-2191
1	-2159
1	-2179
1	-2201
0	-1331
1	-2190
0	5353
1	-2204
0	4136
0	571
1	-2205
1	-2205
1	-2187
0	3750
1	-2205
1	-2205
1	-2178
0	-1166
1	-2169
1	-2200
1	-2144
0	4264
0	9723
1	-2205
1	-2201
1	-2205
0	5732
1	-2080
0	3178
1	-2167
1	-2142
1	-2203
1	-2205
1	-2205
1	-2074
0	-1314
1	-2205
1	-2205
1	-2205
1	-2205
0	9028
1	-2205
1	-2134
1	-2081
1	-2188
1	-2205
1	-2199
1	-2205
1	-2127
1	-2203
0	7996
0	8
1	-1433
1	-2138
1	-2178
1	-2181
1	-2182
1	-2181
1	-2042
1	-2052
1	-2204
1	-2205
1	-2205
1	-2205
1	-2203
1	-2198
1	-2205
1	-2205
1	-2202
1	-2205
0	-1475
1	-1950
0	2485
1	-2205
0	7723
1	-2058
1	-2138
1	-2162
1	-2202
1	-2205
0	-1152
0	-1536
0	-961
1	-2183
1	-2189
1	-2204
1	-2194
0	-1145
1	-2205
1	-2167
1	-2188
1	-2203
1	-2191
1	-2167
1	-2204
1	-2205
0	20560
1	-2184
1	-2200
1	-2205
1	-2183
0	-1405
0	-1295
1	-2205
1	-2205
0	394
1	-2199
1	-2204
1	-2205
0	-1629
1	-2205
0	18801
1	-2205
0	25751
1	-2111
1	-2203
1	-2202
0	2212
1	-2205
0	2284
1	-2164
1	-2205
0	-1303
1	-2205
1	-2188
1	-2179
1	-2185
0	-1180
1	-2205
1	-2205
0	10681
1	-2200
0	-905
1	-2198
1	-2196
0	30333
1	-2205
1	-2194
1	-2178
1	-2201
0	9810
1	-2189
1	-2205
1	-2195
1	-1415
1	-2205
0	725
1	-2192
1	-2138
1	-2205
1	-2205
0	762
0	-1165
1	-2205
1	-2159
1	-2204
1	-2185
1	-2204
1	-2205
0	8030
0	11398
1	-2203
0	-298
1	-2205
1	-1987
1	-2185
0	25565
1	-2205
1	-2205
1	-2200
1	-2138
0	-313
1	-2166
1	-2205
0	23820
0	147
1	-2119
1	-2183
0	6757
1	-2201
1	-2183
1	-2198
1	-2205
0	-1357
0	7119
1	-2205
1	-2184
1	-2205
1	-2205
1	-2119
1	-2204
1	-2205
0	36629
1	-2202
1	-2205
1	-2180
1	-2148
1	-2180
1	-2133
1	-2177
1	-2205
1	-2203
1	-2201
1	-2205
0	260
1	-2202
0	-89
1	-1631
1	-2205
1	-2199
0	7967
1	-2184
1	-2205
0	3783
1	-2205
1	-2202
1	-2205
1	-2205
1	-2205
1	-1947
1	-2165
1	-2169
0	13863
1	-1883
0	3106
1	-2200
1	-2205
1	-2200
1	-2203
1	-2205
1	-2202
1	-2205
1	-2147
1	-2205
0	1291
1	-2200
1	-2205
0	22386
0	15892
1	-2202
1	-2202
1	-2201
0	-38
1	-1569
1	-2205
0	-1493
0	4119
1	-2205
1	-2205
1	-2205
1	-2205
1	-2205
0	3124
1	-2140
1	-1823
0	1091
1	-2196
0	8843
1	-2205
1	-2070
1	-703
0	-1411
1	-2108
1	-2205
1	-2198
1	-2188
0	8122
1	-2179
0	-929
1	-2036
1	-2200
1	-2203
1	-2205
0	1644
1	-2205
1	-2205
1	-2203
1	-2205
1	-847
1	-2179
0	7017
1	-2202
1	-1982
0	20537
0	-1554
1	-2205
1	-1965
1	-1975
0	-1441
0	-446
1	-2205
1	-2204
1	-2205
0	124
1	-2200
0	2807
0	19577
1	-2203
1	-2203
1	-2205
1	-2203
1	-2175
1	-2117
1	-1881
1	-2205
1	-2147
1	-2185
0	-1154
0	10192
1	-2205
1	-2205
1	-2205
0	-1235
1	-2205
1	-2194
1	-2074
1	-2205
1	-2159
1	-2169
1	-2199
1	-2178
1	-2197
1	-2169
1	-2201
1	-2173
1	-2187
1	-2047
1	-2197
0	2193
1	-2205
1	-2205
1	-2204
0	3074
1	-2205
1	-2023
1	-2177
0	-554
1	-2127
1	-2098
1	-2196
1	-2205
1	-2205
1	-2200
0	-1217
1	-2199
1	-2205
1	-2001
1	-2203
1	-2200
0	-1226
0	-398
1	-2203
0	16918
1	-2192
1	-1872
0	6199
0	33793
0	-1593
1	-1945
1	-2203
1	-2205
0	47
1	-2090
0	6407
1	-2194
1	-2055
1	-2199
1	-2205
1	-2205
0	1135
1	-2205
1	-2182
1	-1352
1	-2183
0	1585
0	4235
1	-2205
0	28277
1	-2062
1	-2205
1	838
0	18344
1	-2204
1	-2204
0	6540
1	-2204
1	-2204
1	-2203
1	-2197
1	-2183
1	-2136
0	-1536
1	-2205
1	-2205
1	-1126
0	2123
0	6987
1	-2202
1	-2204
0	-1550
0	-436
1	-2189
0	5225
0	-1454
1	-2197
1	-2205
1	-2197
0	-635
0	-1368
1	-1866
1	-2196
1	-2203
1	-2200
0	21987
1	-2205
0	7057
1	-2134
1	-2205
1	-2170
0	39741
0	17452
1	-2204
1	-2200
1	-2198
1	-2104
1	-2188
1	-2172
1	-2199
1	-2205
1	-2202
1	-2205
1	-2188
1	-2205
0	7274
1	-2197
1	-2205
0	-1575
1	-1738
1	-2200
1	-2205
1	-2201
1	-2160
1	-2205
0	18970
1	-2148
1	-2205
1	-2064
1	-2138
0	-1317
0	-1275
1	-2204
1	-2180
1	-2085
1	-2205
0	12396
1	-2181
0	8091
1	-2197
1	-1891
1	-2179
1	-2150
1	-2204
1	-1838
1	-2113
0	-1043
1	-2205
1	-2205
1	-2149
1	-2205
1	-2204
1	-2031
0	4141
1	-2190
1	-2205
1	-2199
1	-2171
1	-2204
1	-2205
0	-1475
1	-2205
1	-2191
1	-2205
1	-2205
1	1629
1	-2196
1	-2175
1	-1874
1	-2177
1	-2205
1	-1976
0	12210
1	-2205
1	-2202
1	-2175
0	2505
1	-2189
1	-2205
0	-907
1	-2189
0	9468
0	1693
1	-2205
1	-2033
1	-1003
1	-2108
1	-2097
1	-2205
1	2599
1	-2205
1	-2202
1	-2181
1	-2196
1	-2205
1	-2088
1	-2205
1	-2000
1	-2205
1	-2205
1	-2202
1	-2205
1	-2140
1	-2205
1	-2204
1	-2205
0	12895
1	-2205
1	-2200
1	-2181
1	-2171
1	-2011
1	-2205
0	-203
1	-2204
0	-1348
1	-2163
1	-2199
1	-2183
1	-2205
1	-2013
1	-2112
1	-2205
1	-2201
1	-2205
1	-2203
1	-2199
1	-2205
1	-2115
1	-2191
1	-2203
1	-2200
1	-2205
1	-2194
0	20139
1	-2184
1	-2205
1	-2205
0	6129
1	-1883
1	-2193
1	-2204
1	-2203
1	-2202
1	-2167
0	-703
1	-2125
1	-2191
0	10867
1	-2201
1	-2128
1	-2205
1	-2204
1	-2205
0	-1479
1	-2142
1	344
1	-2159
1	-2205
0	3147
1	-2205
0	7820
1	-2205
1	-2191
0	10089
1	-2200
0	10071
1	-2113
1	-2198
1	-2200
1	-2205
1	-2205
1	-2203
1	-2185
1	-2205
1	-2205
0	3876
1	-2205
1	-2068
1	-2205
0	3889
1	-2205
1	-2205
1	-1879
1	-2203
1	-2205
1	-2204
1	-2205
0	-170
0	12672
1	-2203
1	-2204
0	67976
0	-979
1	-2205
1	-2197
0	3850
0	27873
1	-2202
1	-2205
0	5944
1	-2204
1	-2205
1	-2179
1	-2205
1	-2205
1	-2166
1	-2148
1	-2205
1	-2205
1	-2205
1	-2205
1	-2191
1	-2205
1	-2205
0	2170
1	-2205
1	-2205
1	-2188
1	-2194
1	-2204
1	-2203
1	-2205
1	-2155
0	-1086
1	-2204
1	-2205
1	-2205
0	-1512
1	-2204
1	-2205
1	-2205
1	-2196
1	-1794
1	-2189
1	-2204
1	-2205
1	-2196
0	-830
1	-2093
1	-2152
1	-2205
1	-2037
0	-342
0	8269
1	-2194
1	-2165
1	-2152
1	-2204
1	-2200
1	-2205
1	-2198
1	-2179
1	-2204
1	-2089
1	-1950
1	-2204
1	-2198
1	-2196
1	-2192
0	-1327
1	-2203
1	-2204
0	-311
1	-2205
1	-2205
0	2542
1	-2205
0	-1530
1	-2201
0	6256
1	-2098
1	-2187
1	-2205
1	-2204
1	-2205
0	-422
1	-2205
1	-2202
1	-2204
1	-2183
0	-1254
1	-2183
1	-2176
0	-68
1	-2203
0	12757
1	-2205
1	-2205
1	-2162
0	-17
1	-2205
1	-2201
1	-2203
1	-2204
1	-2177
1	-2198
1	-2150
1	-2111
1	-2174
0	-1613
0	3604
1	-2174
1	-2141
1	-2205
1	-2202
1	-2205
1	-2205
0	7579
1	-2205
1	-2201
1	-2203
1	-2200
1	-2181
0	14858
1	-2188
1	-2195
0	2953
0	6036
1	-2150
1	-2201
1	-2205
1	-2156
1	-2203
0	6711
0	10865
1	-2183
0	2401
0	-440
1	-2136
1	-2204
1	-2176
0	-515
1	-2205
1	-2193
1	-2137
1	-2166
1	-2205
1	-2205
0	-1260
1	-2179
1	-2198
0	9990
0	25645
1	-2201
1	-2198
0	-1522
0	37771
1	-2184
1	-2205
1	-1290
1	-2155
1	-2205
1	-2101
1	-2205
0	2977
1	-2198
1	-1143
1	-2204
1	-2205
1	-2205
1	-2124
1	-2203
0	6083
1	-2205
1	-2196
1	-1765
1	-2204
1	-2178
0	11084
1	-2205
1	-2203
1	-2198
1	-2192
0	6515
0	16419
1	-2023
0	-1173
0	4055
1	-2205
1	-2200
1	-2174
1	-2197
1	-2181
1	-2203
1	-2205
1	-2205
1	-2152
1	-1534
1	-2202
0	-1063
1	-2205
1	-2157
1	-2205
1	-1509
1	-2205
1	-2205
0	-563
1	-2200
0	2268
1	-2204
0	1544
1	-2117
1	-2203
1	-1980
1	-1986
0	2198
0	5018
1	-2204
1	-2205
1	-2200
0	-1466
1	-2176
0	-448
1	-2200
1	-2130
1	-2205
0	18998
1	-2205
1	-2125
1	-2205
0	1662
1	-2205
0	3996
1	-2205
1	-2205
1	-2203
1	-2201
1	-2056
0	6567
0	383
1	-2205
1	-2205
1	-2205
1	-2205
0	15501
1	-2205
1	-2205
1	-2205
1	-2205
1	-2205
1	-2205
1	-2205
0	1081
1	-2204
1	-2200
0	95266
1	-2205
1	-2198
1	-2174
1	-2205
1	-2012
1	-2205
1	-2193
1	-2205
0	-1435
1	-2196
1	-2205
1	-2205
1	-2194
1	-2164
1	-2088
1	-2203
1	-2205
1	-2205
1	-2171
0	-1340
1	-2201
1	-1976
1	-2083
1	-2205
1	-2194
1	-2205
1	-2181
1	-2203
1	-2203
1	-2048
1	-2066
0	4954
1	-2192
1	-2204
1	-2185
1	-2205
1	-2203
1	-2172
1	-2205
0	6460
1	-2192
1	-2191
1	-2197
0	-1271
1	-2189
1	-2202
1	-2197
1	-2205
1	-2197
1	-2204
1	-2205
0	7717
1	-2205
0	5368
1	-1925
0	727
1	-2199
1	-2205
0	-1368
1	-2205
1	-1973
1	-2092
0	18584
1	-2196
1	-2205
1	-2195
1	-2205
0	28092
0	17987
1	-1758
1	-2205
1	-2205
1	-2133
1	-2204
1	-2184
1	-2181
1	-2137
1	-2038
1	-2186
1	-2205
1	-2204
1	-2205
1	-2193
0	-1092
1	-2205
1	-2205
1	-2160
1	-2205
0	7075
1	-2203
1	-2118
1	-1744
1	-2205
1	-2204
1	-2205
1	-2205
1	-2193
1	-2162
0	-127
1	-2109
1	-2205
1	-2150
1	-2201
1	-2205
0	11448
1	-2205
1	-1839
1	-2205
1	-2205
1	-2170
1	-2182
1	-2205
1	-2200
1	-2188
1	-2195
1	-2205
1	-2181
1	-2181
1	-2205
1	-2205
1	-2204
1	-2201
1	-2183
0	9923
1	-2205
1	-2205
1	-2205
1	-1431
0	3763
1	-2198
1	-2146
1	-2205
1	-2143
1	-2189
1	-2178
1	-2192
1	-2198
1	-2187
1	-2205
1	-2205
1	-2205
1	-2198
0	2959
1	-731
1	-2204
1	-2205
0	230
1	-2122
0	22161
1	-2089
1	-2202
0	-1220
1	-2205
1	-2193
1	-2074
1	-2174
1	-2205
1	-2157
0	5079
1	-2199
1	-2036
1	-2124
0	-853
1	-2199
1	-2167
1	-2205
0	4594
0	-1329
1	-2205
0	1073
1	-2205
1	-2148
1	-2204
1	-2170
1	-2205
1	-2152
1	-2205
1	-2203
1	-2205
1	-2130
1	-2166
1	-2071
1	-2205
1	-2204
1	-2181
1	-2198
1	-2026
1	-2196
0	36606
0	2828
1	-2205
1	-2205
1	-2205
0	4286
1	-2065
1	-2205
0	1049
0	9897
0	12323
1	-1591
1	-2205
0	3699
1	-2199
1	-2205
1	-2204
1	-1751
1	1834
1	-2202
0	8547
1	-2204
1	-2175
1	-2034
0	15365
1	-2192
1	-2202
1	-2186
1	-2205
1	-2147
0	-1221
1	-2201
0	6415
0	6870
1	-2205
0	14663
1	-2205
1	-2203
1	-2203
1	-2174
1	-2203
1	-2204
1	-2194
1	-2205
1	-2205
1	-2188
1	-1997
1	-2205
1	-2205
1	-2068
1	-2204
0	15621
0	-1277
1	-2205
1	-1393
1	-2205
1	-2205
1	-2205
1	-2200
1	-2200
1	-2169
0	-1497
0	544
1	-2153
1	-2201
0	-77
0	-1026
1	-2205
1	-2200
1	-2205
0	14280
0	13343
0	1768
0	36104
1	-2200
1	-2191
0	140
1	-2201
1	-2203
1	-2203
1	-2205
1	-2198
1	-2198
1	-2205
1	-2205
1	-2205
1	-2157
1	-2192
1	-1826
0	4671
0	-1325
1	-2205
1	-2140
1	-2205
1	-1884
1	-2205
1	-2129
1	-2142
1	-2175
1	-2205
1	-2205
1	-2196
0	-147
1	-2205
1	-2205
1	-2205
1	-2205
1	-1530
0	-987
1	-2205
0	1322
1	-2204
1	-2142
0	-786
1	-2195
1	-2180
1	-2204
1	-2050
1	-2205
0	13549
1	-2205
1	-1903
1	-2193
1	-2202
0	3216
0	-1370
1	-2205
1	-2204
1	-2205
1	-2199
0	-924
1	-2131
1	-1329
1	-634
1	-2040
0	-1174
1	-2204
1	-681
0	255
1	-2200
1	-1631
1	-2205
1	-2201
1	-2021
0	-1371
1	-1636
1	-2195
1	-2190
1	-2201
1	-2205
1	-2204
1	-2202
1	17553
1	-2167
1	-2203
1	-2057
1	-1216
0	17755
1	-2055
1	-2205
0	45108
1	-2204
1	-2196
1	-2098
1	-2204
1	-2204
0	929
1	-2170
1	-2205
1	-2153
1	-2205
1	-2202
1	-1307
1	-2205
0	-967
1	-2204
1	-2170
0	1591
1	-2195
1	-1661
0	12589
1	-2201
1	-2205
1	-2188
1	-2205
1	-2202
0	133
0	38378
1	-2152
1	-2205
1	-2097
1	-2201
1	-2194
1	-2198
1	-2181
1	2702
1	-2198
0	-1619
1	-2136
1	-2181
1	-2205
1	-1994
1	-2145
0	-1407
1	-2180
1	-2201
0	-1359
0	763
1	-2068
1	-2205
1	-2192
1	-2205
0	5722
1	-2205
1	-2205
1	-2183
0	3513
1	-2172
0	-1539
0	-793
1	-2199
1	-2200
1	-2205
1	-2146
1	-2168
1	-2036
1	-2205
1	-2202
1	-2182
1	-2070
1	-1990
1	-2200
1	-2150
1	-2205
1	-2204
0	19937
1	-2200
1	-2204
1	-2205
1	-2205
0	1513
1	-2189
0	3207
1	-2198
0	0
0	-789
1	-2205
1	-2205
1	-2202
0	913
0	-1337
1	-2205
1	-2120
1	-2205
0	-1220
1	-2205
1	-2073
0	18466
0	-1484
1	-2205
1	-2181
1	-2155
0	-1085
1	-2205
1	-2201
1	-2189
0	-1437
0	-1452
1	916
0	4291
0	861
1	-2200
1	-2198
1	-2052
0	-525
1	-2197
1	-1929
1	-2205
1	-2203
1	-2191
1	-2089
1	-2185
1	-2090
1	-2205
0	24260
0	4211
0	-766
0	12070
1	-2066
1	-2158
1	-2187
1	-2204
1	-2205
1	-2201
1	-2205
0	-1414
0	-1468
1	-2201
1	-2144
1	-2205
1	-2204
1	-2172
1	-1576
0	2512
1	-2205
0	-227
0	-1416
0	3044
1	-2202
1	-2205
1	-2204
1	-2205
1	-2199
0	6726
1	-2194
0	22628
1	-2177
1	-2205
0	-1458
0	3246
1	-2205
0	11234
1	-2204
1	-2205
1	-2187
0	11009
0	-1432
1	-2112
0	3246
1	-2204
1	-1911
1	-2184
0	2511
1	-2202
0	11876
1	-2096
0	224
1	-2205
1	-2205
1	-2149
1	-2205
0	2668
1	-2205
1	-2204
1	-2205
0	-1558
1	-2205
1	-2199
1	-2203
1	-2204
1	-2152
0	16444
0	-1169
1	-2186
0	6367
1	-2204
0	-550
1	-2201
0	7302
1	-2205
1	-1598
1	2594
1	-2167
0	27970
1	-2072
1	-2198
0	5640
1	-2171
1	-2205
1	-2205
1	-2205
1	-2104
1	-2201
1	-2203
1	-1922
1	-2117
1	-2125
1	-2180
1	-2187
0	32817
1	-2205
0	2632
0	-1473
1	-2191
1	-2202
0	8772
0	12415
1	-2199
1	-2133
1	-2205
0	-1566
1	-2205
0	5073
1	-2196
1	-2202
1	-2196
0	2144
1	-2205
1	-2205
1	-2037
1	-2203
1	-2201
1	-2205
0	8646
0	13972
1	-2205
1	-2205
1	-2126
1	-2205
0	5947
0	-1329
1	-2205
1	-2205
1	-2193
0	10325
1	-2154
1	-813
0	-342
1	-2171
1	-2195
1	-2205
1	-2205
0	-1296
0	15421
1	-2205
1	-2205
1	-2204
1	-2205
1	-2198
1	-2198
1	-2032
0	-1235
1	-2205
1	-2203
1	-2171
1	-2205
1	-2065
1	-2197
0	-1292
1	-2201
1	-2180
1	-2198
1	-2197
0	8817
1	-2205
0	9620
1	-2201
0	-1018
1	-2196
1	-2178
1	-2205
0	-1343
1	-2202
1	-2203
1	-2205
0	16856
1	-2077
0	5474
0	5225
1	-2205
1	-2196
1	-2158
1	-2188
1	-2205
0	4702
1	-2128
1	-2205
1	-2204
1	-2205
1	-600
1	-2205
1	-2205
1	-2199
0	47264
1	-2205
0	2637
0	-1255
1	-2205
1	-2139
1	-2203
1	-2184
1	-2196
1	-1371
1	-2201
0	-1259
1	-2201
1	-2201
0	10962
1	-2204
1	-2205
1	-2205
1	-2130
1	-2205
0	28996
0	8733
1	-2203
1	-2196
0	-1157
1	-2205
1	-2205
0	-1454
1	-1793
0	4043
0	-374
0	-680
1	-2198
0	-1328
0	457
1	-2205
0	-368
1	-2203
1	-2193
1	-2191
1	-2205
1	-2204
1	-2202
1	-2205
1	-2124
1	-2205
1	-2170
1	-2197
0	17850
1	-2205
1	-2205
0	2979
1	-2195
1	-2194
1	-2205
1	-2205
1	-2205
0	-1513
1	-2204
1	-2142
1	-2054
1	-2175
0	3216
0	650
1	-2205
1	1673
1	-2205
1	-2201
0	-1118
1	-2204
1	-2205
1	-2204
1	-2205
1	-2205
1	-2205
1	-2204
1	-2205
1	-2145
1	-2190
1	-1812
1	-2086
1	-1524
1	-2205
1	-1879
1	-2200
1	-2204
0	11782
1	-2205
1	-2055
1	-2205
1	-2201
1	-2199
1	-1975
1	-2205
1	-2201
0	-1574
1	-2186
1	-2205
1	-2205
1	-2198
0	-1351
1	-2205
0	33126
1	-2173
1	-2203
1	-2076
1	-2200
1	-2204
1	-2202
1	-2171
1	-2205
0	-1134
1	-635
1	-2183
1	-2181
0	18189
1	-2100
1	-2053
1	-2205
0	7810
1	-2075
0	4601
1	-1977
0	3901
0	-1529
1	-2205
1	-2205
1	-2205
1	-2205
0	-907
1	-2046
0	426
1	-2205
1	-2161
1	-2202
1	-1908
1	-2163
1	-1904
0	9575
0	13003
1	-2205
1	-1668
1	-2184
1	-2186
1	-2182
1	-2201
1	-2201
1	-2199
1	-2204
1	-2180
1	-2205
1	-2177
1	-2200
1	-2205
1	-2205
1	-2204
0	7576
0	-1272
1	-2200
1	-2204
1	-2191
1	-1970
0	-1452
1	-2203
0	4095
1	-2205
1	-2205
0	8580
1	-2204
0	2381
1	-2205
1	-2196
1	-2204
1	-2179
0	5889
1	-2003
1	-2205
1	-2117
1	-2202
1	-2205
1	-2205
0	1633
0	5901
1	-2205
0	13961
1	-2205
1	-2157
1	-2196
1	-1849
0	14028
1	-2079
1	-2204
1	-2151
1	-2077
1	-2132
1	-1857
0	-1220
0	2259
0	-1422
0	-1416
1	-2205
0	158734
0	-1511
1	-2205
1	-2189
1	-2168
1	-2205
1	-2184
1	-2205
1	-2031
1	-2199
1	-2201
1	-2204
1	-2205
1	-2205
0	3450
1	-2185
1	-2204
1	-2205
0	-1168
1	-2201
1	-2205
0	14101
1	-2202
1	-2158
1	-2203
1	-2205
0	-1444
0	18750
1	-2205
1	-2204
1	-2202
1	-2205
1	-1817
0	6856
1	-2205
0	10442
1	-2203
1	-2192
1	-2189
1	-2205
1	-2185
1	-2197
1	-2204
0	51468
0	-1242
1	-2205
1	-2205
1	-2191
1	-2162
1	-2079
1	-2144
1	-2009
1	-2204
1	-2205
1	-2193
0	2866
1	-2171
1	-2205
1	-2014
1	-2194
1	-2205
1	-2201
1	-2205
1	-2205
1	-2205
0	30788
1	-2197
1	-2138
1	-1179
0	3991
1	-1778
1	-2205
0	-900
1	-2205
1	-2201
1	-2203
1	-2156
0	22425
1	-2133
1	-2205
1	-2203
1	-2192
0	28758
0	-965
1	-2205
1	-2205
1	-2204
1	-974
1	-1706
0	27347
1	-2036
1	-2205
1	-2200
0	115
1	-2203
1	-2205
1	-2205
1	-2203
1	-2055
1	-2161
1	-2204
1	-2205
1	-2205
1	-2202
1	-1696
1	-2203
1	-2190
1	-2190
0	25876
0	14518
1	-2157
1	-2205
0	-1457
1	-2205
1	-2205
1	-2191
0	11280
1	-2084
1	-2175
1	-2098
0	994
1	-2098
1	-2205
0	13231
1	-2199
1	-2204
0	3746
1	-2194
1	-2196
1	-2193
1	-2205
1	-2189
1	-2205
0	-1453
0	2750
1	-2182
1	-2199
0	5596
1	-2205
1	-2205
1	-2183
1	-2186
1	-2205
1	-2205
1	-2190
1	-2205
1	-2205
0	15614
1	-2205
1	-2205
1	-2205
1	-2204
1	-2205
0	3349
1	-2205
1	-2137
1	-2205
0	-1370
1	-2204
1	-2200
0	2804
1	-2205
1	-2174
0	13421
1	-2205
1	-2195
1	-2150
1	-2202
0	4982
1	-2202
1	-2113
1	-2205
0	4674
1	-2140
1	-2187
1	-2060
1	-2203
0	607
1	-2199
0	984
1	-2205
1	-2196
0	9486
0	2979
0	3589
1	-2205
0	-1577
1	-2193
1	-2205
1	-2205
1	-2204
1	-1964
1	-2203
1	-2205
1	-2205
0	-27
1	-2178
1	-2205
1	-2205
0	9302
1	-2158
1	-2205
1	-2205
1	-2171
0	1441
0	1345
0	9201
1	-2195
1	-2150
1	-1485
1	-277
1	-2205
1	-2194
1	-2205
1	-2205
1	-2205
1	-2205
1	-2193
1	-2177
1	-2205
1	-2205
0	-472
1	-2150
0	1309
0	1514
1	-1941
0	12162
0	1752
1	-2205
0	22742
1	-2163
0	5038
1	-2205
1	-2199
1	-2203
0	-847
1	-2031
1	-2092
1	-2205
1	-2205
1	-2188
0	17653
1	-2205
1	-2205
0	7181
0	364
1	-2198
1	-2205
0	12468
1	-882
1	-2129
0	-897
0	44
1	-2205
1	-1110
1	-2205
1	-2036
1	-2175
1	-2205
1	-2190
1	-1902
1	-2139
1	-2201
1	-2113
0	-694
1	-2200
1	-2189
1	-2202
1	9241
1	-2134
1	-2205
0	25
1	-2205
0	-1054
0	10369
1	-2205
0	-622
1	-2185
1	-2204
0	2185
1	-2187
1	-2205
1	-2205
0	1525
1	-2161
1	-2198
0	854
1	-2205
1	-2205
1	-2205
1	-2201
1	-2205
0	-1047
1	-2205
1	-1545
1	-2169
1	-2205
1	-2205
1	-2205
0	-37
1	-2205
1	-2205
1	-2205
1	-2179
1	-2165
0	15587
1	-2205
0	299
1	-2197
1	-2205
1	-2197
1	-2205
1	-2194
1	110
1	-2080
0	-1353
1	-2205
0	-1056
1	-2056
1	-2146
1	-2138
1	-2205
1	-2110
1	-2113
1	-2194
1	-2202
0	26247
1	-2205
0	15770
1	-2202
1	-2205
0	-1316
1	-2159
1	-2118
1	-2204
1	-1970
0	2004
0	966
1	-2205
1	-1968
1	-2202
1	-2205
1	-2172
1	-2202
1	-2205
1	-2200
1	-2203
1	-2190
1	-2097
1	-2182
0	369
1	-2197
1	-2195
1	-2205
0	-1495
0	-1076
1	-2205
1	-2097
1	-1724
1	-2203
1	-2205
0	-1135
0	-1391
0	2133
1	-2205
0	-492
1	-1323
1	-2196
0	-720
1	-2205
1	-2205
1	-2196
1	-2153
1	-2140
1	-2205
1	-2205
0	5470
1	-2193
1	-2205
1	-2204
1	-2102
0	-842
0	13858
1	-2205
1	-2046
0	21483
1	-2205
1	-2205
1	-2165
1	-2100
1	-2186
0	10117
0	-1506
1	-2021
1	-2189
1	-2032
1	-1837
0	2338
1	-2189
1	-2205
1	-2205
1	-2185
1	-2203
0	-1221
1	-2205
1	-2200
1	-2205
1	-2193
0	-1470
1	-2205
0	5257
1	-2185
1	-2140
1	-1922
1	-2200
0	2271
1	-2205
1	-2205
1	-2205
1	-1523
0	2658
0	16319
1	-2195
1	-2182
1	-2195
1	-2182
1	-1996
1	-2192
1	-2205
1	-2205
1	-2205
1	-2197
1	5801
1	-2205
1	-2204
0	-1206
0	4910
1	-2201
0	4437
1	-2205
1	-2182
1	-2205
1	-2204
1	-2131
1	-2097
1	-2181
1	-2130
1	-2205
1	-2120
1	-2204
1	-2205
1	-2205
0	-356
1	-2172
1	-2148
1	-2184
1	-2199
1	-2192
1	-2193
1	-2203
1	-2204
0	9841
0	8467
1	-2205
1	-2205
0	-732
1	-2176
1	-2141
1	-1952
1	7532
1	-2203
1	-2189
1	-2205
1	-2204
1	-2198
1	-2203
1	-2205
0	-864
1	-2205
1	-2150
1	-2205
0	3389
0	22290
1	-2205
0	6536
1	-2203
1	-2193
1	-2205
0	-1333
0	908
0	-1349
1	-2205
0	-1075
1	-2199
1	-2197
1	-2125
1	-2199
1	-2202
0	8076
1	-2197
0	7998
1	-2203
1	-1815
1	-2201
1	-2167
1	-2205
0	1541
1	-2186
1	-2178
0	-1521
1	-2200
1	-2175
1	394
1	-2205
0	37049
1	-2203
1	-2168
1	-2204
1	-2188
1	-2162
1	-2205
0	4023
1	-2192
0	-1391
1	-2205
1	-2203
1	-2203
1	-2168
1	-2205
0	-1352
1	-2204
1	-2197
1	-2097
1	-2174
1	-2191
1	-2205
1	-2205
1	-2193
1	-1699
0	-571
1	-2205
1	-2000
1	-2198
0	2974
0	25351
1	-2202
1	-2205
1	-2205
1	-2200
1	-2205
0	2450
1	-2205
1	-1918
1	-2201
1	-2031
1	-2130
1	-2197
1	-2199
1	-2165
1	-2205
0	13432
1	-2106
1	-2185
1	-2203
1	-2128
1	-2200
1	-2148
1	-2059
1	2892
1	-2125
1	-2205
1	-2063
1	-2204
0	-902
1	-2204
0	37616
1	-2194
1	-1954
1	-2188
1	-2205
1	-2193
1	-2200
1	-2087
1	-2164
1	-2205
0	8490
1	-2205
1	-2147
1	-2205
1	-2190
1	-2200
1	-2204
1	-2205
1	-2134
1	-699
0	19913
1	-2200
1	-2205
1	-2197
1	-2203
1	-2151
0	42195
0	-1438
0	42771
1	-2200
1	-2205
1	-2205
0	-505
1	-2107
1	-2205
1	-2191
1	-2205
0	5991
1	-2173
1	-2205
1	-2204
1	-2198
1	-2202
1	-2197
1	-2187
1	-2205
1	-2046
1	-2205
1	-2205
1	-2196
1	-2205
1	-2183
1	-2205
1	-2202
1	-2205
0	-305
1	-2143
1	-1959
1	-2199
1	-2205
1	-2205
1	-2198
1	-2182
1	-2204
1	-2202
0	17287
1	-2194
1	-2179
1	-2184
1	-2205
0	11822
1	-2204
1	-2205
1	-2203
1	-2184
1	-2202
1	-1425
0	-1369
1	-2205
1	-2197
1	-2195
0	36918
1	-2115
1	-2205
1	-2055
1	-2205
1	-2193
1	-2147
1	-2205
0	-1563
1	-2205
0	-1009
1	-2205
1	-2205
1	-1952
1	-2204
1	-2163
1	-2082
1	-2181
1	-2194
1	-2205
1	-2204
1	-2202
1	-2203
1	-2170
1	-2205
1	-2202
1	-516
1	-2170
1	-2202
1	-2203
1	-2204
1	-1177
1	-2204
1	-1645
1	-2107
1	-2205
1	-2194
1	-2205
0	29281
1	-2166
1	-2205
1	-2205
0	-1581
1	-2197
1	-2205
0	-1347
0	-1181
1	-2205
0	15164
0	9654
1	-2205
0	34402
1	-2197
1	-1827
1	-2081
1	-2204
0	-1275
1	-2205
1	-2020
1	-2205
0	19458
0	-1305
1	-2205
1	-2205
1	-2122
1	-2176
1	-2197
1	-2157
1	-2205
1	-2205
1	-2185
1	-2189
1	-2205
1	-2205
1	-2201
1	-1831
1	-2199
0	-1024
1	-2203
1	-1873
1	-2196
1	-2205
0	621
1	-2173
1	-2198
1	-2078
1	-2009
0	1813
0	-933
1	-2198
1	-2200
1	-2163
1	-2195
0	-951
1	-2205
0	2203
0	3058
1	-2198
0	572
1	-2203
1	-2205
1	-2205
1	-2172
1	-2198
1	-2075
0	9604
1	-2205
1	-1794
1	-2203
1	-2203
0	-1266
1	-2203
0	17356
1	-2163
0	1977
1	-2192
0	3550
1	-2205
1	-2205
1	-2203
1	-2203
1	-2202
1	-2205
1	-2205
1	-2103
1	-2205
1	-2205
0	18437
1	-2157
0	-95
1	-2196
0	13111
1	-2178
1	-2205
1	-2169
1	-2205
1	-2205
1	-1986
1	-2184
0	-1351
1	-2201
0	-877
1	-2197
1	-2205
0	5640
0	-369
1	-2205
1	-2201
1	-2142
1	-2118
1	-1909
1	-2205
0	23318
1	-2186
1	-2204
1	-1884
1	-2188
1	-2204
1	-2204
1	-2205
0	-1404
0	5254
1	-2205
1	-2199
1	-2205
0	-882
1	-2205
1	-2071
1	-2028
1	-2082
1	-1538
0	-1162
1	-2181
1	-2205
1	-2088
1	-2196
1	-1766
1	-2153
1	-1817
1	-2204
0	3218
1	-2178
0	11170
1	-1947
1	-2194
0	10352
0	393
1	-2205
1	-633
1	-2194
0	8242
0	-1286
1	-2054
1	-2205
1	-2180
1	-2201
0	2471
1	-2199
0	12408
1	-2195
1	-2205
1	-2205
1	-2205
1	-2205
1	-2202
1	-2205
1	-2193
1	-2205
1	-2198
0	58210
1	-2205
1	-2205
1	-2205
1	-1852
1	-2142
1	-2203
1	-1628
1	-2205
1	-2141
1	-2205
1	-2196
1	-2180
1	-2204
1	-1931
0	33801
1	-2203
0	-1250
1	-2129
0	604
1	-2205
0	930
1	-2205
1	-2181
1	-2174
1	-1944
0	821
0	7272
1	-2015
1	-2205
0	1026
0	-537
0	4715
1	-2196
0	34837
0	3803
1	-2204
1	-2201
1	-2195
1	-2202
1	-2205
1	-2205
1	-2204
1	-2203
1	-2200
1	-2064
1	-2205
1	-2205
1	-2205
1	-2203
1	-2204
0	1850
0	-1526
1	-2205
1	-2192
1	-2205
1	-2205
1	-2202
0	-1093
0	8264
1	-2205
1	-2205
1	-2169
1	-2166
1	-2203
1	-2193
1	-2203
1	-2205
1	-2016
1	-2104
1	2903
1	-2104
1	-2116
0	-1464
0	-1113
0	1834
1	-2205
1	-2199
1	-2137
1	-2205
1	-2205
0	-1064
1	-2135
1	-2205
1	-2199
1	-2205
1	-2171
1	-2174
1	-2205
0	8172
1	-2205
1	-2205
1	-2205
1	-2168
0	3829
1	-2178
1	-2205
1	-2126
0	3900
1	-2205
0	-32
1	-2147
1	-2205
0	-1295
0	11338
1	-2205
1	-2165
1	-2205
1	-2205
0	-271
0	-1037
1	-2169
0	-829
1	-2205
0	-1600
1	-1407
0	4309
0	3287
1	-1609
1	-2182
1	-2198
0	-379
0	-745
0	12802
0	28775
1	-2205
1	-2190
1	-2205
1	-2191
1	-2095
1	-2205
0	2776
1	-2204
1	-2081
1	-2204
1	-2205
0	39555
0	3337
1	-2204
0	12817
0	16333
1	-2186
1	-2203
1	-2203
1	-2174
1	-2205
1	-2205
0	-1474
1	-2165
1	-2197
1	-2205
0	40794
0	-1336
1	-2188
1	-2180
1	-2127
1	-2205
1	-2205
1	-2205
1	-2205
1	-2113
1	-2200
1	-2205
1	-2199
1	-2196
1	-2032
1	-2205
0	53449
0	-1277
0	-1386
1	-2197
1	-2197
1	-2185
0	15119
0	4215
1	-2181
1	-2028
1	-2205
1	-2203
1	-2162
1	-2204
1	-2205
1	-2202
0	-415
0	-1320
0	4995
1	-2205
0	10261
0	1775
1	-2197
1	-2196
1	-2106
0	1903
0	8
1	-2179
1	-2190
1	-2194
1	-2204
1	-2093
1	-2205
1	-1984
1	-2199
1	-2094
1	-2193
1	-2193
1	-2204
1	-2202
1	-2205
1	-2205
0	-1408
1	-2205
1	-2191
1	-2205
1	-2205
0	783
1	-2181
0	3515
1	-2179
1	-2205
1	-1449
1	-2204
1	-2188
0	2448
0	1245
1	-2197
0	-1407
0	12754
0	5152
1	-2119
0	1822
0	-1509
1	-2202
1	-2197
1	-2174
1	-2189
0	9435
1	-2200
1	-2205
1	-2202
1	-2205
1	-1973
0	3541
1	-2205
1	-2081
0	1244
1	-2187
1	-2194
0	1151
1	-2205
0	3859
1	-2202
1	-2205
0	-994
1	-2205
1	-1744
1	-2072
0	-1409
1	-2202
1	-2205
0	-1253
1	-2204
0	13854
1	-2193
1	-1261
1	-2123
0	19277
1	-2077
1	-2195
0	-1526
1	-2205
0	-1339
1	-1665
1	-2176
0	11464
1	-2199
1	-2195
1	-2203
1	-2205
1	-2200
0	-1379
0	-201
1	-2071
0	8349
1	-2039
0	19581
1	-2050
0	-1347
1	-2205
1	-2205
1	-2201
0	11321
1	-2205
0	1732
0	7314
1	-2194
0	-14
1	-2204
1	-2205
1	-2204
1	-2205
1	-2205
1	-2198
1	-1582
0	277
1	-2205
1	-2093
1	-2197
1	-2197
1	-2205
1	-2203
1	-2172
1	-2185
1	-2205
1	-2202
1	-2205
1	-2201
0	2526
1	-2166
1	-2205
1	-2182
0	18
1	-2201
0	21092
0	16731
1	-2205
1	-2205
1	-2203
1	-2203
1	-2205
1	-2204
1	-2197
1	-2164
1	-2202
1	-2197
1	-2205
1	-2205
1	-1522
0	4305
1	-2049
1	-2205
1	-1715
1	-2205
1	-2114
1	-2181
1	-2198
1	-2202
1	-2142
1	-2202
1	-2203
1	-2038
1	-2205
1	-2128
1	-2205
1	-2205
1	-2201
1	-2196
1	-2165
0	-993
1	-2156
1	-2203
0	787
1	-2205
1	-2192
1	-2203
1	-2181
0	6193
1	-2159
0	7996
1	-2205
1	-2202
1	-2205
0	-1336
1	-2204
0	-336
1	-1908
1	-2205
1	-2205
0	8619
0	5364
1	-2200
0	2682
1	-800
1	-2205
0	-105
0	-1297
1	-2169
0	24397
1	-2205
0	2431
1	-2130
0	13125
1	-2204
1	-2205
1	-2059
1	-2205
1	-2204
1	-2204
0	-1683
1	-2205
1	-2205
1	-2205
1	-2205
1	-2204
1	-2205
1	-2084
0	-1289
0	11189
1	-2205
1	-2205
1	-2196
1	-2205
1	-2205
1	-2174
0	13403
1	-2203
1	-2204
1	-2181
0	11588
0	-1350
0	24410
1	-2205
1	-2205
1	-2205
1	-2183
0	3420
1	-2204
1	-2205
1	-2167
1	-2121
1	-2095
1	-2153
1	-2205
0	29574
1	-2152
0	-242
1	-2195
0	14044
1	-2205
1	-2205
0	-1345
0	5330
1	-2205
1	-2205
0	2772
1	-2205
1	-2205
1	-2193
1	-2204
0	1565
1	-2191
1	-2123
1	-2205
1	-2205
1	-2205
1	-2205
0	4624
1	-2205
1	-2204
1	-2205
1	-2102
1	-2191
1	-2205
1	-2105
0	-1519
1	-1908
1	-2072
1	-2205
1	-2205
1	-2173
1	-2101
1	-2205
1	-2198
1	-2187
0	10625
1	-2191
1	-658
0	12338
1	-1857
1	-2189
0	2344
1	-2166
1	-2205
0	35191
0	-680
1	-2205
1	-2196
0	-423
1	-2205
1	-2202
0	-1474
0	-1098
1	-2205
1	-2205
0	-1048
1	-2205
1	-1072
0	14859
0	-1291
0	33461
1	-2205
1	-2161
1	-2062
0	-1397
1	-2155
1	-2205
1	-2205
1	-2173
1	-2205
1	-2205
1	-2205
1	-2205
1	-2200
1	-2204
1	-2203
1	-2204
0	2679
1	-2085
1	-2205
1	-2202
0	5313
1	-2169
1	-2205
0	-1527
1	-2205
0	10086
1	-1974
0	7057
1	-2205
1	-2201
1	-2200
1	-2120
1	-2000
0	346
1	-2166
1	-2204
1	-2196
1	-2193
1	-2166
1	-2198
1	-2156
1	-2201
1	-2205
0	-1234
1	-2203
0	10187
1	-2180
1	-2192
1	-2166
0	11584
0	-1173
0	5746
1	-2204
1	-2203
0	1023
1	-2205
1	-2205
1	-2113
1	-2199
1	-2205
0	-1091
1	-2033
1	-2205
1	-2204
0	3147
1	-2205
1	-2025
1	-2202
0	13768
1	-2201
1	-2205
0	-1364
0	-988
0	21586
1	-2192
1	-2152
1	-2205
1	-1999
0	-1525
1	-2202
1	-2204
1	-2116
0	16661
1	-2201
1	-2160
0	13276
1	-2203
1	-2205
1	-2202
1	-2204
1	-2205
1	-2203
1	-2201
1	-2194
1	-2017
1	-2205
0	-1339
1	-2148
1	-2107
0	30801
1	-1379
1	-2205
1	-2199
1	-2168
1	-2204
1	-2198
1	-2192
1	-2205
1	-1965
1	-2205
0	1259
1	-2205
0	-1321
0	8904
0	3064
0	10120
1	-2205
1	-2194
1	-2205
1	-2183
1	-1819
1	-2174
1	-2197
1	-2167
1	-2195
0	-907
1	-2200
1	-2201
1	-2205
0	155
1	-2205
1	-2202
1	-2031
1	-2156
1	-2205
1	-2131
0	12389
1	-2163
1	-2205
1	-2031
1	-2205
1	-2204
0	20226
1	-2203
1	-1995
1	-2204
0	-1352
1	-2205
0	-1529
0	20502
1	-2205
1	-2095
1	-2192
1	-1026
1	-2185
1	-2004
1	-2175
0	-1315
1	-2205
0	16662
1	-2200
1	-2205
1	-2198
1	-2193
1	-2205
1	-2076
1	-2204
1	-2172
0	61582
1	-2135
1	-2204
1	-2205
1	-2205
1	-2205
1	-2087
0	2776
1	-2183
1	-2205
0	9388
1	-2205
0	-71
1	-2205
1	-2177
0	6176
0	10294
0	11799
1	-2205
1	-2205
1	-2205
1	-2195
1	-2197
1	-2205
0	-94
1	-2205
1	-2205
0	-645
0	2576
1	-2187
1	-2167
1	-2202
1	-2187
1	-2159
1	-2115
0	3956
0	1401
1	-2205
1	-1812
0	-1131
0	-1511
1	-2178
1	-2205
1	-2172
1	-2199
1	-2205
1	-2205
1	-2199
1	-2198
1	-2205
1	-2205
1	-2205
1	-2190
1	-2195
0	4409
1	-2196
0	-1035
0	5134
1	-2201
1	-2205
0	12032
0	-1495
1	-2205
0	10083
1	-2204
0	39514
1	-2198
1	-2046
0	-43
1	-2021
0	11956
1	-2205
1	-2203
0	35602
1	-2204
1	-2205
0	4158
1	-2205
1	-2160
0	18629
1	-2205
1	-2087
1	-2205
1	-2172
1	-2199
1	-1036
1	-2205
1	-2187
1	-2205
1	-2185
1	-2205
1	-2185
1	-2193
1	-2205
1	-2205
1	-2204
1	-2187
1	-2204
1	-2204
1	-2205
1	-2205
1	-2205
1	-2020
1	-2204
1	-2179
0	7783
1	-2205
1	-2205
1	-2205
1	-2197
1	-2190
0	1705
0	4059
1	-2198
1	-1992
0	14140
0	-296
0	9856
1	-2097
1	-2205
1	-2205
0	5247
0	-312
1	-2203
0	-914
1	-2200
1	-2197
1	-2181
1	-2205
0	4108
1	-2029
1	-2199
0	2805
1	-2204
1	-2205
1	-2203
1	-2202
1	-2205
0	-1307
1	-2124
1	-2205
1	-2202
1	-2097
0	683
1	-2205
1	-2205
0	39847
0	83305
0	10526
1	-2205
1	-2144
0	8105
1	-2200
1	-2205
1	-2205
1	-2205
1	-2205
0	25
1	-2152
1	-2200
0	27399
1	-2187
1	-2204
1	-2204
0	-1291
1	-2201
0	8220
1	-2202
1	-1812
1	-2196
1	-2205
1	-2189
1	-2205
0	29069
1	-2205
1	-2072
1	-2205
1	-2201
1	-2148
1	-2188
1	-2188
1	-2124
0	6006
1	-2205
1	-2199
1	-2156
0	284
1	-2125
1	-2205
1	-2205
0	818
1	-2087
0	1202
1	-2205
1	-2205
1	-2200
0	21702
0	-1573
0	12165
0	1939
1	-2166
1	-2204
1	-2196
1	-2205
1	-2205
1	-2200
1	-2204
0	6050
0	-518
0	5898
0	19722
1	-2205
0	895
1	-2192
1	-2205
1	545
1	-2201
1	-2203
1	-2177
1	-2204
1	-2197
1	-2205
1	-2195
1	-2193
0	3565
1	-2205
1	-38
1	-2205
1	-1975
1	-2033
0	-1597
1	-2151
1	-2163
0	3259
1	-2205
1	-2197
1	-2205
1	-2194
1	-2197
1	-2205
1	-2186
1	-2205
0	3149
0	-1425
1	-2205
1	-2059
1	-2182
1	-2147
1	-2204
1	-2129
1	-2202
1	-2205
0	16924
1	-1969
1	-2174
0	1754
1	-2195
1	-2129
1	-2203
1	-2205
1	-2191
1	-2067
1	-2121
1	-2205
1	-1946
1	-2205
0	170659
1	-2203
0	11191
1	-2205
1	-1870
0	8477
1	-2181
1	-2138
0	822
1	-2053
1	-2118
1	-2155
1	-2205
0	2768
0	9201
1	-2205
1	-2205
1	-2205
1	-1959
1	-2205
1	-2183
0	16630
1	-2205
0	4123
1	-2178
1	-2205
1	-2186
1	-2014
1	-2131
1	-2197
0	36146
1	-2191
0	-1064
0	33620
1	-2205
1	-2204
0	2852
1	-2191
1	-2205
1	-2204
1	-2203
1	-2205
0	15370
0	5301
1	-2199
0	1587
1	-2202
1	-2160
1	-2205
1	-2205
1	-2202
1	-2202
1	-2180
1	-2205
1	-2205
0	-682
0	14315
1	-2070
1	-2104
1	-2204
1	-2205
1	-2205
1	-2205
0	-932
1	-2205
1	-1747
0	11136
1	-2165
0	-1558
1	-2205
1	-2091
0	277
1	-2107
1	-2204
1	-2120
1	-2205
1	-2205
1	-2056
1	-2205
1	-2190
1	-2156
0	-405
1	-2199
1	-2203
1	-2158
0	5244
0	-1433
1	-2203
1	-2205
1	-2205
1	-2205
1	-2166
1	-2205
1	-2204
1	-2205
0	-1460
1	-2145
0	1661
1	-2205
0	-870
1	-1092
1	-2203
1	-2202
1	-2049
0	-1618
0	4561
1	-2188
0	23580
0	3372
1	-2104
1	-2205
0	13560
0	-660
1	-2204
1	-2052
1	-2200
1	-2205
1	-2159
0	10573
1	-2205
0	15037
1	-2178
1	-2205
1	-2072
1	-2205
1	-2107
1	-2205
0	2576
1	-1600
1	-2205
1	-2205
1	-2116
0	39438
0	-1222
1	-2194
1	-2163
1	-2205
1	-2161
1	-2204
0	10245
1	-2203
1	-2171
1	-2205
1	-2046
0	-342
1	-2200
1	-2205
1	-2179
1	-2179
0	-742
0	-1473
1	-2196
0	13455
1	-2204
1	-2205
1	-2205
1	-2204
1	-2046
1	-2205
1	-1932
1	-2205
1	-2205
0	-1421
1	-2205
0	-1392
1	-2163
1	-2205
0	2805
1	-2046
1	-2204
0	10999
1	-2186
1	-2205
1	-2199
1	-2124
1	-2074
1	-1745
1	-2204
1	-2205
0	-540
1	-2194
1	-2203
1	-2205
1	-2199
0	6126
1	-2191
0	-1518
0	12568
1	-2203
1	-2182
1	-2203
1	-2189
1	-2203
0	1194
0	5575
1	-2204
1	-2205
1	-2205
0	10910
0	19909
1	-2205
1	-2187
0	5438
1	-2205
1	-2198
1	-2176
1	-2199
1	-2204
1	-2204
1	-2001
1	-2205
1	-2196
0	26607
1	-2203
1	-2205
1	-2192
1	-2205
0	-1150
1	-1749
1	-1871
1	-2162
1	-2101
0	18074
1	-2205
1	-1884
0	6239
1	-2205
1	-1738
1	-2185
1	-2204
1	-2204
1	-2154
1	-2166
1	-2016
1	-2203
1	-2202
1	-2187
1	-2190
1	-2203
1	-2190
1	-2205
1	-2205
0	1002
1	-2202
1	137
1	-2205
1	-2205
1	-2190
1	-2205
1	-2203
1	-2196
0	1461
1	-2107
1	-2179
1	-1601
1	-2194
0	-1232
1	-2201
1	-2203
1	-2205
0	12905
1	-2174
1	-2204
1	-2205
1	-2202
1	-2205
1	-2197
1	-2176
0	39143
1	-2190
0	31138
1	-2205
1	-2197
1	-2205
0	-130
1	-2205
1	-2202
0	-835
1	-2199
1	-2205
1	-2201
0	14327
1	-2205
1	-2202
1	-2205
0	35099
1	-2205
0	5926
1	-2204
1	-2205
0	1446
1	-2205
1	-2205
1	663
1	-2201
0	-1017
1	-524
1	-2205
1	-2205
1	-2205
1	-2205
1	-2205
1	-2185
1	-2203
1	-2190
1	-1849
1	-2185
1	-2205
1	-2185
1	-2205
0	1250
0	18476
1	-2180
1	-2205
1	2862
1	-2205
1	-2193
1	-2205
1	-2205
1	-2113
1	-2201
1	-1828
1	-2190
0	9473
1	-2205
0	4171
0	-1509
1	-2205
1	-2205
1	-2190
0	-237
1	-2171
1	-2205
1	-2169
0	143
1	-2204
1	-2171
1	-2205
1	-2205
0	676
1	-2179
0	10920
0	2083
1	-2202
1	-2200
1	-2060
1	-2204
1	-2201
1	-2077
1	-2202
0	8389
0	5608
1	-2048
0	-682
0	8014
1	-2166
0	68347
1	-2190
1	-2084
0	15256
0	5043
1	-2187
1	-2201
0	12127
0	-597
1	-2204
0	1387
1	-2189
1	-2205
1	-2203
0	12370
0	-575
1	-2199
1	-2196
1	-2205
1	-2205
1	-2189
1	-2205
1	-2205
0	910
0	26353
1	-2205
1	-2204
1	-2205
1	-2189
0	5170
1	-2201
1	-2205
1	-2203
1	-2203
1	-2204
1	-2205
1	-2179
1	-2205
1	-2046
1	-2205
0	260
1	-2041
0	10548
1	-2205
1	-2204
0	-1595
1	-2194
1	-2196
0	36385
0	10623
0	-1321
1	-2178
1	-1976
0	-1422
1	-2191
0	-1210
1	-1096
0	65485
1	-2205
1	-2205
0	17314
1	-2205
1	-2179
1	-2089
1	-2205
1	-2008
0	-1079
1	-2059
1	-2203
1	-2193
1	-2203
1	-2205
0	-1316
1	-2181
1	-2197
0	19772
1	-2099
0	31782
1	-2204
1	-2205
1	-2046
1	-2199
0	1961
0	-1512
1	-2114
0	8481
1	-2198
0	854
1	-2203
1	-2163
1	-2183
0	600
0	3535
1	-1988
1	-2179
1	973
1	-1406
0	4200
1	-2205
1	-2113
1	-2137
1	-1013
1	-2189
1	-1838
1	-2205
0	-1039
1	-2205
1	-2200
1	-2202
1	-2135
1	-2123
1	-2197
1	-2183
0	6039
0	-1351
1	-2205
1	-2205
1	-2096
1	-2205
1	-2204
1	-2148
1	-2205
1	-2205
0	-1457
1	-2139
1	-2205
0	35651
1	-2205
0	4175
1	-2130
0	2734
1	-2197
1	-2149
1	-2205
1	-2181
1	-2205
1	-2205
1	-2175
1	-2172
0	4261
0	8227
1	-2204
0	-1304
0	2972
1	-2205
1	-2112
1	-2205
1	-2205
1	-2200
0	-1400
0	-1366
1	-2045
1	-2087
1	276
1	-2189
1	-2089
1	-2205
1	-2205
1	-2205
1	-1972
1	-1151
1	-2185
1	-2154
1	-2109
1	-2141
1	-2205
0	21291
1	-2188
1	-2205
1	-2202
1	-2204
1	-2205
1	-2203
1	-2205
1	-2175
0	-764
0	11564
1	-2141
0	-1184
1	-2204
0	38978
1	-2064
1	-2046
1	-2197
1	-2150
1	-2205
0	-329
1	-2203
1	-2166
1	-2205
0	4421
0	5901
0	21004
0	858
1	-2204
0	856
1	-2173
1	-2205
1	-2194
1	-2205
0	5679
0	4622
1	-2159
1	-2205
1	-2193
0	-1039
1	-2203
1	-2199
1	-2159
1	-2205
1	-2205
1	-2192
1	-2205
1	-2201
0	-1160
1	-2205
1	-2205
1	-2192
1	-2205
0	14225
1	-2202
1	-2193
0	-1317
1	-2205
1	-2178
1	-2205
1	-2151
0	13946
1	-2171
0	-1556
1	-2189
1	-2186
1	-2202
1	-2164
0	-1578
1	-2205
1	-2203
1	-2102
1	-2197
0	9949
1	-2203
1	-2194
1	-1762
1	-2205
1	-2190
1	-2203
0	1773
1	-2199
1	-2183
1	-2205
1	-2205
1	-2205
1	-2200
1	-2196
0	12770
0	2086
1	-2184
1	-2205
1	-2205
1	-2187
1	-1729
1	-2205
1	-2205
1	-1748
0	-200
1	-2205
0	-1232
1	-2155
1	-2194
0	-1463
1	-2205
1	-1868
0	2846
1	-1747
0	5721
1	-2183
1	-2205
1	-2205
1	-2184
1	-2185
1	-2205
1	-2197
0	-950
1	-2205
1	-2204
1	-2196
1	-2205
1	-2205
1	-2174
1	-2205
1	-2199
1	-2205
0	16807
1	-2132
1	-2168
1	-2161
0	4014
0	-1425
1	-2126
1	-2205
0	9506
1	-2193
1	-2202
0	-1169
1	-2205
0	9809
1	-2127
1	-2186
1	-2022
0	9429
1	-2200
0	348
1	-2205
1	-2205
1	-2199
1	-2202
1	-2197
1	-2205
1	-2200
1	-2200
0	6336
1	-2198
1	-2205
1	-2205
1	-2201
1	-2205
0	4048
1	-2187
1	-2139
1	-2173
1	-2201
1	-1900
0	17485
0	-899
0	3528
0	16142
1	-2204
1	-692
1	-2205
1	-2205
1	-2183
1	-2205
1	-2196
1	-2181
1	-2194
1	-2204
1	-2205
1	-2159
1	-2205
1	-2205
1	-2191
1	-2204
0	49002
1	-2113
1	-2200
1	-2186
1	-2190
1	-2205
0	5642
1	-535
1	-1964
1	-2205
1	-2203
1	-2205
1	-1994
1	-2205
0	14752
1	-2204
1	-2203
1	-2203
1	-2200
0	15649
1	-2080
1	-2205
1	-2049
1	-2023
0	1073
1	-2188
1	-2205
1	-2205
1	-2133
0	15573
1	-2205
1	-2204
1	-2192
1	-2205
0	2349
1	-2205
0	4367
1	-2180
1	-2205
0	-1491
1	-2200
1	-2205
0	3888
1	-2202
1	-2205
1	-2128
1	-2197
1	-2109
1	-2198
1	-2205
1	-2089
1	-2191
1	-2205
1	-2205
0	-1008
1	-2081
1	-2176
0	2831
0	9334
1	-2201
1	-1808
0	-625
0	800
1	-2195
1	-2184
1	-2202
0	10415
0	-983
0	-1350
1	-2205
1	-2205
1	-2204
1	-2145
1	-2200
0	-1545
1	-2203
1	-2205
1	-2070
1	-1790
1	-2205
1	-2197
1	-2198
1	-2191
1	-2076
1	-2205
0	9745
1	-2205
0	3362
0	4237
1	-2205
1	-2205
1	-2199
1	-2204
1	-2184
0	-292
1	-2205
1	-2187
1	-2205
1	-2181
1	-2115
1	-2196
1	-2009
1	-2204
0	-1001
1	-2205
1	-2196
1	-2190
1	-2205
0	1867
1	-2194
1	-2205
1	-2205
1	-2205
1	-2195
1	-2025
0	4341
0	68
1	-2205
1	-2204
1	-2203
1	-2205
1	-2204
0	2170
0	572629
0	15739
1	-2204
0	8525
1	-2183
1	-2205
1	-2199
1	-2197
1	-2064
1	-2089
1	-2205
1	-2205
0	13618
0	-550
1	-2205
1	-2205
1	-2070
1	-2205
0	-1513
0	51106
1	-2192
1	-2204
1	-2203
1	-2205
1	-2204
1	-2198
1	-2163
1	-2205
1	-2194
1	-2205
1	-2205
1	-2205
1	-2197
1	-2197
1	-2143
0	3012
0	-1527
1	-2204
1	-1549
1	-2183
1	-2199
1	-2112
1	-2204
1	-2205
1	-2178
0	-1643
1	-2180
1	-2177
1	-2205
1	-2021
1	-2119
1	-2205
0	594
1	-2205
1	-2202
1	-2205
1	-2200
1	-2165
1	-2195
0	1283
1	-2136
0	10579
1	-2205
1	-2203
1	-2181
1	-2205
1	-2205
1	-2205
1	-2180
0	7005
1	-2138
1	244
1	-2203
0	572
1	-2204
1	-2140
1	-2197
1	-1831
1	-2196
1	-2140
0	8404
1	-2202
1	-2205
1	-2185
1	-2205
1	-2205
0	-686
1	-2184
1	-2195
1	-2197
1	-2194
0	6010
1	-2205
1	-2051
1	-2205
0	-565
0	-1402
1	-2201
1	-2203
1	-2205
0	-1076
1	-2197
0	2016
1	-2034
1	-2190
1	-2199
0	8050
1	-2178
1	-2205
1	-2204
1	-2204
1	117746
1	-2168
1	-1186
1	-1855
1	-1366
0	2313
1	-2189
1	-2178
1	-2181
1	-2205
1	-2205
1	-2205
1	-2205
1	-2203
1	-2189
1	-2095
1	-2182
1	-2205
1	-2205
1	-2205
1	-2190
0	15612
0	16423
0	3589
1	-2205
1	-2193
1	-2170
1	-2205
1	-2205
1	-2190
1	-2172
0	7510
1	-2204
1	-2205
0	6120
1	-2160
1	-2170
1	-2205
0	-1375
1	-2197
1	-2204
1	-2204
0	2438
0	-32
1	-2192
0	21781
1	-2204
1	-2200
0	-1274
1	-2202
1	-2205
1	-2195
0	153557
1	-2200
1	-2205
1	-2185
1	-2205
1	-2197
1	-2190
1	-2205
1	-2205
1	-1487
1	-2197
1	-2205
1	-2205
1	-2197
1	-2183
0	1810
1	-2153
1	-2163
1	-2202
1	-2191
1	-2205
1	-2190
1	-2205
1	-2072
1	-2198
1	-2205
0	-1519
1	-1696
1	-2181
0	1408
0	-1289
1	-2204
1	-2204
1	-2178
0	4553
1	-2205
1	-2179
0	-1546
0	2655
1	-2163
1	-2205
1	-2205
1	-2197
1	-2203
1	-2118
1	-2007
0	1290
1	-2204
1	-2205
1	-2175
1	-2205
1	-1743
1	-2205
1	-2205
1	-2015
1	-2200
1	-2203
1	-2166
1	-1755
1	-2142
0	3353
1	-2168
1	-2204
1	-2153
1	-2185
0	13319
1	-1476
1	-2136
1	-2183
1	-2202
0	1076
1	-2205
1	-2146
0	4823
1	-2182
1	-2205
1	-2205
1	-2205
0	21217
1	-2182
1	-1655
0	37118
1	-2205
1	-2187
1	-2005
0	51821
1	-2204
1	-2205
1	-2170
0	5853
1	-2205
1	-2134
0	34300
0	-1461
1	-2185
1	-2192
0	105
1	-2204
1	-2205
1	-2191
0	2326
1	-2205
1	-2198
1	-2205
1	-2204
1	-2204
1	-1909
1	-2205
0	4674
0	17736
1	-2205
1	-2194
1	-2151
0	586
1	-1335
1	-2185
1	-2203
1	-2185
1	-1679
1	-2200
1	-2204
1	-2205
1	-2201
1	-2205
1	-2196
0	13713
1	-2205
1	-2205
0	9805
0	-295
1	-2204
0	1734
1	-2199
1	-2199
1	-2181
1	-1998
0	-550
1	-2185
1	-2205
1	-2205
1	-2202
1	-2204
1	-2189
0	-1385
1	-2112
1	-1748
0	3794
1	622
1	-2205
1	-2205
1	-2205
0	3014
1	-2205
1	-2205
1	-2200
1	-2205
0	-553
1	-2203
0	-1452
1	-2195
1	-2194
1	-2183
1	-2205
0	-1078
1	-2175
1	-2113
1	-2205
1	-2205
0	-641
1	-2205
1	-2205
1	-2141
0	-1242
0	34365
1	-2203
1	-2205
1	-2160
1	-2205
1	-2205
1	-2178
1	-2178
1	-1796
1	-2205
1	-2183
1	-2198
1	-2201
1	-2162
1	-2204
1	-2193
1	-2193
1	-2027
1	-2088
1	-2205
0	-204
1	-2203
1	-2204
1	-2113
0	2766
1	-2205
0	-1519
1	-2205
1	-2205
0	9041
0	1210
1	-2205
0	37823
1	-2204
0	-235
1	-2114
1	-2182
0	-1290
1	-2205
1	-2205
0	-1374
0	1465
0	12482
0	17322
0	12187
1	-2183
1	-2184
1	-2190
1	-2205
0	427
0	-1233
0	-1547
1	-2205
1	-2097
0	21129
1	-2198
1	-2205
1	-2193
1	-2204
1	-1833
0	2839
1	-2205
0	-1213
1	-2191
0	5833
1	-2194
1	-2140
1	-2204
1	-2205
0	13110
1	-2164
1	-2205
1	-2205
0	12922
0	8079
1	-2192
1	-2203
1	-2202
1	-2166
1	-2059
0	-1290
1	-2202
1	-2205
1	-2203
1	-2205
1	-2205
1	-1800
1	-2203
1	-2194
1	-2204
1	-1998
1	-2205
1	-2205
1	-2201
1	-2123
1	-2099
1	-2189
0	-1394
1	-2199
1	-2077
0	6365
1	-2203
1	-2202
0	16362
1	-2205
1	-2181
1	-2196
1	-2201
0	5462
1	-2203
0	-333
1	-2127
1	-2205
0	-734
1	-2155
1	-2204
1	-2197
1	-2172
1	-2202
1	-2205
0	-34
1	-2179
1	-2205
0	3522
1	-2132
1	-2205
1	-2205
1	-2203
1	-2178
1	-2205
1	-2142
1	-2205
1	-2197
1	-2205
1	-2205
1	-2036
1	-2205
1	-2204
1	-2205
1	-2202
0	13436
1	-2204
1	-2167
1	-2134
1	-2205
1	-2205
1	-2205
0	-1454
0	32
1	-2205
0	514
1	-2127
1	-2205
1	-2205
1	-2083
0	28113
1	-2204
1	-2205
1	-2204
1	-2200
1	-2205
1	-680
1	-1772
1	-2205
1	-2195
0	-1377
0	10832
1	-1816
1	-1993
1	-1950
1	-1514
1	-2171
1	-2201
1	-2205
1	-2205
1	-2197
1	-2177
1	-2199
1	-2205
1	-2204
1	-2188
1	-2199
1	-2172
0	-830
1	-2189
1	-2205
1	-2205
0	3989
1	-2205
1	-2205
1	-2131
1	-2187
1	-2205
1	-2169
1	-2205
1	-2205
1	-2123
0	695
1	-2095
1	-2187
1	-2199
1	-2170
1	-2205
1	-2189
0	-80
1	-2137
1	-1932
1	-2204
1	-1442
1	-2200
0	18892
1	-2198
1	-2164
1	-2195
1	-2187
0	-313
1	-2205
1	-2205
1	-2205
1	-2205
1	-2205
1	-2195
1	-2047
1	-2202
0	-1388
1	-2204
1	-2204
1	-2173
1	-2205
0	10076
1	-2205
1	-2201
1	-2170
0	16856
1	-2205
0	-908
1	2336
1	-2181
0	-568
0	7023
1	-2129
1	-2093
0	7678
0	-1418
0	14560
0	-1057
1	-2203
1	-2203
1	-2200
0	-765
0	-1478
1	-2205
1	-2102
1	-2205
1	-1976
0	12692
1	-1761
0	-1145
1	-2193
1	-2159
1	-2202
1	-1643
1	-1833
0	-1345
0	659
0	-351
1	-2205
0	384
1	-2180
1	-2205
1	-1960
0	449
1	-2201
1	-2205
1	-2205
1	-2205
1	-2205
1	-2205
1	-2200
1	-2201
1	-2113
1	-2203
1	-2198
1	-2197
1	-1994
1	-2019
0	3172
1	-2177
0	-1421
1	-2205
1	-2205
0	-1115
1	-2205
1	-2202
1	-2202
0	4837
1	-2203
1	-2202
1	-2121
1	-2187
1	-2203
1	-2195
1	-2205
1	-2205
1	-2000
1	-2205
1	-2205
1	-2179
1	-2205
1	-2205
1	-2192
1	-2205
0	4708
1	-2053
1	-2205
1	-2201
1	-1940
1	-2192
1	-2181
1	-1536
1	-2205
1	-2183
1	-2203
0	1177
1	-2202
1	-2205
1	-666
1	-2202
0	6620
1	-2158
1	-2123
1	-2205
0	-1497
1	-239
1	-2159
0	63
1	-2205
0	22830
1	-2198
0	-1167
1	-2191
1	-2178
1	-2205
0	13788
1	-2205
1	-2193
1	-2176
1	-1943
1	-2188
1	-2186
0	-339
1	-2166
1	-2104
1	-2204
1	-2136
1	-2205
1	-2200
1	-2205
0	25096
1	-2195
0	2798
1	-2205
1	-2204
1	-2194
1	-2205
1	-2201
1	-2205
1	-2047
1	-2132
0	2807
1	-2081
1	-2034
1	-2205
1	-1922
1	-2196
1	-2204
0	4216
0	-1342
0	12816
0	-1319
1	-2196
1	-2183
1	-2110
1	-2124
1	-2202
1	-2205
1	-2204
1	-2205
1	-2171
1	-2195
1	-2018
0	48759
1	-2205
1	-2189
1	-2185
1	-2205
1	-2205
1	-2192
1	-1422
1	-2205
1	-2198
0	2449
1	-2205
1	-2048
1	-2198
1	-2191
0	-1013
1	-2205
1	-2144
1	-2199
1	-2205
1	-2205
1	-2201
0	-1195
1	-2065
1	-2202
1	-1844
1	-2092
1	-2205
1	-2205
1	-2205
1	-2162
1	-1961
1	-2201
1	-2195
1	-2200
1	-2144
1	-2203
1	-2198
1	-2205
1	-2205
1	-2205
1	-2197
1	-2205
0	528
0	5937
1	-2202
1	-1916
1	-2205
1	-2205
1	-2096
1	-1864
1	-2205
1	-2202
0	4460
1	-2203
1	-2205
1	-2202
1	-2205
0	-1374
1	-2205
1	-2138
1	-2205
0	-1189
1	-2190
0	-528
0	11012
0	-265
1	-2202
1	-2205
1	-2188
1	-2205
1	-2141
1	-2196
1	-2204
1	-2205
1	-2205
1	-2202
1	-2202
1	-2205
1	-2205
1	-2202
1	-2187
0	-445
1	-2201
1	-2205
1	-2205
1	-2194
1	-2204
1	-1453
0	17359
1	-1184
1	-2175
1	-2202
1	-2203
1	-2192
1	-2011
0	1405
1	-2205
1	-2191
1	-1903
1	-2127
0	-1046
0	-1417
1	-2201
1	-2205
1	-2195
1	-2203
1	-2204
1	-2198
1	-2162
0	4466
1	-2201
1	-2167
0	6861
1	-2127
1	-2176
1	-2205
1	-2191
1	-2205
1	-2195
1	-1928
1	-2163
0	8455
1	-2143
1	-1420
1	-2185
0	-727
0	309
0	-693
0	7397
1	-2202
1	-2066
1	-1758
1	-2017
1	-2191
0	-300
1	-2194
1	-2205
1	-2137
1	-2205
1	-2205
0	14227
1	-2205
1	-2205
0	2057
1	-2205
1	-2204
0	4999
0	-1353
0	11178
1	-2201
1	-2204
1	-2197
0	5080
1	-2205
1	-2008
1	-2205
0	-1467
1	-2205
1	-2204
1	-2197
0	1301
1	-2205
0	12255
1	-2205
1	-2205
1	-2181
0	28119
1	-2203
1	-2177
0	3806
1	-2163
1	-2180
1	-2199
0	455
1	-2205
1	-2183
1	-2196
1	-2155
0	543
1	-2194
1	-2205
1	-2205
0	182
1	-2205
0	-1488
1	-2205
0	13070
0	6712
1	-2205
1	-2204
1	-2172
1	-2186
1	-2199
1	-2188
1	-2114
1	-2205
1	-2201
1	-2193
1	-2205
1	-2171
1	-2205
0	-996
1	-2198
0	395
1	-2205
1	-2124
1	-2193
1	-2141
0	277
1	-1944
1	-2146
1	-2143
1	-2178
1	-2190
1	-2044
1	-2170
1	-2193
0	4877
1	-2205
1	-2205
1	-2205
1	-2180
1	-2204
1	-2180
1	-2205
1	-2203
1	-2205
0	4060
1	-2060
1	-2008
0	-1606
1	-2203
1	-2189
1	-2205
0	-1068
1	-2200
0	2807
1	-2203
0	10808
1	-2204
1	-2205
1	-2172
0	973
1	-2205
1	-2173
1	-2194
1	-2073
0	-1512
1	-2200
0	22544
1	-2205
1	-2181
0	24372
1	-2197
1	-2199
1	-2205
1	-2202
1	-2199
1	-1671
1	-2205
1	-2163
1	-2188
1	-2205
1	-2191
0	3048
1	-2205
1	-2205
1	-2205
1	-2199
0	4360
1	-2205
1	-2175
1	-2205
0	180
1	-2132
1	-2205
1	-2202
0	6873
1	-2205
1	-2202
1	-2205
1	-2205
0	36
1	-2128
1	-2205
1	-2180
0	-142
1	-2205
0	-684
1	-2205
1	-2205
1	-2205
1	-2181
1	-2198
1	-2205
1	-2205
1	-2205
1	-2205
1	-2202
0	10409
1	-2205
0	-1263
0	8166
1	-2201
1	-2205
0	-1396
1	-2205
1	-2204
0	-231
1	-2205
0	152823
0	4852
1	-2203
1	-2205
0	-1494
1	-2205
1	-1548
1	-2139
1	-2205
0	-474
1	-2205
1	-2204
1	-2189
1	-2205
1	-2191
1	-2082
1	-2099
1	-2171
0	5812
1	-2205
1	-2094
1	-2202
1	-2198
0	138
1	-2205
0	351
0	7765
1	-2202
1	-2205
1	-2205
1	-2193
1	-2075
1	-2200
1	-2113
0	-826
0	216
1	-2205
1	-2192
1	-2198
1	-2204
1	-2082
1	-2184
0	-1348
1	-2180
1	-2205
1	-2162
0	2207
0	6563
1	-2187
1	-2204
1	-2197
1	-2205
1	-2196
0	3426
0	-177
1	-2154
0	-663
1	-2205
1	-2205
1	-2205
1	-1966
1	-2205
0	-39
1	-2198
1	-2197
1	-2170
1	-2204
0	-1161
1	-2202
1	-2201
0	-1209
1	-2205
1	-2191
0	-1532
0	17786
1	-2204
0	11260
0	1952
1	-2192
1	-2205
1	-2205
0	-127
0	-1023
1	-2121
1	-2163
1	-2072
1	-2202
1	-2205
0	1727
1	-2143
1	-2049
1	-2182
1	-2205
1	-2199
1	-2205
1	-2116
1	-2205
1	-2205
1	-2202
1	-2205
1	-2205
1	-2183
1	-2204
1	-2205
1	-2201
1	-2185
1	-2202
1	-2091
0	788
0	-1437
1	-2181
1	-2205
1	-2201
0	14729
1	-2186
0	8835
0	-1427
0	-950
1	-2075
1	-2194
1	-2160
0	-1376
1	-2098
0	5624
1	-2205
0	-1260
1	-2205
1	-2205
1	-2197
1	-2205
1	-2205
1	-2188
1	-2161
0	1006
0	1146
1	-2106
1	-2205
1	-2205
1	-2162
1	-2169
0	-1528
0	9976
1	-2181
1	-2205
0	7592
1	-2157
0	-1451
1	-2153
1	-2205
1	-2204
0	-145
0	25367
1	-2203
1	-2199
1	-2085
1	-2204
1	-2204
1	-2156
1	-2190
1	-2205
1	-2202
0	169
1	-2186
1	-2205
1	-2181
1	-1995
1	-2205
1	-2201
1	-1760
1	-2184
1	-2203
1	-2205
1	-2205
0	-123
0	12895
1	-2125
1	-2202
1	-2204
1	-2205
0	975
1	-2199
1	-2205
1	-2185
1	-2101
1	-2205
1	-2166
1	-2205
1	-2159
1	-2205
0	12169
0	3044
0	3263
1	-2193
1	-2158
1	-2205
1	-2202
1	1953
1	-2205
1	-2203
1	-2205
1	-2196
1	-2166
1	-2205
1	-1935
1	-2205
0	2117
0	-1354
1	-2135
0	11475
1	-2200
1	-2125
1	-2177
1	-2204
1	-2192
1	-2203
0	-1297
1	-2203
1	479
1	-2178
1	-2202
1	-2082
1	-2199
1	-2196
0	789
0	-1259
0	-1192
0	642
1	-2205
1	-1925
0	-765
0	103
1	-2205
1	-2205
1	-1897
1	-2201
0	-821
1	-2164
1	-2201
1	-2165
0	-1329
1	-2190
1	-2205
1	-2205
1	-2191
1	-2204
1	-2205
1	-2205
1	-2198
0	20379
1	-2201
1	-2203
1	-2205
1	-1923
0	11730
1	-2203
1	-2198
1	-2205
1	-1994
0	64
0	11812
1	-1637
0	-1374
1	-2124
1	-2205
1	-2205
1	-2186
1	-2205
1	-2205
0	2262
1	-2128
0	-1516
0	3965
1	-2075
0	-1514
1	-1819
0	20870
1	-2201
1	-2195
0	-1460
1	-1680
1	-2199
1	-2202
1	-2205
0	28923
0	895
1	-2188
1	-2205
1	-2204
1	-2205
0	3647
1	-2205
1	-2205
1	-2205
1	-2140
1	-2189
0	10612
0	21280
1	-2203
1	-2205
1	-2028
1	-2202
0	-664
1	-2205
1	-2205
1	-2104
1	-2204
0	-1372
0	-168
1	-2112
0	8697
1	-2118
1	-2205
0	3636
1	-2165
0	952
1	-2205
1	-2192
0	-1301
1	-2191
1	-2199
1	-2205
1	-2203
1	-2204
0	815
1	-2205
0	6646
1	-2198
0	27098
1	-2114
1	-2196
0	537
1	-2164
1	-2192
0	19728
1	-2205
1	-2197
1	-2204
0	-591
0	2629
1	-2205
1	-2205
1	-2198
1	-2188
0	4790
1	-2199
1	-2184
1	-2198
1	-2201
1	-2205
1	-2192
1	-2031
0	10557
1	-2106
1	-2195
1	-2205
1	-2205
1	-2204
1	-2205
0	-1358
0	9262
1	-2205
0	-1511
0	3975
0	-1595
0	3931
1	-2205
1	-1751
0	-600
0	15043
1	-2088
1	-2197
1	-2199
1	-2151
1	-2205
1	-2196
1	-2159
1	-2204
1	-2205
1	-2205
1	-2201
1	-1977
1	-1934
1	-1979
1	-2197
1	-2205
1	-2193
1	-2205
0	1886
1	-2035
1	-2199
1	-2181
0	-1326
0	13294
1	-2205
1	-2205
1	-2147
0	1820
0	6535
1	-2205
1	-2205
1	-2035
1	-2139
1	-2084
0	4044
1	-2204
1	-2204
1	-2126
1	-2205
1	-2202
1	-2205
0	3164
1	-2189
0	542
1	-1913
1	-2203
1	-2202
1	-2197
1	-2200
1	-1885
1	-2150
0	20696
1	-2120
1	-2205
1	-2195
0	23961
1	-2205
0	1166
1	-2164
1	-2201
1	-1982
1	-2203
1	-2182
1	-2205
1	-2191
0	-587
0	240
1	-2152
0	1923
1	-2159
1	-2203
1	-1840
1	-2165
1	-2204
1	-2201
0	30614
0	13689
1	-2134
1	-2205
0	273
1	-2205
1	-2204
0	10547
1	-2054
1	-2205
0	7006
1	-2205
1	-2082
1	-2203
1	-2193
0	749
1	-2199
1	-2205
1	-2199
1	-2185
0	-1480
1	-2205
0	-1275
1	-2205
1	-2084
1	-2159
0	9981
1	-2205
1	-2199
1	-14
0	5734
0	1475
1	-2198
0	6437
0	-1189
1	-2205
1	-2183
1	-2188
1	-2205
0	2677
1	-2205
1	-2205
1	-2148
1	-2205
1	-2199
1	-2176
1	-2205
1	-2205
1	-2038
0	12052
0	19857
1	-2157
1	-2205
1	-2205
1	-2203
1	-2205
1	-2204
1	-2166
1	-2185
1	-2205
1	-2201
0	-581
1	-2192
1	-2166
1	-2202
1	-2185
1	-2205
1	-2205
1	-2205
1	-2205
1	-1813
1	-2205
1	-2186
1	-2205
1	-2144
1	-2204
0	-1105
1	-2205
0	-781
1	-2205
1	-2205
1	-2200
0	-1316
1	-2203
1	-2188
1	-2196
0	3931
1	-2205
1	-2205
1	-2195
1	-2194
1	-2202
1	-2205
1	-2201
0	6793
1	-2141
1	2006
0	3088
1	-2204
0	4046
1	-2205
1	-2134
1	-2205
1	-2180
0	-215
0	-1061
1	-2181
1	-2205
0	31440
0	584
1	-2205
1	-2204
1	-2201
1	-2172
0	26488
0	18535
0	3840
1	-2205
1	-2176
1	-2205
1	-2204
1	-2205
1	-2014
1	-2199
1	-2205
1	-2205
1	-2171
1	-2205
1	-2205
1	-2205
1	-2113
1	-2168
1	-2205
1	-2205
1	-2162
0	1080
1	-2177
1	-2199
0	17432
1	-2174
1	-2205
1	-2159
1	-1436
1	-2053
0	-197
0	-1636
1	-2203
0	5133
0	143
1	-2162
1	-2205
1	-2202
1	-2191
0	3101
1	-2183
1	-2205
0	1734
1	-2201
1	-2205
0	288
1	-2156
1	-2179
1	-2202
0	629
0	-1297
1	-2205
1	-2205
1	-2156
1	-2194
1	-2174
0	2485
1	-2202
1	-2205
0	5546
1	-2181
1	-2205
1	-2171
1	-2139
1	-2188
0	17470
1	-2205
1	-2186
1	-2101
1	-2196
1	-2202
0	-416
1	-1851
1	-2204
1	-2205
1	-2203
0	3211
1	-2205
1	-2194
1	-2075
1	-2205
1	-2203
1	-2205
1	-2187
1	-2157
1	-2205
1	-2053
0	18252
1	-2005
0	6676
1	-2172
1	-2189
1	-2199
0	3615
1	-2112
1	-2203
0	2114
1	-2205
1	-2014
0	21139
0	2433
0	36841
1	-2205
1	-2205
0	4613
0	533
0	6812
1	-2201
1	-1880
1	-2126
0	20102
1	-1614
1	-2205
1	-2177
1	-2203
1	-2152
0	4420
1	-2205
1	-2203
1	-2187
1	-2171
1	-2147
1	-2200
1	-2204
1	-2100
0	44568
1	-2103
0	401
1	-2203
1	-2203
1	-2205
1	-1229
1	-2105
0	10079
0	2519
1	-2200
0	12568
1	-2200
1	-2204
0	-1167
1	-2159
1	-2205
0	-1468
1	-2205
0	-1471
1	-2205
1	-2205
0	772
1	-2205
1	-2205
1	-2205
1	-2205
1	-2205
1	-2205
1	19024
1	-2205
1	-2181
1	-2205
1	-2183
1	-2204
1	-2121
0	8891
1	-2205
0	-1584
0	-953
1	-2205
1	-2204
0	-660
0	8350
1	-2205
0	-1597
1	-1424
1	-2187
1	-2187
1	-2201
1	-2204
1	-2184
1	-2194
0	-1127
1	-2205
1	-2205
1	-2202
1	-2193
1	-2205
0	1740
1	-2198
1	-2131
1	-2184
1	-2150
1	-2205
1	-2205
1	-2172
1	-2205
0	-1083
1	-2205
0	1129
1	-2205
1	-2205
1	-2204
1	-2097
1	-2205
1	-2163
1	-2202
1	-2205
0	6916
1	-2109
1	-2205
1	-2169
0	-315
1	-2205
1	-2205
1	-2205
1	-2180
1	-2185
1	-2070
1	-2205
1	-2158
0	29264
0	37612
0	1640
0	-1366
1	-2170
1	-2205
1	-2201
1	-2185
1	-2189
1	-2143
1	-2205
1	-2093
1	-2205
1	-2203
1	-2205
1	-1300
1	-2204
1	-2195
1	-2148
1	-2205
1	-2205
1	-2198
1	-2104
1	-2048
1	-2203
0	5686
1	-1899
0	12189
1	-2204
1	-2088
1	-2205
0	11440
1	-2205
1	-2203
1	-2196
1	-2200
1	-2163
1	-2205
0	-1461
1	-2201
1	-1901
0	-1184
1	-2205
1	-2186
1	-2205
1	-2159
1	-2198
1	-2205
0	230
0	37815
1	-2178
0	595
1	-2205
1	-2192
1	-2202
1	-2205
1	-2168
0	3435
1	-2192
0	27265
1	-2136
1	-2205
1	-2205
0	-266
1	-2046
0	-110
1	-2180
1	-2048
0	27
1	-2188
1	-2175
1	-2060
1	-2181
1	-2205
1	-2193
1	-2180
1	-2205
1	-2194
0	3334
0	2632
0	-1525
1	-2204
1	-2198
1	-2185
0	-1079
1	-2205
1	-2205
1	-2184
0	-888
1	-2205
1	-2205
1	-2194
0	6012
1	-2199
1	-2205
1	-2170
1	-2158
1	-2203
1	-2170
1	-2156
1	-2205
1	-2180
1	-2205
1	-2202
1	-2182
1	-2205
1	-2181
1	-2194
1	-2188
1	-2204
1	-2205
1	-2204
1	-2194
1	-2199
1	-2195
1	-2205
1	-2139
1	-2205
1	-2205
1	-2205
1	-2184
1	-2147
1	-2204
1	-1980
1	-2205
1	-2205
0	377
1	-2205
1	-2194
1	-2130
0	951
1	-2205
1	-2155
1	-2200
1	-2204
0	2535
1	-2194
1	-2205
0	22863
1	-2205
1	-2189
1	-2192
1	-2205
1	-2205
1	-2203
1	-2201
0	-1273
1	-2205
1	-2205
1	-2203
1	-2074
1	-2141
1	-2202
1	-2205
1	-2200
1	-2200
1	-2205
1	-2205
0	2323
1	-2196
1	-2205
1	-2199
1	1012
1	-2205
1	-2168
1	-2204
1	-2082
1	-2202
1	-2205
1	-2205
1	-2165
1	-2203
1	-2205
0	-1357
1	-2131
1	-2204
1	-2196
1	-2204
1	-2205
1	-2205
1	-2150
1	-2038
1	-2191
1	-2200
0	5946
1	-2203
1	-2134
1	-2165
1	-2205
0	186
1	-2205
0	1620
1	-2037
1	-2205
1	-2205
1	-2205
0	-1543
1	-1852
1	-2200
0	-1260
1	-2120
1	-2205
1	-2205
1	-2189
1	-2205
1	-2196
1	-2205
1	-2178
0	8322
1	-2185
1	-2205
1	-2203
0	4516
1	-2006
0	-1298
1	-2204
0	-161
0	-1527
1	-2197
1	-2194
0	1415
0	12995
1	-2178
1	-2203
1	-2137
1	-2205
1	-2205
1	-2205
1	-2179
1	-2132
1	-2193
1	-2166
1	-2200
0	1743
1	-2205
0	-460
1	-2205
1	-2205
1	-2205
0	-101
0	11587
1	-2205
1	-2127
0	43464
1	-2205
1	-2198
1	-2101
1	-2205
1	-2097
1	-2205
1	-2111
1	-2205
1	-2202
1	-2200
0	5820
1	-2103
1	-2205
0	-1274
1	-2205
0	36195
1	-2204
0	8525
0	1885
0	3848
1	-2159
0	-909
1	-2204
1	-2197
1	-2205
1	-2204
0	5955
1	-2202
1	-2174
0	1035
1	-2183
1	-2186
1	-1933
1	-1783
1	-2196
1	-2205
1	-2204
1	-2198
1	-2117
0	17
1	-2174
0	19093
1	-2199
0	6387
0	-1217
1	-2184
1	-2205
0	2597
1	-2201
0	7744
1	-2205
1	-2205
1	-2195
1	-1884
1	-2205
1	-2204
1	-2205
1	-2198
1	-2200
1	-1868
1	-2177
1	-2186
1	-1984
1	-2205
0	-144
0	4802
0	1820
1	-2205
1	-2205
1	-2149
1	-2103
1	-2204
1	-2205
1	-2205
1	-2204
1	-2185
0	-770
1	-2199
0	302
0	26900
1	-2178
1	-2205
0	-221
0	-81
1	-2199
0	-1340
1	-2205
1	-2202
1	-2205
1	-2178
1	-2189
1	-2205
0	1035
0	5836
1	-2205
1	-2200
1	-2205
1	-2203
1	-2170
1	-2182
1	-2186
1	-2142
0	-1194
1	-1247
1	-2203
1	-1703
0	-1468
0	40
1	-2186
1	-2205
0	17285
1	-2132
0	-958
0	19271
1	-2205
1	-2205
1	-1563
1	-2205
1	-2186
1	-2205
1	-2199
1	-2205
0	-1399
0	5569
1	-2205
1	-2200
1	-2205
1	-2205
1	-2200
1	-2186
0	4834
0	9776
1	-2198
1	-2205
1	-2129
1	-2006
1	-2146
0	-1453
0	-1566
1	-2195
1	-2159
1	-2205
1	-2058
0	8772
0	5662
1	-2049
0	-819
1	-2181
1	-2038
1	-2205
0	-1504
1	-1741
0	104
1	-2196
1	-2204
1	-2076
1	-2205
0	2559
1	-2205
0	5025
0	181
1	-2205
0	-758
0	-1192
0	1987
1	-2204
1	-2202
0	-1536
0	29446
1	-2203
1	-2180
0	11111
1	-2203
1	-2205
1	-2199
1	-2111
1	-1886
1	-2205
0	19178
1	-2192
1	-2198
1	-1969
0	-1170
1	-2181
1	-2205
1	-2164
1	-2075
0	16796
1	-2187
1	-2084
0	3815
1	-2204
1	-2205
1	-2193
1	-2205
0	6052
0	-1439
1	-2205
0	20646
1	-2205
1	-2198
1	-2204
1	-2098
0	-1380
1	-2197
1	-2203
0	-1276
1	-2117
0	25509
1	-2204
1	-2205
1	-2201
1	-2204
1	-2205
1	-2205
1	-2137
1	-2201
1	-2205
1	-2162
1	-2205
1	-2205
1	-2205
1	-2200
0	-1558
0	18696
0	-1005
0	-717
0	72193
1	-2200
0	-275
1	-2172
1	-1917
1	-2187
0	7102
1	-2205
1	-2167
0	3971
