13095	4
-12625	7
-12921	11
-4735	8
109	11
6988	11
-13048	7
5326	9
-9934	7
-5011	7
4583	9
10731	4
-8855	7
-8379	4
18669	4
11130	1
2545	7
259	7
-10642	4
-2066	7
-2474	9
6953	8
15319	4
-12240	9
17605	7
-2298	11
-10511	1
8476	1
-8923	9
-11902	4
-2584	5
3567	7
-6888	11
12874	9
-6996	11
-8358	7
-11758	1
5325	6
-1120	7
3836	7
-2644	1
-8308	11
18974	4
-10685	7
-6759	7
-11142	1
17378	11
12453	4
-12094	6
4867	7
22538	9
-7996	9
6123	7
-7772	11
-1805	1
3833	9
6590	7
-1263	5
-1003	9
4615	4
15603	4
14903	7
-12937	2
9539	9
8786	7
3858	1
-12592	2
7491	7
26038	7
-7519	7
15507	7
-4507	4
27282	4
-3220	1
6553	9
-3289	9
15909	4
25845	4
-1244	11
4214	4
7905	9
-12832	4
19850	7
16521	6
15277	4
880	7
11254	4
6138	4
-4820	6
78	4
-8205	4
-5567	9
8805	10
460	1
15258	4
-7937	4
-1332	2
1852	9
-12168	10
-4425	7
12960	4
-11951	1
7262	4
-2165	7
-7183	4
6212	7
-6948	7
12030	4
15518	4
-11375	9
-12586	7
-8582	7
470	1
-9419	6
8350	9
-7558	7
23702	9
-10161	10
-720	6
116	2
-2269	1
-15134	7
-6565	7
9925	1
-7781	2
3615	5
-7163	4
-3873	2
15725	7
19686	7
-4261	7
15376	4
11578	4
12275	9
4586	6
-13091	2
25394	4
455	1
-14155	8
21968	7
8537	7
-13268	9
-9255	13
10612	13
22983	7
-7988	7
7978	4
-189	8
15411	1
-11398	5
-6182	2
-8886	9
572	2
7933	4
14803	4
4496	10
17256	4
-6504	7
-3400	7
-12951	6
-5116	7
-5193	7
-9816	2
-9292	7
-7977	4
-7597	7
9832	4
30118	4
4290	4
5174	4
-12029	3
-8159	9
-10635	10
-8574	9
-1649	11
-12875	8
-10099	8
98	4
6982	7
8683	7
6079	4
-7407	11
13922	4
567	4
-5943	7
-10967	6
4328	8
-10858	1
-689	4
-304	11
-6147	4
-3472	9
-13428	9
18997	4
-8057	8
-14663	3
-9536	4
7113	4
12544	4
-1371	9
3372	1
-9004	4
14079	7
7592	5
-8922	4
-79	4
-10651	7
-333	4
15787	4
19207	7
-11188	8
-7499	4
-10369	7
-5101	6
17834	4
-10770	7
-3855	7
-10131	9
-5984	7
-7169	7
1162	11
-8522	9
13167	4
-8133	7
-2372	10
2578	1
-12587	9
-11090	4
-6781	7
-1882	13
2430	7
4034	11
-9270	7
-3412	4
-570	11
1062	4
-7418	7
-6785	9
-10869	1
5357	7
4369	9
-11324	6
5274	9
-11037	6
-7754	7
-61	10
-4725	7
-6988	7
-6812	4
338	11
10918	7
-7263	7
3595	10
-12154	6
-6380	9
-9137	4
5818	2
-13517	2
-6017	4
-2957	7
8168	1
3301	7
-2060	1
-10825	7
-10056	2
-11287	2
-8416	1
-8767	7
-5345	7
5380	7
3198	8
1624	9
3994	4
-12605	1
-14332	11
-12547	1
-11128	1
-6599	2
-355	4
8935	9
9226	7
-9223	1
16092	7
3748	4
-9980	3
-11162	4
5251	7
4413	7
-5678	4
-9447	4
-2719	7
-4949	5
-7818	13
-7367	4
-12352	2
-7846	7
-7105	7
5032	11
11879	10
7131	4
6737	4
2195	7
12791	4
-3667	13
-9298	9
2344	7
1105	11
9840	4
5011	11
-11498	7
13405	4
11330	4
-10172	4
-8722	9
-6405	7
-3512	9
26495	7
24328	4
10720	7
-13165	1
-47	4
1951	7
37571	4
17473	4
1240	2
4384	9
-4688	9
-5184	2
-7486	7
-10213	7
16186	4
-5921	7
9396	7
2263	13
-5425	12
-9423	10
-1865	4
-5031	5
-9768	7
-5279	7
21481	7
-6071	11
-13492	1
-12010	4
-739	7
-5951	1
7110	9
2727	4
-1354	7
5051	7
16417	4
6521	7
9663	8
-11129	7
-9376	7
-12151	9
16062	7
-5958	4
-4616	2
5712	9
6686	4
7949	7
-4444	7
5498	7
-748	7
5932	9
13012	4
2903	1
-11427	9
8691	4
11825	4
7863	7
-11739	5
7591	7
1590	5
10152	7
3547	11
18059	4
-1265	11
-10302	3
6319	4
-11893	7
-3182	11
-11005	11
-7680	7
-6986	4
11343	10
-1420	7
-5148	9
-1914	11
12507	4
7347	4
-598	7
-10064	9
7260	4
-10567	7
21409	12
-8426	11
-7815	7
-8938	1
-3786	9
-4836	4
10943	7
3242	9
-4337	7
2894	1
7721	13
12003	7
18227	4
3788	7
-6740	7
-9536	9
4860	3
1992	4
-11940	3
207	7
-8695	13
554	2
12802	4
-589	4
8755	9
-8310	4
-1440	4
18673	4
-958	7
10049	10
-7755	7
-1447	1
9144	7
-101	7
16463	7
-3146	13
-5686	1
-8063	4
-2246	3
2211	12
-10069	7
-3812	7
-11872	9
25389	9
-12804	10
-10381	7
16073	4
571	11
5516	7
-8942	4
-906	11
-10010	7
-9455	3
-4922	7
19353	13
10226	7
5680	4
-4501	8
-13411	7
24197	7
-11227	9
-7711	4
18393	4
-2284	9
-5744	4
-13530	7
2404	8
10436	1
20837	7
-1319	7
-2714	7
16982	4
-2174	7
1904	1
27115	4
-4524	9
-10774	1
-4575	9
-444	11
-3811	7
11153	10
-13939	3
-6590	7
-10353	7
26169	4
-1033	2
-12543	4
5287	7
-3358	7
-6273	12
2828	7
-4098	10
8940	4
788	1
13763	4
5938	7
-2115	10
3153	7
18548	7
20816	12
-11614	7
17270	7
6532	9
16028	7
14935	7
-9776	4
-6999	10
-8862	4
11918	4
11744	7
-10381	7
-434	1
13343	7
13653	7
-11754	9
-13114	4
-6419	9
-66	1
8160	9
-11997	3
-759	11
4634	9
-6880	9
-13641	7
-2691	11
19009	6
-12697	11
-5071	2
14632	12
-10783	7
-3809	12
-5424	4
2932	9
3444	4
-6597	4
-5968	1
-12541	9
-6532	11
-4466	9
-7920	7
5790	9
-11523	7
-8533	7
-2781	13
3537	4
-10374	10
10544	4
-4073	7
-12564	8
-10479	4
-7026	7
-1568	2
9590	9
-8195	1
-591	12
-5753	7
-36	11
-11220	11
-9099	5
-13061	6
-14224	9
4406	4
-4640	9
-8723	10
-12348	9
-8173	4
-14390	2
-2073	2
21243	7
-1090	1
-5426	11
-9688	7
3059	4
18782	8
-1317	7
-7722	7
-665	7
25867	7
-12328	1
-829	9
7306	4
-12486	5
-1282	10
3317	4
5489	4
6498	2
6165	2
-6657	9
7368	2
-10886	7
-12893	13
-8295	4
-12306	13
-6532	4
8609	7
27644	12
-10191	8
4348	6
-12197	1
4180	4
-3531	11
-9018	12
3522	12
9977	4
-11742	4
-4760	9
14617	4
11851	12
-12044	7
-9185	4
4395	7
4655	11
5366	7
6124	7
-9281	7
-12375	8
11473	4
-4796	7
10512	5
-1717	3
-6778	4
-5839	7
9355	7
11662	2
-11973	7
-9841	7
-8566	1
3284	7
-2735	7
-9612	1
-5825	7
-5350	4
-4140	1
-2151	4
-3735	7
8043	8
-8278	7
6978	1
-9595	7
-9401	7
2368	7
-5369	7
10470	4
32762	4
2528	9
9095	11
-209	2
2035	7
11129	7
28417	7
5906	7
8597	4
-8099	7
6064	4
-8366	11
9419	4
11805	9
8569	7
13715	4
-79	12
-13747	6
21421	9
6370	1
559	7
5270	4
-4935	7
-3951	6
-9279	11
-7332	4
1492	10
6434	4
6514	7
2341	5
13194	4
10300	12
5375	3
5423	10
3872	4
6449	4
8816	4
13488	9
2028	11
4098	4
-3601	6
-11547	11
4322	1
-100	1
-7177	10
-11388	4
-11176	7
-12015	7
18299	7
13059	4
-4232	7
-8968	13
-133	12
8126	6
5926	9
-3684	7
-4337	9
-11947	5
10724	7
-10949	7
-11685	11
-7598	4
-11797	1
7999	1
-9645	7
15741	4
-11183	7
7915	7
8183	9
-3639	7
4255	13
-12820	10
-2622	12
-10477	7
-8610	13
358	7
138	7
3599	9
-5932	9
15146	7
-11099	11
2595	10
-11027	4
5628	13
-7603	1
-4708	9
-9426	4
11873	9
-6701	1
-5215	2
1121	7
-12470	3
1345	7
15579	4
-10452	6
-8301	4
-9409	4
247	4
-2333	7
8514	8
3171	7
-6429	9
-11474	7
-5148	7
12187	7
-11387	1
-5537	4
3144	9
-7592	4
20425	9
-5746	9
13881	4
1539	7
-11470	2
-6133	4
-148	5
-6356	3
-7835	4
14806	4
14433	7
-9583	9
-9132	4
11862	4
6370	9
7361	2
-6053	4
-2170	7
-11202	7
2937	9
13710	4
-4206	7
-12219	7
3688	3
-9052	2
-12110	4
12479	6
-7563	4
1812	8
-2408	1
7061	7
-8671	4
-5572	1
9228	2
-14120	7
7400	7
11112	7
2312	4
-3737	1
-391	1
-11677	10
-1000	5
1436	7
3183	4
13435	4
-12305	13
14888	4
-7715	7
4782	1
-2425	4
7656	4
18949	7
-8793	6
22068	10
18029	4
-4016	4
-12201	2
-5440	9
6559	1
10690	4
20314	4
-8917	4
-9432	9
-9406	11
17080	7
11197	7
12532	3
-8013	7
-10562	11
-2804	12
-8557	7
-3562	7
-2579	10
-11154	7
-7929	1
-7175	9
-5104	5
20907	5
-12917	7
15173	13
-5132	4
-2421	7
-1436	4
15164	7
-1371	4
-10206	4
-8504	5
-11670	13
-10062	7
9774	9
-10557	6
-10755	7
-7380	7
14102	7
7781	11
1623	7
-8161	8
9269	9
-9024	7
19335	7
-12138	11
17742	4
-9553	13
2725	4
3945	1
8769	7
-13558	2
-9864	9
3610	4
-11833	11
13222	4
4970	9
-9759	4
20673	7
13673	4
6876	9
-7066	7
-879	9
7434	7
-2853	12
-6156	9
-7710	7
3924	7
4161	9
-12742	9
7768	7
8312	11
-14977	9
-10748	8
-11060	4
2759	7
-12205	7
-12106	1
13130	4
-10851	1
8285	7
9115	9
-5766	2
-3213	4
-12811	8
6677	4
-9092	7
2335	7
-3121	1
-11165	4
8400	7
-5091	1
-11149	3
8127	7
7152	1
-8474	3
11456	13
2719	7
11177	4
-1751	4
6699	11
-13450	7
3998	2
9625	7
9029	4
5691	4
-13849	13
3366	6
-5730	9
-7931	1
4703	9
11298	7
5439	2
-13789	9
13657	4
-6752	7
-4858	2
-7189	4
17903	4
11213	4
-5576	4
-410	2
-2166	6
469	4
-9246	4
3923	7
10459	13
-6474	11
-5488	10
6360	1
-10462	7
-11516	3
-13221	9
2869	7
10237	4
2677	4
18801	4
3751	4
-13180	4
-5223	4
-11308	9
-10210	7
3618	8
3483	11
-14145	2
8555	11
2776	10
2573	7
-2869	6
-8473	4
-7016	7
5150	7
-9241	2
10048	7
7979	7
5465	7
-1410	1
-10101	11
-7030	5
4071	7
7550	7
-5189	9
-10342	1
-8863	7
3940	4
-10890	5
9165	4
-8299	4
-1539	7
3659	11
-2327	4
15099	4
-10663	7
-7737	7
1090	6
16945	4
-1367	4
-6133	11
-8556	4
6196	11
-12515	10
3400	12
-7846	4
-11481	11
18062	4
-12228	7
-9577	7
-9471	10
4693	11
-11036	10
-7847	11
-8043	4
-14784	11
-1320	7
2623	4
-8784	4
10415	4
16182	4
2110	9
11685	7
6502	4
-8597	3
-5324	5
-13341	7
2506	6
13228	7
-7098	4
-9168	7
-17029	4
-8195	4
-12200	4
7984	7
-575	1
13099	4
4059	13
-6774	9
7157	9
2864	7
-9933	10
2658	7
4981	8
113	9
-6763	7
600	1
-12117	13
-16169	9
-4606	7
-7808	7
-4605	4
16958	7
-3127	4
22545	11
-8345	9
-3190	7
-1208	9
-77	2
-8988	11
-11587	9
-8577	7
5832	7
-8860	7
-11741	11
1176	9
4932	9
6459	11
21496	4
976	7
10645	8
-5019	9
2198	9
8270	13
7625	1
-5232	11
-10477	9
-9486	4
8861	13
13091	1
-1312	4
-10660	6
9226	4
-7119	7
11248	7
11519	4
5468	7
-12262	7
17152	7
447	7
6229	7
12625	4
2495	7
-2438	4
5553	3
-5636	4
5780	4
2050	1
-9067	7
-2324	7
7930	7
-1709	1
-8963	7
2385	4
-5440	8
6693	2
-12761	7
2347	3
-10429	2
-8605	7
18325	7
19596	4
10771	4
-4722	1
-3037	9
5044	13
10561	4
37814	4
24742	7
18901	4
-11415	7
-13440	9
-4211	9
-11186	1
10634	4
13489	4
-1690	4
-557	3
-5765	9
-6321	1
22500	4
-9204	13
-4506	4
17178	4
8530	6
8337	7
13658	8
-10111	7
-7656	4
1096	3
-12747	10
-1565	5
-6257	4
-5225	1
-8583	9
4879	7
-7139	2
701	3
-7401	7
-11061	7
7739	1
-8661	4
11598	9
-1883	9
-5415	2
-7351	4
2866	9
-237	7
-8519	7
-1797	7
-1123	7
-8051	9
17952	12
20371	7
-11155	7
2898	7
5982	4
11801	4
-7779	3
13160	11
2816	8
-3465	7
9460	7
-6312	7
-16085	7
-5023	9
-13151	1
809	13
-567	9
7092	7
-9298	9
1192	2
-6815	7
-5482	4
9978	9
15135	4
-9954	13
-8854	4
7325	9
3371	9
8843	4
-6792	10
18541	11
4316	9
-7361	7
15367	4
3814	13
-3810	9
-4257	1
11815	1
-9686	4
3505	1
-3970	11
15601	3
24225	4
-2050	1
6239	4
-8723	9
-7989	1
24598	4
5815	9
11965	4
11965	4
-10931	7
1272	11
10674	7
-12476	7
-9884	7
-9400	7
9827	7
-10629	7
-3943	10
4450	4
19101	9
8067	4
26735	4
-7354	1
10778	11
-8861	7
6431	6
8436	9
-237	4
-8077	1
1867	9
-13370	1
-1346	11
-8524	7
6751	9
-6901	1
-2511	7
14970	4
2054	4
22590	7
12148	4
-10921	2
1561	13
4662	1
-1145	10
11841	11
-13692	11
-3002	4
12737	7
-12238	10
1434	4
-8193	4
1297	10
-9825	7
-9652	7
1365	7
-13473	9
5113	7
-6271	7
-11218	4
-8953	13
4160	4
5864	4
3922	12
-8249	4
-8394	12
-9515	9
-10466	7
2552	6
-2795	9
-6211	9
15261	4
-9528	1
3296	2
-7850	8
16546	6
-11441	7
16288	7
-12599	11
18530	9
8505	7
-7337	9
3254	13
-9058	11
-1218	9
-7575	12
5603	9
-9862	1
9942	7
8890	7
10595	7
475	7
17578	4
-1212	4
1783	7
-6307	4
-5636	8
23220	11
-5953	9
-10596	1
14126	7
16905	4
-6595	4
6244	7
-2659	1
-351	1
-7932	4
1579	4
-5078	11
-5441	4
-6740	6
7726	7
-6489	13
5455	2
-8446	7
-7432	9
-12385	8
8365	4
5910	7
5002	7
-10871	9
-1828	4
4628	6
-11060	4
-8571	6
4774	3
6042	9
-2211	9
-11950	4
-13122	7
18250	7
-13401	11
5881	10
9999	7
4231	8
20060	7
-888	4
13513	4
-13292	4
5440	4
6467	4
209	9
3457	8
-8840	7
6795	6
-5877	7
121	6
5660	4
-13550	1
-12809	11
-2142	7
21121	12
13370	4
-9368	7
-13285	5
177	13
-10097	7
5062	7
-6442	9
1299	12
-7335	2
-10996	7
-7958	7
-9125	7
17351	11
-10700	11
12560	9
27914	7
10645	9
-11373	11
10486	4
6533	4
5699	1
-9515	4
-11215	6
-7908	8
5676	7
-8541	7
4758	4
921	1
2358	8
4751	7
-1126	4
8814	7
2406	1
-3125	4
963	1
12515	4
21359	7
358	9
-1050	13
-2130	7
-7850	1
-2798	7
-7892	1
-1829	9
2500	1
11183	10
9154	1
7054	12
-8681	4
-10477	5
-11954	11
29037	7
-2404	7
-3244	7
7281	4
2787	7
-12638	7
9034	4
26348	7
-12959	13
-6713	7
-4745	1
5206	1
-4737	4
3066	9
-10170	4
-6923	4
-5463	1
-14056	9
-1117	7
11665	7
-7474	4
-11419	7
6660	7
22640	7
-14688	3
597	8
6585	1
-12043	7
1907	2
2712	7
-11904	9
1122	4
-9966	4
-3275	4
-12109	5
-7894	13
11368	7
-12401	5
-10592	4
-9789	7
14219	4
14118	7
5054	4
-4404	4
699	7
31947	4
-2787	11
-4896	4
-9403	10
-10653	10
-3375	7
5688	4
20815	9
-8200	4
3546	7
-3458	4
-4566	7
3116	4
-7051	9
-7950	10
3864	6
-12583	1
-10373	7
-11766	1
11032	7
-1762	11
-2018	13
8485	6
-2345	7
-7515	4
-13976	2
2754	1
6106	4
9914	9
9094	4
-11359	6
-5698	7
12878	4
4899	7
-11509	4
-4516	3
-11463	7
-10151	11
-15037	1
-12386	1
8694	4
34151	4
-584	4
17850	7
8527	10
-7561	7
5856	7
-11989	7
-2185	7
10450	5
-12522	9
8812	10
-10029	13
11868	7
4980	7
-1688	4
-869	9
-11762	11
-7405	11
9430	7
-11018	11
-12567	1
-10863	1
15229	1
3974	9
796	7
-3385	1
4424	7
-7740	7
-12254	4
20814	7
-4543	4
-8728	9
22452	7
-2944	7
-12032	11
-1846	7
-6932	7
-11782	10
6209	8
-14026	1
-10621	2
9434	9
16296	9
-3814	11
4858	7
8126	7
18072	7
-10077	7
5895	4
3401	11
-11006	1
-12051	4
5939	5
11523	7
5907	9
-8267	13
-7566	4
5482	4
-9717	7
-4045	9
8624	7
-10832	11
-4401	7
-11777	1
20025	4
5595	7
-572	1
669	7
5263	7
-10147	7
-7914	7
6765	9
-3208	1
-9011	7
2845	4
-8271	4
3188	4
-9945	7
-10933	7
-9095	7
-14046	10
-7847	6
-6651	2
-6854	2
-2241	7
17422	9
-10668	10
-11165	2
8240	7
24394	4
8884	7
-12758	13
12025	4
16140	7
-11549	4
12828	4
-6278	7
-11566	1
6174	13
-4129	7
12715	4
12871	7
742	7
-9599	4
7534	11
1756	9
-10780	11
4403	9
-10696	7
-9339	4
-9928	7
-719	4
-7863	4
-1428	7
-5564	13
20536	7
-3715	4
-10374	10
-10469	7
-11981	10
-10067	7
4599	9
4351	3
-10051	1
-6216	7
-10271	8
-11446	9
15730	7
-9321	7
-1500	7
9904	7
1059	4
7135	7
3517	4
-7436	4
-9477	1
-10127	12
19823	7
10823	4
-1995	2
-8149	6
7443	4
-11704	2
7853	7
-5282	10
9451	7
-11346	3
-7968	10
26400	7
6550	8
-10077	7
-15257	11
-6482	4
-10559	10
-12177	13
-2673	11
3611	2
-4735	4
11552	4
-4915	2
-6117	7
2775	10
3608	9
842	11
6354	4
25291	4
2872	1
15336	12
-11509	2
-4129	9
37253	4
2624	9
-7154	4
10566	7
-10737	11
-13138	7
8263	4
-6750	4
-12282	10
6637	4
8669	13
10347	13
92	7
-8766	7
37935	12
-12168	11
7121	9
12741	7
2934	9
7540	7
4478	7
3974	11
15280	4
-2627	2
-2644	7
-3929	11
-5731	13
-9412	5
-10528	2
-8484	4
4029	5
-5506	1
-10464	9
5726	1
2130	9
-10289	7
4706	7
5494	2
16008	12
-6872	1
-4990	7
-8637	7
-5590	1
-11606	4
-8460	11
-11244	9
-6067	9
-38	7
1056	4
2148	11
-11943	9
-12079	6
-6919	10
-6877	4
-10270	9
15218	9
-9995	7
1150	6
8977	2
-8275	2
17118	7
-9949	13
-12423	1
7006	4
5890	1
3507	7
17554	4
-9687	7
-1482	7
22896	7
