-24142	-31477
4367	2806
4066	2978
-1423	368
-14678	-3487
8526	5494
5606	1810
8174	3030
3477	1762
-22750	-27718
2519	1042
-15963	-9284
4017	5534
9407	2510
-968	2937
-602	632
-27046	-43394
-1261	2451
31668	5488
7895	3974
-929	-1459
892	198
248	653
4816	2527
4240	2694
-32846	-91299
7748	5526
192	5248
-20575	-14129
13069	3880
1213	5965
1572	124
-4761	1077
9278	4580
6143	4172
-8715	-5048
-1418	3352
-475	84
2463	5006
10687	3847
3933	1124
11438	3724
-13694	-6400
669	-61
-1719	-181
4945	2847
-745	3000
-5386	-3609
-31589	-26958
11776	3605
9511	3686
-7915	-2042
1672	2860
-5448	3237
7092	2184
3668	723
-123	2440
2691	5843
4285	5707
3833	3293
8373	3508
-19663	-1874
4956	2444
-2480	299
6765	1544
-26931	-36059
-5790	-2571
6000	2017
3086	2179
2253	2293
9480	5971
3939	5754
-77	2602
-1881	1212
-502	5895
6293	3067
-216	3088
1642	2612
-4361	30
2228	2293
-33379	-60569
5745	2449
3047	4223
-4761	-3132
-6193	-2178
-505	-1378
5991	3312
-4182	3414
5883	4255
-27459	5091
-19778	5913
8438	5391
-1931	-764
-4693	5845
-12522	-10320
11757	3956
773	1935
6961	2765
12044	5189
-1466	34
4088	2369
-9518	2499
7569	5815
-5598	-359
-1769	5660
1367	244
257	2271
4469	3635
3408	1368
-32803	-54352
-3720	-1264
2086	890
-27844	3321
105	1012
-2162	1971
10196	4224
1915	4265
2864	980
4990	1582
4379	3350
-8675	-5613
-4198	-2026
3209	1626
-524	321
-182	5512
2595	2095
1541	3397
1025	380
-1005	4008
-26378	-516
-627	1569
-502	1087
1428	2364
-10399	3689
3350	2917
4649	5402
44304	5994
-6177	-3178
4893	1916
6233	2973
5811	3008
530	1821
4422	2244
7942	2958
7169	3076
2988	3596
7848	3361
10435	5958
8400	2272
6624	2786
4307	654
4307	1906
521	2619
-62	3275
7963	2764
5425	1418
-6221	1005
1024	872
-994	-714
12747	4768
-41	2271
4759	5185
3771	3177
4277	5567
-1935	-2649
-209	1982
2283	5281
-1749	-733
6520	4314
2931	4980
5937	3152
-2211	1925
8989	5703
-1013	947
2526	1871
-2437	97
-1283	498
765	1293
9868	5823
-2837	1648
3877	4082
1614	3086
7907	2906
8267	5990
-35844	-63433
-10951	-4172
7913	5055
-18115	-13086
4857	5408
11533	3909
5671	2178
-33042	-45294
4039	2411
11156	5898
-176	728
4243	2641
5738	5331
-18591	-10882
201	1307
-6716	-2758
-30861	-52652
9952	3356
-34661	-43802
-2262	-955
3945	4916
4003	5398
-18176	-12219
4026	5327
-33536	3275
1540	1369
-1826	2673
-3554	-104
4225	1912
5067	2516
-9022	-1091
8439	2721
-5528	2518
7275	3504
3423	1373
8854	2868
-11258	-6853
-9548	-980
8242	3191
5009	2628
1663	1550
3036	2272
511	4526
5568	3306
1077	4106
7700	5970
-4692	5097
6540	5642
10636	5441
-15627	4947
-18098	-12275
360	1271
6308	3018
-4866	5247
-3801	1153
1254	1550
12408	4165
4192	1959
6053	2212
5262	2607
195	3849
5386	2490
11304	5987
-256	2592
-17166	-13980
-19371	-22082
3954	1361
1811	1833
604	5989
9364	3571
6140	2954
-8081	-124
3503	5412
10369	4275
4179	2530
4062	1675
3159	268
374	25
-1844	-310
9938	3538
3051	2658
-2486	-791
7153	5544
9821	5979
10836	3475
-8629	-3936
6479	5033
-4187	-3241
9674	3758
2700	891
35558	5585
6520	3900
-851	54
3472	1747
10681	3398
-3138	387
-3980	4733
2304	1154
5902	2350
-27069	-27566
-1297	707
7592	3248
-22396	-28717
-5304	5585
4128	2134
-7280	562
9365	3940
-488	1814
-1154	343
4651	4860
10566	2679
796	235
3658	802
-488	1643
6446	3332
2784	3883
7456	2805
-1975	1289
-28845	-41120
-5912	-3566
5632	3262
10498	3555
7347	3352
7185	2950
-1532	5196
-29651	-50726
-2515	-519
-1208	5359
-2070	2153
-12252	596
-1823	318
8530	5978
-15358	-6112
1812	5575
-2525	5466
7052	2750
2056	1741
-7693	-3035
3845	1358
7219	3152
-19550	-23616
483	4325
2500	2650
8984	3438
-1519	-474
-34222	-67134
-3521	-773
8791	2678
-4128	-764
7745	5949
5452	2640
1222	-615
-8827	-3296
-512	-256
294	230
-7804	-4560
-3237	-1631
2810	4359
-24753	-22849
-21342	-21866
750	4814
-2065	4145
1569	542
1279	51
4332	4985
-1782	1920
7347	2178
1086	5117
-14688	4886
-968	555
5593	5544
49207	5987
5907	4261
-247	5431
8106	4581
-7433	-1650
-791	795
7551	5487
10462	3087
7653	3352
-8707	-3669
2589	1436
-16861	4479
6166	2283
3085	3325
-2551	-3455
8626	3273
6932	5934
5903	4742
12453	4910
352	1124
4561	2964
-5673	3829
2522	2426
-4807	-4465
4835	2926
4642	5506
4991	3438
-747	-457
-52	2673
7921	2957
-17378	-7340
-7948	398
1635	5958
-10066	-4144
-27583	-29912
7421	2915
9988	3454
13448	4507
11781	3239
-6419	3715
-16298	4814
3999	1148
4755	533
2165	2747
4191	1591
3981	1448
-4696	-135
2564	1219
13377	4744
-3255	-1094
-8050	-8
6969	2356
5085	3299
1412	4935
10377	2782
1753	4641
-6767	-2678
5713	1725
-7124	-2244
4113	2691
679	3650
4008	2082
7536	3049
3324	1651
9637	5596
11402	4637
-5962	4367
2960	1359
-492	239
-2395	5359
-30247	-21576
3644	2118
8579	4376
5635	2887
6406	5640
-6193	-2978
5338	2518
3880	953
5253	2455
2203	1970
6705	2944
9253	2750
6349	3235
3296	933
-3061	4687
2218	5880
10705	3866
5716	2820
-610	193
1413	5090
-7952	4621
7520	3931
9746	5011
-2077	5912
-12325	-728
4208	2552
5580	3808
5729	2649
-15309	-12445
9511	3755
17472	4618
-34573	-69961
46	967
9921	2922
-952	1902
2039	4961
-20410	-1319
-1456	-1810
4575	2901
4433	872
4131	2245
9851	3717
9382	4483
4812	2337
916	2335
2898	271
-33200	-62765
-1549	1487
10260	5265
3833	3422
5455	3590
424	2907
13288	4026
8498	4031
4690	1773
-2895	-259
2659	1952
10559	5839
13063	3542
-5878	107
-5778	-2452
3557	5986
-20487	-26126
-16643	-7769
-12719	-9100
-4070	5545
-5427	328
4736	1645
-3136	-1398
2795	2052
7231	3801
-26686	-30212
875	575
3111	1736
1217	4314
1874	905
929	-185
5989	2160
9713	3266
-2977	1162
6482	3494
4638	2715
-34010	-52488
-8970	1491
13409	5762
1980	302
937	866
-1997	-1196
4095	3371
4764	2259
9911	2378
-3140	2788
7785	5834
7204	4108
8593	4811
-2810	-1480
-3966	-1194
1221	2455
-553	1566
6964	3196
2824	2169
71	2894
1972	5890
4784	2779
3083	3237
5515	5577
2829	542
3412	3564
9256	3114
-17770	-17515
8453	4054
2714	1869
1881	1383
-3166	-969
2170	1426
4711	2126
3537	1431
-2345	-1494
3380	5182
-3168	-1787
10127	3684
6595	3558
7304	2616
-5734	-2115
-26839	-25270
2095	1592
6080	3844
8908	2531
6122	2005
-2185	5983
-5440	-2216
10212	3477
4120	1848
780	1070
6135	2698
2890	3474
-694	369
7673	4112
-33938	-45941
-12789	-6001
-7738	5875
8462	5950
7770	3359
265	808
30034	5805
5451	2193
813	4609
-7716	5494
-2023	1715
9581	4496
9554	3767
-1418	-134
-31363	-36930
-2854	1521
4987	3153
7360	2945
-11301	-2828
10900	3221
11400	3848
-1191	-1178
13	4607
-2196	-214
-1334	-281
-1132	4655
-21165	-16915
-6605	-3596
2736	5980
2275	1228
5019	2800
6123	2474
2167	2343
3246	2190
-3923	4934
11373	3905
1552	4402
-6460	-1561
2119	3309
8588	2801
2675	1812
2217	3336
-3853	1470
-178	225
3832	4759
-1395	1606
-11478	-7275
8404	4735
3734	123
6324	5508
-534	-449
-32132	-9932
-2255	-193
-6260	4644
-2157	1419
-9850	3352
-32912	-46584
-2700	3786
-16456	-11919
-5532	-554
4109	1384
305	263
11102	5916
-807	644
-2998	-669
1034	5963
10027	3675
-2571	4507
-2899	-2633
2345	1850
340	5907
66	677
-14702	-8513
-6857	2958
-14148	-3444
-6385	-519
-1852	4715
5753	2604
5665	2681
2650	1499
1769	5794
1227	3645
-1024	5775
-4396	3976
3437	1802
-5785	-1870
2003	1349
-14493	-6177
803	1134
546	1236
36051	5670
-929	5915
10766	5879
-1072	-203
-13070	-1389
-2147	5590
1908	5959
9243	5022
301	463
-11107	-4765
331	3743
-3668	2658
-29186	-42486
5375	2959
440	1272
5224	5740
8890	4253
5918	2805
-4806	-2253
8588	2834
-12624	-7701
11282	3590
-2697	5981
11178	4014
32	677
-9932	5976
8820	3219
10113	2649
-11877	-489
3872	1591
3711	5423
-7757	-5326
-5341	-720
6859	2964
-6001	-3036
2134	2521
5877	5640
6186	5872
8882	3493
6443	3179
-2110	3870
-23058	-9478
6835	2675
-24782	-7854
7401	4737
3092	4949
11977	3518
-1876	5888
-290	4470
-3823	-1470
2283	1452
718	1808
8394	5795
876	1649
-5724	-3215
5365	2927
1881	2849
3994	2903
10548	3749
5378	3620
-6237	-2520
2141	285
-9632	-8772
-10403	-5041
9918	3169
1424	1852
-54	-408
509	5466
2169	1142
1183	3856
-2831	5953
-9732	271
1625	1234
1352	384
-2318	2489
2737	1110
3718	982
7115	5914
-7018	5578
871	782
-5275	-2709
6428	5963
-13860	-8204
7299	2944
2548	2512
-2938	5535
2341	5979
-5637	1451
-2659	206
8712	3333
-18524	-15995
3358	2383
1263	2725
-781	61
4726	2434
6714	5962
3352	5929
7585	4995
5636	5819
7580	2905
5809	5539
7392	2562
-25025	-30872
4518	2413
-25977	-26141
-6980	-4322
-5859	1952
9143	2886
-7496	2754
-25610	-11488
-13000	-10936
-2166	-923
1179	306
-8870	4920
4842	5990
8953	3466
-906	220
-6135	-538
2139	1575
-9704	-3463
-2184	5490
-2487	520
-2707	1530
-32795	-46583
-2449	1888
282	1093
-641	3836
2911	3371
11789	3599
5568	2380
4711	2038
3753	1788
-1536	2274
5964	2683
2801	5304
305	448
-21362	5976
-2907	5876
4381	2768
-389	3020
530	1171
6336	2796
4879	3675
-629	3991
8962	5301
719	1196
-280	2963
5582	3018
-5274	5072
3919	912
-31565	-37344
-7804	-1556
-11418	-4624
-5838	-3800
-9308	-5541
-2134	-1775
7247	3649
-3011	-471
37275	5663
3508	2205
6479	1752
9598	3571
-24069	-10547
-21196	-26001
1414	5881
1010	270
5457	5989
-8439	-4523
5047	3817
-527	443
9624	3334
1255	-390
-3921	-1462
8305	5928
3211	2289
7035	4669
-1982	-1004
4980	3984
3713	2451
2705	4829
-1653	1687
-9721	-5357
4316	2772
637	-468
4764	2696
50	4308
1371	1053
-25273	-1024
7420	4512
12529	5622
-450	348
-3854	2732
3708	2178
3556	3846
4938	4652
1317	5939
2069	5189
11259	3720
3382	2720
-26571	-31557
4542	1653
7691	5029
-640	2624
-4084	539
5623	3738
-8766	3157
2791	5700
8106	5166
7580	3975
230	1037
-5250	-2459
