0	-3414
0	3441
1	-3538
1	-3201
0	-3105
0	-3398
0	11612
0	-3465
1	-2482
1	-3444
1	-3171
0	-2821
1	-3579
0	-808
0	-286
1	-2857
0	-2300
1	-3522
1	-2781
0	-3136
0	-3246
0	-3502
0	-3200
1	-2781
1	-2883
1	-2589
0	-3480
0	-1988
0	198
1	-3587
0	-2758
1	-3133
0	-3347
0	-3418
1	-3500
0	-1565
1	-3060
0	-3190
0	-3263
1	9540
1	-1928
1	-3540
1	-1410
1	-2898
1	-3659
0	-3294
0	-1163
1	-3086
1	-2475
0	-2725
1	-2813
1	-2693
1	-3326
1	-3148
1	-3298
0	-409
0	-2853
1	-2699
0	-3447
1	-3036
1	-3340
1	-3192
0	-2539
0	-3189
1	-2555
1	-3446
1	-3274
1	-3408
0	-2877
0	-2900
0	-3758
1	-3241
1	-3057
1	-2881
1	-3470
0	-3215
1	-3409
1	-3016
0	-3392
1	-1910
1	-3010
0	-3356
1	-3442
1	-3300
1	-3035
1	4048
1	22527
0	-3073
1	-3293
1	-2965
1	40564
1	-3749
1	5280
1	-3397
0	-3296
0	-623
1	52113
0	-1764
0	-2291
0	-2616
1	-2735
0	-2807
1	-2872
1	-3536
0	-1809
1	4919
0	-3613
0	-2651
0	-3573
0	-2752
0	-3360
1	-3173
1	-1913
0	-2957
0	-2079
1	-2735
1	-3235
0	2558
0	-3540
0	-3275
1	-3453
0	-3073
1	51310
0	9801
1	-3443
1	-3661
0	-2213
1	-3325
1	-2409
1	615
1	-3566
0	-2022
0	-2204
1	-3334
0	-2318
1	22931
1	-3002
0	-3427
0	-1591
0	-3280
1	-3570
1	47478
0	-2236
1	-2889
0	32490
0	-3523
0	-2475
0	-3483
1	-3379
1	4746
0	-3380
0	-3183
0	-3121
0	-3630
1	-1855
1	-3628
1	-3017
0	-3361
1	-1615
1	-3393
1	-3135
1	-2782
1	-3262
1	-3059
0	-3290
0	4719
1	-3004
0	-3507
1	-3646
1	-3183
0	-3277
1	-3471
1	-3346
1	-3278
0	-2421
0	-3296
1	-3486
0	-1998
1	-3262
1	-2948
0	-3472
0	-3228
0	-3129
1	-3100
1	-2901
0	-3230
1	-3033
1	373
1	964
1	-1080
1	-3086
0	-3224
1	-3060
0	-3437
1	-3293
1	-1759
1	-2828
0	-3196
1	-3490
1	47622
0	11380
1	546
1	-3355
1	-3644
1	-3369
1	-3389
1	-2880
1	-3053
0	-3433
1	-2746
1	-2953
1	-3557
1	-1243
0	-3558
0	-3261
1	-2915
0	-3048
0	-3444
1	-3414
1	-1966
1	-2339
1	-3181
0	-3632
1	5749
1	-2352
1	-2629
1	-3374
1	-3207
0	-3125
0	-3242
1	-2931
1	-2566
1	-3259
0	-3324
0	52194
1	-2773
1	-2457
1	-3015
1	-937
1	10414
1	-2537
0	52005
1	-1242
0	-1395
1	-1430
0	-3447
1	-3249
0	-3301
0	-2660
0	-2954
1	3324
0	-3020
0	-1240
1	-2892
1	-3261
0	-3268
0	-3391
0	-3487
0	-1494
1	-3000
0	51981
1	-2882
0	-3422
1	-3021
1	-3232
0	-3246
0	-3248
0	-3138
1	26807
0	39825
1	5698
1	-3469
0	-2552
1	-3547
1	-3391
1	-2469
0	41142
1	10805
1	-2890
1	-3288
1	-3148
0	-3706
0	-2869
1	-3541
0	-3587
0	106
1	-3414
1	-2988
1	-3086
0	-3227
1	-3580
1	-3431
1	-3371
0	-3449
1	-3332
1	-3574
1	-3158
1	-3460
0	-3503
1	-3254
1	-3247
1	-3070
1	-3072
1	139
1	-3050
1	5464
0	-3356
0	-3179
1	-3597
0	-2888
0	6480
0	-3228
0	-2975
0	-2654
1	-3261
1	-3220
1	-3212
1	-2913
1	11259
0	-3259
1	-3395
1	-3321
1	-3102
0	-2850
1	37940
0	-1903
1	-3493
1	-3588
0	-2905
0	-3190
0	-1600
0	-2474
1	-3595
1	-3421
0	-3251
0	-3010
1	-233
0	48975
0	52198
1	-2214
1	-3316
1	-3086
1	-2986
1	11462
1	31776
1	-3443
0	-3441
0	-3540
0	-3435
0	-3152
0	-2602
1	-3478
1	-3529
0	-2152
0	-3376
1	-3259
1	-2339
1	-3513
1	-3253
1	9103
1	-2679
1	-3366
1	-2979
1	4419
0	3273
1	-3333
1	-3000
0	-3223
1	-2757
1	20654
1	-3698
1	-2806
1	-3560
1	-2509
1	-2934
1	49386
1	10871
1	-3344
0	-2896
0	-2487
1	-2967
1	-1456
1	-3256
0	-3688
0	11481
0	-3158
0	4314
0	15646
1	-3339
0	4463
1	321
1	-3218
1	4003
1	-3576
0	-2620
0	-3511
0	-3400
0	-3374
1	-3389
0	-3437
0	-3488
0	-3445
1	-2520
1	-2942
1	-3326
0	-3169
0	-1846
0	-2746
1	-3075
1	-2360
0	-2062
0	-3478
0	-3029
1	-2912
1	-3533
1	25552
1	-3618
1	-3377
1	-3229
0	-2830
1	3334
1	-3628
1	-3637
0	-2852
1	-3062
1	-3499
1	-3670
1	-2403
0	-2731
1	-3183
0	-2977
1	-3041
0	-2169
0	-3199
1	-2257
1	-2745
0	-2567
1	-3343
1	-3533
0	1072
0	-3390
0	-3348
1	-3431
0	-2774
1	-3005
0	-3287
1	-3347
1	-2199
1	-3505
1	-2742
1	-3631
0	-846
0	61
1	-2730
0	2874
0	-2930
0	-3131
0	-3337
0	-2654
0	-2630
1	-3016
1	-3501
0	-3044
1	51636
1	-3797
1	-2046
1	41127
0	-3394
1	-3255
1	-1990
0	-3185
0	-2750
1	-1720
1	-630
1	-3600
1	-3411
0	42713
0	-2730
0	-1699
0	-2812
1	-2968
0	-3410
1	-3028
1	-3095
0	977
1	-3438
0	-3098
1	-3119
0	-837
1	-3598
1	-3376
0	-2447
0	-3734
0	-3420
1	988
1	-3139
1	-3227
0	-2007
1	-2822
0	-2750
1	-2959
1	-2797
1	-2675
0	-2980
0	-3559
0	5356
0	-3245
1	47611
0	-3445
0	-3424
1	-3463
1	-2534
1	-3423
0	-3490
1	-623
0	34626
0	1027
0	-3452
0	-2509
1	-3568
0	-2975
1	-3259
0	-2749
1	-2604
0	-3554
0	-3697
1	-2411
1	-3147
1	-3400
1	5222
0	-3521
1	-2776
0	-3034
0	-3120
1	-3257
0	-2030
1	-3306
1	-3355
1	-3187
1	-3123
0	-2312
0	-3163
0	-3232
0	-3645
0	-3289
1	-3320
0	-3333
1	-3351
0	-2049
0	5524
1	-3153
0	-3681
0	-3335
1	-3181
1	-2600
0	16979
1	-3216
0	-3513
1	-2936
0	-3246
1	-3574
0	-3284
0	-3319
1	-3441
1	-3204
1	-1135
0	-3552
0	742
0	-3160
1	-3140
1	-3287
1	-3247
0	-2227
0	-3200
1	-2822
1	-3015
1	-3116
1	-2139
1	-3544
0	-3001
1	-3234
1	-2528
1	-2673
0	-2838
0	-2174
0	14513
0	-3175
0	-3666
0	-3487
0	-2907
0	51860
1	-2093
0	52173
0	-3456
0	-2503
0	-3592
0	-2725
1	-1768
0	-3172
0	18585
1	-3577
0	-2587
0	-3156
1	-2867
0	-3293
1	11020
0	-3623
1	-3068
0	-3634
1	-3336
0	-2817
0	-3451
0	6510
1	-1208
1	-3336
1	-3314
1	-3239
1	-3444
1	49463
0	-2141
1	-3191
0	-3312
1	-2925
0	-3375
0	-2982
1	-3002
0	-3360
1	-3181
0	-3122
1	-1683
0	-3204
1	-2497
0	-1502
0	-3087
1	-169
1	-3358
0	-3002
1	-3501
1	-3226
1	-3187
1	-2406
1	-3447
1	50709
0	8610
0	-2902
0	-3049
0	5286
1	50805
1	-2758
0	-2571
1	-3277
1	-3408
0	-3030
1	-2742
1	7667
0	-3004
0	4631
1	-3510
1	-2527
1	-2604
0	-3009
0	1620
1	-2395
1	-3436
1	-3289
0	-3386
1	-2663
0	-2977
0	5657
1	-3560
0	-1647
0	26699
0	-3254
0	-3624
1	-3372
0	-2231
1	-2694
1	-2802
0	-3473
0	-3418
1	-3301
0	544
0	-2869
1	-3280
1	-3126
0	4455
1	-2762
0	-2984
1	-3221
1	-2979
1	50935
1	-3500
1	-3278
0	-3428
0	-3513
1	-3372
1	-2882
0	-267
0	-3144
1	-271
1	-3472
1	-3200
1	42095
0	49706
0	12622
0	-3007
0	-2852
0	-3321
1	-3249
0	-3097
0	-1188
1	8393
0	-854
0	-3560
0	-3325
1	-3347
0	-3617
0	3684
1	-3409
0	-3447
1	-3126
0	-3277
1	-3145
0	-3536
0	-1956
0	-3489
1	674
1	-1996
1	-3375
1	-2765
0	-1101
1	-3010
0	-2919
0	-2407
1	-3193
1	10842
1	-2555
1	-3173
0	-3125
0	-3113
1	-1272
1	-3393
1	-3214
0	-3263
1	-2915
0	-2652
1	-2235
0	-3465
0	-2051
0	-3473
0	-3229
1	160
1	-3380
0	-2842
1	-3342
0	-3517
1	-2940
0	-1329
1	-3241
1	-3485
0	-3636
0	-2672
1	-2970
1	-801
0	-3334
0	-3380
1	-3006
0	-3595
0	-3077
1	-3182
0	-3516
1	-3355
1	4333
0	40127
1	7163
1	-1937
0	43632
1	-3077
0	68
0	-3686
0	45537
0	-1737
0	-3565
0	-3189
0	-1742
0	-3509
1	-3133
1	-3188
1	-3265
1	-2598
1	-1690
1	-3280
1	-2318
1	2498
0	-3573
0	-2875
1	-3339
0	-3002
1	-3522
1	-3102
0	36044
1	47429
1	-3017
0	-2957
1	-2575
1	-2634
1	-3515
0	-3182
0	-2904
0	-3362
1	-3740
1	-3207
1	-3439
1	-3428
1	-2804
0	-3544
1	-3713
1	407
1	5527
0	-2482
1	-3485
1	-3037
1	8474
1	2077
1	-3065
0	-3088
0	-3654
1	-2345
0	-3119
0	-3211
0	-2384
1	-3653
0	-3339
1	-3458
1	29936
0	-3433
1	-3491
0	-3185
1	-3203
0	-3176
1	-2546
0	-3265
0	-2788
1	5025
0	-3494
1	-3311
0	-2990
0	-3033
1	-1280
0	-3141
0	8383
0	-3800
1	-3121
1	-3183
1	-2881
1	-2784
1	-3469
0	-2998
0	-3523
0	1019
1	-2664
0	-3645
1	28190
1	-3088
0	-3091
1	-3482
0	-1856
1	-3174
1	-2837
0	51113
0	-2969
1	4
1	-3261
1	-2912
1	-3532
1	-3246
1	-3240
0	-3020
1	-3180
0	-2742
1	-2253
1	-2819
0	-3167
0	-3277
1	-2775
0	-3506
0	-3414
0	-2880
1	-3732
1	-3440
0	-3638
1	-3013
0	-2548
0	-3569
0	-3412
0	-1647
1	-2102
1	-2569
1	-3757
1	-3417
0	-3345
1	-449
0	-3095
1	-3379
0	-3562
0	29221
0	-172
0	-2823
0	-3487
0	13167
1	-2953
1	-2982
0	-1529
0	-2803
0	-3138
0	-3231
1	47544
1	-3010
1	-2730
0	-3528
1	-2864
1	-3093
1	-2614
0	-3110
1	-2502
1	-2333
1	2402
1	-3711
0	-3348
1	5335
1	-2991
0	-2725
1	-3623
0	-3336
1	-3219
0	-2703
1	-3392
0	-2542
1	-1957
0	-2920
1	-3169
0	51915
1	-3157
1	-3009
0	51375
1	-3030
1	-3483
1	-3419
0	-3339
1	-2975
0	-2982
0	5795
1	-3309
1	-2767
0	-1710
0	-3220
0	-2353
0	-1666
0	-3311
0	46529
0	-3576
0	-3523
1	-2655
1	-3204
1	-3378
1	-3089
1	-2760
0	-1455
1	-3298
0	-3360
0	7199
1	-2701
1	-3163
0	-3659
0	-3071
1	-1761
0	-3166
1	-2335
0	-3339
1	-3557
1	4500
0	-1798
0	-1926
0	-3267
1	-2941
1	-3377
0	-3275
0	-3022
1	-3317
1	-3289
0	6411
1	-3227
0	-2768
1	-3694
1	-3532
1	4501
1	-3345
1	-3099
1	-3328
1	-3413
0	-3277
1	-2824
1	-3469
0	-2848
0	-3157
0	-2204
0	-2858
1	-2981
0	-3773
1	-3425
1	-2480
0	-3086
0	-2591
0	-1748
0	-3193
0	-3204
0	-3233
1	-3080
0	-2691
1	-3554
1	-3185
0	-3114
1	-3008
0	-3132
0	-3590
1	-3220
1	-1076
1	-3503
0	-3252
1	-2858
0	-3473
1	-3403
0	-2818
0	-2127
1	-2811
0	48239
1	47124
1	-3500
1	-3401
0	-3600
0	-2733
0	50272
0	-3512
0	-2937
0	-3212
1	12211
0	-3115
0	-1333
0	-3172
0	-3228
0	2790
1	-3200
1	-2473
0	-3382
1	-3238
1	4078
0	-2887
0	-1489
1	-2458
1	-3684
1	-2266
1	-3456
0	4816
0	2915
0	-3293
0	-3461
0	-2674
1	-3374
1	-3564
0	-3271
1	-2170
1	-188
1	-2185
1	-1847
1	-3321
1	-3742
0	-1293
1	-3012
1	-3584
1	-2678
0	-702
1	-2362
0	4259
0	-3262
0	-3258
1	-2905
1	-2787
0	-3147
1	-3422
1	-3140
1	-3440
1	-2107
1	-3425
0	-2891
1	-3233
1	-2708
0	-3462
0	-2952
1	-2008
0	-3481
1	-2944
1	-3335
1	-3353
1	-3281
1	-821
0	44050
1	-2654
0	-3115
1	-3321
1	-480
1	-3434
1	-1001
1	51706
1	-3044
1	-3475
0	-2824
1	-2970
0	-3173
0	-3405
0	-3177
1	-3356
0	1743
1	20260
1	-274
1	382
0	591
1	-3272
0	-2826
1	-2601
1	-3018
0	-3113
0	-3170
0	1223
1	13065
1	2944
0	-2599
1	-2364
1	-3425
1	-3652
1	-2820
0	-3505
0	-2686
0	32472
1	-3385
0	-1396
1	-3262
1	-2895
0	-2929
0	-3239
1	6173
0	-3363
0	-3179
0	-1723
1	-2993
1	-3424
1	-3272
0	2746
0	-3056
1	-2622
0	-3394
1	-3145
0	-3544
0	-3356
1	-2185
0	-3240
1	-3255
1	3451
1	11106
1	-1861
0	-3262
0	-3214
1	-3165
0	-3206
0	43291
1	-1724
1	-3422
1	-3654
0	-3544
0	-3075
1	-3235
1	-3395
0	-3469
1	29226
0	-2298
0	-3060
1	-3027
0	-2724
1	-3460
0	-3396
0	-3560
1	-2322
1	-2736
1	-2388
1	-3072
1	-3093
0	-2812
1	-2648
1	-3590
1	-3482
1	-2949
1	42798
1	-3087
0	-3663
0	-3022
0	-3221
0	-3440
0	-2825
0	-2572
0	2285
1	-3240
0	15272
1	-3215
1	-3418
0	-3373
1	-2838
1	-3465
1	-2393
0	-3402
1	14061
1	-2653
1	-3232
0	-3578
1	-3585
1	3973
1	-3293
1	-3165
0	-2390
1	-498
0	-3461
1	-2611
0	-3251
0	-2222
0	-2821
1	-3478
1	-3471
1	-3090
1	-3243
1	-3290
0	-3257
1	-2386
0	-3098
1	-3196
0	-2792
0	-3068
0	-2343
0	-3458
1	-3383
0	19151
1	-3503
1	-3064
1	4766
1	-2579
0	-2307
1	-3308
1	-3224
1	-3257
1	-3385
0	-3262
1	-3459
0	-2975
1	40724
1	-3290
1	-3354
1	-3584
0	-3207
1	-3146
0	-2179
1	-3240
0	-3003
1	-3179
1	-2907
0	-2500
1	-2764
0	-3257
1	-3021
0	-3496
0	51353
1	-2593
1	950
0	-3098
1	47775
0	-2730
1	7526
0	21
1	-3239
1	-3206
0	-3184
1	-2788
0	52194
1	2631
1	-1652
0	1194
1	-3581
0	-3039
1	-3288
0	-3359
0	-3459
1	51124
1	-3607
0	-2037
0	-3601
0	-3485
1	-3057
1	-3269
1	-3321
1	-751
1	-3439
1	-2797
0	-3277
1	-3486
0	-3073
1	-2993
0	-2869
1	-2684
1	9742
1	-3549
1	-3060
1	-3268
1	-3027
0	-2667
1	-249
1	-2960
0	-2650
1	-3150
1	-3639
0	-3127
0	-3136
0	-3020
1	-3232
0	-3414
1	-3184
1	-3295
0	-2659
1	461
1	-3342
1	-3116
0	-3346
1	-2923
1	-3566
0	-2723
1	-2814
1	-2209
1	-3406
1	13290
1	5701
1	4893
1	-2721
0	-3139
1	-3288
1	-1678
1	-3331
0	-2958
1	-3281
1	-3155
1	-3033
1	-3345
1	-3377
0	-3056
0	-3590
1	-3218
1	-2937
0	-3070
1	24084
1	43844
0	-602
0	-3122
1	-3481
1	-3398
1	-3322
0	8544
1	-3369
0	-3677
1	-2258
0	-3403
1	-3231
1	-3206
1	-2166
0	-3457
1	-2824
0	-3339
1	-3569
1	-2611
0	543
0	-3425
1	-2026
0	-3405
1	-3412
1	-2542
1	-2186
0	-3687
0	-3143
1	-3111
0	-1386
0	-1598
1	-2182
0	-3599
0	-3435
1	-3125
0	-3118
0	-3081
1	-733
0	-3435
1	44019
1	-2053
0	12237
1	-2521
1	-3185
0	-3427
0	-2621
1	-2975
0	-3458
1	-3259
0	51304
0	-2394
1	-2882
1	-3498
1	-2948
1	7529
0	-1845
1	-2801
0	-3429
0	-3769
1	-1520
1	-2404
0	-2833
1	-3363
1	-2375
1	-3074
0	8391
1	-3479
0	-3370
0	-3433
0	-3239
0	-1124
1	-3552
1	-3175
0	-2807
1	-2464
0	-3330
1	-3397
0	-1990
0	-2574
1	-2949
1	-3485
0	-3059
1	-1646
1	-3067
0	49054
0	-3214
1	-3521
0	-3034
1	3235
0	-2834
0	-3112
0	-2891
1	-3287
0	-2213
0	-3524
0	-3250
1	-3328
1	2480
1	-3654
0	6669
0	-3355
1	-3471
1	-2482
1	-2275
1	-3014
1	-3247
0	28208
0	-3429
0	6692
0	18889
1	-3511
1	-3065
0	-2251
1	-3781
0	41207
0	-3337
0	-3181
1	-2224
1	-2845
1	-3061
1	-3343
1	-3240
1	2527
0	-3493
1	-1734
1	-1687
1	11381
0	-1412
1	-3215
0	-3439
0	-3272
1	50900
0	-3309
1	-2717
1	-2889
1	1708
0	-3151
0	-3119
1	-3047
1	-3541
1	-3346
1	-3390
1	-2610
0	-3011
1	-3197
1	-3161
1	-352
1	-3388
1	-2608
1	-2674
1	-3504
0	-2266
1	-3017
1	-3699
1	-3041
0	-3221
0	-3208
1	-3427
1	-1839
0	-2973
1	-3632
0	-3557
1	-3438
0	-3156
1	-3048
1	-3541
0	-3016
1	-3431
1	7047
1	-2837
0	-2563
0	16053
1	-3245
1	-3438
1	-2934
1	-3374
0	-1133
1	47537
0	-3508
1	-3284
0	-3656
1	-3285
1	-3014
0	-2543
1	-3253
1	2438
1	-3488
1	-2931
0	-2687
1	-3210
1	-577
0	-1620
1	-3297
0	-3228
0	-3335
1	-3280
1	-3496
0	-2522
1	-2510
1	-3101
0	-3154
1	-3186
1	-2292
1	-3498
0	-3525
1	-3462
1	-3238
1	14739
0	13672
0	-3205
0	-3539
1	-3324
1	-3170
0	-3456
1	-3110
1	49500
1	-691
1	-3391
0	-2970
0	-3318
1	-3136
1	14480
0	-3288
1	5541
0	-2774
1	-3121
1	11678
1	-3274
0	-2505
0	-2507
1	-229
0	-3041
0	-3619
0	-2789
0	-2826
0	-3463
1	-3218
0	-2091
1	-1215
1	-3178
1	-3088
0	-3110
0	-3284
1	50212
0	-3581
0	-3325
1	921
0	-2795
1	37070
1	-3694
0	-2724
1	-3596
1	8199
0	2250
1	-1289
0	39264
0	51541
1	-2680
1	-3310
0	-2807
1	-946
0	-3169
1	-3259
1	-2558
1	-2970
1	43981
1	5601
1	3235
0	-1555
1	-2962
0	-2787
1	-3613
1	-3061
0	-3292
1	405
1	-3479
1	1693
1	-2584
0	-3498
1	-3028
1	-2921
0	-2848
0	-3227
1	41724
0	-3257
1	-3088
0	-3371
1	718
0	43018
0	-2583
1	-856
0	-2246
1	-3146
1	-1325
0	-3105
1	-3189
1	-1381
1	-3509
1	-2882
1	-2358
1	6471
1	-2001
0	-3478
0	-2979
0	-3210
0	-3655
1	-3207
1	-2630
0	-3417
1	-2937
0	-2997
0	-3225
1	7637
1	-3061
1	-1713
1	-3105
0	24875
0	-3449
0	412
0	-3032
1	-1412
1	-3535
0	-3374
0	-3301
0	-3140
0	-2969
1	-3009
1	-3605
1	-3412
1	-3458
1	-1501
1	-2923
1	-3252
0	-3015
1	-3306
0	-2947
0	-3601
0	-3334
1	19455
1	-3398
1	-3028
0	-2748
1	-3478
0	-3633
1	-3281
1	-2859
0	-2952
1	-1247
1	-2866
1	21310
1	-3081
0	-798
0	-3219
0	-2042
1	-2733
0	-2350
1	-2508
1	-2978
1	-2672
1	-2658
0	-2970
1	-3002
1	-3235
1	-3272
1	-3176
1	-3251
1	-3362
1	-2192
1	-3377
1	-3543
1	-3250
1	-3047
0	-3313
0	-3501
0	-383
0	-3292
0	-612
0	51372
1	-3391
1	14892
1	-3429
1	-3424
0	-3340
1	-3479
0	-2358
0	-3168
1	-2964
1	-3378
1	-3194
1	-3558
1	-2135
1	-3036
1	-2942
1	-3693
1	-3125
0	126
1	-3538
0	-3083
0	-1697
1	-2993
1	-2432
1	-2950
1	1415
0	39713
1	-2932
1	-3359
1	-2959
1	-3308
0	-2885
0	-2326
0	-3693
1	-2630
1	-3187
1	-1738
0	-3507
1	-3432
1	-3528
1	-2690
1	-2067
1	-2034
0	-3593
1	-2085
1	-1679
1	-2344
0	-3007
1	-3716
0	-3239
1	-271
0	-2677
1	-3415
1	-3560
1	-3632
1	-3577
0	24175
1	12237
0	27495
0	-3280
1	-2634
0	-3132
0	-2362
0	-2614
0	-3457
1	-3064
0	-3340
1	-2077
1	-3390
1	-3567
0	-1922
0	-2244
0	-2468
1	26315
0	-244
0	-2560
0	-3282
1	-2398
0	11673
0	-2927
0	-3492
1	-3448
0	-2671
0	-3742
0	-2253
1	-3515
1	-2735
1	-3009
0	-2439
0	-2752
0	-3283
1	-2716
1	-1836
1	-3158
0	-2696
1	-2986
0	-3467
0	-3304
1	-3338
1	-3492
0	-2909
1	-2318
1	-3433
1	-3056
1	-3043
0	-3429
0	3330
1	-3621
1	-3113
0	-2949
1	-3703
0	-2000
0	2860
0	-2939
0	-2654
0	-2841
1	6658
0	-2596
0	-970
1	-3195
0	-3592
0	-2818
0	-3613
0	-2424
0	-2182
0	-2516
0	-2351
0	-3250
1	-2200
0	-2761
1	-3652
1	-1051
1	13053
1	-3194
0	-2925
0	-3166
0	-3361
1	28230
0	-3127
1	-3382
0	-1605
0	-3232
0	-3162
0	-2989
1	-1890
0	17035
1	-2838
1	-3347
0	-3499
1	-3596
0	-3301
1	-2823
1	-3448
0	-3402
0	-3484
1	-1797
0	-2515
0	43189
1	2253
0	-3236
0	-3127
1	-3448
1	-2095
1	-1258
0	-2776
0	-3100
1	-1559
0	-3569
0	-2800
0	1727
0	-2204
0	-2500
0	-3291
1	-2651
0	-2402
1	-3534
1	-3300
1	-2513
1	-942
1	-2855
1	-1973
0	-3617
1	-3267
0	-3258
1	-3460
1	-3508
0	-3374
1	-3469
0	-3097
0	-3228
0	-3535
0	-3135
1	-2542
0	-2785
0	1732
1	-3410
0	-1576
0	-1747
0	-3196
0	-3517
0	-3008
1	-2798
1	11586
0	-194
1	-3547
1	-3546
0	1756
1	-3041
0	-3037
0	11543
1	-3352
1	-1627
0	-3364
0	-3616
1	-3044
1	9616
0	-3037
0	-3149
0	-3413
0	-3169
1	-2258
0	-3395
0	-3417
0	-2498
1	-3479
0	-3431
1	31392
1	-3268
1	-1645
1	-3303
0	-3387
1	-2410
1	-3068
1	-1017
0	-3288
1	-3382
0	-2479
1	-3287
1	-2827
0	-2919
1	16034
0	1024
1	-3664
0	-2998
0	-3443
1	-2389
1	-3429
1	44212
1	-2702
1	-3213
0	27768
0	-3366
0	1203
1	-2257
0	-2776
1	-3636
0	47575
1	-2797
1	-2914
0	1798
0	-2944
0	-1835
0	48904
1	-3265
0	-1575
1	-3068
1	-2991
1	-2913
0	-3627
1	-3487
0	-2942
0	-2375
1	-3284
0	-1518
0	-778
1	-2168
1	-3385
1	-3038
0	-2656
1	-3526
0	-3380
0	-3184
1	5101
0	-2394
0	-2633
1	-2322
0	-3254
0	-3393
1	-2791
0	-2113
0	2078
0	-3560
0	-3154
1	-1222
0	1683
0	-2712
1	-3153
0	-2421
1	-3287
0	-3320
1	32372
0	41807
0	-2672
1	-1544
1	-2086
1	-1074
0	-3094
1	-3112
0	10408
1	-3248
0	46654
0	-3409
1	-2893
0	-2096
0	-3441
1	-2895
1	-2984
1	-2650
0	-2876
0	-2113
1	-2652
0	-3347
0	-2139
0	-1879
0	-3229
0	-2912
0	-2243
0	-2882
0	-3369
1	-3587
0	-3292
1	-3720
0	-3267
0	-3507
1	-3048
1	-2682
0	-3295
0	-2428
1	-3496
1	-3628
1	-3662
1	-3020
1	-3568
1	-2687
1	-2415
1	-3338
1	-3077
0	-2520
1	-3312
0	1161
1	-3348
0	-2987
0	-2923
1	-3112
1	-2871
1	-3015
0	-3640
1	-3151
0	-3184
0	-2570
0	-3479
0	-2747
0	-3523
1	-3178
0	-3150
1	-2364
0	1790
0	-3257
1	-2593
0	-3264
1	-2219
1	-3546
1	-2579
0	1132
1	-3225
1	-2944
0	-3198
1	-3182
0	-3276
0	-2856
0	-1636
0	-3149
0	-3209
1	-3449
0	-2974
1	-3434
0	-3333
0	-3208
0	-3389
1	-827
0	-2913
1	-2580
1	-2674
1	-2796
1	-2632
1	-3295
0	-3284
1	-3554
1	-2381
1	-3282
1	-2877
1	-3106
0	-3680
1	-624
1	-2599
0	-3391
1	-3523
1	-1691
1	-2650
1	2074
0	-2666
0	42210
1	-3142
1	-1892
1	-3087
0	42013
1	-3616
0	8
0	-3546
0	-3576
0	-2616
0	22433
1	-2991
1	-3174
0	-2508
0	-3421
1	-2772
0	-2597
1	-2593
0	-3345
1	-1957
1	-3353
1	-3287
1	-2791
1	-3609
1	-3004
0	-3647
1	-2481
0	-3085
0	-2744
0	-1832
1	-2126
1	-3469
0	-3242
0	-3063
1	-3290
1	3493
0	-3206
0	-2936
1	49657
1	28620
1	-3158
1	-3530
1	-1630
0	-3012
1	-3336
0	9986
0	-3166
0	-2494
1	35734
0	-2705
1	-3510
1	-2731
0	-2856
1	928
0	-1812
1	-119
0	-2910
1	-1455
1	-3324
1	-3002
1	-3337
0	391
1	-3356
1	-1742
1	-3360
1	-3135
0	-3403
0	-3245
0	-2838
0	-2750
0	-3479
1	-3593
1	-2973
0	-3195
1	-1251
0	-3565
1	-3380
0	-3069
0	-2140
0	-2895
1	-3326
1	-1967
0	-2358
1	-3147
0	-1216
1	-2843
0	-3021
0	-2539
1	2813
0	-2943
0	5071
1	-2502
0	-3468
1	-2907
0	-3648
0	-3169
1	-2239
0	-3263
0	-2193
1	-3310
0	-3403
0	-251
0	-3458
0	-3233
0	-2341
1	-3020
1	-3225
0	-3555
1	41863
1	-3468
0	-2651
0	-3386
1	-1889
0	-2812
0	-2996
1	-1615
0	4128
1	-3136
1	9475
1	-3182
1	339
1	-3494
1	-3319
1	-2715
1	-3482
0	-3692
1	-3228
0	51868
1	-1987
1	-2648
1	-2849
1	-2482
0	22662
1	-772
0	-3513
1	-2372
0	-2693
0	-2041
1	-2941
1	-3170
1	-2712
1	-3438
1	-2773
0	51132
0	-2506
0	-3412
1	-3082
1	-3394
1	-3096
0	-3055
1	-1871
1	-715
0	15247
1	-3353
1	4150
0	-2744
1	-3067
1	-3442
1	1500
1	-3202
0	-2563
1	-3207
0	-3516
0	-1058
1	-3651
0	-2236
0	-2628
1	-3361
1	-3144
1	737
0	-3255
0	-3456
1	-3355
0	-1963
1	-3081
0	45698
1	-3112
0	-3545
1	-3079
1	-3072
1	-2952
0	-3241
1	-2523
0	-2801
1	-3093
0	-3522
0	-3129
0	-2762
1	-3020
0	-3355
0	-2707
0	-3306
1	-2834
1	-2805
0	-3277
0	-498
0	846
0	-2459
1	-3234
0	-3581
0	-3252
1	-2641
1	-3167
0	4191
1	8788
1	-3407
1	-3354
0	-3639
0	-2511
1	-2684
1	-3273
1	-2814
1	-3089
1	-3469
0	-3639
0	-3577
1	-989
0	-2567
0	-3298
0	-975
1	-3211
0	-3323
1	-3128
0	48371
1	-2264
1	-2844
0	-2874
1	-2457
1	-3178
1	1605
0	25718
1	-2142
1	-3635
0	52133
0	-3738
1	-2013
1	-2937
0	-2645
0	-2803
1	43522
1	34731
1	35711
0	-2591
0	-2997
1	-3508
0	-3610
0	855
1	-2883
1	-2580
0	-3425
1	-1487
1	-3328
0	-1297
1	-1919
1	-2928
1	6685
1	-3516
0	-2864
0	-3388
1	-3496
1	-3354
1	-3506
0	-3458
1	-2982
1	-3273
1	-2276
1	-3080
1	-148
1	-3250
0	-3558
1	-2146
1	-3367
1	-3041
0	-2879
1	-1465
1	-1217
0	-2952
0	20361
1	-2931
1	6863
1	-2531
1	-3337
0	-3414
0	-2337
1	-1653
0	-129
1	-3292
1	-3510
0	-1964
1	-3588
1	-3325
1	-3529
1	-3006
0	-3222
0	-2556
1	-3157
0	-2579
0	-3114
1	-2575
1	-3233
0	-3157
0	-3132
1	-1716
1	-2867
1	2173
0	31262
1	-3452
1	-3160
1	-3044
1	51584
1	-2814
0	-3067
0	-3092
1	-1462
1	3927
1	-3495
1	-3321
0	-3199
0	51204
1	-3231
0	-3302
1	-2916
0	-3350
1	-3465
1	-2514
1	-3360
1	-2181
0	-1373
1	-3295
0	-3213
1	36377
1	-3198
1	-3592
0	40192
0	-3492
0	35325
1	-3047
1	-3440
0	-3501
1	-3553
0	-897
1	-1775
1	-3414
0	-3210
1	-2749
1	-3363
1	-1496
1	-3273
1	-2628
1	-1049
0	-3167
0	-3540
0	-2994
1	-3019
0	-1113
1	-3465
1	-3207
1	-2191
0	48799
1	25337
1	-3603
1	-2436
0	-3094
0	-1623
1	-3321
1	37806
0	-3006
1	-3500
0	-2014
1	-3327
1	-2923
0	-2148
0	-2879
1	-3420
1	45298
1	-3243
1	33449
0	-3594
0	-3097
1	-3438
1	-2585
1	-3189
1	-3075
1	49557
0	-3180
1	-3292
1	-3028
0	52178
1	-3282
1	-2093
0	51511
1	-3185
1	-2957
0	-3479
1	-3430
1	-2921
1	52225
1	51694
1	-3341
0	-2530
0	-2881
0	-235
0	-3627
1	-3086
0	-3158
1	-6
0	-3377
1	-3355
0	-3693
1	-3005
0	-2707
1	-3386
1	-2911
0	-3493
1	-2951
1	-2657
0	7364
1	-2790
0	-3336
1	-3001
1	-3286
0	-3469
1	-3037
1	-2779
1	-2850
0	-3240
0	-1484
0	1144
1	-3362
0	-3151
1	-1781
0	-2996
1	43975
1	-1556
1	-3075
0	-1899
1	-2487
0	-3522
1	-3245
1	-3518
0	-2421
1	-3053
1	25177
0	-3630
1	-1554
0	-3110
1	-3070
0	-2409
0	-3120
0	-3587
1	-3385
0	-2481
1	-3576
1	-2868
1	-3059
1	3630
0	3899
0	-3521
1	-3085
0	22110
1	-3396
0	5816
0	50869
0	-284
1	-2467
1	-2915
1	-3381
0	-3578
1	-2881
1	-3300
1	-3369
0	1939
0	-3423
1	-2025
0	-3678
1	-2796
0	-3461
0	5940
0	-3359
0	-3024
1	-3125
1	-3043
0	-3097
1	-3218
1	-3584
1	-3071
1	-2124
1	-647
0	-3341
1	-3387
1	-3076
1	-2031
0	-3348
0	-3497
0	-3524
1	-3393
1	-3205
1	-3177
0	-1931
1	-3372
1	-251
0	-3576
1	-2169
1	-2743
1	-3317
0	-2995
0	-534
0	-3456
0	-3023
0	-2405
1	-1248
0	-3420
1	-366
1	-3638
0	-3309
1	-3186
0	-3390
0	-3027
0	-3197
1	-2995
1	-3290
1	-3574
1	-2353
1	-2800
0	-1636
0	-3490
1	-2851
1	-3552
0	-3229
1	-510
1	-2911
0	-2387
1	-3591
1	-3439
1	-3127
0	-3693
1	-3118
0	-2921
0	-3113
0	-2872
0	-3180
0	-3249
0	-3197
1	-3165
0	52220
0	-535
0	-2180
1	9031
0	-3355
1	-2755
1	-3233
1	-2868
1	-3404
1	-587
0	-2166
1	-3238
1	28784
1	-2972
0	-3284
0	-2774
0	-3192
0	-2804
1	-2776
0	34953
0	-2174
1	330
1	-1299
1	-3285
1	-3106
0	8306
0	-1432
1	-3036
0	-3491
1	-2421
1	-3202
1	-3049
0	-3300
0	-3464
1	-3366
0	-3424
0	-3103
1	-3210
0	-3000
1	-1978
1	-1509
0	-3019
1	-3330
0	9068
1	-2720
0	-3024
1	-3198
1	11798
0	-3085
0	-3144
1	-3425
0	15702
1	-3590
1	-3236
1	-2638
1	-3229
0	-2374
0	-2861
0	-2331
1	-2311
0	-1373
1	-3555
0	-2794
1	8284
1	-3657
0	-3031
0	-3366
1	-2469
0	-2930
1	14052
1	-3018
0	-3424
0	8523
0	-3451
0	-3482
0	-1915
1	-3040
1	-2981
0	-1846
1	-3245
0	-2991
0	-3334
1	-2676
0	-2818
1	-3269
1	-3159
1	-3180
1	-3461
0	932
1	5588
0	-3286
1	-2024
0	-1284
1	-2965
0	-3105
1	8469
1	-3017
1	-3054
1	-3127
1	-3458
0	-3098
0	-3523
0	669
0	-3630
1	11967
1	52176
1	-2713
0	-3432
0	-3344
0	-1886
1	-3225
1	-3671
1	-3342
0	-3503
1	51289
0	-3350
0	-2755
1	39124
0	-2254
0	15912
1	-3366
0	-2819
1	3011
1	1347
1	-3414
1	8220
0	-2288
0	-3461
0	2104
1	-3184
1	-964
1	-3461
1	-2146
1	3339
0	-1021
1	-2844
0	-3366
1	-3200
0	6072
0	-3151
1	-3565
0	657
1	-2509
0	-2510
1	-2963
1	-3493
0	-3046
0	-3732
0	12150
1	-3327
1	-2741
0	48176
0	-1696
1	-3474
1	-2745
1	-3189
1	-3364
0	-3077
0	10113
0	-3243
1	-3301
1	-3474
0	-3524
1	-659
1	-3585
1	-3198
1	-2127
1	-3100
1	-3434
1	-3556
1	5784
1	-2684
1	-2880
0	-2723
1	-3384
1	-3240
1	-3221
1	-3326
1	-2492
0	18040
1	-2926
1	-545
1	-3263
0	-2842
1	26753
0	-3495
1	-3403
0	-3413
1	-3439
1	45545
1	-2932
1	-197
0	-1369
0	-3397
0	-3446
1	-2016
1	1423
1	-2949
0	-3295
1	-3042
1	-3304
1	-2384
0	-3555
1	-3465
1	-3096
0	2559
1	-3160
1	49262
1	-3164
0	-946
0	-2882
1	-2510
1	-2444
0	-3456
1	-3362
0	-186
0	-3583
0	-3097
1	-2347
0	-2636
0	-2834
1	-3187
0	-3625
1	-2716
1	-3629
1	-3129
1	-2048
0	-2601
1	-3228
1	52093
0	-584
1	-3235
0	-3248
1	-2730
1	23344
1	-1913
0	-3040
1	-2529
0	-3439
1	-2540
1	-3033
0	-1861
0	-3459
1	-3451
0	52221
1	-3108
0	-2709
0	-2222
1	-3021
0	-2822
0	-3058
1	35896
0	-3289
1	-1643
1	-3497
0	-3399
1	-3292
1	-3532
1	-3312
1	-984
1	-2561
0	-3158
0	-3470
1	-3109
0	-2964
0	-2738
1	-3037
0	-2496
1	-3185
1	-3440
0	-3309
1	-3387
1	11953
0	-1459
1	49786
0	-3600
0	-2489
0	-3618
0	-3453
0	-3016
0	-3388
1	-3449
0	-3216
1	-2576
0	-3415
1	-3105
0	-2168
1	-3109
1	-3388
1	-3062
1	-3329
1	-3145
1	-3421
1	-3179
1	-3234
1	-1955
1	8950
0	-3390
0	-1614
0	-3601
1	-2590
0	-3593
1	-3238
1	12479
0	-2488
1	-2638
0	414
1	-3259
0	-2845
1	-3459
0	-2886
1	-2019
1	-2893
0	-3416
1	-3138
1	45154
0	-3508
1	-2948
1	-3343
0	-3640
0	-2285
0	-2405
1	-2126
1	-3372
0	-3216
1	-3492
1	-3498
1	-3513
1	-2708
1	-2564
1	-3457
1	-3060
1	-2693
1	-2840
1	-2963
0	11832
0	-2767
0	-3360
1	-3002
0	-1584
1	-3267
0	-1210
1	-3648
0	-2664
0	-1032
1	-2962
0	-2546
0	-3335
1	-2694
1	-3571
1	-3507
1	-2878
0	-3379
0	-2590
1	11987
0	-3372
1	-3451
1	4349
1	-2894
0	-2812
1	-1698
0	-3816
0	-1884
1	812
1	-3090
0	-2191
0	52168
0	-3432
0	-184
1	-3053
1	-3644
1	-2886
1	-856
0	-2438
0	-1773
0	-3376
1	-3391
1	-3548
0	-3433
1	-2811
0	36592
0	-3631
1	6457
0	-3576
1	-3634
0	-3303
0	-3433
0	47597
0	-3432
1	-3048
0	-3066
1	-3167
0	-3214
1	-2398
1	37070
0	-3303
0	-3272
0	42061
1	7169
1	-3431
1	-3085
1	-2998
1	-3241
1	-3323
1	-3367
1	-3324
1	-3430
1	-3621
1	-1756
1	-2978
0	-3013
0	-3251
1	-3369
0	-3568
1	-3192
0	-3151
0	-3061
0	-2890
1	-3404
1	-2590
0	-3472
0	-3428
1	-3641
1	52225
0	-2917
1	-2277
1	-3221
0	-1048
0	-3446
1	-2985
1	-1247
1	-3555
0	-3220
1	-1891
0	-2813
0	-3266
1	-3142
1	-2814
0	50477
1	-2909
0	5913
0	-3378
0	1411
1	-3323
1	-3113
0	-3315
1	-2884
1	-3037
1	-2720
1	-2520
1	-2729
1	-2514
0	-2994
1	-3004
0	-2894
1	-2387
1	-3210
1	-3348
0	-2523
1	-1850
0	-3587
0	-3484
1	-2627
1	-2806
0	-2898
1	-2990
1	-3582
1	-3563
1	-2985
1	-1717
0	-2567
0	18129
1	-2611
1	-3716
1	-3111
0	-3277
0	-3516
1	51958
1	-3428
1	-1924
0	-3145
0	-2668
0	-2886
0	1196
1	-2773
1	-3467
0	-3307
0	-3136
1	-2084
1	-3012
0	-3131
0	-3085
1	-3507
0	6052
1	-2659
1	-263
1	45575
0	-3064
0	-1387
0	-1501
1	-3046
0	33071
1	-2059
0	-3480
0	-3250
0	-3314
0	-2970
0	2383
0	-3007
0	-2539
1	-3067
0	-2347
0	-3030
1	-3571
0	-2115
0	-2981
1	-2798
1	-2641
0	-2862
0	-2866
1	-2947
0	-2998
1	-2359
0	-3537
0	-2980
0	-2894
0	-3571
1	-3206
1	-2876
0	-2727
0	-3057
1	-2496
0	-2665
0	-2620
1	-3078
1	-3269
1	-2595
0	-2766
0	-3480
1	-3094
0	-3390
1	-3188
0	-3041
0	-3525
1	-2793
1	-3366
0	4237
1	565
1	-1980
0	1664
0	-3127
0	-3156
0	-3049
1	-3325
0	-3255
1	-2470
1	-3327
1	-3356
0	-2885
1	15727
0	-3005
1	-3431
1	-3255
0	-3210
0	-3292
1	-3186
1	-2983
0	-2932
1	-3093
0	-3370
0	-2541
0	-2911
1	-3229
0	-3467
0	1262
1	-3481
1	-3543
0	-3462
0	-3399
0	-3185
0	-3106
1	-2051
0	-3239
0	-3479
1	-3386
1	-2672
1	-3702
0	-2728
1	-3104
1	12888
0	-2453
0	49331
0	-614
1	-2323
1	-3661
1	-3236
1	50821
0	-3122
1	-3215
1	-3392
1	51640
1	-3288
1	-3365
1	-3222
1	-2549
0	-2740
0	-2381
0	-3452
0	359
1	-2929
0	-2439
0	-3479
1	-3249
0	-2804
1	-3615
1	6114
0	-3028
1	-3240
1	-3012
0	-384
1	-3510
0	10442
1	-3486
0	15648
0	-2321
1	-3545
1	-2741
1	-3113
0	1251
0	-2838
1	-2985
1	-3522
1	-2228
1	-1945
1	605
0	-3337
0	-3552
1	-2834
1	-1159
0	-2570
0	6347
1	-3253
0	-3452
1	-3125
0	-3538
1	-433
1	-3015
1	-3055
1	-3477
0	-3321
1	1478
1	-3469
1	-365
1	-3631
0	-2691
0	-3644
0	-1318
1	-3644
0	-2835
1	734
0	-3340
1	-3600
0	-3789
0	-3415
1	-3139
0	-3305
1	-3307
1	-3385
0	-3052
0	-3321
1	-3504
1	-3020
0	-3148
1	-3159
0	-3319
1	-3557
1	-3386
1	-1021
1	-3061
0	-3440
0	-3416
1	-2991
1	-1908
1	-3251
0	-3297
0	-1490
1	-3360
0	-3393
1	-1547
1	-3526
1	-3459
1	-2210
1	-721
0	-1940
0	-3338
1	-2452
1	-3597
0	-3270
1	-3325
0	-3277
0	-2996
1	51720
1	17281
1	-3636
0	-2932
0	-3526
1	-3368
1	-2975
0	-3151
0	8745
0	-3476
1	-3050
1	-3444
1	19847
1	-3235
1	-3416
1	-1247
0	-2144
1	-3217
1	-3060
0	-2967
1	-2472
0	-3139
1	-3047
0	-2979
0	-3241
0	-2928
1	51485
0	-3362
1	-2544
0	-2534
1	-3154
1	-3516
0	-2665
0	7837
1	-3344
0	-2861
1	-2498
1	-1229
1	-2477
0	-2860
1	-3725
1	-2974
1	-3061
0	-3436
0	-3344
1	-3275
1	-2853
1	-2520
1	-3485
1	-3553
0	-3000
0	-3741
1	-3005
0	-2603
0	-3244
0	-3026
1	-2979
1	-3312
0	-257
1	-3292
0	-2643
1	-3423
1	-2470
1	-2903
1	-3304
0	-3537
1	-1259
1	-3114
1	-1931
1	-2637
1	-3301
0	-3379
0	-1151
0	-3345
0	-2742
0	-3628
0	51416
1	-3628
0	-2856
0	-3503
0	-2843
1	-3221
1	-2989
0	-3256
1	-2990
0	-3450
0	-3403
0	-3255
0	-3299
1	-3272
1	-2940
1	25814
0	-3312
1	-3282
1	-3298
1	-1960
0	-2660
1	-3347
1	-3483
0	-3018
0	-3592
1	-2865
1	-3092
1	-3436
0	-3232
0	-3103
0	-773
0	969
1	-2033
1	-3352
1	-3190
1	-3447
1	-2578
1	-3289
0	-3398
1	-2609
1	-3175
1	-3451
1	-3160
0	13301
1	-3206
1	-2858
1	-3450
1	-3340
1	-3443
1	-3215
0	-2718
0	-3017
1	49250
1	-3562
1	-3228
0	-2977
1	-3542
0	-1223
0	-2821
1	-2494
0	34530
0	-3405
1	-3246
0	-2947
0	-1176
1	-3479
0	-3523
0	-1356
0	-3532
0	-3387
0	-2016
1	-3537
1	-3129
1	-2546
0	-715
0	-2725
0	-3315
1	-2856
0	-2816
1	-3349
0	-3160
0	-3155
0	-3333
0	-3121
1	-3051
1	-2088
0	1323
1	-2656
1	-3352
1	-2732
1	-2811
0	-3383
1	45574
1	-3564
1	4584
0	-3105
0	-1932
0	-3301
0	-2637
0	-3028
1	-1304
1	52225
1	4849
0	29790
0	-2940
1	-2774
1	-3183
1	-3002
1	-3101
1	-2803
0	-2604
1	-3444
1	-2730
0	-3000
1	-3324
1	-1664
0	-2868
1	-2554
1	-3001
1	-2988
0	-3154
0	-3050
0	-2689
0	-2270
1	-3506
1	-3238
1	-2361
1	-2879
1	-3584
1	-3054
1	-2924
0	-3138
1	-3203
1	-2752
1	-2500
0	-3382
1	18161
0	-2434
0	-3224
0	-3215
0	-3451
0	5856
1	-2571
1	-3230
0	-3059
1	-2715
0	-2509
0	-3692
1	-3473
1	15259
0	-3324
0	-3087
1	-1975
0	-3152
1	-1118
1	-3390
1	-3490
1	-2391
0	-3030
1	-2931
1	-3034
0	-2991
1	-3159
1	-3174
0	-3035
0	-3374
1	-3519
1	-3040
1	-1158
1	-3283
1	1968
1	-2849
1	-2955
0	-3674
1	45945
0	-3573
1	-3493
1	-1001
0	999
0	-3353
0	-3294
0	168
0	-3149
0	-2038
0	-3171
1	-3464
0	-3392
1	-3019
0	-3272
1	-869
1	-3780
1	-3719
0	-3163
0	-1565
0	-3265
1	-3200
1	-3327
0	21623
1	-3410
1	-3222
0	-2322
0	-2856
0	-3278
1	-2455
0	-3002
0	-2069
1	5152
1	-3166
1	-3601
0	-2562
1	3423
1	-1932
1	-2490
1	-3291
1	-3415
0	-3707
1	37476
1	-3398
1	-3499
0	-1703
0	-2865
1	-3267
0	-2877
0	-3273
1	-646
1	12934
0	-3326
1	-1125
1	9084
0	-3193
1	-3253
1	-2707
0	5438
0	17933
1	-3261
0	6072
1	-3422
1	15415
0	-3516
0	-1632
0	-3470
1	-2418
1	23240
1	-3723
0	-3600
1	-2903
0	-2523
0	-3177
1	-3172
0	7032
1	-3277
1	-2959
0	-2768
1	-3517
0	28259
0	-2225
1	-3025
0	40728
1	25273
1	-3229
1	-3073
1	-2645
0	-534
0	-1167
1	-3256
1	-3046
0	-3134
1	-2602
0	-3552
1	-3278
1	7590
0	23452
0	181
0	-1982
1	24688
1	-1420
1	-3124
1	-3387
0	-2275
1	-3200
0	-1377
1	-1585
0	-3325
0	-2858
0	5610
1	-2918
0	-3269
0	-3086
0	-2834
1	-3518
0	-3450
0	-2924
0	-3303
1	-2424
0	-3202
1	12678
1	-3029
0	-2581
1	-2779
1	-2806
1	-2291
0	-3543
1	-2282
0	-3330
0	-3221
1	-3477
1	-3411
0	-2956
0	12189
0	-796
1	21205
0	2387
1	-2654
1	-2326
1	-2735
1	-2825
1	-3016
1	-3516
0	-2734
1	-3199
1	-3641
1	-2982
0	-3418
0	12014
1	-3024
1	-3209
1	-3196
0	-3619
0	-1188
1	-3044
0	-3346
0	-2814
1	4125
0	-3276
0	-2846
1	-3115
0	-3252
0	5760
0	-3571
0	-2988
0	-2344
0	-3621
1	2411
0	-2921
1	-2961
1	-3157
0	-3033
1	-3311
0	-3462
1	-2990
0	2165
1	-263
1	-3274
0	-3643
1	-3520
1	-3226
1	-3109
0	-3264
0	-3231
0	-3531
1	-3071
1	-2889
1	-3311
0	-3425
0	-2253
1	-2928
0	-3136
0	-1641
1	-3401
1	-3260
1	1439
0	-2927
0	-3113
1	-255
1	-3220
1	-2840
0	-3100
1	-2908
0	-2811
1	-3205
1	-2781
0	-2488
0	-2765
0	-3432
0	-3077
0	-2905
0	-3064
1	31552
1	-2093
0	-3015
1	-2670
0	-3313
0	4098
0	-2800
1	-3068
1	-3650
0	-3047
1	-3135
1	-3600
1	-2938
1	-3452
1	-3149
1	-3140
1	-3486
0	11317
0	-3192
1	-2611
1	42006
1	-1427
0	-3174
1	-3328
1	-2825
0	-3252
0	-2901
0	-3492
0	-2777
1	-3647
1	-2378
0	-3575
1	-3308
0	-3098
0	-3268
1	-2364
0	-3363
1	-2878
0	-3161
1	-2447
1	-3428
0	-3245
1	-2976
0	824
1	50826
0	-1412
1	28528
0	-2847
1	-3086
1	-3277
1	-2837
1	-3386
1	-3331
0	-3553
0	-2194
1	-3522
1	6237
1	-3294
0	-3518
1	-2975
0	-3437
1	2586
1	-3143
0	-2813
1	-3493
0	-2661
1	-2303
0	-3087
0	35162
0	-3668
1	-2927
0	-2932
1	-3338
0	-3372
0	2782
1	5025
0	-2889
0	2860
0	-2891
1	-3057
0	-2956
0	-3395
1	-3456
0	-1900
0	-2959
0	-2964
1	4182
1	-3052
0	-2890
0	-3052
0	-2531
0	-3133
0	-3358
0	-3400
1	-2816
0	2954
1	1662
1	-2625
1	-3576
1	36661
1	4661
0	-2875
1	-3147
0	-54
0	-3721
1	-2613
1	-3496
1	-1444
0	14917
1	-2111
1	-3179
0	-3424
1	619
0	-3252
0	-3250
0	-2820
0	-2562
1	2135
0	-1932
1	-2850
1	-3610
1	-3480
1	-3155
1	-2902
0	33418
1	-3557
1	-2709
1	-2657
1	-3437
1	18211
1	-2849
0	-3409
0	-3383
0	-3442
1	-3034
1	-2886
1	-3376
1	-3263
1	-2456
1	-3322
0	-1752
0	-3434
1	-3582
1	-2924
0	-3570
1	-3414
1	-3228
1	28128
1	-3164
0	-3285
0	-2467
0	-3217
1	-2821
1	-3581
1	-1872
1	-3110
1	-3040
0	-3313
0	-2196
0	-3117
1	-2191
0	-2257
1	-3312
0	-2693
1	-3383
1	-2579
0	-3321
1	-3332
1	-3604
1	-3105
1	-3581
0	530
0	-2395
0	-2281
1	-2181
0	-3311
1	-2923
1	-3372
1	-3311
1	-2511
0	-3334
0	-3178
0	-2984
1	33840
1	-3665
0	-3415
0	-3582
0	-2912
1	-2882
0	-3698
1	-3023
1	-2677
1	-2536
0	-3199
1	-2762
1	-2317
0	-1618
1	-2718
0	-3018
0	-2302
1	-3053
1	-2999
1	-2569
1	7272
0	-3496
1	-2880
0	-2884
1	47429
0	-2578
1	-3371
1	-3219
0	-3254
0	2865
0	-3548
1	-2789
0	-2653
0	-2729
0	1842
0	-181
0	-3176
1	-3453
0	-3555
1	-2808
0	-1882
0	-3529
1	-3470
1	409
1	-1923
1	51350
1	-3150
1	-3668
0	11697
0	-3179
0	-646
1	-3489
1	12131
1	-1633
1	-3306
1	-2632
0	-3169
0	-3291
1	49011
0	-3150
1	-2910
1	349
0	2473
1	7961
1	-1192
1	-3507
0	13327
0	-3081
0	-2289
1	1684
0	-3517
1	-3128
1	-3338
0	-3500
1	51562
0	-1821
1	-3571
1	-1439
0	-2774
0	-2441
1	-3175
1	-2573
0	-2707
0	-1881
1	-3458
0	-3400
0	-3054
1	-2379
0	-3180
1	5322
1	-3448
1	51250
1	-3397
0	-3489
1	-1940
1	-3294
1	-2804
1	-3265
0	-3429
0	3467
0	-3088
0	-3188
1	-3075
1	-3499
0	-2911
1	-2428
1	-3528
1	12695
1	-1277
0	-3050
1	-3199
1	-3007
1	-2430
1	-1272
0	-3191
0	-3542
0	-1198
1	-2488
1	-2935
0	-2000
0	-2900
1	-3033
1	-3542
0	-3517
0	-3121
0	52222
1	-3186
1	-3159
1	18522
1	6580
1	-3005
1	-3206
0	-3219
1	-1906
0	6357
0	-3278
1	-3082
1	-3148
1	-3200
1	44682
1	-3679
1	-3655
0	-3088
0	-3095
1	-3189
1	-2817
1	-3128
1	-761
1	-2698
1	-2828
1	-3495
1	-3591
1	-3496
0	-3296
1	-2838
1	-3423
1	-2237
1	52116
0	-3321
1	-2198
1	-3239
0	-3419
1	-3303
0	-3131
1	-3612
1	-2672
1	-1330
1	-3537
0	-2991
0	-3057
0	-2102
1	21785
0	-3313
0	-1617
0	5276
0	-2966
0	-3015
0	-2681
0	127
0	-3356
1	-2918
1	-3315
0	-3483
1	-3163
1	-3429
0	-3514
1	-3247
1	-3405
0	-3338
1	-2948
0	-2881
1	-3460
0	-3187
1	-2761
0	-1895
0	-3058
1	-3538
1	-3248
1	-3631
1	-3269
0	-3303
0	-3482
1	-3234
0	-3269
1	-3396
0	-3396
1	-3238
0	-2975
0	-1466
0	-3174
1	14339
1	-2853
1	-2228
1	-3007
1	-2653
1	-3091
0	51995
0	-820
1	-3148
1	-3212
1	-3176
1	-2674
0	-3469
1	-3270
0	-3507
1	-2748
1	-3505
1	-3066
1	-3464
0	-2205
1	-3161
1	-3257
0	52205
1	-3390
0	-2756
1	-3235
1	-3173
0	-2829
1	-2722
1	-2929
1	-3167
1	196
0	-3627
0	-3175
1	-3350
1	-3093
1	-3134
1	15403
0	-2697
0	-3428
1	-3377
1	-3576
1	-3204
0	-3177
0	-3475
1	-1384
0	51587
1	-3540
0	-3304
1	-2593
0	17549
1	-3304
1	-2596
0	-2924
0	4655
1	-3142
1	-1993
1	-3172
0	-3175
1	-3334
0	-3062
1	-2211
1	-3214
0	5486
1	-3226
1	-2550
0	-3551
0	28060
0	-2711
0	-3220
1	-3214
1	-3275
1	-2352
1	-3606
1	-3489
1	-3163
0	-2925
1	-2934
0	45500
0	-2075
1	25078
1	-3399
0	-3494
1	-3234
1	-2043
1	-2156
0	-2959
0	-2987
1	-2958
1	-3388
0	-1596
1	-2162
1	-3455
0	-1299
0	-3494
0	50787
1	-2847
1	-2865
1	413
0	-3055
1	-3157
0	-2692
1	-3521
1	-3630
1	-3432
0	-2616
0	-2237
0	-3377
0	1187
0	-2470
1	-3228
1	-3136
0	-3339
0	7985
0	-3210
1	-3117
1	-3270
0	-1868
0	-2667
0	-2703
0	-3427
1	-2967
1	-3170
1	-2219
0	-3356
1	10715
1	25934
1	-3331
1	-2786
1	-866
0	-3128
0	-3473
0	45576
0	-3066
0	-3723
1	-3317
1	-729
1	-2930
0	-2929
0	-3157
0	-3004
0	-3415
1	-2783
1	-3559
0	44779
0	-2851
1	-2088
0	-2183
1	-2943
1	-3371
0	-2589
1	-3518
1	-3578
0	-2350
1	-1987
1	-3254
1	-236
0	-2622
0	-2469
0	46217
1	-2672
1	-3317
1	-3544
1	-3077
0	-3064
0	14988
0	-3472
1	-3449
1	-2712
0	-2727
1	-3309
1	-2153
0	-3423
0	-2400
0	-2779
1	-3604
0	-3305
1	-2618
0	31903
1	-2832
1	-2483
1	-2771
0	-3068
1	-3326
1	-3144
1	-2953
1	-3234
1	-3394
0	-3056
0	-3458
0	-3441
0	-3548
1	44991
1	-3438
0	-3009
0	-3611
1	10109
1	-3149
0	-2174
0	-2904
0	-3381
1	-3195
1	-3131
1	-3009
0	-3005
1	-3320
0	-2693
1	-3102
0	41734
0	-2906
1	17497
1	-3140
1	-3128
0	-3504
1	2212
0	-3210
1	-3396
0	1432
0	50071
0	-3041
1	-2781
0	-3358
1	-326
1	422
1	1685
0	-2465
1	-2980
1	-3302
0	23080
1	40785
1	6085
1	-2609
1	-3175
1	-3347
1	-3355
1	-3399
0	-3295
1	-3478
0	-3422
0	39915
0	-3346
0	-3323
1	-1470
0	-1718
0	23151
1	-3297
1	1150
1	18431
1	-3632
0	-3624
0	-3253
0	-3159
1	-3132
0	-3160
1	-3130
1	-3032
1	-3361
0	-2440
0	-3424
0	-3115
0	-3384
0	-2436
1	-3716
1	-2813
0	-3422
0	-2845
1	-3503
1	-3402
0	-1261
1	10846
1	-3477
0	-3290
0	-2814
1	2291
1	-3348
1	-3076
0	-3267
0	-2150
0	-2884
1	-3213
0	-3577
1	-3296
0	6859
0	-3137
1	-3618
1	-2273
0	44261
1	-2181
0	-3397
0	5196
1	-3528
1	-2351
0	-3108
0	31563
0	-3439
0	-3327
1	-2777
1	-2664
1	-2614
1	-3354
0	-3151
1	-3266
1	-2132
0	-3646
1	-3104
1	-3266
0	-3268
0	-3257
0	-3365
1	-2394
1	-1488
0	-279
1	6633
0	-2888
1	-2986
1	-2791
1	-3604
1	-3255
0	-2189
1	-3380
1	-3208
1	-3446
0	-3422
0	21587
0	-3024
1	-3126
1	-800
0	-3548
0	-3430
1	-2946
0	-3120
0	-3771
1	-2709
0	-3473
0	-3117
0	-3446
1	-3597
0	-2089
1	-3615
1	-826
1	-3605
1	-3524
1	-2879
1	1683
1	-2786
0	22118
1	-3275
0	-175
1	-3718
0	-2765
0	-3259
1	-324
1	-3263
0	-1917
1	-3559
0	-1711
1	-3362
1	-3362
1	-3028
1	-2506
0	-3106
1	-3691
0	-3214
0	-3111
0	-3305
1	-3361
1	-3158
0	-1011
0	-1369
1	-2699
1	48138
1	-2845
1	-3191
1	-2866
1	-2823
1	-3221
0	-2808
0	-3526
1	-3244
1	-3172
1	-3189
1	-3297
0	-3014
0	-3259
1	-3212
1	-2684
0	43831
0	-3095
0	-3223
1	-3526
1	-2957
0	-2852
1	-2428
1	-3636
1	-3200
0	8310
0	-3552
0	12385
1	-3170
1	-3040
1	-3140
0	-3492
0	-2040
0	-3478
1	-2734
1	-3326
1	-2696
1	-3014
1	-1384
0	-3207
0	-3585
0	-3002
1	-3350
0	28833
1	-3603
0	-2574
0	-3417
1	-1181
0	-3018
0	-3241
1	-1181
1	43556
1	-3196
1	-3097
1	-3516
1	-3273
0	-3418
0	-2998
1	-2383
1	-3474
1	-3711
1	4007
1	-2506
1	-3527
1	-2713
0	-3359
1	-3369
1	-3624
0	-3321
1	-212
1	-3268
1	-2439
1	-3261
1	-3228
1	-608
0	-3348
1	-3151
1	-2664
1	28747
1	-2561
0	-3510
1	-2694
1	15942
0	21732
0	-3163
1	-3605
0	-2943
0	-3188
1	-2330
1	-3043
1	-2886
0	-3689
1	-3350
0	-3430
0	-3012
0	-3410
0	-2215
1	-3091
0	-1336
0	-2141
0	12741
0	-3081
0	-2399
0	1213
0	-3576
0	-3522
1	6698
1	52225
0	3903
0	-3088
0	18405
1	-2010
1	-2811
1	-2909
1	-2498
1	-2478
1	-2486
0	-1659
0	-2057
1	-2993
0	-3296
1	-2869
0	-3540
1	-2511
1	-3718
0	-2822
0	-3381
0	2013
1	-3169
1	-2958
0	-3546
1	-2500
0	6388
1	-2569
0	-2953
0	-3067
1	19675
0	-3358
1	-3538
1	-2753
1	-3127
1	-2746
1	-2157
0	-3510
1	-1334
0	-271
0	-3310
1	-3188
0	-3236
1	-3089
0	-3328
1	-3402
0	-3390
1	-2605
0	1459
1	-2683
1	-3584
1	-2682
0	-2821
1	-3324
0	-263
1	-3039
1	-2283
0	-3699
1	-2857
0	-3526
0	-2715
1	-2575
1	-2475
0	-3578
1	-868
1	-2837
1	-3290
0	-3150
1	-3046
0	-3522
1	-3085
1	-168
1	-2628
1	-3551
1	-3447
1	-2084
0	-2852
0	-3385
0	-2866
1	-3167
0	-2298
0	-2955
1	-3241
0	-3142
1	-3133
1	-2918
1	-3157
1	-2603
1	-2872
0	-2936
0	-3487
0	-2448
0	-726
1	-2879
0	-2970
1	-2377
0	45354
1	9837
1	-2756
0	-1495
1	-3674
0	-3734
1	10795
1	-3009
0	-2845
0	3553
0	-2523
1	-3298
1	-3321
0	-1774
0	-2887
0	-2097
1	-2616
1	-3207
1	-2929
0	-3500
1	245
1	13780
0	-3337
0	-2845
0	1106
0	-2799
0	-2005
1	7544
1	7628
1	-3309
0	-483
0	-2800
1	-3302
1	-3485
1	-2997
1	-3510
0	50540
0	-3481
1	-3580
0	-3588
1	-2703
0	-3002
0	17510
1	42899
1	-2573
1	-3426
1	-2786
0	-3323
1	-2205
1	44502
0	-3585
1	-3386
1	-2716
0	-3239
0	-2846
0	-3137
1	-2772
0	-2986
0	-3650
1	-2081
1	-3210
1	18393
1	-3401
1	-3376
1	14409
1	-3123
1	-3164
1	-2827
0	-3001
1	-3135
0	-3277
1	-2736
1	-3253
0	7614
1	-2937
1	-2051
1	-2306
0	-3433
1	-3654
0	-3440
1	-2402
1	-2274
1	-3334
1	-2932
0	15681
1	-2960
0	-2815
0	-3499
0	-2578
0	-3391
1	-3151
0	-3556
0	-2958
1	-3136
0	-3335
0	26927
0	-3321
1	-3039
1	-2680
1	-3586
1	-2529
0	-3054
0	-2763
1	-3200
1	-3467
0	-3116
1	-2409
0	-3178
1	23400
0	-2273
0	-1328
0	-2951
1	-1906
1	-2638
0	-3144
1	7172
0	-2863
0	-3047
1	-3261
0	-3118
0	-2739
0	-3251
1	4001
1	-3215
1	-2190
0	-2671
1	-3447
1	-3493
0	-3254
0	-2218
0	-907
0	-3163
0	18114
1	14204
1	-3179
1	-2739
0	-3398
1	1970
0	-3494
1	-3406
0	-3231
0	-3275
0	-3092
1	-2768
0	821
0	-3259
0	-3343
1	-3201
1	-3203
1	-2722
1	-3700
0	-3024
0	-3248
1	-1564
0	-3746
0	-3261
0	-2693
0	11468
0	-3073
0	-3197
1	-3472
1	-2797
0	-3517
1	-3338
0	-3077
1	-3253
0	-3060
1	-3263
0	-2706
1	-3247
0	-2950
0	-2983
1	-3503
0	-2982
0	-3047
0	-2154
1	-3598
1	3269
1	4339
1	-3057
0	-3540
0	-1919
0	-3267
0	14341
0	-3644
1	-3333
1	-2551
1	-3219
1	-3327
0	-2923
0	-2266
0	-3010
1	-3519
1	-3433
0	-2552
0	-2954
0	-555
1	-3073
1	-3662
0	-1827
0	-3592
0	-3203
1	-3402
1	52190
0	-2507
0	-3449
0	-3598
0	-3442
0	-331
0	-111
1	-2941
1	-3206
1	419
0	-3157
0	-2876
1	-2970
1	1203
1	-3311
0	-2771
1	-2279
1	1976
0	-3275
0	-3307
0	-3040
0	-3005
1	4806
0	13546
1	-1708
1	12386
1	-3197
0	-2787
0	-3142
0	32981
0	-2732
0	5300
0	-3407
0	-3473
0	-2834
1	2309
1	-3038
0	-3394
0	-3412
0	-674
1	-2933
0	-3360
1	16341
0	-3369
0	-2460
1	18985
0	-3002
1	-3267
0	-3117
1	51577
0	-2974
1	-3235
0	-2975
0	-3367
1	-3583
0	-1745
1	-2657
0	-3267
0	2718
0	-2750
0	-2368
0	-2702
1	-3432
0	914
0	-3122
1	49427
1	-3465
1	-3285
0	29999
1	-2586
0	-3336
0	-3612
0	-3418
1	-3134
1	-3367
1	-2961
1	-3767
0	50324
0	-3233
0	14663
0	-3513
1	39007
0	6491
1	-3037
1	-3351
1	-2225
1	1823
0	-3412
1	-1909
1	6836
0	10030
1	-942
1	-3283
1	-3318
0	-3070
1	-3023
0	-3268
0	-3002
1	-2979
0	-2977
1	-2913
0	-3690
0	-1886
0	-2651
1	-1341
0	-3570
1	-3286
1	-3368
1	-3265
1	1146
0	-3529
0	-3194
0	-2583
1	-3353
0	-2339
1	-2800
0	2369
1	-3021
0	-3505
1	-3343
1	-2849
1	-2838
1	-1633
1	-2448
1	-3251
0	5751
1	-3541
1	-3313
0	-1569
1	-2609
0	-2632
0	-3067
1	-3184
1	-3361
1	-2965
1	-3275
0	-2890
1	-2619
0	-2027
0	-3475
0	2390
0	20564
1	-1109
1	4194
1	-3253
1	-3426
0	14431
1	-3304
1	-2171
1	-2848
1	-3474
0	-3520
1	-2925
0	11925
0	-2940
1	-3229
0	-3079
0	-3182
1	-3305
0	-3259
0	-3385
1	-2938
1	-2579
1	-2530
0	-3210
0	-3129
1	1548
1	-3275
1	-3331
0	-3536
1	-3052
0	-646
1	-3213
1	-2780
0	-2152
1	-2093
0	-1525
1	-3486
0	-2451
1	-2819
1	-3425
0	-2613
1	-2725
0	-3375
0	-3561
1	-1792
1	-3373
1	-3608
1	-3674
1	-3422
1	-1351
0	-2588
1	-3343
0	-2478
0	-3129
1	-2203
1	-3303
0	-1123
1	5511
0	-2148
1	-2662
0	-3307
0	345
0	-3278
1	-2763
1	-3456
0	-3576
0	46999
0	46289
0	16160
0	-2066
0	-1755
1	-3400
1	-3051
1	22336
0	-3119
0	-3325
0	1536
1	-2529
1	98
1	-2965
1	-1639
1	-3152
0	-3099
0	-3430
0	-3036
1	-3372
0	-3440
1	-3467
0	-2506
1	-2650
1	-3412
1	-3132
0	1283
0	-2941
0	-1834
1	-2774
1	-3478
0	-1336
1	-3521
0	-3290
1	-3400
1	-2234
0	-3636
1	-2510
0	-2015
1	-2900
1	-589
1	5995
1	3951
1	33591
1	-2453
1	-2976
1	-3223
1	-3242
1	-2921
1	-2466
0	-3367
0	-3447
1	-3288
1	-3565
0	9259
0	-2766
1	-3124
0	-2362
1	8964
0	-2621
1	-3242
1	45544
1	-2401
0	-2179
0	-2780
1	-3357
1	-2394
0	-1840
0	-2597
1	-781
0	-3324
1	-2448
1	-3367
1	8177
1	-2880
1	-1699
1	51614
1	33894
1	-2563
1	-2112
1	497
0	-3323
1	-3649
1	-2385
0	-2873
1	-2644
0	-3099
1	-1980
0	-2597
0	-3251
1	21140
1	-3586
1	-2980
1	-3192
0	-2004
0	2004
1	-2857
1	-3313
0	-3255
1	-3081
1	-3122
1	-498
1	-2023
1	5748
1	-3115
1	-3595
0	-3334
0	37857
1	4680
0	52118
1	-3443
1	-3301
0	-3015
0	7554
1	-3199
0	-3074
1	-3223
0	-2294
0	18761
0	-3100
1	-2756
0	13206
0	-3078
1	-3071
1	-3541
0	-3417
1	-3324
1	-3322
1	-643
1	-3415
0	-3500
1	-2968
1	-3373
0	-2834
0	-2759
0	10509
1	-3409
1	-3354
1	24492
0	16713
1	-3437
0	859
1	-3300
0	-3073
1	-3520
0	-3374
1	-3060
1	-2165
1	-2693
1	-3356
1	33304
1	-3119
1	-3303
1	32430
0	-3641
1	-3053
0	19630
1	-3516
1	21808
1	-2644
1	-3590
0	-3149
0	-2667
1	-1122
1	-1212
0	-3092
0	-3541
1	-3468
1	-2338
1	-2810
1	35841
0	-3543
1	-3369
0	8831
1	51881
0	-2495
0	-2572
0	38783
1	531
0	-3265
1	-2807
0	-2939
1	22671
1	-2941
1	-3063
0	-3387
1	-2921
1	-2668
1	-2564
1	-2482
1	-2981
1	52225
0	-3203
0	3442
0	2321
0	-3444
0	-2544
1	-3049
1	4138
1	-3431
0	-3461
1	-2489
0	-2524
1	-1498
0	-3307
0	2164
1	500
0	-3240
1	-3432
0	-2935
0	-3401
1	-3312
0	-3400
1	-2640
1	-3439
0	-3090
0	48636
0	-2801
0	-3058
1	-3034
1	-3439
0	-2941
0	2324
1	-3037
0	-3355
1	-2391
0	-1772
1	-3464
1	28750
0	-1634
1	13635
1	-3247
1	-3168
0	-2970
0	-2787
1	-3513
1	-3226
0	-2906
1	-3426
0	-3563
0	-3217
0	-3611
1	-679
0	-2386
0	-2893
1	-2067
1	-3596
1	-3206
0	-3426
0	-3104
1	-3120
1	-981
0	-3497
0	-661
1	-2455
1	-2751
1	-2849
1	-3375
0	-3413
1	-2866
1	-3334
1	-2812
0	38491
1	-2087
0	-3270
1	-2726
1	1853
0	-3472
1	-3486
0	-3588
1	-1536
0	-3316
0	-2846
1	-2106
0	-3535
0	-3046
1	-3470
0	-3239
1	-2865
0	-2114
0	-3256
1	-3323
0	-733
1	-3511
1	-3076
0	-2921
1	-3474
1	40745
0	-3059
1	-2918
1	-3433
1	-3231
1	-2759
1	-3126
1	41987
1	-3215
0	-2574
0	-2642
1	-3230
1	-3450
1	-3284
0	-2711
0	-2751
0	-3414
0	-3371
1	-1886
1	-2282
1	-3390
1	-2873
0	-3035
1	-2858
0	-3606
0	-2664
1	-3459
1	-2310
0	-1514
1	-2658
0	-613
1	-3641
0	-3402
0	-3182
0	1
0	32829
0	-2412
1	-2464
0	-2579
1	-1944
1	2654
0	-1367
1	-3630
1	-3583
1	-3459
0	-3258
0	-2954
1	-2977
0	-3543
1	-2808
1	-3046
1	-3155
0	-2486
0	-2629
0	-1827
0	-2864
1	-3165
0	-2907
0	-2494
0	-344
0	-2305
0	-2216
1	-2943
1	12700
1	-3167
0	-2915
1	-3356
0	-2928
1	-2906
1	-2910
1	-3591
1	-2820
0	1034
0	-3097
1	-3234
1	8693
1	-3125
0	-2736
1	-3321
1	-608
1	49669
1	-3244
1	-3505
1	-3536
1	-2810
1	-2909
1	-3002
1	-2112
0	-2938
1	-3253
1	-2998
1	-2606
0	-3283
1	-3467
1	-3613
0	-3453
1	-2341
0	-2247
0	-3290
1	-3165
0	-2417
1	-1684
0	-2393
1	-3496
1	-2959
1	-2975
1	-3047
1	-2890
1	-1192
1	-3418
1	-3090
1	-3298
1	-1369
1	-3148
1	30036
1	-2490
1	-1744
1	-3163
1	-3039
0	-2976
0	-3037
0	-2945
1	-3457
1	-3518
0	-2627
1	-3269
1	-3445
0	-3308
1	-3614
1	-3155
0	-2313
1	-3171
0	-2863
1	-3156
0	-1702
1	-2186
0	-3607
1	-2483
0	-3158
0	-2705
1	-2315
1	-1318
1	-3149
0	-1787
0	-3491
0	-1557
0	-1677
1	1866
0	-3123
0	-3468
0	-2916
0	-3128
1	-2602
1	-1470
0	-3477
1	-2469
0	-2607
0	42385
1	-3403
1	-3185
1	996
1	-2795
1	-3079
0	-3429
1	-2701
0	-3255
1	-1121
0	20791
0	-2567
1	-3275
1	-3228
1	-3454
1	-1478
0	-3655
1	-3278
0	371
0	-3457
0	-3426
1	-3148
0	-3120
1	-2126
1	-3367
1	-3019
0	-1424
0	-2920
1	-2678
1	-3697
0	13101
1	52223
1	-3055
1	-3295
1	8515
1	-3129
1	-2053
1	-3590
1	-2896
0	-2579
1	-3453
0	-3360
0	-2556
1	-3200
0	-1966
0	-3453
0	-3377
1	-3326
0	-3278
0	-2901
1	-3340
1	-3391
1	-3257
1	-3228
0	43680
1	-3353
0	-2689
1	-3462
1	-2549
1	-3609
0	-3463
1	-3104
1	-3002
0	-3093
0	-3384
0	-3513
0	-1379
1	-2728
1	-3223
0	-3390
0	-3592
1	-3246
0	-3388
0	-3330
1	-3145
1	-568
1	285
1	-3120
1	-3471
1	3027
0	-3665
1	52207
0	-3025
0	52113
1	-3489
1	-2944
1	-3605
1	-3202
1	3238
1	958
0	-2729
1	-3153
1	-3231
1	-2334
1	-1774
1	-2858
0	-3244
1	7805
1	244
0	-1841
1	-3133
1	-3158
0	-1895
0	-740
1	-2884
0	712
1	-2673
1	-3577
0	-3236
0	30688
1	-3270
0	39592
1	-3376
0	-3473
0	-3347
1	-3049
1	7682
1	1370
1	-3286
1	-2389
0	-3796
0	-2769
0	-737
1	-3386
1	-3531
1	-3366
1	-813
0	-2610
0	-3372
1	-2710
1	-3607
1	-3082
0	-3595
0	-3022
0	-3303
1	-2413
0	-2459
1	-3397
0	-2937
0	-3437
1	-1659
1	3589
1	-2726
0	-2045
1	-3091
1	-2516
1	-3203
1	-3534
0	-3330
1	-2070
0	-2580
0	-3478
0	-3704
1	-3654
0	-2183
0	-3626
1	-3355
1	-1589
0	-1141
1	-3068
0	-2815
0	-2809
0	-3378
1	-2091
0	-1110
0	50724
0	1219
1	-3427
1	-3117
1	-3179
0	51913
1	-3201
0	-2943
0	-2454
1	-3405
0	-1831
0	-3431
0	-3178
0	-3415
1	-3233
0	-3489
0	-1529
1	-3315
1	-1855
0	-3290
1	-2686
1	-3752
0	-3680
1	-3067
1	-3537
0	-3218
1	-2736
1	-2915
0	-1710
1	-3406
0	-2969
1	-3453
1	-3149
1	-3470
0	-1201
1	-3321
1	13261
1	-1604
0	-3466
1	1317
1	-2938
1	-2534
1	14134
1	-2432
1	-3263
1	-2698
0	-2969
0	-3337
1	11814
0	-3380
1	7892
1	-3471
1	31414
1	-2162
1	-2579
1	31839
0	-2985
0	-3245
0	-3412
1	-3194
0	-3284
0	-3740
1	-3635
0	-3158
1	-1105
0	-2301
1	-2813
0	-2902
0	49364
1	-2574
0	-3017
1	-2734
1	-2610
0	-3517
1	-2970
0	-2503
1	-2627
0	-2962
1	-3279
0	-3142
0	-3305
0	-2591
1	-2975
0	-2241
1	6744
1	-3238
1	-3034
1	-3610
1	-1413
1	-2815
0	-2867
1	-3391
0	-2199
1	1996
1	-3456
0	-3607
1	-2753
1	-3466
1	-3291
1	-3412
1	-2829
0	-3641
0	-3553
1	-3176
1	1321
0	7276
1	-3039
1	41806
1	-3276
1	-2657
1	-3225
0	-3524
1	-2452
0	-3298
1	-2897
0	-3233
0	-2719
1	-3262
1	-2768
1	-2856
1	-3462
1	-1854
0	-2864
0	-3403
1	-3169
0	-3290
0	-2721
1	-934
1	2854
0	-3168
1	-3683
1	52224
1	13066
1	-3634
0	-3128
1	-3026
1	-3053
1	-470
1	-2801
1	-3253
0	-2608
1	15406
0	-3162
0	-3285
0	-3146
0	-3418
0	-3306
0	-1438
1	-3650
0	1863
1	-3328
1	-2843
1	-3167
1	-705
1	-3263
1	-3534
1	-3401
0	-3739
0	-3041
1	-3226
0	-3061
1	15300
0	-3418
0	-2316
1	-2868
1	-3350
0	-2925
0	-3562
1	-3360
1	-3254
0	-1991
1	-3216
1	-3245
0	-3095
1	-3675
1	-3646
0	-3114
0	-3417
1	48471
0	-2725
1	-267
1	3932
0	-2350
0	-2656
1	-3498
1	-3349
1	-3038
0	6056
1	-2797
0	-3101
1	-2116
1	-3633
1	127
1	-2340
0	-2236
0	-2705
1	-3306
1	-2681
0	-3097
0	-2155
0	-3330
0	-3198
0	-3272
0	-3079
0	-3198
1	-3146
0	-3251
1	-3399
0	5701
1	-2850
0	-3274
0	-3270
1	-2855
1	-3488
1	-2660
1	-2309
1	-3414
1	-3151
0	-3044
0	-3247
0	-2956
0	-3067
1	-1808
0	-3387
0	-3389
0	-2982
0	-1723
0	-2620
1	-2469
1	-3437
0	-2968
0	-3253
1	-3200
1	-2840
0	-3285
0	12868
0	-3312
1	-2991
1	-3187
0	-2945
0	-3373
1	-3054
1	995
1	-2251
1	-3555
0	-3393
0	-2460
1	-3618
0	-2886
1	-1406
0	-3514
1	-3018
0	50817
0	-3265
1	13774
1	812
0	-2927
1	-3248
0	-2436
0	-3304
1	-3073
0	-3552
1	-2322
1	-2042
1	-1912
0	-2922
0	-2807
0	-3329
1	-888
1	-2843
1	-3596
0	-1218
0	-2392
0	-2360
1	-3194
1	-3175
1	4961
1	-3056
0	-3338
0	-3513
1	-3469
0	-3454
1	-3013
0	44734
0	-3393
1	13257
0	-3683
0	-3149
0	26639
0	-2242
0	-2984
1	-3493
1	-3298
0	-3379
1	-1502
1	-5
0	-1888
1	-2865
1	30969
1	-2923
1	-1806
0	-2973
0	-3120
1	-3149
1	-2593
1	-3406
0	-2519
0	52225
1	-3020
0	-2801
0	-3029
1	20984
1	-2958
1	-3153
1	-2986
0	-2953
1	-3303
0	-3284
0	-2852
0	-3037
1	47135
0	-3405
1	-3336
1	-3213
1	-2542
0	-3576
1	-2680
0	-3351
1	13532
0	26889
1	21086
0	-2982
1	-3444
1	-3329
0	2795
1	-2788
0	6916
0	-3523
0	-3279
1	-1691
0	-1720
0	-1406
1	-3744
0	-2835
0	-2790
1	-2924
0	-3718
1	-3129
0	-2161
1	-3424
1	-3269
0	-3308
1	-2362
1	-3392
1	-2557
1	31043
1	-3107
1	-2971
1	-3358
1	26630
1	-2990
0	-2167
1	-1218
0	-3481
0	-3087
0	-1169
1	-3224
0	-2979
0	-2039
1	-2338
1	-3475
0	-3200
1	-2865
1	49018
0	-3190
1	-3220
1	-2861
1	-3237
1	-2582
1	-3288
1	465
1	17023
1	-2845
1	11326
1	-3059
1	-3345
0	-2951
1	-2758
1	-3125
1	-2639
1	-3287
1	-2866
1	27063
0	1617
1	-3473
1	-2755
0	-2516
0	-2612
0	50885
0	-3190
1	262
1	14753
1	-3540
1	-3073
1	-3233
1	-3198
1	-3483
0	-3207
1	-3022
1	-2907
0	5032
0	-3410
1	-3540
0	-3356
0	-2890
1	-2978
0	-2502
0	20341
0	-3619
1	-3651
0	-3051
1	-2438
0	-3688
1	-3164
1	-3320
1	-2770
1	-3353
0	-3247
0	-3393
1	322
1	-2093
1	-3291
0	-2905
1	10121
1	-80
1	-2791
0	-3194
1	13571
0	-2803
1	-3639
1	-2654
0	-3068
1	-3431
0	-1733
1	-3244
1	-3403
0	-2377
0	-2939
1	-3044
0	-911
0	-3491
1	-3354
0	-3371
0	-1893
0	-3813
1	-3502
1	-3565
0	-2348
0	-1838
0	-3104
0	-3263
0	11779
1	-2970
0	-3332
0	-2694
0	-374
1	-3594
0	-3423
0	-1989
1	-2098
1	-3711
0	16291
0	-2427
1	-853
0	-3679
1	-2057
1	21913
1	-3092
0	-2656
1	4563
1	-3647
0	48487
1	-1711
1	-2717
1	-3201
0	-2199
0	21665
0	-3222
1	52151
1	-3199
1	-2502
1	-2783
1	-3587
0	-1724
0	-3455
0	-2942
0	-3044
1	-3462
0	-3005
0	-3276
1	-3457
1	-1118
1	4109
0	52110
1	-2221
1	51672
1	-3471
1	-1916
0	-3046
0	-1133
0	36801
0	-3285
1	-3509
1	-3657
0	-3577
1	-2746
1	-1792
0	-2194
1	-3201
1	-2781
0	-2122
1	-3155
1	-3387
0	-3491
0	1903
0	-3082
1	-3763
0	-2235
0	-3317
1	-3295
0	-3318
1	-2830
1	-3532
0	-3562
0	5219
1	-3675
1	-3313
0	-3402
0	6821
1	-3403
0	-3332
1	-3271
1	-3545
0	-3263
1	50846
0	-2569
1	-1790
0	2632
1	-3469
1	-2971
1	-3324
0	95
0	-2181
0	-3153
0	19646
0	-188
0	-3479
1	49458
1	-3612
0	-3438
1	-3605
0	-2469
1	-3423
0	-2321
0	-2195
0	-892
1	1868
0	-3595
0	-750
1	-1631
1	44207
0	-1615
1	-3307
0	33246
1	-2862
0	-3553
0	-3010
0	1596
1	-3332
1	-1952
1	-3116
0	-3363
0	-3332
1	28512
1	-3257
0	-2905
1	-3457
0	-3221
1	-2575
0	-2345
1	-2406
0	-2561
0	-2985
1	-2920
0	-3075
1	-3258
0	-2379
1	-3564
0	-3151
1	-79
0	-2704
1	-815
1	-2153
0	1942
0	-2357
0	-3677
0	-3608
1	-3312
1	-3241
0	-3413
1	22356
1	2930
0	11965
1	-3316
0	-3242
0	-3309
1	-2593
1	-3323
0	-2593
1	-2288
1	-3480
1	-3211
0	-3433
0	-3304
0	-2775
0	-3411
0	-3445
1	-2484
1	-3191
1	-3153
0	-1798
0	-2808
0	-3225
0	-2980
1	-3241
0	-3458
0	-2842
0	6733
0	-1885
0	-3445
0	-3227
0	-3381
1	51970
1	-3515
1	47452
0	-3030
1	-3106
0	-1469
1	-3083
1	-3506
1	9132
1	-2150
1	-1168
1	52112
1	-3022
0	2581
1	-2083
1	-1993
1	-3132
1	-3238
0	-3278
1	-2958
1	-2993
1	-2781
1	-3460
1	44968
1	46624
1	-3040
1	-3449
1	-3254
0	9425
1	-3335
0	-3048
1	-932
0	-2890
1	-1971
1	-3140
0	18878
0	2024
0	-2689
1	-3239
0	-1228
0	-546
1	-3490
1	6695
1	-2688
1	-3391
1	-2747
0	-3199
1	-1496
1	-2982
0	-3257
1	-2801
1	-3171
1	-2334
1	-1106
1	-3726
0	-3075
0	-3548
0	-3203
0	-3098
1	1076
0	-2870
1	-2653
1	-3262
0	-1789
1	-1666
1	-3464
1	52131
1	-2918
1	-2985
0	-3262
0	-3336
0	-3222
0	-3516
0	-3083
0	-3207
1	-3565
1	-3149
0	-3598
0	-3047
0	-3070
0	-3447
0	-2980
1	-2887
1	-2969
1	-3239
1	-3368
0	-1793
1	-2810
0	-3634
0	48422
1	-3374
1	-3315
1	-2800
1	-2558
1	-2955
1	-3184
1	-2651
1	-3454
0	-3150
0	-2805
1	-3431
1	-2662
1	-3519
0	-3101
0	-3172
0	-3449
0	-2136
0	-3338
0	-3092
0	43179
0	27828
0	-2085
1	46503
1	-2385
0	-3033
1	-3358
1	-3631
1	-2391
0	-2455
1	-3166
0	-3455
1	-2628
1	-3024
0	-3220
1	43669
0	-2481
1	-2736
1	-3251
1	-3086
0	-3118
0	-2771
1	-2877
0	-3512
1	-3113
1	-3175
0	9845
1	-2914
1	-3162
1	-3442
0	-2943
1	-3256
1	-3548
0	-3431
0	-2672
1	-2533
1	-2365
1	-2879
0	-2741
1	-1100
1	1870
1	-3565
1	-2916
0	-3616
1	-2615
0	-3223
0	-2914
1	-3150
1	-3538
1	-2197
0	-3156
1	-2473
0	-3431
0	-3630
1	-3049
0	2693
0	48711
0	-3342
1	-2945
1	17442
0	-3298
0	-3125
0	18085
0	-2582
0	-1979
1	-3295
0	3524
0	-1026
0	-2834
1	-2784
0	-3441
0	-3536
0	-3225
1	-3094
0	-3171
1	-3355
0	52224
0	-3567
0	-1308
0	-2718
1	45751
0	717
1	-3207
1	-2945
0	-3551
0	43495
0	-3332
1	3569
1	-2890
1	-2552
0	-3126
1	-1974
1	-3387
1	-3158
1	-3080
0	7064
1	-3309
1	-1576
0	-3033
1	-3457
0	-1823
0	-2804
0	28454
0	-2633
1	-1970
1	33565
0	-2468
0	-3155
1	-3283
0	-2699
0	-3398
0	-3438
1	-2688
1	-3386
1	-2873
0	-3105
0	-2843
1	-3524
0	-3495
1	-3165
0	-3354
1	-2991
0	-802
1	32860
0	-1938
0	-1598
1	-2198
1	-2544
1	-3289
0	-3280
0	-3306
1	-2004
0	50502
0	-3025
0	5721
1	-3022
0	-3098
1	-3476
1	-3268
1	-3182
0	-3624
1	-3007
1	-3187
1	9985
1	5158
0	6694
1	-1683
1	-3371
1	-2826
0	-2559
0	-52
0	-2866
0	-3469
0	-2653
1	-3192
0	-1355
0	3518
0	-2881
0	-2141
0	8009
0	-3147
0	-3399
0	-3369
0	-2578
1	4563
0	-3001
0	6134
1	965
0	-2679
0	-3366
1	7536
1	51802
1	-3281
0	496
0	-3026
1	-2946
1	-3195
0	-2942
0	-2646
0	-1917
0	-3143
0	35007
0	-3084
1	-3210
1	-3353
1	-3190
0	-3574
1	-2853
1	2277
0	-1772
0	-3319
0	-2795
0	-3340
1	-3241
0	-2929
1	3924
0	-1331
1	9269
0	-3008
0	-2611
1	-3331
1	-3354
1	-1398
1	-2618
0	1814
1	-3026
0	-3459
0	-3563
0	45776
0	-3175
1	-3014
1	1749
0	-3157
0	29841
0	-3062
1	18034
1	-3307
1	-3164
0	-3694
0	-2494
0	-2689
0	-2816
0	-3300
1	-2945
0	-1954
0	-3487
1	-1467
0	-2916
1	-2680
0	-2309
1	-3428
1	-3353
0	-2900
0	4014
0	-3333
1	-3733
1	-2520
1	-2937
1	-1996
1	-3355
1	1700
1	-3265
1	-2896
0	5196
0	-2490
1	-3257
1	-3104
1	-2970
1	-3659
1	-3027
0	-3492
0	37
1	3225
1	-3489
1	-3235
1	-2946
0	52218
0	5514
0	37783
0	-2962
1	-3400
1	-2576
1	52022
1	-2794
1	-3415
0	-3012
0	-3511
0	-3663
0	-2852
1	-3605
0	-2993
0	-2619
0	-3105
1	-2842
1	-3057
1	-3218
1	-2267
0	-2800
0	-1614
0	-2957
1	-3259
1	-3310
1	-3253
0	-1505
0	-3776
0	-3260
0	-3133
0	-3081
0	-3463
0	-2583
1	100
0	-3480
1	2800
1	-3311
1	-3450
1	-3712
1	2226
0	-3019
1	-3370
0	-3226
1	-2944
0	-2780
0	-3686
0	-3370
1	52220
1	-2520
1	-2779
1	-2739
0	-3479
1	-3496
0	-2964
0	-3158
0	-1578
1	-3200
1	-2261
1	-3248
0	-2802
0	-3038
1	-3335
0	-2726
1	-2237
0	-3015
1	-2977
0	4393
1	-3254
0	-176
0	-2256
0	-3066
0	-2046
1	1103
0	-3148
1	-3309
1	-2521
0	-3470
0	-3236
0	-3261
0	-3017
1	-3156
1	-3173
0	-1799
1	-3366
0	6320
1	-1413
1	-3380
1	-2568
1	-3446
1	-3122
0	-2901
0	-3393
0	-3111
1	-3274
0	23649
0	-1846
0	-3172
1	-3113
0	-3474
0	-3144
0	-3355
1	-3361
0	-3186
1	-2305
1	-3364
0	-2869
1	-3400
1	37589
1	-3259
0	-3323
1	-1204
1	-2937
0	-3464
1	-1213
0	-2836
1	-3030
1	-3106
1	40306
1	-2304
0	-2894
0	-1471
1	18710
1	-1458
1	645
1	-3109
1	-3332
0	-541
1	8581
0	-492
0	-2343
0	-3442
1	-3105
0	-3139
1	9925
1	-2858
1	-3649
0	-1740
1	-3172
0	-3109
0	-3137
0	-3194
1	14747
1	-3412
0	-2347
1	-3256
1	-3384
1	-3009
0	-3515
1	1617
0	-3690
1	1211
0	-3384
1	-3363
0	34409
0	-3170
1	-2158
1	-3408
0	-1838
1	9990
0	-3412
0	-3263
0	-3293
1	-2357
1	-3088
0	-2297
1	-2296
0	-2980
1	7609
0	-3345
0	-3454
0	-3462
0	-2925
1	-3599
0	-2612
0	-1460
0	-2605
0	-1723
1	-3319
1	3795
1	333
1	5187
0	-3230
0	-3590
1	-3112
1	-3278
0	-3049
0	-3014
0	-2448
0	-1690
1	8078
1	-3303
0	-3262
1	1538
0	3201
0	-3613
1	-3390
1	-1683
1	-3206
0	2260
1	20485
1	27626
0	-3158
1	-3043
1	-2998
1	-2748
0	-2894
1	-2376
0	7262
1	-2713
1	7944
0	-3424
1	-2963
0	-3505
0	-3211
0	45998
1	-3543
0	-3638
1	-3218
0	-2043
1	-3293
0	15809
1	-3631
0	-3563
1	52174
1	-3322
0	-1799
0	-3390
0	-3555
1	-3117
0	-3349
0	-1498
1	-3567
1	-2919
1	-3150
1	-3286
0	-1298
0	-3335
1	-3462
0	-2883
0	-3184
0	-1859
1	-3317
1	-3304
1	-3448
1	-3206
0	-3270
1	-3048
1	-1837
0	42958
1	-3258
1	-3501
0	21777
0	-806
0	-3345
0	-2496
0	-2781
0	463
1	-835
1	-3318
0	-3441
0	-954
0	-2464
1	-2834
1	-3589
0	1234
1	13699
1	-2763
1	-2907
0	-2927
1	-3373
1	-3292
1	-3217
0	-3426
1	-3294
0	-3511
0	-2992
1	-3131
1	1966
1	-3032
1	-3495
1	-3466
1	-909
0	-3205
0	-2219
1	14649
0	-2469
1	1307
0	151
1	-1405
1	-2601
0	-3011
1	-2784
0	-2337
0	-645
0	-3362
0	52109
1	-3288
1	-2882
0	-2786
0	-617
0	-3455
0	52212
1	-3173
0	-3547
1	-3403
0	-3565
1	-3075
1	-3050
0	-3292
0	-2055
0	-2714
0	-3157
1	-3372
1	-3178
1	14246
0	-3269
1	-3002
1	-1801
1	101
1	-3477
0	-3265
1	-1743
0	-2824
0	-2517
1	-875
0	-3470
1	-3009
1	151
1	32828
1	-3623
0	-2395
1	-2918
1	-3259
1	-2768
1	-3056
0	-3459
1	6946
0	-3544
1	-3514
1	-2918
0	-2201
0	-2965
0	-3619
1	-2956
1	252
0	-3172
0	-3493
1	-3203
1	34647
0	3147
1	-3362
0	-2941
0	-3139
0	-3423
1	-3375
0	-2727
1	-3026
0	-1814
1	-2941
1	-3239
1	-3071
0	-2410
1	-2827
1	-3014
1	-3297
0	-1728
0	-3371
1	-2984
1	36907
0	-2776
0	-3375
1	-3259
1	-3138
0	6574
0	-2734
0	710
1	-3522
1	27794
1	-3215
0	-2770
0	-3404
1	-3242
1	-3128
0	-3241
1	-3481
1	-1512
1	-3100
1	-3025
0	-3233
0	-3406
0	-3387
1	-3470
0	-3425
1	-3434
0	37922
0	-1689
1	-3344
0	8526
1	42127
0	-3400
1	-2694
0	-2990
0	-3455
1	-2734
1	-2999
0	-3287
0	-3300
1	-3304
0	-3629
0	-2801
1	-2642
0	33794
1	-2983
0	-3000
0	282
0	-3372
0	-3343
1	48990
0	-3148
1	-2501
1	43125
0	-1886
0	-3579
0	-3359
1	-1419
0	-2524
0	-3542
0	-1160
1	-3079
0	-202
1	-3258
1	-2041
0	-3221
0	-2953
0	-2997
0	-3298
0	-3504
1	-3411
1	-2971
1	51792
1	2743
1	-3162
0	48017
1	-2913
0	-3056
1	-3269
0	-3262
0	-3186
0	-2854
1	-2959
1	-3127
1	-3365
1	-3202
1	-3687
1	-1941
1	-2982
1	-3319
1	-3021
1	-3051
1	-3490
0	-3453
0	-3041
0	-2977
1	28482
1	-3267
1	-574
0	-2554
1	-3255
0	-3453
0	-1403
1	-3573
1	-3560
1	-2813
0	-3091
0	-3107
0	3921
1	-3281
1	1182
1	-3167
1	-2963
0	-987
0	-2749
0	34628
1	-3047
1	-3254
1	-3517
0	-2395
1	-3543
1	-3200
1	-2814
0	-3333
0	-1168
0	-3165
1	-3158
1	48003
1	3564
0	-2796
1	3067
0	13156
0	-3702
1	-3230
0	-2031
1	-245
0	5110
1	1921
0	51564
1	-2901
1	-3378
0	13070
0	-2915
0	-3282
0	-582
1	-3020
1	-3284
1	-507
1	-1460
0	-2726
1	-2659
0	-3305
0	-3131
1	-2996
1	4556
1	-3704
1	40
1	-3241
0	-1686
1	-2960
1	-1584
0	-3089
0	-2885
1	-3446
1	300
1	-3633
1	-3369
0	-2721
0	-3491
0	-2798
0	-3335
1	-2676
1	20039
0	-3058
1	-3044
1	-2817
0	-2479
0	-3504
0	-108
1	-3233
0	-3338
0	13980
0	-3100
1	-2505
0	-2945
1	-3495
1	41179
1	-2414
1	-2891
1	-3064
0	-2625
0	-3509
1	-3608
0	-3396
1	-2175
0	-3449
1	-3237
1	-3069
0	-2857
0	-3542
0	5830
0	-2782
1	-3359
0	-2894
1	-3241
0	-3635
1	-3163
0	-3513
0	-1868
0	-3270
1	-3384
1	-3624
0	-2250
0	-951
0	-3415
1	-3327
1	28768
0	-3363
0	-2775
0	-3000
1	-2730
0	-1648
0	-2436
0	-3153
0	-1944
1	-2127
1	-3274
0	-2550
1	-2596
1	-2754
1	-3249
1	-3350
1	-2760
0	-3065
0	-3323
0	-3313
0	-2787
0	-3263
0	20430
0	-2616
0	-3419
1	-2178
1	-3339
0	-3159
1	-2989
0	-3283
1	-3205
1	-3351
1	-3620
0	13924
1	-3551
1	-2990
0	-3594
1	-3626
0	-3044
0	-3404
1	-3165
1	556
0	-3204
0	-609
1	-1986
1	-931
1	3529
0	-3532
0	-3121
1	-3237
0	-2385
0	-1976
0	-3613
0	5387
0	-3444
1	-3712
0	-3426
1	-1053
0	-3519
0	-3237
1	-1946
1	-3194
0	-3558
1	14519
0	-3059
0	-2824
0	-3530
0	-2677
1	-3306
1	-3233
1	50956
1	-3335
0	10704
1	-3398
0	-3111
1	-3157
0	-3109
0	-3154
1	-3374
0	-2648
0	-3172
0	-3296
0	-3653
1	-1197
1	-3027
1	-3346
0	-3316
0	-2874
1	-3647
1	-3086
0	-3367
1	-3443
0	1622
1	-3352
1	-1488
0	-2872
0	-2883
0	-3275
1	3342
0	260
0	-3516
0	-3384
1	-3523
1	-1125
1	-2644
1	-2485
0	-2497
1	-3482
0	-3075
1	-3095
1	20629
0	-2401
1	-3218
0	-2915
0	-3478
1	-3572
1	-3257
1	1013
1	-2134
0	-3368
0	-3709
0	-3239
1	-3230
1	-3277
0	-3432
0	-3587
0	-1613
0	-2986
1	-3446
1	-2893
1	-3192
0	-3529
0	-2980
1	-562
1	21416
0	38154
0	-3483
1	2411
0	-2977
1	1094
0	-3347
1	-3537
0	40503
1	-3357
1	-3627
1	-3147
0	-2680
1	-2818
1	-3109
1	-3402
1	4138
1	-3187
1	-3063
0	-2952
0	-3294
0	-3621
0	-3001
1	-2582
0	-2852
0	-3306
1	-3448
1	-2960
0	-3215
1	-1661
1	-3444
0	-3579
1	-3279
1	-3075
1	-3391
0	-3199
0	-3149
0	15685
0	41450
0	-3399
1	-3492
1	-3279
1	-2943
1	-2258
0	-3116
0	-2996
1	-2698
0	-974
1	-3023
1	3902
1	-2683
1	-134
0	-2599
0	-3237
1	-3311
0	-2508
0	-2291
0	-2893
1	-2788
0	51148
0	-3019
1	-3723
1	-2576
0	10082
1	-3177
1	-3544
0	-3661
0	12021
0	-3046
0	-3386
1	-3033
1	-1079
0	-3291
0	-2780
1	-3259
0	-3346
1	-3182
0	-2856
0	-3505
1	-3009
0	-2664
1	-3440
0	-2634
1	-2184
0	-3332
0	-2595
1	-3183
1	-2783
1	-3629
0	2650
0	-3005
0	-3407
0	-3074
1	-1852
1	-3267
1	52206
0	-2462
1	-3064
0	-3265
0	47902
0	-3559
1	-3148
1	-2686
0	-3473
1	-3093
1	-2565
0	-3084
0	-3305
0	51162
1	-3475
0	-2123
1	-2686
0	-1991
1	-3072
1	-3072
1	18466
1	-3063
0	-3123
0	-678
0	-3289
0	-2307
0	-3223
0	-3287
1	-3135
1	-3401
0	-2961
0	-3247
1	-1599
0	-3591
0	-3162
0	30007
1	-3481
1	-3073
1	-2792
1	-2890
0	9483
0	-857
1	-3415
0	-2978
1	-2549
1	-3550
1	-3279
1	-3442
1	-3429
0	-2726
1	-3142
1	-1930
0	-1374
0	-3385
1	-3261
0	4526
1	-3453
0	-2826
1	-3244
1	-1901
1	-3588
1	-2808
0	-2467
0	-1977
0	-2990
