1	-4416
0	23557
1	23556
1	-4416
1	-4416
1	-4416
1	-4416
1	-4416
1	23556
1	-4416
1	-4416
1	-4416
1	-4416
1	-4416
1	-4416
1	-4416
1	-4416
0	-4416
1	-4416
1	-4416
1	-4416
1	-4416
1	-4416
0	-4416
0	-4416
0	-4416
0	-4416
1	-4416
1	-4416
0	23557
1	-4416
1	-4416
1	-4416
1	-4416
0	-4416
0	20724
0	-4416
1	-4416
1	23476
0	23557
1	-4416
0	-4416
1	-4416
0	-4416
1	-4323
1	-4416
1	-4416
1	-4123
0	-4416
0	-4416
1	-4416
1	-4416
1	-4416
1	-4416
1	-4416
1	-4416
0	-4416
1	-4416
1	-4416
1	23554
1	-4416
0	-4416
1	-4416
1	23525
1	-4416
1	-4416
1	23556
0	23557
0	-4416
0	23543
1	23556
1	-4416
0	-4416
1	-4416
1	-4416
1	-4416
1	-4416
1	-4416
0	-4416
0	2937
1	-4416
1	-4416
1	-4413
1	-4416
1	-4416
1	-4416
1	-4416
1	-4416
1	-4416
1	-4416
0	-4416
1	-4416
1	-4408
0	23557
1	-4416
1	-4414
1	-4416
1	-4416
0	23557
0	-4416
1	-4416
0	-4416
1	-4416
0	-4416
1	-4416
1	-4416
1	-4416
1	-4416
0	-4416
0	-4416
1	23556
1	23556
1	-4416
1	-3918
1	-4416
0	-4416
0	-4416
1	-4416
1	-4416
0	-4416
1	-4219
1	-4416
0	23284
1	-4416
1	-4416
1	-4416
1	-4416
1	23557
1	-4416
1	-4373
1	-4416
1	-4416
0	-4416
1	-4158
1	21210
1	-4416
1	-4416
0	-4416
1	-4416
1	-4416
1	-4416
1	-4416
1	-4416
0	-4416
1	-4416
0	-4416
0	-4416
1	-4416
0	-4416
1	-4416
0	-4416
1	23552
1	-4416
1	-4416
1	-4416
1	-4416
1	-4416
1	-4416
1	-2716
1	-4416
1	-4416
1	-4416
0	23557
1	-4416
1	-4416
1	-4416
1	-4416
1	-4416
0	23557
1	-4416
0	-4416
1	23556
1	-4416
0	23557
1	-4416
1	23447
1	-4416
1	-4416
0	23557
1	-4416
0	23557
1	-4416
0	-4416
1	-4416
1	23557
0	-4416
1	-4416
1	-4416
0	-4416
1	23556
1	-4416
0	-4416
1	-4416
1	-4416
1	-4416
1	-4416
1	-4416
1	-4416
1	-4416
1	-4416
1	-4416
1	3227
1	-4416
1	-4416
1	23556
1	-4416
1	-4416
1	-4416
1	-4416
1	-4416
0	-4416
1	23557
1	-4416
1	23556
1	23556
1	-4416
1	1079
1	-4416
1	-4416
1	-4416
0	23557
0	-4416
1	23556
1	-4416
1	-4416
0	-4416
1	-4416
0	-4416
1	-4416
1	-4416
1	-4416
1	-4416
1	-4416
0	-4416
1	-4416
1	22809
1	-4416
0	23557
1	-4416
1	-4416
0	-4416
1	-4416
0	-4416
1	-4416
0	-4416
1	-4416
1	23556
1	-4416
1	-4416
0	-4416
1	-4393
1	-4416
1	23556
0	-259
1	-4416
0	23555
1	-4416
1	-4416
1	-4416
1	23556
0	-4416
1	-4416
1	23366
1	-4416
0	-4416
0	-4416
0	-4416
1	-4416
1	23555
0	-4416
1	-4416
1	23538
0	-4416
1	-4359
1	23556
0	-776
1	-4416
0	-4416
1	-4416
1	-4416
0	17805
0	12428
1	-4416
1	-4416
1	-4416
1	-4404
0	-4416
0	-4416
1	-4416
0	-4416
1	-4416
1	-4416
1	-4416
1	23557
1	-4416
1	-4416
1	-4416
0	-4416
1	-4416
0	-4408
0	-4416
1	-4416
1	-4416
1	-4416
1	-4416
1	-4416
0	23557
1	-4416
1	-4416
1	-4416
1	-4416
0	-4416
1	-4416
0	-4416
1	-4416
0	-4416
0	-4416
1	-4416
1	-4416
0	-4416
1	-4416
1	-4416
1	-4416
1	-4416
1	-4416
0	-4416
1	-4416
1	23556
1	-4416
0	23557
1	-4416
0	23556
0	-4416
0	-4416
0	-4416
0	23557
1	-4416
1	-4416
0	23557
1	23557
0	-4416
0	-4416
0	-4416
1	-4257
1	-4416
1	-4416
0	-4416
0	-4416
1	-4416
1	-4416
1	-4416
1	23556
1	23556
0	23556
1	-4416
1	-4416
0	-4416
1	23550
1	-4416
0	-4416
0	-4416
1	-4416
1	-4416
1	-4416
0	-4416
1	-4416
0	-4416
1	-4416
1	-4416
0	-4416
0	-4414
1	23556
1	-4416
1	6470
1	23447
0	-4416
1	-4416
1	-4416
0	-4416
1	-4416
1	-4416
0	-4416
1	-4416
1	-4416
1	-4416
1	-4416
1	-4416
0	-4416
1	-4416
1	-4416
1	-4416
0	-4416
1	-4416
1	-4416
1	-4416
1	-4416
1	-4416
1	-4416
1	-4416
1	-4416
1	23556
0	23362
1	-4416
1	23556
0	23557
0	-4416
1	-4416
1	-4416
0	23557
0	-4416
1	-4416
1	23498
1	-4416
0	-4416
1	-4416
1	23556
0	-4416
1	-4397
0	23557
0	23229
1	-4344
1	-4416
1	-4416
0	-4416
1	23557
1	-4416
1	-4416
1	-4416
1	-4416
1	-4416
1	-4416
1	-4416
1	-4416
1	-4416
1	-4416
1	-4416
1	-4416
0	-4406
1	-4416
0	-4416
1	-4416
1	-4416
0	-4416
1	-4416
1	-4416
1	23556
1	-4416
0	-4416
1	-4416
1	-4416
1	-4416
0	-4416
1	-4416
0	-4416
0	-4416
1	-4416
1	-4416
1	17140
1	-4416
1	-4416
1	-4416
1	-4074
1	-4416
1	-4416
1	-4416
1	23556
1	-4416
0	23557
1	-4416
1	23557
0	-4416
1	-4416
1	-4416
1	-4416
1	-4416
1	23556
1	-4416
1	-3114
1	-4416
1	-4416
1	-4416
1	-4416
1	-4416
1	-4416
1	-4416
1	-4416
0	-4416
1	-4416
1	-4416
1	-4416
1	-4415
1	23556
1	-4416
0	-4416
1	-4416
1	-4416
0	-4416
0	-4416
1	-4416
1	15655
1	-4416
1	-4416
1	-4416
1	23556
1	14824
1	-4416
0	-4416
1	-4416
1	-4416
1	-4416
1	-4416
0	-4416
0	20466
1	23531
1	23556
1	-4416
0	-4416
1	-4416
1	-4416
1	-4416
1	-4416
0	-4416
0	-4416
1	23556
1	-4416
1	-4416
0	23541
1	-4416
1	23556
1	-4416
1	-3887
1	-4416
0	-4416
1	-4416
1	-4416
1	23425
1	-4416
0	23557
0	-4416
1	-2155
0	-4416
1	-4416
0	23557
1	-4416
1	-4416
0	-4416
1	-4414
1	-4416
1	-4416
1	-4416
1	-4416
1	-4416
1	-4416
1	-4416
1	-4416
1	-4416
0	-4416
1	-4416
0	-4416
0	-4416
0	-4416
1	-4416
1	-4416
1	-4416
0	-4416
1	-4416
1	-4416
1	-4416
1	-4416
1	-4416
1	-4416
0	23557
1	-4416
1	-4416
1	-4416
1	-4416
0	-4416
0	-4416
1	-4416
0	-4416
1	-4416
1	-4416
1	-4416
0	23557
1	-4416
1	23556
1	-4416
1	23556
1	-4416
0	23557
1	-4416
1	-4416
1	-4416
1	23554
1	-4416
0	-4416
1	-4416
0	-4416
1	23556
0	-4416
1	-4416
0	-4416
1	-4416
1	-4416
0	-4416
1	-4416
1	23556
1	-4416
1	-4416
0	-4416
1	-4416
1	-4416
1	-4416
1	-4416
1	-4416
1	-4416
1	-4416
1	3698
1	-4416
1	-4411
1	23557
1	-4416
0	-4416
1	23557
1	-4416
0	23557
1	-4416
0	-4416
1	-4416
1	-4416
0	-4416
1	-4416
1	23552
1	-4416
1	-4416
1	23537
1	-4416
0	-4416
1	-4416
1	-4416
0	-4416
0	-4416
0	-4416
1	-4416
0	-4416
0	-4416
1	-4416
1	-4416
0	-4416
1	-4416
1	-4416
1	-4416
1	-4416
1	23466
0	-4416
1	-4416
0	-4416
1	-4416
1	-4416
1	-4416
1	23557
1	-4416
1	-4416
1	-4416
1	-4416
1	-4416
1	-4416
1	-4416
0	-4416
1	-3143
1	-4416
1	-4416
0	-4415
1	-4416
1	23556
1	-4416
1	-4416
1	-4416
1	-4416
1	-4416
1	-4416
0	-4416
1	-4416
1	-4416
1	-4416
0	-4416
1	-4416
0	-4416
0	-4416
1	-4416
0	-4416
1	-4416
1	-4379
1	-4416
1	-4416
1	23557
1	23553
1	-4416
1	-4416
1	20762
1	23556
1	-4416
1	-4416
0	-4416
1	-4416
0	-4416
0	-4416
1	23299
0	-4416
1	23556
1	-4416
1	-4416
1	-4416
0	-4416
1	23556
0	-3784
1	-4416
1	-4416
1	-4416
1	-4416
0	-4416
1	-4373
1	23556
1	-4416
1	-4416
1	-4416
1	-4416
1	-4416
0	-4415
1	-4416
1	23556
0	-4416
1	-4416
1	-4416
1	-4416
1	-4416
1	-4416
1	-4416
0	-4416
0	23554
1	-4416
1	-4416
1	23556
0	-4416
1	-4416
1	-4416
0	-4416
1	-4416
0	-4416
1	-4416
1	-4416
0	23557
1	-4416
0	-4416
1	-4416
1	-4416
1	-4416
1	-4416
1	-4416
1	-4416
1	23556
1	-4416
1	23556
1	-4416
0	-4416
0	-4416
1	-4416
1	-4416
0	-4416
1	-4416
0	-4416
1	-4415
1	23556
1	23434
0	-4416
0	-4416
1	-4416
1	-4416
1	-4416
1	22721
1	-4416
0	-4416
1	-4416
0	-4416
1	-4416
1	12337
1	-4416
1	23556
1	-4416
1	-4416
1	-4416
1	-4416
1	-4416
0	-4416
0	-4416
0	23557
0	-4416
0	-4416
1	23556
1	-4416
1	-4416
1	-4416
1	-4416
1	-4416
1	-4416
1	-4416
1	-4416
1	-4416
1	-4416
1	-4416
1	964
1	-4415
0	-4416
1	-4416
0	23557
1	-4416
0	-4416
1	-4416
0	23557
0	-4416
1	-4416
0	-4416
0	23555
1	-4416
1	-4416
1	-4416
0	-4416
1	-4416
1	-4416
0	-4416
0	-4416
0	-3978
0	-4416
1	-4416
1	-4416
1	-4416
1	-4416
0	23243
1	-4416
1	-4416
1	-4416
1	23556
1	-4416
1	-4416
1	-4416
1	-4416
0	23557
1	-4416
1	-4416
1	-4416
1	-4237
0	-4416
1	-4416
1	-4416
0	-4416
1	-4416
1	-4416
1	-4416
0	-4416
0	-4416
1	-4416
1	-4416
1	-4416
0	-4416
1	-4416
1	-4416
1	-4350
0	-4416
1	23556
1	-4416
0	-4416
0	22049
1	-4416
1	-4416
1	-4415
1	-4416
1	-4416
1	12820
1	-4416
0	10096
1	-4416
0	-4416
1	-4416
1	-4416
1	-4416
0	-4416
1	-4416
1	-4416
1	-4416
0	-4416
1	23556
0	-4416
1	-4416
1	-4416
1	-4416
1	-4416
1	-4416
0	-4390
1	-4416
0	23549
1	-4416
0	23557
1	-4416
1	-4416
0	-4416
1	2485
1	-4416
1	-4416
0	-4416
1	-4416
1	23554
0	-4416
1	-4416
1	-4416
0	23155
0	-4416
0	-4416
1	-4416
0	-4416
1	-4416
1	23556
1	-4416
1	-4416
1	22431
1	-4325
0	-4416
1	-4416
0	-4416
0	-4416
0	-4416
0	23556
1	-4416
0	-4416
1	23556
1	23556
1	-4416
1	-4416
1	-4416
1	-4416
1	23556
1	-4416
1	-4416
1	23555
1	-4416
1	-4416
1	-4416
0	23557
1	-4416
1	-4416
1	-4416
1	-4416
1	-4416
1	-4416
1	-4416
0	-4416
1	-4416
0	-4037
1	23548
0	-4416
1	-4416
1	-4416
1	-4416
1	23555
0	-4416
0	-4416
0	-4416
1	-4416
1	-4416
1	-4416
1	-4416
1	-4416
1	-4416
1	-4416
1	16657
1	-4416
1	-4416
0	-4416
1	-4416
1	-4416
1	23556
1	-4416
1	-4416
1	-4416
1	-4416
0	-4416
1	-4416
1	-4416
1	-4416
1	-4416
1	-4416
1	-4416
1	23557
0	-4416
1	-4416
1	-4416
1	-4416
1	23553
1	23403
0	-4416
1	-4416
1	23556
0	-4416
1	-4270
1	-4416
0	-4416
1	-4416
0	17262
1	23556
0	-4416
1	-4416
1	-4416
0	-4416
1	-4416
1	-4397
0	-4416
0	-4416
1	-4416
1	19543
0	-4416
0	-4390
1	23540
1	-4416
1	-4416
0	23537
1	-4416
0	-4416
1	-2780
0	-4416
1	-4416
1	-4416
1	-4416
0	23557
1	23555
1	23556
0	-4416
1	-4416
1	-4416
1	-4416
0	20264
1	-4416
0	-4416
1	-4416
1	-4416
1	-4416
0	-4416
1	23556
1	-4416
0	23557
1	-4416
1	23545
1	-4416
1	-4416
1	-4416
0	-4416
1	-4416
0	-4416
0	-4416
1	19141
0	-4416
1	-4416
1	-4416
0	23557
1	-4416
1	23556
1	-4416
1	23557
1	-4416
1	-4416
0	-4416
1	23556
1	-4416
1	-4416
1	-4416
1	-4416
1	-4416
1	-4416
1	-4416
1	-4416
0	-2979
1	-4416
1	-4416
1	-4416
0	-4190
1	-4416
1	23556
0	23557
1	1076
1	23556
1	-4416
1	-4416
1	-4416
1	-4416
1	-4416
0	23557
0	-4416
1	-4416
1	-4416
0	-4416
1	-4416
1	-4416
1	23556
1	-4416
1	23556
0	-4416
1	-4416
0	-4416
1	-4416
1	-4416
1	-4416
1	23556
1	-4416
1	-4416
0	-4416
1	-4416
1	-4416
1	-4416
1	-4416
0	-4416
1	-4416
1	-4416
0	23557
1	-4416
1	-4247
1	-4416
1	-4416
1	-4416
1	-4416
1	-4416
1	-4416
1	-4416
1	-4416
0	-4416
1	-4416
1	23543
1	-4416
1	-4416
1	-4416
1	-4416
1	-4416
1	-4416
1	-4178
1	-4416
1	-4416
1	-4416
1	-4409
0	-4416
0	-4416
1	-4416
0	23551
0	-4416
1	12580
1	-4299
1	-4416
0	1734
1	-4416
1	-4416
1	-4416
0	-4416
1	-4416
1	-4416
0	-4416
0	-4416
1	-4416
0	-4416
1	-4416
1	-4416
0	-4416
0	-4416
1	23555
1	-4416
1	-4416
1	-4416
1	23556
0	-4416
0	-4416
0	-4416
1	23556
1	23548
1	-4416
0	-4416
0	-4416
0	-4416
1	-4416
1	-4416
1	23102
1	-4416
0	-4416
0	-4416
0	-4416
1	-4416
1	-4416
1	-4416
0	-4416
1	-4416
1	-4416
1	-4416
0	-4416
0	-4416
1	23555
1	-4416
0	-4416
1	-4416
0	23557
1	-4416
1	23556
0	-4416
1	-4416
1	-4416
1	-4416
1	-4416
1	-4416
0	-4416
1	-4416
1	-4416
1	-4416
1	23556
1	-4416
0	21904
1	-4416
1	-4416
0	23557
1	-4416
1	-4416
1	-4416
0	-4416
1	-4416
1	-4416
1	-4416
1	23089
1	-4237
0	23556
1	-4416
1	-4416
1	-4416
1	-4416
1	-3719
1	-4416
1	-4416
1	-4416
1	-4416
1	-4416
1	-4416
1	-4416
0	-4416
1	23556
1	-4416
1	-4416
0	-4416
1	-4416
1	13984
1	-4415
1	-4416
1	23556
1	-4416
1	-4416
1	-4416
1	-4416
1	-4416
1	23556
0	-4416
1	-4416
1	-4416
0	-4416
1	23557
1	-4416
0	17801
1	-4334
1	-4416
1	-4416
1	-4416
1	23556
1	-4416
1	-4413
0	-4416
1	-4416
0	-4416
1	-4416
1	23556
0	-4416
1	-4416
1	-4416
1	23551
1	23555
1	-4416
1	-4416
1	-4416
1	-4416
0	-4416
0	-4416
1	-4416
0	-4408
1	-4416
0	-4416
1	23444
1	-4416
1	23556
1	-4416
0	-4416
0	-4416
1	-4416
1	-4416
0	-4416
1	-4416
1	-4416
1	-3560
1	23556
0	-4416
1	23556
1	23556
0	-4416
0	-4416
1	-4416
1	-4416
1	-4416
1	-4416
0	-4416
1	23557
1	-4416
1	-4416
0	-4408
1	-4416
0	23557
1	-4416
1	13759
1	-4416
1	-4416
1	23556
1	-4416
0	-4416
0	-4416
1	-4416
1	-4416
0	-4416
1	-4416
0	17098
0	-4416
0	-4416
0	23300
1	-4416
0	-4416
1	-4398
0	23557
1	-4416
1	23550
0	-4416
0	-4416
1	-4416
1	-4416
1	-4416
1	-4416
1	-4416
1	-4416
0	-2905
1	-4416
0	-4416
1	-4416
1	-4416
1	-4416
0	-4416
1	14133
0	23557
1	-4416
0	-4416
1	-4416
1	-4416
0	-4416
0	-4416
0	23377
0	-4416
1	-4416
1	-4416
1	-4416
1	-4416
0	23557
0	-4416
1	-4416
1	-4416
0	-4416
0	23308
1	23556
1	-4055
0	-4416
1	22048
1	23556
1	23556
1	-4416
0	-4416
0	-4408
1	-4416
0	-4416
1	-4416
1	-4416
1	-4203
0	-4416
1	-4416
1	-4416
1	-4416
1	-4416
1	-4416
1	-4399
1	-4416
1	-4416
1	-4416
1	-3214
1	-4416
1	-4416
1	-4416
0	-4416
1	-4416
1	-4416
0	23557
0	-4416
1	-4416
1	-4416
1	11810
1	23557
0	-4416
0	-4416
0	23557
1	-4416
1	-4416
1	20554
1	-4416
1	23556
1	-4416
0	-4416
0	-4416
1	-4416
1	-4416
0	-4416
1	-4416
0	-4416
1	-4416
0	-4416
1	-4416
1	23557
1	-4416
1	-4416
0	23557
1	-4416
1	23557
0	-4416
1	-4416
0	-4416
1	-4416
1	-4416
0	-4416
1	-4416
1	23502
1	-4416
1	-4416
0	-4416
1	-4416
1	23531
1	-4416
1	128
0	-4413
1	-4416
1	-4416
1	-4416
1	-4416
1	-4416
1	23549
1	-4416
0	-4416
0	23557
1	-4416
0	-4416
1	-4416
1	23048
1	19829
1	-4416
1	-4416
1	-4416
0	23543
1	-4416
1	-4416
1	-4416
1	-4416
1	23556
0	-4416
1	-4416
1	-4416
1	-4416
0	-4416
1	-4416
1	-4416
1	-4416
1	-4416
0	-4416
1	23440
1	-4416
1	-4416
1	-4416
0	-4416
1	-4416
1	-4416
1	-4416
1	-4416
1	-4416
1	-4416
0	23472
1	-4416
1	-4416
1	-4416
1	-4416
1	23556
1	-4416
1	23359
0	23557
1	-4416
0	-4416
1	-4416
0	-4416
1	-4416
1	-4416
1	-4404
1	23556
1	-4416
1	-4416
1	-4416
1	-4416
1	-4416
0	-4416
1	-4416
1	-4416
0	-4416
0	-4416
1	-4416
1	-4416
0	-4416
1	-4416
0	-4416
0	-4416
0	23557
1	-4416
1	-4416
1	-4416
1	-4416
1	-4416
1	-4416
0	-4416
1	23556
1	-4416
1	-4416
0	-4416
1	-4416
0	-4385
1	-4416
1	-4416
0	-4416
1	-4416
1	-4416
0	-4416
1	23555
1	-4412
1	-4416
0	-4416
1	23539
1	-4416
1	-4416
1	-4416
1	-4416
1	-4416
1	23556
1	-4416
1	-4416
1	-4416
1	23556
1	-4416
1	-4416
1	-4416
1	-4416
0	-4416
1	-4416
1	-4416
0	-4416
1	-4416
1	-4416
0	-4416
1	-4416
1	-4416
1	23556
1	23531
1	-4416
0	-4416
1	-4416
1	-4416
1	-4416
0	-4371
1	23557
0	23556
0	-4416
0	-4416
1	-4416
0	-4416
1	23557
1	-4416
1	-4416
1	-4416
0	-4416
1	-4416
1	-4416
1	23528
1	-4416
1	-4416
1	-4416
1	-4416
0	23504
1	-4416
1	-4416
0	-4416
1	-4416
1	-4416
1	-4416
1	-4416
0	3955
1	-4416
0	-4416
1	-4416
1	-4416
1	23556
1	-4416
1	23556
0	-4416
1	-4416
1	15040
1	-4416
0	-4416
1	-4416
1	-4416
0	-4416
1	-4416
1	-4415
1	-4416
1	-3668
1	-4416
1	-4416
1	-4416
1	-4416
1	-4416
1	-4416
1	-4416
0	-4416
0	23517
0	-4358
1	-4416
1	-4416
0	-4416
1	-4416
1	-4416
1	-4416
1	-4416
0	-4416
1	-4416
0	-4416
0	-4416
1	23488
0	-4416
1	-4416
1	-4416
0	23557
1	-4416
1	-4416
1	-4416
1	-4416
0	-4416
1	-4416
0	23557
1	-4416
1	23556
1	-4416
1	23556
0	-4416
0	-4416
1	-4416
1	-4416
1	-4416
0	23499
1	-4416
0	-4416
1	16640
0	-4416
0	-4416
1	-4416
1	-4416
1	-4416
1	-4416
1	-4416
1	-4416
1	23556
1	-1530
1	23556
0	23557
0	-4416
1	23556
1	-4416
1	23539
1	-4416
1	-4416
1	-4414
1	-4416
0	-4416
1	-4416
1	23290
1	-4416
1	23551
0	-4416
1	-4416
1	-4416
1	23557
0	-4416
1	23556
0	23557
0	-4416
1	-4416
1	3215
1	-4416
1	-4416
1	-4416
1	-4416
0	-4416
0	-4416
1	-4416
0	-4416
1	-4416
1	-4416
1	-4416
1	-4416
1	-4416
1	-4416
1	-4416
1	-4414
1	-4416
1	-4416
1	-4416
1	-4416
1	-4416
0	-4416
0	-4416
1	-4416
1	-4416
1	21645
1	-4416
1	-4416
0	-4416
1	23556
1	-4416
1	-4416
0	-4416
1	23556
1	-4416
0	-4416
1	-4416
1	-4416
0	-4416
0	-4416
1	-4416
1	-4416
1	23556
0	-4416
1	-4416
0	-4416
1	-4416
0	-4416
1	-4416
1	-4416
1	-4416
0	-4416
0	-4416
0	-4416
1	-4416
1	-4416
0	-4416
1	23557
1	-4416
1	23556
1	-4416
0	-4416
1	-4416
0	-4416
1	-4416
1	23556
1	-4416
1	-4416
1	-4416
1	6684
1	-4416
1	-4416
1	23556
1	-4416
0	-4416
0	-4416
1	-4416
1	-4416
0	-4416
1	-4416
0	-4416
1	-4416
1	-4416
1	23556
0	23557
1	-4416
1	-4416
1	-4416
0	-4416
1	-4416
1	-4416
1	-4416
1	-4416
1	-4416
0	-4416
1	-4416
1	-4416
1	23454
1	-4416
0	-4408
1	-4416
1	-4416
0	-4416
1	-4416
0	-4416
1	-4416
1	-4416
1	-4416
1	-4416
1	23556
1	-4416
1	-4416
1	23556
1	-4416
1	-4416
1	-4416
1	20252
1	-4416
1	-4416
0	-4416
0	23557
1	-4416
1	23554
1	-4416
1	-4416
1	-4416
1	-4416
1	-4416
1	-4416
1	-4416
1	-4416
1	-4416
1	-4416
1	-4416
0	-4416
1	-4416
1	-4416
1	-3848
1	-4416
1	-4416
1	-4416
0	-4416
1	-4416
1	-4416
1	23106
1	-4416
0	-4416
1	23557
1	-4416
1	-4416
1	-4416
0	-4416
0	-4416
1	-4416
1	-4416
0	23557
1	-4416
1	-4416
1	-4416
0	-4416
1	-4416
1	-4416
1	23556
0	-4416
0	-4416
1	-4416
1	23554
0	-4416
0	-4416
1	-4416
1	-4320
0	-4416
0	-4416
1	7822
1	-4416
1	-4416
1	-4416
1	-4416
1	-4416
1	-4416
0	-4416
1	-4416
1	16860
0	-4416
1	-4416
0	-4416
1	13844
1	-4416
1	-4416
1	-4416
0	-4416
0	-4416
0	-4416
1	-4416
1	-4416
1	-4416
1	-4416
1	-4416
1	23556
1	-4416
0	-4416
1	-4416
1	23557
1	-4416
1	-4416
1	-4416
1	23557
1	-4416
1	-4416
1	-4416
1	-4416
1	23556
0	23535
1	-4416
1	-4416
1	-4416
1	-4416
1	-4416
1	-4416
0	-4416
0	-4416
1	8345
0	-4416
0	-4416
0	-4416
1	-4416
1	-4416
1	-4416
1	-4416
1	23322
1	-4416
0	23479
1	-4416
1	-4416
1	-4416
0	-4416
1	-4416
1	-4416
1	-4416
1	-4416
1	-4416
1	-4416
0	23557
1	-4416
1	-4416
0	-4416
1	-4416
1	-4416
0	22796
1	-4416
0	-4416
1	-4416
1	-4416
0	-4416
1	-4416
1	-4416
0	-4416
1	-4416
1	-4416
1	-4416
0	-4416
1	-4416
1	-4416
0	-4416
0	-4416
1	-4416
0	23557
1	-4416
1	-4416
1	-4415
1	-4416
1	-4416
1	-4416
1	-4416
1	-4416
1	-4416
0	-4416
1	-4416
1	-4416
1	-4416
1	-2683
0	-4416
1	-4416
0	-4416
1	-4416
1	-4416
1	-4416
0	-4416
1	-4416
1	-4416
1	-4416
0	13161
1	23556
0	-4416
1	-4416
1	-4416
1	-4416
1	-4416
1	-4416
1	-4416
1	-4416
1	-4416
1	-4416
1	-4416
1	-4416
1	-4416
1	-4416
1	-4416
1	-4416
1	-4416
0	-4416
1	-4416
1	-4416
0	-4416
1	-4416
1	-4416
1	-4416
1	-4416
1	-4416
1	-4416
1	-3329
1	-3972
0	-4416
1	-4416
1	-4416
1	23502
1	-4416
1	23550
0	-4416
0	-4416
0	-4416
1	-4416
0	-4416
1	-4416
1	-4416
1	23454
0	23557
1	23058
1	-4416
1	-4416
0	23549
1	-4288
1	-4416
1	-4416
1	-4416
1	-4416
1	-4416
1	23556
0	-4416
0	-4416
1	-4416
1	-4416
1	-4416
0	-4416
0	23557
1	-4416
1	-4416
1	-4416
1	23345
1	-4416
1	-4416
1	23536
1	-4416
1	-4416
1	-4416
1	-4416
1	-4416
1	-4416
1	-4416
1	-4416
1	-4416
1	-4416
1	-4416
1	-4416
1	23058
1	-4416
0	-4416
1	-4416
1	-4416
1	-4416
1	-4416
1	-4416
0	-4416
1	-4416
1	-4416
1	-4416
0	-4416
1	-4416
1	23542
1	-4416
1	-4416
1	-4416
1	-4416
1	6522
1	-4416
1	-4416
1	-4416
1	-4416
1	-4416
0	17243
1	18080
1	-4416
1	-4416
1	-4416
1	-4416
1	-4416
1	-4416
1	-4416
1	23556
1	-4416
1	23556
1	-4416
1	-4416
1	-4416
1	-4416
1	-4416
1	-4416
0	-4416
0	-4416
1	-4416
1	-4416
1	-4416
1	-4416
0	-4416
0	23556
1	-4416
1	-4416
0	-4416
1	-4416
1	-4416
1	-4416
0	-4416
1	-4416
1	-4416
1	-4416
1	-4416
1	-4416
0	971
1	-4416
0	23557
1	-4416
0	-4416
1	-4416
1	-4416
1	23556
1	23556
1	-4416
1	-4416
0	-4416
1	-4416
1	-4416
0	-4416
1	-4416
0	-4416
0	-4416
0	23557
1	-4416
0	-4416
1	23406
0	-4416
1	-4416
1	-4416
1	-4416
1	-4416
0	-4416
0	-4416
1	-4416
1	-4416
1	-4416
1	-4416
1	-4416
1	-4416
0	-4416
1	-4416
1	-4416
1	-4416
1	23556
1	-4416
0	-4416
0	23516
0	-4416
0	-4416
0	-4416
1	-4416
1	-4416
1	-4416
1	-4416
1	-4416
1	21738
1	-4416
1	-4416
0	-4416
1	-4416
1	23556
1	-4416
1	23556
1	-4416
1	-4416
1	-4416
0	-4416
1	-4416
1	-4416
1	-4416
0	-4416
1	-4416
1	-4416
0	-4416
1	-4416
1	-4416
1	-4416
1	-4416
1	-4416
1	-4416
1	-4416
1	-4416
1	-4416
0	-4416
1	-4416
0	-4416
1	-4416
0	22687
1	-4416
1	-4416
1	-1870
1	-4416
0	-4416
1	-4416
0	-4416
1	-4416
1	-4416
0	-4416
1	-4416
1	-4416
1	-4416
1	-4416
1	-4416
0	-4416
1	-4416
1	-4416
1	-4416
0	-4416
1	-4416
0	14750
1	-4416
0	23557
1	-4416
1	-4416
1	-4416
1	-4416
1	-4416
1	23481
1	-4416
1	-4416
0	23557
0	-4416
0	23557
1	-4416
1	-4416
1	-1189
1	-4416
1	-4416
0	-4416
1	-4416
1	-4416
0	-4416
0	-4416
1	-4416
1	-4416
1	-4416
1	-4416
0	23557
1	-4416
0	-4416
1	-4416
0	20813
1	-4416
1	23551
0	-4416
1	-4416
1	-4416
1	23556
1	-4416
1	-4416
0	-4416
1	-4416
0	-4416
0	-4416
1	-4416
1	-4416
0	-4416
0	-4416
0	-4416
1	-4416
1	-4416
1	23552
1	-4416
0	23557
1	-4416
1	23555
1	-4416
1	-4416
0	-4416
1	-4416
1	-4416
1	-4416
1	3219
1	23555
1	-4414
1	6509
1	-4416
1	-4416
1	23557
1	-4416
1	23556
1	-4416
1	-4416
1	-4416
1	-4416
1	-4416
1	-4416
1	-4416
1	23556
1	23556
1	-4416
1	-4416
0	-4416
1	-4416
1	-4416
1	23556
0	-4416
1	-4416
1	-4416
1	-4416
1	-4416
1	-4416
1	-4416
0	-4416
1	-4416
1	-4416
0	-4415
1	-4416
1	-4416
1	-4416
1	-4337
0	-4416
1	-4416
0	-4416
0	-4416
1	-4416
0	-4416
1	-4416
1	-4416
0	23557
1	-4416
1	-4416
1	-4416
1	-4416
1	-4416
1	-4416
1	-4416
1	-4416
0	23557
1	-4416
0	-4416
1	-4416
1	75
1	-4416
1	-4416
0	-4416
1	-4416
1	-4416
1	23557
1	-4416
1	-4416
1	-4416
1	-4263
1	-4416
1	-4416
1	5304
0	-4416
1	-4416
1	-4416
1	-4416
1	-4416
1	-4416
1	-4416
1	-4416
1	-4416
0	-4416
0	-4416
0	-4416
0	23557
1	-4416
1	-4416
1	-4416
1	-4416
1	23542
0	-4416
0	-4416
0	-4416
1	-4416
1	-4416
1	-4416
0	-4416
0	23557
1	-3618
1	21960
1	-4416
0	-4416
1	23556
1	-4416
0	1553
1	-4416
1	-4416
1	-4416
1	-4053
1	-4416
0	-4416
1	23556
1	-4031
0	16095
0	16047
0	-4416
1	-4416
1	-4416
1	-4416
1	-4416
1	23556
1	-4416
1	-4416
1	-4416
1	23556
0	-4416
0	-4416
0	-4416
1	-4416
1	-4416
1	23556
1	23556
0	-4416
1	-4416
0	23556
1	-4416
1	-4416
0	-4416
1	-4416
1	-4416
1	-4416
1	-4416
1	-4416
1	-4042
1	-4416
1	-4416
0	-4416
1	-3005
1	23556
1	-4416
0	1039
1	-4416
1	23557
1	-4416
1	-4416
1	-4416
1	-4416
1	-4416
0	-4416
0	-4416
1	23553
0	-4416
1	-4416
1	23548
1	-4416
1	-4416
1	23556
1	23556
0	-4416
0	-4416
0	-4416
0	-4416
1	-4416
0	-4416
1	-4416
1	-4416
1	-4416
1	-4416
0	-4416
1	-4343
1	23547
1	-3088
1	-3496
1	-4416
1	-4416
1	-4416
0	-4416
0	-4416
0	23554
1	-4416
1	-4416
1	-4416
1	-4416
1	-4416
1	-4416
1	-4416
1	-4416
1	-4416
1	-4416
0	-4416
1	-4416
1	-4416
1	-4416
1	-4416
1	-4416
0	-4416
0	-4416
1	-4416
0	-4416
0	-4416
1	-4416
0	-4416
1	-4416
1	-4416
1	-4416
1	-4416
1	-4416
1	-4416
1	-4416
1	14315
1	22889
1	-4416
1	-4416
1	-4416
1	-4416
0	23557
1	-4416
1	-4416
0	-4416
0	23246
1	-4416
1	-4416
1	-4416
0	23557
0	-4416
1	-4416
1	-4416
0	-4416
0	-4416
0	-4416
0	-4416
1	-4416
1	-4416
1	23402
1	-4416
0	-4416
0	-4416
1	-4416
1	-4416
1	-4416
1	-4416
1	-4416
1	-4416
1	-4416
1	-4416
1	-4416
1	-4416
1	-4416
1	-4416
1	-4416
0	-4416
1	-4416
1	22973
1	-4416
1	-4416
1	-4416
1	-4416
1	23556
1	-4416
0	-4416
1	-4416
1	-4416
1	-4416
0	23557
1	-4416
0	-4416
0	-4416
0	-4416
1	-4416
0	-4416
1	-4416
1	-4416
1	-4416
1	23550
0	-4416
0	-4416
1	-4416
1	-4416
1	-4416
1	-4416
0	-4416
1	-4416
1	23556
0	-4416
0	-4416
1	-4416
1	-4416
1	-4416
1	-4416
1	-4416
1	-4414
1	-4416
1	-4416
1	23556
1	23463
1	-4416
0	-4416
1	-4416
1	23555
1	23556
1	-4416
1	23544
1	-4416
1	-4416
1	-4416
1	22072
1	-3007
0	23557
1	-4416
1	-4416
1	-4416
0	23556
0	-4416
1	-4416
1	-4416
1	-4416
1	-4416
0	-4416
1	-4416
1	-4416
1	23556
1	-4416
1	-4416
0	-4416
1	-4416
1	-4416
1	23547
1	-4416
1	23556
1	-4416
0	23557
1	-4416
1	-4416
1	-4416
1	-4416
0	-4416
1	-4416
1	-4416
1	-4416
1	-4414
1	-4416
0	-4416
1	-4416
1	-4416
1	-4416
1	-4416
0	-4416
1	-4416
1	-4416
1	-4416
1	-4416
1	-4416
1	-4416
0	-4416
1	23556
1	-4416
1	23556
1	-4416
1	-4416
0	23557
1	16938
0	-4416
1	-4365
0	-4416
1	-4397
1	-4416
0	-4416
1	-4416
0	-4416
1	-4416
1	23556
1	23556
0	-4416
1	23520
1	-4416
0	-4416
1	-4416
0	-4416
1	23555
1	-4416
1	-4416
0	-4416
1	23555
1	-4416
1	-4416
1	23556
0	-4416
1	-4416
1	-4416
1	-4416
0	23557
1	-4416
1	-4416
1	-4416
0	23553
0	23557
1	23556
1	-4416
1	-4416
1	-4416
1	23556
1	-4416
1	23555
1	-4416
1	-4416
1	-4414
1	-4416
1	-4416
1	-4416
1	-4416
1	-4416
1	-4416
1	-4416
1	-4415
1	-4416
1	-4416
1	-4416
1	-4416
1	-4416
1	-4416
1	-4416
1	23556
1	23556
0	18372
1	-4416
1	-4413
1	-4416
1	-4416
1	-4416
0	-4416
1	-4416
1	-4416
0	-4416
0	-4416
0	-4042
1	-4416
1	-4416
1	-4416
1	-4416
1	-4416
1	-4416
1	-4416
0	23535
1	23502
0	-4416
0	-4416
1	-4416
1	-4416
0	-4416
1	-4416
1	-4416
0	-4416
0	-4416
0	9145
1	-4416
1	-4416
1	-4416
1	-4416
0	23557
1	-4416
1	-4416
1	-4416
1	-4416
1	-4416
0	-4416
1	-4416
1	-4416
0	-4416
1	-4416
1	-4416
1	17446
0	-4416
1	-4416
1	-4416
1	-4416
1	23552
1	-4416
0	23557
0	-4416
1	-4416
0	3292
1	-4416
1	-4416
1	-4416
0	23557
0	-4416
1	-4416
1	-4416
1	-4416
1	-4416
1	-4416
1	-4416
0	-4416
1	-4416
1	23556
1	-4416
1	-4416
1	-4416
1	-4416
1	-4416
1	21195
1	23556
1	23547
1	-4416
1	-4416
1	-4416
1	-4416
0	-4416
1	-4416
1	-4416
0	-4416
0	-4416
1	422
1	-4416
1	-4416
1	-4416
1	-4416
1	23556
1	-4416
0	-4416
0	-4416
1	-4416
1	-4416
1	-4416
1	-4416
1	23556
1	-4416
0	-4416
1	-4416
1	-4416
1	-4416
1	23371
1	-4416
1	-4416
1	-4416
1	-4416
1	-4416
1	-4416
1	23554
1	23535
1	-4416
0	-4416
1	-4416
0	-4416
1	23554
1	-4416
1	-4416
1	-4416
1	-4416
0	-4416
0	-4416
1	23543
0	-4416
1	-4416
1	-4416
1	-4416
1	-4416
1	-4416
1	-4416
0	23557
1	-4416
1	-4416
1	23553
1	-4416
1	23556
1	23556
1	-4414
1	-4416
0	-4416
0	23557
1	-4416
1	-4416
1	-4416
1	-4416
0	-4416
0	-4416
1	23556
1	-4416
0	-4416
1	-4416
1	-4416
1	-4416
0	-4416
1	-4416
1	-4416
1	-4416
1	-4416
1	-4416
0	23557
1	-4416
0	-4416
1	-4416
0	-4416
1	23557
0	-4416
1	-4416
0	-4416
1	22161
1	7941
1	-4416
0	-4416
1	-4416
1	-4416
0	-4416
1	-4416
1	-4416
1	-4416
1	23551
1	23554
0	-4329
1	-4416
1	-4416
1	23556
1	-4416
1	-4416
1	23304
1	-4416
1	-4416
1	-4416
1	23556
0	-4416
0	-4416
1	-4416
0	-4416
1	-4416
1	-4416
1	-4416
1	-4416
1	-4416
1	-4416
0	-4416
0	-4416
0	-4416
1	-4416
1	-4416
1	-4416
1	-4416
0	-4416
0	-4416
1	-4416
1	23557
1	-4416
1	-4416
1	-4416
1	-4416
1	-4416
0	-4416
1	-4416
1	-4416
0	-4416
1	-4416
1	-4416
1	-4416
1	-4416
1	-4416
1	-4416
1	23556
1	-4416
1	-4416
1	-4416
1	18659
1	-4356
1	-4416
0	-4396
0	23557
0	23557
0	-4416
1	-4407
0	-4416
0	-4416
1	-4416
1	-4416
1	-4416
1	-4416
1	-4416
0	-4414
1	-4416
1	-4416
1	23556
1	9911
1	-4416
1	-4415
1	-4416
1	-4416
1	-4416
0	-4416
0	-4416
1	-4416
1	-4416
1	-4416
1	-4416
0	-4416
1	-4416
0	-4416
1	-4415
0	-4416
0	-4416
1	-4416
0	23557
1	-4416
1	-4416
0	23556
1	-4416
1	-4416
1	23556
1	-4416
1	-4416
1	-4416
1	-4416
1	23556
1	-4416
1	-4416
1	23551
1	-3767
1	23514
1	23557
0	-4416
1	-4416
1	-4416
1	-4416
1	-4416
1	-4416
0	-4416
0	-4416
1	-4416
1	-4416
1	23555
1	-4416
1	-4416
1	-4416
1	23556
1	-4416
0	-4416
1	23556
0	-3897
0	-4416
1	23556
1	-4416
1	23556
1	-4416
1	-4416
1	-4415
1	-4416
0	-4416
1	23556
0	-4416
1	-4416
0	-4416
1	-4416
1	-4416
0	23557
1	23556
1	-4416
1	-4416
0	-4416
1	-4416
1	-4416
1	-4415
1	23556
1	23554
1	-4416
0	-4416
0	-4416
0	-4416
1	-4416
1	-4414
1	843
1	-4409
1	-4416
1	-4416
0	-4416
1	23553
1	-4416
0	-4416
1	-4416
1	-4416
0	-4416
1	23555
1	-4415
1	-4416
0	-4416
0	-4416
0	-4416
1	-4416
0	-4416
1	-4416
1	23556
0	-4416
0	-4416
1	-4416
1	-4416
0	-4416
0	-4416
1	-4416
1	23553
0	23557
1	-4416
1	-4416
0	-4416
1	-4416
0	-4416
1	-4416
1	-4416
1	-4416
1	-4416
1	-4416
1	-4416
0	-4416
0	-3968
1	-4416
1	-4416
1	23553
1	-4416
1	-4416
0	-4416
0	-4416
1	-4416
1	-4416
1	23557
0	-4416
1	3057
0	23557
1	-4416
0	-3427
1	-4416
0	-4416
1	-4416
1	-4416
1	-4416
1	-4416
1	-4416
0	-4416
1	-4416
0	-4416
1	-4416
1	23494
1	-4416
1	-4416
1	-4416
1	15360
1	-4416
1	-4416
1	-4416
1	-4416
1	-4416
0	23556
1	23552
1	-4416
1	-4416
1	23556
