2	21422
3	-8856
1	4374
1	1263
1	2088
1	-6843
1	-6104
3	-15585
2	18622
3	-15052
1	7127
3	-4524
3	-7213
3	-16759
1	6079
1	1788
1	2397
3	-15163
3	-6387
2	18731
1	5635
3	-9579
1	4061
3	-9309
1	-6319
1	-1815
3	-8156
3	-10043
1	2198
3	-21266
3	-8206
1	6524
3	-5963
2	18930
3	-11518
1	6767
1	4768
3	-6290
3	-8308
3	-6095
1	6819
1	2887
3	-8134
1	4747
3	18414
3	-12447
1	5178
3	-7601
3	-6896
1	4953
3	-6657
3	-5709
1	4183
3	-8622
3	-8337
1	1713
3	-8162
1	724
3	-9200
3	-7405
3	-8024
1	7262
1	7690
1	-3875
2	16800
1	-5062
2	18348
3	-16644
3	-9335
3	-8398
1	8266
1	7032
1	3571
1	6549
1	4054
1	5262
2	7171
3	-13053
2	15303
2	17812
3	-8842
1	-3004
3	-5948
1	-11387
3	-12826
1	3931
3	-6040
3	-7982
1	-2687
3	-7361
1	-370
3	-14716
2	14024
3	-1528
3	-6211
2	22784
1	1155
2	13525
2	21604
1	5389
1	-4500
3	-4504
1	-605
3	-4000
1	-2119
3	-6056
1	5262
2	12440
1	7080
2	10485
1	3696
1	4876
1	5306
3	-3797
3	-7500
3	-6994
3	-4292
3	-9849
3	-14346
3	-17216
1	3958
3	-11818
3	-6079
3	-7845
1	5302
3	-8312
3	-5677
1	5886
3	-5778
1	-6204
1	4875
3	-6552
1	7189
3	-5872
1	6462
1	4861
3	-16929
3	-7432
3	-9401
3	-7230
1	4757
3	-4457
3	-17661
1	4736
3	-5945
1	5557
3	-14114
3	-8254
2	15434
1	2974
3	-11599
2	13864
3	-4726
1	-591
3	-19267
1	7092
3	-6198
3	-20613
1	4414
2	17464
3	-9184
1	7416
1	6773
1	-6228
3	-16054
1	5367
3	-6226
3	-2580
1	8677
1	-4328
1	5219
3	-7942
2	15347
1	6744
3	-6223
2	16222
3	-7867
3	-12533
3	-7090
1	-3732
3	-5387
1	-3613
1	6328
3	-17391
3	-8958
3	-9424
3	-7741
3	-1605
2	16906
3	-5148
3	-9001
3	-5344
2	20241
3	-7359
3	-16594
1	4426
2	5679
1	4508
3	-3559
3	-4433
1	6599
1	9014
3	-9138
2	15881
1	-4246
1	3964
3	-5775
2	19346
1	7864
1	9128
1	-4380
1	-4614
1	2914
1	6025
2	20413
1	3571
1	7140
3	-5732
1	-148
3	-5834
2	20958
3	-7944
1	6869
3	-6538
3	-6148
1	3816
3	-12148
3	-11636
3	-4272
3	-11383
1	5664
2	22188
3	-15933
3	-13219
3	-6999
1	4100
2	15997
1	7756
3	-6356
1	9642
1	8247
1	8210
3	-22188
2	19350
1	4805
1	-3490
3	-148
2	22437
1	3753
3	-4292
1	5192
1	2614
1	2968
1	5295
3	-8746
3	-6367
3	-17358
3	-5781
2	22167
1	3816
1	5342
2	21165
3	-10122
1	2307
2	5501
1	239
3	-7892
3	-5336
1	4177
1	10378
3	-9326
3	-6408
1	-6319
3	-5230
3	-8950
1	-5016
1	-2242
2	17435
3	-6981
1	6039
3	-4856
1	1682
1	7265
1	1605
1	2432
2	28174
3	-6752
1	2489
1	6722
2	22697
3	-6496
3	-6813
1	69
3	-7333
1	5309
2	21805
3	-14266
3	-7016
1	5331
3	-6349
2	6787
3	-7223
1	3394
1	-6069
1	1060
3	-6646
1	3547
2	15551
3	-5035
1	-1316
1	5938
3	-6964
1	9271
2	18614
3	-6602
1	4934
3	-10138
2	20229
3	-21918
3	-3816
3	-12982
1	6888
1	6842
1	-6401
1	2573
1	5646
2	17508
3	-6864
2	16733
3	-3861
1	6748
3	-18062
2	21743
2	26029
3	-7581
2	21290
2	22284
2	18955
1	3988
3	-16095
1	3845
3	-6743
2	11673
2	19279
3	-10359
2	19571
1	3238
2	2258
1	2655
3	-3583
3	-3456
2	21085
1	5312
2	18201
1	9216
1	-9602
3	-12431
1	4066
1	5149
3	-8765
1	3435
3	-5284
2	19271
3	-3752
3	-7747
1	6331
3	-17019
3	-7340
3	-5680
2	19870
3	-6713
1	3957
3	-6663
1	3600
1	6379
2	20260
2	17129
3	-6987
3	-14743
3	-13715
2	14103
1	30832
1	2058
3	-4735
1	2757
2	21626
1	6452
3	-7238
1	4561
3	-6537
2	15993
1	5199
1	5107
3	-8381
3	-3781
1	7067
1	-1853
3	-7860
3	-7966
1	143
2	10823
3	-7885
3	-13685
1	623
3	-6867
3	-14016
3	-15438
1	5773
3	-8475
2	20178
1	6700
3	-7540
2	19501
1	5941
3	-19235
2	23845
3	-5416
2	12199
1	5889
3	-15965
1	-3366
1	-2782
3	-11375
3	-10397
3	-5388
1	258
1	-3380
1	3509
3	-8279
3	-10600
1	7577
1	-5270
1	-10297
2	17422
1	3783
3	-5762
3	-14021
3	-6875
3	-14224
1	8682
2	21130
1	6652
2	21224
3	-8330
1	1731
1	3351
1	6755
1	6639
3	-9779
1	930
3	-16925
1	5682
2	19668
3	-10792
3	-7409
2	18680
2	19849
3	-10046
3	-8741
3	-5957
2	15891
1	3155
1	3269
1	5
3	-6801
1	4986
1	-5319
1	3601
3	-17350
1	6814
3	-9160
1	-5534
2	21004
3	-6592
1	2772
1	9297
3	-6993
3	-10808
1	5352
3	-6618
2	16483
3	-4502
1	6059
3	-19256
1	11409
3	-6902
1	584
3	-4952
3	-4605
2	17266
1	9004
3	-4086
3	-19014
1	6950
3	-6992
1	5930
3	-18034
1	5327
3	-7974
1	-907
1	4227
3	-5067
1	3027
1	6396
1	4391
2	6177
1	-10638
3	-4348
3	-9916
1	5655
2	21976
1	4004
3	-9001
2	18551
3	-7704
1	6143
1	1054
1	3732
2	20298
1	-4491
1	4773
1	68
1	11612
3	-8557
1	2725
1	5478
2	18440
1	7248
2	13703
1	6106
1	1507
1	4089
3	-6527
1	3562
1	-6691
2	21525
3	-7346
1	3435
2	21584
2	20906
1	3726
1	6276
1	9461
1	-4442
1	58
2	19907
1	-7689
2	6909
1	-3858
1	5109
3	-3948
1	3738
3	-6576
3	-3241
3	-6168
1	3697
3	-3096
3	-3423
1	-8347
3	-7338
3	-8687
2	10130
3	-4515
1	7155
2	11213
3	-6006
1	942
1	-8881
2	14327
3	-3296
3	-7728
3	-6619
3	-2671
3	-5696
3	-6139
2	20514
3	-7511
3	-6477
1	4723
3	-7348
2	14855
1	6678
3	-8741
3	-12904
1	3924
1	-1869
1	3658
3	-9734
1	3863
3	-7928
3	-9693
1	1825
3	-10853
3	-9557
3	-8666
3	-8509
3	-4154
1	4736
1	3940
1	-240
3	-4553
1	3994
1	5227
3	-5167
2	16875
2	6027
2	16808
3	-7566
1	-7968
3	-17018
1	5458
2	21344
1	2792
3	-5976
3	-8674
3	-8047
1	7340
3	-8239
3	-7226
3	-7146
1	4919
3	-9121
1	3300
3	-10465
1	5513
1	7575
3	-7808
3	-17824
3	-9329
1	2796
3	-6535
3	-22099
1	3133
2	19924
3	-11091
3	-5760
1	-3255
3	-4576
3	-14103
1	-5187
1	3668
3	-7112
1	3603
3	-3288
3	-8678
2	22182
3	-6858
1	4670
2	19131
3	-7183
3	-15836
1	7935
1	-10535
3	-6605
1	1785
3	-21402
3	-10067
1	6989
1	5421
2	17126
2	18332
3	-8766
3	-11833
1	6752
2	9512
3	-6787
3	-6761
1	2291
1	5906
1	8180
1	4879
2	18057
3	-9004
1	6982
2	22184
1	1853
1	3329
1	3931
1	13430
1	4690
1	-5594
1	-3786
1	375
1	4815
1	6474
3	-6769
3	-10018
2	3996
3	-6649
1	3759
1	-3067
1	7925
3	-6771
1	-4889
1	-7151
2	8183
1	6216
3	-6579
1	5035
3	-7346
3	-7930
2	19949
1	8545
1	5695
3	-6404
2	15070
3	-16609
2	3292
3	-6659
1	2826
2	19517
1	7199
1	-6077
3	-7310
1	4693
1	7967
1	-5293
1	4732
1	7372
1	7455
2	19669
1	-1782
1	4870
3	-7482
1	-3064
1	5654
1	-3343
3	-5096
2	20556
3	-12045
1	2281
2	17788
3	-6844
3	-15403
3	-13168
3	-6144
2	18440
1	1788
3	-14622
1	5918
3	-22743
1	4284
3	-6072
3	-4465
3	-5861
2	9153
1	603
1	1703
2	18173
1	4079
1	7160
3	-7158
1	4270
1	2020
1	2156
3	-8224
3	-6100
1	419
1	7508
2	18159
1	11628
3	-16345
3	-12159
1	6615
3	-5078
3	-6306
1	412
3	-11551
1	3170
3	-21803
3	-12388
3	-6740
1	4435
1	13433
1	5495
3	-5829
3	-6098
3	-9884
2	20583
1	218
2	16919
3	-9492
3	-9988
3	-18117
3	-4964
1	-6288
1	6008
2	16568
3	-5899
3	-16829
1	4126
1	4257
3	-5803
3	-13550
1	3449
1	15451
3	-20166
3	-9779
2	18752
3	-3980
1	4137
3	-6525
1	4593
1	4925
3	-7728
1	1051
1	6911
1	4002
3	-6283
3	-9006
1	-1388
3	-7726
3	-16409
2	6946
3	-11977
1	8670
1	4340
2	20611
3	-12786
1	4000
3	-16261
3	-11695
3	-7601
3	-5012
2	15284
1	2048
2	14302
3	-7094
2	17276
1	11381
1	1614
2	19334
2	18116
1	-4129
3	-19168
2	19975
2	20434
1	2964
1	100
1	2065
3	-9088
1	9196
3	-4284
3	-12774
3	-7012
3	-17127
1	5540
1	1476
1	3646
1	-137
1	4520
2	21482
3	-14249
3	-6353
1	5118
3	-12278
1	-1824
1	3952
3	-8765
3	-5490
3	-7369
1	2218
1	1938
3	-7145
2	23249
1	4198
3	-6496
1	7238
1	-5642
1	6760
1	1288
1	3591
1	4935
1	-4659
3	-9867
3	-6822
1	-8500
2	5940
1	4340
1	11461
3	-6977
3	-16698
1	-6097
3	-100
1	7080
2	18964
1	-6803
1	7763
1	7819
3	-7615
3	-18434
3	-14191
1	3729
1	55
3	-6070
1	10897
1	6086
1	3750
3	-16050
1	-2701
3	-6041
1	8676
1	-2501
1	6139
1	3668
1	662
1	4155
1	7493
3	-5540
2	6956
3	-7598
1	4758
1	4649
3	-11005
1	5403
3	-8298
3	-6894
1	-2554
3	-7345
3	-6954
1	-158
1	1886
1	6882
3	-5552
2	11009
1	6088
3	-8066
3	-11413
2	15126
3	-6839
1	5752
1	4511
1	6984
3	-15688
3	-8010
1	3430
1	-514
1	6003
1	861
3	-13212
3	-20238
3	-14102
1	3725
2	15303
2	18527
1	4937
1	6319
3	-10345
1	6168
2	8239
1	1311
3	-8379
3	-17988
3	-6705
2	16858
2	19116
3	-8080
3	-8439
3	-15653
1	4700
1	-1817
1	3442
3	-8104
1	4478
3	-5669
1	4230
3	-8903
2	21436
3	-15943
1	2416
3	-6570
1	4992
2	20558
3	-8055
3	-5846
3	-15871
2	18031
1	7019
3	-4961
1	5645
1	-6946
3	-14094
1	5951
1	2800
2	16772
3	-7559
2	20811
1	-378
1	4311
3	-9276
3	-8492
1	1005
3	-5296
2	949
3	-11147
1	5699
2	6731
3	-11223
3	-5429
2	16760
3	-10145
2	13091
3	-7203
3	-7376
1	821
1	4541
3	-6682
1	2889
1	5018
1	-3623
1	1843
1	4004
3	-14131
3	-6921
3	-4770
1	2979
3	-8327
3	-19419
3	-8665
2	7436
2	10336
3	-4121
1	6703
3	-13071
1	4258
3	-4943
1	-5453
1	5794
2	24317
1	-2498
1	5528
3	-14371
1	3039
1	5418
1	7496
2	20121
1	3519
3	-4961
3	-10618
3	-6437
1	8163
3	-8883
3	-9814
3	-6433
3	-8230
1	4434
1	3748
3	-5347
1	3844
1	10110
1	-5089
3	-21532
1	3328
1	7498
1	5553
1	6386
1	3386
3	-10154
3	-732
1	6351
3	-15275
3	-8368
1	-3999
3	-14114
1	1469
1	-11117
1	-4245
1	6441
1	5777
3	-11070
1	2086
2	21405
3	-11662
3	-4128
2	21443
1	5256
3	-1189
3	-8376
1	4483
1	3514
1	5532
3	-5050
3	-13624
3	-10228
1	2412
3	-14330
1	6874
3	-7155
3	-21180
3	-7015
1	2943
3	-5440
1	8035
3	-5216
1	-6181
1	31249
1	-10187
3	-5367
3	-7212
3	-15542
3	-5928
1	6991
3	-6858
1	-7173
3	-14404
3	-7751
1	-4461
1	3030
3	-20650
3	-7847
1	-1641
1	7396
1	3792
1	6029
1	2661
3	-7936
3	-8409
1	4209
3	-7814
3	-8192
1	7455
3	-6514
3	-5057
3	-6600
3	-13306
1	6086
1	-8018
2	829
1	-6050
2	21329
1	2400
1	2277
1	1432
3	-8002
3	-22195
1	4674
3	-13594
1	7731
2	17122
3	-11546
2	5301
3	-5818
1	-2073
1	2447
3	-2696
1	840
3	-12490
2	14144
1	422
2	6820
3	-8477
3	-16390
2	10258
3	-16522
3	-7515
1	-550
2	18398
3	-10765
3	-8357
3	-9605
3	-8869
2	6216
1	5978
1	2386
3	-6760
3	-7564
3	-5977
1	6703
3	-3590
1	7277
1	-11424
3	-11105
1	5171
3	-6603
1	1967
3	-15760
2	9919
3	-9400
1	7545
2	20775
2	19157
2	20653
1	7834
1	3442
3	-8263
2	20954
1	-4360
1	3446
1	-3029
1	9231
1	-1365
1	5452
3	-14995
3	-15148
1	-4582
1	6261
2	19230
3	-9515
1	8353
1	-3999
1	-10570
2	22118
2	22470
1	4381
1	5102
1	4833
1	2800
2	15112
3	-8421
3	-8521
3	-18646
1	-12177
1	-4671
1	928
3	-7422
3	-9893
3	-5113
3	-4040
1	6994
1	-7179
3	-5164
3	-6862
3	-4674
1	7589
1	5148
3	-4214
1	-4739
3	-13612
2	22535
3	-16696
3	-18663
1	3012
3	-6828
3	-9060
2	17107
2	12509
2	13615
1	-2282
1	3957
1	-4567
1	5081
2	2300
3	-7018
1	-3260
2	-222
3	-10018
1	5743
3	-9671
3	-11643
2	21476
1	2375
3	-15324
1	4061
3	-4416
1	315
1	3649
1	4331
1	6993
3	-7964
1	-4903
1	4749
3	-6700
2	18793
1	2121
3	-9386
1	389
3	-8224
2	15816
1	1063
1	-5132
1	-6256
3	-20315
1	8062
1	8165
3	-18085
1	7780
3	-7958
1	5967
3	-8236
1	4605
1	3844
1	2143
1	-2386
3	-2785
3	-7030
1	3917
3	-6003
3	-8507
2	7037
1	-6354
2	6411
3	-7921
1	-5955
1	2000
2	20653
3	-10326
1	1326
1	3594
2	8733
3	-16263
3	-6386
3	-7318
3	-5305
3	-14400
3	-1989
1	-5359
1	-8591
1	-439
1	-3464
3	-7617
3	-8495
3	-545
1	2982
1	-2734
2	15123
1	-1928
1	384
3	-8023
3	-12740
3	-11640
3	-16159
3	-7507
3	-17167
3	-11665
3	-12112
1	5771
1	4656
3	-6973
1	5256
2	15680
2	21972
1	5929
2	21361
1	5177
2	5925
1	4606
2	9954
2	10126
3	-7761
1	3748
3	-7292
1	5817
3	-15429
1	-4888
1	6841
2	21383
1	-5375
3	-10428
3	-20443
3	-18260
1	5536
3	-6185
1	-8237
3	-5780
1	-2380
3	-4810
3	-10637
3	-3623
1	6501
2	15845
1	-5748
3	-6289
1	-2303
1	4790
2	20880
3	-7617
1	-500
1	866
2	23606
1	7751
3	-4548
2	17296
1	-90
3	-4971
3	-5707
3	-5386
3	-7050
3	-6340
2	6589
3	-6491
1	1303
2	19873
1	9364
1	2368
1	10247
1	6120
1	3505
3	-6674
2	21151
1	350
3	-8826
1	-5760
1	5409
1	2285
3	-6291
1	5360
1	4992
2	17579
3	-8969
3	-13025
1	3774
3	-5950
1	5055
1	-66
1	3996
1	6474
1	228
1	3557
1	1776
3	-9361
3	-17428
2	6744
3	-12775
2	20453
1	2084
3	-11794
1	3143
3	-14142
2	19215
3	-2358
2	18658
3	-4565
1	6545
3	-8524
3	-7704
2	17150
1	4594
1	-4702
1	4745
2	19093
1	-1977
1	5860
1	6071
1	10287
3	-3386
1	6483
2	17804
1	-5490
1	-3732
3	-5905
2	18608
1	2429
2	23067
1	2302
1	11858
1	6953
1	4508
3	-16503
1	10209
1	6564
1	3792
1	9129
1	-3813
3	-13222
1	7008
3	-13602
2	16008
3	-8200
1	-5369
1	6559
3	-6155
3	-20066
3	-4972
3	-17031
3	-6614
1	1299
1	-4177
3	-10594
3	-7542
1	8790
3	-3702
3	-10451
3	-6222
3	-3531
3	-7401
1	6040
1	8000
3	-6522
1	9137
1	5433
3	-17591
1	4915
1	2757
1	7323
3	-13058
3	-7310
3	-5594
1	-7878
1	4684
3	-5701
1	5284
1	-3925
3	-9310
3	-10567
1	-381
1	8573
3	-4101
1	4416
1	8643
1	9980
1	7502
1	2929
1	-2019
1	6553
2	17075
3	-6327
1	4977
1	-1903
3	-6588
1	7142
1	6789
3	-8409
3	-9616
1	3558
3	-8391
1	1377
3	-7142
1	-803
1	4321
1	-4823
3	-21158
1	6123
3	-6181
3	-17051
2	19726
1	583
3	-5701
1	-3948
3	-15209
2	12806
3	-15551
3	-5233
3	-8578
3	-8313
1	-5188
1	5155
3	-19844
1	4731
1	2288
1	5562
3	-5920
1	4804
3	-8536
3	-16544
1	-10493
2	23863
3	-7091
3	-6127
1	4718
1	-1496
2	11006
1	6659
2	8151
2	15761
1	-3963
1	159
1	-5878
3	-7235
3	-5296
2	10124
3	-8821
2	19091
1	7959
3	-9400
1	6049
1	5562
3	-17003
3	-11861
1	6887
1	226
1	4231
1	4263
3	-12668
1	6813
3	-4702
2	16678
3	-7504
3	-7828
2	18929
1	-2445
2	19058
2	20487
2	13507
3	-5781
1	1438
3	-10241
1	4888
3	-6544
3	-7635
3	-15620
3	-12158
3	-15169
3	-5877
3	-17483
3	-15951
3	-4836
3	-13800
3	-12084
1	4981
1	7692
1	-7180
1	5607
3	-7308
3	-16003
3	-5227
1	-8957
3	-7515
3	-11792
3	-9515
1	-9416
3	-8688
1	2809
3	-16996
3	-8841
1	-5311
3	-11604
1	-6052
1	4394
1	3846
3	-7610
3	-15517
3	-8288
2	17598
1	-2554
1	5927
1	-10140
3	-17914
1	23262
1	5725
1	8057
3	-7177
1	5724
1	6820
3	-20269
3	-11935
2	10578
1	5221
1	5303
1	-5900
1	4242
3	-5593
1	7043
1	9201
1	1841
1	4181
3	-5352
1	3890
3	-6929
3	-10801
3	-7508
1	7180
2	6616
1	4503
1	8409
3	-9732
1	1854
1	-9975
3	-9091
1	3901
3	-6011
1	-4987
3	-9988
1	4512
3	-8664
3	-5397
3	-2311
3	-5711
3	-6050
3	-4855
3	-9755
1	3989
2	3944
3	-10025
3	-11498
1	3935
1	4360
3	-12154
3	-8001
1	3133
3	-7774
2	16118
1	8590
2	20451
2	17277
1	3916
1	-3381
2	11735
1	7904
1	2543
1	-6440
3	-9233
2	20484
1	2970
1	3451
2	19197
3	-6880
3	-7139
2	19096
3	-11278
1	4898
3	-5999
3	-7433
1	4282
3	-6682
1	-6475
3	-5804
1	-2706
1	6764
1	4644
1	-834
2	20428
3	-6890
1	-6059
3	-8642
3	-9336
3	-8700
3	-15031
3	-7869
3	-4596
1	5686
2	13973
1	3867
2	14015
3	-7860
1	6227
2	8102
3	-15847
3	-4597
1	3651
3	-8103
3	-17510
3	-6468
1	5073
3	-6317
1	-2977
3	-3603
3	-6385
1	2623
3	-5423
1	-5042
1	648
3	-6025
2	16818
1	-10749
1	-451
3	-12380
3	-7314
1	2838
1	530
3	-5196
1	3875
1	8946
2	20331
3	-13353
3	-8726
3	-8528
1	3761
3	-7209
1	3149
1	-6182
2	17148
2	16243
3	-6963
2	16346
1	-6080
3	-7840
3	-6055
3	-11886
3	-5806
3	-4215
3	-6756
3	-14685
3	-6520
1	3602
2	20000
1	2019
1	57
1	-2693
2	19666
3	-8498
1	1273
3	-15120
1	-1932
3	-6972
1	-5046
3	-6358
3	-13681
3	-7486
1	4560
3	-6615
1	-8103
1	1149
3	-6105
3	-10906
1	6870
1	8989
1	3520
2	18688
2	20261
1	2223
1	5488
1	2253
3	-19397
1	3589
1	3632
1	3983
3	-5178
1	2706
1	1453
1	1445
1	-914
1	8259
3	-2376
1	-403
1	7046
2	17926
1	4719
1	2418
1	5193
3	-9874
1	1913
3	-6280
1	5258
2	18716
3	-11926
2	18854
1	-2677
1	3290
1	-10021
1	6893
1	8139
2	6838
1	9945
1	-10090
3	7043
1	6178
3	-6041
3	-11080
3	-9022
1	6408
3	-7504
3	-13176
1	5823
1	-15
1	-7692
3	-9169
1	1936
2	21226
3	-9641
1	3957
3	-5154
3	-8120
1	7829
1	5921
1	5629
2	24449
3	-9681
3	-20957
3	-13077
3	-9236
1	760
2	75518
1	2220
3	-6694
1	12149
3	-6765
1	5967
1	6857
1	6773
1	6022
1	8076
1	4100
2	20621
1	814
1	7708
3	-6902
1	5749
3	-13054
2	19625
2	16957
1	8166
1	1209
1	3233
1	-2757
2	19012
3	-10704
1	761
1	6807
1	6235
3	-16008
3	-8383
3	-7429
1	5758
2	6732
3	-8123
3	-13158
1	10040
2	31133
3	-9150
1	5461
2	23864
3	-2062
1	4605
1	4989
1	3688
1	8611
1	-940
1	5790
1	6970
3	-7761
3	-8396
3	-6218
1	4065
1	6231
1	7651
2	21160
3	-7255
1	3367
3	-7176
3	-5822
3	-16970
3	-9065
3	-8684
3	-13195
1	4699
1	-8401
2	16582
1	805
1	2844
3	-14213
1	6571
1	6155
3	-2199
3	-6554
3	-15450
3	-4010
1	6586
1	-3024
3	-14476
1	3070
3	-20016
3	-13199
3	-7018
1	-1704
2	17456
2	5550
1	2752
1	-7687
1	-2793
1	4553
1	-159
3	-5750
3	-8292
1	-994
1	-2048
1	-8558
3	-10940
2	9840
3	-4152
1	5049
2	24639
3	-9997
3	-3226
1	730
2	20588
1	-2788
1	8302
1	5334
3	-15196
1	6437
1	6559
3	-8065
2	21474
3	-3013
3	-11476
3	173
1	5045
1	7943
1	4272
3	-15153
1	-3089
1	7840
3	-8136
1	2515
3	-5341
3	-7897
1	-4672
3	-10309
1	-4078
1	2326
3	-5605
1	5143
1	-1443
3	-7230
1	-4936
2	19636
2	24101
1	1978
2	6672
1	3951
1	5661
3	-11589
3	-5544
2	12776
3	-9027
3	-6346
3	-14929
1	1472
1	8347
1	-1326
1	5332
1	3070
1	2886
3	-12208
1	-2795
3	-8103
3	-5464
1	3805
2	20398
3	-7774
3	-2948
3	-20253
3	-10175
2	19456
1	7997
1	3048
1	2997
3	-4754
1	-3121
3	-8014
1	4331
1	28
3	-5046
1	7038
3	-10577
1	7437
3	-4172
3	-7290
3	-6212
3	-1835
3	-10716
3	-7634
1	11108
1	4248
3	-11273
2	19590
2	22008
2	3418
2	10437
3	-10394
1	8234
1	-5543
2	18260
1	3577
3	-14354
1	2775
1	7914
1	2556
3	-12172
3	-7445
1	2463
2	20487
3	-8408
3	-14733
2	16673
1	-5905
1	8292
3	-12432
1	5170
1	5147
1	4110
2	18160
2	22006
1	4606
3	-8595
3	-8175
1	6087
3	-10631
1	8559
3	-6518
1	3916
1	4367
1	-12454
1	7214
1	4459
3	-7304
3	-19963
1	1247
3	-6660
3	-8069
2	15497
3	-8577
1	3109
3	-6528
1	-5428
3	-6561
1	5275
1	-4292
1	257
1	5979
2	23108
1	4294
2	20569
3	-13902
3	-7966
2	19227
1	6201
1	2421
2	19679
1	5285
1	7379
1	4014
3	-16989
2	16971
1	3876
3	-11455
1	744
1	4127
1	1849
3	-1390
1	5004
3	-6794
1	7629
3	-8797
1	4671
1	801
3	-4800
1	-742
3	-9091
1	4618
1	4691
1	7268
1	5921
3	-13761
1	-4091
3	-8036
1	-6609
3	-13150
1	7580
1	4958
3	-6435
1	3965
2	29366
3	-2864
3	-9293
3	-8688
3	-5052
2	12451
3	-16946
1	6675
1	4970
1	6925
1	3054
3	-8540
3	-13904
3	-10129
3	-2675
1	736
1	8906
1	1000
1	3050
1	8060
1	10606
1	7567
3	-7649
1	1925
2	18916
3	-9782
1	3814
3	-6293
3	-5257
1	3898
3	-9011
2	17140
2	18776
2	13412
2	14637
3	-15955
3	-7247
3	-9674
3	-7180
2	7945
3	-15430
1	-1357
1	1509
2	17874
1	2414
2	17182
1	3727
1	3158
3	-6547
3	-5295
1	6212
1	6357
2	8094
2	18373
1	-1653
1	8154
3	-18998
3	-4573
3	-9265
3	-6445
3	-5220
3	-4723
3	-6640
2	21547
3	-8763
1	4724
1	-11408
2	15173
3	-4490
3	-14382
1	2581
1	-6104
2	16223
1	-24
3	-11538
3	-4745
3	-10147
3	-15818
1	3921
2	14201
3	-7877
3	-15100
3	17138
3	-9746
1	6675
3	-15283
1	5047
3	-19991
1	4176
3	-15946
3	-2281
1	-2857
1	6454
2	19193
3	-11152
1	9220
3	-9127
2	20533
1	-6840
1	5858
1	2273
1	-2925
1	4651
1	6900
3	-6559
1	5106
1	2812
3	-10918
1	7911
1	6985
1	4361
1	-2263
1	6219
3	-4667
3	-7951
1	4634
3	-15345
1	6081
1	6978
1	2218
1	5874
3	-4506
3	-6730
1	7289
3	-6197
3	-8704
2	19252
1	6315
2	24743
1	-1515
1	-4687
2	11445
2	7341
2	21787
3	-3083
3	-4876
3	-7916
3	-9834
3	-9355
1	6743
1	8076
3	-15808
1	-8193
1	3612
3	-11502
2	19149
1	6381
1	-2780
2	18318
1	5129
3	-8639
2	20943
3	-8835
1	6332
1	8313
3	-5792
3	-16289
3	-7668
3	-6289
1	5466
2	20678
1	-4366
3	-5513
3	-12410
3	-14766
1	7021
3	-9295
1	5339
1	-705
2	7006
3	-4394
3	-15904
1	10875
3	-4737
2	8859
1	2780
2	18027
3	-5115
2	18867
1	5488
3	-11048
3	-16658
3	-8655
3	-15183
3	-20934
1	-6891
3	-803
1	-1605
1	8493
2	19442
3	-6839
3	-3612
2	17608
1	683
3	-12351
3	-6660
3	-14987
3	-10295
1	-3670
3	-6407
3	-3454
3	-15519
1	-5836
2	18612
3	-8072
3	-8359
3	-15824
3	-15596
1	8450
3	-9818
3	-14634
1	6937
3	-8056
3	-5222
2	8203
1	5581
3	-12193
2	19061
3	-12564
2	17019
3	-7330
1	6347
3	-20243
1	8302
1	7274
3	-12025
1	6200
1	-1305
1	9326
1	-7646
1	4693
3	-10231
1	4341
3	-9172
3	-6773
2	17804
3	-14775
1	4345
1	4552
3	-14909
2	17457
3	-6243
3	-12265
3	-7760
3	-5263
1	5011
3	-21236
3	-16010
3	-21448
2	18349
3	-2817
1	5852
1	1259
1	3107
1	12378
3	-5540
1	2960
1	-3115
3	-12003
1	7354
1	3327
1	5877
1	3377
1	-2900
3	-4161
2	20484
3	-6768
3	-8423
1	7212
2	16802
1	-969
1	7809
1	197
3	-7186
3	-12344
3	-5802
2	6980
3	-10170
2	20719
1	4546
3	-6606
1	-6082
1	-6186
1	-2217
1	81
3	-5385
3	-8210
3	-8251
1	4978
2	15074
3	-7779
1	-3109
3	-13960
3	-12194
2	23529
1	3421
3	-7213
1	7330
2	19792
1	5990
2	19651
1	-5170
1	5653
3	-5351
3	-7586
3	-6181
1	5905
3	-5347
3	-14859
3	-4820
2	24420
1	6253
1	1252
1	6490
3	-8189
3	-7610
1	6055
3	-7464
3	-5662
3	-14266
3	-7026
1	9484
2	19066
2	19041
3	-6986
3	-14538
3	-3541
3	-12336
3	-7791
1	3030
2	17718
3	-13906
3	-8458
1	2892
1	1884
3	-6944
3	-6442
2	19068
3	-10798
1	2675
1	-924
3	-5429
2	20009
1	5471
2	4462
1	4739
3	-13101
1	-959
1	4987
1	1599
1	6222
3	-12695
3	-8725
3	-11063
1	3407
2	13073
3	-5916
3	-9644
3	-7859
1	5633
1	6981
1	7067
2	17141
3	-7285
1	4348
1	3102
2	19502
3	-8846
1	3452
3	-4666
3	-4741
1	6934
3	-9311
1	2594
1	-2660
2	20531
2	19807
3	-7527
1	3686
1	5134
3	-9913
1	6866
1	-504
3	-16002
3	-5879
1	7706
3	-14576
2	18062
2	17561
2	19227
3	-8681
3	-7652
1	3265
1	-2473
3	-9030
3	-7505
3	-6195
2	5688
3	-6792
1	-104
1	-2361
3	-11867
2	18384
3	-7642
3	-7105
1	2726
2	7685
3	-5804
3	-20138
3	-16469
2	11950
3	-5261
3	-6739
1	4236
1	1624
3	-14991
1	4433
2	17049
2	23846
1	6179
3	-6847
1	4287
3	-4665
1	491
1	8150
1	6283
1	6917
3	-13872
3	-19074
1	4408
2	5650
1	4668
1	3064
3	-7410
3	-8663
1	3970
1	-1750
3	-4380
3	-5783
1	3675
3	-4145
1	-2684
3	-15953
1	-4472
2	21396
1	9100
1	9560
1	5858
1	4771
1	3071
3	-5640
2	20272
3	-12793
3	-7473
3	-11286
2	16702
2	24196
3	-5487
3	-5768
1	5704
1	-4455
3	-9182
1	267
1	6707
1	5755
3	-4742
1	6663
1	-1408
1	-4613
3	-8081
2	17742
1	6446
2	18557
1	5576
1	-3705
1	1651
3	-9589
2	-583
3	-13916
1	2400
1	3803
1	5107
1	4777
3	-14914
1	-2979
1	8438
1	-5827
1	12817
1	7139
3	-10504
1	-9632
2	20093
1	6234
1	-2903
3	-8222
3	-6972
2	19760
1	4956
1	3341
3	-8204
1	2163
1	8448
1	5107
3	-7263
3	-5451
1	9330
3	-8036
1	6265
1	6241
1	7188
1	11415
3	-4534
3	-9881
3	-7734
3	-7030
3	-7714
2	22076
3	-8890
3	-892
1	5088
1	9106
3	-7542
3	-6786
1	11645
3	-7235
3	-11918
1	6639
3	679
2	12018
1	1989
1	5037
3	-3012
1	3183
1	-3666
1	3973
3	-7880
1	5160
2	20829
1	4483
1	4119
1	6267
1	-1585
1	3495
1	10282
3	-3428
1	5405
2	18049
1	-2412
1	2229
1	-4847
3	-6331
3	-16953
1	1777
2	16431
1	1954
3	-6686
1	3516
2	9986
1	5419
3	-18468
1	-9174
3	-8233
3	-15412
3	-7201
3	-6088
3	-11083
3	-12879
1	-2280
3	-8166
1	7524
1	-1331
2	8475
3	-8827
1	3892
3	-14046
1	7378
3	-11380
1	4020
3	-13938
1	-7510
2	17472
3	-6856
3	-4038
1	6
3	-5718
3	-4070
3	-7998
1	9294
3	-14229
2	16889
1	3725
3	-7911
1	6972
2	16012
3	-5587
2	18372
1	-4636
3	-6194
3	-15277
3	-17417
3	-10771
1	-2119
3	-20496
1	7166
3	-8644
1	529
1	-1789
3	-5761
3	-6650
3	-12239
1	-4973
3	-6932
2	20197
3	-8484
2	15285
1	3523
3	-10417
1	-9841
1	5989
1	-12747
3	-6436
3	-6485
3	-8377
1	4982
1	1563
1	5418
3	-12310
1	4841
2	8417
1	1502
3	-16643
1	7665
3	-18177
1	517
1	-189
1	4683
3	-4850
3	-18373
1	4795
2	27145
1	-1037
1	7044
3	-7319
3	-5831
1	4738
3	-12509
3	-10770
3	-5617
3	-9475
3	-19804
1	9548
1	8201
1	3211
1	-1457
1	7709
1	4721
1	5355
3	-7490
3	-8535
2	19454
3	-6715
3	-9285
3	-7470
1	9002
3	-7350
1	-5538
3	-9894
1	3763
1	1091
1	-9373
3	-4418
1	32733
1	4284
1	3462
1	2531
2	17195
1	3160
1	3566
3	-8937
1	1289
3	-8174
1	5625
1	5727
2	20107
3	-8899
3	-7888
1	4930
1	4818
3	-8230
1	5213
3	-7208
1	12771
3	-6808
3	-12429
3	-5854
1	1117
2	14673
3	-6829
1	6395
3	-8808
1	4337
1	8429
3	-9540
2	17356
1	-311
3	-8686
1	5996
2	18225
1	2544
3	-10270
3	-8420
1	2753
3	-11120
2	16605
1	3990
1	-1471
1	7252
1	813
1	5983
1	-3213
3	-7278
3	-5460
2	10329
1	-7950
3	-10177
1	5992
1	9992
1	6228
3	-11036
3	-4366
1	-6750
1	-6749
2	19533
3	-9505
1	7216
3	-12326
1	3396
1	-6114
1	3514
3	-7145
3	-6383
3	-19375
1	4339
1	-2012
1	4577
1	6509
3	-6491
3	-7626
3	-6836
3	-4758
2	21533
1	3824
1	5953
1	3846
1	3880
1	6738
3	-9823
1	4139
3	-7694
3	-4711
1	5568
1	5406
3	-7448
3	-9615
1	297
1	7181
1	3861
3	-7569
3	-6403
2	17557
1	1638
3	-7439
3	-8685
1	7929
1	3924
3	-11563
2	21404
3	-4913
2	24166
1	7166
3	-16421
1	-4075
2	22028
3	-7019
1	-2711
2	17397
2	21416
2	13577
3	-10631
3	-9336
3	-5403
1	5113
1	-3159
1	3777
3	-7960
3	-13980
1	-4832
1	4512
2	20924
1	-10563
3	-9227
1	7826
1	3838
1	-8727
1	-198
1	5712
3	-7711
1	-10447
2	22263
3	-6685
3	-7606
2	20108
3	17599
1	-147
1	-7767
3	-8798
1	3998
3	-12781
1	-5190
1	5290
3	-4591
1	5280
3	-11858
3	-9318
1	1193
3	-5375
3	-15908
1	5367
3	-2888
1	-2340
2	19216
1	4035
1	3328
2	12985
3	-6272
3	-6263
1	-79
1	2117
2	20333
1	5552
1	-1612
3	-6577
1	2319
2	20501
3	-23180
1	3881
3	-1151
2	22900
1	-6405
1	-3441
3	-5799
3	-8100
3	-410
3	-7644
1	-1008
3	-7093
3	-11190
3	-16942
2	19700
3	-6384
3	-9831
1	-8565
1	5296
1	4620
3	-12145
1	-779
3	-9202
3	-6967
1	6292
2	8554
1	6542
3	-13392
3	-18520
3	-5803
3	-7079
2	11714
3	-18908
1	8323
1	768
3	-4513
1	5324
3	-5236
1	9
1	3636
3	-12926
1	-9305
2	17963
2	20223
3	-1628
3	-4362
3	-7784
1	6326
1	5204
1	-2889
1	-6123
1	3837
1	3427
3	-7707
2	18617
3	-9844
1	-3748
3	-4541
2	20333
1	9237
3	-7643
3	-13418
1	6319
3	-7543
1	522
3	-9008
1	-1324
3	-10656
3	-7293
2	15231
3	-6722
3	-4995
3	-12778
1	3809
3	-7057
1	6222
1	7208
1	8133
1	5469
3	-7941
1	5271
3	-11662
1	8720
1	5970
2	27167
3	-7251
3	-6516
2	23162
2	12120
1	7675
3	-5778
3	-9866
3	-11454
3	-9182
1	4776
1	6240
1	6980
1	3301
3	-10669
3	-8221
3	-11048
1	-4103
1	7462
3	-3720
2	11376
3	-5833
1	3785
3	-1566
3	-15752
1	5076
1	3321
3	-4194
3	-16616
3	-11327
1	1483
3	-13270
3	-6716
2	16929
1	-5537
3	-8529
3	-13397
1	5352
3	-9679
1	1753
2	8373
3	-5671
3	-9712
1	-4809
2	23665
1	-5354
1	-787
3	-8294
3	-16659
2	22961
3	-7288
3	-6879
3	-6226
2	20327
2	20072
1	1591
1	7098
3	-6972
1	4835
2	11975
3	-5892
3	-6882
3	-7138
1	3035
1	5030
3	-5938
1	-2897
2	20545
3	-7436
1	2178
1	4594
3	-6780
1	-2361
3	-6201
3	-15491
3	-7128
3	-10253
1	5330
1	8915
3	-6233
1	-8639
1	4727
3	-12358
1	-2351
1	5039
3	-19874
3	-8464
1	5063
3	-8605
1	1595
3	-5316
3	-8961
1	6445
1	5787
3	-13731
3	-6476
1	5264
3	-15444
1	1362
1	-2361
3	-7928
1	1147
3	-5936
1	3136
1	112
1	-6092
3	-8341
1	-6286
1	6514
1	676
1	7761
3	-7784
3	-8657
2	17677
3	-3934
1	-4933
1	7423
1	-9949
3	-3755
1	637
1	7820
1	-910
3	-7469
1	4910
1	5198
1	2720
3	-14457
3	-8477
1	6274
3	-14622
3	-19031
3	-10088
1	-4650
3	-6174
3	-6515
1	5952
3	-13648
3	-6768
3	-6615
3	-6348
3	-12412
2	13947
3	-8065
1	6192
1	6708
2	17340
1	4166
3	-7359
2	9940
1	-5518
1	3720
1	7326
3	-5649
1	3872
3	-10521
2	12590
3	-3140
1	5525
2	10722
3	-13209
3	-8934
2	15362
1	803
1	-3111
1	4289
1	3316
2	20223
3	-14268
1	6544
1	3655
1	6308
1	7347
3	-8213
3	-3807
2	17594
1	878
3	-21863
3	-8554
2	16318
3	-6505
1	4293
1	-9526
1	5311
3	-5410
2	7973
3	-7962
3	-8825
1	4808
3	-1573
1	2418
1	-3045
1	-1695
3	-1947
1	5190
3	-6020
3	-12002
1	819
1	5965
1	-2857
3	-6922
1	7964
1	6837
1	2483
2	26940
3	-6113
3	-5207
2	19795
3	-6618
1	3371
2	19020
3	-7223
3	-15805
3	-14481
2	8658
2	20578
1	-5444
1	5010
1	8137
3	-12869
3	-5903
1	7014
1	5607
3	-6447
1	198
3	-6520
1	4719
2	18503
3	-5531
3	-6998
1	-6784
2	19541
3	-8390
3	-5840
3	-17656
2	20975
2	21266
1	6137
2	17268
2	21769
1	4632
1	4113
3	-6290
3	-7999
3	-6336
1	2766
1	4429
3	-14951
1	5074
1	5698
1	1358
3	-7208
3	-5336
1	11334
3	-12580
3	-3692
1	4913
3	-10160
1	5947
3	-9233
3	-5742
1	-2092
1	1365
3	-6125
1	4276
2	14041
1	2043
3	-5552
1	-4551
3	-7434
1	5135
3	-6321
2	14787
3	-4301
3	-14692
1	4157
1	4649
3	-6143
2	18911
1	-5675
1	-2221
2	18530
2	17528
2	18362
1	7392
1	5115
3	-8111
3	-12733
3	-5954
1	10587
3	-8473
1	9773
3	-7490
3	-7218
3	-7015
3	-5942
3	-7940
2	10118
3	-6072
1	6004
1	2489
2	6874
3	-4072
3	-6863
1	3790
1	4050
2	7899
3	-5820
3	-6653
1	5159
1	-177
1	6345
1	3084
1	3062
1	-11831
3	-5577
1	-1680
3	-13808
1	-157
1	154
1	6094
3	-11590
1	-6142
2	8582
1	7521
3	-6859
1	3989
1	5606
2	14908
1	2484
3	-12194
2	19488
3	-7591
3	-7135
1	8334
2	8091
1	3338
3	-12968
2	13772
1	5373
1	6379
2	18712
1	-675
1	7165
1	5359
1	8262
2	16940
1	5790
1	5753
3	-16157
3	-6613
3	-5417
2	19790
2	16964
1	4174
1	4606
3	-6708
1	5808
1	3810
3	-6573
3	-5853
2	23300
1	4203
3	-8433
1	5304
1	5954
3	-6259
1	6020
2	12779
3	-6693
3	-6723
3	-12862
3	-9131
3	-5313
2	21086
3	-14785
1	9529
3	-6843
1	276
2	16483
3	-9820
1	2610
3	-8157
2	19224
1	5835
3	-6939
1	-3155
2	4042
1	722
3	-13535
1	2356
1	-182
1	9124
1	5173
1	-4674
3	-5370
2	14540
2	19094
3	-8042
2	19218
1	5561
2	16646
1	5829
3	-8176
1	7608
3	-9839
3	-8367
1	2681
1	4206
1	3989
1	4872
1	6414
3	-6756
3	-14712
1	5347
3	-8940
3	-13656
3	-6990
3	-15984
1	1690
1	-5940
3	-22363
3	-6432
3	-6146
1	3706
2	9493
1	-2923
1	4833
3	-6018
1	6303
1	6915
1	-5743
1	5334
2	12970
1	380
1	5665
1	-9454
1	4954
2	13120
1	1587
1	7394
1	2198
3	-10435
2	24815
1	-6172
2	22477
1	5757
3	-8392
3	-6826
1	-8666
3	-2133
1	6048
3	-4798
1	5823
3	-14820
1	3303
1	3048
1	6348
1	6073
3	-5880
1	-3566
3	-19529
2	19608
1	-4404
3	-6319
1	4358
3	-6486
1	-4767
1	-3373
1	202
3	-4412
1	5213
3	-16540
1	6104
2	9759
2	12908
3	-15223
1	5399
1	5803
2	8811
1	5360
2	11946
3	-7907
3	-7691
1	-181
1	4354
1	5853
3	-13123
3	-7428
1	5666
2	18735
1	4502
1	-4812
3	8807
3	-16435
2	31314
2	19377
1	7377
1	2876
3	-8672
2	21648
3	-7243
3	-5674
3	-4710
2	9150
3	-3930
1	-6047
2	18880
1	3881
1	6744
3	-10067
2	8367
1	4027
1	5917
3	-14877
3	-6325
3	-11620
3	-6566
1	5897
1	-6301
1	3526
1	2939
1	1669
2	18905
3	-7076
1	5575
3	-8295
2	18757
1	-137
1	7450
2	20494
3	-4523
3	-12398
3	-3752
1	1386
1	5900
3	-7586
1	-905
3	-12860
1	1157
1	-682
1	4525
3	-7098
3	-10471
1	2912
1	2711
1	5636
1	9161
3	-7107
1	2193
1	7645
1	7302
2	23123
2	15909
1	2522
1	-4241
1	3601
1	2956
2	15266
2	16059
2	13618
1	22272
1	3767
1	8563
1	-5803
1	6063
1	6133
1	11907
1	2576
1	7685
1	5527
3	-8797
1	9390
1	8065
1	4413
3	-7949
1	10049
1	873
3	-5422
3	-8604
3	-7131
1	-3722
3	-19507
1	3685
1	979
3	-8006
2	22572
2	21703
1	4517
3	-5764
3	-8337
1	-3707
3	-6562
1	8004
1	-1554
3	-4730
3	-7156
1	-3248
1	7528
