1	22299
1	30202
1	-9025
1	-6058
1	-9916
1	412
1	-5649
1	-1462
1	-11320
1	9222
1	9239
1	-8777
1	-9183
1	1773
1	-3838
1	-8118
1	834
1	-2767
0	13516
1	-9935
1	-5181
1	-875
1	17535
1	1538
1	-8476
1	5278
1	-7454
1	-5677
1	8392
1	-3095
1	5633
1	-8000
1	-1718
1	-8199
1	-12808
1	4572
1	5174
1	5556
0	6274
1	7991
1	1566
1	-839
1	4395
1	15401
1	-10665
1	-18035
1	19079
1	-1899
0	-12232
0	-15031
1	-10915
1	389
1	8396
1	-7648
1	19010
1	-2739
1	3411
1	9060
1	13086
1	-11448
1	1475
1	-4763
0	-4763
1	-5068
1	-4068
1	27425
1	9757
1	18514
1	796
1	-2005
1	-12091
1	-8991
1	4846
1	-61
0	-5676
1	-937
1	-11493
1	6001
1	-5101
1	-10331
1	-13754
1	-13038
1	13048
1	-3934
1	536
1	-4004
1	-6132
1	3059
1	33257
1	10087
1	-10702
1	-4151
1	-4694
1	7720
1	-794
1	7901
1	-4221
1	-3666
1	-7993
1	-6212
1	-1229
1	728
1	-3968
1	-7175
1	8689
1	-9601
1	1632
1	3103
1	11721
1	20332
1	4994
1	-322
1	7270
1	-6394
1	-2188
1	-7227
1	-6494
1	-1744
1	-14021
1	-2939
1	21415
1	-6376
1	3827
1	745
1	-3963
1	-4986
1	-8887
1	24628
1	18254
1	4415
1	-4209
1	-4891
1	8447
1	7091
1	-11292
1	8292
1	-9513
1	-7678
1	3679
1	-7476
1	8691
1	-4281
1	4057
1	-5264
1	-8716
1	2788
1	-9510
1	-11007
1	-5318
1	-6373
1	-5927
1	-2782
1	-7984
1	-8066
1	24933
1	-6423
1	-1765
1	13413
1	1573
1	-10572
1	-5151
1	7575
1	-2556
1	-7709
1	8371
1	6345
1	-2292
1	-5619
1	-6567
1	-7091
1	8841
1	-11498
1	-3552
1	1752
1	15978
1	-242
0	-11549
1	-7475
1	-2561
1	-178
1	-16338
1	8519
1	1599
0	-13923
1	6225
1	-8098
1	-7396
1	17454
1	-7970
1	-8992
1	-13489
1	10342
1	9142
1	-9981
1	-6093
1	-10845
1	-13139
1	1446
1	20718
1	9666
1	285
1	-10040
1	-2906
1	10872
1	-4899
1	2217
1	14404
1	-7065
1	-6803
1	-1803
1	1776
1	10430
0	8432
1	-3957
1	-7700
1	-10258
1	-4416
1	5933
1	1918
1	12185
1	8838
1	2544
1	-12771
1	1656
1	3991
1	-2753
1	-5469
1	14152
1	10491
1	13256
1	4948
1	-4554
1	18722
1	2477
1	-6921
1	-8531
1	-5545
1	10820
1	-7505
1	-4005
0	-9028
1	-4492
1	1400
1	-9804
1	5248
1	19325
1	3206
1	9184
1	-11669
1	10310
1	-1313
1	-13384
1	-10647
1	2860
1	-6246
1	-6873
1	-748
1	30057
1	-3818
1	-1590
1	-13371
1	-6530
1	-8135
1	-11828
1	-3861
1	4166
1	2440
1	-772
1	-6035
1	-3433
1	460
1	-5477
1	-14548
1	-13197
1	-1124
1	12147
1	-4700
1	3566
1	-11366
1	-5343
1	9911
1	820
1	-10541
1	-5159
1	-13102
1	-3946
1	2537
1	665
1	-11148
1	496
1	17231
1	10258
1	-6387
0	17204
1	-2658
1	-9240
1	16349
1	193
1	9850
1	21105
1	7480
1	-10605
1	-13014
1	11186
1	-10058
1	13842
1	-10600
1	6600
1	-5221
1	-2323
1	-7214
1	16426
1	-5017
1	9387
1	-7936
1	13545
1	-5917
1	5626
1	-8114
0	9394
1	-7835
1	-2466
1	-6456
1	-3148
1	-5676
1	15793
1	-4682
1	-8733
1	-8446
1	-3417
1	-757
1	34361
1	-4085
1	3315
1	15783
1	6950
1	-3890
1	-5408
1	-4719
1	-13
1	12890
1	-7805
1	-4704
1	23084
1	-5947
1	-8422
1	-2292
1	-4350
1	17464
1	6766
1	2472
1	4853
1	8205
1	-6238
1	-8316
1	31858
1	-509
1	-9733
1	6113
1	15378
1	7071
1	7994
1	-12110
1	-2515
1	-6732
1	-7901
1	-480
1	-3260
1	-6661
1	-5731
1	2705
1	18412
1	-1657
1	1160
1	-13530
1	1219
1	-9737
1	-7870
1	-6392
1	-11981
1	9891
1	-7502
1	21636
1	-2463
1	-10473
1	11144
1	-5062
1	-6195
1	-6512
1	-7481
1	8284
1	-3006
1	706
1	9695
1	-8110
1	10736
1	-820
1	-6325
1	-5005
1	-1410
1	9209
1	4870
1	3495
1	1825
1	7867
1	11718
1	-8823
1	1380
1	-6597
1	-11248
1	6681
1	-11756
0	813
0	-12220
1	9303
1	-3396
1	-13524
1	-8883
1	-6897
1	-5220
1	-4697
1	-8366
1	-6634
1	-5286
1	1754
1	-5391
1	6466
1	-6406
1	-5390
1	-10902
1	1427
1	-4979
1	-3144
1	8678
1	-7763
1	5327
1	-1025
1	-4168
1	-3971
1	-2914
1	7066
1	-10531
1	200
1	-8153
1	-10296
1	23334
1	17807
1	6165
0	-2549
1	-8750
1	-7625
1	-8861
1	16619
1	6957
1	-14681
1	8346
1	-7475
1	-13324
1	-9861
0	-11425
1	8835
1	9991
1	-8864
1	-9819
1	-2686
1	17377
1	-4899
1	-1534
1	23006
1	22692
1	892
1	-4010
1	1081
1	-1112
1	-8107
1	-8795
1	19891
1	11305
1	20448
1	-11379
1	12586
1	-7839
1	1186
1	24597
1	9481
1	-6813
1	-11321
1	-9103
1	-6422
1	-7973
1	-6128
1	3326
1	-3945
1	-2644
1	-5249
1	5484
1	-10450
1	-5253
1	-8826
1	-10318
1	14385
1	3418
1	-7564
1	8804
1	-10834
1	-11533
1	12214
1	19675
1	-10312
1	16703
1	-9294
1	1162
0	-3838
1	5800
0	1141
1	-8103
1	21881
1	-3970
1	-9677
1	-13224
1	-2740
1	-3719
1	-2126
1	20248
1	-11158
1	11134
1	5537
1	-9684
1	9866
1	-12345
1	-5388
1	3604
1	-322
1	8510
1	-7678
1	-9322
1	1850
1	-515
1	-14260
1	20716
1	-10148
1	-7441
1	-3691
1	-3246
1	2023
1	-9738
1	-2359
1	11557
1	-7024
1	22112
1	-9624
1	-869
1	-1934
1	-12648
1	1368
1	-5838
1	4965
1	23449
1	-973
1	11233
1	-6708
1	-6658
1	-12195
1	-4908
1	-8808
1	-2562
1	5102
1	-5733
1	5297
1	-6732
1	14538
1	-10588
1	4120
1	6246
1	-6089
1	35
1	-7590
1	-1813
1	-4715
1	-4743
1	8656
1	-3625
1	-6833
1	-9298
1	20520
1	19663
1	-8451
1	-7720
1	17823
1	10603
1	-9271
1	12670
1	10883
1	-7677
1	19707
1	16953
1	3636
1	-3334
1	6924
1	-8893
1	8507
1	-2547
1	-13847
1	-1751
1	1910
1	24897
1	4682
1	-12564
1	-10753
1	-4320
1	-2534
1	28090
1	-1772
1	-6363
1	-2143
1	-8086
1	5411
1	11490
1	8576
1	16800
1	-8901
1	-6640
1	95
1	-7469
1	-1195
1	-9425
1	5843
1	-985
1	-5276
1	-8876
1	18768
1	19097
1	-3441
1	-7785
1	1358
1	5483
1	-10214
1	9646
1	-11241
1	-5682
1	-5020
1	-4864
1	13884
1	-7531
1	-3756
1	-2217
1	-587
1	3803
1	-5474
1	-13135
1	-10858
1	-12785
1	-5773
1	-1175
0	9718
1	-11805
1	8194
1	13357
1	847
1	-7708
1	-4569
1	-7955
1	-11104
1	-6647
1	-12173
1	6511
1	-7680
1	-9448
1	1677
1	1231
1	-8194
1	23597
1	-1450
0	-4238
1	-9759
1	-7638
1	-7467
1	567
1	8818
1	15967
1	-3603
1	13608
1	-2052
1	-1703
1	9760
1	-6551
1	-6981
1	8927
1	-1495
1	2526
1	-9894
1	4200
1	5512
1	-3841
1	-4201
1	-8132
1	-4926
1	-6717
1	-4086
1	-6445
1	6597
1	12110
1	-8696
1	14607
1	-13892
1	12900
1	-9595
1	3300
1	25140
1	24037
1	-10197
1	-10974
1	-2726
1	1137
1	-7730
1	-2978
1	-8912
1	-1156
1	5571
1	9141
1	-1843
1	14664
1	-4626
1	-11320
1	-13392
1	6985
1	6189
1	-9539
1	-4485
1	11300
1	-5641
1	10182
1	-8771
1	-7863
1	-2748
1	13096
1	-2956
1	310
1	10836
1	-10855
1	-9649
1	101
1	6500
1	-8947
1	8960
1	9838
1	-728
1	-1623
1	-6441
1	6646
1	19356
1	880
1	16101
1	795
1	-1746
1	5498
1	-7454
1	-6385
1	3563
1	10305
1	291
1	4717
1	5052
1	-2554
1	-7695
1	3767
1	1455
1	-9328
1	-6426
1	10827
1	20714
1	-4775
1	8606
1	-14298
1	313
1	7539
1	8119
1	-9084
1	3408
1	9277
1	-11100
0	-7865
1	-3359
1	14210
1	-14468
1	6660
1	-12670
1	20964
1	9352
1	-7892
1	18821
1	-6653
1	-9254
1	13992
1	-8832
1	12238
1	9610
1	8007
1	-10472
1	3791
1	-6828
1	12597
1	12337
1	7219
1	14369
1	-8519
1	15577
1	-10666
1	14790
1	14048
1	676
1	-7536
0	-12130
1	24394
1	-9294
1	-5699
0	-12844
1	17672
1	9896
1	-3845
1	-5653
1	-10361
1	-12597
1	-10504
1	-3442
1	-6711
1	5953
1	-3179
1	-7930
1	34340
1	-12413
1	3692
1	6435
1	-5419
1	-1494
1	10271
1	12957
1	9583
1	-9833
1	-6258
1	2128
1	1996
1	-5992
1	5527
1	-10502
1	13548
1	9710
1	16206
1	-3254
1	-10872
1	-5860
1	-3518
1	-3360
1	8520
1	-4116
1	5612
1	-6486
1	-4806
1	2285
1	-7610
1	11491
1	1815
1	-10689
1	-9203
1	-5669
1	-958
1	-5171
1	69
1	-8747
1	-1159
1	18964
1	3814
1	-6264
1	-8731
1	3629
1	1457
1	-6182
1	-8482
1	-9331
1	19882
1	-9690
1	-9161
1	6636
1	18582
1	-6863
1	3265
1	6192
0	-4933
1	14031
1	18175
1	3866
1	-2917
1	-10163
0	4050
1	13460
1	15056
1	-9713
1	-7415
1	-661
1	6401
1	3836
1	3245
1	10734
1	-5777
1	-716
1	10911
1	-1293
1	-9939
1	6370
1	-10640
1	-7080
1	12005
1	-3611
1	-7538
1	-10587
1	-8354
1	3114
1	-7471
1	-12064
1	20946
1	-11642
1	15491
1	-3637
1	-9499
1	-7912
1	-7107
1	352
1	-4327
1	-4622
1	16378
1	-9924
1	16583
1	-5509
1	6134
1	-7229
1	2227
1	-2916
1	-1117
1	-7061
1	878
1	1995
1	7156
1	-6635
1	-169
1	570
1	923
1	2469
1	-2337
1	-7071
1	-11942
1	-3619
1	-568
1	-12482
1	1159
1	-10357
1	-11581
1	16383
1	14561
1	7776
1	16310
1	-5294
1	-8814
1	-4247
1	-9079
1	-5027
1	9366
1	-9007
1	-8871
1	-5720
1	-7991
1	1180
1	18389
1	-10991
1	19655
1	3019
1	-10131
1	-2957
1	6470
1	-13852
1	-2981
1	22579
1	-6794
1	-12765
1	-8621
1	6453
1	6047
1	5229
1	-7331
1	1432
1	-4170
1	-4135
1	-1965
1	12655
1	6869
1	2351
1	-280
1	-10637
1	-7449
1	8302
1	21114
1	-10364
1	-5716
0	12283
1	-3456
1	-8487
1	-5320
1	-11769
1	-8663
1	540
1	-4247
1	-10478
1	-9130
1	12825
1	-5383
1	6969
1	-12242
1	2532
1	173
1	-3251
1	-9966
1	-1718
1	7206
1	3275
1	-4339
1	2230
0	-6911
1	-8799
1	-4466
1	25916
1	1359
1	-8610
1	-12226
0	10375
1	-4956
1	-8614
1	-8308
1	-5091
1	-2321
1	-5560
1	-10382
1	14030
1	20268
1	22262
1	-2597
1	3853
1	-10316
1	-7058
1	145
1	-7642
1	-8476
1	2718
1	-12762
1	9677
1	10521
1	-696
1	2093
1	-2514
1	8348
1	7790
1	-7152
1	-1844
1	-502
1	-6273
1	-4315
1	-5451
1	24983
1	-6704
1	11651
1	-9848
1	-6205
1	-11184
1	9374
1	304
1	-5540
1	3299
1	-8208
1	-10227
1	21056
1	15650
1	-10899
1	-1596
1	29430
1	-1617
1	-2792
1	-9337
1	15747
1	8893
0	-6698
1	-13240
1	-5268
1	1148
1	-10297
1	21823
1	-5305
1	5899
1	16573
1	2456
1	2479
1	1859
1	6412
1	3007
1	-10353
1	-12712
1	-1455
1	-4524
1	9242
1	10027
1	-406
1	-850
1	-9590
1	959
1	-4662
1	-7189
1	3473
1	-5088
1	53294
1	-6235
1	-2471
1	-11936
1	18092
1	-10371
1	-4097
1	26825
1	-1695
1	-891
1	-2013
1	-9111
1	-1703
1	-10653
1	6716
1	5982
1	1781
1	7407
1	6472
1	-2422
1	6359
1	-8338
1	10399
1	11649
1	22965
1	-5380
1	7068
1	4633
1	14320
1	-381
0	23228
1	-8486
1	11292
1	-2114
1	-7901
1	15471
1	-5922
1	-6442
1	650
1	1547
1	10592
1	-5605
1	-9138
1	-792
1	7448
1	-8658
1	1233
1	-6481
1	-8590
0	-7392
1	8453
1	-11164
1	-9061
1	10492
1	-4871
1	-716
1	9401
1	-8760
1	-8934
1	-9743
1	-9547
1	-2815
1	-4993
1	-8205
1	20473
1	-8142
1	13098
1	8815
1	-2805
0	-10319
1	7094
1	2873
1	456
1	11560
1	1080
1	-6687
1	987
1	-11053
1	9744
1	-5231
1	-6928
1	21187
1	6079
1	8338
1	-4970
1	-7877
1	-5530
1	-4718
1	3400
1	-8949
1	27412
1	9275
1	-2674
1	-10900
0	5760
1	-4876
1	-8883
1	31918
1	-8585
1	-12484
1	-7031
1	-6617
1	-2290
1	-4891
1	-10187
1	-5180
1	-2540
1	-8249
1	-7057
1	27858
1	7987
1	-3678
1	-5879
1	14458
1	-14998
1	-5361
1	4851
1	6032
1	4084
1	1073
1	-9
1	5530
1	-10681
1	-10590
1	163
1	13753
1	-1594
1	12876
1	-7999
1	3063
1	2927
1	-9840
1	-2878
1	-2598
1	13618
1	-11915
1	9529
1	1782
1	1525
1	-8219
1	-5326
1	-5370
1	28845
1	751
1	-8187
1	6008
1	-5546
1	-2461
1	-6012
1	-5417
1	-9088
1	22789
1	-9653
1	8974
1	-3862
1	17523
1	-4770
1	10911
1	-2880
1	1867
1	-10531
1	20885
1	-10753
1	-3419
1	3423
1	-12684
1	-8650
1	3313
1	2412
1	-4243
1	-9098
1	411
1	858
1	-9461
1	-9393
1	3267
1	-12050
1	7668
1	14772
1	12125
1	9158
1	8055
1	10605
1	-10549
1	-2254
1	6075
1	-10129
1	6524
1	-10476
1	-5880
0	-7758
1	-9809
1	17511
1	-2831
1	-10421
1	-11047
1	465
1	-6097
1	-10552
1	-15623
1	-6858
1	1584
1	5979
1	7172
1	-10011
1	-7763
1	-6940
1	10363
1	4764
1	-10631
1	14470
1	-10983
1	34002
1	-11382
1	-8454
1	-1114
1	-2223
1	-6045
1	7565
1	9292
0	2025
1	743
1	3867
1	-531
1	-3700
1	-3913
1	-9543
1	-9199
1	-11844
1	-7389
1	11561
1	6174
1	22924
1	12383
1	-7544
1	16990
1	21269
1	35614
1	-8402
1	-2264
1	1778
1	17373
1	-8472
1	645
1	-3109
1	-452
1	10761
1	9232
1	-6130
1	-7365
1	6757
1	-11097
1	-11445
0	4718
1	-11544
1	5425
1	3430
1	16478
1	-2510
1	5656
1	-8472
1	9984
1	-6851
1	-9967
1	-3037
1	9762
1	-45
1	2719
1	567
1	127
1	-10010
1	-3056
1	-6694
1	-11050
1	-14665
1	974
1	16087
1	6989
1	-4631
1	9171
1	-5093
1	-4442
1	298
1	-2592
1	20845
1	-3815
1	-4715
1	21566
1	-2854
1	25955
1	127
1	-9033
1	-4413
1	-3606
1	-6556
1	310
1	16347
1	1998
1	-12819
1	11820
1	-2262
1	2221
1	6373
1	-13302
1	-8861
1	10830
1	3611
1	-6483
1	15902
1	2878
1	19776
1	10549
1	13038
1	-3356
1	-10855
1	-6580
1	535
1	-8928
1	-2350
1	-10249
1	-11664
0	-9069
1	-5061
1	13141
1	-7835
1	-4539
1	-7678
1	-8656
1	-9543
1	2454
1	618
1	-14230
1	-10020
1	6018
1	15774
1	-1704
1	-3045
1	9105
1	-6058
1	8121
1	13892
1	221
1	-2156
1	6082
1	-4938
1	8408
1	2110
1	-5585
1	-8489
1	-8669
1	-5486
1	384
1	-11100
1	-10353
1	-5099
0	16342
1	-5271
1	13920
1	11152
1	-592
1	-9375
1	-7023
1	-7327
1	-8612
1	11954
1	-7733
1	17954
1	-4112
1	-11223
1	10409
1	-7441
1	-9373
1	-6356
1	12122
1	8801
1	-8823
1	24107
1	-7910
1	-10512
1	724
1	-7663
0	-11185
1	9126
1	5133
1	-11572
1	-4342
1	-10566
1	5607
1	-7147
1	22304
1	-5411
1	6228
1	-5356
1	12909
1	343
1	-7369
1	-1219
1	20418
1	-8562
1	-1632
1	-5877
1	-8432
1	-2433
1	-3608
1	8153
1	-7708
1	-1530
1	-7823
1	15760
1	5125
1	-11007
1	24183
1	-5270
1	6563
1	1153
1	-11047
1	-12848
1	-6574
1	-8711
0	8616
1	-10790
1	-8219
1	-60
1	-6211
1	-2501
1	2398
1	10146
1	10535
1	3684
1	1027
1	19489
1	-7134
1	-13351
1	-7237
1	4659
1	18153
1	-2191
1	-9140
1	-8923
0	-6900
1	17961
1	-11623
0	-6453
1	-5141
1	6304
1	10363
1	-57
1	-12146
1	10193
1	9454
1	-9714
1	21706
1	-10892
1	3296
1	-10679
1	-4783
1	-539
1	9752
1	4127
1	-13721
1	6360
1	10869
1	7552
1	-930
1	-5894
1	8019
1	-12599
1	-5009
1	-8841
1	-5148
1	-5532
1	-13547
1	-8049
1	-7014
1	4704
1	7626
1	3977
1	-10803
1	12057
1	4088
1	23915
1	8690
1	30477
1	-10173
1	32759
1	10698
1	-3900
1	16233
1	14836
1	23704
0	-3006
1	4588
1	13681
1	-5242
1	-4109
1	-605
1	2071
1	-12863
1	-8882
1	-4447
1	19435
1	5511
1	5207
1	-13071
1	-7764
1	-5081
1	13631
1	4108
1	-1510
1	1060
1	-9932
1	-7577
1	-5602
1	14761
1	11660
1	-11133
1	8230
1	-142
1	-2222
1	-9332
1	29950
1	-3937
1	2272
1	3247
1	-8134
1	-7168
1	-13062
1	-6065
1	7050
1	17224
1	-4326
1	-7090
1	17769
1	4549
1	-11305
1	-1011
1	15082
1	22826
1	3526
1	-10434
1	-6089
1	-17892
1	-9248
1	-1767
1	-2115
1	2454
1	-4276
1	-11035
1	-9339
1	9256
1	13543
1	-9283
1	7442
1	1855
1	-11185
1	-9074
1	323
1	-1788
1	-14131
1	14517
1	10689
1	-4412
1	12345
1	-2020
1	-7048
1	-8389
1	5047
1	9192
1	-3296
1	-11018
1	86
1	-3745
1	-10626
1	-4805
1	-11616
1	-5532
1	4412
1	15892
1	13949
1	-4376
1	18044
1	-2019
1	21483
1	-7711
1	-4104
1	2501
1	-12660
1	23927
1	-6019
1	-5354
0	11996
1	9922
1	10764
1	-9620
1	-7868
1	8419
1	-9066
1	-4775
1	25559
1	-1655
1	-7370
1	-886
1	-9393
1	14876
1	-5560
0	11970
1	13003
1	12974
1	2123
1	-8725
1	-11375
1	-8081
1	-2226
1	8418
1	-8225
1	-1668
1	-6552
1	-9080
1	-6781
1	-3910
1	-7380
1	4899
1	-10512
1	-5351
1	3317
1	1437
1	-4410
1	-10319
1	14874
1	-7459
1	21526
1	11408
1	-9952
1	3127
1	8858
1	-4154
1	-9283
1	-8712
1	7071
1	-3759
1	2478
1	-5508
1	-6401
1	-9584
1	9779
1	-1264
1	-4076
1	-5049
1	7038
1	1449
1	-4905
1	2070
1	8439
1	-9595
1	-4911
1	-11697
1	16783
1	1597
1	-14186
1	7001
0	25647
1	-1481
1	-1813
1	-7037
1	17154
1	2452
1	3815
1	-11113
1	10534
1	-2850
1	-7069
0	-3960
1	-11876
1	-12213
1	-11202
1	-12051
1	-3212
1	6327
1	4894
1	-12618
1	-9083
1	3676
1	22383
1	-10780
1	-408
1	-6545
1	-12529
1	8619
1	-9804
1	-525
1	9337
1	-1788
1	-9236
1	9649
1	-11336
1	15234
1	-6805
1	-8775
1	4118
1	-6177
1	-13101
1	10147
1	-13431
1	12263
1	-8956
1	-10508
1	-1542
1	-6900
1	6309
1	-9411
1	-10221
1	163
1	-6511
1	-250
1	-6540
1	-14073
1	-10115
1	6988
1	-9756
1	-1821
1	-354
1	219
1	-9365
1	-7169
1	18066
1	-6605
1	10749
1	2440
1	2362
1	-5650
1	11420
1	11484
1	12908
0	28725
1	-2112
1	-5635
1	10856
1	-11457
1	315
1	2670
1	3683
1	14755
1	-4181
1	9234
1	12058
1	666
1	-12948
1	-7904
1	-428
1	-52
1	-3693
1	-8598
1	10836
1	-3660
1	-12164
1	11266
1	-3321
1	-385
1	3050
1	14812
1	-7149
1	-7221
1	-12012
1	16214
1	25869
1	-11380
1	9458
1	-7223
1	-11503
1	-6627
1	-645
1	27720
1	5293
1	12934
1	-9771
1	8060
1	13663
1	-202
1	-1472
1	-15288
1	199
1	126
1	-8600
1	-4051
1	10674
1	-4506
1	-10951
1	1848
1	-2244
1	4037
1	-6066
1	3196
1	-12935
1	-2900
1	16762
1	-8518
1	-8903
1	17429
1	33855
1	-10687
1	18961
1	-9151
1	-40
1	-12176
1	15895
1	-1364
1	-8931
1	-12495
1	18989
1	-6351
1	3397
1	15764
1	-8854
1	1131
1	-7325
1	4689
1	4280
1	4754
1	-5851
1	-9337
1	8340
1	15577
1	4309
1	6820
1	18956
1	11300
1	1027
1	-7263
1	-8199
1	2123
1	-8653
1	-4214
1	-4413
1	-7898
1	738
1	12527
1	17833
1	11143
1	-11485
1	-9304
1	-3878
1	20226
1	-7609
1	18432
1	29287
1	-963
1	-1255
1	-1685
1	-8146
1	-11995
1	-5754
1	-5489
1	16471
1	-6562
1	-8162
1	-2870
1	-5028
1	-12527
1	5106
1	5190
1	583
1	-9761
1	670
1	-11305
1	-11763
1	31532
1	-7103
1	14327
1	-4943
1	15875
1	9745
1	-6356
1	1969
1	841
1	14306
1	3131
1	-6082
1	11398
0	2902
1	-9003
1	-10184
1	-3841
1	-5840
1	-8247
1	818
1	17037
1	-3174
1	-7249
1	-7529
1	-9836
1	12042
1	15392
1	12269
1	12044
0	-6109
1	-7439
1	-9291
1	-2097
1	-6007
1	-6962
1	-3785
1	4627
1	-8217
1	2162
1	-12006
1	-6663
1	-3261
1	-1084
1	-6476
1	-6055
1	5646
1	-10417
1	-10545
1	569
1	-10607
1	-3018
1	-8241
1	-2275
1	-214
1	-6588
1	-11749
1	-4836
1	16448
1	-330
1	742
1	-12717
1	-8578
1	-4426
1	-3081
1	9471
1	7469
1	-3595
1	-6907
1	16631
1	-7931
1	-1307
1	536
1	15698
1	1556
1	8911
1	-10847
1	-8370
1	-4565
1	-866
1	-1315
1	-8449
1	701
1	-1220
1	11590
1	9894
1	-4822
1	-5818
1	-6323
1	24419
1	-2020
1	-4358
1	3218
1	-1112
1	2411
1	7161
1	14014
1	-12439
1	3372
1	-347
1	14042
1	-4935
1	10018
1	-39
1	10564
0	6804
1	5313
0	-10008
1	5792
1	8352
1	-10249
1	1537
1	-2723
1	-6314
1	-10658
1	-5178
1	-2786
1	-8579
1	4865
1	-8160
1	-10055
1	-5362
1	-3069
1	11299
1	-4591
1	-2810
1	-6545
1	-5207
1	-5487
1	-9679
1	-11903
1	-11008
1	399
1	-7823
1	3707
1	13267
1	-10597
1	1547
1	5507
1	8734
1	-11736
1	16371
1	-1213
1	19132
1	14403
1	-25
1	-12150
1	8002
1	17275
1	-11081
1	-5990
1	-10879
1	29339
1	13266
1	7825
1	-99
1	-11226
1	-5434
1	11325
1	-7824
1	-8046
1	-9828
1	-8467
1	2262
1	-7267
1	2062
1	-15554
1	-4500
1	-9357
1	-10021
1	10824
0	-10346
1	-13602
1	-6006
1	11420
1	6522
1	9435
1	6813
1	-9664
1	-5172
1	4863
1	-5303
1	-6558
1	-8294
1	-8957
1	4616
1	6493
1	-11624
1	-13589
1	14643
1	-7037
1	-8041
1	-5291
1	6567
1	-9022
1	-7935
1	13142
1	2695
1	1530
1	-7439
1	-7625
1	-12671
1	4417
1	-1620
1	-12581
1	-3500
1	2092
1	10448
1	2820
1	-13206
1	5496
0	-771
1	-2528
1	-9719
1	-11812
1	-9944
1	-651
1	12924
1	11753
1	-2732
1	-5323
1	-1828
1	-5555
1	9352
1	-10666
1	-8709
1	7136
1	-10612
1	7524
1	-9431
1	11947
1	-11590
1	2363
1	51
1	-11810
1	603
1	17817
1	-7451
1	25463
1	-6521
1	-12275
1	17921
1	15599
1	-1977
1	-2849
1	-8491
1	-5984
1	15487
1	-11565
1	-10555
1	-3045
1	3914
1	-6317
1	-12234
1	-13375
1	9494
1	-8867
1	-232
1	-8053
1	-4499
1	-13269
1	-9220
1	-13573
1	-12843
1	-3571
1	-9290
1	-1202
1	456
1	-1037
1	-3540
1	3141
1	2875
1	-9538
1	-865
1	1068
1	-2199
1	-9864
0	3818
1	7654
1	-9919
1	13939
1	-1411
1	-6559
1	-12713
1	-5583
1	-9093
1	-7097
1	-7811
1	-1996
1	-4509
1	1967
1	29906
1	-971
1	-9059
1	20517
1	-266
1	-2483
1	8152
1	-9629
1	-3958
1	-581
1	-5271
1	5016
1	3491
1	-3948
1	-13686
1	8508
1	-9174
1	8927
1	-7178
1	4502
1	2464
1	14333
1	-5277
1	-1764
1	-5201
1	33631
1	-5597
1	28004
1	17675
1	-4570
1	-2947
1	392
1	9641
1	-6949
1	20069
1	-11469
1	-2526
1	3714
1	-186
0	-9603
1	3292
1	27059
1	-10001
1	21302
1	-1948
1	2504
1	-1827
1	-532
1	-14375
1	-8940
1	14806
1	3730
1	13965
0	1844
1	-124
1	-4015
1	13893
1	16040
1	-11082
1	26638
1	-7009
1	1807
1	-9165
1	7868
1	12690
1	8358
1	928
1	-12649
1	3971
1	-7068
1	-14632
1	1227
1	-14392
1	-7229
1	-910
1	-11845
1	-8178
1	-10662
1	-1277
1	26
1	25669
1	13251
1	-9369
1	24048
1	9599
1	-5855
1	-6901
1	-2004
1	-9623
1	9374
1	-7248
1	-6908
1	-6053
1	-2363
1	2113
1	-14361
1	19609
1	2570
1	-11492
1	13368
1	-9618
1	-14486
1	-12889
1	-7663
1	-6409
1	-5924
1	-9483
1	572
1	-12764
1	-11426
1	-8350
1	-4888
1	14910
1	-6591
1	-5383
1	-11740
1	18105
1	2286
1	-3124
1	-8995
1	-2824
1	14630
1	-5739
1	-8839
1	-10692
1	9882
1	-11732
1	12889
1	-10835
1	3569
1	9744
1	-6992
1	-9625
1	11643
1	-14108
1	-7214
1	3815
1	-9007
1	-1474
1	4181
1	-1295
1	3412
1	-1106
1	-12425
1	3588
1	-5029
1	3994
1	6871
1	-1415
1	8116
1	8048
1	-7035
1	717
1	1154
1	-8695
1	-6027
1	26946
1	-12320
1	5090
1	-8585
1	-9292
1	-9456
0	-12856
1	9941
1	-3147
1	-2624
1	-3350
1	-4630
1	-2658
1	2375
1	6398
1	727
1	-10659
1	7067
1	-4248
1	-5351
1	-11386
1	13719
1	22632
1	-6910
1	11480
1	-4474
1	-5277
1	-6248
1	-10226
1	-12721
1	-15047
1	-3195
1	1529
1	8344
1	2032
1	2043
1	-673
1	21974
1	17286
1	-3203
1	-11875
1	3691
1	2324
1	-1389
1	-7688
1	-10027
1	-7406
1	-7918
1	17412
1	-8921
1	-14390
1	18537
1	-2440
1	7375
1	-1791
1	-7562
1	8091
1	-3901
1	-8083
1	20254
1	-9304
1	2524
1	-4151
1	-4040
1	21532
1	-9790
1	-13090
1	-12321
1	-493
1	7961
1	-7509
1	-8456
1	-5382
1	-4444
1	-9106
1	25883
1	-14386
1	-7639
1	-7991
1	-11610
1	-1439
1	-10835
1	14029
1	-5557
1	13352
1	5138
1	4387
1	-9186
1	9649
1	11415
1	12560
1	-8153
0	-8340
1	-11028
1	-9120
1	-5604
1	-4947
1	-6027
1	-6481
1	962
1	516
1	-4783
1	-9002
1	8216
1	2241
1	-5233
1	-10062
1	-12658
1	12033
1	6167
1	-9869
1	8563
1	1004
1	-8213
1	768
1	17450
1	-9037
1	5239
1	12664
1	7907
1	-6714
1	-5338
1	-7690
1	-7871
1	16618
1	20460
1	3419
1	2897
1	-33
1	-4522
1	-12157
1	17673
1	-1514
1	11875
1	-6978
1	4776
1	-13348
1	-12384
1	-759
1	3631
1	-8710
1	-9502
1	-3425
1	19235
1	14765
1	-9733
1	-7354
1	2307
1	20714
1	-3655
1	3029
1	-5910
1	950
1	-9849
1	-10686
1	-9522
1	-8750
1	-11313
1	-6514
1	-2405
1	-7800
1	1096
1	-2741
1	12217
1	19389
1	7178
1	11215
1	-7156
1	6850
1	4280
1	-3624
1	-10176
1	-7846
1	-12675
1	5073
1	-10357
1	15000
1	2053
1	6295
1	1812
0	-6231
1	-2769
1	7031
1	-2314
1	10759
1	5588
1	-9400
1	16226
1	16503
1	6033
1	-5200
1	-5604
1	6253
1	17858
1	7203
1	-7572
1	5912
1	-553
1	-2666
1	-901
1	10042
1	4663
1	-16390
1	7854
1	-2286
1	-6367
0	-6386
1	13165
1	4531
1	-7932
1	-2484
1	-1603
1	1207
1	-1391
1	-5151
0	-7792
1	-7354
1	-934
1	-11330
1	14090
1	-4600
1	-1073
1	-5477
1	-6107
1	15240
1	-7192
1	-6928
1	-6126
1	-3988
1	1586
1	-7513
1	-10685
1	-6028
1	-10510
1	636
1	-14405
1	-4443
1	7348
1	-9928
1	20138
1	-8537
1	-6111
1	-9918
1	2806
1	14964
1	11530
1	7365
1	11607
1	5024
1	27017
1	15757
1	-6818
1	6570
1	-4999
1	-5200
1	25190
0	3758
1	-9925
1	1496
1	16566
1	20853
1	-7388
1	-7758
1	-13055
1	14046
1	-2094
1	-13467
1	12465
1	4225
1	-770
0	-11541
1	-7630
1	-9736
1	5016
1	1710
1	27824
1	26905
1	5847
1	-3706
1	16454
1	-7348
1	-4142
1	-6871
1	-6161
1	-7433
1	-6636
1	-8395
1	-12928
1	-12882
1	8406
1	-11144
1	-5624
1	11404
1	18984
1	-5900
1	-9784
1	-13125
1	1832
1	-10997
1	11358
1	5728
1	12836
1	-801
1	-8515
1	-12110
1	3975
1	-10467
1	-9954
1	-11131
1	3489
1	34053
1	-5373
1	-5473
1	-1028
1	-1115
1	-2508
1	-11764
1	-2903
1	35900
1	-5449
1	3796
1	4248
1	7143
1	16771
1	3609
1	16185
1	1114
1	11406
1	8058
1	-9531
1	-10166
1	-800
1	-13252
1	-4757
1	11766
1	19915
1	9400
0	-7770
1	-5527
1	4923
1	-3227
1	-9361
1	-5471
1	2780
1	23679
1	5173
1	9189
1	1083
1	-10195
1	9072
1	-7399
1	-6140
1	6589
1	-10637
1	9765
1	5371
1	897
1	-6913
1	-4472
1	-10632
1	3022
1	-7236
1	-12984
1	-5158
1	-7756
1	-5985
1	4882
1	4195
1	-6439
1	-6092
1	564
1	2199
1	-4526
1	-3104
1	-4099
1	-12088
1	-11316
1	-9714
1	-11431
1	11393
1	2926
1	10873
1	6593
1	-7895
1	3627
1	4621
1	-6963
1	3714
1	3149
1	-8748
1	-642
1	7568
1	-4205
1	-7072
1	26781
1	2842
1	-3947
1	11617
1	-5571
1	-7540
1	18716
1	-12444
1	-6494
1	-4533
1	-6406
1	-7848
1	-7625
1	6780
1	8465
1	13665
1	-9666
1	-11443
1	-2117
1	-6327
1	7250
1	-7958
1	271
1	-8840
0	-9155
1	-590
1	-5596
1	-2923
1	-2610
1	-9154
1	-3711
1	9570
1	7294
1	6869
1	-7380
1	-11076
1	-3545
1	-7406
1	-3158
1	10224
1	1223
1	-10454
1	-12611
1	3481
1	-1831
1	-10208
1	15122
1	8029
1	16675
1	-473
1	-167
1	-5593
1	-10347
1	-7572
1	15057
1	-9367
1	-7744
1	-10292
1	12470
1	-10612
1	2125
1	10029
1	-3603
1	4445
1	9784
1	14887
1	-3263
1	5738
1	-2282
1	22801
1	7220
1	486
1	1195
1	-14340
1	-1875
1	-8661
1	-12265
1	12379
1	22029
1	-10847
1	14889
1	22184
1	-8805
1	-6157
1	2265
1	-10493
1	-157
1	-10173
1	377
1	925
0	-8263
1	-5360
1	-13326
1	-9333
1	-8561
1	-6870
1	18384
1	-8686
1	2941
1	13972
1	-3794
1	1299
1	15310
1	-5653
1	-3088
1	6037
1	-3450
1	-7330
1	-9776
1	-5640
1	-2667
1	-7307
1	-8447
1	12568
1	1897
1	-10516
1	28407
1	19870
1	-10523
1	-9703
1	-3931
1	-6780
1	-3593
1	-5751
1	-8077
1	-7507
1	16036
1	8527
1	4605
1	-3172
1	-8446
1	11695
1	2534
1	-6762
1	424
1	-11488
1	5520
1	4150
1	-3488
1	9959
1	4688
1	-6214
1	3119
1	-11471
1	-15056
1	20917
1	12267
1	16340
1	-3937
1	-3016
1	4232
1	15926
1	-13464
1	-8025
1	12276
1	-3149
1	-4897
1	2424
1	-9095
1	10711
1	3002
1	28574
1	3880
1	11815
1	-7944
1	6044
1	-3981
1	-12105
1	4869
1	-3236
1	-5647
1	6376
1	-13678
1	-379
1	-7442
1	7752
1	6747
1	-1543
1	12020
1	-10295
1	-82
1	-2907
1	13125
1	-10128
1	-9194
1	24714
1	17638
1	-7816
1	1911
1	-12143
1	13980
1	-6039
1	-7431
1	-12116
1	8721
1	9762
1	3013
1	1623
0	-4613
1	8376
1	13086
1	-10601
1	-12384
1	-8763
1	-8229
1	29649
1	158
1	-421
1	1696
1	-5813
1	-8369
1	-1732
1	15228
1	1270
1	-10019
1	-11160
1	-3390
1	-11232
1	-5006
1	-1798
1	-3726
1	-7148
1	-13363
1	6934
1	-4902
1	5393
1	-10927
1	-7354
1	-9355
1	-3317
1	-10210
1	-6482
1	-8047
1	2129
1	-12868
1	12339
1	7864
1	11558
1	-8501
1	-5896
1	22150
1	20530
1	-4779
1	-270
1	-10929
1	-9700
1	21398
1	4267
1	23572
1	241
0	15774
1	3740
1	-1658
1	1228
1	-8432
1	2926
1	-1606
1	-10382
1	-9100
1	-7910
1	-4295
1	2862
1	11072
1	-4574
1	-11232
1	-142
1	-4984
1	-10963
1	-3073
1	-10973
1	-2889
1	-12652
1	-449
1	17535
1	-6094
1	-3113
1	-6090
1	29911
1	21941
1	-3648
1	3497
1	-10055
1	-10307
1	-12153
1	-9436
1	-10136
1	5800
1	-8196
1	-6452
1	1907
1	-8160
1	6734
1	-11696
1	-21
1	6695
0	-8540
1	-9777
1	-11213
1	15770
1	-13040
1	-10804
1	1909
1	2542
1	-6191
1	-2636
1	-8696
1	7954
1	-7949
1	-10499
1	-394
1	18341
1	-6816
1	-4081
1	-10927
0	7167
1	-7650
1	-2634
1	-7633
1	-3116
1	-9387
1	2197
1	7739
1	-1101
1	-11740
1	17533
1	12077
1	-10820
1	-8434
1	-9995
1	2133
1	13175
1	-10081
1	-4742
1	18551
1	-11704
1	19755
1	-11327
1	8456
1	-2340
1	-12364
1	-8154
1	-4764
1	5289
1	1350
1	18841
1	3001
1	470
1	5519
1	693
1	19224
1	20
1	-10159
1	17085
1	27707
1	11360
1	14991
1	-10058
1	-9662
1	14675
1	13239
1	-1887
1	20900
1	-9139
1	-10490
1	-7046
1	2078
1	7833
1	-4456
1	-11714
1	-14133
1	-10487
1	18041
1	-5516
1	-6061
1	-12576
1	-2169
1	-4799
1	-4775
1	-327
1	-4419
1	2426
1	-1143
1	5611
1	-10663
1	-10484
1	-11087
1	-3182
1	-12334
1	-8824
1	13916
1	22096
1	-4562
1	-12932
1	-7135
1	5314
1	6254
1	22484
1	-3006
1	1326
1	9923
1	-513
1	-7481
1	-762
0	-636
1	385
1	-4400
1	21948
1	1919
1	2945
1	12239
1	-7852
1	-9614
1	-3538
1	-1793
1	8858
1	11978
1	8533
1	-1912
1	-10565
1	-7623
1	10995
1	-6030
1	-12899
1	-12514
1	-7590
1	15707
1	-5402
1	-1214
1	-11110
1	-3587
1	-8651
1	-11484
1	-14716
1	-11695
1	-11959
1	11046
1	18559
1	-3515
1	-11798
1	-8511
1	8630
1	-11527
1	4069
1	4519
1	-7106
1	-3179
0	18103
1	-12348
1	-2728
1	7670
1	-8373
1	14515
1	8846
1	-6144
1	-964
1	-6003
1	-3946
1	-7417
1	6712
1	12299
1	8402
1	17980
1	14566
1	11688
1	4470
1	5387
1	-10515
1	24354
1	-7619
1	-13907
1	-12336
1	-12715
1	15929
1	-5463
1	-6415
1	-6112
1	3404
1	-11625
1	5728
1	-7500
0	-10686
1	-10086
1	-408
1	6914
1	31316
1	-2815
1	11740
1	-1498
1	4375
1	177
1	11254
1	1101
1	11693
1	21072
1	-11457
1	1618
1	-8812
1	-1589
1	16000
1	13009
1	21151
1	224
1	4462
1	8386
1	14118
1	-5271
1	6309
1	4120
1	-7449
1	-1457
1	14124
1	-9676
1	-3987
1	4314
1	41448
1	-10392
1	-7607
1	-8193
1	-8019
1	-4042
1	23773
1	12373
1	-12174
1	-6337
1	6744
1	-10175
1	5989
1	-7238
1	21340
1	13132
1	-4589
1	-10440
1	-5954
1	2152
1	-8586
1	18437
1	-2224
1	4500
1	971
1	10853
1	8953
1	-11558
1	-866
1	10542
1	-10132
1	-7668
1	-6661
1	20768
1	-6257
1	-2033
1	17905
1	4698
1	14971
1	-6181
1	-6647
1	-9655
1	-9588
1	16407
1	-9670
1	34452
1	-4406
1	-2736
1	11184
1	-3781
1	-8910
1	968
1	-11650
1	917
1	957
1	2822
1	10814
1	23854
1	6292
1	-4519
1	-10330
1	-2122
1	4900
1	-1055
1	-5518
1	14487
1	-10303
1	-7810
1	-3771
1	7257
1	2965
1	7985
1	10191
1	5212
1	18029
1	-1839
1	2409
1	8900
1	7985
1	-10602
1	14554
1	-10176
1	12587
1	-11523
1	-3159
1	19548
1	-12955
1	-9310
1	-6214
1	-2394
1	6416
1	-7334
1	30282
1	20014
1	6889
1	3225
1	9519
1	9100
1	10630
1	-1483
1	-7702
1	-3582
1	23286
1	-11913
1	-1832
1	-1824
1	21218
1	17475
1	13585
1	-4939
1	1865
1	-1652
1	-12772
1	3819
1	-2282
1	14657
1	-4030
1	-7450
1	8981
1	1536
1	4735
1	-7979
1	-11350
1	-8365
1	-7935
1	17716
1	29539
1	-10279
1	-7443
1	-8476
1	-3451
1	7863
1	13928
1	-8497
1	-6179
1	-1173
1	-14343
1	-4271
1	-3761
1	4174
1	-14015
1	-4500
1	-8416
1	78
1	-9137
1	966
1	6224
1	7054
1	-6109
1	-5351
1	-9587
1	-6834
1	-9837
1	7991
1	21433
1	-3585
1	8800
1	-8310
1	19288
1	-11820
1	-2015
1	-10523
1	1914
1	-13812
1	5520
1	9428
1	-5918
1	-3626
1	31838
1	-2484
1	7429
1	-9602
1	-6011
1	-10056
1	7830
1	-4721
1	-7523
1	-7553
1	10885
1	-722
1	-9817
1	-7594
1	-5243
1	-9063
1	-2196
1	13971
1	10697
1	-2555
1	1751
1	-8773
1	-9282
1	770
1	5567
1	-18
1	-5573
1	-9191
1	840
1	-2236
1	6535
1	-452
1	13175
1	12064
1	307
1	-5581
1	-1473
1	-10461
1	-8106
1	-7662
1	4561
1	9727
1	-9517
1	-11831
1	12138
1	12268
0	16801
1	-11105
1	-2086
1	-1172
1	25166
1	-8320
1	30214
1	-5035
1	2966
1	-2107
1	25650
1	-12366
1	-5319
1	8079
1	-6890
1	-5123
1	13670
1	-8642
1	-1063
1	6074
1	14270
1	9590
1	1433
1	-8219
1	-7081
1	-8962
1	3863
1	-10520
1	-13331
1	-9726
1	-13787
1	261
1	-8894
1	-2766
1	8755
1	-7860
1	16540
1	-2639
1	-4953
1	4452
1	2119
1	-6585
1	-293
1	-11654
1	718
1	1255
1	-10462
1	-2789
1	9151
1	-5580
1	30783
1	-4821
1	4017
1	9694
0	19314
1	24247
1	12173
1	-4631
1	1739
1	21015
1	1123
1	-11394
1	-8042
1	-5788
1	8354
1	-6092
1	10362
1	-14786
1	-10305
1	-6281
1	-1139
1	-7438
1	2627
1	13674
1	16973
1	9688
1	-2519
1	17506
1	-3571
1	-7691
1	11442
1	-7327
1	20604
1	-4097
1	-7622
1	-11213
1	8998
1	-5221
1	-4149
1	-8667
1	-8858
1	-7620
1	4551
1	-10357
1	-5820
1	-7460
1	11165
1	-12348
1	4027
1	9212
1	-7300
1	-6526
1	-4966
1	-7958
1	-4596
1	4108
1	-12441
1	-4082
1	-15113
1	-6125
1	1447
1	-6813
1	-7687
1	8852
1	-16036
1	5950
1	-6996
1	8145
1	3235
1	-7477
1	-12365
1	-9222
1	-6614
1	-12159
1	-2964
1	-9060
1	14255
1	15465
1	-126
1	-3544
1	-11603
1	-14426
1	220
1	-10927
1	4143
1	-5839
1	-9512
1	-9932
1	-9095
1	-12602
1	-11716
1	11950
1	13405
1	16365
1	-6826
1	6271
1	22787
1	-10697
1	-11416
1	4943
1	-5731
1	4696
1	-12735
1	-8897
1	3252
1	-3522
1	-10079
1	-5833
1	5613
1	-5368
1	7183
1	-6608
1	-13567
1	283
1	-3005
1	-6139
1	4540
1	5883
1	-7675
1	23830
1	-9496
1	1420
1	-11018
1	-9449
1	-7309
1	-2270
1	-1710
1	-11583
1	-7824
1	-7875
1	5627
1	-2593
1	21029
1	-7317
1	776
1	17457
1	-8686
1	-8102
1	8690
1	-10906
1	18220
1	-1586
1	8601
1	-5178
1	-1745
1	-8355
1	10951
1	13613
1	1412
1	35185
1	9921
1	-11386
1	20302
1	-10780
1	-5275
1	-10297
1	-10766
1	10179
1	-10561
1	38094
1	1173
1	-9821
1	-12243
1	-8765
1	-5819
1	9885
1	8801
1	-5413
1	-12405
1	-1648
1	18903
1	-2494
1	-4533
1	10836
1	11771
1	-5106
1	25564
1	-9861
1	-2166
1	-7756
1	-9033
1	-10557
1	-8495
1	30578
1	-7538
1	1714
1	-9569
0	-5549
1	7917
1	-466
1	-5702
1	10651
1	26429
1	-1301
1	-4767
0	-16815
1	23084
1	-2831
1	-9619
1	7132
1	-5039
1	-1414
1	-12281
1	-1121
1	-5414
1	-10470
1	-6082
1	-1668
1	-7702
1	6403
1	-7781
1	-6409
1	-506
1	6325
1	3186
1	-12665
1	2752
1	8306
1	-178
1	-9304
1	1328
1	-8448
1	-1080
1	9513
1	-11252
1	-6340
1	24698
1	-9927
1	-8597
1	13962
0	-13702
1	-13810
1	-5223
1	-8298
1	-7170
1	-3815
1	39938
1	-3385
1	-7301
1	-8574
1	10482
1	-12956
1	5380
1	-7769
1	-9809
1	31497
1	-5518
1	-9906
1	18762
1	-4952
1	3508
1	5508
1	-9850
1	10489
1	627
1	-6266
1	-10545
1	-473
1	7429
1	-1935
1	22626
1	-4343
1	-2868
1	1464
1	12574
1	-4129
1	-10660
1	13938
1	14037
1	1187
1	-7682
1	-5574
1	18155
1	15838
1	-4960
1	3579
1	-5991
1	-9473
1	363
1	22171
1	-7256
1	-6501
1	9290
1	-15234
1	8778
1	-6134
1	-9503
1	-7522
1	17805
1	9703
1	3724
1	7528
1	1720
1	-3720
1	30637
1	-12368
1	-1642
1	-5928
1	-888
1	10122
1	2467
1	7121
1	2872
1	6759
1	-1725
1	2851
1	-7575
1	8219
1	-4608
1	2562
1	-4866
1	-7346
1	4381
1	-5241
1	-7427
1	-12081
1	368
1	-1965
1	-251
1	-6734
1	-10705
1	-7768
1	12641
1	-3978
1	-7625
1	-13488
1	-10305
1	-7475
1	-8700
1	13039
1	-6224
1	-2908
1	13390
1	-8902
1	-4112
1	-4428
1	-678
1	-4005
1	18995
1	6076
1	5093
1	-6621
1	6470
1	3045
1	4479
1	4007
1	6641
1	-3760
1	-8643
1	-10200
1	-8023
1	5385
1	-13332
1	-9899
1	-5512
1	20343
1	568
1	-11235
1	-7017
1	786
1	-7023
1	13053
1	24589
1	-1350
1	-3750
1	6843
1	9561
1	1089
1	-1984
1	-7646
1	-13210
1	-4612
1	10334
1	36697
1	-9856
1	4882
1	2169
1	382
1	9764
1	-7614
1	-3762
1	-12009
1	-8996
1	10144
1	8157
1	-3477
1	7577
1	-9801
1	-8858
1	14202
1	13207
1	-3491
1	-3017
1	-942
1	-6794
1	2803
1	-7530
1	9535
1	-1041
1	8482
1	834
1	-8974
1	-7093
1	4963
1	-3355
1	-10131
1	21490
0	-8384
1	-5144
1	14976
1	18227
1	20690
1	-5579
1	21254
1	1405
1	-11247
1	-7497
1	11578
1	-12597
1	-6686
1	1012
1	-5426
1	-7092
1	-5074
1	-7865
1	12425
1	18350
1	12392
1	-7853
1	3301
1	-2972
1	-8677
1	11950
1	-4547
1	-10873
1	-7377
1	-4796
1	-13493
1	22845
1	-3122
1	-5419
1	4308
1	-2834
1	35157
1	14691
1	11984
1	-11299
1	3711
1	1855
1	-5805
1	-9837
1	-1087
1	-10723
1	-8550
1	-7680
1	29882
1	6525
1	22697
1	-224
1	8300
1	-2588
1	9760
1	-12839
1	6045
1	16927
1	-11914
1	-11736
1	11585
1	-3247
1	-9980
1	-916
1	13413
1	-7138
1	4294
1	-11221
1	-8723
1	6184
1	-2604
1	1655
1	6908
1	14578
1	7896
1	-8441
1	-11482
1	4267
1	-8469
1	-4031
1	-7931
1	-6900
1	2240
1	-9917
1	-12959
1	-4537
1	-7033
1	2629
1	-8077
1	-9099
1	-223
0	3672
1	4582
1	6610
1	-9255
1	-8472
1	887
1	8553
1	5355
1	-4507
1	-5460
1	-5027
1	-5918
1	5799
1	19511
1	-4297
1	-2272
1	-50
1	1655
1	-8226
1	-13217
1	-7099
1	5081
1	-9717
1	-11329
1	9608
1	-2487
1	-7289
1	20259
1	6729
1	21576
1	12539
1	19180
1	-8419
1	-10232
1	-8758
1	-5822
1	-8849
1	-9738
1	-10010
1	2666
1	-6570
1	-1798
1	-3860
1	4777
1	-10834
1	18977
1	942
1	17222
1	-7763
1	-9773
1	-3187
1	-8900
1	-12848
1	-13410
1	24906
1	4465
1	13676
1	8001
1	8606
1	-8474
1	-8314
1	-2158
1	899
1	-2961
1	-4765
1	5528
1	-5814
1	-15204
1	-3353
1	-8617
1	-8923
1	25320
1	-8460
1	11179
1	5292
1	-1023
1	5170
1	6002
1	4629
1	-1653
1	4982
1	-9445
1	968
1	-3588
1	1344
1	1566
1	11891
1	4200
1	17859
1	-7282
1	-9245
1	-13483
1	-4164
1	14302
1	-4755
1	-2261
1	5077
1	-49
1	-10626
1	10860
1	-9889
1	928
1	-8867
1	-4231
1	-7798
1	-4604
1	-6556
1	20640
1	10888
1	-1139
1	-3068
1	9665
1	7901
1	-5393
1	-6804
1	-10109
0	6978
1	-9682
1	-10404
1	-11045
1	3617
1	-5583
1	-2375
1	8686
1	-5521
1	-10596
1	8442
1	2755
1	18223
1	10618
1	517
1	-9037
1	12448
1	21192
1	-10723
1	-447
1	4172
1	-10659
1	7394
1	4621
1	8199
1	-8025
1	3817
1	22960
1	2853
1	-4502
1	2949
1	-8776
1	-6613
1	16942
1	-2737
1	-4452
1	22352
1	-4594
1	-11523
1	-2297
1	-8158
1	2106
1	318
1	-9211
1	19693
1	19841
1	18742
1	-4099
1	27279
1	4138
1	-3461
1	10203
1	-5709
1	-13702
1	-3918
1	8892
1	-9481
1	-10214
1	9654
1	-6997
1	-11056
1	-5543
1	8042
1	23558
1	8073
1	670
1	1578
0	1217
1	273
1	13734
1	-6222
1	-12387
1	-7089
1	1783
1	-10581
1	13808
1	323
1	7011
1	-3220
1	928
1	3598
1	16829
1	2109
1	7441
1	15458
1	14521
1	-9387
1	-13435
1	19473
1	-504
1	-6192
1	-4112
1	-1406
1	-8534
1	-11451
1	-5865
1	-3347
1	-3832
1	8796
1	-8576
1	-10203
1	-5535
0	7955
1	-7676
1	8073
0	882
1	-3596
1	-14095
1	-1948
1	4507
1	-1157
1	16178
1	14448
1	19014
1	-10361
1	-4493
0	12172
1	-5576
1	-5122
1	-2292
1	-7210
1	-1767
1	-5411
1	-11604
1	-9759
1	-11059
1	3939
1	10943
1	-9681
1	11111
1	12417
1	5992
1	7503
1	-7079
1	-14219
1	-6691
1	-870
1	-6981
1	39411
1	-3780
1	-508
1	2788
1	11963
1	-12317
1	-4294
1	318
1	14464
1	2770
1	-4558
1	443
1	-5537
1	7629
1	9415
1	-6164
1	-692
1	4700
1	7491
1	-10828
1	-8127
1	-3466
1	-11264
1	10375
1	-7954
1	2794
1	-150
1	7861
1	9723
1	-6548
1	-8828
1	4521
1	-7004
1	-11952
1	15682
1	-8714
1	1933
1	3845
1	-1883
1	-5794
1	5021
1	-7546
1	3368
1	4865
1	6916
1	-9437
1	1337
1	-4331
1	-8910
1	-6806
1	-4984
1	-10590
0	-7461
1	7677
1	-7056
1	-5239
1	-8865
1	-6166
1	-10660
1	4060
1	-6225
1	56
1	-5737
1	-7597
1	-8518
1	-5294
1	26362
1	-4687
1	-13440
1	7131
1	-9811
1	-8132
1	-14874
1	10708
1	-5696
1	8184
1	-3247
1	-1693
1	4366
1	9561
1	-4570
1	-11761
1	25786
1	-6684
1	10854
1	-4068
1	30280
1	-3096
1	8983
1	-8812
1	2169
1	-1733
1	9602
1	11462
1	12094
1	8322
1	-8858
1	-2391
0	-1972
1	-11125
1	-8671
1	11143
1	13508
1	-7529
1	1461
1	8369
1	-9425
1	2035
1	-6656
0	-12672
1	-12634
1	9072
1	-2909
1	-10874
1	5864
