1612	7835
-5559	4962
7296	-6084
1591	-6585
-6393	-1886
-9742	-12757
-5217	-2379
-23634	1467
3522	-9490
4927	11761
9296	2944
-655	9295
-11625	-8866
-6811	-4151
-17346	-9205
13244	-5858
7431	-4436
-17817	1696
-8273	3271
12596	-5128
5018	678
18887	5588
-1828	-9177
-16848	437
2454	10256
-3879	4640
1595	-5521
-15001	1176
-166	-9326
-1356	-3354
-15207	1882
-7424	-2137
17272	-705
9842	20131
-8907	-7260
8929	4551
-3527	4565
4736	-15137
-574	9353
-13951	-1833
7659	65669
14333	7747
-13600	2242
19025	15138
-6093	-15779
-12155	17244
-3421	7624
-3566	-8006
6899	-8464
-27427	-13882
-14850	-870
-12904	-14452
11220	8425
-6265	-8549
2047	8731
588	11926
4339	-7905
7147	-6150
13008	6425
-8803	19152
3858	32019
2866	-6696
-3801	6706
-1274	-8432
6991	-6523
-9896	46920
2386	-2393
3304	-6819
4341	5046
11678	-5185
-2508	3888
8705	-7521
-9406	-9295
19264	9563
18679	-3591
12460	-9582
-2953	-6959
2292	68987
-73	10919
9908	45344
508	6605
-16623	-16490
-3726	-14896
6265	-7605
-11665	-14513
2069	-5743
2547	-6281
4633	-11675
-18593	-7610
18901	-1601
-21824	-2901
11552	2034
-6680	-11403
9661	-3421
-3124	-578
-11195	-9267
-9455	-2371
-12176	2286
-12241	-8288
3619	-131
16917	13270
19912	2475
-19686	2591
-19861	-18955
13990	10344
841	8301
6328	4870
-17736	-12744
-4422	-8777
-4571	-7619
-5557	-13325
-16011	1058
219	-5966
4662	11893
18725	-2091
5569	28409
-9924	2909
-6135	7807
8019	-177
7449	-3092
-6042	-13196
-2476	4062
2781	-5293
-11842	8
-5432	7326
539	-7456
9834	1593
1053	-8226
765	-7275
2628	-9395
-11316	-775
-18144	-3985
-2754	-2334
6617	10968
4910	7440
4298	11527
11724	12994
-13552	2059
5874	6137
19754	15946
-13621	-11956
-947	1916
1668	-8768
9045	-8784
7197	-7351
-5573	-6241
-377	-12371
1819	-11831
-1690	-10376
12093	-5061
12565	9623
4631	6484
-10019	4345
534	18867
-2493	5762
3222	-1266
-1274	4791
-461	12885
-6394	-14604
-9630	7554
-1914	3926
-1608	-6637
-8323	-11874
559	-4220
-15938	245
-6838	734
-5848	-7376
-3532	-14959
5454	-8052
-4360	4626
-5839	-7963
-5549	3458
-1257	5012
-10866	9536
-4602	14431
-2135	-6850
-3253	-8097
-6185	-648
4573	4839
21273	12978
-4970	-8648
167	-7630
-4705	-7884
-6084	-5938
-12008	-10010
9305	4587
3844	-12527
13839	11692
7715	-1275
-1617	-11112
7153	-9622
-10629	-7827
-590	8240
-3221	-1910
3347	-3340
1195	5846
571	-12408
-4200	-8661
-4620	-11626
-6762	-9663
1726	7178
-8779	7428
6792	12048
11936	7214
-8582	5666
-5876	3362
-11546	6776
11072	7228
11513	-7896
-2144	-4010
6041	-9378
-13428	2197
-2112	5742
2846	5491
1849	11997
3018	18520
-8270	2515
12387	-12461
6018	6576
14401	10832
-9225	-10970
5684	-10568
5526	-6405
21250	-6594
14736	6333
-199	6102
16638	10399
-8256	-8067
10548	-8928
-6714	-709
8670	-12342
15701	12527
1523	4550
6207	10276
-1470	8814
3733	-11579
14462	22444
6577	-10645
-13082	-9630
-7000	-2851
484	-8529
-11937	-8534
-7076	-7568
767	4160
4002	2444
5301	11290
-1378	8659
-2203	5844
-6342	3704
-333	-11691
1771	-6074
826	2853
-21066	-8382
-2081	-8552
3266	4874
10219	-2976
14712	-14802
12154	12877
-4101	2880
2040	-7854
3981	-9294
-12901	3539
14004	-8005
-12878	-10859
27119	4045
-4868	4647
12240	14096
5948	11251
-6809	-5715
-5111	4174
-2306	6622
-13088	-1113
-18925	-789
48	-2447
-3695	-6830
7770	5567
24542	-8655
-17613	2320
-14840	-13083
-369	-5140
-4639	-9089
12371	13526
817	937
-7355	-3405
-5416	3361
-6623	-7846
2756	10015
-15149	111
1599	-9384
-6647	3036
-13082	29166
-18270	-658
17250	7819
1322	-4205
-15034	-11999
8008	11553
-1085	10170
25564	13045
-26072	1576
-14519	-18342
26311	-8827
-9760	-7679
-5611	5302
8039	8417
4415	-1307
-11658	-15199
11745	20529
3578	8005
-6235	-2953
-14171	-7875
4387	5993
6247	4033
-7013	-16186
-17648	-1363
3225	127
-13668	-6686
14017	2032
1795	6777
-2244	-9979
14086	10637
21147	19476
-10020	17214
-14760	-12570
6759	10022
-6115	4465
3256	5926
-9784	4609
9696	-4730
-3428	1171
545	6802
1962	3601
3058	-4806
-12943	4669
-3742	2981
15506	16060
10642	1850
-3751	4230
6134	4426
5337	-4378
-3187	-11153
1237	-4719
9040	3041
6214	9817
-2265	-14898
-9335	1368
8915	31832
-7222	3258
-1319	702
-347	9051
15360	-3389
-13262	-13600
-7646	3387
-1032	2315
4197	-5641
4591	-8002
13041	8570
-3355	-6892
5613	8672
1785	-11791
-5724	1568
11021	1623
-11753	4306
12211	10160
-410	-9512
4286	35255
9750	1016
2951	-10542
14432	9094
18831	8754
9237	-4807
-5660	-11615
2232	8390
6384	13437
15153	6887
7091	8094
677	12406
-11635	3760
-1564	4953
-5995	6833
5384	8946
15507	-6317
3209	4845
-6102	-5374
-13300	2910
-7439	-11422
-11666	-7667
3482	-4941
-8379	-14922
-2947	2318
13160	-7679
-12293	2435
8565	8232
-6929	4140
-4752	-5624
-8823	1417
1125	-3885
5982	4113
-16570	4247
-2162	4407
-12611	-1684
3554	6147
1011	9659
6303	-3511
-9263	3285
-29000	-10202
11263	-6587
-2011	6876
-427	-722
2403	25712
15110	11495
30709	-2154
9508	-9224
5948	3029
8105	8949
-738	-7071
15741	11046
-242	7921
-6840	2687
-11574	2781
7665	12030
-7090	-7145
8558	8612
-17229	-10991
2323	5450
1428	-3659
5192	-5479
8325	2762
3601	7279
-12433	2342
6182	-1454
-23732	-16947
871	9899
-17095	-12252
-4022	5271
714	17625
-2203	3761
3279	2891
-1875	-8123
-2538	6816
-5334	-7734
2522	9196
1914	5017
660	606
5669	11004
-1800	6652
-1844	-3851
1491	10097
-8672	-3880
-7563	272
-3963	3223
1129	-7943
10090	-8362
-8080	8069
-10477	1304
1578	6253
-9529	-9954
11086	12144
-6052	-6772
5972	6352
1654	-4806
929	-9688
1651	4936
2295	8993
3988	-8275
8167	-4541
-6254	5581
20654	-6553
5584	-18332
-11196	-12416
6604	15807
5329	-6831
-6215	1011
-7145	-10710
-4268	-7641
3762	-6343
-2745	-12409
9790	685
-396	-4089
-20064	-3168
24914	-9695
-11323	840
-14259	-8274
4075	-5966
1473	-9545
-8874	3745
-16829	-1844
-10820	4690
-5603	3260
-9188	-11836
12265	-2002
6408	-2723
377	-2282
-5042	6993
10001	6979
2046	6324
-2695	6187
4346	4482
919	-13814
4817	-10683
2982	4
-6033	1716
-18592	-7623
-1403	9217
15302	10324
-14346	-14078
33127	12720
-1103	-7322
-3036	10006
1046	2886
21430	16730
5229	3535
5075	6880
3963	9418
1202	7914
14298	11659
-3664	-8923
-2709	-9142
2783	-3153
8135	6900
-3599	-11828
-11707	2294
-18330	2376
-18257	-11669
-14393	-1920
13292	-12856
-5544	4095
-7865	4487
15468	-3779
-7019	6017
-12549	-14978
8567	8254
-28894	-14349
-10050	-11902
-15846	-10346
13818	9108
-17987	-8141
-4619	3542
-2316	6986
-18029	-11492
3156	10693
9813	10796
20205	-2232
6083	7601
-6345	472
22388	-6176
2072	838
14622	2494
-9456	-3982
-5904	4829
1055	-1853
6104	-5236
14697	-13470
-3228	3996
-9989	-900
-9238	-9096
3337	17399
-2921	2822
1412	-12916
-13443	9642
178	7258
-9578	-8845
-4446	5060
-2520	-372
2296	22614
2131	5871
-3020	-11455
-7014	15
16238	11766
20639	-1431
-12835	-3868
7186	4759
-7855	-4071
-2382	4487
-399	5559
-13800	-5885
7785	1285
26685	-1308
217	-7303
9081	-12393
5598	5196
-20659	-8513
-6407	-2175
24628	-1273
-2377	4004
-3684	-7401
1653	-1021
-397	-1845
979	-5969
4263	-8071
12615	-2097
-13393	-8645
2956	-119
-9764	1521
5116	5594
-5853	5955
-3514	4556
-14539	-8168
-5620	-8333
7285	-6366
-10069	-13097
9156	9396
-1732	-4588
-11285	-10066
-11429	1054
-10349	-428
5478	-1217
-27140	1504
15319	2443
15331	-5605
12304	14890
-11653	-18918
7675	-12504
2730	-3193
5026	3102
-3982	-14436
-7343	-3411
-17841	-5808
752	11543
10607	7625
-8058	29879
14737	-11069
-1449	-5831
3930	3885
-9576	21685
9310	6211
-7721	-11040
122	-12425
5768	10440
-7949	-13472
9593	8194
-2917	6935
-9037	-898
-10697	516
-390	5925
214	6835
-682	7559
13237	14480
7997	-7391
5261	8673
12663	8637
-16578	-7456
4830	9809
-8781	-8340
-13648	1888
-1910	6105
3316	11099
-13244	-11891
-2600	917
540	-997
-14237	-13112
9588	-17197
6599	974
-10992	3711
-2004	-10652
-512	2800
-4597	5314
11251	-13657
-591	5001
-5390	-10062
-19700	17368
4288	5951
-4450	9119
829	-13671
4736	8163
5444	-7627
17646	7563
-3521	5631
2327	-9601
-13185	269
1658	-7409
6647	-5962
-16128	1632
5791	-5143
6417	-4351
17197	12408
878	452
-26087	-2959
17499	10358
-14191	11460
11590	5476
-14531	3327
33201	15638
12270	10616
10055	-16784
-4611	1463
-5910	-8781
2576	10572
4265	6093
11427	2203
1064	-2600
-2396	-639
-1178	9902
-7656	-7886
-14345	464
9909	-762
5125	6187
5087	10096
-5298	1822
-6856	-12010
-3514	-3980
9842	14311
-368	-4826
-8077	-12416
28189	4798
13893	7770
-9691	4667
-4600	-8060
-7818	-1886
3272	-5117
7715	8588
-10238	-2484
-19587	13002
-3716	-7819
19015	15065
-10709	-5412
6481	-10669
-10676	-10634
-7229	28467
-14932	946
5556	-3135
4631	-725
8474	-2716
-11545	5724
-3935	277
19463	19755
5509	12399
-23717	-16586
-13379	-9901
-2979	-8163
5711	-4647
-5322	3125
-12438	8362
3165	-9560
18878	10761
-967	3651
332	8396
-9897	-15132
-13812	-15734
115	23340
12220	-7292
-6055	1882
-14860	-15031
1908	-6876
3827	2426
15196	9544
-4282	1738
-4350	17625
322	6389
-2	-1412
-20783	-9821
2941	6636
471	11084
7815	8941
10248	-5305
-9855	-344
-3002	5319
-3323	-5849
-968	-5597
6757	9405
5624	-7194
-5892	-4450
5516	-6882
1836	-5645
1219	-10708
-15990	-12
8051	357
7786	12856
-6770	-8785
457	-9373
-18620	9794
-8649	-7206
-9075	-6341
5179	-14876
-9980	-12708
137	6037
13168	861
639	3831
-1786	-7542
-3770	6865
-17272	-9228
6569	-12454
-6085	-238
-7059	3247
-3597	2457
-13079	-12702
1421	-1757
-19360	-12326
-6150	-9398
3274	7004
-10398	5056
7446	-8307
4507	7804
1486	4506
5706	29015
4854	5323
-11132	-9399
3809	-4299
-178	4709
-16000	4450
-2729	-9454
10209	-3830
26949	-5974
-1804	2286
-9465	75
-757	3927
3261	7561
3002	2858
2176	-5907
-11747	4472
11524	-3694
-11731	-12306
-6430	-10105
7323	-7986
8413	-14820
-1454	1660
-9379	5468
-8461	-9963
3753	4761
7632	-11766
6310	6117
-14780	-10496
10023	-3809
-14032	-7414
-9089	187
14749	7601
1473	7656
1759	1023
6770	-5393
-11598	-8760
8905	9525
-5922	-5582
-12046	-10900
-11722	7704
-14925	-8259
-14151	-8973
6992	-13294
-19159	-16093
19816	-6380
9384	-3517
-19427	-615
-2192	-4671
7428	-7079
-4836	-3847
5491	-9140
-3628	-11706
3127	-6543
-10101	-2364
-3059	-9237
854	-9688
18980	2886
-2168	-9081
7854	-7523
-11361	-12217
-2850	-5187
6113	22321
11382	1237
2669	3480
10662	9287
-7918	5291
-4068	-5131
18769	-4761
-4054	-15772
-5990	-14255
18146	13777
-15588	9820
2267	-4584
-6319	-21561
2146	8630
-1263	-6036
-13952	-9671
1596	15987
13673	-13056
4142	-9646
-17817	-3560
-10137	-10383
-3293	-9519
11743	-8215
127	11423
151	-6425
4561	-6384
20119	-4312
-7064	11988
1375	-10614
1339	-4174
-5729	-2681
4734	-9753
-8024	-12731
-679	-9649
-14194	-5424
10643	9792
-3965	167
-9252	2983
-9095	1302
24872	7251
7927	12469
-7425	-1861
17066	-7541
821	-6226
-11426	1470
4635	-11510
-7029	-6318
3220	11530
-793	-5395
-10759	-7938
-269	8291
-11150	-3957
752	-9266
7143	-5404
-6955	1484
-508	5944
11549	-4574
-11879	1172
13043	-1148
9048	1086
-3989	4444
-3728	14959
-4145	-2788
-15375	3743
6738	-9527
2268	-9739
-924	-12502
7661	7557
15203	-11185
2624	8620
16581	12132
7791	10262
-8405	-9418
17635	12651
249	-4641
5912	-1822
10079	-5111
14171	-10824
15612	11423
-14604	3250
3216	7710
-10982	243
-8497	3494
-4601	-10511
8886	-5120
-1996	-7255
16560	-5347
1597	9172
17413	-13727
671	-7501
10719	11151
-5106	17835
-11909	4192
150	-14503
2495	-4499
-4563	6010
4204	2405
5534	-4283
-6675	3633
-3882	-4952
11790	-8844
-11762	-5061
-10646	-11438
-17922	571
-6208	6053
26373	-17018
8365	642
-7868	6919
-17024	-7937
14167	5556
-15105	-9146
-16794	-11459
-5931	5617
15171	1948
-4561	-9222
1887	1171
-941	-15917
-2451	-11894
27983	11485
3024	6069
-9659	-8707
-1113	1908
-14994	-4805
-8384	-8763
5085	5735
-1488	-5566
3139	8396
-12789	-8203
11357	15115
2043	5759
-3743	4268
-12857	-6504
-6346	-9147
-11503	-19782
-11215	-15669
12325	-5350
4340	9531
11624	-1396
-12722	-499
-20809	-1776
-19460	-12979
-14866	-6572
-5071	2107
902	8410
-5585	5448
1089	6983
-14093	-3889
-7892	5304
8280	9101
8589	3957
1882	-8204
-5264	3214
-6133	-9343
21349	-8076
-3154	-14435
9605	-2685
-16362	-7858
2409	6067
11327	-8734
7669	8504
-4451	-11986
1534	-7694
-7452	-8140
-4305	4068
-11809	-6416
-9880	3762
-9177	1341
-6689	-556
17502	-9076
-6487	-1480
-20220	-13452
-7644	-216
-2045	6930
1782	-3292
8900	-1006
-2461	2349
-19522	334
8600	11421
6029	5445
-14676	3398
-1718	1079
-15472	255
7343	8037
-4966	1423
20568	14212
4267	9852
3769	-5968
2407	34346
18721	8669
12008	7518
11858	10556
13897	16643
-10351	4066
-2442	6669
4333	9651
11794	42282
2276	8536
1862	1408
1718	-9351
-5354	8337
-7892	-9851
-4579	-4164
-11838	-11801
5639	-3485
411	-7653
-20633	-2161
8513	10983
-8636	1940
-11108	-7902
8265	9272
4478	-1656
-7939	2296
8663	-5418
-12148	37642
-16135	-7808
-3224	-9856
12918	-7939
-3218	-6422
-12094	-9826
-4482	-10579
-1228	-9869
-8869	-4474
21895	-3973
16823	12877
-4704	4443
-12445	-921
13163	10722
-3342	5410
-20665	2298
1099	1986
-12911	5277
3174	11107
-15524	3255
6816	7770
3591	-10015
27321	2525
11873	-8792
-32968	-1071
-3095	-8604
18296	-3888
6703	-2921
8257	34952
7809	9049
-8836	16000
2773	11678
-1714	19073
3645	-5784
7097	20827
15409	14294
6332	-8906
-4209	-7761
-4265	6567
4779	22277
807	-6229
5327	-10603
-14482	-11416
1358	3087
28697	11535
10007	-7817
-10586	-9195
-737	4595
6709	885
-4470	-6887
8015	-3780
-4374	-10538
-9268	23639
14183	3400
8513	-5010
19682	10412
-9398	-4244
-208	3030
946	-12786
-6631	1076
-4395	17580
19162	8930
-15402	15977
4412	5352
-11783	12743
3186	11388
11524	-810
5702	-8831
-5859	-2185
11588	-9090
-12683	-12602
-1657	-8887
19288	6212
14302	4960
-17604	-15073
-19332	-10607
2050	7110
-6620	-8261
13095	-1691
-2787	-6116
6922	9576
-7081	1371
-9805	4255
18496	3543
-2509	5361
-7998	3668
-2257	6443
18268	-7244
2365	-2439
16809	3563
-1981	5603
9480	9594
-2860	8207
-294	4445
11575	-2712
21332	17018
2285	7870
-19575	-5883
3757	-8431
-15468	-8413
-5132	4995
7654	30960
5156	12220
11990	23277
-9234	6165
-6453	-14812
-961	5178
-3735	-77
-7043	-4548
-1461	3801
11136	-4648
6136	70958
15615	14676
-11666	-10497
12816	12704
5685	-2932
-3590	-11499
-6669	-13345
12235	12375
9254	8106
10301	11926
-4725	2148
10698	-4648
8327	7002
2163	9434
12314	-2446
-4794	6627
-314	-1896
-3137	-9407
-4741	7736
6606	2128
-1569	11451
-5546	-387
-1994	10487
17407	8665
-157	-3918
-4806	-4616
-15242	-15195
-11963	-4885
-12042	-8895
-12095	-8817
-8610	2252
4954	4546
-6767	8545
3481	7295
10076	8481
19504	-162
-14112	-626
19544	-8891
1102	-14454
-2422	-5032
-14707	-13519
1633	-6184
-5007	4060
9609	3071
112	6800
-16996	-4669
2239	24405
16910	12832
-21975	-6080
-16306	-1377
-59	-3650
5753	-13406
1033	-6823
-4901	9171
-29278	-1364
8838	-9335
1457	-7824
-2630	-5655
-13639	-6394
-112	-4753
19253	-6191
-7036	-9684
-1976	9003
-10201	-10793
-3665	6567
13894	-7985
10269	-10961
-3986	-4583
-6705	-13976
-21147	-12752
-3580	-10170
3652	3538
-8177	2792
-1993	-9124
-5897	-7321
17126	-5178
-6225	60
-335	3844
19259	9785
-1776	5978
-1688	7340
3879	10237
1257	7879
6722	12079
-9256	-14713
-2515	-11881
7958	26
10878	-11267
10935	-14034
5521	-5848
-6894	2689
4913	-6357
935	-12828
-1555	7997
-13131	-18575
-4401	-12456
13282	7463
-6771	-10373
-785	3789
-8588	-15252
2091	-8387
3129	-12343
13626	11752
6541	-10042
-6195	-7242
7320	-14246
3122	-11547
1216	-8868
15182	-10891
7593	13237
3788	17934
-12505	-10301
8201	9082
-1804	2195
-7227	4573
7820	-3582
-7164	1374
4349	-5180
-2112	-10901
-1329	-9816
8851	-7011
19843	-8994
-16557	337
-7981	-11855
-2926	-1008
3535	4730
-23	-9024
-226	7755
4002	124
1645	-11355
2740	-8999
5810	-11531
11685	4852
1326	9603
452	8386
-5728	7214
-1357	-9660
8559	8485
3737	-8856
1706	68159
6254	9800
9897	3105
-728	-4811
13569	-10159
5730	4219
6473	-10670
10419	11052
2748	-10919
2761	1431
-4675	47595
-14928	2545
2825	11796
11051	2059
-9850	-12120
-1884	10880
-20690	-1298
6691	8841
7168	10212
6139	10655
-3820	-11064
10157	-3362
-13150	2107
5090	1012
4209	2150
-6794	7321
-2838	-7119
9559	-3156
-15573	-5384
6329	-6706
2781	36647
11731	10180
-11796	5301
10382	-10385
14843	9867
7156	10881
-11602	-8578
14851	21584
9138	-10510
-11703	-9482
7582	-10740
-6512	-9464
-3377	-1233
-4627	-233
-6727	1430
-6693	-10889
-8184	-9049
14023	-13250
-11107	-13843
9987	2914
6498	-13643
2998	3246
-372	13188
-1593	4812
3540	-6080
17022	7275
-10390	5512
483	-7014
5079	5764
4248	-4374
-771	27896
1825	-8733
2142	3958
1675	-6284
20627	28090
-8140	2701
3588	7845
6232	26
-3340	-4775
4425	9418
6300	-686
9642	6849
5952	25765
4174	10337
8614	-436
-5286	1549
870	-12328
12546	-10385
8527	13958
14317	8644
10070	-5625
1868	-630
10844	-12314
13558	-13293
18142	13130
-1093	-10659
14705	3051
1490	-11882
1585	8608
-15759	4232
-7612	2366
-6968	158
12720	12049
-5446	7893
10798	-6396
4924	-6000
12786	-5139
3800	-5773
-5867	-11613
-10850	-7332
4320	8764
-4732	-8494
-5187	-3585
-6319	-8218
-5944	300
18297	11959
5638	-4863
-11946	3255
-11265	-2413
12881	8630
6557	6674
-836	-5630
-8663	-8543
6739	7097
-3882	-2580
-14295	-13733
7603	-6703
-7690	-12180
-15759	4165
1403	-11314
2715	6850
833	6961
-1642	4396
-4529	6581
-6518	-2619
-4123	-10196
-3599	-8900
-14996	-13173
7956	-11431
-11595	4224
6166	12983
-1971	6878
17497	12300
-3712	6720
-1044	-12033
-12296	-12655
3153	-1449
3093	6117
-40	7315
-601	48287
9167	-4344
14501	9261
-4954	13286
7418	2601
13848	11891
-8925	836
487	4829
-11592	-14027
-2183	-7291
2224	-8835
-9210	3803
-6627	363
14323	9329
4518	-10815
8174	-6431
-14298	1572
-2128	-7870
8745	8859
9259	11470
-18657	-2214
32734	14318
5120	73441
-4842	6313
9517	-39
-10991	3243
12710	-4420
-6050	-13353
-15562	3095
14487	8567
-5563	-5546
-10659	1676
13989	10197
2000	-12746
13400	13953
-7282	-9224
3765	8276
5328	9228
-4564	3182
18953	-10339
348	-6515
14230	-13168
-14966	-15727
3598	3023
-8613	4441
3831	-108
9211	-5502
640	6160
-1534	6363
4605	7450
-1553	4696
19544	779
-5436	-12476
801	5760
-18602	-9958
6449	4622
1074	7054
-5953	1561
1068	-6032
6820	-1915
-13368	-11163
-986	17186
4500	469
-3837	-6766
10312	7304
1015	-7172
1313	-9653
-9638	-11163
10880	7402
-1721	1317
-662	6444
5979	-10499
1921	-3618
3169	-12479
8997	8199
-12392	5562
3873	-7979
-7073	4243
-4834	4401
-6753	-297
179	4324
15414	13855
636	6680
7623	8125
-1848	4667
-17528	-2500
-3570	3501
-6826	2480
-1969	-1409
5614	-7984
-13259	2524
14126	-8968
12302	614
-299	8092
-1995	-13144
-2243	1999
-6257	-10737
1125	-11201
-7712	-6911
5623	6080
-6873	-13166
-7788	5960
13920	4538
9884	1634
-1410	-11853
7301	-3595
6232	11258
7633	9438
-11842	-5912
4652	-5945
-17890	-16665
-2198	9124
10343	-6330
-6273	-6266
1318	-6234
3825	-1481
-3717	9184
-5724	8521
15727	36495
14769	10360
-16144	-12833
-10792	-9865
-5241	6124
-8870	-3131
5274	9877
8073	9444
-3623	-14624
1624	5085
8610	-8528
2028	-7102
4716	-5320
-5444	2701
-6947	-11593
2066	-6582
-2873	6083
2632	-9646
-1093	950
-5468	-3013
22102	-10655
-3732	2062
28481	15324
-9382	-12438
-1427	-13998
-255	-2019
-4258	-2698
-18077	-4549
-10975	-8372
-6052	5279
1717	1249
-14558	7426
18056	-1731
5102	-8722
2189	-13772
11911	28001
6823	6222
14008	-10857
-467	-6661
6139	9779
8069	-9544
-10771	-10477
8984	-7874
8291	9650
-7230	11229
20771	-5528
2045	11231
-16283	-13275
5992	-6362
6978	3954
1165	6745
-11370	2010
13790	9504
21267	-11441
-345	4247
-3247	-4110
-3904	-2979
-24564	2588
-3977	-11137
-2009	-9790
-15901	-6865
-14427	-1380
4692	11083
-1539	4969
-9316	2153
-742	1194
-8428	8643
5566	-9178
-5382	6956
5426	-10045
-25527	-6926
-8537	-2159
-11623	-14251
9576	1569
-2206	-8815
1965	-13859
-4993	-9423
4833	43347
17453	13253
8081	-4821
-9897	4409
-10977	-7411
-23658	2688
-546	5267
-4430	-8245
118	8159
8645	-10880
-8984	-14806
-9293	-5923
-7562	9178
-2076	-8497
-2949	15595
-759	10031
-1606	-4450
4209	11755
-4784	7167
-3149	236
1127	7156
4684	3608
-3637	-6556
-9272	-8419
682	636
-14388	-14325
-17978	5288
5341	-4793
1875	4859
-7718	-9046
18922	1588
9456	15242
-1650	-8905
3953	-7506
-9364	2275
1128	-15487
4891	-3997
-13383	-4820
1204	253
8000	-9327
9392	29990
-16719	-1506
1632	2006
-10809	5698
6500	-13490
422	-9614
6710	6550
-6770	-13282
-6754	-13464
5576	-3129
-5318	-10673
-1267	5667
-966	-7224
2253	1717
-18637	-1114
1488	-12636
-21825	-956
6299	8919
-5917	10394
-4574	2320
-2308	-6990
-1629	3352
-2213	8509
13509	10070
5100	3178
-17942	21761
5222	-7965
-10692	6731
-5314	-3849
20715	-5638
6564	3206
-146	-15511
12690	10259
1087	11405
5774	-4741
1646	4125
-6549	25563
4860	7584
-6567	2632
-3805	1368
-8055	-2207
4120	540
2336	-4376
15951	12043
-11136	-613
-2638	-5226
-6480	10740
-4992	7598
-15946	2092
-7235	-3058
16687	32871
11453	-9800
15922	499
-6338	20679
4812	75
11633	-3965
-8808	3182
-2635	18581
-15435	-392
14633	-3052
-12436	4617
-3291	34315
-11031	-13813
-16698	637
9040	12502
10456	7556
2052	8497
11398	-2331
-739	1910
-9439	-359
-2689	-10508
-1761	8546
-517	-6566
-7171	3031
12422	-3068
4296	7699
-7535	6266
-884	7869
13404	5977
-3161	-2437
-3554	5650
-7901	-8452
10643	-8120
21226	-4656
-6485	-7574
1457	5667
2747	10151
5311	10481
5785	7362
-15781	-11170
-9047	6665
-3856	-13355
-13894	-10810
-20168	-15074
1187	-9403
6582	1165
-3067	436
-3040	-8817
-6858	-12920
5308	8071
8901	-10635
-3063	-13787
8836	18376
2599	6463
-4499	2936
-6607	-9227
-13950	-257
-3975	-12091
14528	-1750
11746	-2953
-2689	1233
-12097	-2759
-4131	-1831
3884	-3140
-14164	-1229
-4143	7055
17298	-3389
385	-7889
-11764	1168
9041	-9884
6457	-2843
13201	-1491
-5652	4228
-10325	4824
-5744	-11146
-9940	-6008
4707	8694
-7104	5730
3569	12548
2772	8958
8037	-6353
-12210	2451
6807	-3218
13511	10661
2399	-1648
-2749	-1857
4256	4848
4840	-5757
8022	25525
14138	9503
-6167	4470
-5436	-9989
-15727	-7985
-11886	2521
-297	-8263
4271	-15212
5508	-4682
-11688	-12789
-5908	-10670
-3921	2274
-16154	-2078
4768	8397
7055	11204
18206	-9636
-14067	-7857
15233	12290
-6156	3084
-9331	2827
-176	-2725
4218	-1390
-5726	-12915
-74	-10222
-2342	-7860
-551	-1362
11823	-8438
11734	-10267
-12341	4539
-11480	-8611
-5029	-2995
513	9007
5967	15220
-10095	-10489
-20797	-10580
7849	9502
-10712	3554
2059	-9376
8079	-7952
2245	-4719
16851	6153
6908	-3363
-1976	-12295
-6750	-10936
-27003	-4607
14032	6290
-467	6332
-13422	-18473
-7401	-17295
7827	-7160
-8693	-6651
-6392	-1211
8417	-7909
-4128	-8696
2950	-1770
-17315	-9361
-14822	2841
10625	10603
707	-8933
550	-17929
14535	10909
8150	-14054
22666	-12551
981	-9210
16862	11904
-1092	6020
-1505	-10801
-803	-13556
-873	8327
-11062	-15561
-3397	-4657
884	-12683
-14730	17692
6309	339
-1123	-6025
-5134	-234
6189	11359
-8081	-9835
17649	15148
-6667	-6615
-17435	135
14435	3537
1030	-7021
-7076	-5487
18900	-9151
858	3170
-10904	-2800
-7830	-12772
5677	103
19703	17192
-11518	-7620
20208	-1245
-8703	-12063
198	3023
-21758	-10931
-5358	-9231
-685	7097
-1981	6659
-16745	-12720
-20418	-10954
917	4685
-2725	-11132
-2968	-8910
-4313	3836
-11265	21565
2637	-1006
-14650	-11985
-5182	5659
-18944	-391
6973	7100
12340	2521
465	-11348
-25825	1108
8357	3197
12398	-10604
-18596	1201
18718	5604
9252	-5533
5065	6500
13296	650
7329	4428
8192	21079
-9742	-10650
6168	10872
5430	-11322
2472	10542
3797	-7265
-369	2518
-5596	3457
-1108	-4029
631	5452
5124	6173
11440	-1969
29318	5270
-15771	-13479
9976	-2593
4375	8565
6563	7837
-7706	6258
6866	-839
13304	-7832
-8585	6501
-2736	-5275
-2429	-17475
-5922	2992
7728	-7602
10369	9170
4078	4094
8614	8720
-11558	-1528
-19014	-11792
1068	-3451
5442	-6303
-4635	2549
-17355	-13218
2150	6390
-65	-8589
-10356	-18690
-2089	8501
1421	2141
9574	-12054
20751	11148
12063	-15342
6021	-4634
-4222	7189
-5082	7310
-26939	-18009
-7051	4286
6056	-11520
7983	-3682
-131	5883
-6824	-6237
-3550	10565
11003	11790
-8162	3279
-3239	5186
-4591	-10067
7989	6225
12320	7898
-9422	-9148
4293	8420
-3264	22990
-3091	25652
-5597	20662
-261	-2023
-7488	3999
1375	11120
6623	-7202
-310	-11425
-6996	19262
-27492	-7060
742	46385
3997	-5263
4080	4680
1262	5450
-6457	4526
-5078	-8743
5565	-3599
1009	35689
-16298	-12091
-15395	-1063
3908	-9598
429	-13075
17576	9205
17321	5539
-7376	-1080
4801	-3822
22805	3784
-15691	1602
849	3369
-361	-18191
-3928	-11355
2092	24983
-16923	2141
-7876	6207
15297	5081
677	-1958
2282	-12838
-2487	-7799
16798	-6760
1728	6040
-9769	4780
-18847	-3620
-10077	-10094
-19030	-9734
-7318	-1376
-4280	11681
-8428	-4729
-426	-4750
135	-4745
-2863	-267
15794	16997
-8260	1355
5256	-5662
-2613	1986
-24874	-18182
3872	10145
12864	-5440
6805	1249
6718	9511
-17399	-213
21489	7025
-13629	6804
19916	-2084
7394	2073
4974	-7316
-1788	-1171
12463	12438
349	10244
12784	17158
12490	-3583
-932	7516
3554	-4157
1870	2660
10662	4596
10012	7891
1330	3923
9	6867
-584	16123
-757	6035
-10113	736
-4463	-11547
15898	5536
-1410	5100
-1524	2154
4418	-10137
-8407	-12629
5200	-5074
-8191	-9789
-9936	-5292
-4254	4960
-6031	2168
-8483	-8696
9171	4023
-16524	-6174
-18048	-12531
-19058	20674
-14323	-15347
5890	5715
-15287	-1417
-12524	-1651
5886	11874
-12574	5502
14874	4069
-879	-10969
4118	2394
-5300	940
-9271	-13212
8164	4492
-14269	110
16627	14264
7748	-13649
-3404	1779
-7515	-10653
3541	-5214
-14954	-3870
-1306	8611
-6899	-14647
-5244	-530
-5828	3003
-4548	3534
-3643	-6142
7523	11516
-7948	-8617
1279	-10138
-3158	-2985
9556	-11934
-10868	-8167
6409	-5639
-3617	2825
-4853	6812
-5844	7446
13677	15193
-14400	-1900
-9651	1188
-8016	-4751
-3609	5261
-10744	4394
9616	8194
-14513	831
6080	-7774
13433	16298
6630	-9549
13436	9101
-5291	2879
-2628	-5743
12869	-8597
-8280	4194
5019	7003
1076	4532
-6631	-9135
7897	-9739
-6822	6556
10618	-6496
8486	11582
8309	-7097
-6298	1911
-903	4016
-20779	10150
-24006	-9555
-1365	5590
7458	-6222
9310	11701
-9136	-10137
-510	6497
-2698	-12922
4950	-7493
-7446	4919
1859	-9520
-9602	4217
10329	-6833
-7542	-3983
7890	6789
-1366	-8159
16817	4268
-1768	-10927
-10958	-12304
24266	1944
-3061	8163
20354	14143
-1276	9588
-1345	-7419
-11539	-7923
-12133	-13823
17960	12785
9889	-7707
10513	14363
183	-12288
4588	-1063
-4541	3233
-4445	-11618
2179	2117
2969	5396
-8415	-5772
-6593	-5596
-5837	4634
-8266	-10914
-21713	-14295
37	8492
8069	6169
-1944	-8381
6012	-3871
30633	-4955
7447	-7949
5106	6717
6031	11137
409	9117
-3467	-9496
7376	9239
13765	5971
6815	5837
1076	3423
-16123	394
-1864	-6772
-8616	-13282
-1999	5909
-3644	-11077
3653	-6453
12739	-9239
14881	5707
10932	-9714
11096	-4279
11707	-8762
-2700	14725
778	-7660
14266	3963
-5522	-5389
49	6041
4937	-9658
863	-7465
-8689	-3099
20823	-11265
-331	10878
4670	-11626
17827	6395
-9273	5550
-31190	-11864
12540	114
-2145	-8016
2342	21383
-6260	2074
-6399	-18758
8399	-1477
-3571	5369
-2637	21007
12823	-11976
9462	5736
10788	4449
19237	10186
-4788	5902
-8352	-12117
13496	-6246
15054	15389
-2681	-1389
-3252	400
-10648	-13946
8876	11170
-5862	11540
-16281	1441
8949	-10176
6902	-4090
12620	-8585
-11344	-4358
-14111	-5325
-5398	-5182
705	10396
-1746	-2331
11526	-1340
-16781	2479
18977	-4675
-10943	-9112
4427	-1433
2750	5341
29962	371
15478	7356
676	-6192
14449	9521
5060	-1183
-390	5227
15750	13224
-13256	-9792
3576	9702
6770	-8279
13198	6881
13190	-6301
14912	-4933
4490	-7913
-2237	12630
-8754	1329
20702	18497
6973	5247
213	-11603
-350	-13310
-7634	-9796
8749	-3877
2650	8683
-4287	-8635
1320	54452
1960	7277
4614	4842
-3654	-3004
-217	-6808
883	-16261
-3713	5340
-20267	-440
-4692	5209
16352	4380
-8024	-17312
9550	9509
5176	-1412
-16331	-9015
-860	-6783
-8875	-7904
-10202	3551
4784	6230
-13093	3752
-4674	2030
586	-11778
-605	4043
-82	-4922
-8217	2068
15889	8422
12183	12778
829	9823
-9439	5198
-9754	34944
-10546	-1592
-6716	5666
3840	3840
-12663	-13392
-2524	3015
-4442	1926
-6952	-13826
4438	-10210
5643	11761
-3074	5134
1840	-5894
3964	-12025
20391	15584
-11281	-2668
12315	15908
-9601	3041
-15609	2834
-2286	-8733
5193	3871
6246	7735
-3740	-13267
22940	10207
-1085	-6382
3392	-10034
-1717	-5244
-7352	-1636
-30891	-13793
4966	-13623
-5454	-11487
1070	3249
-4092	-8166
5811	5069
1133	-10695
9552	-7670
-11863	-14731
8021	9700
889	-5984
2104	-1671
-2109	7232
16004	6886
21159	-13749
3049	-12107
-30	4872
10360	-3585
-3793	-7778
14104	-6315
4710	7924
-8472	5750
175	-1939
1000	-10022
16281	-1791
-134	7006
6417	10035
-2423	5952
14890	-10017
1501	-4521
2042	-6083
-8664	6218
-4172	-11528
-16166	792
-12219	-8607
10032	-5865
29250	9071
10418	-5559
-5129	2090
17937	16485
-8791	1827
10617	14877
6356	-11188
-8766	1455
-15186	-1192
115	1081
-12367	3794
6255	-5695
-2134	6601
-10553	-6926
-7115	-9987
10228	-7996
21115	-5292
-25063	-12215
-10975	-199
10349	6640
15902	10273
-5717	-8456
-14601	-10606
