-2444	-4395
-1492	7134
34708	-123
6907	-5280
3994	3960
-5452	3237
-488	6735
12540	3440
868	112
10453	7910
-3099	6615
1788	11209
1560	25234
5910	-915
-6602	-6433
13017	-332
-7035	2447
-14977	3661
-189	6383
2352	1592
17326	-11124
2541	14205
-7773	61
-7848	-3295
22885	-19739
-15948	11355
-5828	-3012
6523	436
5987	4641
1521	4132
-2620	-2508
7563	7583
3219	-9649
2592	1999
-13110	7866
7607	9758
-4657	-30891
-3194	2227
1959	4490
-1649	1782
-19349	7734
521	750
2030	-21458
-3664	-9598
-3789	-2677
2834	1938
14180	9410
2321	14543
-6268	3325
7546	585
-2067	-1554
-3998	12509
17906	-15084
8872	4228
9349	2764
102	16777
-10611	-7853
-6307	569
10603	13395
-4158	9402
4653	-1881
-8201	7470
-13845	-10922
6817	2302
8774	790
-2070	-5152
-1308	-6052
10672	-15163
3185	-2425
4306	-9817
1833	-4336
10715	-13799
-9482	-3023
2843	10210
-1981	388
-7297	5455
4468	5765
-4246	-10971
-5611	-13308
-4550	5652
4741	12579
7205	-4549
-1508	2622
-10402	1048
896	12341
1784	7691
5749	7389
7805	4232
-2140	11301
1331	3399
-2079	13551
-9381	11896
7001	114
-3613	17258
-9440	-631
23039	7449
-8062	10794
1716	-964
-9316	-7710
-3981	2211
9718	-4931
239	-18086
-6916	16688
-10805	11321
15544	-5106
-19073	-3394
-2597	-2234
5420	-12965
15272	4229
4266	-8383
2404	22052
-4914	13058
-19900	-14829
-5732	8479
-8668	-7692
-293	2206
4590	2747
3171	8972
-15626	-11
-14670	-3623
-13251	127
-7475	-519
-3704	10803
9247	-7211
-13582	7799
-10227	574
-2319	-2994
2075	5263
-4619	6607
-5413	-4720
4913	9336
6480	2985
5535	-98
-1115	4497
9726	10035
6722	-9438
-867	-15323
1843	19860
2413	5082
-4227	6244
8918	-7486
-14312	712
-32	-9992
-4867	-15807
2366	8966
14938	6127
-4202	18489
168	259
-12094	-16736
-1510	-7326
-7279	-11542
-6234	-27719
-1052	-2326
2601	-2441
-17465	-776
-17154	-1607
14134	-313
5914	585
10826	365
7376	1989
3586	-18607
9197	-18
6560	-29
5364	-3023
22484	-3812
11582	3334
13726	-18748
6669	-5363
5410	1999
-375	-6695
8281	10180
-2339	-3847
-12682	3362
7729	-6411
10184	-2804
-17968	-3851
-10457	-3571
9253	1818
16115	6975
6412	14306
-7382	-2811
-986	76
11178	11205
-5073	-1271
10290	-7365
-2475	-2576
-1462	-11124
5594	-11647
4052	-222
1983	12479
-22483	4384
1098	-19819
-4882	87
-13012	5063
5454	-8587
-9480	765
-1370	4992
-5409	-7951
-2769	3460
463	-5464
32571	5602
-12896	-8732
13435	5617
-10741	1521
-1087	5038
2184	-3426
-2333	2531
-16571	175
-1916	-5554
-3656	-235
198	103
-7988	-2180
-6959	6530
425	15485
2264	6437
-8105	-3325
-1325	-3392
4049	4036
-9848	-3771
17501	3439
-5425	5009
-6962	-12064
-4568	-5910
-3288	2951
-3425	-8623
-10627	-4630
-20747	3019
4223	9395
12627	-2019
28091	-2054
3274	-9332
-8810	4683
-5699	-13302
-11134	64
4984	2325
-5133	4612
7843	-3698
-4240	-220
4141	6394
-3469	-299
10635	-10972
-9671	24756
-4540	2279
-4628	6105
8	8765
3724	1356
-4169	-5966
-3728	8737
-863	15161
17139	-1961
-3499	17360
18616	-4385
-12089	-1670
-4809	1910
-9422	5937
1349	-2530
6837	-12028
2065	-3347
-5480	-86
-5562	-25028
-5272	-5549
-12653	-2642
-15110	-141
-9520	-6409
2786	3662
-7199	-2753
-7925	9372
5300	788
-6097	-10444
-4348	6538
-429	5928
-7087	-6009
501	3705
148	2093
-2342	-1169
-7891	1666
5674	10481
7790	-9768
-7073	2876
1596	-6897
-4170	-16820
-18112	2427
1595	-8134
-10848	6739
-1082	8235
-3723	2699
19544	2401
19835	2583
2954	-5100
-11844	-2488
-15061	-1576
8203	1332
-4581	15027
-6783	-10719
4407	5501
3095	3675
10183	-5500
-13763	-3685
-2545	861
12190	-2087
-6512	-136
-13550	5687
4865	6509
-7449	-7016
3582	7928
1734	-8592
4427	991
2968	-17134
6816	-13072
8695	-3563
3378	3705
-273	9252
-6626	453
512	-11749
-11108	5797
-1404	6994
-4879	2658
-8342	12621
2398	-4730
-6884	-1189
719	-652
4440	4759
-1746	-3396
12639	-5614
10019	18856
-10086	-40264
-9819	5196
429	-3635
-10029	2758
-4026	10776
6537	3937
-6081	-1540
9385	3445
5331	5770
-4003	-21398
-2445	9111
-12543	4518
-2017	-4926
-1150	7225
-11880	7072
11432	16412
7651	-7514
7265	4981
11252	4581
8632	-1472
-6028	914
-662	8226
5649	3796
17969	-22801
6938	8916
6663	55
11626	3093
303	4206
2552	15873
14035	11681
-2928	3877
-11104	3518
1156	6955
17535	594
-7557	3952
-6193	-3824
10293	-1341
2751	-3636
-6734	-11379
1043	2526
-12939	18395
-14980	10095
1732	-29034
-13526	-4472
25016	-4027
-8162	-12
12068	3068
4881	-17052
-4485	7252
2984	25272
-6289	3770
4506	-9479
-4924	-15090
-18152	14774
-749	10643
-10581	3676
300	9421
-1921	-9902
-7545	-2510
400	-5459
-911	8343
-3871	-16503
-956	-25327
1622	4971
1409	14201
-1417	17297
-6314	2068
-10747	-2479
-15294	-2683
-1862	-8650
11414	3107
-4353	3629
13041	-17033
-7639	920
-13511	3282
12159	12697
420	6119
-9630	-587
116	-28197
9156	-5240
-6244	-4872
-477	-149
-4239	-25
-4346	5090
-7080	6120
15000	-3180
16623	-5117
-3472	6184
706	-7857
-6603	-315
8328	-1155
11518	3991
1181	3434
-8161	-10050
-5223	4933
-1478	9659
-5252	4792
341	149
5480	-5014
-284	9034
-221	-5414
-5089	1115
-1857	-1652
-5244	1460
-20065	2937
1956	-1954
9901	-7889
-4215	7448
6750	-5168
-9514	-9030
-13306	16112
-10548	-306
-495	-4864
22538	-39053
-747	21183
-8328	-25717
5625	-5682
-21654	-7286
1029	-103
9277	757
3680	11223
602	-195
69	-4871
-6634	4363
2873	202
4606	13550
-1589	19785
514	-2966
15032	3194
-1037	-1338
-9409	7248
-623	11502
17326	-8117
-3901	-17159
-10580	-2537
-3473	7331
-12519	4286
9226	8131
2577	3603
-6172	-2236
3959	2900
-14127	-6399
-8767	-3262
-42	-4130
-17303	7714
3352	-6464
-11365	-19998
-2169	1241
-1389	3635
9452	-1750
1286	-14174
98	-3854
-17121	3276
7325	-6895
-9699	4996
-5901	7754
6550	-5576
-10820	7969
3726	192
-10666	8327
19335	-5289
-7149	10168
2780	-7156
-13195	-5132
-4942	2457
-10565	3874
-1772	-4987
-17281	17200
-11844	13940
4240	-11309
2185	-339
2313	9308
1058	13493
11960	2562
-6232	-4017
-12111	1859
-777	-14344
-3033	1929
-2605	-6226
-9967	3963
10939	3663
1194	-4250
-14484	4174
18294	3787
1116	7919
4121	-7656
1033	8542
-7903	8206
-1629	-2652
6450	-1559
10618	-6221
1962	1976
5304	-4431
-2485	10204
24220	5346
9636	340
-13275	-111
4350	4233
-8084	11225
9320	1839
5959	1603
-13974	8278
-4285	5511
-4637	-11983
3628	15033
-6828	-1433
-6394	362
1497	4310
-4832	-6358
-3272	6845
14244	-5769
-8327	-2123
2171	-22617
15063	10611
-10557	-10436
29333	-12576
-5696	-2618
-5867	884
10676	-8284
6742	13087
-12098	1876
-2993	641
2821	-1144
18005	-4364
-6484	6721
-17364	5163
1458	3798
19682	3659
-8209	2424
-5028	1926
20379	-9959
26164	-5672
8803	-5866
-9023	2944
-2972	19663
-10429	-10387
1443	11854
-14973	5866
-15242	-2143
-19057	11442
-11663	18595
-10977	-4654
-7724	7268
-5196	-1865
6945	-12215
13966	-12627
-18603	11239
8551	-4321
-21344	-4073
18235	-10276
-3228	-3566
-471	25838
-9051	13695
-16596	4449
-5253	7118
2284	5167
3571	1139
23359	-4178
2455	3785
12970	-7302
4911	-1471
1449	20377
-15046	-4671
8239	8078
-8494	5684
-11822	-19759
11636	-5197
-6427	3682
11965	-10697
-6986	1843
2874	1381
8194	-23077
-2863	3647
-13487	338
-5261	3601
431	-3314
8210	26630
24778	-3188
-3196	-3209
-6902	10433
88	-7026
2196	7769
-679	-8753
10792	-4956
-5156	10593
3970	-1009
25657	-5644
-13532	-4421
967	-17968
-2236	-6840
-843	5480
3285	-48663
10120	7324
-1465	1536
-3016	421
11188	3208
-1317	-5069
6784	27160
-6587	-26990
3020	-4967
5274	7947
-12857	5100
-2726	1675
-10844	6501
-2220	8498
3566	6437
6561	476
-6414	-1717
-12156	-2981
-1651	-5979
1762	-1910
99	-893
-6281	-11920
11947	168
-4947	3051
-4520	3384
-14381	-11111
-7486	1704
17931	1657
-13053	-2740
9701	-1439
3315	10066
1707	-899
-4377	-10948
11785	-7799
10739	11470
18505	-4281
3117	-5426
420	-482
6691	-9875
-7287	-2374
-3876	9767
3083	-19049
-5048	3219
-8107	-5540
-8107	1239
-17175	-2206
-5320	3207
2144	2703
668	-2757
7527	-20279
-4185	3257
-9614	2235
-4609	-1777
-3239	4473
2695	5173
-8794	-4202
2814	-813
-6271	11861
1211	3315
-7183	-11267
7847	1933
-1511	9524
8739	-17501
-6617	10356
-4254	-6211
-10455	4151
-5276	15419
-6893	4232
5878	-121
-12527	-2993
2792	-1041
9422	-584
-27694	-4399
9880	5816
-6681	4806
-5471	6936
-4924	-4438
5683	15701
4951	-2099
4950	3676
-14997	1080
13771	-14612
-7716	9423
-10123	-5336
-2499	15815
8535	-3790
1164	1732
2008	10097
956	-6353
7413	3554
451	-572
-3312	-5141
8155	-26833
-1785	4374
-7126	-3354
-5721	1318
522	-5644
-21	7942
-5969	1228
-19716	-5511
-2518	3625
13779	-10209
-3934	7734
7374	-2407
7479	-2034
-2583	-4485
-3990	-9563
-17339	3151
-3102	-4929
13346	33699
13722	-3448
-10860	18378
1928	-7985
-8701	527
-438	14022
-636	-1947
-6898	4030
-5813	-5781
-8205	2557
-265	13889
13545	5343
-2032	16308
519	-3931
-2044	-4917
-5932	7040
4961	10284
-8142	-5063
-7245	-355
-10701	10626
22124	6837
3408	1838
3554	-3860
976	-8318
9392	-5142
4039	-925
-2778	7391
18053	430
3419	3473
-1838	-11178
8176	19122
-4636	-9750
-1477	-1265
2607	246
1648	-2850
14299	-23560
-13289	-5786
4460	23440
5689	-8232
-5955	-10654
1901	-7899
-15823	-4066
-2219	2608
27010	15196
-8223	-6268
-1713	7236
-2412	4387
-20465	8110
-1559	4219
3564	15167
10371	-5794
-3828	5065
7909	6084
-15524	5204
10772	-3166
11029	3827
-5204	9981
-2968	1821
4469	-4501
-11028	4190
-3275	7017
-9989	-3407
2049	-7470
-14060	12
-1747	-2540
7565	-3002
-2472	4094
-2283	2333
-145	4095
4707	13998
9570	6928
5830	-702
-8766	9253
4959	6729
-2324	-11282
11808	8668
5932	-9513
13995	-16966
-1694	-4236
-1138	-8310
-4983	-660
19220	11717
3757	2121
-10116	18642
-1333	8475
-2591	-726
-6959	-7793
-9558	-3435
-7640	3800
-6136	-3346
3870	13097
971	-19993
1567	11771
-2683	25037
-10339	-5821
-15631	4727
8499	-22917
8249	5317
-154	7378
17860	3692
-1443	-47459
3967	5630
8570	3475
562	8323
5845	3042
-7284	17962
-11954	11464
-213	11685
-2721	13132
7730	-11898
3442	-2149
-1569	-2500
-6133	-6588
12807	-149
-2813	-12615
-8026	19121
-225	-45502
14300	13902
18413	-4325
6365	-2604
-5020	-1819
-7863	-9164
-6682	19039
6340	-4051
-5165	-6798
-8100	7252
5016	-73
-714	4912
17155	-3445
-17909	-3681
-10176	5472
19205	179
-7799	-19411
-6836	5580
13448	3272
-6600	-4457
-13249	9061
-4808	-6069
-19282	1391
-8061	-16781
-2146	7997
22428	-14138
-7804	2568
-8112	11788
-1804	-5252
-8123	-936
28397	12574
14129	629
-7743	-10288
3544	-9539
11962	-6160
-9822	-3741
-5248	6010
-6765	-3571
4580	-3743
-9871	426
6826	-9680
-5005	-8680
-5882	11326
-3401	-2599
8333	-1499
-13441	2865
-2733	-1655
-165	469
-5023	5301
-2635	14236
-1775	-2108
-3815	25902
-11414	-2146
-8131	-3426
-2708	16173
8439	-993
-5278	-2452
-13116	2763
-4659	9716
-4725	-1651
-4129	15931
-1448	5872
-4533	-7099
-10705	-8065
-6988	-1479
6349	7553
3291	-4520
-13195	-2590
-13494	-14705
-381	7435
-1284	-363
3968	-5635
3798	-3951
905	7338
10263	-7956
-4787	8328
12516	-1156
-10794	8052
1657	-983
2703	-3654
523	7396
12717	70
3196	-8526
4285	2944
-7974	3242
-4250	-4019
-19393	-913
-12317	3580
1301	-3820
8576	-9323
7173	-735
2626	-18824
4444	-6392
3431	-17500
174	16333
-3389	1435
14934	-5938
9401	-25882
-8494	-19500
-6654	6383
11549	29849
5991	394
1711	1728
-4458	2540
-21741	9054
8575	-1573
-15360	7047
-5993	11293
-205	5779
712	2777
-6681	1450
10012	4200
-3124	-4873
415	5062
-10385	-4154
9757	-13742
-5261	-8461
7585	-8386
10920	8642
14675	-6585
922	-11019
-4949	-6129
-6915	-7593
261	-19082
-13424	-7179
46	126
-588	-6696
-1666	-21128
-4947	-4467
-7802	-2587
3316	-13591
-1700	-3364
-9621	2796
-7582	10100
138	3426
-4749	-5992
-7731	-7297
-8688	6391
7721	-22736
7314	-4375
-7163	14456
4677	5447
-13825	-13008
5763	-1932
-7676	6093
10563	15783
7849	-868
2551	-7157
23547	6226
819	15367
1659	-1423
2004	-1188
-1186	-1229
-8871	4255
1747	-6695
6500	5348
-9917	10963
-12741	2921
-7025	-641
5446	-1489
-4218	-870
8489	9148
-4150	-9487
4295	-14852
12399	662
4205	2984
-2950	-2029
6721	4594
-1168	-9497
5082	3773
-9367	2233
-2492	11829
-1164	-3969
-3600	-2353
12552	4140
-12779	299
-6350	16712
130	5320
3347	-706
2112	-2170
11319	1642
-1647	5158
6807	19024
-2690	6047
-6583	3342
-910	7851
-8688	3702
809	-1720
9763	8479
5759	-3063
7037	-12511
-2159	-211
-23	270
4225	46
10303	-4622
-6451	9339
1636	-6274
12641	8582
9016	-4567
10799	2500
-6766	11619
-4746	5387
-14315	-12643
17379	9303
9618	2117
9122	-6892
1367	-8293
-9536	10390
-3802	2206
3477	-27
-17616	-1032
3856	-9626
-6717	-5614
-8585	-221
-6571	2269
1145	4169
7170	16716
3890	-5550
-9508	8036
-14290	7206
-2139	8875
-6027	2848
4837	-5390
5989	1101
25251	11713
3845	7
-4948	5948
10945	-3131
-10005	12895
-3344	-5052
7613	-6800
-6466	-4428
2516	7663
4592	8429
1841	-22474
-4205	-8202
-1327	1013
3001	-2274
-15890	15322
3842	2748
902	740
9177	-828
4907	-2350
-2825	1826
-5344	-5442
-4918	-3214
-1780	1471
11667	30101
17821	10395
1593	-15138
8073	10855
10148	-1538
6958	2566
-8363	-5535
12929	-1625
16359	-4967
-2006	3407
-9845	10721
-6110	682
3774	-15389
-7361	115
-3343	-2474
-409	-4407
-6673	292
-11346	12481
6797	-9807
-11849	8613
-6642	1795
12348	-6843
-8791	-703
-1419	4097
9445	-10873
-7093	-3621
10614	6521
4215	1859
7406	-14863
-2479	1019
-4509	21234
-4881	2774
-4154	-5424
1433	-3133
-1896	5475
-3314	43040
16802	4102
14122	-12234
-6149	12071
625	24135
5115	-268
-4194	9153
1796	3995
-12368	81
-1972	-4782
-1581	-1196
4342	9320
457	-418
11207	-1442
9723	-1097
9620	10631
8283	-9871
20533	4950
-1892	-5935
-5725	2593
-1596	1721
-14897	7536
-1147	-5598
3505	-10677
2180	-17972
-10244	-7091
3193	2786
2774	1699
-7537	11549
-8244	-13161
-2442	2076
-5595	-14143
-796	11326
-5839	6388
2989	-15666
9923	7457
8005	-5953
-89	687
13426	5399
-166	8309
343	-56836
-680	1034
-5355	-494
-7340	-2765
9934	4094
837	-7787
-4647	-10781
8678	27
-16288	-5085
-2668	3052
-6510	-7690
-8182	11165
-7214	-18235
2710	-8504
7289	3422
-1371	-2101
7991	-2900
19338	-5537
-3274	-5054
1713	-2021
6010	18
12856	2459
3533	-5230
-6863	1218
3332	2176
4194	3789
10922	5262
-1466	-2132
-7110	-5292
-3828	-4790
-5158	2747
-9561	12420
979	10375
1483	-1141
17712	53546
1246	205
20738	5859
6876	6990
-154	-11717
-3855	-14133
-1409	10504
-11703	-14636
13385	3871
-9275	-20226
6184	3810
-2126	-234
7490	17418
3793	-6639
-6937	-2206
-11504	10611
-2267	-3726
-8826	-1958
-12345	-11533
-11595	1684
13145	6467
-2903	5557
-17383	9841
-13274	8714
5032	-1682
17085	-541
16527	-23759
4275	-7521
-13104	4180
10193	698
-1657	-5481
-949	-19927
-6867	11490
9038	133
700	5363
6941	-2211
7818	-12755
-14676	-549
16809	3766
3830	16400
9831	-16123
-7279	4620
-12385	-3702
-15545	-5021
-4116	-10944
25750	3783
642	16354
7131	-1794
-1053	2320
-3247	-5991
-5423	-2122
-3342	7162
32545	4224
10700	-5702
-7716	-2255
-3523	-5926
4744	-7565
2168	-19036
-533	1205
2856	-4126
13957	-779
14742	-7501
-2200	-310
5893	645
15750	8636
-6020	5115
-10660	16205
-2679	12296
-5435	7712
-5638	7601
-15556	9263
14809	5262
-190	9397
-3876	10039
2729	-2923
-2111	-2264
21318	5709
-6895	-15511
-9024	4098
-9016	-407
27453	-16832
-16022	3290
-4218	-4975
-3168	7603
7001	-1238
1291	6341
8813	8710
10466	-535
890	-1645
8732	-8085
-11642	-7431
10565	-9765
14474	6724
-2717	-1112
5154	5402
-11264	1624
8192	-17962
-13730	-3522
-12262	-14379
-1378	5581
1442	-4453
-8104	7261
-8349	-1263
-483	-5896
-1320	-6396
-4382	4663
7641	11276
-2078	18074
-8854	-5820
-420	5093
-10108	11062
4656	5651
-9755	-7043
-5063	-18860
148	9084
6749	-15974
-1256	9305
9982	5489
7404	-9444
2348	2998
-1847	13359
-14153	12157
-18956	9566
-2146	-5059
-2741	2075
7977	11885
-21887	-3542
865	-20818
-4690	-109
-10618	988
7942	-4344
-7251	20485
714	6990
-6537	13326
-4544	-1564
-5802	23649
-5905	8268
-8391	17994
797	-1722
-4932	13266
11258	7998
4128	-1493
-184	-5755
-8986	-7326
6313	-21102
11888	-940
-7291	-5733
-2123	-12720
18165	-2457
-7968	-16578
3547	4281
-2348	17025
17871	2927
-5829	5008
3093	-811
-3662	-20746
-5645	9617
4250	9382
4112	7463
-7813	2346
12819	536
8793	8406
-2590	16077
5801	5010
-3607	7398
-14972	8966
6226	-10472
-8160	-5360
5233	6551
3531	-3596
27992	4582
6192	7715
22279	6332
-4687	6627
-3504	-8348
12537	483
12076	2253
-9367	3400
13548	-1306
7601	2522
-6710	-18070
-1304	10086
-17103	-6703
-4598	-6191
4386	23086
-12031	1779
19226	-4615
8028	-287
-9098	9014
2958	-9660
-7638	11053
5567	-7451
-1869	13237
-499	-8767
-5871	6362
-3690	5155
-1798	8203
-926	5992
13850	3773
6878	-12154
-6220	6350
9270	-5664
-10252	3485
4717	-4194
11294	12036
3733	4395
8760	3672
-7148	8550
-2505	-16367
2749	-8351
17833	-4389
-4825	7858
1914	-2352
-11708	1564
-83	1476
12254	-6425
-14294	-525
-6541	-7950
-1228	-8350
4392	-7714
18567	-27126
1093	-2349
10509	-8408
8392	-6730
393	2498
-699	-2864
-12850	14927
-4986	-17425
-7569	2680
14873	-5762
8336	6167
-8225	589
-2238	-4053
-12143	15109
1114	19992
-9410	-2995
13872	7829
-1727	-11057
-8116	-4759
-2496	-7582
-3458	2883
1471	-1315
-1248	-9952
-3602	-4246
-4927	-6368
11579	8635
-6018	-4090
-3991	-6310
-136	2671
-1027	-14019
1873	-2015
-823	-4637
-4216	-8672
-4834	4257
-5396	-21658
13598	14278
17614	-3286
-10101	-10935
4323	-234
-12551	-239
-3206	-9197
-4869	-5024
2160	-7052
4494	-5188
-13040	15175
42058	-7376
-1554	-4585
7366	-11687
7504	-6775
-10904	185
-4986	-703
9117	626
-10772	7779
3888	-10217
-2834	2651
929	-4327
2575	3801
-6953	7877
-1663	-3319
-9180	4882
-353	-8664
-92382	1888
-1833	-9732
-9788	-7926
4108	9765
11069	-18549
6055	-17364
-7641	9503
-15175	-1426
1329	-2563
-5261	981
14303	-823
2156	-7761
-7579	-1745
-7197	9385
-6328	3384
15461	-1079
3721	6902
-6028	5392
-3861	12527
-6339	187
2132	-819
-3761	-521
1435	-21413
-19280	6902
10074	-4041
-690	1468
-11514	-30177
5665	-1157
-3033	-8637
-798	20829
6414	-7678
10585	7307
-9275	4117
-20745	-5926
-10878	-948
480	-6795
-1622	-6643
3258	-7965
-14747	11076
4940	2259
-772	2204
410	3459
8879	-3903
-13589	919
-13967	-11916
1415	931
70	-12291
11533	-3893
9708	5452
-5377	7531
-1900	1548
-4254	-7171
-6077	11388
1274	-5350
-9150	6922
11485	8204
1749	442
-7419	-6070
17386	3993
-5386	6311
2839	-2925
4171	-4399
10064	-8116
-3287	2599
-1468	9409
-13747	-2989
15455	1442
-8587	-10593
-3767	2133
-2577	-13110
-7628	-1404
11537	3819
-8944	-4446
-14601	-8740
-13827	1074
-10605	4561
1901	3897
1583	3436
-3065	4198
-13785	1037
-13827	5090
-9801	1247
14871	23617
-4514	-452
10909	11665
-6079	-6606
17851	-16117
-974	-10860
-10671	16857
16320	-1942
-19558	2134
635	8001
-7152	2171
-7851	2522
-6302	-7596
3437	-4613
7325	-17854
13153	-4093
-4225	7565
-12705	8123
-9261	-17678
-2380	17126
3901	582
-8180	-1011
-3720	4009
-982	1034
15465	2351
-13486	-51958
13895	-2304
28499	1304
2829	-1569
-6093	-5728
8057	108
13939	-15844
7038	-21579
8435	-47
-7147	-2185
3682	6650
4656	-13744
5035	2553
-7421	4677
-3853	-7707
-8674	6160
-9412	8699
-1160	-2580
-5392	7660
-18528	-1652
-2098	-6526
2467	6258
14449	-1740
-5236	-3894
-11695	3121
-8622	7019
1585	6683
-257	-6552
-3458	9520
-3607	-32462
-4247	2514
19376	-839
-2844	-1653
-6533	17904
736	-17387
5152	-9306
9324	7534
-4391	1329
-773	3942
23717	-23992
1359	-12850
6668	-2626
11314	4394
3464	-8342
-4874	-8038
4164	-11351
3046	-14079
-2141	1709
1800	4879
2493	133
25911	-13648
3604	-6620
-929	-20175
-9393	11437
-2886	6184
-5140	8483
5053	-11965
6695	-881
-3404	-10221
26570	-522
15302	7748
2772	678
-323	9469
-550	10800
-2254	-1364
-2237	-7920
10432	4022
-6170	-2844
17141	5661
-2959	2795
2431	-8360
12783	-3106
4203	-7242
22258	-8729
-11370	-6937
-6139	-3227
-3386	11086
4976	-2573
-7755	3152
16193	-18783
-12724	-405
-10165	3300
-6675	5071
8827	8960
-2155	-15220
-1381	-3110
2390	-131
4057	-20036
-1602	5558
-1744	-308
-6897	22096
178	-10114
-14935	-2318
8952	-9264
-670	23813
8117	-15215
-6117	-13074
-3155	-1741
-10133	-5398
-3849	1067
-12334	47
-1251	6303
2702	-28394
-1940	-6597
1782	14390
-1568	13901
2799	60
20213	4792
-4306	-1145
-6031	-5783
3726	11473
-7084	-12423
-6314	8569
-3088	4156
-7462	-19369
4361	11871
-7022	5956
-6905	-12677
-11736	1592
-12645	48921
150	6408
-6453	-7682
2466	-1692
4403	-3346
-10839	593
12759	-14730
-6281	-824
-2645	-27689
-51	4192
-4217	-15341
-12395	1340
-11153	-45811
2747	9291
-2649	-39217
21716	-7854
3340	21789
-3487	-1734
10237	5118
827	5459
5199	27744
11925	-3948
4623	-4796
7557	-11858
753	297
-7610	-4950
-6880	7865
1966	-9794
7952	3342
-7257	-3248
-9633	407
-1935	-1105
-6159	1010
9184	500
13992	-2627
-2359	-2138
3730	7691
5334	7034
-4606	-5727
-3812	4344
-1690	4827
-616	-10516
-11181	-4118
-5096	-1483
-7206	-5310
-21634	6549
1911	5623
-7939	-9327
-15186	6087
-15564	3401
8325	12259
14931	4256
-7564	-2521
7721	-5641
11820	-5621
12885	651
6286	3190
-8564	-2681
-5249	-8970
-18284	-14133
-5566	23855
-1337	-1625
4320	7120
-3797	-6864
19181	-2643
582	7555
-10960	-3976
-8847	6071
-13989	-15807
5351	-9520
10097	-6082
-4585	9854
2818	-10332
-1801	3103
-10097	4378
-8957	4127
-8393	15007
6629	6974
-52	-32316
-468	1483
1341	10854
-5721	12752
7280	5863
7161	-13422
-11465	11293
-5500	-9497
-12740	6040
9474	3863
1784	-6360
-621	5181
9359	9122
-1816	-2716
1146	-5669
2959	-16675
1694	234
1756	3425
7031	14857
4138	105
982	-6590
10732	-4614
20308	26532
-7735	4421
-7316	747
8637	1562
-7946	8743
-1755	-533
-9907	9312
7973	-3588
-6587	9850
-1810	2203
-8626	2212
-67	14713
8576	-5269
1585	-16426
-8612	-33635
-6300	-6828
8043	10867
6571	2296
-3667	-14046
3945	-8671
-2646	-1390
4121	12614
-8200	-3258
235	-3537
3027	-5016
24029	-5332
7755	1904
16323	-6390
5778	4450
-14239	15401
4673	-6872
-7595	762
-5345	2997
3326	2478
-26430	-6645
-330	4575
-3886	-11602
19110	8554
-14606	-4322
-2920	10190
-809	6601
-5290	1116
-343	-1970
810	11616
-9286	110
-11665	16398
3676	2807
-3075	3942
-295	1009
-7735	-1411
-1212	-534
659	-2805
-3091	-408
1215	-18266
-7014	-12921
5164	-3812
9849	11714
23475	5596
6579	15048
-10629	4553
4274	-27413
6088	-13473
15861	6527
-6768	-8130
-885	-4852
-7057	22656
-4737	-5011
-7574	-5116
5851	-7556
-4583	-4452
-10603	9742
8253	12788
11207	2038
3146	-38833
1621	4018
3723	2450
-26790	5230
-9333	-1396
18887	10102
653	-12286
-6659	-4455
-11695	12738
2928	-10027
267	18348
2940	-7609
-21873	7763
-8387	15759
-232	6076
-6420	-17477
1008	-4726
9913	3077
3521	335
596	-1379
1503	-3935
19029	1097
14873	531
18215	553
3267	-3524
-2489	-204
7289	-5786
-2706	-5164
4049	7077
11226	-9060
15188	-11231
-454	-3832
2759	2557
-12838	1618
-7830	2762
-1948	-6950
-13971	11086
9669	-11692
6380	9944
9385	979
1069	7740
-12316	882
-1060	2875
16856	-2344
5208	-19692
12782	-11846
2270	6244
12504	-11567
2906	1785
-25023	3606
5459	-35301
-9198	-12211
2695	-15340
9477	-7621
-6655	-14797
7298	-257
5655	5193
-4124	-2935
-1687	10802
-3251	-1347
-8593	2350
-1436	-7022
22309	11552
-5719	-2439
24563	9735
12720	-4918
-742	13584
217	-13462
23396	12894
-5948	2678
-1576	-30002
1888	8147
5022	-966
-52	-9676
7399	1350
-10669	2334
3281	-6406
-2226	-3466
12731	2429
7683	-543
-5469	7291
-6114	-13031
-6253	-8861
-3136	-9775
-182	-3683
-5827	-1829
-8175	5949
-9112	-9284
1335	8933
-9289	-2129
5901	5933
-199	-5352
15296	-1614
292	5329
12047	-7614
7491	5011
-7488	3431
-14409	-5292
1255	7273
-1005	4218
-9737	2125
9698	-10502
8395	-21577
-9209	13728
-12784	-1989
15091	-4973
7000	-11839
-1891	-31045
3210	-10678
8555	-5664
4306	-4444
1998	-544
-7532	10635
-10361	7839
17839	-44805
781	3537
-4034	2656
1439	-536
9308	2331
12688	3608
3466	215
-4	1110
-2719	3745
34389	2420
-7804	1855
-399	-3599
-9758	-6035
-887	42484
5491	-5033
-6387	-9666
15844	-297
-11516	-2013
-10171	-2439
-7644	-5785
2503	-2434
-4362	423
3392	-1319
-9558	4729
8502	4778
-13739	-6131
38800	983
-5457	11666
3534	-4850
-8747	6574
-10957	-5133
-18110	13545
-1223	13374
-8556	-8937
13597	3367
-4866	-1464
-11768	12858
2531	7455
9480	-7348
22534	9985
-13486	-11728
-5849	2353
-7460	7421
1029	-13
-3085	-11103
-4009	-2985
3038	3789
-2259	9655
6360	-4762
6054	-3750
1874	665
-11620	5680
19021	15311
-8170	-8644
6145	-48154
3123	8119
-8420	4798
-3883	-5928
-2828	-10881
9617	-5516
6468	3011
1997	-12675
-8096	-16740
9627	-25744
-5721	13802
-1971	-1943
247	-5344
-6743	-6755
17209	-1113
-2160	-6435
9890	-5424
-1190	-6388
22713	-48103
-1253	-311
-1836	1143
7367	7817
7805	11555
209	13980
18781	-28010
2255	8512
-4803	1271
-7747	-6325
1050	32846
-1025	-11593
20525	2632
-17223	17693
9245	-7368
20041	14607
5377	-2722
-5266	-42478
512	-4655
-4221	1613
-8249	-6351
8355	-5613
6688	2943
-10247	-13272
701	7493
-9346	-4444
5679	1715
13948	2728
-8402	160
1318	-10233
-254	7665
-11440	14003
41771	-5747
-13680	1953
10032	-16081
383	2787
1775	21900
-2476	3679
-7618	18693
2599	2122
11002	363
751	7913
-6489	11546
3110	21353
4062	2683
519	7935
1980	-2461
-5178	-21548
4114	9756
-3968	1646
10009	-4120
2432	3773
-2025	759
7502	1760
6102	4247
-3026	-2695
2422	-5477
-5566	146
-14346	-4644
-5523	16032
7873	3995
1859	-15789
-7823	-14344
-9936	5792
1608	10899
10114	-7411
3986	-5335
2936	2433
-2442	1314
-12231	14653
-8174	7959
-4192	3439
32125	6564
8802	-21738
-16854	-7162
8744	-8972
-335	278
-13401	-5530
1099	-3742
-13001	8152
18287	12331
-1536	1441
-7444	2960
-3482	612
13222	-5522
1864	-24704
18853	7794
1587	-1131
-311	5466
10175	-10951
-15882	-4958
4152	3810
-6519	3271
21545	-8651
-3512	-4645
-5065	-9765
11102	12436
16119	-7804
-1724	8576
-1222	9819
10440	657
-2557	836
-14875	-7004
-3367	3336
-4519	-37845
-4594	12
-233	26890
-10245	3048
1105	-5541
13986	-45441
11515	3055
-139688	24910
4438	6
-11553	-22852
3731	1960
13946	-2591
1320	-5730
-11031	-6080
16043	1766
-2247	-252
-5362	2718
5039	7811
992	-12990
-4998	-12866
17290	8005
-570	-17437
-5319	7252
9190	-807
-917	-3704
-3617	-255
-2409	-5662
21374	-15027
-9672	5192
5327	3592
2470	-9233
16119	7085
-1207	3881
-5883	-1496
2094	6743
-17689	-12242
-9355	-31892
-1876	5240
9198	-1467
-1076	-1507
-3860	1054
3127	7334
-1515	415
-1586	13127
3322	-9942
8960	-15233
5415	-6570
-10321	-2204
5699	5891
16124	-5470
-9570	817
5125	7558
-12413	17211
-4023	-9460
20061	2121
-3325	9676
2689	-1370
2346	9165
11357	8193
-152	311
-8538	6338
568	-3
12232	-23713
36694	4352
2684	10252
-8065	-3685
-1160	2173
-385	-3345
-257	10446
-3014	-10881
-5303	-3389
33794	-9133
-16571	6809
-1851	9868
2686	8009
-4268	-3832
7134	-7768
-15881	-5102
-6826	-9721
-2451	-7369
-6359	-1730
-8218	-232
-2882	5456
-7873	10519
-4200	-7028
-5197	-3377
18821	-9770
15168	-8835
-6042	7390
-15028	4792
13690	-22072
-11787	6668
2553	12449
5452	5174
-1006	10836
7252	-1128
-9184	17954
1929	-4843
10480	-924
7996	-4251
8343	-1519
-7339	7912
9883	-8123
13971	5918
-14912	7942
16054	8252
-4409	14154
-14914	-4390
-10155	-3308
15648	-11030
1644	-1729
9890	-3101
11143	10040
-2732	-7268
-321	5661
-6512	-1835
5133	-4470
3066	-403
155	-3029
-7463	8020
7282	-10073
12289	-13154
-4088	-2380
186	-3028
-10083	27575
-1949	14354
-19080	-3334
-7945	23004
-5126	980
-9606	8814
6210	10856
-3425	18677
-4899	10838
7494	-8150
-4219	3260
-11271	-7064
10720	-3339
-13547	-9258
15371	7050
-658	1957
-5569	15067
-8678	3082
-354	3112
5872	-8567
-7641	2589
-2046	2199
3496	-10211
-586	-6957
-6714	7211
-2928	7735
2942	-18255
14019	-6424
-1176	-38688
-11232	6041
13982	-10203
-7900	7019
-456	-3338
9674	2784
-11073	-3244
4812	-16416
-953	-1085
12323	1963
-4119	5299
-18796	9558
-5147	-364
1266	4109
11553	5688
-1880	5760
287	11849
5362	10309
6115	-10450
1003	7284
20493	2069
-479	2731
9168	5710
4946	-25440
12862	760
6688	9469
-4443	-24224
-6768	4750
-15709	13151
10973	-7229
769	-7198
-9270	-7982
1891	-10861
24459	11452
8257	-10196
5424	3020
9943	529
-1490	-975
-5860	1964
2700	13258
8210	2515
-3418	5503
-8711	53
-11508	9475
9368	-213
-11229	-2524
13127	17813
4796	1240
-2672	2990
-9990	5835
-1310	-558
-4321	-7026
-10045	7007
14521	-3583
8714	9058
-498	12904
-2412	-7457
9222	-12281
-24878	10019
-852	6777
604	-36643
-1699	1092
7451	4618
-2318	2109
7822	4928
-506	-12799
4799	10803
-6240	10138
3745	-5556
-12232	2955
3588	1392
-10085	-323
10286	-11844
6943	-676
-10840	-21945
34523	1349
-4906	-1009
8542	19991
113	-28
1850	-5393
-2803	5963
-4699	6319
6936	-8192
816	4226
-8844	8330
-5069	4962
-8150	-222
5653	-10675
15426	-7379
4374	-8939
-6204	449
5887	7204
-849	925
-2534	-1670
5988	18195
-5964	2481
16515	4188
-1285	-3653
-8813	15720
36954	-7541
-6017	3190
-13084	-14124
4612	-156
-759	5309
13248	8003
-166	1132
-8025	-669
11823	-11971
-426	8871
3638	5852
-7148	20910
-7245	11427
906	2468
-2567	6342
1601	9865
1624	1409
-6449	5677
-533	6461
-11750	11975
-10268	4545
2801	-2241
7547	-8110
2481	-1675
-21573	13473
-7700	26288
-4014	-4389
-252	28985
-11382	-74
1168	6418
5598	-11347
3406	-1379
400	9837
6738	-1902
-3436	-10737
3251	14647
-2759	10653
-14774	8832
2589	-4024
-2562	-25734
12346	-2378
-5720	16131
13944	5342
871	2006
-5706	-2021
-7071	-16989
-512	2519
-10328	-1240
-1938	-14155
-7842	4109
-8731	1921
11741	4835
6033	-5593
10390	6480
-1290	-451
1660	-5815
-3991	4151
20460	-930
1603	17219
13214	-9913
-1220	-32717
442	3813
7470	8241
-1689	1307
-14774	8065
-618	-3437
-14077	-16863
11513	-1488
2264	855
-5249	3364
-1354	7887
17555	-7922
3911	-2894
-6433	10222
-9836	-6703
-12179	13755
-31	13104
4854	3415
-10296	7561
3507	181
12136	6206
-456	1659
13009	2523
1807	473
33237	-10001
-3967	9916
-2695	-8768
4969	11809
7951	-50
-6331	-15237
-12594	-4878
-14071	18532
1697	2411
-2025	-16790
-6206	-402
-5425	13560
12352	-9430
-6137	-11153
-1288	-1370
-5012	-7337
9148	23676
-1884	15674
-7803	3377
5280	-3765
-12275	6835
2151	-5694
-2979	22736
-3391	7310
955	3451
14807	-6158
4014	3065
538	8507
-185	28843
17077	-10174
-4266	4534
2539	-4151
12474	2714
-9813	932
13752	5305
-12132	6966
7153	4780
-3994	-9
9555	6444
-8021	15815
-672	-4386
6897	-9905
578	496
15978	3986
10495	-3810
972	-4788
3416	-6843
-226	-8344
-4307	-4044
-1928	-1700
-4963	-12777
225	20436
7183	-2648
14298	-13298
-12951	2512
25381	-2860
11787	3094
-1366	4790
-2214	-11713
6486	3701
-1500	-2643
-5395	-12491
2522	7059
14814	-7403
-6740	1967
-1972	2034
4117	-3731
-10673	-650
-11485	-2545
-4093	-1258
1700	-4019
2954	-10958
-13240	1638
-6174	9915
-5663	-6480
3531	11289
-1978	4894
-3775	-7231
3073	-7721
-7181	12797
-4545	6433
-2428	4427
-12595	-14466
-5399	-2653
-201	10276
11280	-9595
-4192	1695
-1599	-6691
-7341	6257
2357	415
7817	1719
-8974	-13843
-1178	16477
-5373	9368
-13483	11618
1592	3258
11074	728
-3728	496
-9633	81
-2507	10736
5091	-6893
6140	1170
-12810	-894
-98	7533
-9053	-4379
-7467	-12489
-6989	-1784
9066	8973
-5447	-5087
2014	7284
1172	-5580
12021	-9924
-8794	9862
-2848	10161
-3077	-5250
4550	-1076
-3952	-3580
-14136	6071
5177	-4769
5009	10251
-26639	8821
3907	20609
-8299	-17647
-10311	3264
-14100	-3229
-1412	611
7352	11053
-4475	8067
3691	12175
1104	4084
-5558	14217
501	5753
419	-6623
23034	-7620
21488	-10841
-13555	-2169
1815	-18325
7051	-15783
-7708	11649
-10811	9569
-10140	687
-6136	5402
15790	-2938
1650	-12281
-9782	1756
-4662	1110
15095	5961
-16725	15680
-6053	1032
-3926	-11350
-7983	4528
6557	-3612
3338	300
45281	-11265
-8320	12581
19498	-6306
-1606	4585
6274	-3735
-3864	5720
-2235	6459
-8461	7244
-12151	4027
14510	-13179
4780	-7866
-6984	-4867
-13332	15827
5127	3987
3672	-10353
-2435	-9933
-2378	-2949
1536	-12645
1820	15054
364	-9748
12646	6292
12625	913
-6587	-13806
18197	8415
5829	-4630
-1401	15773
227	17414
-3005	6756
3522	229
3617	7139
-2373	5353
12160	-15191
2091	11663
-313	-2058
-12241	-17599
-15450	-21189
13799	-4909
-11064	2615
3095	-14514
9213	-13200
-1659	930
10732	7874
-50	-3800
17552	-2316
-11823	-2853
-10386	817
5677	429
-4846	8610
-8384	-5875
-2123	-15975
-7644	-2824
10842	9635
5254	-8894
-3119	8196
3696	5458
-3109	3740
-9757	11188
-361	-3875
-5966	13183
2453	12014
-4372	-1662
-9624	-6262
-6789	2805
-16082	9635
5731	15816
-6805	12787
-67771	12432
2046	353
281	-4534
-6948	-26882
465	2160
-1769	934
13340	3377
20505	899
10665	1623
3112	-2318
-9352	-5115
5	32412
15232	-11706
-3827	10606
4467	-13247
14490	6404
287	-7636
8693	620
8172	-1845
22998	26550
37382	-1181
8648	2507
27972	371
-19078	106
5210	6143
4403	324
3292	-14103
-4148	6321
-1484	-1500
-691	-7075
-6054	6297
2469	-3169
4604	1552
-838	8682
210	4666
24683	8411
-11520	8669
8330	387
-8078	7475
-2500	-12796
-649	9623
1744	3401
962	4068
-2790	-14499
-12671	1720
10700	11281
-2542	-7809
-5902	-9932
6256	8350
-5627	5317
-7764	15366
4818	-5357
1114	1900
-9749	3954
-11086	-25906
-6227	4762
-5175	26293
-1962	9924
13908	887
6910	4132
13583	-7085
5442	-7907
-16613	2831
-2722	-4418
13168	-4029
-6458	-5073
12216	3718
-765	802
4847	3756
14788	4677
-9436	1043
14364	-481
11823	5755
-6130	3738
-15495	-607
37522	20150
12318	-521
7872	8412
7705	5836
4276	-6515
10589	6372
-5290	-3724
-4006	13324
-7003	-16419
2579	2043
-2191	-8862
159	-10080
-3809	-11995
-8418	-15045
32947	-19064
3423	-1990
-2027	-4152
5042	8749
-3497	-4850
-12135	14105
9509	-13517
6262	2386
88	-7047
6006	-7279
-17100	-463
-6545	66
816	-3070
386	18263
-4191	8824
6126	-7729
13339	5401
-4638	8009
-11691	-4004
-2716	5382
-13496	-3397
5727	3083
-17966	19271
11366	-5827
14759	-14518
1968	4705
2983	6119
479	6222
28907	1034
-5476	-1709
-692	-10257
-506	7261
-22687	-5346
-2072	-15122
-6653	6712
-3252	29643
-15775	10022
6599	-6162
15872	10632
7381	-19730
-6821	3950
10094	5156
16688	6099
33033	-3090
-2763	-3930
-5255	7524
44	5365
5359	-704
35453	1825
-2246	-7117
-5758	-3332
-2801	712
-17856	444
-74384	9645
-12224	-679
-8959	-3411
-222	-6217
-3250	-5276
-2765	9499
6795	1110
5108	-4314
-5085	13989
-10903	-12
-225	4267
-76	-3187
-12165	-1921
-9761	1713
-52	2048
-7928	1706
-3059	-2860
233	9959
-6946	19718
8614	-12491
-7479	-250
7941	-618
-5832	-1085
-8117	10994
7691	-11826
-3987	3743
2335	-15553
-6387	703
10473	17213
-2177	4538
-618	-32074
4331	-7772
5551	-29904
1189	6291
-4904	2333
-2172	7752
-13871	-890
8219	-1706
-5517	11034
4446	7121
-7893	5602
-954	11087
7526	6530
-12532	6413
11142	-20528
6398	-5191
-6820	-7352
4549	152
-8090	4200
15161	7477
3877	-4369
1737	1739
-6986	11361
19150	10353
-5553	-3767
52	3997
-3956	8417
-6352	-9237
9037	2780
4805	5187
-254	-4707
-10662	14594
-3624	4465
-5912	-1317
-6774	15704
19322	-1456
-2859	2916
3531	-3069
8419	874
-7038	5559
3451	-9344
-3750	-18433
-5141	-3013
-10870	-16288
9141	-389
-6065	-11211
-5337	1505
-1422	8137
-6169	-2169
-11773	6422
4732	-6481
-4568	2383
2503	-16048
-132	1477
10870	-41761
2006	2102
-5282	13111
9948	-10212
682	-3300
12131	-19581
-6816	15647
4697	-138
-3431	12425
458	-12948
2747	14912
-2252	14817
21414	13227
-2782	-7180
7272	2515
-2600	13055
-4657	3069
-12779	-1892
-17960	-2474
-8025	11364
-3220	1253
2493	-1450
796	10081
4997	-1985
-10250	12517
5046	-10442
8267	17215
19549	-3153
28874	-8680
-5451	-11043
-4631	6005
-7077	-366
8017	-10343
-13549	-11660
11562	-5276
3503	9435
-7734	7515
-5416	-3358
7608	6969
6891	-49842
27148	-47291
-2551	3822
1182	13423
-5198	-2592
9	-838
-1391	934
2757	-3287
13386	-2996
1401	7452
12424	-5596
9828	-7732
218	-3646
14079	-9894
4587	-5546
19923	-11704
21578	-7441
7036	4735
11780	3308
-9361	5500
8656	4257
-12186	-4268
-13641	3107
11134	960
-7491	-7297
9338	-4276
-379	5669
-2304	-5879
-3419	6677
-2187	-8827
-8895	-13756
-3774	481
-5047	-6199
1791	11644
-5724	2277
1896	30247
6549	-7475
-3804	-1371
6005	4981
-14370	7939
-4041	8289
869	-1222
-9089	-797
-1276	11521
11626	5940
1598	11012
10215	7081
-5363	-883
-13009	19500
4700	3904
2345	-2418
-7283	-233
-7956	-6680
-2592	-7243
-8598	4242
-778	5128
7986	-7852
-10772	7982
16194	15070
19561	-3955
-4845	-2060
-7632	-12132
-712	1598
8961	19625
-2796	12962
-9596	13383
2412	-9454
5511	1564
-2051	3326
-13233	11083
7999	13708
16899	-15948
-2736	13384
-12199	-566
5428	4738
-850	-6016
-8187	10806
3047	-26385
681	32374
-9534	2051
-4347	-1097
-10547	425
16247	3027
-7057	-6290
5048	8056
-5298	-4360
-11321	17842
4116	12198
3377	-3007
24460	13049
-1568	8676
-1511	-923
2701	8273
9327	9105
1251	2851
-3712	14181
-3086	480
-9337	-13622
-2172	6955
3729	-4108
-13060	-3964
24654	3310
1808	383
2863	-14469
-16553	14083
22820	8415
-4448	5008
8688	40
749	-3837
-7959	9467
-21340	8453
-8195	4222
-10000	-1336
-7913	-4788
12155	7078
844	4441
14647	-12860
7265	-7003
11854	-3645
-4630	28823
5131	8850
14050	-6257
-9178	-12092
-20385	14618
10960	-8853
5499	5015
-2868	-1022
24193	627
10184	14020
771	-4685
4706	6727
-2836	11394
-6433	-26398
15073	4218
16002	8150
6393	22855
533	1389
3400	6537
19872	-2266
-12968	-8125
-12120	-7327
-12859	1767
4156	-1680
-612	-4427
5228	-4808
1023	11883
-2673	-9574
1873	-16998
-79	-7276
3542	201
-12286	-4457
3356	-120
-21389	4847
4576	-8152
4962	-2489
-1373	-2771
-987	-1031
-2334	-6548
-2985	6047
-6824	-11670
-20029	6937
3304	2011
9854	-1084
225	11245
8725	3092
-1563	6648
18391	-5040
-3517	-41381
2261	-1044
-215	-26053
-20199	-923
-4690	-629
5305	16423
2184	1426
7542	3041
-5941	-7158
10040	4464
-501	-550
-4314	-451
13426	-1746
13786	-11833
4278	-24018
-8102	-2628
5115	10832
3327	1840
-5453	-14118
961	-8289
20993	291
13518	10715
-1731	5372
-11017	-11805
-10731	5323
9711	-8207
6389	7344
4254	788
3563	-6841
-1736	-4708
-5476	-3682
-1324	28
-6520	-3390
-11174	5312
-1310	1318
7708	-53293
19879	11625
-5264	3767
822	1096
8124	4476
-11236	643
846	7652
-10142	5351
7449	8518
253	-19923
-5719	8807
-8427	10680
5327	19603
6109	2970
6625	-4286
21907	-4720
8013	-12102
-1654	979
-12563	7564
-2134	15162
18393	-10580
-9517	14560
3206	22213
-15955	3552
1752	11878
-10653	1049
-4526	-1300
-1144	-4743
-592	902
4338	6506
13777	-2496
-11223	-8200
-9892	5546
-3125	-6125
-4138	7243
-5347	-9321
-13350	-12302
-2133	-3351
8880	-13409
-4650	-18524
1579	15640
2596	-11506
826	-1573
-5982	13051
10342	11345
3980	-463
-8020	-7475
-11671	9829
18094	61150
-10699	2097
13509	2496
3798	324
155	-5846
-261	-24607
360	-917
9169	-9850
-4140	10303
5826	12863
5194	-4237
-7094	4620
1222	23695
17679	-4740
4048	745
-4419	2482
10692	-7373
8991	-6671
-6938	4890
-5136	-9957
3140	-2163
6489	-1080
1845	1061
11208	-17622
4401	-2544
-8445	1023
-3179	-5393
-7839	7601
-2147	-2277
9171	-1214
7483	-1373
-1496	-3054
-5793	2078
5177	-21591
7272	-6059
-12549	2815
-12438	-4053
14246	5092
26484	5228
4937	860
-10467	-302
-9671	-4807
-732	-5334
-1720	7720
21460	-836
-5140	4305
4669	2106
7685	-2203
-5774	-11942
-8192	-4049
-6574	-13512
-16997	7041
8485	5681
12582	8537
-8229	-1177
-492	8779
1188	3511
-3760	6902
5523	-2487
14937	4187
-6960	-3896
11485	4967
-3817	-1006
866	2683
2778	5518
8670	-6364
6896	3993
12638	55
-4061	-22734
-5015	19385
-11705	4241
-1638	8400
8482	-13332
-5326	6401
-15214	23363
-8867	879
5045	-678
-3442	-11205
-9284	2422
2151	4407
-7091	3839
-7059	12085
-5189	1833
2328	-14355
-7477	-2382
-6736	11083
2493	4987
-6932	-5525
18629	5127
-4106	17077
528	-116
-227	-2014
-16531	-18536
3719	-13183
6260	10799
1439	5792
-1330	16883
-5236	-4191
-12303	7616
-10579	6975
4493	3369
-2750	-7149
-4001	9519
1099	-7777
10203	400
-2584	9714
-8646	-6790
-16075	10128
3864	-187
-4018	-572
3793	2635
-727	-5683
1259	1502
-7004	-9304
-2373	-2422
-2018	2988
11119	-7528
11594	-7448
-14960	-886
-9015	7775
9078	-1646
-14074	-1192
3219	-9158
-2542	-1651
-9243	-182
-997	1354
-193	5933
7595	-19759
-1608	-10992
238	-17818
17826	-2539
-2439	1128
5644	-16805
32344	-11111
-9339	-3382
-7720	2900
5706	659
-8908	3574
8986	-7317
-2035	-7796
3076	12323
3568	-2165
-7949	5489
-4772	-21787
-3359	-23570
-14500	2639
-4449	19639
2718	2551
-7443	3689
-1210	709
-12724	-676
-7315	3853
-1516	4941
-13103	-2844
14324	10526
-6449	3964
-1743	6868
-1518	2148
3662	-14210
-118461	20042
-842	-6006
-200	-2050
10651	10453
-3347	-12947
6825	-8758
2766	-1856
3594	5421
-7894	6919
-13763	5221
9841	290
-1562	-3233
-9158	-2010
-1788	3361
9783	5195
-13150	1397
7425	58
1170	12091
2726	-10090
-5560	1635
3662	-2733
7619	6731
3448	-1496
-3020	-411
-3803	10343
-3565	187
18314	11573
4981	2082
17870	-5155
-14037	5100
-8504	-9348
-17460	3667
1025	-1689
2037	-5570
3793	-10900
-3147	-2794
-12996	14953
-1659	8053
2165	-1936
-6118	136
8413	-3486
1287	-9373
-6246	-1698
-8413	-4396
-6292	10302
-6964	3047
-11442	-3312
-7385	-16525
-4297	-1341
-7802	4559
-3196	-5955
2229	9693
21137	-348
973	95
-958	1340
6843	2532
-3343	-2614
-3754	14215
-2244	-13910
-15372	17378
7673	-5469
-73	2086
-1187	12617
-488	246
12174	6280
-13425	11046
-11950	-5515
5238	-24159
-3336	1041
-3552	486
-4751	5439
10303	-5692
-1101	-9221
20096	3921
8096	8183
1337	2034
-8366	-2017
-3946	-1815
4129	7294
-2182	11392
2576	-32997
-5008	12725
237	-56271
21786	-10763
9587	-655
1529	-18220
1783	-5628
-7262	4592
1986	-10627
85	778
-9679	1156
-7691	-778
-3707	-8305
-9443	2774
-911	-12055
-5953	-733
-1419	3857
-1523	2034
1852	2220
10600	1140
-3618	-7339
11257	4714
21661	6574
-3853	-17104
-5974	-769
-1166	-33647
-1934	-8089
-9739	10706
-2693	9802
7468	-1320
12718	3941
11599	-6883
3810	-7592
-10902	4160
5785	-6454
-2285	579
1576	-13324
-1064	1856
2119	9650
-20827	-8035
714	-2443
-4247	-23649
8516	9361
220	579
-5555	6254
-4621	-9702
-7963	3159
-7706	2095
-8118	-14616
4141	9244
-27	20840
-1612	15267
5161	-28311
-3723	6881
-6804	16619
-20425	16916
-1669	-12773
3469	7985
15825	-16310
-3083	2486
-4845	721
11861	-7458
6554	-450
-3731	-2793
17437	1852
9098	1593
-1606	2869
1744	7711
-5404	-3831
-10417	12990
-9885	-6084
-3010	8009
12166	-216
7874	15910
1785	-7031
-12220	7882
10418	-6844
-3386	5415
4075	-8837
-3678	6395
8714	-4
-10819	-22380
-6994	-1315
-6354	5300
18209	-5945
-12572	11412
8136	-78
-659	6642
-6211	10286
-2042	-1842
2132	4009
19417	-4217
-6692	-8973
447	7777
-14453	-1820
4053	4802
17372	8149
5217	-7345
2031	11525
281	-3576
-73	-9187
-2961	914
13271	1247
6672	40
-6677	-7498
12291	4526
-2639	11881
-7654	857
-2836	5190
5228	27823
-5963	9411
-9738	10665
9164	10127
7285	1781
-2629	3354
-10498	5098
6964	-12669
-2494	7277
2881	-284
-19725	8423
9791	-3960
-3189	6319
212	-4851
6860	2519
3268	2063
-7404	-5667
8127	-9294
4013	1530
-4945	74
-10472	-5826
17239	-1353
-1493	-948
1227	-6879
2381	-30108
-1575	-8897
-298	2388
3508	-4395
5996	11977
1084	23367
9523	-3054
11865	5684
-7411	7297
5462	50
-12637	-6854
18447	-19673
13789	-3299
2060	1081
-2040	16387
-7140	4489
-8023	-6903
-13930	9224
-5213	-9558
-10177	-477
8792	7588
6579	-28126
8891	-13347
4234	-899
-1998	14774
-2467	15922
-2145	-13179
6055	6898
-781	13950
1150	12012
-6787	-19654
-11944	4129
-12735	8847
23914	-7373
13669	-26117
13689	3883
3020	-23924
29487	-2928
-2335	-11489
2537	4408
4662	-7803
5023	-756
-14069	2405
6231	674
14378	-14326
9821	-11679
10119	6881
-15848	-3694
-16044	3276
-7603	-4057
2993	-9455
-7553	6420
2447	8601
5727	1836
6819	-1774
12269	-13807
-18800	20348
-6278	2195
-498	-6400
-3163	16550
25774	-7709
-4440	5935
2696	-20292
-2190	-11914
-4237	5021
7289	-3588
-7920	3313
-103512	23497
6971	5274
17960	3855
21817	-266
-3703	-4104
5794	8178
-5637	6603
508	-4185
9889	-11425
2720	-4758
6578	12630
-12630	-2101
-15661	-8902
7061	3648
-8537	-4753
14588	-20731
-10490	2532
-5040	3245
-6166	22411
-4699	-6388
-10607	3326
2900	2222
-8578	-5438
3234	-874
-4780	-1282
3909	9397
16358	-12134
7468	-3177
4145	-4856
-4632	-2626
1608	-4550
14489	-20471
-4420	702
-6133	-133
-69	-4962
-1548	1348
-16537	17694
-11524	-3123
10170	15585
-2824	-3995
-5417	-8621
10663	-9768
-4567	-2760
-131	-3847
3323	-5266
-5484	-21275
12962	-1894
-9186	12022
-8255	-13531
-11563	5259
-2445	-8515
10842	5537
10043	-1522
-15508	-2937
-3515	-1390
5029	8344
736	8017
3485	5800
-14944	-710
-265	5551
-19242	-2880
6450	2627
49	4893
9727	-3500
-13986	22363
-6455	-7590
4051	17721
-10172	2772
-10077	2554
6013	-20062
-4937	15990
-4238	-21579
3940	-6620
-1766	742
-9901	19075
29869	12929
10360	-4633
2873	11292
16195	-2367
9286	-4252
16242	-3839
-10512	-2464
-11496	-12024
7825	-10723
-3509	7806
-18385	14798
8592	-11054
-606	-4050
-5949	8446
11547	2811
-1733	13383
-14187	-9360
11940	6089
-12810	14117
-927	1106
8222	4930
-8406	10200
-17941	220
-18988	1745
-996	-8192
2541	-10386
-7403	6407
4662	-6747
1971	722
12831	9568
-8710	4151
-1543	-14067
5514	2226
536	16119
-14657	1716
4276	4418
-110	-6190
-7211	2998
-6870	8857
-4492	-3136
7250	-1757
-5720	-11037
-8053	-8301
25387	3171
-13067	10065
-802	-6742
8364	2824
-3563	6456
-16159	9462
12861	11897
-12969	12040
15195	1456
529	-11310
3437	11660
9602	14585
1499	-8960
-6391	-2366
-2454	741
-13681	-8710
10450	5507
7999	12206
-967	4134
-6102	-8728
5530	-330
11005	1406
8008	25058
-210	17658
-3843	13974
12007	7749
795	-19768
8214	485
-23476	5270
4748	8913
11778	-3905
3830	-5396
8854	-5063
5941	-7869
-11815	9393
-17834	-4674
-2152	-10658
-10465	13549
-2472	5209
4654	7727
-12983	9313
-4	-7170
-6119	-10020
-15766	-8592
-108	-3846
12220	-10138
-1018	-5178
-12355	6707
-3574	-1645
-9656	2773
3074	14869
821	4212
42	6428
-7593	8875
6393	7624
-1882	-15399
-7586	-12860
-752	3813
-8853	3360
3819	8638
-4946	35
-2155	6757
-4904	2189
-8124	-4618
6192	-7037
-1883	-606
-17462	-13582
1234	-8209
3538	11615
2056	1954
11230	8733
8540	888
9930	21471
-6570	492
-933	-7373
-6683	-3562
329	-2474
-2407	208
-17029	4883
21066	-21147
3135	-36379
13711	-7917
3235	-650
10175	4029
-7659	-16168
5355	816
-2831	-5180
2050	1132
21961	1835
-10635	7146
-1112	-14534
-4420	3717
12756	1336
-1684	6209
-8154	2694
-10152	2619
-14504	7636
10719	13234
-4587	14873
561	6672
-12790	7577
-1714	3135
-10328	-163
5622	3230
11242	1843
2	-4218
-8054	10370
-11019	-8698
-706	3500
4059	-15766
-8320	18039
-23266	12781
1673	3
-9995	741
-9885	-5779
-4117	-5892
-6446	-370
-3946	11612
-3537	-5499
-5701	5869
3831	-1891
-14281	-10791
-6251	555
-4873	11913
23822	-373
2788	-3541
7846	-9558
1900	-33350
-5596	-9081
-3878	4151
-1637	17407
6219	2216
537	-5840
-12860	-6817
1881	456
-15617	-17275
14314	1721
2125	3483
-11207	3828
-804	8270
11752	1701
3401	-5344
-6703	887
2063	280
-6885	5165
-9063	-7653
14258	-411
-3897	3966
11870	436
-10571	7918
7392	6472
8805	-4027
-3414	-5554
-7733	-6133
2950	-400
-5280	-3838
-3802	-565
6707	-599
24382	-9440
-9234	-2360
-13639	-7681
2316	-18701
4956	-3806
-2639	-22491
3879	-4226
-2114	-1485
5426	-4173
-5026	-6379
-3404	-9356
27093	-8320
9249	-996
-7566	30385
-10045	5768
-496	19236
9123	4077
-2387	1650
-773	-1627
11443	-23089
-3102	-20281
-1142	-10089
17383	-421
-428	16808
15099	6646
21396	-3295
6725	5230
6724	-10799
-7818	-612
6246	5177
7360	2578
-11691	11001
3858	7493
4563	-22271
17655	2122
-4902	-12432
-2404	-2489
6388	11488
-9060	-5211
11207	3321
-3888	1602
4460	-6447
-10983	1084
11866	-4178
-3487	-18735
-2821	1455
-4842	1837
220	-6640
-13618	-5483
-8354	13532
-7939	3203
-3827	-3490
-14390	10905
5145	-630
28301	11379
-10047	4365
344	198
1812	-11859
12472	10112
29542	11405
1902	3060
24451	11008
260	-3622
-8716	-2266
-5454	-1822
7630	-5231
-2337	11182
2860	-7284
-487	4323
6101	-5431
6509	10444
9159	-2860
-7651	2928
19605	-2520
8909	21195
-5335	-8227
-4626	14964
-12326	14309
7481	4107
1288	3365
-18932	19616
-6852	19007
-5114	9421
-5712	-7127
-8645	2301
3898	-7336
-9716	-46146
13457	-3199
-2657	-14205
6723	-9089
-2196	-18320
-22	-2274
6630	-9224
-5656	-5319
-31193	287
-7492	-7505
4769	4141
5139	5753
-3389	4177
8589	-13481
-864	6090
2409	1762
-8993	-1167
-2205	2827
-5683	7083
-167	6567
-11253	-1521
-3640	-1475
-3685	-10665
10787	-4609
1290	5258
-4357	-643
-6346	-315
-6995	14379
-105	6147
35443	-23491
-2269	-6349
-5456	9690
2389	9588
4175	-12118
-12398	5546
-10466	-61094
40649	-3084
-1225	-21846
3789	-4246
4446	-1138
7581	-16809
-7358	-1355
-1182	7164
7258	2094
-11473	651
1192	1768
5780	1682
8293	-1231
-14543	-10783
2820	-558
1542	18861
13245	-51485
9901	11553
1268	6085
2264	845
-9789	1048
-6102	-4564
-1427	-48
14370	-3822
-3053	12582
-12978	-1570
-496	1978
-8087	-136
4222	3898
-7469	651
12113	-13315
-9458	-4318
14825	4308
3033	-1577
7915	5836
142	4498
17255	-15089
-6686	3236
-13182	9881
-5874	7936
1487	679
-5840	9404
10004	3717
27762	-5680
-953	2699
-7498	7030
-6826	-8526
9638	-12624
-9359	2969
9025	-4244
-6622	4007
-3844	15980
-7311	1827
-15364	10828
6271	848
5022	-1079
-7032	-19084
962	-2227
-4699	9665
13564	1009
-3505	-3695
-15839	278
910	9590
16449	-12122
4456	-3103
10804	3782
-4696	6172
1841	1346
-2850	-1995
-7327	5247
11124	7632
5684	-5512
2048	983
-4156	-13344
5663	-1964
1000	-5406
-17342	13328
-9581	-10121
-4325	1274
-6893	2386
-3188	8471
19684	15075
1716	-10493
-7708	4507
572	-6038
6023	15132
-9063	6839
4662	-2091
-8444	2810
-13310	5596
3717	-6325
2542	-2102
27165	-16167
18927	-6319
-8850	8486
-5703	-917
-6924	3354
-839	4745
16376	1994
478	8207
97	1137
-8168	8861
-5457	-6209
2847	-12046
-974	5595
13255	-8963
-5935	-8088
5822	2968
-9233	8463
-2780	713
10995	2344
8773	-7741
-1128	-10674
6874	-7078
-10275	12735
-1275	4763
4080	-6786
9776	3077
8099	-895
-11441	-14898
-498	-867
-1342	-4778
-10227	-4371
2891	-1107
-8458	8615
-1698	-3671
10330	-15105
-5479	-1848
-8903	7199
-3390	6059
-16295	-524
1159	-2377
-10496	9205
658	5309
3060	1248
-6683	-15901
-3957	9012
5612	-2425
12182	21923
-12066	-3228
-2799	-500
6792	603
452	2992
6239	5754
-2168	14482
-13927	6393
-5681	3099
-7529	7444
-6814	-2502
-11319	-19628
11566	-14615
14369	2786
6595	4891
6069	-6932
-3334	13802
-7337	8518
-489	2210
3834	3696
6600	-5463
11482	-15541
6435	-4689
912	-17285
2084	-914
123	-5160
-3674	-1784
-16396	4845
4447	1278
3054	4830
-7994	7706
-9133	-1458
-403	5594
2273	1444
17216	8916
-7560	-2475
12950	13688
-16406	2732
-6277	-3223
2818	-6797
7837	-1549
-10776	6603
8625	-3543
-3085	-16230
-7245	2418
-16840	16536
1790	-261
4854	-9048
-11871	-3107
-8570	-20791
-6716	11096
-7725	-15286
-1908	944
5351	-10804
-2504	-1176
-2064	14634
20299	-11657
21668	-13721
14689	385
-5394	20931
-13684	7430
-912	10684
-14325	-210
1235	-15677
5715	3114
-3605	-4002
