5860	2978
-11087	-10730
-8867	-30229
849	-14956
-17162	1516
-9436	-21808
34677	-2905
-4125	10642
-3265	-4918
-4859	-18652
2497	457
15031	1916
-10132	7840
-29049	3577
-5506	-2264
2264	-33069
1869	59
-24244	3951
2208	2966
5705	9540
9032	-10867
4655	11614
3327	-2861
2816	-5067
11714	-4787
18741	4974
-2534	9350
4834	9907
8927	204
-6949	2582
11572	11434
-1821	3987
-8801	5415
7707	9732
394	-16587
-77	8846
-7799	6795
-5340	4537
168	428
-14531	5899
1673	8564
-4698	-23374
6595	2555
3750	5455
17938	-21644
-5156	-5815
-10740	-41685
10231	-23121
-920	-3455
3520	-1378
-2470	-14674
-12615	-611
-2922	9344
373	-372
6431	216
11030	7829
-11045	-8401
2269	7689
47932	-469
188	-6072
-5586	7001
-12622	-5618
-9502	-1121
-9143	5653
736	9271
2017	8303
-10133	8422
-3995	-2554
19012	4153
-3471	5358
10721	8037
2664	-1844
1417	8125
-10752	6267
-2864	-1658
5666	1668
-7013	11280
26785	2193
1257	1273
6882	11564
-8806	6316
-2707	-3253
-5193	8931
-6545	4780
-5294	-8894
-4692	-16580
-4933	-5632
-7539	7584
9463	10036
-5003	10579
-5451	-6597
-2950	3836
10884	-3622
-1978	5963
994	8391
-661	338
1578	7744
-4015	11315
-1400	-18261
-1400	-1694
-5738	9198
-627	-72
-2453	5577
9045	1021
7909	-1225
10567	8514
-7976	10313
-590	254
5174	-5378
39800	-6792
3066	9640
-510	7478
-1795	-41464
4893	-4346
-665	10732
17564	6361
4152	1450
5891	-31877
-2326	3028
323	2820
4872	-1614
4332	7344
-11304	3139
-40	4159
-401	5744
3381	-1867
-3897	5635
1968	-2649
-13978	7539
1462	-33745
-7704	4722
9741	-777
17155	-22708
-1438	-7033
-3427	10118
-4618	3343
25899	-3511
7876	-12469
2390	10601
-10799	1129
47787	55
4098	9736
-321	1112
2290	2263
-5660	-3821
-4820	-4446
9764	5505
-9435	8772
18725	3257
3581	9134
1908	-464
2727	-4229
404	-17558
-8047	931
739	11186
7519	635
-1134	1871
2964	-364
9190	9628
-12359	-7669
-16138	2958
-14359	6052
16695	608
5761	-23105
-2321	-41445
6874	6661
-13190	10775
-194	534
11640	-10830
-6744	5579
-2989	-19759
-7082	1556
-198	8491
-8300	8098
7350	1196
-6489	6125
4306	3433
931	3138
-3407	-1955
-2096	-8715
-4523	11598
185	4859
302	8774
7256	-29754
-4162	10981
3864	6658
-2966	6614
5689	-3914
25476	-2289
-3550	4046
4475	-14047
-12453	1584
20041	-2193
-2378	7595
-8705	1539
-1557	6590
-10303	-1375
1927	10589
5904	-5869
-15157	-5596
3268	-5900
472	10911
-12681	-7407
5576	-8902
7265	-9373
7901	813
-337	2900
-5984	-6338
439	7753
4170	345
-4109	-703
7643	7250
5431	8803
-1279	5155
-3228	6466
6716	6725
-16919	-52
6706	-30154
4570	6110
-4144	-611
-602	6324
6536	4335
-1672	1332
-2957	5021
-10252	-34942
15342	4317
-3972	10935
-10464	10189
-5685	-6376
12184	-4891
-10722	-213
2212	-3945
-1068	214
-655	-10202
-1404	6160
-9091	-4667
-6909	3939
-3153	3380
-3813	10639
1933	5504
-6384	9088
-5258	-11393
-8162	10765
17764	-4366
12363	6165
-3262	7490
-5664	1150
-1449	2606
-10689	702
5200	8419
-26731	290
11136	5791
3250	1136
-5277	10330
-4883	-1491
2905	7294
-5699	-887
-818	-42222
2180	-15355
6560	4259
-13447	-7793
-13653	6922
-5480	11321
10653	-3193
5544	4239
-6202	9332
-3173	7585
-66	11545
-12652	5269
948	11544
1988	10027
-23569	-2672
-6375	6969
-7849	7588
5752	-6352
69	-5571
-19466	-4703
-5867	271
1783	1738
-341	-80
28635	2914
-11164	7364
6653	5159
-296	-3297
-12897	-28545
20756	2388
597	7382
4179	7121
-4089	931
-1774	-2338
1431	-23575
537	3617
8252	4991
-1596	-8794
5459	1777
1297	3574
-10803	5861
-6239	7890
-246	7612
20152	11415
-1490	11334
1157	6155
5452	-2569
-6907	-5735
-1514	8076
4442	-15070
-365	-5190
-9109	-6594
14332	5568
2775	3925
21416	6553
9373	-166
-3399	-2108
-15998	2484
-8117	7914
4702	-10020
2961	1964
13549	7000
15023	9830
-1082	-2493
-9946	6530
-5034	-21480
5454	688
-8711	3335
1930	-11536
9521	4111
-27347	-21955
-5632	7271
271	4385
-18218	7390
1850	-11113
4182	10871
211	8406
-1455	-1796
-2824	3027
-2248	-725
-15086	-4027
4122	-37904
-7498	-7392
8837	-33137
-12105	5761
-2649	6788
-11875	1074
5147	9784
-2840	7397
7057	-4111
-4667	-2870
2832	3411
955	7109
1363	-19272
8093	-4479
-721	7779
5786	-4349
-6005	-9621
-2315	7089
10589	-2090
-8012	11025
5352	9705
5018	-12448
-12194	425
-4724	11585
5186	-3427
-20035	-2877
1489	10337
5561	26
7814	11613
14123	-36015
-10305	9803
-33	6842
-1853	-7408
18253	-24799
1183	4229
1907	7548
-1855	4261
-4010	4750
-1269	-3279
6794	8983
-383	413
-49	11610
-4631	5911
3044	-7329
6104	6943
-6703	6835
-10127	7606
-630	8897
3795	-24362
-951	2503
-4352	7471
2534	722
-12642	-2128
-5050	4927
-4742	6147
-4734	1527
39021	1500
-3200	610
-9049	1563
2409	-3984
4468	8788
6780	-9742
-10147	3330
-2389	6373
908	-5987
-4297	850
6806	-6032
9655	-23046
15754	-12956
460	-4388
-6359	8436
-7435	-5692
-4871	75
-1345	-17419
-11988	2330
-7819	-6590
11888	8523
3124	-3672
-6483	4620
37681	-7864
-4168	-470
-17585	7476
273	10408
-11631	-12472
2410	-36235
2218	8648
3518	7306
-12242	1662
-20727	5144
2201	9674
-3410	10212
2944	11609
9550	-7796
9023	-3020
-8432	6692
-848	1554
13153	10119
-5752	-12420
11427	4971
2424	7641
-10241	-490
2208	-9888
3475	3751
1000	6609
-9875	3738
-2264	6199
41972	11595
12209	3019
-12383	4615
-4275	4663
-3171	-30106
19332	-11841
-4506	3825
982	-2608
-1565	9047
-2813	-1495
49887	-9219
7971	-14393
28590	2213
45100	1146
-1089	11583
2177	10512
-8761	-514
188	972
8249	-1041
6975	-6582
-5919	-2120
-2935	-24378
7168	278
-2544	-34793
7894	-15946
12380	5873
-6162	6799
-10828	-997
38491	2866
-9894	-4485
6999	10005
3373	-16010
-6438	6648
-5521	-8199
2941	3121
-1014	8795
-5523	-4264
-471	635
-5700	-10912
13660	3659
2502	4463
-8750	-6279
-14282	9695
-11193	1480
-2838	-33869
-8278	-37209
-13900	-2498
-1473	8991
-5520	11035
4230	1258
-4705	8988
-4112	-7851
-12079	-673
5223	8743
1190	5756
8442	-8214
-7705	5389
-347	-10533
-4464	11356
19206	4600
-4555	6460
102	4856
-5935	723
16868	11197
4307	4254
2603	2220
-20653	-1295
9957	8797
-2602	-1012
1326	9574
-6530	-41570
-13432	-14846
-6689	8247
-1449	3291
-2254	-566
-4156	2640
-3866	5725
-6915	11139
2676	-8736
-5301	8233
-384	1152
-10812	4047
-489	-2354
13039	1034
1196	-623
11195	-19209
-1798	6844
-2053	-8116
4292	5608
7583	10893
-2399	6267
14821	8726
3974	5675
-5712	6497
9372	6625
3487	4366
-3930	9896
37219	451
-4878	2823
-12837	6524
-711	1474
-4591	-4398
7758	1233
1393	1995
-2055	-7407
-12993	4815
-417	-11033
-10118	1938
9715	-717
11	-155
14856	-38852
-7281	-37589
-11982	1839
411	-7094
-6343	4719
-1717	1380
-6967	10045
-11459	-16676
-9542	10959
-5120	4434
-10389	-4493
2301	-23809
10509	7341
13005	6638
24887	7599
-9746	6849
1686	-5231
-14485	7719
4833	-3494
-20828	9988
-8767	4623
4684	-10534
5243	5253
-7597	8921
-11597	11584
-4845	212
-3570	8568
5327	8782
10437	-6425
7863	6824
-2690	7906
-10407	2065
-256	8460
-7951	4963
1122	-24657
-3469	6116
-9395	7839
-15549	-6994
-7889	-459
-18054	-2185
1655	-19459
-826	3092
4389	9208
-5277	380
46091	7190
-8627	-5173
2048	9055
-1065	11540
-7156	7623
3746	11590
19105	-8274
4583	3650
3250	9959
1495	-10802
1885	2620
-5493	2078
-8432	-3904
1517	9331
20222	7200
-782	-1863
-2136	11233
3195	4527
1267	5626
14556	-3133
3105	10763
8728	-1738
-13770	-2320
5752	-11904
-21133	1139
38834	-7476
-25358	-30316
-11917	6300
1444	2615
-3196	-29064
-13857	-5822
7751	2040
5562	9432
-6828	7637
-4566	4899
-14577	3577
-6073	-15595
242	10514
3582	5928
-2263	9493
28025	-11620
-12367	2048
5336	-35108
-10437	-3533
-3621	2268
2761	1857
-15822	9497
-1757	9976
2285	3901
-227	4851
-12388	-3709
24913	3558
2371	9558
-8369	-11780
-8503	5288
-12758	7457
-3423	-2267
-7728	8078
-12051	9152
6008	5357
-9856	3800
7392	4593
1803	-6465
1275	-7080
9948	8680
-13967	-37203
16008	-7081
-11999	-14037
25083	1390
21347	4188
-8234	11016
-1573	-34354
-7566	11014
-13825	-4674
-2086	6581
3741	6165
14070	9186
-1253	5733
-2498	4240
7636	-1297
-12344	1728
-236	7244
26921	1956
4482	-6786
-7231	-30060
-926	-25348
8480	-2948
-4659	-496
-7023	8325
10866	3855
-3312	4824
-6314	2520
-8184	-11923
468	1837
29573	5210
-5246	8386
9391	3480
3679	-308
-4524	7732
-4383	978
5507	-523
3516	-1286
-4467	-1137
1960	-6694
-6638	-18875
1543	2149
6125	8730
-5273	5895
-2171	-2036
-8646	6866
1385	-12082
-2485	-6062
14732	4963
-12207	-4651
-7436	10272
-1863	1730
-7942	335
9325	4321
2196	-8193
426	-17509
-10098	-405
5728	5077
-2126	9375
2207	-12037
-4056	4824
979	9152
-2197	-2151
-5901	3924
-3167	11581
-7333	3050
6342	3201
-2689	-1267
-2872	3217
535	-40924
13807	11381
-23297	4912
2258	3411
-9286	9215
8249	5150
-7546	-1190
13218	-2196
-5810	-3699
-24436	-13548
-1387	4154
1700	6803
24424	-3275
-10485	-18344
-2326	-6766
1302	3661
6882	864
794	2068
-9142	9302
-5478	-7958
12152	9969
7865	1400
230	4412
1961	-10992
21761	2781
-1995	3192
23998	2200
3784	8534
-8009	-39308
-3937	-8847
3722	9534
-10045	-7053
45632	-38694
467	9680
-9560	369
-12094	-19132
-9802	-7033
-5138	10647
-12260	-4998
-5739	10303
416	1906
3391	-14159
2671	5945
-8690	-1711
-4967	-4397
-6235	1581
3518	-8971
2012	-42197
2243	7077
-9145	-4036
275	-12255
13764	-2188
17008	4104
-5425	11532
-4193	7286
21970	-4310
-15022	3107
-3526	-1619
3901	2692
2499	794
2757	4606
12584	10967
1506	-24849
-5856	-10227
-252	10808
1434	-4816
720	-16
349	9437
-6941	6410
-14781	7201
10573	2091
8420	-3659
-2158	4175
-9932	-4330
14169	9314
-2728	-10510
6187	6975
-10430	-11719
-14732	-8623
-800	8518
-12108	1441
-8198	9324
33212	-4554
-1743	8838
-13560	-18870
8284	9710
6234	8783
1062	11612
-11529	5674
-7002	-10153
2503	6238
-7358	-31967
4957	-13119
-13790	7595
-2858	11597
-13784	2627
-5586	-2138
1853	10314
-1393	-12431
-3712	-3360
-2901	-9169
18090	-9595
-5521	4691
-6591	11597
-11477	5280
-2715	998
-1315	7079
2333	-4337
6620	7056
7603	8225
-2002	-1545
9351	1934
200	-14096
-2443	8064
-12894	4651
6123	-4934
38913	7472
27167	4737
-3068	-10023
-3355	8721
-9221	-17791
-8852	7567
-12332	-4313
3892	821
375	-1679
-13458	-6017
-1255	7664
-5321	-2087
-1586	3663
-556	-5407
6769	6045
-17820	5810
846	8625
-9279	5438
-5214	4162
-15304	11605
-958	-6432
-5825	-3124
4151	845
-9615	-3103
-1463	-15035
-1839	6211
1020	-11629
-5418	10717
-7883	7048
-872	-20246
-1560	640
932	9615
-682	7287
-5445	3811
5061	10145
-2549	3540
123	5558
15273	3878
-11219	-10310
-8260	2342
-1966	-3012
1857	302
-7766	5710
5115	8685
-4673	-19295
-3170	-1090
21438	-21768
5275	-17449
-3564	-5169
-7788	7717
2979	6151
5213	3125
8410	-10349
8877	10166
-5470	9622
-4043	-40505
9908	5243
5587	2146
-5085	-11026
-1626	11019
15826	-10019
-3665	6512
3503	2810
-14691	7863
11329	4675
15112	-30639
-321	9170
-13741	5885
-3618	10565
45	-4428
-8567	688
-9118	1926
-296	2839
7820	1490
399	4358
2919	2544
-21898	2792
5044	-5884
15764	2683
3695	-5668
-8376	4447
621	-4883
-63	-5311
5781	9107
-3444	-8634
-13696	612
10370	2815
5172	-2875
44120	707
1889	-1577
15296	7267
-3058	-1256
6592	5309
-3104	-17799
9181	-23964
-16471	4405
4914	7767
17209	7924
8155	-4010
3551	-8567
-3910	7978
-4172	2422
-2317	-521
1938	11614
-9558	8862
8436	8055
1077	-6941
-20370	-1791
23954	4624
6285	8093
1680	5443
-7527	2374
-5764	4944
-8666	7240
-1950	-8084
-1592	3639
14888	5608
-2320	3742
7017	-971
-12195	6884
-19806	-18666
28529	5836
-748	4200
-7388	2252
16946	10726
4867	3005
-2623	-308
-8466	-3517
-1781	6556
-6245	818
1281	146
1331	6880
-7785	2422
-3322	-9441
5336	499
-6839	-25340
-2513	609
10785	5797
-11632	2699
29027	-5570
-4502	3093
7904	4183
4136	-6188
1353	-26761
4358	8012
-4674	5902
7832	1360
-7467	-8735
-3362	-3987
-2075	-12131
-4769	-5054
371	5463
7141	8296
-1642	6083
2028	4373
-6509	-2355
3575	5323
69	-700
22340	-11144
-4868	-36523
6326	7737
5196	1336
6528	10189
4702	4333
-5006	39
1587	5884
6805	9008
-1680	-22610
-4238	10636
14859	-14377
-8289	-7221
7965	8084
-4914	-8376
-13087	10013
-7017	1330
-3349	8000
-3697	1339
11097	-2292
-10797	8539
55	-6822
-2759	1529
-5932	-906
-10305	4559
-14843	7588
-3856	-5144
15605	-17443
-8421	610
1817	1447
-5070	5193
-14479	5423
-2249	-20917
-1841	1506
-5139	3856
-9647	-2761
6365	-216
2517	8741
-1530	1484
-11669	-14210
-921	7955
-13309	-4125
-2990	1748
-604	7846
-2951	4832
-5765	-11407
-12844	7911
-10102	-1851
-1306	-3488
-755	7508
10550	-1458
-7962	-1646
14333	-11939
-6387	-13057
9136	10878
5678	4825
5624	1451
-4340	-1173
-851	-15533
2222	7378
7662	4057
15101	8956
-6633	1989
6269	822
-106	-4270
1693	9523
4154	-7388
3839	8172
5985	3606
10337	9451
-331	-16260
-12378	-2764
-11281	658
-3989	7017
-1382	-11028
-10651	1896
10646	-2571
9021	342
-10467	4299
4791	-3119
-2150	-7577
7573	-942
11060	-2114
-9024	5845
-7098	7135
1076	-2454
-4832	8579
2584	9489
-6735	10756
-3259	10446
-3263	-6175
-212	7967
1046	4030
-3793	-2537
5866	8928
10616	10986
-1971	-4883
-12514	-3181
10647	9990
828	-7539
6099	6511
15443	7793
3274	-3753
-2402	5897
-1592	-25299
5109	-3634
-8860	11469
-1680	8037
-10797	9336
3931	7129
-958	10770
-2936	10861
-6879	11576
-4998	-3118
1560	7817
-8845	-3002
1980	-16000
9225	5700
4825	1587
-11525	8428
4472	737
-12040	3993
17423	11145
-8211	8668
2042	8530
2178	2989
-480	3324
-6763	10319
11611	7362
-8609	2223
3252	209
-7268	4820
-7631	8622
8157	-1780
4926	-1980
94	2564
7966	3113
-11946	7416
4699	7216
-5377	901
-1774	2628
5518	5467
-7473	2924
16596	504
-19929	-19895
3218	-14264
-2425	7590
-14423	-5071
-4129	8740
12493	3967
-6065	10556
-5780	5455
23007	2724
2261	-3309
-32704	-6354
-2111	8526
5718	11005
-168	6103
-6712	5898
-13235	8793
-1412	1233
-1013	6113
5843	6883
-5037	-3399
3350	3583
-7404	2141
-27806	4091
-9423	-8543
2830	9700
-5835	8674
4993	5389
-6785	-2397
5751	10886
-14237	-150
-46	-1162
-3845	-910
-4252	5417
3798	11521
-7328	-2681
-5360	884
1755	-14157
2209	4184
-4044	1583
-6019	7856
2215	-1634
5022	-6127
9248	-8460
666	84
-6837	1427
7766	2970
-923	9523
9054	1499
-6408	8389
-20352	4568
7080	-15401
1651	4699
-2330	10134
-285	-4182
-4864	6184
-6878	-2989
18254	2976
-2577	-14891
2280	7861
-5972	-6251
30422	2820
-11371	5612
2410	-969
-3294	4198
-12839	4963
471	1082
-6674	8646
-2764	6715
7444	-1707
-3877	-6724
8365	-3633
5815	2637
-15421	-6081
9237	-2760
-4773	1929
4120	4400
22548	-4711
7103	8739
-8207	-35232
-1414	2661
-2866	2617
11076	6563
-3054	-14157
-1713	2129
-2692	321
5794	-30156
-1368	-187
9010	6707
-7208	-1014
-2218	-4618
1685	3018
9266	-3589
