1	-5018
2	-2786
2	-10805
2	9546
3	-8743
1	-9080
1	1609
1	-5601
2	-13994
2	604
2	4771
1	2810
1	-5759
1	-381
1	3242
2	16566
1	-10988
2	5039
1	-5640
2	-12751
1	5317
2	-10525
2	-8817
2	4511
2	-16358
2	25869
2	-3887
2	-542
2	2539
1	11287
2	-13509
2	-6904
1	-6970
2	-12020
2	-10818
1	23030
3	8223
2	-14914
2	1505
1	-7619
1	-6947
2	6255
2	-9193
2	-7469
1	-2364
1	4350
2	127
2	-8548
1	16311
1	2788
2	3602
1	-5804
2	907
2	-7110
1	-3559
2	3219
2	1931
2	-2742
1	-9637
2	6138
2	-5523
2	5970
2	-11040
1	-5409
2	-1943
1	-1541
1	-9779
3	-3607
2	4025
1	4653
2	-1264
2	2944
2	-7498
3	-6425
2	-12059
1	-9667
3	-13136
1	-14621
2	-6456
3	-11569
2	4938
1	-6334
1	5339
1	9506
1	-6166
3	-5305
1	6544
1	-11350
1	-10255
2	8011
2	5372
2	-4583
1	-4944
2	-2243
1	10241
2	4147
2	-7532
1	4461
1	-7379
2	4719
2	-4398
1	-261
1	-9936
3	-9332
1	6354
1	-10488
2	29441
2	2255
2	-7904
2	-1814
1	-12926
2	-6662
1	11266
2	3384
1	-565
1	-5668
1	-11813
1	13876
1	7291
2	-260
3	1545
1	-5356
1	6977
1	-9303
1	-5071
1	-6180
1	2999
1	14997
1	-15032
1	-18734
2	449
2	1680
3	-2557
2	21921
2	9229
1	-739
1	4268
1	-7779
1	8529
2	-2852
2	1346
2	-11877
1	-3318
1	-7371
2	23917
2	-3219
1	-1030
3	4143
1	11937
2	-8539
1	21043
1	-6412
1	-1582
2	-10995
1	-2188
1	3803
1	15385
2	-9342
2	-4240
1	14756
1	-6028
1	-2884
2	1279
1	25190
1	-5889
3	-2076
1	8581
2	-6758
1	-14467
1	-414
1	5431
2	2782
2	-3657
1	5445
1	28448
2	-2305
2	22325
2	-10315
2	3252
1	-7178
1	-5554
1	-14384
2	21875
2	545
2	-13728
1	29242
1	12884
2	-9154
2	-4199
1	-9750
1	5231
2	22361
2	-1542
1	-7829
2	-9291
1	-3763
1	89
1	1235
2	17649
1	-14023
1	-5470
2	-11832
1	-8205
1	-517
2	594
1	-7869
1	7277
1	1343
1	17940
1	-3951
2	-7741
3	1706
2	3138
1	-4814
2	14085
2	6636
2	5536
1	8256
2	-4991
1	-6310
1	-1000
1	14026
1	-13837
1	-4857
1	26469
1	-6265
1	-4480
3	14936
2	-8685
1	-7298
2	7320
2	-5018
1	-149
2	-2869
1	-1836
2	26556
2	19685
2	8792
2	1113
2	-2865
1	-4797
1	-11695
2	12905
1	6179
1	-5604
3	23129
1	1087
2	-3659
1	-1593
1	1151
1	1644
2	23572
1	26948
1	22251
2	5385
2	-11008
2	-534
2	-825
2	-7230
2	228
2	4494
2	-7801
1	-2596
1	23649
1	134
1	-9570
2	44
1	24904
3	809
2	-18650
1	2204
1	-8235
2	-4972
1	1223
1	-15706
1	5442
1	-3716
2	3562
1	-3234
2	-7028
1	2667
2	10310
2	-4278
2	14116
1	7270
1	-5143
2	7725
2	-1012
1	-436
2	-102
1	-10393
1	-3221
2	21430
1	-9481
2	-6456
1	-1898
1	-5075
1	1989
1	-793
2	-7798
2	3293
1	25013
2	-1426
3	873
2	-11564
1	7314
2	22677
1	-14544
1	30296
2	2137
1	30079
1	6523
1	-11604
2	-2748
2	-3686
1	4887
1	-5856
1	-8444
2	-6634
2	75
2	307
1	-4685
1	-10897
2	-4384
2	-713
1	-624
2	-6653
2	10586
1	-9616
2	-8817
1	317
1	-12123
2	-5172
2	-5947
1	1090
2	-2176
1	6353
1	-7619
2	-10916
1	-2730
2	-16749
1	6362
2	-6215
2	-11708
2	3809
3	3884
3	-6096
1	8698
1	19500
1	2040
1	-3157
3	-11185
2	18109
1	-9893
2	-11005
2	372
2	-5608
2	-7628
1	-5903
1	-107
1	-12112
2	6825
1	-9976
2	-3428
1	-13380
3	16089
1	-972
2	9815
1	-1154
2	6835
1	5806
2	1403
1	-1332
2	24701
3	10088
3	6430
2	16013
3	-3275
1	-5437
1	-1959
3	24403
1	1843
2	-5005
2	24361
2	-12611
2	-5663
1	-63
3	-2120
2	-4605
2	-7377
2	-1635
2	805
1	-11292
1	-3596
1	5184
2	-4956
1	-15492
1	22055
2	17801
2	-15836
1	24906
3	-10386
2	12945
1	-5968
1	-6550
1	5293
1	17529
1	-97
2	20515
2	-10816
1	3021
2	18656
1	-4078
1	-9216
2	-11706
2	-8889
1	29753
1	9639
2	-2476
1	1907
1	-199
3	1
1	-5952
2	5582
2	-1717
3	-3670
1	21509
1	-8530
2	12060
3	-8792
2	-10224
1	1034
1	12133
2	-7177
2	-3768
2	-4414
2	13220
2	4716
1	21702
2	-1804
2	-329
2	24653
1	-7676
2	6379
3	1888
2	-6491
1	-9419
1	-3336
1	-5366
2	-7180
3	5708
2	-4246
3	133
2	13387
1	1170
2	26573
1	-10339
2	-1748
2	-8452
1	-3678
2	-8635
1	-8515
1	-8677
2	449
2	11230
1	-6263
2	2292
2	5245
2	-5143
1	-292
2	-9693
1	32160
2	-13197
1	-571
1	-9821
3	-6918
1	-6459
2	-6865
1	-3995
2	2934
2	2281
3	-13297
2	-3862
1	-15926
1	-3356
2	3826
3	171
1	1227
2	6238
1	-7033
1	3867
3	-11410
1	4143
3	-3019
1	586
1	-2463
2	-14741
1	-8130
1	-7567
1	-10693
2	-3387
2	-3829
2	-3699
2	-9668
1	-2726
1	-1070
2	-4313
2	20866
1	-17028
1	-8000
2	1380
1	-1889
1	2621
2	-1683
2	-15003
1	2250
1	2028
1	-7345
2	-12455
2	4650
1	-8099
2	-11422
2	-4300
2	5089
3	-14302
2	-11975
1	6067
1	774
1	-310
1	-8738
1	-3704
2	-6251
2	-2632
2	-8596
2	8764
1	-10830
2	-1230
2	-8000
2	1063
1	-11946
1	13776
2	-1228
1	23617
2	-1926
2	21825
1	7271
2	8344
1	-1799
2	9962
1	-3279
2	3904
1	-13255
2	3299
2	-3058
1	1477
3	-6985
2	-8174
1	29137
3	-11062
3	15049
1	-3113
2	-8944
1	-7640
1	-11587
1	-1228
1	19153
3	-1645
2	1290
2	6509
2	7905
2	-965
1	4996
2	2599
1	-34
3	5276
2	-12761
1	10064
1	-6135
1	-7450
1	16492
1	3330
1	10519
1	-13026
1	9902
1	-12344
3	-6489
2	-6914
1	-6313
2	708
1	23664
2	24531
2	-5965
2	11205
2	-3005
1	3659
2	-5688
3	2941
2	-3023
3	8304
2	16505
1	-4459
1	95
1	28445
2	-914
1	7134
1	-12667
1	-1915
1	-5345
3	1254
2	-10761
2	3521
2	1849
2	23592
1	5764
3	-6240
3	-8972
1	24965
2	7893
1	5007
1	-4956
1	-2488
1	-385
2	7997
2	-3881
2	1761
1	-14459
2	-12729
2	-4477
2	-16044
2	-4017
1	6178
2	-14142
1	-4589
2	-11840
2	4148
1	8433
2	2776
3	12214
1	11829
2	19275
2	2677
1	-9974
1	-8905
2	5438
2	-15609
1	22376
1	21633
1	-14091
1	-1626
1	-5989
1	11891
1	-7485
1	7741
1	-5753
1	-11991
1	-4199
1	-8802
1	5887
2	-17348
2	-2571
2	-11352
3	-9041
1	995
1	-2159
2	-3576
1	8669
1	-1578
1	-3306
2	16517
2	-5811
2	-8905
1	-1058
1	15317
1	-5104
1	-9844
2	1697
2	-8517
1	-11486
2	-7787
2	3951
2	-4278
1	53
1	-6114
1	29461
2	18843
1	2563
1	24794
2	-3450
1	901
3	-9458
1	-10425
2	-697
2	-12854
2	13769
2	4677
2	1062
2	-2567
1	26388
1	-10440
2	4790
1	649
2	3183
1	-4035
1	924
2	-7453
1	17426
2	-2155
1	-11834
1	3306
2	-7683
2	-2401
2	28356
1	8223
2	-3493
2	-7326
2	-10230
1	-4006
3	-14821
1	5509
2	3229
2	1218
1	-10806
2	5338
2	9672
2	31628
1	-7874
2	6784
2	3055
3	13355
2	2630
3	6487
1	3634
1	-9767
1	-7255
3	25934
2	27740
1	22117
1	-1424
2	3611
2	6910
2	11438
2	-141
2	-9676
3	-9357
1	-4732
1	-594
1	-6334
2	2005
2	19871
3	21460
3	-8354
1	-10073
1	22573
2	5375
2	13384
1	5216
2	-5900
2	2130
1	-3494
2	17905
3	-12397
2	21980
1	-1082
2	8527
1	2015
1	2559
2	-4784
2	-822
3	725
1	6042
1	5032
2	5822
2	-4229
2	-5676
1	7098
1	-7049
1	33436
1	-119
1	-8473
2	-12686
1	-6003
2	-7110
2	15209
2	-9188
1	-10701
2	1790
2	8733
1	-1228
1	2731
1	435
1	1611
1	16563
2	8872
1	3954
2	-3705
1	498
2	-9159
2	-7258
2	765
2	1060
1	4062
2	-6342
2	-13912
1	-8921
3	-127
1	-16147
1	12016
1	-8712
2	-274
1	-6636
2	296
2	-6043
3	10231
1	-5880
3	18185
2	-4159
1	9571
2	-7710
1	-2082
2	4645
1	6488
2	-4812
2	-2902
2	3350
2	-918
2	-8277
3	612
2	31185
2	-3507
2	7223
1	15205
3	-1914
1	3985
1	-3443
3	8656
2	-14715
1	-10161
2	-3058
1	-2205
1	-12279
2	23644
1	6529
1	29611
1	20419
1	5095
2	-11738
1	-15835
1	-13162
2	28889
3	-340
1	-9649
1	-11844
1	1929
2	-5934
3	-7881
3	7770
1	-10646
1	-3054
3	-2688
1	8632
2	-4781
1	2205
2	2021
1	4124
1	-7640
3	-5696
2	-9409
3	-7759
1	9027
1	-9758
3	-3647
2	5274
3	4235
2	2218
1	806
1	16171
2	-9604
2	14105
3	-18888
2	59
2	-11863
2	24825
1	5408
1	-7880
2	-5079
2	-9698
1	4726
1	-5367
2	-13451
1	-4684
1	12831
1	6558
1	697
1	22493
2	31496
2	2522
1	-851
1	-13495
3	7987
2	-498
1	-4207
1	4504
1	8255
1	-9362
2	1115
3	-9400
1	-15215
1	7706
3	3068
1	-9262
2	3855
3	-4543
1	-7011
1	-2218
2	14184
3	-11607
1	-13332
1	10254
1	-4744
1	-1637
1	-1809
1	7728
1	-19
2	2403
1	-11148
1	15913
2	2596
1	-1193
3	-14085
2	-4109
1	7870
2	-1552
1	-1650
1	4481
3	1989
2	-3838
1	17983
1	21296
2	5649
3	-4996
2	4402
2	-5457
2	-10037
2	-12440
2	33070
2	-7078
2	23505
1	-1396
2	3308
2	20609
1	-10121
2	25664
3	-15462
1	8138
3	1626
2	176
1	5936
2	-609
2	-712
1	2077
1	-11861
3	-6323
1	-14098
1	-5928
1	-10168
1	-12622
2	-12841
2	1044
2	3651
2	22904
2	-5632
2	-10466
2	-3917
1	-3033
1	-2765
1	3165
1	1711
2	4949
2	-6992
1	27699
2	6009
1	-13191
2	4273
1	-10404
1	4282
1	15212
2	-7810
1	-10854
1	8314
2	-11906
1	-5615
2	-1780
1	6134
1	4091
1	10923
2	24087
1	-483
1	-9847
2	-2990
1	-7867
1	21909
2	-6053
1	3757
2	-13192
2	10851
1	-4504
1	-12739
1	-2431
1	-3133
2	-8785
1	-2453
1	21990
2	31591
2	2184
1	28217
2	17132
2	-6714
1	4526
3	5849
2	-4807
2	19429
2	-6686
2	-2526
2	-2949
1	-820
2	-10181
3	2014
2	-707
2	4236
1	-5632
2	-4093
2	-3225
2	29883
1	-864
1	-4855
2	4712
1	-374
1	3594
2	3795
2	3961
2	-3791
1	-10834
1	-16370
2	-8956
2	-10265
2	-6480
1	-5512
1	3602
1	4218
2	-5388
1	-7851
2	-3871
1	-16489
2	5128
2	-4817
2	-5243
1	-1941
1	5260
2	-2771
1	-6125
1	-3208
1	6569
1	3707
1	-6358
3	-874
2	-17029
1	-11938
1	4550
1	-6084
1	9512
2	7241
1	1976
1	-3171
1	3263
2	4156
1	26720
2	-8914
3	-10612
1	-5979
1	9561
1	3478
2	2076
3	-6803
1	-2576
1	-8004
1	-7972
1	-1958
2	16673
1	-3746
2	-9731
1	8886
1	-8217
2	-12465
2	21984
2	3480
1	14673
2	-4930
1	-5696
1	591
1	-12551
1	-10951
2	-7030
2	-5073
2	-1955
2	-13822
2	-5528
1	-5149
1	-7309
3	-11422
1	-4304
1	-15445
3	-3789
1	-408
3	8404
1	-3040
2	-625
2	-1818
1	22294
2	-17088
1	17801
2	751
2	-6103
2	-4852
2	2687
2	-9647
2	-3806
1	-1277
2	451
2	2809
3	-9597
3	3906
2	-3215
1	-14459
1	505
2	-12824
1	27577
1	-3144
2	12437
2	4363
1	-8171
1	-4123
3	-2886
2	7142
1	868
2	-6694
2	-11379
2	17845
1	-10548
1	-8586
1	4438
1	-11653
1	4565
2	-7560
2	-2505
2	1617
2	-8685
3	-12345
1	6133
2	-1256
1	-9960
3	24882
3	-3382
1	15900
1	-935
3	20977
1	-3389
2	6564
1	4703
2	-3875
2	-7829
3	938
1	-4932
3	5126
2	912
1	-4772
2	-11811
3	-4394
2	-3309
2	-11227
2	-11693
1	30291
1	-14261
1	2880
2	-6639
1	18741
2	-3159
3	-11672
1	22163
2	27170
1	12641
1	4780
1	7281
2	-11632
2	1586
2	-8649
2	-726
1	16991
1	17474
1	-465
1	2674
1	-4325
1	-13115
1	9083
1	-3685
1	-4119
2	9955
1	-5761
2	681
2	26970
1	-10859
1	5985
1	4092
1	-8354
2	-3576
1	-372
1	-15016
2	5959
1	-7153
2	1484
1	-11787
2	3600
2	755
1	-1863
1	-4327
1	9223
2	4803
3	4518
2	4029
2	1949
1	993
2	-10724
2	-428
1	5105
2	-11020
1	-5893
2	3579
3	-5258
3	-51
2	14528
1	1488
1	4396
2	15577
2	2420
1	4456
2	-4199
1	418
1	-1056
1	9467
3	-6336
2	30332
3	19571
1	1896
2	5470
1	12512
1	13940
1	17488
3	-4018
3	-5892
1	7107
1	19324
2	9150
1	-7097
1	-10970
1	8803
1	-7484
2	30258
1	-5099
1	7924
1	-13104
1	35101
2	5342
1	17584
1	-14302
2	-334
1	-10274
1	-8073
2	2658
1	5502
1	-5421
1	14428
2	-9737
2	-11480
1	3716
1	365
2	-327
2	5780
2	4534
2	-7262
2	1191
2	-7048
1	-2594
1	-7689
2	-14688
2	2945
2	2564
1	14357
1	-8324
1	-15226
2	6280
1	1452
1	-4925
2	-2228
1	-120
1	-1541
1	99
1	-9100
1	-3486
1	-7156
2	-11073
1	-3480
2	5213
1	-3577
1	-1594
1	3287
1	-9280
3	-4962
2	-9824
1	-10705
1	-939
1	-9780
3	-894
2	-15155
1	2561
1	8783
2	-11000
3	-16629
2	-262
1	-7216
1	-6607
1	25098
1	1836
2	-8099
2	4620
3	-6895
1	1243
2	-5614
1	4554
2	-813
2	-8340
1	-14634
1	2347
2	-2187
1	-8414
1	-8984
2	-13788
1	14201
2	-11227
1	5221
1	-10062
2	2865
2	-12833
1	-4840
3	5991
1	11592
1	-4950
2	-4712
1	-12411
3	614
2	-13058
1	-6407
1	-7405
1	-12471
1	-8710
1	2310
2	-9058
3	7255
1	-6085
1	-870
1	3973
1	19129
2	-4051
2	-10677
2	3257
2	-5465
2	2805
1	-11738
1	-9770
2	6315
2	-5146
1	-7775
1	-8476
1	-1286
1	1691
3	12113
1	7062
3	5007
1	1500
1	-4765
1	6100
2	-257
1	27181
3	-10128
1	14084
3	-4745
1	-5269
2	4279
1	7012
1	4651
2	27789
2	-4269
2	8419
2	1291
1	2172
2	-8194
2	-4061
1	23388
3	8061
2	-792
1	3212
2	16495
1	2173
2	-13829
1	-8554
1	-7870
2	5907
1	374
1	-7170
1	4502
2	3183
2	-2113
2	12043
1	-5248
1	29312
2	-11653
2	-3785
1	-6779
2	-89
2	-11344
1	-5956
1	4577
1	-11666
2	5647
3	2398
3	33303
2	23918
2	-10267
1	-460
2	-14432
2	6523
1	5092
1	269
1	3204
2	2108
1	-1423
1	-6466
1	2960
3	-2649
1	-2520
1	-388
2	-5460
2	6694
1	4387
2	3615
1	4846
1	-7506
2	5184
1	5262
2	-12297
2	23382
2	2056
2	10204
1	1473
1	-12998
1	-10445
1	-8576
1	10265
1	-6297
1	3318
3	4110
2	2662
1	-11330
3	-5592
3	-9937
2	10124
2	-7738
2	-6571
2	28888
1	613
1	-745
1	-1868
2	12035
1	-11742
1	-761
2	-13402
2	-11057
2	-2496
1	19747
1	-9549
1	-9221
2	1053
2	8931
1	-13912
1	-748
3	1054
3	-2241
1	-8671
2	-460
1	-2275
1	18206
2	6181
2	24495
1	-10558
1	21085
1	4150
1	823
1	-6992
1	32596
1	19035
3	-696
1	2816
1	-6868
1	16
2	-7476
2	877
1	-5483
3	17354
2	-8134
2	-11668
1	-9551
3	15265
2	-512
2	-777
1	10547
2	-5174
2	2284
2	10953
1	-1310
1	11133
1	28275
1	-11233
1	20154
1	-13255
2	6087
2	-3395
1	1728
1	20455
2	-12108
2	18015
1	666
2	2687
2	-6064
2	22779
2	-9887
2	6849
2	-5304
2	-2820
1	-6675
3	-4653
2	-7827
2	-14436
1	4200
1	-13552
2	-6324
2	-6046
3	-5895
1	-8363
3	-14611
1	20321
2	26611
1	32956
2	-915
1	22602
2	-2946
1	14625
3	3259
2	16529
3	-1217
2	-9800
2	24456
2	163
2	5949
2	-7101
2	-838
1	42
1	-219
1	-1894
1	-4751
1	-8066
2	18
2	23391
2	-4017
1	160
2	8752
1	11373
1	-902
1	-1089
1	14508
1	3845
2	8225
1	31033
2	-5052
1	-14507
3	-7857
1	-4320
2	-6330
2	-7976
2	-13216
1	24447
2	5883
2	-2980
1	-4595
3	-6931
2	-9366
2	-11925
3	24391
2	-5517
2	-607
2	5769
3	-10639
2	-9448
3	736
2	2700
1	-8273
2	4045
1	-9251
1	-377
2	-2923
1	2777
1	-6776
3	-3751
2	-8769
2	300
2	3930
1	14048
1	4689
2	-10921
2	-13126
1	2806
1	4059
2	24391
1	-9882
1	-4806
1	-7238
1	-2233
1	11029
2	-4451
2	6401
1	921
1	-819
1	2926
1	3159
2	-1549
2	-7256
1	-5086
2	-5635
1	-1943
1	1233
2	-6831
2	6184
1	1746
2	1417
2	-12117
2	-3815
2	-3790
1	-5754
2	-11312
2	-16895
2	24462
1	643
2	-803
1	9554
2	8243
1	-2373
1	6780
1	-12854
2	-3499
2	5995
2	23803
1	1241
2	4974
1	-3679
1	-4881
2	454
1	-4506
1	30397
1	-8420
1	-5177
2	-3764
1	-12253
2	7482
1	-1693
1	-7052
2	1609
2	-2214
2	3438
3	-10609
2	-5473
2	-5471
1	-12012
2	-2111
1	-10480
2	464
2	-2803
2	2146
1	1292
1	1999
1	-7492
1	-12764
2	-15830
1	33425
2	-10728
2	-13756
2	31476
1	-14183
1	-6953
2	-3407
2	5584
2	-2092
1	-5003
2	6165
2	-1465
2	6636
1	3436
1	4760
3	-1487
1	-8813
1	4868
2	-9518
2	-15729
1	8229
3	31411
1	-5698
2	-9147
2	-7500
2	1655
2	-1090
2	14642
3	-4246
2	-3775
2	2644
2	7273
1	368
2	-10604
1	3150
2	9554
1	-2963
2	-2590
1	-7858
2	-661
1	-10271
2	9523
2	-1239
1	-2046
1	-7620
2	1325
2	1788
3	4876
1	24019
2	27455
2	10530
2	6566
1	-1444
2	4020
1	4787
1	-6102
1	20427
2	3592
1	28099
1	3581
1	-8850
2	-10792
1	-13900
1	-112
2	-7944
2	-14540
3	-4212
2	1756
2	-12682
2	-5200
1	23131
1	5651
2	5678
1	8583
2	8388
1	-8483
1	14531
1	1816
2	16538
1	-6527
2	-3608
2	7239
1	5539
1	-13648
1	16281
1	17400
2	-7997
1	-2504
1	-3226
2	27656
2	4732
2	-12607
3	-6641
1	13466
2	-16068
2	-7920
2	-11599
2	-9939
1	-9284
1	-8487
2	2013
3	-9664
2	16459
1	640
1	-875
2	13474
3	6522
2	-1531
3	-11224
1	5738
2	13044
1	-158
1	11653
1	21291
2	-14318
2	-8479
1	-10348
2	-5163
2	5338
1	-5694
2	28542
2	14864
1	-6072
2	13311
2	-1078
1	-6185
1	-4673
2	4837
1	14976
2	6380
2	-1249
2	-7472
1	6102
2	-6804
1	11365
2	-1648
1	-5400
1	-6225
1	-8543
2	-4749
1	3378
1	-10167
2	35
2	5293
1	-2351
1	-5187
1	1508
2	26802
2	-1570
1	2266
1	-3816
2	22424
1	-10777
1	-1486
1	-7441
1	-7399
2	-1119
1	-8462
1	2797
2	27338
2	-1485
2	5105
2	7033
1	5838
1	-7887
2	26679
2	-5615
1	-3536
3	-1841
1	27977
1	-7574
1	6908
1	11
2	3528
2	-9294
1	-3231
2	2391
2	1263
3	-1184
3	23031
1	-2700
3	-5565
2	-5606
2	-2012
1	-95
3	-7719
1	-1832
2	-3772
1	-10070
2	-8339
3	-5794
2	-5697
3	3606
2	23821
2	-9393
1	-5877
1	-7435
1	2206
1	9102
2	1586
2	-4035
3	-6038
2	-800
2	-10150
1	-562
2	-12110
3	5039
1	-6087
1	-7267
2	-12337
2	14922
1	9280
2	-327
1	15213
2	2974
3	10038
1	5698
2	-9457
1	-9212
3	-2318
1	-4594
1	-2562
1	28997
3	-892
2	29855
2	30402
1	-7219
2	-8842
2	-9151
1	15534
2	-11576
1	5658
1	-684
1	27416
1	-9766
2	-4733
2	-10813
1	5161
1	7169
2	-2865
1	-2912
2	16012
2	65
1	-1893
1	-8378
1	8489
1	-13197
3	24053
2	-3585
3	5688
2	5474
1	-8311
1	-156
2	-14905
2	-5104
2	-8549
1	16192
2	-11242
2	-3948
1	-1814
2	-11080
1	-2947
1	2296
1	-5856
2	2479
2	-4751
2	-12412
1	-1837
2	-2290
1	1035
2	-7842
1	-2384
1	-7244
1	4101
1	-12429
2	-13451
1	-16266
1	2133
2	-4512
1	26332
1	8449
1	-11384
1	-40
3	-3162
1	9154
1	-10705
2	-6714
2	4149
2	-10641
2	-2807
2	-10025
2	-2584
1	14036
2	11883
2	-10115
1	14065
1	50
2	-3450
2	-2719
1	-7139
2	2537
1	21308
2	1350
1	7684
1	5154
2	733
2	2254
2	-14051
2	24188
2	15350
2	7346
2	-8168
1	2019
2	5484
2	28484
1	3965
3	-207
1	-5049
1	-7270
1	-15797
2	1941
1	51
2	-9733
2	-14171
3	-10517
1	4109
1	-8360
2	-7636
2	2729
1	-5934
1	1119
1	-4396
1	816
1	23928
3	7071
3	-7396
2	-5934
3	18195
1	-2081
2	-7188
1	-11925
1	4485
1	-6308
1	-11571
1	617
2	-4212
1	1638
3	5352
1	-10545
1	-11727
2	-11592
1	-4210
2	-5804
2	-2622
2	32479
3	-8569
3	3130
1	-9309
2	-5977
2	27092
1	-4238
1	-4076
2	7126
1	1091
3	-7282
2	-861
1	-6418
1	-5411
1	-7129
2	-13195
1	-1647
2	-6616
1	24476
3	-7199
1	5607
1	-5970
1	8608
2	-10595
2	11823
1	494
2	2827
1	-8014
1	-8198
1	672
1	8143
2	12753
2	-8779
1	-8883
1	-4398
1	7115
2	1644
3	-2812
2	1917
2	-3180
2	-3372
2	-9168
1	-3996
2	8830
2	-3561
1	14782
1	-4109
2	5797
2	1616
2	-10001
2	2084
2	-11306
3	-7153
2	214
2	-7454
2	-11466
3	-7929
1	-7154
1	-9743
2	-8137
2	16004
1	-7050
2	26300
1	6724
1	7656
2	35133
1	-4822
2	-8896
1	-10265
1	3400
2	2585
3	5107
2	1412
1	-11178
3	20671
2	-9165
1	-4260
3	-4160
2	8497
3	12051
2	-10373
2	-11096
2	3833
2	2489
1	147
2	-8749
3	-437
2	999
1	-8518
2	5210
2	-9237
1	18302
2	-5516
2	2146
1	2315
2	3218
1	-417
1	-1415
2	1139
1	-1225
1	9735
1	-9343
2	6191
1	14283
2	-7929
1	26215
1	29954
2	-463
2	-907
2	-3908
2	-4632
2	-12016
1	176
2	-10982
2	-15500
2	-2247
1	-11032
1	-4861
1	15972
1	22913
1	23486
3	4173
3	-8953
1	2226
2	-8605
1	15544
2	3042
2	-5177
1	4020
2	7853
2	941
2	2965
2	10084
1	-5886
2	4532
2	-2310
1	-9188
1	-7170
2	870
1	-10494
2	1812
1	-83
2	1294
1	7415
2	-11785
3	895
1	-6584
2	7024
1	-6243
1	13033
1	-1985
2	2855
2	-3747
1	3222
3	-12903
1	-11912
2	10485
2	-13429
1	8344
2	-8975
2	22551
1	131
2	-8568
2	-5184
2	-14315
2	-983
2	-3145
2	14260
1	1071
2	-780
1	24718
2	-3564
2	-11306
1	805
1	1282
1	1980
1	-595
2	-4758
2	5601
1	3389
1	-7025
3	-8315
2	-4243
2	-8199
1	18504
2	-8065
2	4032
2	-8061
2	6436
1	-6104
2	-5781
3	2301
2	-1882
2	2347
2	-1062
1	5609
2	1495
2	-5645
2	-1291
2	905
2	10247
2	11054
1	27835
1	23496
3	-12669
2	-3768
1	-9029
2	-6589
2	2248
1	2041
1	186
1	6030
2	6028
2	-11120
3	-11273
2	1664
2	6283
1	-7110
3	5181
1	-8649
1	6640
2	-5000
1	-3441
1	-3509
2	4661
1	652
3	-6023
1	2157
1	-1865
1	29486
2	-11464
1	1776
2	15037
1	-696
1	10805
1	-6796
1	-6274
1	-2286
1	17108
2	-4641
2	-2612
2	-6359
2	-2711
2	-6995
2	-9497
2	-6485
1	-5440
2	-11684
1	2691
1	-3343
1	-5734
2	-2147
2	16578
1	-8943
1	-1210
2	-5937
2	-565
2	-4753
2	-8269
2	-11066
1	-9407
1	-12234
1	7743
3	-6934
2	-2413
1	-4071
1	-3692
1	912
1	-8142
3	730
2	-3795
2	15289
1	-8406
2	13342
1	3453
2	-7602
3	-2187
1	-4707
3	-9847
2	-9301
1	11463
2	1975
1	-1266
1	-11431
1	-12172
3	1680
3	19727
2	-10693
2	-12402
1	10815
1	-9407
1	4697
2	7069
1	1800
1	4683
3	-13378
2	6355
2	2294
1	11401
2	5986
1	4645
2	4850
2	-5148
2	1990
1	-3825
2	1456
1	-1600
2	-3168
3	-3710
2	26672
1	1178
1	-11531
1	7843
2	-17454
1	11068
1	-9958
2	-16197
2	-9722
1	7628
2	-6063
2	23953
2	-4796
1	-11471
2	-10705
2	1390
2	20301
1	16474
2	4443
1	-6806
1	-10200
2	-3878
2	-3021
2	62
2	-9685
2	-7180
1	-5181
3	24730
1	12717
3	2076
1	6590
1	-2573
1	5033
1	384
1	-7903
1	-6245
1	6351
3	86
2	2925
1	14009
1	-12919
2	-10266
1	-11840
1	-15616
1	-175
3	-13829
2	-297
2	-2435
1	-7561
2	14133
1	7490
2	-6911
3	3073
1	-13679
2	-10867
1	-2652
2	-675
1	10636
2	15204
3	-257
1	-6541
1	-12008
1	-4056
1	-10876
2	-7098
2	-13752
1	-8071
1	-6389
2	-2770
1	-3160
1	-10456
2	-2332
1	-7515
2	23320
2	-14266
1	877
1	-3296
2	-1869
1	-13808
1	-5309
2	-1109
2	7214
3	-2096
2	-1519
2	6761
1	709
3	-211
2	-16817
2	-3563
1	-2614
3	-2514
1	-1372
3	-7279
1	-3716
1	-291
2	-5409
1	-9652
1	-9540
1	-9794
1	294
2	-254
1	-2624
1	-13343
2	7620
1	5849
2	-8034
2	-9396
1	2792
1	9550
1	-3127
3	-5360
2	7841
2	-12290
1	-6500
1	720
2	-1414
1	-2514
1	3675
1	-11584
2	2532
1	-2000
1	-1650
2	-83
1	-5433
1	-17989
1	1769
3	-8981
1	-10066
1	-477
1	-6123
1	2648
1	7468
1	-8153
1	-1351
1	-3585
1	-221
1	-4227
2	3765
3	9538
1	-11696
2	1242
2	-6430
1	6419
2	-10415
2	-10521
2	4350
2	-9038
3	-2028
1	-918
2	-9494
1	1680
1	-385
1	-8543
1	29445
1	-1843
2	-9018
1	7191
2	5333
2	-5655
3	-8850
1	-13205
1	16641
3	-6256
2	-13289
1	-3165
2	-2565
2	-1284
2	6864
1	18555
2	1594
1	-12414
1	-2992
1	-4873
2	-1684
1	9171
1	-7790
2	-14093
2	-1245
2	-10308
2	-9813
1	30729
1	-2004
1	7942
2	-3595
1	4842
2	-8926
1	-9736
2	23848
2	8436
1	8816
1	-11299
1	1422
2	-4086
3	-8968
1	-5124
1	-9405
1	1134
1	-8596
1	-1774
2	2939
2	-12613
2	29474
1	-1091
2	6650
2	-1203
2	-6465
2	757
2	-12463
2	-4540
2	4120
1	-6620
2	2571
2	-2874
2	-3592
1	-10237
1	2852
3	-7406
1	-4005
2	3862
1	11581
1	-4079
1	7836
1	11913
1	24991
3	-11438
2	16713
2	-1886
1	3730
2	-2900
1	21592
1	1889
1	22376
1	7253
2	4512
1	18071
1	27879
1	-1709
1	-7103
1	932
1	-720
2	14
1	8237
2	788
1	-723
1	-10714
1	-9434
1	-9265
3	-7425
2	25145
2	-11360
2	-10935
3	-7534
2	31029
1	-2716
2	-714
1	8412
1	-4254
1	3430
2	-9545
2	-10043
1	7671
1	17049
2	-6513
1	-393
2	-635
1	16793
1	-1485
1	12098
1	8774
2	6658
1	-3647
1	10395
2	-9676
2	2844
1	16292
1	3952
2	4667
1	5628
1	812
2	10163
1	-798
2	-10451
3	-4209
2	1312
1	-3646
2	-11690
1	14230
1	-5359
2	-6292
1	2436
1	-10897
2	-8168
1	-4293
2	-1053
1	-7033
1	-3153
1	-3447
1	1499
1	-7119
1	-1003
2	-8274
2	2756
1	8568
2	4975
1	-4169
3	6630
1	-11874
2	-845
2	5355
2	252
1	-12962
2	33495
2	-7531
2	-11589
2	1395
1	-3295
1	2883
1	13959
1	-2662
1	5314
2	9526
2	14006
1	-10523
2	4920
2	-12787
2	-5920
3	1411
1	-8180
2	-7470
2	-12265
2	-11365
2	-4814
1	4089
1	582
2	576
2	2831
2	12488
2	-12133
1	-8824
2	-797
1	2501
1	-8409
1	-5876
3	-5319
2	4003
1	-3555
2	3287
1	8020
1	5916
1	21889
1	-12102
2	8380
2	-8653
1	5567
2	6164
2	5956
1	-12728
2	4598
2	2838
1	5990
2	21439
1	26525
2	-10401
2	-17412
1	31929
2	-6229
2	1706
1	-13948
2	1785
2	7318
1	-10615
2	8002
1	-12278
1	977
2	261
1	-1850
2	4881
2	11103
1	16084
2	-9813
1	-11225
1	12706
2	-8738
2	-4549
1	-4287
2	-14755
2	-2333
1	3584
1	-7649
1	-7344
1	-3486
2	-254
3	2324
2	1218
1	30287
3	6956
1	1333
1	19251
1	16030
2	3643
2	-660
1	-7743
2	-8342
3	-5748
2	-1227
2	-15323
1	21666
2	-9517
2	593
2	1084
1	-4804
1	3517
2	-526
2	-12423
2	-13540
1	898
2	-13625
1	-7223
3	-5121
1	710
3	-1131
1	2387
1	-7763
1	3431
1	-1804
1	4212
2	-4148
2	-1824
2	20054
3	6241
3	4528
1	-6133
1	-10755
1	1828
2	-1280
2	-9778
3	-5646
1	-709
2	-10122
1	-7023
1	-12952
2	-6521
2	19483
1	1986
1	-410
2	10757
2	-14830
2	-9130
1	-968
2	-7690
2	-5478
2	-2726
2	11645
3	6558
3	8059
1	13269
2	30862
2	-7009
2	-4434
2	1441
2	-2968
1	-6022
2	-2086
1	772
2	-3401
3	-7791
2	-2742
1	7418
1	4833
3	-4549
1	-6326
3	-12708
1	5112
2	-10687
3	26726
1	-14252
2	2914
2	-8318
3	13659
2	-13240
1	-3484
2	5328
2	-13971
2	4499
1	-1473
2	-973
1	2509
1	2989
2	-12071
2	-2277
2	-8094
2	12031
1	1369
1	-11843
2	-2743
2	1034
1	539
1	-11603
2	-9648
1	-2070
1	24121
2	8584
1	14275
2	-9514
1	-4249
2	10368
2	-13735
1	29138
2	19540
1	-6356
1	6276
1	18848
2	-5252
1	6720
1	9952
2	8208
2	-6809
2	2970
1	19080
2	-9901
1	-5140
1	-4883
2	11215
2	7508
2	-5657
2	6102
1	-4324
3	-13190
1	1883
1	14923
2	-11820
2	-14777
1	-6585
1	-13005
2	-1106
1	-397
2	6928
2	-3394
2	22368
1	-6069
1	2293
3	5002
2	-6696
3	4195
2	-2757
2	-9631
1	-4614
1	-3570
1	-2330
3	-331
1	-1936
1	-223
2	-5039
3	-10706
1	21486
1	7495
2	17907
2	-5172
1	8926
2	6198
2	-7545
1	-616
2	-8671
2	-6714
2	4317
2	19038
2	4639
1	-4785
1	-15106
1	-4330
2	-2020
1	-6463
1	-10329
1	-7109
2	-9155
2	-9625
1	-7290
2	-12842
1	-10656
2	-4793
2	-8098
2	14938
2	3845
2	-1576
2	5276
2	-8764
1	-17593
2	3701
2	-508
1	-11801
1	-1633
1	5564
1	-11811
2	-8957
3	-2585
2	1723
2	1971
1	10495
1	7120
1	-4078
1	-6227
2	-10093
2	30369
2	-10140
1	-6021
2	9837
1	7868
2	718
1	-7501
2	628
1	11327
2	-2546
1	12353
2	-7471
2	10263
1	1115
3	-1143
1	5988
2	6140
3	6585
2	3424
2	278
1	3631
2	5978
1	3358
2	1219
1	19900
2	4160
2	-4214
1	-6616
2	-2122
1	-4733
3	-11255
2	-11058
2	20584
2	27536
2	2446
2	-2187
2	17216
2	-9112
2	2426
1	18512
2	-9724
1	5007
2	-6983
1	-6813
2	-11621
1	-6068
2	188
2	11755
1	-5826
2	-280
2	-6234
1	3477
1	4168
2	-701
2	-1342
2	813
1	9804
2	-9449
1	-968
1	9614
1	-5139
2	-11065
2	-2048
3	-6286
1	-735
1	6689
2	-13630
2	30607
2	-4961
2	-7608
1	-8097
1	14419
1	6095
1	2726
1	-1750
2	-1382
2	-3777
1	-7434
2	33924
2	-9863
1	-6246
1	-9625
2	6176
1	-7961
1	14658
1	-17911
1	-8985
1	-287
2	-5050
1	-3503
1	3347
2	458
1	-8983
1	1499
1	16535
2	16168
1	-5739
1	13728
1	10089
1	-11634
2	-7517
1	-10562
2	-1644
2	11824
1	-10710
2	3289
1	12285
2	-5859
2	-7013
2	7507
3	-10377
1	4200
1	-4022
1	-14024
2	835
2	3003
1	875
2	7815
2	-9426
3	-6569
2	-5311
1	18804
2	22419
3	1320
1	106
2	-2915
2	-3759
2	-10585
1	-15485
1	9141
2	4441
2	4948
2	-7796
1	-10267
1	-4077
1	-10038
2	-12322
1	1378
2	-4643
1	-14948
1	19263
1	-5352
1	-3024
2	4016
2	-4713
1	-2861
2	-5668
1	2107
3	24267
2	33825
2	1851
2	-3544
1	-10145
1	8828
1	-6025
3	-1609
1	-9065
1	-12157
2	-3532
1	-3484
1	21327
1	-9631
2	11410
2	-7555
2	6412
1	-6804
1	-6014
1	-6278
3	-11182
2	-8836
2	5100
1	-6141
2	-7608
1	3902
2	-3038
1	796
1	-628
2	24210
1	1400
1	23442
1	-8272
1	10981
1	-3132
1	242
2	-7780
1	1751
3	-13156
3	1012
2	15138
1	-2724
2	46
3	3881
1	-3231
1	-6732
2	-12916
1	2414
2	-1723
2	-8554
2	-15682
1	-319
2	-6233
2	1293
2	-965
1	-3232
2	-1518
1	-8967
1	-7297
1	-6004
2	-11713
1	-4525
1	-2403
1	-3388
1	-6996
1	-3800
1	-4982
2	-8335
1	-5475
2	5833
1	-5682
1	19859
2	-7812
2	-6356
1	13451
2	13260
2	9879
1	3197
1	8640
2	-9454
1	-1922
2	2936
2	4371
1	12177
3	-14046
2	-8464
2	-6119
2	26431
1	-674
2	-2370
3	-10966
2	-9958
1	-7607
2	16429
2	3687
1	-9599
1	27401
2	3526
3	-7146
2	-7592
2	2906
2	-5170
2	-248
2	-2293
1	5908
2	33
1	-5417
2	2613
1	16910
2	-2838
1	-5157
2	7232
2	11034
2	7072
1	-3320
3	6495
2	-7892
3	-9517
2	1061
2	13349
1	30845
2	5633
1	13357
3	7739
2	-10767
1	-5737
1	-6596
2	-3033
2	6321
3	-7071
2	1912
1	-9223
1	-8458
2	10401
1	29361
3	1569
2	-4364
2	2483
1	-12461
1	6122
1	4464
2	7183
2	-1602
3	-4404
1	-2227
3	30145
1	-7852
1	-11463
1	-5985
2	5429
1	-228
2	-7074
1	-11731
2	-9581
2	12022
1	7240
1	-1817
1	-4943
3	-2052
2	-1166
2	6438
2	7860
1	-9895
2	-12004
1	5209
2	-9317
2	5499
2	1597
2	27332
2	9044
2	-1387
2	-18208
1	-4947
2	13947
1	-12318
1	-4987
2	-4379
1	4284
2	-11893
1	2468
2	2243
2	21004
1	15660
1	31246
1	-5631
1	5871
2	-8666
1	31117
1	-6317
1	-3848
1	10803
2	6089
2	-11113
3	29927
2	24738
1	-6775
2	-5706
1	-9403
1	20111
1	-14772
1	-1624
1	-3511
1	6120
2	6035
1	-5823
1	-1183
1	8800
1	-15183
3	-3414
2	-2674
1	-5875
2	15246
1	2435
2	543
1	-4957
2	-9944
1	198
1	-12760
1	-7727
2	2130
2	-6229
2	18446
1	-8901
3	-434
1	6771
3	-3810
1	-5953
2	12297
2	-1198
2	-5673
2	-10110
1	-6417
2	-10690
1	-6515
2	-4568
1	-1227
3	6239
2	1642
3	-4400
2	3802
2	-11414
2	-3481
1	-8187
2	3400
2	3608
1	7851
3	4887
2	-12506
1	-5386
3	3300
2	3979
1	-5340
2	12012
1	-8706
1	-5538
1	-5894
1	10667
1	-5581
2	-10166
1	-1312
3	11340
1	-4636
3	-1240
2	5158
2	-11787
2	-11190
3	-5308
1	-944
1	1644
2	-236
1	19806
1	-10270
3	19971
2	-4364
3	-1688
1	-5459
1	-4493
1	-4398
2	-2972
1	3099
2	-2580
1	-12545
1	-8551
1	2084
1	3105
2	9633
1	6647
2	-11037
1	8156
2	-11461
2	411
1	-2607
1	1412
1	6677
1	26599
1	-12889
1	4178
1	-1955
1	-11449
2	-15400
3	-8959
1	-9481
1	21483
2	12192
2	4278
1	-5844
2	-1675
1	15366
2	-1253
1	11519
2	-2631
1	-4771
1	-1990
2	-10602
2	2051
3	-3798
1	-8954
1	-9923
2	1628
2	-13877
3	-2202
1	1001
2	-3616
2	-1627
1	-4374
2	-7829
2	-2437
1	-4056
2	3638
1	1913
2	-5778
1	-12937
1	-6652
3	-8865
1	-4736
1	-6611
2	-15272
1	2038
2	-9102
2	17791
1	10224
1	-7324
2	-7746
3	-12398
2	-5754
2	3586
2	7367
1	-13500
1	2434
2	-8331
3	1889
1	27485
1	14823
2	-1522
2	-10168
2	12300
2	-8389
1	-8767
2	-4001
1	-10470
1	4071
2	-8025
2	-14008
1	-1384
1	-2881
2	10503
2	10295
2	11854
2	3391
1	-3563
2	-9334
1	-10806
1	20200
2	-856
2	2005
1	-11207
3	2221
2	-6679
2	-13220
2	5675
2	10117
1	7317
1	-10186
1	2602
1	14242
3	-7758
1	3820
1	-11185
2	7688
2	-6848
3	25531
2	10635
1	8620
1	-12100
1	16370
2	-724
1	-7230
1	-6227
1	-9290
1	-3680
1	5405
2	2842
2	-4310
1	-9316
2	16119
2	-13561
1	-8128
2	-4722
1	-4692
2	6550
2	-6131
2	-5570
2	9535
2	-10589
2	-209
2	27777
2	-3478
1	-8945
2	-14111
2	-7630
1	14840
2	-15065
1	-1730
1	-7780
2	-2258
1	-10546
2	4513
1	156
1	-2599
3	-3241
1	10714
3	21112
2	6495
3	23389
2	5186
1	1293
1	-6121
2	4785
1	-8930
2	-807
2	-10484
1	-15203
2	1282
2	-5088
2	1157
1	-9224
1	-7053
2	8541
1	-3517
1	13284
1	255
2	-1572
1	-11840
2	-10589
2	3435
2	1505
2	-3580
1	2368
2	-12594
2	18568
2	311
2	-11609
1	23630
1	2284
2	27717
3	-1726
3	-4222
1	29590
2	-9037
1	-1295
1	-10487
3	25306
1	5610
2	32508
1	2894
1	7209
1	-12249
1	1875
2	10249
1	-4720
2	6309
1	-4890
2	26376
2	-3058
2	14192
2	-7391
1	9267
2	-7333
1	4011
2	227
1	-9753
1	-3181
1	-12886
1	21859
3	-12194
3	25427
1	-9383
2	2522
3	-4008
1	22505
1	7742
1	387
1	-4709
1	52
2	4836
2	4834
1	-13273
2	4552
2	-9645
1	20538
3	-2102
1	31770
2	-5943
1	25631
1	4755
3	-6426
3	-5873
2	-6102
1	-11085
2	-10736
1	5249
2	21653
3	-13271
1	-9722
1	-14142
2	-891
1	-9481
2	-13685
3	-15525
2	7538
2	-1694
2	-817
2	1888
2	-670
3	-2473
3	25600
1	-7437
1	-6816
2	21935
3	-276
1	14133
1	-13996
2	-3725
2	-547
2	2853
1	7861
2	17633
2	6251
2	729
1	-13232
2	-5615
2	2631
1	1317
2	4374
2	9953
2	-6881
1	7036
1	-3117
1	-3615
1	8351
1	6247
2	-6632
2	-1035
1	-13051
1	-3768
2	25633
2	-1469
1	-586
1	-13301
2	5510
2	-2399
2	3278
1	-6009
2	-5303
2	-9949
2	-4387
1	18116
1	-1586
1	5525
3	-3320
1	-7898
1	-6497
2	5791
2	8430
1	-1312
2	5708
2	6063
1	2302
1	2426
3	-492
1	-6670
1	5620
1	4278
2	-4706
2	-2701
1	3877
2	14156
1	7665
2	-2616
1	-10439
1	-2024
1	-6969
2	-1162
1	-8628
1	-12436
1	15178
3	18450
1	15501
1	-2497
3	-11447
2	-12644
1	-1588
1	1204
1	1679
2	3794
1	-9988
3	4952
1	1640
3	-5156
1	7262
2	-7772
1	-4792
3	-4119
3	-11600
1	-5452
1	-8710
2	675
1	-8861
2	-6435
2	394
2	4258
2	-3098
2	15583
2	-10208
2	7192
1	2947
1	-5978
3	1956
1	-4170
3	-11708
1	-6362
2	6838
1	-10492
2	574
3	-3375
2	-9843
3	10766
1	4634
2	1471
2	31725
2	-5449
2	-3661
2	2489
2	-9233
1	4530
2	-464
3	7389
3	-8116
2	-7480
3	-10467
1	8326
1	16217
1	666
1	-16
2	-998
1	1702
1	-10617
2	-1603
1	4520
2	-13724
1	-9048
1	10663
1	-10115
2	-3525
1	-12658
2	-1274
2	-8106
1	6074
2	-9149
2	-420
1	19809
2	-9090
3	-14977
2	3434
1	-14051
1	-4546
2	16163
3	-9096
1	-2189
1	5461
2	-3248
2	5107
1	-6027
2	5729
1	-11615
1	5063
1	-212
2	16229
2	-4027
2	-7605
3	13080
1	3568
2	-9073
2	24600
1	-4625
2	24404
1	6044
2	2806
1	-866
2	4136
2	-3991
1	-12291
2	-4503
2	-9019
2	-7327
2	3250
2	2639
1	16849
2	-3248
1	447
1	-5107
1	10621
2	-10918
2	-10202
1	-12297
2	13785
2	-1463
2	-10294
1	-698
2	-11890
1	1669
1	-4988
2	5548
1	3387
2	-8066
1	10112
2	19452
2	-5708
1	8678
2	-1013
1	32
2	19937
2	13441
2	26819
3	-3998
1	-8801
2	-2828
2	3941
2	8062
2	1588
1	-8592
2	-4943
2	32591
1	-4670
1	11871
2	3626
1	-4834
1	19108
1	24733
1	-10023
2	29789
1	373
2	5100
2	5933
2	4110
1	-11069
2	3110
3	4503
1	-13821
1	22906
2	-13390
2	2794
1	7725
2	-7985
2	-15180
1	-8795
3	17965
2	1455
2	22817
1	7501
1	3965
1	-14151
1	-10927
1	422
1	7578
1	-2399
2	-4396
2	-10128
1	-10900
1	-12120
2	-11243
1	-9377
1	-10576
1	5823
2	-5959
2	3741
2	-10897
2	6090
2	-1747
1	12363
2	6822
1	-15712
1	21088
1	7020
2	-4076
2	-12541
1	-504
2	-7259
3	9493
1	4571
1	23106
1	2949
1	-8348
1	-8095
1	-9455
1	10213
1	-7027
2	-9815
3	34166
1	5290
3	566
3	-15174
2	14582
1	-15707
1	2400
1	-2296
2	23538
3	3206
1	4991
2	-359
2	-13684
1	15588
1	-2859
1	-477
3	-1967
1	-5062
2	-9571
1	24105
2	-3126
2	-11914
1	-5130
1	-7634
1	-7429
1	-7940
2	5646
2	12161
2	-3452
2	-2775
2	-605
1	6238
1	-12746
1	7258
1	-2189
1	-6955
2	3651
1	8003
3	-2179
2	16371
2	-4595
1	-16439
1	-7638
2	-1252
2	-2784
1	30726
1	-920
2	-10625
2	4793
1	-8465
3	-813
2	-7698
2	-8265
1	-13583
2	-5912
2	1843
1	-10870
1	-789
2	-6647
2	13299
2	3387
2	-1510
2	1393
1	-10088
2	-9239
2	-10441
1	-1362
1	-15072
1	-4552
2	-1360
2	-11057
1	-14920
1	-1174
3	-8739
1	-4707
2	-3940
1	783
3	-1666
2	-7035
2	-1124
2	-5327
2	24545
3	3864
2	-14409
1	-18248
1	-5735
1	-10797
1	-13894
1	-2045
2	1498
3	-4941
2	1202
1	28659
1	-8497
1	9776
2	3681
2	1785
1	-2595
1	-9968
1	-129
1	20264
2	4773
1	-1289
2	-5700
1	-327
2	-14098
2	2436
1	-7882
2	-2566
3	937
1	-10453
1	-7946
1	8920
1	5636
2	2743
2	-12477
2	-254
2	-7816
2	3395
2	-12753
2	30819
2	9481
1	-4740
1	-2170
1	-10658
2	-2996
3	1494
2	-6800
1	6435
2	-463
1	-12365
1	13024
2	-11330
2	12120
1	1954
3	6957
1	-9740
1	-1685
2	9583
2	-6522
3	22155
1	-6834
2	2587
2	-1634
1	-7949
2	1659
2	-7195
1	-10613
1	6121
2	3491
2	-11293
1	-5698
2	-2906
3	-13315
1	-3243
1	-1525
2	-12375
1	2185
1	5476
1	-11561
3	-13881
1	677
2	-10023
1	-1964
2	-10302
3	-13342
1	-5764
2	8525
1	-5020
1	2871
1	-7407
1	-4332
2	-11765
1	815
1	-7807
2	2393
2	-9002
1	123
3	21352
2	2605
1	-9721
3	20701
3	2231
1	-3831
1	612
2	-6184
1	14053
1	10945
1	4319
2	-4665
1	-7396
1	15163
1	3917
1	-1440
1	2574
1	-3717
1	3632
2	9355
2	-10938
2	-9818
2	-86
1	8121
3	6037
1	-8911
1	302
2	-2063
2	2437
3	-3324
2	-6529
1	-7129
2	23618
1	-12123
1	18611
1	-2827
1	-7248
1	-13293
1	6914
3	10063
3	-8251
1	-8000
1	-7005
1	9976
1	-30
2	2163
1	-6592
2	4507
2	-4017
2	3505
2	-12347
1	-4500
3	-10821
1	8938
2	1860
1	-183
3	-4509
1	-6997
1	6185
1	2505
2	6206
1	-10193
2	-5248
1	-3466
2	-11607
2	-6847
1	-14489
2	8923
1	-4681
2	-6240
2	3391
2	-6000
2	14799
2	9286
2	-6864
1	-8239
1	-7204
1	-3278
1	-7713
2	4135
2	-5751
1	-10104
1	11120
2	-8571
2	-12505
2	-820
2	-3008
2	5664
1	1135
1	-1291
2	-10436
1	-9425
2	1546
2	-9957
2	5063
3	617
1	-5044
2	-9902
1	386
1	-9216
1	2043
1	-2346
2	11889
1	-296
1	-8258
3	-2028
1	-1455
2	-9671
2	-3130
1	-12625
1	20858
1	-10654
1	-8604
2	-5665
2	-11822
1	10056
1	1376
2	4912
1	-4900
2	-171
1	-12725
2	-8629
3	-9527
1	-7462
2	4752
1	-11023
1	-2695
2	-11164
1	4142
1	-14389
1	-9378
1	-9473
2	-327
1	-1026
1	-11079
1	21942
1	-1532
1	-3542
2	-11359
1	4423
1	-448
1	3113
2	-7029
3	-1077
2	10962
1	-3359
2	-12423
2	3258
1	-3369
2	821
2	16424
2	149
2	18748
1	-3071
2	8642
1	-2250
2	8844
1	-5681
1	-4602
2	-555
2	-2030
1	-8532
1	8423
2	6351
1	23507
2	-5989
2	-9943
2	4881
2	-11113
2	5301
1	1974
2	-7052
1	-5651
3	1476
1	-13140
1	4899
2	2503
1	-11657
1	20341
2	2090
2	9007
2	2042
1	10746
1	725
1	-14891
1	-2433
1	2445
1	11341
1	8092
1	-8090
2	13111
1	-8080
2	8621
1	-14087
1	-4808
3	-3814
1	1640
1	-4631
2	10039
1	-11832
2	11056
3	-9507
1	-6515
2	9489
3	-4438
2	27743
1	12847
2	-8678
1	32545
1	-13512
1	-769
1	-3545
3	6729
1	-2415
2	-4433
2	-18230
1	-3854
1	-14107
2	1178
1	10404
2	-2584
1	-1262
3	-12706
1	911
2	32524
1	15260
2	5281
1	-9102
1	-9330
2	4763
1	-11512
1	6355
1	-16336
2	2285
1	-6248
3	-2141
2	-832
1	-9602
2	2413
1	2724
2	-14612
1	2154
1	-1350
1	28470
2	8968
1	-2697
1	-4326
1	6389
1	-9499
1	-252
2	20468
1	-8905
2	-3709
1	-7337
1	189
2	13813
1	5497
1	-5337
3	-7493
2	-4134
2	9881
1	-8427
1	-2701
1	935
3	-3857
1	29220
2	-2345
1	28130
3	30038
3	3273
3	-1020
2	2283
2	-3662
1	-2696
2	17937
1	-2521
2	-7412
2	11766
1	-10952
2	33745
2	2437
2	1731
1	-2701
1	-8220
1	-2980
1	-9653
2	-9936
1	-13271
2	-10622
2	21030
1	-10422
1	7270
1	-9109
1	-234
1	23933
2	-2895
2	10692
1	15024
3	1352
1	-6505
1	1467
1	-13122
2	13453
2	-6037
3	3333
2	-5286
1	5195
2	-3440
3	3963
2	14400
2	9696
1	14909
1	-3089
2	1168
1	-7868
1	-571
1	-3067
2	1738
1	-8019
2	-5771
3	-6878
2	-4520
2	25619
1	27815
1	3110
1	7933
1	-5780
1	-2544
3	-9182
2	-8982
1	-7131
1	-4717
1	376
2	5657
3	-9418
2	-3943
1	-9856
3	-5687
2	-4711
1	15995
1	-4186
1	-10663
3	-3745
1	-14199
3	-6688
2	277
2	404
2	10049
1	-6622
2	3750
2	-4168
2	10151
1	5819
1	-14498
2	7354
1	-7588
1	-4600
1	-12594
1	1709
1	20622
2	-986
1	5975
2	6083
1	15985
2	-2938
2	-5214
1	3965
2	6760
1	-163
2	-2374
2	1553
2	1429
2	25159
1	-4621
2	14792
2	29095
1	-9559
3	6342
1	-7151
2	20666
2	-3898
1	-2803
1	-1363
1	-9430
1	7793
3	-202
1	-6515
2	-9543
2	-4585
2	-8092
1	9924
1	-4776
1	-2503
2	-5978
1	-3319
3	4949
1	758
3	3655
2	-7047
1	-4745
1	-9835
1	-7668
2	-13871
1	-4413
3	13399
1	-8430
2	6401
2	-6168
2	-9295
1	9328
1	-2848
1	-8480
1	-7563
1	-9844
1	3283
2	-7428
2	1468
3	7755
1	-10580
2	-12062
2	17837
3	-7796
1	5387
2	4065
2	-10188
1	-6571
1	-7652
1	1717
2	-3690
3	-3711
2	1232
2	7065
2	790
3	7109
1	-503
2	-6313
1	-2024
2	-6066
2	607
2	-775
1	-7136
1	-6985
1	-10570
2	-9173
1	-420
2	-3280
1	4878
2	412
2	-2102
1	-11420
2	31785
3	-7871
1	-4021
1	-9019
2	7170
3	-3288
3	-12704
1	902
2	-17460
2	-505
1	-670
2	-9925
1	-2458
2	-6599
1	-6078
2	5717
1	5463
3	6794
3	9098
1	-296
3	20448
2	1151
1	-14013
1	-9748
2	-5374
2	20762
2	5225
1	-7027
1	6272
2	-13119
1	6731
1	-3203
3	768
2	5894
1	-9529
2	-5108
2	-3415
2	9160
3	-9414
1	-13574
1	-7759
2	-9556
1	8474
1	-7339
1	-3301
2	3296
1	-8214
1	-10933
1	-4705
2	-15411
2	-1115
1	-4919
1	-7766
1	-8415
1	788
2	-1716
1	-2625
2	-5514
1	-13598
1	1965
1	-13787
2	-10024
2	2675
1	919
1	-5385
1	-340
1	7099
1	-10669
2	-7721
1	-5777
2	-8042
2	-2158
2	-3570
2	-3874
2	2418
3	-3438
2	-11127
2	-7330
1	-788
1	22125
2	-8306
2	4770
1	1149
1	-1176
2	-1379
2	-9309
1	-2571
1	2166
3	-4474
2	-694
1	-1423
1	2181
3	399
1	88
2	4418
2	13308
2	4497
3	-1348
1	-5114
2	-6959
1	-448
2	7177
1	-6335
1	2969
3	5307
1	8560
2	-1190
1	-13685
2	2364
1	12009
1	-6602
2	-6405
1	13722
1	-1087
2	13438
1	3168
2	-685
1	14125
2	-3502
1	-9193
1	1063
2	-11662
2	19158
2	256
1	-6582
3	-7741
1	-1954
2	-5561
2	1303
2	3916
1	-1354
3	-4557
2	-14632
2	-9151
2	2621
1	-9061
2	2850
2	6728
2	-1425
3	-8530
3	4640
2	-583
3	4334
1	-4066
3	-11850
2	16300
1	7037
1	1828
1	11738
1	-2951
2	-3212
2	3975
1	-2426
1	-14190
1	-3733
1	5388
1	-7662
1	11956
1	6088
1	-13770
1	-4972
2	8958
2	-4063
2	-81
1	23082
1	-9323
1	-639
2	-3475
3	542
2	-9190
1	-5472
2	-11942
2	30862
3	10069
2	-4677
2	11214
1	-14328
1	-1214
3	-9182
2	-6662
2	-11406
2	-2770
2	6144
1	-12251
3	1021
2	-8524
2	17099
1	14822
3	-491
2	-1481
2	27194
2	-4189
1	-2386
2	-5753
3	-5336
1	-2592
2	828
1	-4680
1	-6792
2	16017
2	-7577
1	-2274
1	1693
3	3719
2	-13344
1	26925
2	13855
2	11058
2	26009
1	-4258
2	-7517
1	-1184
3	-357
2	-7503
2	-6661
2	8309
1	-7612
2	-14748
2	9237
2	-4637
1	-11576
2	6074
1	3116
1	-6092
2	-12143
2	-9074
1	-10861
2	10953
1	4117
2	-7240
1	-4896
2	-848
3	-3356
2	-4269
1	-4882
2	2261
2	-3817
2	-13952
2	-5478
2	4256
2	-11496
2	-10890
2	-6245
1	-15027
1	26431
2	-14591
1	-7835
1	-12300
1	1944
2	-998
1	-1749
2	-1091
3	-1560
2	-4238
2	3671
2	-11758
2	-15422
1	-3843
2	-247
2	897
3	-13811
2	-17677
1	-14953
2	3076
1	-4943
2	-4584
2	-4395
2	-2795
1	-5223
1	1855
1	-12684
2	-5009
2	-4915
1	-7687
1	-8361
2	6894
2	28487
2	-6610
1	-837
2	-2233
2	-5280
2	-11914
1	11906
1	-7611
1	310
1	-1277
3	-14162
1	4554
2	16635
1	-13909
1	869
3	4443
1	-8336
1	-9600
2	24629
3	19370
2	2428
2	30843
1	947
2	303
2	-6567
1	-5493
1	-12872
2	-3716
1	27170
2	-6424
1	-52
1	3525
2	-14107
3	-2759
2	-7432
2	5429
1	-11184
2	-7610
2	1281
2	-5207
2	-8144
1	-12194
2	-5870
1	9711
1	5897
1	-7047
1	-7080
2	8370
1	1645
2	33321
2	-12325
1	8516
1	840
2	1687
3	-11003
2	-9155
3	21622
2	-2404
2	13121
1	16184
3	-11588
1	-7158
1	9927
3	3850
2	-2259
2	-9364
1	-3140
1	218
2	-2600
2	-4011
2	11153
2	8465
1	6874
3	-2111
2	-1684
1	5059
2	-2232
1	9022
1	-3279
2	-5385
1	-3821
1	2092
2	-9773
2	10861
2	-8084
2	-9471
1	6141
1	13792
1	318
1	1141
2	7228
1	-587
2	8478
1	-6730
2	-9027
2	-11527
2	-3083
1	-10614
2	4713
2	11324
1	-694
1	22263
2	3734
1	-10576
1	6337
1	-5650
2	-5744
2	-3741
2	-6476
2	3080
1	900
2	-11051
2	-294
2	4803
1	26672
2	4037
1	16693
1	-5738
3	-146
2	3793
2	817
1	-2597
1	-8568
2	-2823
2	3625
2	-8069
2	883
2	10027
1	-3322
1	1600
2	1545
2	-14013
3	48
2	-5683
1	-2166
3	28637
1	5554
1	6915
3	-4822
1	-7459
1	-6396
2	33695
3	-10863
1	35095
2	-10899
1	-10325
2	14015
1	-6754
1	-12549
1	-3980
2	-7823
3	1809
1	12298
1	13521
1	-10613
1	-13408
2	-6694
1	485
1	-6215
2	-4033
1	-12095
1	896
1	-10431
1	-4179
2	2654
1	4211
2	-8006
1	-7260
1	1361
1	9897
1	-4742
2	8182
1	-12402
3	-641
2	-6819
2	-11544
1	-4421
1	1780
2	-10440
2	13927
2	-4998
1	6495
2	-1391
1	-7145
2	7131
3	-10281
1	-5874
1	-13037
3	-13474
1	1886
3	-160
1	-7252
2	21505
1	-9874
1	-1161
1	-3624
2	-11926
2	7711
2	4756
1	27303
1	-19149
1	10126
2	-15266
2	-2061
2	-5473
2	-853
3	8250
2	16699
3	-3091
3	-3006
1	5334
3	295
3	20061
2	3965
1	-14234
1	3035
1	9473
1	-3515
2	-176
2	-1923
1	3889
2	-12600
2	-8493
1	-14710
1	-9625
2	8011
1	-3937
2	-2239
2	3674
1	-11010
1	25642
1	-10944
1	-10001
1	9767
2	-1285
2	-10879
1	17356
2	5131
1	-12231
2	-7140
1	-11507
2	7378
2	101
2	4777
1	-4946
3	-9422
1	-2146
3	-3832
2	15893
1	980
1	155
2	9468
1	20981
1	-6871
1	-3671
1	8308
1	-432
1	-976
1	4870
2	2628
1	302
2	4494
3	7541
1	-1634
1	5032
2	3575
2	5906
3	-1126
1	-1776
1	6932
2	-583
2	3359
2	10348
2	-3916
2	513
1	-2443
1	219
2	-3856
1	20210
2	-9940
1	10265
1	4494
1	17455
3	-7808
1	15719
2	19932
3	-7483
1	29419
2	-4745
1	-6195
1	-1361
1	5439
1	-4203
1	3552
1	6162
1	-638
3	-9713
1	-4471
3	-8224
1	-12542
1	-4665
2	6931
2	-8317
2	14923
2	26287
1	4651
2	-2984
2	-6013
1	-7784
2	-5500
1	-11778
1	-7777
2	-10431
2	-8803
2	9957
2	-5410
2	-8021
2	-1634
2	-5937
2	130
1	-2977
1	2552
3	-398
1	27846
2	-2833
1	-2463
1	-8704
2	-6593
2	-2558
1	4613
1	-3297
1	25946
2	-11550
1	5448
2	2706
1	-6668
1	4303
1	-12940
2	-2775
1	-10505
2	-6680
1	13083
1	16859
1	9455
1	-70
1	1381
1	7674
2	22468
1	6099
1	-2231
2	2668
2	31447
3	-3330
1	-1641
2	18339
2	-7577
1	-10174
2	-17645
3	7841
1	-990
1	-14032
2	-629
1	-17200
1	8655
1	-8607
1	6147
1	1549
1	8992
2	2231
2	-2460
1	-11522
1	-4699
1	3053
2	10658
1	-11870
1	3093
1	5826
2	3890
2	-3974
1	3594
2	4734
1	10051
1	7146
1	-1596
2	2770
2	-9546
1	-7218
2	-2925
1	12771
1	-5941
2	974
1	2738
2	686
1	-13005
1	901
2	20202
3	7419
3	6911
3	-750
1	-11493
1	3076
2	-12268
2	-6986
2	1599
1	24919
2	1848
1	-5551
1	-2243
1	-8791
2	321
1	576
1	394
1	10145
2	-7514
2	8016
3	-12018
2	1062
2	8286
2	29035
2	-10230
2	-2028
2	-4467
2	2892
1	-1162
1	-11489
2	6639
2	-7451
2	5875
1	-14414
1	-403
2	2776
3	-3750
2	588
2	-3157
2	3277
2	-1092
3	2526
1	-8677
2	20914
2	6616
1	-15368
1	-1688
2	-7155
1	116
1	-275
2	-6614
2	2455
2	26227
1	968
2	-3319
2	-4105
1	4798
1	-11298
2	-8405
1	2907
2	-8135
2	17610
2	-3352
1	-10530
1	-7129
1	-8307
2	-7209
1	-10172
1	3547
2	2008
1	-3682
2	516
1	-5985
3	-6728
2	8803
2	-3095
1	-5838
1	-7929
1	-2578
2	-10846
2	-10927
1	863
1	-9127
1	-12118
1	-7478
2	-2177
1	11604
2	-7489
2	3731
2	8465
1	3279
2	-10258
2	2275
2	-6386
2	-6242
2	5010
3	-8506
1	8713
2	20936
2	-2872
1	-8200
2	8132
1	1202
1	-1909
1	2956
1	-8437
2	10187
2	337
1	-9781
2	8708
2	716
1	4382
2	16971
2	-13383
2	2384
2	-8609
2	9110
1	-5406
2	-10785
2	-6311
1	554
2	19898
1	-4298
3	-11187
2	-11811
1	-3819
1	870
2	-16907
2	2756
3	1703
2	22867
1	-15514
2	-6195
3	7763
2	5583
2	-9856
1	-11489
1	14984
1	4535
2	-2482
1	624
3	5507
1	3185
1	3422
2	-6472
2	-11087
2	600
2	-8331
2	-3106
1	18184
1	22637
2	5481
2	-3050
1	-11164
2	-8569
3	-7290
2	-4742
2	10492
1	5937
1	1292
2	-5145
1	-902
1	7271
2	-7099
2	-8625
2	18944
1	7797
2	2768
1	2018
1	-6578
3	679
2	-1576
2	-4348
1	9213
1	11714
2	-1845
2	3092
2	-5132
1	-16267
2	-6969
2	1562
2	544
1	1554
3	-7913
2	3486
2	-15121
2	1370
2	4613
2	6206
2	-4251
2	6203
1	-1075
2	-70
2	11181
1	-7306
1	16656
2	-7163
2	-2873
3	3149
1	4753
3	28242
1	-9672
2	-3503
1	14413
1	-8634
2	4886
1	28279
1	-10429
1	-11825
2	-6916
2	-3769
3	-3285
2	834
3	-12338
1	-5371
1	11053
1	-2418
1	-5898
1	-2168
2	4067
1	-614
1	9244
1	-5446
2	1875
2	-9005
2	-4509
2	-8841
2	6749
2	-11040
1	7029
1	-7630
1	-1033
1	-2528
2	-6005
1	-8460
1	12666
2	-13192
1	3099
2	16092
3	-6058
1	-5707
1	-115
2	-11811
1	5982
1	-2931
2	-1348
2	4720
2	-3572
2	-4863
2	3757
1	-1637
3	25353
2	2067
3	-11472
1	20843
1	6441
2	-5835
2	-233
2	2092
2	-5028
1	-3901
1	35235
1	-5703
2	-10681
1	-16183
2	-405
2	2707
1	-11268
1	-9851
2	8190
1	23900
1	-7005
1	32202
2	-1331
2	-12666
2	-3845
2	30652
2	5445
1	-10469
2	-1782
1	4097
1	-9709
1	24152
3	-1137
1	-5473
1	-730
1	-1539
1	-2823
