1504	6447
1611	4301
-3059	1716
4016	8842
-5173	1535
-9111	8249
15966	-2693
2029	938
-13834	1593
6473	420
-8265	1465
-8071	1695
-13175	835
6763	6913
-19863	4963
-7113	-298
-6190	8
7747	-1652
16011	-25004
-21170	301
-9849	-2012
-2311	-2194
-442	5980
-15302	3280
4155	3494
16159	-11252
3933	1092
15965	-24724
-10655	-122
-24836	21415
-5243	3506
3286	545
-1757	2500
-4922	913
8008	1935
-10581	1605
5332	2325
-4441	-1475
4024	12524
-10191	725
3321	6460
15948	-23843
1855	1086
6413	1144
-22762	2192
-21904	2596
8519	3153
11560	1531
2764	4342
3752	-89
-1390	-552
1520	1089
2479	5602
13189	5461
1675	3324
8021	5421
15956	-25159
-924	1456
4317	2222
16505	-25675
6474	1864
-22629	2217
-206	6591
-18268	8171
-13946	-960
-3498	6616
15967	-23909
-3939	3678
2483	2254
-2353	4368
-9450	10410
1187	-528
-11646	2658
15921	-3728
16009	-22711
-17830	9026
-4422	-1337
-7410	5091
-10269	661
5066	1809
1461	6148
-14086	143
-925	2742
-4787	9700
-15865	3278
-9142	10054
2893	697
3092	-19
137	-649
-15441	506
15973	-21322
-1304	-2298
-12534	3349
11381	8064
-10308	21219
1387	4501
7297	480
16117	-6397
6111	1160
-17953	4160
9433	881
8099	1430
-15093	-1930
-4738	715
-8330	306
-5343	21382
16090	-22558
2365	2307
-10478	-2910
-7950	511
-4974	6801
-164	5621
-1497	27522
-3500	2329
-2248	2175
15970	-20852
15969	-24368
5400	4454
1307	6466
3784	855
1205	-812
9751	10891
15966	-22833
-6748	-1052
2171	2504
15966	-18132
-1217	44
2059	2181
1227	1820
2764	3579
15911	-22124
-4772	3130
-396	6274
2448	1496
-219	3004
-7720	480
-401	756
-9093	-325
-3853	-369
15987	-20488
3262	4825
-8850	2872
-3593	-376
8487	753
1591	3143
-8121	-1794
-6662	2217
8017	3302
-7209	2183
-2485	-699
1792	1804
-280	463
15960	-24972
1678	-2757
1754	-614
-2763	2793
-1637	1309
-1789	2121
-7543	10283
-6685	1327
-1306	-263
15974	-25132
15967	-23808
-11339	14582
1648	4264
-2140	5328
3772	8174
-5720	1480
2806	4239
-4527	-1390
15959	-25511
-4350	2346
3313	-181
-6467	4713
-1282	-1344
5926	2292
782	0
-12359	3639
15989	-19388
6303	3641
1630	739
8067	912
15964	-22066
-23100	1980
6215	2353
-16947	2143
-10358	2813
3186	940
-8405	3582
-4659	161
9190	801
3853	3833
-3196	3330
-872	2581
-1227	1165
175	-688
16004	-25264
-7162	-1905
16321	-24816
-17204	3615
-483	-1069
2699	2791
561	-3440
3295	215
-10097	-374
-120	634
-6236	3138
-4217	858
4020	3915
1509	3999
15920	-23251
-9170	6313
-5052	1619
-10079	1872
-8223	-376
5179	1750
1540	2717
716	4441
-9405	221
-16051	-653
-6616	2431
-16589	-1569
14035	-241
-1314	1288
-20965	1977
-4362	1483
3407	8036
7929	4016
-1557	2676
-10551	8474
-7634	-72
-7300	-796
2095	206
-1173	1079
-13731	-679
15908	-10944
3485	2349
-1997	1867
99	560
3358	-362
3244	438
16604	-24614
-6588	4445
7095	1975
2097	279
11299	4166
-37130	2462
15962	-20846
15969	-26118
370	810
-2235	-292
-8380	2072
1138	592
16037	-17124
-6360	411
15968	-21969
15969	-26113
-5870	4639
-6516	-215
153	2592
2107	2913
8407	107
4479	1315
-23865	3023
-2693	1710
1342	1489
-15900	14119
7845	-838
5028	5137
15968	-24079
-1602	6432
-7822	-484
3484	4097
-2910	-649
8809	-1041
-10356	3799
-16509	108
-15054	1290
9149	4983
3754	5696
15962	-25930
6204	3270
-8492	2575
-11911	7735
15966	-24195
-7813	2255
15961	-23302
-9295	4581
-16613	1314
15965	-21985
-11156	-929
-9833	3201
-9457	2860
345	1578
-12507	2529
-2080	3441
-1361	2344
25	2105
-12664	20850
-7385	4374
-1328	2285
-10264	3116
8827	1139
-9486	-1307
-2195	5889
758	2755
-4978	8243
3134	7313
-4709	11825
12075	5278
-8658	-76
15845	-22844
9551	2329
9755	5644
-925	2362
-1559	744
-8251	2446
-8463	3048
-10073	1118
936	3464
5653	691
16019	-20172
-12021	2043
-5595	1241
-10618	11250
-6161	1077
-12385	1005
-2715	4659
-8866	4650
-3214	18790
-5978	1946
10486	-454
-23642	-294
-19088	11470
175	1761
-3191	3829
15973	-24553
15966	-22074
15949	-25327
-6517	4098
9780	1911
-15459	4358
4465	923
4260	12162
17458	-21293
872	3372
16482	-22615
-1248	5766
-5458	4628
-4065	790
3554	-124
8209	107
-3033	1405
-4798	3883
15965	-25925
1657	435
7941	1520
12139	-520
-1952	2618
-453	4054
-17438	249
3580	-177
-17399	4612
-10420	4203
-1441	7256
-20759	3214
-4410	2715
-15111	2514
1251	12447
16252	-22943
2061	6784
16050	-26156
-14163	6488
-17770	-20
-2648	3251
15963	-16424
3658	3140
3550	2454
-550	1759
6548	406
2722	-2177
-2982	414
1627	6845
-3556	3331
4382	1937
-8233	2915
-1452	-221
-3207	3002
973	10762
5367	5967
8437	900
-15366	23260
-431	1119
165	7591
-5440	4771
-5246	5415
7666	-405
-5842	4078
15731	-24026
-10225	1800
-5188	4778
1779	575
1352	1383
-295	241
15909	-22161
3483	812
15965	-25227
5117	1487
-9813	3973
13486	9712
-10497	2358
5631	2476
15966	-22636
4996	1359
5016	-330
15903	-23299
1821	-928
-1775	1172
2010	3626
12332	8982
4232	1997
1304	572
-18605	-531
-1145	2484
10192	13893
-9784	-905
15952	-21861
-12861	3130
9514	3186
1247	1808
-6204	5975
12433	24942
2053	482
7850	6315
2923	2871
4088	6908
4173	6027
935	11616
6945	4101
-7787	1503
6741	1676
904	1845
-7200	4458
2510	15645
-776	744
-14676	1988
-5963	34428
-23097	-136
496	-842
-3943	16830
-5932	2395
-10621	18869
805	30
-2805	2834
16001	-23080
15967	-22114
977	5568
-9145	2438
-8828	-302
-5875	2531
-9722	6564
15989	-24791
-18759	6648
10759	7930
-5170	5173
12697	5065
-7856	12352
3122	950
15871	-23549
6561	3085
-182	-604
3415	6158
-8539	1638
-17767	1277
-6780	-250
16030	-24630
-6293	-459
-9645	-968
5157	3709
5135	-138
3080	1348
-7398	-280
15965	-16598
-2307	15204
-12064	380
-8207	2674
5976	505
-10888	-426
15970	-13294
-25505	3409
-3846	18974
-15569	737
-3294	6553
-2498	3720
-7536	2053
2923	8074
6226	10194
-6107	6379
10994	-175
1211	1477
-8150	-440
-5732	21392
-6655	3627
-6385	5408
6684	-737
-14820	3159
-6168	1628
4228	2219
5202	6383
-4000	3071
853	5211
-14754	3098
8208	2559
8474	3039
4125	3542
-2725	3811
15963	-27343
2445	2097
8578	2327
-18459	-1874
-13152	940
-1870	2151
11434	337
5551	7245
-6694	1552
6708	7326
16094	-24206
16162	-23760
6598	-315
7135	-1507
-7763	6660
-2606	12471
621	1375
-4809	8726
22	1697
11525	291
-1179	2213
15889	-24918
958	192
-4518	-505
-2682	1645
-8103	17
7782	-140
-4846	-1762
15998	-26164
-2866	2283
-8747	326
-11425	-836
16022	-25863
-2373	1486
-1080	1918
-9099	3924
3513	2543
1364	1596
-6356	0
-124	958
-6677	-768
16314	-24050
-2184	3531
2663	2364
15965	-24144
277	16356
8813	48424
7762	1380
-4337	609
15983	-25869
-14146	-1330
-7987	5641
15830	-24359
-5456	3292
-2726	230
4754	1087
15988	-22857
-1267	14054
3625	-636
1449	11345
282	1667
-4899	947
1720	20488
-2665	1689
-2552	1541
-20072	-295
7665	2066
-4198	144
-24617	1946
889	287
-5688	3494
4933	2962
8142	8266
-10225	12427
-45495	1937
1594	6102
15971	-25588
-2436	261
7369	686
15972	-23412
-5959	1300
4909	3002
-1217	-298
-1283	2198
9095	2455
7775	6817
15967	-25780
15046	-27586
15920	-25806
16061	-13901
15966	-22534
15966	-25058
-10914	3315
15748	-24963
-5365	1952
84	2200
-2112	-292
2147	3032
-9210	2723
-7658	3394
-2143	-213
-10258	1753
-90	5318
-8778	8841
15957	-23955
-3347	424
7440	3495
-11893	1436
1725	-247
-22376	7884
8521	-3157
-11698	-878
-16505	3053
6864	4135
-5891	2089
5053	2502
15965	-22702
-3494	2512
-10614	2154
15966	-25051
-2523	1358
3005	14896
16042	-24957
2255	-1921
4599	1957
16096	-21475
-1636	2725
-4353	10853
15951	-23274
-2859	845
-8921	477
2738	2044
-6758	2023
-17083	-2760
-9732	679
13796	2361
-10117	1822
-1718	2543
962	21229
132	3348
8930	6397
-26099	3279
6759	8683
-3450	-755
6011	2913
-17456	-116
15900	-23736
15983	-15967
-8164	4418
-14778	4968
-1417	6061
1670	1690
-7273	5002
1493	10293
15966	-24336
10264	858
5596	14561
8649	1765
-6815	5457
-10286	1094
-394	6258
-5362	2034
-14954	761
-9408	1018
-15585	-1603
312	400
-10290	-1261
2154	10251
-7898	9157
-5815	9569
15986	-22610
15963	-26205
-552	9011
-1993	1941
7342	17670
-4136	6065
-9731	985
-4612	3208
-221	482
-3179	4177
-12428	-574
2478	8670
-7376	1783
13557	589
76	11846
-8816	1199
15945	-21779
-2930	2550
-1115	3229
16732	-20326
16183	-24822
-4561	2698
-3674	3166
-13683	16348
3950	2912
-2997	1113
4626	3800
-4406	3634
9773	388
16181	-24936
-5014	1370
-10915	897
15949	-12803
-170	1196
-540	6652
-1340	318
1924	573
-8528	21460
-4590	5242
-7509	2949
-3164	2364
-19222	4271
-15697	875
7525	-346
1222	5983
11138	367
-2984	4055
8571	1613
943	4296
-11401	3163
-8614	1776
444	1468
16064	-24680
777	6859
15964	-23427
8174	2449
4527	1324
-13411	2740
6273	4793
15966	-18170
-937	1607
6624	1099
-5969	1298
15965	-22530
1695	-195
-50276	-2183
7400	9082
-6963	3784
5790	1376
4121	1920
-5156	7305
11876	-1330
8650	-803
-11034	3270
-9252	2295
-357	1212
6042	1184
14114	-530
-17116	9281
-17082	1877
992	1815
-4534	2305
15767	-22357
15908	-24106
706	-149
15976	-25237
-349	469
-10289	-438
11102	14024
-12119	2563
-5941	6433
15998	-26990
-9607	2404
2835	1901
15971	-24853
3121	5360
-109	5908
15967	-22459
15960	-22248
3121	3599
767	-924
15965	-23078
-2199	12488
6471	9768
16533	-24853
5589	10927
8928	-720
-467	3686
704	2039
-21222	10178
-4194	1663
4059	-1082
-2980	3005
5078	597
-11363	-1100
3215	124
213	11751
15964	-20450
-8945	10500
-11313	1204
5175	-562
-3441	1892
45	2116
4776	6931
-21104	-1559
-12256	8655
5826	784
15965	-21515
2022	23222
2176	422
-5372	-1743
-2112	4003
360	1096
3347	1576
8125	1608
-384	8243
-2511	-419
-9587	1648
2483	3694
-1525	-342
-1147	708
6919	2112
-3039	1716
-4366	4034
-9007	4821
9393	-478
-4036	-273
5786	12176
15960	-11024
-16955	-270
3299	2791
-6137	4429
-1979	5707
5736	1753
15909	-23037
5494	-879
16102	-20283
6854	1608
-4079	1341
-326	78762
4607	4634
11295	4804
10236	7082
-22387	991
-4995	654
-10892	856
-17312	206
4992	2676
8648	-234
-5377	1609
2603	658
4092	1774
-1580	3515
3114	2334
-6212	4310
3569	9413
5342	-168
5452	691
-16620	2796
-42548	2624
10068	2674
6494	3464
7607	20324
-706	3876
-12147	8467
3870	814
-13986	17
1952	3336
-5180	1804
15976	-26253
-12332	-819
-2261	1696
7337	-582
3237	32205
-3965	4796
-26182	4755
-8553	3769
408	2311
-1086	-1983
-1127	2825
15966	-22595
-8009	972
4881	1366
8123	16053
-5341	5739
-1472	2038
4507	4304
6797	-352
-14846	-61
-6700	1574
-6461	-103
-6579	1614
-6167	3794
-20230	8062
4654	22527
7169	3143
-7254	421
15967	-26668
-47571	11014
10362	3116
-7656	1470
4306	1022
4675	849
6394	3228
8997	9877
4197	-2369
-7231	2756
2911	2470
15975	-25391
-9101	3882
970	1892
15963	-23550
-7825	-280
15966	-22728
5006	21461
-1108	4088
9587	-3044
-4014	3020
15967	-24780
3510	877
6486	1738
-10554	7111
1067	-308
-4360	11249
-10508	-1296
9549	686
-9734	3194
-13395	6565
-2335	721
3481	2153
3023	4018
3758	2553
-6749	2913
1685	3091
-5031	5971
15966	-23652
436	4169
1743	636
-18955	357
4508	1201
15963	-26063
16049	-17756
-6981	5075
12513	4224
-5257	-57
15795	-15760
-2940	1084
-3196	4766
-387	7705
-6203	-2456
2806	13314
-13762	748
5183	730
-5377	-150
-6314	1976
7940	391
15966	-19445
-3543	3699
-11926	12934
-2242	1746
-830	-4211
-10413	1744
6331	5113
-5309	2292
-5443	-2843
3396	2796
5413	-1335
-6566	445
11772	3826
3477	3048
-2365	485
-9703	1204
7671	1474
2202	700
-99	-387
8630	988
10355	4310
-14806	2478
7299	3687
9168	-200
-12939	-65
-3888	1501
15985	-26604
-18126	-592
-4231	-2054
-7907	2510
16164	-22085
1512	1199
4843	-363
575	1190
7305	-1650
-1915	7069
15936	-23566
15970	-25739
6176	6135
7492	1208
6188	2953
3242	2545
-4696	967
-7222	2415
2166	6198
-28	3009
-6461	-1546
17022	-25337
-8723	3168
4210	1331
-6710	6959
-4293	-1362
16860	-21573
15933	-21843
11490	45
15966	-22172
-12901	13531
15966	-14708
15212	-23390
15967	-26722
1538	7548
4951	6888
8015	7286
-5534	3138
8208	2018
15839	-22414
-20159	2733
-23828	5089
-8954	2498
15988	-25696
5288	11889
-8541	2382
-14494	-1256
10550	2669
-8263	2617
-8722	1442
3526	-727
-13428	2661
-9826	3019
-3929	2807
535	152
2170	2370
-8620	8043
16017	-22472
-6859	6979
16021	-17924
-5	852
1328	1255
6186	2757
-14829	-950
5372	14852
-14510	-2135
-2885	1078
-4480	2902
-16264	-383
-807	11184
15914	-24744
3840	2015
-10563	944
15858	-22866
-7615	2246
-2878	11001
6664	4689
-7296	1786
-5626	2725
113	6158
-9045	2149
4800	130
10632	-250
-13936	2575
-11085	841
-236	1510
11197	3902
15967	-26976
-900	1109
4534	1879
-3186	715
-2963	8522
12479	5108
6579	43
-4043	1658
8033	5593
-7521	-1183
-327	-1468
-1308	221
9769	7594
-15283	2114
-1936	12263
-285	4010
-2723	-262
-10597	2170
-1725	3032
2758	-969
835	2625
-71	2149
0	1227
15967	-8563
15961	-20807
-6806	4579
15929	-18511
15955	-14073
6719	1626
2987	4325
-11494	5952
5573	974
5117	1679
-17445	2503
-8458	12534
-5129	6
2987	-358
-6805	3006
-9451	1709
-4231	-467
355	5422
2211	6894
15969	-25496
-196	6252
16074	3219
-10137	2179
4401	3157
-13683	1384
7258	13583
-38182	3623
-3428	3333
53	1191
-3218	3697
-12613	1849
2459	1320
2151	680
10214	1223
-4297	3649
7282	13010
-9418	2236
15956	-8712
-6561	2658
-6414	1662
-6286	4098
-11822	2277
-7458	1267
-3034	1054
-153	1063
-12625	10440
-10815	2
15558	-23557
369	12653
-12462	-2596
-7483	1427
3257	-1324
-2914	14361
4094	3888
5958	9856
-7058	2069
-337	3343
97	25650
6284	1000
-4751	2815
-5574	5902
5334	1760
6607	-1343
4087	2720
-1544	2380
-6338	1777
-644	678
-6825	9699
-5162	8230
7010	5977
-4254	2332
15940	-21429
-4439	6649
-6248	2361
15948	-25757
-5880	1086
-4985	5054
-8395	1648
15966	-17152
-2752	4740
3575	3953
5978	4973
9466	807
-453	2306
4597	5245
-24032	-1082
-5670	2552
-7268	1530
-2693	1996
-1087	-1360
-1369	1303
-14966	903
-8517	2397
-13293	1397
7969	6739
1274	14777
906	1247
1466	3231
16054	-26248
-1449	4702
10573	-1848
5668	3098
-9419	-360
-380	-3034
-17541	2109
8926	2053
2755	-1135
-2882	1812
-17609	6754
16014	-22583
-16108	7979
15963	-18368
7196	-1919
6370	3916
15989	-23670
-4868	1256
-1316	1087
-10981	57
-20812	1517
-646	8124
-17245	2144
-2797	3192
-216	1452
-6373	2483
3352	-2
-5149	-1818
16276	-23506
15939	-23259
-13354	1510
-7589	-1715
3320	-946
15825	-22432
15936	-9232
15898	-18290
11899	294
-11433	20643
11380	1173
-11686	993
-17416	5672
-16786	-114
15965	-14108
-313	5338
3586	852
289	2843
8583	3698
3737	9045
-4226	2237
9076	6236
-27761	5464
8571	8045
-3773	3688
-4032	2536
-8622	410
-1758	4042
4560	4064
3837	3846
2755	3122
16080	-18822
3304	4067
-3029	-3113
6713	4498
1400	2521
9762	5593
-1377	6639
-11221	4727
-26173	234
1681	1127
-2052	70
-5764	1248
-18299	285
14001	1295
-6390	2586
-4924	2333
-21490	13815
12354	1025
15967	-24893
6491	4003
-6328	9913
-4388	2150
6325	3098
248	3357
8932	5047
-1644	2478
-1005	2232
15966	-16738
15936	-22375
-16303	4918
-7136	4542
-15289	6801
3163	-45
3318	-1426
1690	3484
1156	6266
3570	10923
1031	2668
11814	-1839
15966	-22410
-15390	-769
-2638	-444
4435	-826
739	2973
4258	4544
16912	-9958
-13022	576
-6733	3989
15966	-24305
663	9492
5302	1024
-3797	2692
15971	-23510
15941	-23088
271	2310
-6122	2964
-358	5902
11720	803
7234	8645
2018	2239
6818	1092
-4622	3243
-20759	-2591
15967	-12310
-8893	1109
1605	391
15970	-19865
-24042	1425
-18374	886
15969	-21535
-4233	1355
4744	-778
-14527	-338
-2484	3881
9227	601
-1059	-2057
-7637	-809
-11092	1157
-8133	1833
-4308	1098
9943	3221
-17634	2163
15966	-22756
-9364	9697
7637	1573
-7782	3856
-15352	5080
-1283	-1332
-13360	13734
5138	5656
-5986	10490
-3616	3950
-14081	-476
4463	2380
15965	-21419
-12249	-250
-1145	1918
-5700	994
2029	2707
-3217	3360
-3300	-220
-8043	6804
15970	-23674
4990	-541
2882	1417
-3100	4611
1428	6541
15966	-23610
4979	1035
-5225	167
-2069	4661
-3726	656
9189	7422
7066	2767
16011	-23248
-9822	641
1025	1288
15966	-13910
-7483	1856
-1515	12463
961	9299
11481	968
-6365	5902
3938	647
5431	875
2688	8851
-21894	1958
-1831	6287
-5789	230
-21166	-548
-7477	3064
-2824	9298
-1422	60
8274	882
-16999	2621
-7079	3245
-2944	988
-8543	-1216
-5977	1374
3863	5139
6102	733
-5726	10529
-22934	-303
-33209	384
4168	15070
-13503	2327
-1072	1935
-12398	3997
-10683	-187
-5218	2025
16204	-23014
2176	3330
-10158	2045
27	-1623
-16434	3987
-3358	12632
16029	-26184
15967	-22404
-7008	-617
-23028	36087
1471	2087
-6621	1884
15971	-25134
15860	-23329
-4712	3899
-4994	2800
-1281	4048
-11190	1219
4305	-523
-4757	1334
168	92
-11553	1267
-808	511
8262	532
3701	24127
6236	3285
12651	2214
1515	-1132
-3130	3234
-561	9427
10560	3615
498	5674
-701	3770
-642	7916
11923	1163
865	4309
2675	103
6939	862
-8577	5633
15974	-20778
16098	-23157
-6755	11080
-13995	1617
-1008	-22
15965	-18996
-7646	2800
-2501	15554
-2401	3579
1365	2466
15734	-22827
3108	1094
257	2467
111	-420
15774	-20588
-4594	2948
5987	321
949	7083
-19095	-1558
12209	-52
-1329	-13
-9128	2577
8875	569
428	6692
-17342	1885
9332	6797
460	3605
2317	1812
-6826	4184
-3540	4634
-15107	1799
1843	3903
2512	4436
-16728	9312
-9469	981
12546	-570
1115	1758
15974	-22852
12253	748
11935	3932
15943	-20084
987	1073
2637	360
-330	-2435
7402	532
-4298	2797
-293	7975
-15576	697
1503	954
7644	3330
-10940	-2706
16078	-23902
2167	1135
-9161	4436
-8301	3760
-4207	4282
-627	9692
16011	-22489
4962	4324
9027	3864
460	17509
15863	-9781
-24054	3092
6423	11563
-11397	3384
-3913	6094
-2040	-326
-8976	2424
11793	-123
15966	-26489
1371	18620
1445	2035
-3848	6646
-620	2563
-8005	1905
-6803	6959
6526	1596
8993	3175
-6318	2903
15918	-22275
-4194	935
7149	2850
296	16262
-3603	2878
-4296	2527
7021	2020
15967	-20884
-6026	1202
3820	3763
-1866	-405
6679	-1230
-8528	3208
4420	2004
-1692	2728
-12907	3200
-4473	9041
-10356	2341
15904	-24256
3789	243
15923	-22089
-1016	-1915
16044	-21683
-289	4597
-5841	2756
-3119	3066
-5966	2760
-4303	-342
-6152	12000
-4448	2273
6340	515
-971	-1506
627	2082
-493	2200
-20852	-861
4461	564
-7227	13590
3464	3315
-2983	1175
15962	-22879
-1248	-805
899	2348
15962	-23023
4057	8750
4289	6946
16011	-25035
15964	-21864
-3137	-145
16217	-24086
5485	-1316
-10955	4436
10074	5774
8130	240
-5714	41
-6310	1350
4	1060
-910	3405
2717	49320
-4944	-668
-2053	4475
333	1604
-9608	-819
-2846	1503
3104	449
5745	1696
-2386	-1788
8335	67
11620	4128
990	3930
-3550	11623
15965	-22231
-2333	2972
-139	10047
-1451	639
