-3216	1
-4574	1
-9189	1
4355	1
-11638	1
-3921	1
-9066	1
-7502	1
-3578	1
-3751	0
303	0
-6373	1
10390	1
-14845	1
218	1
2972	0
9186	1
-3155	1
2529	1
6498	0
248	0
-7181	1
2472	0
1531	1
18283	0
-9713	1
-3960	1
-5994	0
16017	0
-11659	1
-9381	0
-14217	1
-3390	1
17744	0
-2517	1
11565	0
-4938	1
4424	0
11448	0
-3487	1
12737	0
-1525	1
2671	1
8141	0
-11096	1
-12350	1
-12841	0
11933	0
-1697	1
8422	0
-6180	1
-4166	0
-11108	1
-14872	1
-5114	1
1484	0
-8243	0
-9170	1
1516	0
-11704	1
-4204	0
-10838	1
1116	0
25	0
-4316	1
-5027	1
11208	0
-3850	1
-6287	1
-8414	1
7822	0
3814	0
690	1
-10220	1
9852	1
-9909	1
538	0
10485	1
-8014	1
-2952	1
-3466	1
-1662	1
-6173	1
-737	1
-8323	1
-276	1
-5070	0
256	1
10173	0
-5775	1
8273	0
-1157	0
-8434	1
7719	0
18843	0
-8579	1
-8890	1
-3209	0
5310	0
16424	0
-13011	1
10690	0
-5948	1
7538	0
-8638	1
-12821	1
2788	0
24275	0
7643	0
9962	1
824	0
11592	0
-3277	1
378	0
-87	0
-4191	1
-8096	1
-10298	1
-5238	1
-5067	1
2589	0
6926	0
-7983	1
22681	0
18657	0
-6135	1
-13064	1
8270	0
-5622	1
12084	0
-13779	1
3882	0
12333	0
-13414	1
-6486	0
-13680	1
18497	0
14985	0
-4962	0
-8974	1
23849	0
13162	0
-8267	1
-10681	1
-14267	1
-6029	1
7138	1
7379	0
-5762	0
-10068	1
7563	1
13033	0
-5383	0
146	1
-4992	1
-11220	1
-7840	1
-1009	0
-10032	1
17926	0
-1224	0
12520	0
-3795	1
-2848	1
-12616	1
-2728	1
38316	0
-7718	1
-10034	1
1862	1
-9328	1
-7651	1
-3754	1
-10929	1
7141	0
-1	1
-12968	1
532	0
6356	0
-14849	0
-14877	0
-406	1
-851	1
-1271	1
-13622	1
-6136	1
-3274	0
-10577	1
-14384	1
-4312	1
2759	1
-14471	1
10194	0
3937	1
24326	0
-11393	0
1092	0
-12957	1
-6451	0
-737	1
-8271	0
-5592	1
-6278	1
-10858	1
14992	0
-1617	0
2189	0
20222	0
10418	0
12219	1
-3141	1
9807	0
307	0
-14169	1
9245	1
19563	0
-6749	1
-1403	1
-4661	1
-13461	1
4799	1
485	1
-2624	1
3129	0
-3965	1
-13834	0
-12372	1
22072	0
-460	0
-13107	1
2279	0
-14091	1
-8959	1
6921	0
-3169	0
4687	0
-7740	1
874	0
-668	0
-14281	1
18724	0
-12287	1
-10687	1
16296	0
-13680	1
-13915	1
7808	0
-3185	0
31797	0
-10926	0
-2866	1
9392	0
-14287	1
-3221	1
-13104	1
-10353	0
-6601	1
-8335	1
-6546	1
4704	0
-9291	0
-6181	1
-14024	1
-8745	1
1004	0
-2818	1
6986	1
6568	0
-5469	0
-6088	1
14737	0
-13915	0
15505	0
-1754	1
19343	0
12830	0
14986	0
6136	0
-14379	1
1827	0
426	0
11461	0
15639	0
6974	0
-9581	1
3462	1
22215	0
-5727	0
-5470	0
-8516	1
1606	0
9766	0
-4720	1
-7210	1
1639	0
-9177	1
1497	1
7772	0
6675	0
-3466	1
12134	0
-3921	1
9601	0
-2036	1
7569	0
7607	0
500	0
-7619	1
16306	0
11449	0
-7760	1
-10446	0
-4027	1
-443	1
15030	0
11561	0
-1039	0
-14702	1
6539	0
5450	0
3969	1
1192	1
4183	1
3350	0
-5580	1
-5946	0
23910	0
-1784	0
-3087	1
2657	0
-2283	1
-13002	1
1713	1
3843	0
-8934	1
-14062	1
-12598	0
8685	0
-6578	1
-6656	0
-11966	1
6275	1
-4285	1
-3236	0
-13940	1
-12261	1
13083	0
-7565	1
-12094	1
20888	0
7989	0
-10361	0
-5177	1
1503	1
6758	1
10238	0
-12384	1
10034	1
-3752	1
-5578	1
-10598	1
17014	0
-9990	1
-3738	1
7473	0
-4244	1
-7271	1
1761	0
9859	0
14816	0
-5727	1
-1650	0
-9271	1
6873	0
-1414	1
-14568	1
6404	1
1657	0
19581	0
-567	1
7097	0
-44	1
1346	1
28069	0
8847	1
-13097	1
-14212	1
-9432	1
1142	1
-866	1
-2119	1
-11874	1
25017	0
12665	0
-1744	1
24320	0
-6963	1
6076	0
-6141	1
-851	0
-8684	1
-5735	1
-5503	1
-2140	0
4132	1
-3552	0
-8710	1
-9604	1
-13862	1
-605	0
-9092	1
14158	0
2700	1
9069	1
-5872	0
-4102	0
-7130	1
13783	0
14892	0
7216	0
-3313	0
3883	0
-1905	1
15247	0
2799	1
-12804	1
-8670	1
17965	0
9947	1
12942	0
-9810	1
-10467	1
12576	0
-3412	1
-2992	0
5511	0
6051	1
1479	0
-6070	1
-4786	1
-14876	1
9712	1
-14110	1
-5807	1
-9712	1
14373	0
-13037	1
8344	1
-2041	0
20291	0
-2537	1
929	0
6675	1
-2016	1
-5554	1
17659	0
-7174	1
-3721	1
-2148	1
-11579	0
-4320	0
2080	1
9617	0
-8436	1
-7649	1
28944	0
14622	0
-13605	1
4480	0
1927	1
-3751	1
-5182	1
-7087	1
8877	0
147	1
2935	1
2551	0
-14046	1
-1987	1
12817	0
2008	1
18470	0
6846	1
1050	0
-288	1
13208	1
4343	1
-6391	0
-5922	1
1320	1
-9651	1
-14863	1
-7243	0
13535	1
12852	0
11703	0
-8993	1
6892	0
-4334	1
-4773	0
-14255	1
22843	0
16551	0
-12309	1
28283	0
-7101	1
-9281	1
-10846	1
3518	0
-4120	1
-9608	1
-5361	1
-13858	1
1465	1
-10124	1
-5988	1
-6693	1
-1226	1
-7117	0
-4483	0
8399	1
13918	0
-6851	0
-3662	1
-6005	1
12999	0
-10533	1
-1178	0
-3002	1
-3878	1
11143	1
3520	0
2618	1
-6418	1
2074	0
-10348	0
-1270	1
-7177	1
-5521	1
-8643	1
-7537	1
-4559	1
-5144	1
13959	0
10487	0
-11403	1
4224	1
2338	0
3003	0
-3611	0
-13110	1
12275	0
-9148	1
10955	0
-2977	1
-10478	1
-5743	0
-9309	1
-8576	1
3320	1
-5015	1
9961	1
-1437	1
-10782	1
-9098	1
16149	0
23863	0
247	1
-135	0
13869	0
15722	0
44	1
9435	0
-12437	1
-7732	1
-8273	1
13782	0
20479	0
-12701	1
-8187	1
-2618	0
2969	1
-13795	1
1957	1
-4164	1
4678	0
-6821	0
2223	0
-6909	0
-11346	1
-3957	1
-8648	1
-492	0
-2868	0
-6830	1
14570	0
-11785	1
16780	0
2922	1
17677	0
-6170	1
1093	1
-13316	1
11113	0
3883	0
4460	0
-13883	1
14600	0
-6968	0
-7025	1
6728	1
-11536	1
-6237	1
8856	0
-5328	1
2795	0
-3638	1
2068	1
22216	0
9627	1
1486	0
2877	1
-2740	1
-14842	1
7247	1
12874	0
26224	0
-10235	1
5664	1
-5392	0
-1480	1
2344	0
14906	0
1812	0
-215	1
19875	0
-6062	1
-9989	0
17293	0
-2534	1
22321	0
-12832	1
14621	0
-3628	1
-6973	0
-151	0
-9644	1
12755	1
-6107	1
-14674	1
-3720	1
15637	0
6954	0
2416	1
7814	0
-84	1
-4572	1
-14871	1
-2761	1
21074	0
8435	0
-9637	0
7730	0
-4506	0
-6957	1
-2970	0
12820	0
-8438	1
1128	1
18973	0
1391	1
-11817	1
7634	0
8963	0
-10707	0
4327	0
-5673	1
-9438	0
-9877	1
-14751	1
15728	0
4768	0
-1124	0
-3349	1
-7319	1
692	0
-1716	1
-1053	1
-14317	1
-10822	0
-6993	0
-14024	1
-1336	1
-9271	1
-7618	1
243	0
7502	1
-12886	1
-4506	1
-11651	1
2284	1
2410	1
-4691	1
11796	0
14827	1
14220	1
2303	0
-3831	1
-6831	1
-975	0
26778	0
-6468	1
-3008	0
7323	1
12930	0
4286	0
13414	0
-6554	1
4934	0
2255	0
12135	0
-6048	1
4955	0
-12451	1
-1915	1
2221	1
-13193	1
-14469	1
-7309	1
-6963	0
-9724	0
-13641	1
-8033	1
-4860	1
-10842	1
1671	1
1883	1
-10746	1
12142	1
-6519	1
-5440	1
16015	0
2661	1
16134	0
-14590	0
3556	1
-10804	1
1480	1
9515	0
-13875	1
-9282	1
17473	0
-4674	0
2048	0
7634	0
-10818	1
4850	0
25173	0
3855	1
2024	0
7142	0
10842	0
-11762	1
17698	0
-10602	1
2005	0
13690	0
4254	0
-14344	1
7500	0
-8012	0
6664	1
-8626	1
-418	0
19923	0
-8148	1
-12887	1
-7138	1
11790	0
2551	0
-13610	1
-1963	1
-7506	0
8166	1
8219	0
8289	1
14020	0
6264	0
15278	0
4042	1
19934	0
-2648	1
7742	0
-8386	1
938	1
4331	1
-2386	0
3785	0
-10319	0
-2443	1
16487	0
-9614	1
-11970	1
2092	0
10991	0
-5221	1
-14231	1
-3528	0
18117	0
8051	0
4224	0
5630	0
-6250	1
-1883	0
-1063	1
-12833	0
2403	0
8124	1
10425	0
-35	1
4587	0
-3190	1
-14820	1
-11064	1
-3499	0
13375	0
26450	0
-2901	0
1101	1
-10191	1
31897	0
-10113	1
19971	0
-694	1
-13876	1
4981	0
14924	0
-4548	1
7111	0
13152	0
498	1
2100	1
3073	1
-5510	1
-213	0
-7108	1
-5063	1
-21	1
-12143	1
-5932	1
31849	0
601	1
-2180	0
28596	0
2331	0
-14825	1
-13799	1
