-2182	-4635
1181	10297
5735	2489
-13184	4834
983	6410
-10483	7971
13293	7623
279	9671
-3036	6080
-2741	-2462
-288	12287
-1014	1017
-12590	803
2411	6234
-11641	-12601
-5402	3981
377	-4933
-7727	-8591
18290	-5660
-16329	-9533
-11938	11813
3057	11731
-11612	16
-9452	350
7465	-10750
3080	-4313
-9289	4376
-8351	280
7404	-2930
15587	6436
-3617	-4247
8605	-4381
7160	-14866
3653	-2415
2786	4220
682	-10695
-6346	637
-9639	-5308
-7097	-4613
-5467	-6690
3480	4288
-7815	9312
7812	10797
26445	12992
2749	10943
-11097	-3608
-2307	1872
-5024	-9707
6101	14993
1223	-5427
-9950	-11472
6746	5266
-15084	13782
1816	-3893
12568	-4024
-28989	-12320
12981	-8635
14126	-2900
-4983	-8025
-6102	20830
-4709	-19339
14058	20687
1508	-10932
8623	-441
-6	-18785
14638	13324
-140	5910
21811	-10945
2735	37447
-4981	-12961
-1372	8579
5589	-2873
7244	11053
2203	608
16089	-34972
9006	4974
-5493	-44036
-10047	-17847
14250	9973
411	-1320
6954	19544
2491	-4027
2625	17590
7551	3283
-2815	-4212
-19329	1985
13781	696
127	10161
-1722	-921
8330	-5430
-14666	-1711
10273	12382
6571	-10171
-849	2559
-5128	-12188
7727	7813
994	1480
-11980	-6058
-5188	8616
275	-13
20469	-8299
21083	1503
-17215	-8475
16899	-7418
1090	12990
-5162	297
-4340	-2019
-14682	4567
3031	-4297
-9191	3478
10922	-5931
-8067	8813
-13638	-4533
-6182	929
-3888	-5150
-20266	-5502
-836	4153
-9825	1946
-2464	-6722
-6307	-1705
-301	-2363
-2545	11718
-7977	-1674
924	-10823
-5722	-14516
-12464	-5799
5034	16269
-139	13349
-9588	9638
-10309	7308
9469	10260
8816	15542
-3783	-6657
-6502	2012
-29179	-5120
-13702	-6368
-7318	7733
14469	-9465
5162	-3530
-4316	-7365
-2434	4600
-14796	-13275
-10642	950
-15496	-5639
10646	6923
-5390	2609
-16344	-6446
291	-5860
-10762	-3374
-5205	10851
10428	13931
-1106	-565
8342	-3038
3159	1521
12398	3255
-10654	11093
-2375	-2829
-12995	-2099
-1688	-10298
4463	11338
1875	8931
-7880	13564
-12403	-18119
4962	7889
5816	1387
782	12181
1316	-2658
11582	14162
18211	-1768
14074	16038
12174	19123
-6089	7692
7048	1151
2008	-18814
1109	-4721
10216	5701
9031	-2669
-8982	2574
4120	-4386
13875	2358
7647	-26908
16959	6026
-18771	-3774
16638	-13355
863	917
13240	-28431
-14624	11034
-11658	-4052
2701	-5221
3824	11530
-9921	5336
7507	4102
4690	12110
-8572	2375
33310	3323
15631	-4381
-2429	-7642
-4727	4185
28033	-10458
-15903	3109
-2785	-4778
14569	2262
-14056	-14126
-7645	12637
17089	2207
5141	-1278
-11032	-5817
-15114	10044
4015	-1386
-3273	-17886
2680	-106
-9168	3182
4609	3638
-15631	11944
6503	-1856
-8138	131
-20566	-55276
1763	-8164
-2587	-2315
23309	2002
-9007	-2905
2132	6636
2178	12202
-1008	-2516
-4082	2641
18821	14690
8010	36288
-5708	-166
-2688	3717
7724	-5298
-17976	-3831
2029	-248
-7904	5151
1407	-811
8923	3641
8739	3123
11284	-12215
-11104	62
-7297	-25828
-1506	5567
14662	21631
7187	2610
7996	1334
-3458	-13098
-6675	5146
-11510	-7198
4057	-2637
-20908	-6361
478	-11697
-14132	11538
-15898	3565
10063	15768
-977	-5281
7019	1875
-1395	-14597
-950	6815
-6861	1182
-23911	-2736
-473	-8635
13316	6385
-2287	-3068
4928	-4229
-7883	-1833
-11757	4020
-11360	5171
9789	9167
9212	-4132
10632	-879
17339	-17366
11713	14589
1511	-114
6369	1878
-15987	4161
3112	16886
4894	-329
2550	-1640
3291	15551
-5106	-11777
-20142	7560
14492	12613
-8947	-6523
6005	11715
-11333	-12772
-195	-1860
6611	2172
-10714	2155
-5890	-12487
1358	-12463
-15905	-19913
-23418	-13527
309	1858
-9786	-3991
-15608	6065
6153	5211
3065	6808
-7860	-1310
7254	758
-203	5230
5160	-382
8064	2036
7225	9588
-3806	-1250
2937	-13774
-12404	-26970
-7580	2406
-2656	2019
-5572	-7688
10196	970
6585	3294
1839	-9418
-7861	16631
-8538	-7441
-1222	4684
15286	14704
-13743	113
-12821	-359
11914	10587
10861	-5310
8390	-9217
-7234	-1786
-25335	-13462
615	12797
14707	8460
6367	-4999
1892	-22502
91	7040
219	-10141
-12548	3289
-17276	-8486
-920	8609
9883	-1557
11241	3277
15840	13105
-7201	8724
2848	6133
54	-4830
-2955	598
-13451	-6159
-4702	9354
-20138	-3441
194	14451
-20969	-7531
-15280	-8204
-3949	-5035
1595	11799
-13891	-6909
-5349	-1262
3183	-820
20598	-68
-3500	9907
5654	1199
-561	-7595
-1407	-32263
3314	-4220
-15296	-11402
-7990	-7558
-20789	-13733
4663	18108
4325	-12644
-5259	-5309
-8440	801
19344	6920
14697	627
-14362	-3792
5549	1176
2815	-33
12243	-3572
-19608	9520
-12154	688
-7462	-8932
-6134	1911
4246	2307
12176	-4036
-1992	13366
-837	-5183
7662	6087
7673	-1756
-4329	-4194
6150	3335
-7564	-12848
-1973	951
-4756	-25511
7039	-5859
-6937	-817
9991	-1368
8904	1049
-4158	-6489
-6607	-18
-7199	5521
11819	-589
1716	6601
-16618	-3672
-6221	-11861
2336	-914
-8843	-1066
8187	-2245
-2008	-12608
13003	-1606
15893	-1009
-2318	3888
149	5543
-16652	-12780
-6994	-5514
2839	-2688
2102	3351
-17873	-13670
3923	-4242
13465	224
-25679	-4694
12424	-1799
-22110	-4052
-3710	-31796
-452	7194
6702	7047
-6346	-5664
-18255	93
17917	11715
3182	-22801
-1487	8427
-7795	-1693
-1485	6552
-7153	-2346
1100	-4281
-3863	-12190
-11838	16626
-6593	1869
-7803	-13000
16840	6154
-2116	-3067
1941	-838
3713	-20030
5932	847
6431	-6357
-19773	-11329
-7806	2342
-1831	8290
14936	16071
8621	7046
3	2128
11611	12658
16846	-2158
8441	6126
10139	-952
-8247	-4378
21797	-2382
449	-10795
7333	-32056
6583	3974
-4684	-5340
-2380	-4227
-5595	1855
-11104	-16714
-6888	15135
-3955	-10697
-11646	6941
-18138	-15259
-33338	-23237
14856	15284
-5505	-10762
-6213	19763
4380	-2172
7812	7254
10697	-2542
-5155	10445
-14194	-36930
15226	8656
-7865	-10693
-968	5960
11710	-3866
27976	-5660
17455	-3391
3163	16394
-3958	-832
3839	12808
12647	10463
-9753	-8960
11536	-4803
-11065	8435
-6564	-10067
10417	13141
-5332	-3339
-3570	3041
-16760	10741
8385	7413
-4887	-6811
-23432	-15068
8131	-2184
14743	1985
13727	12209
4830	-811
-10335	-468
-4602	6351
889	13515
-773	10361
2584	-11446
-10284	-4176
8555	3482
-90	-3508
-8841	5551
-8882	-3640
3997	-4382
14829	-5517
7271	1499
-11855	-813
-4163	-6646
3321	12719
1903	-1752
-3594	-7061
1371	7010
6530	-6168
2100	7434
-1967	-7148
-6435	-1808
-11319	-1962
-20327	-10250
-7134	-16855
16621	12164
-3098	9064
4067	7256
-9830	4751
1705	11515
-19668	-18664
16718	4542
22049	2833
-2300	4458
-3069	-27582
2314	17079
5977	5602
8243	8368
-1719	16991
-5173	-8139
3795	5305
1904	2292
-2556	-4152
-6447	-1167
6391	481
-7847	1166
-26366	-15212
11108	14391
-14340	1015
-5860	-8856
3692	-2773
97	-2534
8581	19230
-12198	2387
6553	575
7580	6297
10179	-8970
-5355	-2685
15573	-2842
22558	10593
-9871	28359
4525	-7629
-11458	11288
1635	1159
-5385	6015
57	3681
14900	5634
-7968	-4716
-3844	13065
502	-65
-13262	-8586
8953	-3744
-16537	-6484
-6725	-7791
-2591	7250
-10005	-7773
-4142	1611
3084	6627
-28	636
7458	-2982
2146	4034
-6628	-8948
3060	-2858
5515	1943
-1644	2196
-3748	3702
14788	-2087
-12176	-7866
16305	5656
-17788	4528
-316	12993
-8631	3009
6831	-8707
15238	-9816
-9362	593
21654	9321
8757	-729
-4878	6919
-18679	-6422
2926	4111
-5030	-3966
15359	-1726
-8771	2694
23541	26214
8089	-3235
5621	-31
-14597	-15888
-6729	2619
23554	-17597
-8036	7092
7653	-3590
14120	10727
-16493	-906
14406	14366
11314	2573
-116	11730
-8996	930
7097	23823
-4398	-5211
11451	12599
-6288	-6615
6142	3538
-15066	-4122
-8671	7495
179	-6290
13914	14497
-2066	-1203
8200	-1787
16984	9887
9903	18287
8739	-483
3203	-8914
-7057	3770
9921	7997
5835	6297
9095	-244
6497	3080
13841	-9243
1481	11238
-2820	22655
-6830	4217
5597	7655
12068	7102
-11935	535
12572	-247
4103	3632
-7409	-1240
-4564	1995
-1380	-11626
8575	19074
-8218	2641
161	9630
2780	-4855
-10828	12167
-10500	-9929
7063	2218
6285	-1515
5958	5511
-266	-2807
5050	-13514
-8461	8920
4416	-2862
-9813	-1926
-7242	1158
2893	-20151
-20440	-11202
-1998	2973
3451	-9249
488	3085
4721	-15390
-17693	-1491
-14088	-1785
-2925	6735
18475	8465
-2928	-7321
21356	-1236
13532	9360
-610	5304
1039	-5851
-4644	-2084
-523	16002
406	7366
-6050	-3074
-3572	2719
-5250	10350
-5526	2277
-11941	-5764
-3895	8942
4242	-3282
-12050	5741
5313	6483
3055	-1440
13699	8400
-10608	9097
429	-7519
-15097	-4419
18572	-6783
2096	7687
4667	11507
19620	1550
-11031	-11080
-5838	2113
800	-331
10657	9727
3568	2324
-8278	-16559
1464	-11874
-6829	-4651
-4606	-35078
-2002	-7367
16546	3198
-7874	-3454
1326	-422
10276	28527
1317	5098
6160	10822
-16041	-4016
-11654	-5626
-4440	4128
-7346	-7948
-470	-5145
-28090	-13722
3485	-19837
-18106	5822
-15800	-3002
-10299	-258
-15297	-12292
7685	2435
-215	6126
4676	-4569
5240	-8348
-6941	-1673
4414	19251
-7820	2671
5137	12395
-12607	7206
-5434	-11008
2306	1889
5263	8991
-1220	-2405
-10841	-7315
10395	-4351
-928	-6090
-18834	-2561
-4946	6180
7302	-7413
-8718	-6625
-3491	12446
1578	4009
11999	27204
2307	5188
-3749	1533
-2525	-14372
156	1970
-4043	-2728
-4739	-1718
-655	2819
-17397	-373
-12222	11630
3693	8525
3707	8405
11216	-5583
-20804	-12865
-2500	9931
3739	-2156
16520	-3635
-21495	-13867
-309	7690
4791	-6191
-7415	-9655
-8106	-182
8550	6085
7000	5653
-908	3663
7571	12786
-5198	1671
75	-3315
28	22348
12527	9427
7421	13497
-3801	-3856
1033	3179
-11679	2012
-4915	-5929
-8264	-4643
614	5730
-5480	7317
-3159	4514
-13110	-6511
11393	1009
10692	-8168
-2597	-7252
-14495	2862
-4085	-6503
-2758	1382
15564	-1874
2776	6734
2866	16187
-17890	3319
1862	18099
-5174	3041
3256	3994
-246	-6141
5799	1757
3872	-48
17995	-8128
984	5303
-7556	-11000
-6347	-989
3003	-14907
-2284	11229
-8862	313
-409	6467
1716	11067
-15832	-8638
-12065	-1299
3251	13695
5927	14278
-6492	-4236
8083	-8358
-2502	8947
2853	-5726
-4017	-393
4574	-4834
5474	15876
6404	-12888
5083	1227
-8400	-18460
11613	1174
5843	2012
-15337	3675
13121	6308
-14611	4528
-3992	8533
-3247	-11501
-12691	-6790
10929	-3829
-4130	4254
-7163	-9803
-19040	-9996
4267	7335
-219	-7849
2178	-6398
-13036	1813
14620	5296
-12725	-14466
16880	423
-10440	-2316
6078	4407
9212	6202
2495	1320
-5707	-13916
6888	13065
11773	16995
-9063	569
5725	-6040
21990	15877
21607	9210
-5921	-12777
-9441	14488
8444	-8696
2014	-4342
2170	4910
-1630	5711
-7195	8269
-1743	-906
16237	-2774
-4228	9214
9602	10278
803	-5725
1643	1538
107	3849
2790	-9092
68	5066
2157	-3488
-8083	1926
5609	3308
28783	15854
17447	11928
13618	-591
13240	15889
-3606	-9466
-5917	13152
-1809	2521
4086	3688
13752	-12986
-515	8478
-4506	452
12894	8552
9972	-5202
-18900	-7096
-16810	-13489
-17592	4617
-6571	7652
-15154	879
2759	1057
-707	7267
3814	-2795
-5684	10140
13984	7190
-15532	-3874
700	27233
-14935	2026
-5211	2432
-10695	6708
-6314	-6748
3243	-709
7563	-232
5871	-12099
4360	5560
-6810	5364
-5122	2672
6406	5785
221	-230
26540	3349
1852	-3049
-15855	-22820
6352	2184
1243	12205
-20533	-6115
-6864	-14204
-1340	1711
6008	16712
-3099	-9108
7275	10997
-2044	-6918
5731	2940
5707	5194
-11117	-5866
2207	2948
9729	-8766
2085	-440
4731	6283
-710	-1277
-76	-1762
6543	2271
1798	8299
7557	5064
-18111	-18802
-2376	5965
15853	-1329
-2378	72
-13820	-11997
4830	-8207
-11217	-2074
-16593	-18971
3824	22799
-11259	1749
17781	12601
9604	19074
-6083	-2750
3358	5294
6045	-1313
7485	15044
7873	-8569
-19307	-701
-5456	1300
3330	-2069
-3575	-5474
5731	5404
-17871	-4750
7389	-7526
7622	6897
14524	745
3770	-2766
-8995	-10552
5424	-9897
5082	-4704
3212	-7252
10901	-8390
1666	6664
-3991	6873
3897	5867
-4744	260
5129	1306
-6817	-8640
11901	-798
-11919	-2572
-10486	6027
-7611	-12149
2910	-521
5944	-7385
-10699	-1972
4024	4119
3637	5027
-2883	-11320
-13947	-2386
-5976	15971
6876	-4269
9774	-6356
-6845	-6049
-4288	9974
6171	12331
-4584	10177
15014	6265
-7486	-3413
-13490	-13393
-831	10254
11950	-1788
14211	5639
11926	-3481
-4253	7647
-133	-3095
-3064	8079
3523	-10282
-2546	1734
14654	-2282
7459	-86
-21190	-8003
8420	7371
-3453	-12766
17289	11625
8830	-7415
17149	-9835
12686	-3378
-20885	-6604
-12529	-799
-12997	-71
2699	10666
-5235	-9800
-355	5890
-16413	-1412
-1149	3528
1262	-1379
9576	-6407
11410	1267
2999	25989
-4087	3829
-7190	8575
11216	9281
-10210	5331
19524	14758
4052	-7219
10437	-14000
161	9492
-28848	-18868
13688	3540
23530	3793
-5972	-9423
4225	-3770
260	1391
17888	-17395
11276	8829
-1323	-268
8294	-8220
18915	-2460
20240	-9564
-1485	-4455
6753	4133
1070	-1699
4094	-1100
3525	21255
2997	9441
-1951	8480
8976	-4067
-5141	1124
-3273	4104
-11559	152
-10958	-1013
-748	4122
-2234	-3467
9834	-14316
-11026	-5981
7060	12379
5695	-6586
-851	-15475
6819	-5096
4534	9901
13359	12563
1525	8011
-20128	-9288
-2298	14267
-3515	9556
31199	7207
20958	4962
24	17414
-3039	5717
-21979	2747
-12864	-10284
-5827	-9941
1975	-8670
7728	-13805
-25868	-9258
-563	-6439
5341	-20522
3403	76
-6969	8495
-290	10873
8799	9106
7869	12038
4958	-2990
18621	277
-2694	3668
-2621	1646
2192	-2836
11665	3626
7879	14638
5808	1100
24408	5548
1604	835
3406	12266
-10456	10280
9788	-397
-975	-4489
1875	3881
-6756	7948
-9543	-15637
13381	4479
-7387	-6289
-9523	12421
721	2702
-5607	-3378
1817	-5729
25104	-1403
-16710	-33185
-1033	13287
9766	12130
-674	-9234
-6565	-13388
-7168	3610
-10928	3029
13782	-3286
14024	22725
-13176	-6400
7768	4343
-1793	13910
1969	-5586
4622	-3450
7133	1269
-8947	-4055
3262	14002
9225	11516
5036	982
-5714	-5750
9233	2795
-9420	-7497
-1388	-2346
-1392	-10113
8972	2799
391	-8961
11852	1921
-13807	2712
8091	-3069
-15585	-817
-3106	-8378
8661	5738
4751	9196
10733	-1576
-14459	8235
-11444	-7613
-2831	10004
3994	-6018
5416	-12640
-20203	1898
-619	7320
3519	2200
-7235	8672
14215	-4545
3197	-11536
-23617	-11442
5917	8951
14857	-9090
16469	-12676
-10444	-634
5916	-3323
6258	15237
1777	-9603
9666	-2491
-2695	3194
11067	-6555
11921	18286
-12373	-7385
10966	-1478
-12201	1269
17408	-3528
5504	20219
12243	-6809
10329	18535
-13129	-3922
-2951	-2637
-5037	4234
-9939	9280
4480	835
-4304	-10215
7780	-6044
-970	-871
-4617	-7448
15658	6469
8331	19828
-3615	-6537
-15466	-14665
-8544	-6006
995	-143
-11694	-10084
4356	35693
2067	-98
5277	-9319
7067	-6041
-12446	-6442
15890	7601
-6932	-1676
-8040	-188
-1806	-8246
17162	3436
10990	-34954
7017	-11795
3142	-11716
915	-14423
14159	342
12621	5142
9817	14031
329	2651
-2656	32047
7811	1080
-11651	-2210
1286	-3999
367	-18570
-164	19146
10165	5102
14074	4211
9032	1885
-7293	3587
-1985	9054
-3059	3851
13160	-21793
14392	1801
-14277	7047
3508	-6599
4062	422
7065	6170
-15924	5942
-2069	-18076
-23529	-12493
6908	-4633
8916	17364
-8301	-9689
1016	-1915
-10917	-8748
-7405	-593
-3214	5750
-8661	-4635
-5318	-2741
29	-7907
2765	-612
1469	3184
-16143	9655
8064	21672
15532	4244
2228	4717
-13628	-6890
-2503	3669
5370	2392
39	12107
-6097	12621
3292	8358
2394	4794
4117	-10992
-2799	-4812
-9196	747
-4647	4310
2134	-4270
-5688	-4984
5196	-2548
12367	-1778
14254	8753
-16469	2066
-3968	-14062
7366	-3590
12782	8460
251	12120
10394	-2703
17667	14544
-1028	14029
2097	-9793
376	-3936
8107	1700
2509	25569
-2916	9092
-10449	-13760
-13408	-8381
-22646	-9418
-15097	-4603
24169	10511
23657	2992
-647	9303
8630	707
-4981	2309
-385	16691
-3288	-613
-12411	-11920
8731	-1406
23302	14160
-4887	-5174
1355	16349
-5511	-5762
1597	166
12435	21465
5682	-3762
-10120	2189
-7364	-8996
12065	820
187	520
3275	12294
5123	16596
2490	-10447
4044	8387
-12129	9194
-11589	8375
6641	4783
1475	13863
6706	3013
23660	3814
10121	-4676
-9172	6556
7231	-481
-4255	9449
-4189	-2863
13090	2014
5130	-21914
2148	7188
-16021	-2856
-23725	-19131
20989	-10915
-4975	-4441
-13467	7172
-5170	-11569
-16267	-13239
-5170	5693
1433	1532
-13163	-4284
-13962	3595
-15909	-11653
4128	14711
991	431
-11515	-12338
-9246	-1290
-4175	2914
218	-8948
-5691	-5945
6764	16115
15666	14783
2391	2715
1255	6531
-11169	-6986
770	11623
8447	-2786
-4572	12075
12746	-15235
-2078	14924
5980	3139
-5630	-44511
2016	6112
-14330	-5601
-7437	-6229
-9872	-4518
-13115	7785
1731	-2535
-12928	-694
-14953	-7279
-8732	-233
-7655	-4034
-19655	-10970
-2836	-3219
-2996	-4576
-8763	2354
8714	-5224
9930	12256
-11121	-1858
-20732	-1644
319	-17076
5444	-13257
6774	6053
-10129	961
11786	5111
13060	23146
10181	1878
7922	10315
7850	-7728
-9332	-1896
19460	1824
-2538	-13668
-6939	18037
26009	6311
9493	-5064
-11767	-2255
-7580	2383
-8901	-6442
-5227	-103
-265	-6196
-3810	5578
-15113	-12336
4958	12292
7557	-2445
14666	-5479
-23958	-14054
-2857	2211
1900	-1581
-6524	-7014
-18358	-7554
-7954	2298
4620	-3844
23357	4597
10185	-1404
-3884	-16946
-4411	-7659
-5434	6165
-17144	5547
-4565	-2809
1846	-687
-1176	5633
3155	5965
3981	5557
-7815	3896
8581	7457
20851	16119
2288	3568
4805	-10115
3932	-6336
113	9546
-708	-9257
5823	-2078
7693	12882
5458	1076
6432	-10107
6337	13027
1098	5727
8598	9075
-9580	4007
12833	-6986
-9494	-6670
-540	-580
10215	-14
-3538	-11203
-20339	-10875
3643	16402
2116	9655
-657	-18709
9064	-7973
-10940	-3429
-2938	-5945
-9742	-9028
1688	-5116
1371	5756
-2348	16286
2521	-22585
18573	1198
4866	11185
9870	-13616
-7407	-10086
-699	-4682
-14613	5575
-10056	-2824
11026	26861
477	-6566
-12229	4728
1634	-10887
-5180	5107
-10156	18
5318	13279
23171	-10416
-6799	2288
8706	-11029
17769	9140
-11125	1277
-10257	-2873
-9553	-11088
-13397	4306
1461	4931
10899	-5834
10677	5558
-8007	10510
3726	1968
3907	-7979
-334	-5691
11809	-9139
-106	-8010
18326	-2115
1881	-9840
1563	11109
1047	7946
-5396	-5811
-13140	-2854
-4705	6376
4725	10437
-21812	6704
-4035	-4473
-5239	-12512
-8571	-4222
6271	-22224
18711	8873
9816	4683
5902	-11344
8025	-6317
-1059	-81786
-2653	-4577
7701	10007
-2711	5117
-3178	3664
4353	3257
-12306	3495
-1866	-3674
1603	2150
3641	2634
26965	4898
-2918	-6434
16731	-510
-18077	-6286
-8322	2810
5235	-7913
13567	10287
-9952	4921
10139	-5721
-9681	-5731
15072	-5954
1045	41323
8994	72
16683	4510
-2577	843
3359	3533
-11665	-14174
-888	15377
-22677	-11230
-2945	10712
-21252	9957
-15753	-721
8054	16886
7029	6442
13648	4673
-8860	3222
5904	3302
-9929	-709
-15101	-7207
7692	-1509
-1764	5976
-9526	6195
4625	-8994
3550	2577
3697	11909
-8586	13080
9362	-45765
-11821	-21070
-5734	13430
11468	1482
-1369	2770
17063	-4978
8019	15760
-13869	4218
2083	11646
6350	-13931
7973	7063
-10437	10858
-5346	-7166
-1798	-53255
-2798	-10005
-6340	4838
-2286	-2987
-5091	9817
-8856	-3411
-7564	-26826
-3629	-3525
-1321	-1150
10903	1147
-10983	2967
-6043	5373
1398	-9242
480	-9911
-13765	-1079
620	3956
-21946	3466
-4054	1654
3011	-4403
-5276	6146
6719	-10887
-18364	-15722
6753	550
-7686	-2904
-5503	2016
-12618	-3176
21989	2490
-8401	-1487
13506	-5912
21484	4240
-879	8781
10402	-10479
1001	-2704
-24569	-6481
-16051	5063
-9335	10993
140	8046
8060	-2817
1647	10830
-1496	-1658
11791	-2209
-4297	-3104
7176	-5989
-1989	-33551
-9733	-987
-840	775
1112	1495
16874	-9475
-22	13325
4124	-181
729	910
86	7377
-4843	-6274
5778	12334
-5066	-8937
7201	-31603
7220	-6479
-11343	-9879
7015	-6900
10211	-2113
861	-1649
-2331	8261
20749	7543
-3699	-46574
2025	-10891
-2085	-6512
5947	-2122
466	10274
8257	3333
-3541	8566
-9758	-7879
-4957	-5627
8740	-2073
-678	657
-2199	1812
3530	-1990
686	5033
5259	-3069
3116	-14851
-4136	-9040
-16086	-9242
6862	-20333
10920	16125
15279	-1587
-197	964
-6306	-532
4797	2526
2782	-3353
-2459	-4871
