-5431	-1397
5971	-16790
23472	10077
-8127	-3805
-237	1645
-27858	9976
15833	-1149
14275	-12673
-10528	2864
11715	5781
4519	5101
-1467	-11078
1680	-12377
-1238	-16003
-5974	-6612
13700	7306
2466	-17992
-12848	2244
-2107	18199
-12237	11403
12832	-10343
-22886	10273
11310	2939
-13407	184
4035	-9843
16679	-1712
19664	16779
-18096	15746
12532	7984
8275	-658
5192	-10102
2749	8929
2757	12025
-5809	-5398
15672	21472
-10314	4246
10473	-4692
-5741	18515
-4433	-3480
-1711	-4536
14353	-12156
-5227	-1728
-19026	7576
5129	-2118
-4246	-21526
-4534	6563
2548	-5166
13453	3203
-17084	-8062
18	-12459
-4436	-4412
-4588	7600
6677	-3923
14849	8422
11772	7528
74	-9615
-14261	3178
1954	15758
-18802	25303
7972	-14951
-5644	-927
-13392	3013
-4389	-6269
-466	167
-9809	9031
-11058	1161
1219	-11866
-2600	16994
2784	-1476
3623	18278
5213	-4805
4584	2859
3988	12323
-11034	1427
-25591	-5183
-42486	12704
-13537	-1681
-5589	-6822
-10850	-5209
-9315	2121
-3904	2914
-11535	12411
-11335	268
-14893	-28348
13409	11270
-2627	287
-8101	-2873
-10116	-9069
-29349	18218
-6393	-7061
13646	5363
9989	8289
-2126	-7907
1153	5582
15206	-7465
15106	13304
-1352	-5058
-12001	1278
15064	-2168
4546	-18500
4054	-5662
-3582	7300
11584	7694
-1395	3595
659	6480
8096	-14676
10374	4205
8914	6524
1442	-2598
-2670	9618
16839	14951
3385	-5177
-650	3982
-14271	-3661
3774	-10032
6636	4972
10520	1567
-11584	13274
-4112	-1468
-989	-13423
1550	-11387
3753	7832
14624	-6907
-12676	-1269
-10509	8605
-8728	5902
-4280	4008
3234	-11063
-301	-7909
4532	12847
1495	2936
4772	5340
-8028	-11104
-448	4252
2465	14778
-719	-4222
-11384	1013
-5049	-3068
193	-11047
3105	13531
7608	591
3241	-5913
-7204	4463
16546	635
14748	-10620
6487	15472
2168	-9553
5149	-6115
17566	1273
-309	13763
10266	2160
-4602	-6322
-1836	-15360
-5946	-4749
5067	6283
7973	565
-23466	23201
-328	-6706
-4910	-5860
6156	1774
6008	-1494
-11260	10194
-7388	-29431
5429	4619
4449	403
-1878	-16404
-5107	-5455
-1590	8883
7317	-2761
-4839	1420
12538	12898
1067	-9182
9223	-5526
-8278	-11493
-2573	-11853
9865	16955
15378	-2479
-1114	6723
-35744	21897
-12692	-5042
930	-1300
18011	19869
5691	10757
2028	-11956
-5286	4017
7645	6664
1485	2242
225	-4851
17457	19934
15084	-964
-14394	-2430
-3071	-6508
11721	10528
-5594	6467
-4905	689
6129	12145
9751	-10134
-5849	53
-12965	12821
2557	859
-6075	-7249
5611	4679
-16732	2060
3193	-1212
-6032	2838
-917	-10553
3261	2887
328	-3028
-2278	-28170
-12352	13079
23050	7535
11292	17996
2961	-20039
6288	5074
-18388	19951
-2864	-1286
3740	-10131
-10025	2224
4508	5891
1052	-4591
15632	4849
117	-1175
-2026	4099
-11332	-772
-15974	19923
12689	4903
1966	-4083
9999	15063
2456	-6446
-11389	-147
-3489	6709
10786	-10136
-16834	7170
6819	-18695
-13143	9652
-2998	-773
-16412	18496
-7224	-2621
-3449	1665
-6008	-5286
-1830	-10804
9337	-17417
-7837	-4546
-1024	1499
2400	-4364
-12611	8273
10708	-798
-12546	11491
-4145	8088
-8004	-10019
-8250	13370
12692	11024
5022	9855
-943	-6887
750	-10337
7521	-18158
596	-15245
-398	4433
-498	-1687
-23951	16760
5942	10780
-4885	-10722
8896	4060
5029	1182
-13290	-3665
6592	-8864
-16096	-8468
-1281	8985
-191	-2219
-5386	-15682
-3885	8760
11462	-2491
-11728	-7973
-5215	1546
4435	-3158
-2529	-20871
-12011	1626
-15057	7740
3381	178
862	-14869
8838	-3047
1565	-4279
5460	-9144
-11188	-9597
17860	20425
3890	-9294
-4003	1375
-5541	-6344
22211	15728
-4600	2803
-3527	6296
-9953	12366
12006	1652
-20635	12736
981	420
775	9510
4026	-23260
-20296	-8894
-4289	-7468
21602	5375
-29567	41635
8344	642
3090	-400
-9435	5854
5915	-970
-9326	-13879
-17597	7946
9309	-7996
6778	1209
-3061	-9075
168	-3646
-11307	-137
4508	-11321
8730	9865
6023	-9084
1769	6450
-5123	-3839
14355	9561
5337	-10798
-2681	-4362
4835	-14986
-6927	6099
-3991	1168
2539	-12851
-17202	-6871
-11146	5365
-2189	-13004
8595	9821
8829	16207
12429	11776
-4072	-10573
-262	-5271
-1537	-5997
8802	16707
-29655	9828
-9718	3414
9242	5338
-8588	-9677
8982	11649
7454	1687
13868	3333
-2433	-7971
1330	6003
-6637	14030
490	-2200
-7005	122
1601	-6197
-13692	9442
-2696	3059
7475	-19111
-11722	4572
4769	-4193
7971	8251
-9328	-12275
1730	-7900
3532	-2089
-25654	25763
2348	-8155
-3277	-12024
2155	7151
5900	-3339
-4493	5316
3551	373
-2872	-13381
-3421	-3013
9374	3605
4144	-19906
3262	-26325
-15705	14662
-16818	10749
-14575	4390
-19575	13244
-1033	-14660
13839	7698
11226	20027
5591	5554
2896	-8140
-2339	1750
18150	24539
-9967	7160
10737	10
8064	-10746
2381	1039
-2315	-10093
-11220	15018
-10828	-9381
4856	8281
-6110	6803
13962	10221
-5110	-9835
-4762	-7759
-17128	13974
-15997	8014
7392	-4638
8107	-14962
-12204	-6937
764	-4804
-7051	9800
3868	-1294
-248	-8655
705	-5130
2387	-9460
-8270	-4293
6678	-6153
10416	-5895
-8906	-1784
-6983	-16152
-7	-6748
152	-10981
17895	3129
-11283	9655
4968	5701
-4460	-1810
1049	-83
-13626	2750
11530	27380
7709	-6407
-7937	13981
17464	1321
4290	-13472
9079	-5786
1846	-4746
19682	9488
-20012	-6444
5519	-4056
-3248	-10182
-8969	14726
-3800	9045
-4236	-4646
-8636	432
-17196	7303
-7404	1669
-7918	-7566
-1697	-7369
-6033	3214
-7923	19020
10027	3314
-10548	8012
-9950	-8399
-2302	7906
1186	-1337
15537	3303
-9590	4088
1538	14514
-7646	8273
-15229	-732
-14575	9644
-1556	-5667
5533	-4280
-3090	2272
-602	-1542
-466	-26811
-6923	-749
3654	-6798
-11428	15625
7952	-6483
12500	-5723
-3377	1061
8669	3526
-6258	-3348
10327	12715
-21769	1401
14420	-833
-7844	3322
-9257	-2882
2994	-5492
7017	-15140
7140	-517
4436	-11376
19834	101
610	-12127
12979	-13767
3744	-8591
7048	-8410
13789	-14628
-6029	-3639
-27921	32548
-9207	1428
-14698	15697
-5792	3353
-9582	2756
5706	-3848
-4205	2153
-8762	3541
-6241	-5645
14593	3625
575	-11597
-1606	6369
-831	2383
5173	-1160
-9167	-14043
-9821	19068
6533	-3363
-6677	-12626
-761	12723
6184	-8260
-4562	-6192
7063	-6868
-7164	-3186
-3637	-21873
907	-13737
-9892	-2967
10510	-5731
10036	5748
10633	-9627
-9895	-5411
-9787	1613
-5830	3754
2192	-7010
-10185	1525
-13700	2890
4600	-3950
11813	12040
5283	-10813
5621	-4710
-27397	21571
1804	-5027
8493	-10390
-13842	-2142
6850	-364
-10165	13851
-11452	-7793
-1155	-996
-6579	-974
449	-8901
-4946	-1376
24121	-5737
-10257	9223
-988	-7894
-688	-5814
5177	12671
9167	-13142
11107	-4106
1275	9477
-20468	11517
-848	12836
8986	4793
11740	-8096
9279	12685
-3555	4718
-9685	-1260
5962	-21571
6022	-5298
16970	-460
-509	-9731
6032	-7852
4346	10582
843	2064
-7058	-4141
-2843	-21652
-2681	-17918
-8679	-8537
2387	-5373
10776	386
20449	988
1474	-2662
9467	-350
2258	-4377
5929	2722
6249	7883
7197	-9136
1402	-3592
-9247	-6126
985	-11680
-6151	2272
-3247	-8691
-8145	-8713
-5097	1803
2587	8510
-3356	-16552
-2537	-2591
8789	5991
1008	-11580
-8488	16437
-5604	-5513
2633	-1287
9050	-4869
984	-7818
-568	-7142
-14882	10929
9757	13025
443	-9631
7625	-17651
-5557	1188
18645	6396
-9024	2307
-18670	10756
4086	6978
-29981	33757
-7841	-7744
19129	3523
6714	-9396
20528	11527
-4241	10261
11255	2304
16052	-8266
-4588	1234
5422	-6815
8213	2075
13418	-3875
5618	-1179
7220	5667
-4841	10424
3611	-2885
12323	13523
356	-10487
1269	-14368
3038	-12336
14102	4712
-7602	-7248
-548	-1784
-867	-2598
16372	-273
-5991	-12251
5801	-3738
-12092	5626
-2133	14121
3069	-15013
9758	-7362
-11487	6842
3817	2893
15029	3283
7770	-12863
5650	-6812
14687	2207
-10768	1701
-25620	18773
-14693	9871
-3322	2731
7608	-8568
-805	2987
-7190	2158
-14204	25342
13106	15318
-3940	-623
6548	5508
-22481	-4940
-7288	-8135
7640	-18185
-24515	17785
13075	-4285
-3507	4116
-15037	8012
7016	-5235
-9581	14874
-7275	7096
-6886	8571
-628	-5317
3692	-1991
5133	-245
-16772	-12064
11930	-7380
-1812	-12981
5586	-6283
-1633	-2473
7964	2889
-4931	-4097
-1736	-8310
-2856	-4373
-12271	30807
10729	3582
-3619	-20237
10222	-1939
-20186	10409
-10228	10855
-540	4052
3072	-14086
-1832	11675
7893	-14898
-7300	-11632
-24223	22974
1693	459
9463	5758
2201	-10612
6136	1395
-965	19135
11660	-7017
10567	15553
10679	736
6020	-6079
17268	-4611
-9913	2843
4470	6098
3444	-16257
5521	8509
-16148	-1558
5171	-2998
-7088	7311
-2574	-943
12411	2332
-11102	-13671
-4939	-10501
-2559	9615
16105	4549
15813	2204
800	3440
266	-9897
-16767	-1889
5632	5702
3611	-629
12165	-998
5672	8427
-27868	27439
625	-11888
6081	-637
-9570	-5335
-188	-13947
575	-6545
-12003	7744
-1387	-666
-14602	19545
7212	10205
-13607	4912
17422	8840
4830	-18861
6554	-5016
-5353	325
14695	-3748
8215	-4679
1877	6990
14958	-13643
-3940	12258
4646	-11587
11551	3151
16750	9852
3437	-10530
7690	-13454
10804	-8444
4634	-6586
10273	-6417
-7226	6919
9465	-14453
3194	-6337
-2964	-3450
3204	6816
3004	-3041
5704	649
4990	-801
1188	-6880
4308	-5530
-2737	9192
-9192	13752
344	-4115
-10897	15292
6164	-2139
486	-143
3157	4005
-997	704
-16564	-9133
-21949	7775
9646	-2099
8063	-12284
6347	2205
-10957	7704
-5716	-1218
6233	-16352
-6259	1862
-15702	1238
-2338	-2355
-14875	8168
1423	-6122
-1012	-19937
22597	-14158
9112	-229
11996	-13934
1127	-3319
10240	-8143
-4766	-3053
-22168	8022
-3033	-14296
5273	-269
-10375	17996
17542	11524
-12817	916
1014	95
-3981	13702
19682	-1637
18349	-563
-1775	-4138
12723	7750
-15293	6253
2353	1608
-12298	-2018
-20294	27380
-5732	-4011
-14725	11618
-11545	19548
-13582	14653
-989	-7198
12533	-4589
-530	-4960
10123	2675
2516	-16558
6593	4071
1695	4102
12973	-14090
8490	-5185
-3892	957
-6079	-5392
-6626	18725
5686	8549
-2485	-4845
7406	-16038
-769	3051
-7044	13834
-12008	11696
-537	-1563
4236	2461
1381	-3659
19502	6208
-3333	-56
4120	8329
2278	-9247
779	-4396
15130	10268
19245	-14499
4648	-11921
-17218	10420
9560	7023
-5716	-4477
-1599	-3873
-5352	5181
-9937	-429
-5413	3223
13157	7764
10251	570
22986	13908
-11192	3541
7481	9228
11346	44
-23	1380
-5827	3976
-13504	14146
-11381	18962
2622	3845
5070	-8387
-16183	3368
-5281	888
12536	16579
2795	-4591
-3570	-6557
3439	-1012
7199	3971
12062	19109
4379	-7785
6053	4274
-2739	-7250
1868	-12217
-1945	-19063
8906	13591
-3052	-4427
3598	-8028
-8568	-816
1147	-4071
-11619	6914
10187	-3165
-8504	8648
22102	10026
-4642	2094
-621	564
-12102	-9372
-31669	27055
-1176	4811
3617	-1921
-4285	-18587
-5360	6191
5809	-9316
-16169	10532
1376	-12062
11902	-8671
6099	-20777
2026	-2805
7012	2046
-9441	-1794
19177	-12323
2458	9292
4687	7750
16813	-16431
367	1016
-68	-9693
-12709	26926
11023	-1552
-7572	1845
-4211	-325
11892	12010
-4151	-7312
1820	9771
2165	-12289
6269	8201
6021	-16155
12926	5337
4641	9970
10146	7400
-15338	15992
8974	1805
5226	-18447
-9118	3718
-3959	-6628
4824	2394
-135	-8312
12646	9597
23470	-3172
-13947	10391
9084	87
3766	-4088
-1141	-1742
-7477	11207
97	1317
-2335	5052
-13302	-2037
18663	3745
-9976	1644
7318	-3070
2130	-880
5109	-3522
1995	-2725
-8951	-5468
-16799	1320
13850	15642
18291	9686
-4915	-2708
-1892	-10068
10388	499
-22267	14395
5409	13861
-8587	-1534
7226	-23623
-1826	48
7736	3094
-1545	-13814
-4127	33
4566	1748
-6452	438
7915	12418
-4877	-9264
-8278	4106
7560	5266
8038	-1069
-2100	-228
-4476	-17054
5448	-11558
13828	5418
6592	-12846
-454	-1787
1724	4097
14341	-18866
-2678	-2512
-5005	-34
6139	-15059
-2268	8523
-3045	-12034
-602	-6444
-11776	4950
2757	-3193
909	-9502
20237	20513
8631	-1377
-33615	7999
7088	-8044
-10445	16215
7690	3616
1558	4853
9171	-22962
-8994	-6113
-6948	2332
5102	-7028
-13098	15253
-16752	16798
-2536	4315
-794	-7201
-4133	-8349
-2353	7213
6424	1253
19058	6941
10941	-4199
-5816	12924
-298	-1403
13977	4624
-3006	-7101
-3431	-27478
-3554	2144
-1412	-2628
5125	-12485
12666	15037
2403	-7023
11083	7686
6371	-267
2038	-8971
2217	-6842
4672	1662
-5194	-14343
-122	-5453
-9730	-3259
-3743	939
-2719	-3589
17602	9787
25312	-3937
5149	-437
-10095	4957
-12705	7262
6873	4612
11224	21503
19603	11480
7550	131
4077	-7049
3002	1687
23600	-1642
4144	-19548
-7866	-9682
-5699	-16252
5282	-9510
1656	-12885
7649	14489
-1371	-1500
5182	-11473
-5729	6450
4629	-13811
-18958	6227
2338	-7915
16108	21558
-15714	11670
9668	57
2190	-19158
-3610	-2388
7772	-7778
5771	11360
1396	-5895
-706	625
11111	10695
-4179	-20993
-4174	12502
-11094	-11370
-2604	-15723
13248	3681
17889	-4810
13769	-16155
5421	-10784
-30391	19286
7412	-9532
9138	-3034
-12325	10812
-13927	-4661
8876	-14098
7159	1897
4561	-11556
-5439	618
-1608	8241
3972	7518
7481	-3178
12904	2653
-14056	-1693
-1847	17618
6246	-6158
-3955	3719
-14469	-730
3868	1334
-1143	-5564
-83	-4615
1663	-10800
-5449	-12562
-2141	-1485
1461	-10232
25052	26754
6816	2392
-2758	-4199
-15065	3380
2938	4344
-4716	4108
-516	-3446
-12556	494
11420	2769
-11123	6805
-7711	-1500
-12641	10449
5602	727
2134	6414
8911	6027
-20244	1631
-2157	-1909
7631	565
-19395	21262
-6851	-9503
7162	-15235
5825	-12471
-4189	-7707
-3912	-6431
13991	2453
-5120	-4624
807	-10589
-818	-4561
-4937	-4914
6140	-4569
-8169	-5854
8634	3367
2314	1191
-6470	13698
-4601	-11435
-19204	344
9183	-16823
19670	-172
5828	-5511
-15113	8257
-6788	8404
-8669	8998
9534	2094
-6039	-17403
9149	18071
-3383	3048
2251	6042
-7384	8568
15935	19095
-20098	13549
9262	8727
7270	-2180
-10738	7357
-7357	9684
12253	-3072
-5372	4057
5356	-5220
-6461	10506
-17946	4230
5248	-1467
-1873	-14554
14489	22092
10854	-7535
-12360	8144
275	-4906
816	-24037
-8582	1549
-13658	31741
12753	-911
11789	2157
4543	-14418
-7792	12807
11977	-1868
8772	13368
7242	-20
12867	10582
-274	-16558
7021	-8963
6837	856
-2891	3600
2791	-22172
-8506	-4462
-2808	-13547
-597	227
15559	15558
7957	-7451
-4337	7453
2358	-21448
-1518	-8590
-1427	9849
25385	29479
-16889	-4190
-6310	9694
3203	-2474
16279	10446
-4897	-19
-3678	-9515
-3524	5465
-16514	19950
3034	-4243
3162	-2762
-37541	24844
-14966	14280
1305	2434
-18403	5261
-8921	6530
-18049	9875
6577	-13889
5918	1497
14019	1026
-12269	12153
-2384	-1120
-3406	1175
1	1219
1659	-11004
-6718	-4725
-5251	106
2616	-5328
7564	-11233
5594	-8871
-14756	7599
4596	3363
-714	3329
23636	22112
5453	-11964
-7786	6281
4401	-16045
-11019	1579
-2917	9142
-3305	5209
11089	13557
7456	-5143
2435	-9806
7711	-14251
-4000	-5081
-7827	-2446
-15031	1591
-4644	2476
14674	22554
-2316	-6902
4417	-4382
15385	3346
-8884	10924
3453	-5189
494	5273
-9812	-6714
1791	-2266
-4980	12422
-2716	-2688
4371	-10150
-5676	4443
9596	11494
16390	20990
23266	10180
314	7967
-17816	-8681
-14563	344
4989	3692
-9321	5499
-20930	16937
-13110	5322
3220	-4710
-2990	-3325
5365	-6622
639	-6290
-3031	8757
5254	649
-6513	-3266
3153	-3987
15758	-6906
1153	-19428
4196	-13588
-13212	6936
-925	-22928
11938	526
16734	-2507
-5761	-11713
746	3635
-2666	-4842
3244	-3849
-14295	19398
-7297	21374
5795	-11986
18617	24598
8301	1616
-4010	4383
12792	-5405
2040	-12519
10014	4849
2500	10346
8574	2643
2465	-12456
-27439	31115
-21001	19035
-8977	1181
-7816	6872
-6951	-9622
6560	5640
9156	-19317
2269	-10
-3347	-9046
7555	-13088
7054	953
5825	-5679
8370	-19918
7479	-647
11730	-14099
-14151	10410
8354	2927
12198	-3733
8381	644
2620	6460
-6727	-20142
-4102	3761
6192	-940
-16336	3914
1897	-2859
-6107	9694
-901	9411
17745	3373
-5448	-20631
-10540	10474
-192	-3722
3806	-458
-235	-10896
-4203	5126
15499	9030
-6200	-770
-1177	7372
-11830	10151
2915	3174
-2446	-12545
5310	14404
19810	4471
-906	5960
155	2517
-22620	3894
-5771	-2499
1567	-2556
955	-9255
6477	-14054
2503	-2787
1933	-11115
-11334	559
31586	29627
-1591	-839
-18604	-8291
-2417	14510
-5334	-6034
4375	-2836
5625	5950
4351	-1022
-3266	9874
5444	-21013
2705	-11282
12239	-3739
2366	-13857
-7686	-8895
5062	-6679
14032	-3262
18631	16914
-10451	6782
9916	2646
8942	-12509
6833	2071
-6900	-10720
-2441	-5412
-1225	62
-7346	-1771
5970	-10939
-9284	2925
3913	-8362
9060	5019
9311	-694
-13907	27133
-10577	-17971
-13471	9649
8331	-1553
-5366	3892
1132	2170
-6561	3785
10556	13362
1062	-8021
15575	-10702
462	-2499
-27335	10227
-4318	-22314
-15964	19844
-5394	11113
-3843	-1397
6547	-14486
4867	-12238
7595	-4775
13805	11186
-8301	-19132
2587	-11633
4391	-14759
-14895	-692
-7670	-248
-2754	-1515
2967	-1409
-19267	6928
-1730	-450
-9397	-1611
427	-10641
8006	-4549
2025	15008
-12094	7967
9585	6510
-1109	6638
7091	6772
13758	4410
-11644	21326
11420	-13029
5433	2777
-22498	2167
-981	-5472
13415	-4051
2897	-8840
3191	-9914
-2391	-1702
9475	-17603
-12662	712
-1133	7880
5101	742
2954	-2332
-4744	-8083
10657	6764
-3360	14681
11928	4204
-1812	1109
-6665	1168
-5398	-9519
-8699	-480
-12	-11285
10846	-5280
-13156	10214
-1357	-3629
1101	-3484
-6540	557
-1571	3710
1917	-10864
7236	-19501
7684	6095
12785	8072
-28381	17440
1963	-4319
20724	11991
4210	315
12285	11902
-12389	1044
-12104	5552
-1507	-17024
-12631	-5480
6517	-8034
10967	3227
886	5261
9301	-4026
21435	7277
-2994	-1547
-7068	-2929
-5912	-1199
15501	1882
-1999	-2285
2586	-2156
1435	495
-3992	18872
-36435	40104
-2545	-17622
8835	-4231
-7810	6874
14387	-958
-7181	6155
2425	4996
11654	-7262
-5366	-14966
-9905	6474
15770	-3864
11356	9284
-7871	5951
9192	-8721
6818	-8878
18974	26516
14695	1456
-4463	-20715
4563	10720
-16634	15812
21726	20350
8969	-2414
10172	-10806
-4261	361
3563	-15081
7904	-13411
1091	-11139
19589	-4517
-3044	-4151
9127	8586
-2071	-6875
-17273	6185
15416	2755
3646	-379
-2781	-16791
13095	-3144
3272	-17401
12296	12947
3496	-4127
9968	-4663
-4924	2071
7757	1598
-437	-9267
-2867	874
-7509	5503
-6659	7529
10352	4288
7067	2407
-3382	-3587
-3507	-1925
2997	1593
1008	-4075
-12872	-2939
3642	-8400
19413	77
7508	3384
-10303	10933
6765	-18953
4725	-19425
211	6063
11126	7121
-7359	2345
2058	5238
-526	-19441
6105	-12063
4611	-6641
4322	-9673
4583	-14249
6732	-2118
14555	-5288
-8632	7801
-8466	2728
4632	-7388
2745	-9275
10008	-1003
-5750	5088
8227	6668
8879	-2261
1061	6365
-4849	887
-5954	-5083
-7537	-4345
797	-11053
13428	16726
-2702	-7559
5764	2372
10227	-3593
-2596	1625
1585	-1212
850	2221
-14437	12016
19405	7904
12333	-10544
617	-3643
15902	13361
17708	2646
5907	-13585
12998	-11244
14847	10083
1140	-3004
7292	-8153
1162	-7742
501	8953
-91	17499
910	-15089
-11042	5465
13713	9144
11087	15898
10857	-5958
4696	-701
-648	-66
15688	3004
5730	4547
9571	12912
-4902	-2449
5846	6611
10582	2992
-14250	-1604
2628	-6498
1382	-8291
-3938	69
-13789	4911
-17561	15553
-5959	-14569
7581	2823
3445	-32054
-8792	2395
-6679	-1324
-5194	-2289
-675	-17574
6198	-9772
-14393	10656
-15437	10016
-4730	2022
5249	-11853
-4219	-10437
-9013	-13185
6252	-18249
36	-1922
23259	20706
-14044	21344
4257	-9955
32468	24750
6461	6903
-10007	-9883
187	-592
5599	-4946
-2889	-13585
12362	-11570
4991	-12046
-1059	-21973
-10185	-1867
-9825	2579
-16033	17682
-1282	-13334
-436	-255
9782	16149
-2085	12145
-22058	8896
-4878	-2233
-4242	-3603
-9187	8218
-19842	-8390
7710	-1750
4014	7522
12572	18275
-16611	9150
-2357	-16340
-582	2769
-3095	-3540
7667	4217
3268	-11813
2761	-5450
-3826	6616
-1866	-4013
1981	-12648
-11210	2211
1667	-978
345	5820
-1664	-6609
-10454	2300
8396	-3551
15032	6968
-5048	13232
-7425	7728
-11951	14944
2936	-7606
1647	-9442
-22773	3092
-8911	2622
157	-7209
-1697	32
5569	-115
-336	-21015
4741	-9756
11071	1664
-2611	-1361
-667	9998
-12995	18284
-5280	2049
15933	17205
-4008	-3542
438	-11887
6152	-498
-6460	-1183
-11560	11241
10160	-1155
14481	14427
4559	-13744
-5049	-6084
11471	-2135
-10594	2589
-4089	-4610
-11772	18743
816	-963
3554	1911
12071	-1601
-1916	-1149
3517	7519
5500	6712
5117	-1553
1659	1000
4179	5221
-4997	5767
3583	-6584
-651	10021
-3370	7754
-15243	4642
-4618	7575
-6281	-18482
5129	8671
5573	-2081
1575	-5170
-12643	5294
17382	1507
9903	-2300
-6195	-20310
-2034	683
-5483	3907
1951	8831
-255	-18405
4706	3972
1121	-863
5702	10140
-21290	21367
-33567	39285
6950	3236
8534	-26158
4305	-3524
10178	-2049
5396	2399
-1587	5775
7598	-6058
-7456	4386
-436	-9680
-7948	3507
4627	-4336
1280	-13281
10519	-7668
7754	-7654
10694	10657
-6571	-5564
4394	-10017
-4964	-3636
7017	-1656
-24139	19377
-3786	-7199
10651	-2850
-6617	-11852
-19212	3953
-3773	8536
-5310	11627
3555	4521
15962	12350
-10125	8288
-7200	6126
-18488	12870
-5252	-6575
-7897	-3376
-6174	79
-6545	-13848
4804	11193
-12052	-5620
-11250	-10485
-7493	-4641
-25216	20976
7744	-14588
12918	-1636
23739	25308
-1262	-11173
3615	-10044
-5288	-10857
6820	-15652
9622	460
5696	-5781
2407	-967
19827	9512
-5649	-612
15208	504
10750	-3840
-1592	-1707
-4816	-4670
-18217	8608
13610	-2294
-29588	39322
-8623	8431
-491	-8862
-15497	-2700
21864	-8703
3147	-9977
16989	11756
-12825	-8769
-13545	6043
14898	1845
8889	8237
-5971	-7125
-416	-17553
-2592	-6098
-5994	-3330
-28560	7387
-10317	5874
4216	-3057
-10504	15613
-21047	17358
2360	-9846
-5120	-9900
10430	-772
-3680	-17335
-4023	-8143
-14943	7925
-8816	11902
-7128	-8760
-2367	-6238
1751	-6310
-4275	12683
2883	-6726
4312	3011
9412	1868
-861	-7753
-5481	5759
4825	-3888
2207	-3302
-2789	-20382
10453	2138
13521	14695
10877	-1665
27651	7780
-11394	2478
6554	-6586
1218	-19543
-4585	-4142
-1907	3225
-3264	-15768
10223	-1927
10479	-2645
-2669	-5006
-20174	23332
13887	6544
19054	-7394
1991	-420
-21987	15524
-9233	-10388
12075	4734
5007	-6416
-47	3315
9875	9829
8314	-1578
9295	-1044
8942	5286
-8227	12054
-2818	-11482
17114	-3086
1636	-15521
3546	-8701
-6739	-3251
5066	389
10902	-13556
1646	-8058
9241	3120
-12112	3827
-6271	460
411	-5511
6027	-1822
7033	7372
-6146	-7592
-27373	24847
-5601	3101
-12448	9316
9874	2274
1005	-4869
2534	-5786
-9425	-567
-9130	885
-6714	3099
10215	-10576
-15536	15855
-11935	11587
-15809	19286
280	-3100
7532	-12165
-6733	-4378
1223	14340
5334	2516
6965	-4983
-10917	17629
2768	17141
-2102	-859
31	-12495
-11194	13588
12408	-11008
-12082	582
11068	-7145
-2205	-5797
-2270	-9919
-27812	-3915
-1497	-9548
-6358	-4097
9308	-6212
-1560	-12833
-6448	2529
4086	9674
14341	-18059
-6963	10217
18872	7021
12834	-490
4116	-17901
-4634	9242
5862	-8803
26272	23657
-3232	-1555
-2679	-16873
-396	-6583
17053	11072
-12499	16127
13215	10442
366	-5419
3947	-3658
498	1127
-9114	10241
-409	-3679
-8800	11716
-2548	-913
-707	-13910
-26850	19721
6238	-7288
20805	18440
21807	16810
7203	-192
-12837	3315
4282	749
-3310	-10903
-7509	-5084
-13523	1729
6165	3864
17092	-621
14468	-567
13069	-12697
16666	3163
364	-13701
4897	341
-4602	7899
-3364	2868
-5652	12925
3872	4562
-10746	2521
994	679
-15141	-22375
-5485	6097
3472	6767
2861	8959
-23144	15818
15686	-1227
-3532	1978
18742	19855
-14873	16490
9588	-9865
-1228	-1918
-7529	6926
10603	1427
17295	487
-4526	-3976
-1020	-650
-6628	-2661
7855	-8282
291	1284
-16177	17323
-7195	-10934
1628	-4178
-1596	-4431
5443	10526
-7364	-2469
2316	-6139
-7735	-273
-34052	24616
-3818	6068
-13745	-7614
-4139	5016
12113	-2785
5044	-10181
-4615	-433
-18425	23617
-4636	3796
-1259	-4677
-465	5512
-14833	-16811
1109	-5733
3715	-7320
3066	185
-24734	18043
22324	17912
6250	-1277
-2154	1671
3300	2974
-14049	14324
-49	-9358
12028	-7533
10294	4390
-24296	21027
2794	-9794
4331	-12820
-13262	6131
5623	-2254
-10333	5019
-1116	-16795
2519	5658
-5080	6086
5727	8834
10926	5732
-580	-205
-9525	5985
-2485	2132
-5876	-2968
-587	-25469
-3293	8941
-1871	-4745
-6370	12986
1847	3315
-27578	291
-13434	3970
5399	17979
8960	7462
-2853	-4697
-561	-14031
8640	-5442
-9176	-2964
7010	-14782
2233	-1879
-16933	-4601
-9921	5507
4431	-2885
13064	-3618
2111	-390
2644	-22173
-3682	976
4186	2626
-6806	2759
-9322	-8336
-741	15690
1943	-4848
2673	-2889
1869	17
-22140	-7700
2387	-3311
-13364	797
-16943	21654
-8449	-1698
12015	1037
412	-3887
3103	8350
-22176	25490
-2125	-4051
-9572	9477
23871	42971
982	5373
-8279	2698
-3078	2461
4462	-9313
-5771	3228
-2647	-136
-2874	-14487
-2854	-9415
-8870	5421
13414	16299
2039	575
-2735	-3543
8031	-4484
-3872	5796
6662	2147
9009	2186
-4284	-9523
-4205	5424
5339	-12562
-17004	-7190
-1657	-5629
-9761	2476
-1590	-16631
-9399	5105
5841	-5816
-11730	-2068
-16424	-5259
-4686	6486
-6843	-14278
3292	-10001
2043	-14129
1876	1640
1047	5127
3130	-2231
-10027	-9073
-9837	7496
-173	-6522
5598	-2391
-5494	11628
-6210	3776
-5836	25636
-21	-18058
9494	9489
6985	-14599
17097	6209
-1500	-10638
793	9305
10704	-5653
-3559	-17107
-6900	-5471
6625	6694
-7684	-6551
-425	-15245
-4742	-8608
-8776	-9164
-15248	-11271
5438	2532
-2487	-13217
9825	-8440
-4035	953
9339	-10736
11315	2723
-1133	920
14042	11472
2613	-7947
-13247	9859
3467	2985
-11643	3888
7736	-2722
-34823	26735
-3906	-10864
-13629	10861
2929	-2315
7542	-2209
3966	1554
-1282	-5189
-9377	7291
-19390	24610
-4618	-5207
12568	2736
8452	-1299
-18703	-2221
-4163	-7486
5819	-6360
13793	13124
11867	550
10885	-3918
-14610	3837
-19006	10702
-5843	-4729
-9496	-14485
12943	-5089
6831	-1857
-4760	-9
1840	6971
8058	-1800
13349	5221
6151	-5864
-686	-3574
-14017	-983
-3644	2071
-2320	-13148
-92	-13299
7124	2235
-15114	11509
-974	-9408
2915	-397
-1368	8603
5	3398
7688	519
6390	-8424
-5093	-2161
5375	-4712
-2442	-2525
787	-6894
5390	-5278
7993	-12583
-7493	-10489
956	3712
559	-3889
-1785	8974
-15742	132
-12240	-2881
8867	-4483
-6868	5924
22355	174
7435	2958
13497	6719
4076	-15439
-8011	2679
5998	-426
12900	-775
13410	2728
8488	-12357
-10823	11262
-54	-23559
2114	-3235
-14328	3414
-8289	9161
-9161	3643
1524	-14593
12655	-9255
